Demand,Avail_Sol,Avail_Wind_On,Avail_Wind_Off,Hyd_In,HydRoR_In
0.688199568444994,0.0,0.720137841,0.816425424,1116.0,3161.0
0.6829281749871282,0.0,0.766631331,0.8597468260000001,1116.0,3161.0
0.7098861041156534,0.0,0.8025021475,0.9331657325,1116.0,3161.0
0.8550554613539302,0.0,0.829470685,0.9368493265,1116.0,3161.0
0.9253616945219605,0.002320811,0.836150849,0.93717184,1116.0,3161.0
0.9250302834731265,0.131864073,0.821688645,0.936889592,1116.0,3161.0
0.9212721216498121,0.306083632,0.6556403905,0.9314857785,1116.0,3161.0
0.9202121975219859,0.35939821,0.6613691695,0.9125206065,1116.0,3161.0
0.922410940639912,0.264591362,0.569006091,0.862050467,1116.0,3161.0
0.9269591980823968,0.109289976,0.489502662,0.801317147,1116.0,3161.0
0.9337611808995419,0.0007129995,0.4282909465,0.73071442,1116.0,3161.0
0.916579185901434,0.0,0.416284027,0.716170643,1116.0,3161.0
0.8104710017080436,0.0,0.444260667,0.649226546,1116.0,3161.0
0.744980684775563,0.0,0.43929954,0.670909133,1116.0,3161.0
0.7128377816264406,0.0,0.45782050350000003,0.6136730724999999,1116.0,3161.0
0.7032169355982247,0.0,0.46963175300000004,0.5484856005000001,1116.0,3161.0
0.7253068053903344,0.0,0.48894039349999996,0.6013756905000001,1116.0,3161.0
0.8757503949109388,0.0,0.4873170405,0.630488991,1116.0,3161.0
0.9365625945864013,0.0020460945,0.4588984015,0.6173311805,1116.0,3161.0
0.9385803286757556,0.091075205,0.444568999,0.591754594,1116.0,3161.0
0.9326734657208482,0.19888981049999999,0.4102251195,0.6230336715,1116.0,3161.0
0.9273975250401897,0.1990865375,0.4413477505,0.6477833555,1116.0,3161.0
0.9272504466914815,0.117048867,0.399030037,0.7294301615000001,1116.0,3161.0
0.935542740436029,0.0009056335,0.3988146995,0.7956571405,1116.0,3161.0
0.9119914576636838,0.0,0.45920524149999997,0.844828194,1116.0,3161.0
0.8076467829747563,0.0,0.4963464285,0.8570893980000001,1116.0,3161.0
0.7410150160193246,0.0,0.541973383,0.864999542,1116.0,3161.0
0.7019694697652219,0.0,0.6225173515,0.8858816075,1116.0,3161.0
0.6895112249840069,0.0,0.7344140065,0.9072150484999999,1116.0,3161.0
0.71096384794828,0.0,0.8264571935,0.9347111125,1116.0,3161.0
0.855343385960055,0.0,0.8800498409999999,0.892472343,1116.0,3161.0
0.9266662417377937,0.000982355,0.8808368495000001,0.887758366,1116.0,3161.0
0.9265508322224685,0.042412081,0.863337293,0.685014361,1116.0,3161.0
0.9243811259108557,0.103783418,0.806411063,0.642036685,1116.0,3161.0
0.9211130407671861,0.182331408,0.8392436050000001,0.6611982505,1116.0,3161.0
0.920517340993692,0.1689711975,0.863716454,0.7531186005,1116.0,3161.0
0.9211822406760615,0.078937922,0.878579112,0.798533286,1116.0,3161.0
0.9274478901474487,0.0015410825,0.8962462179999999,0.842212297,1116.0,3161.0
0.9061127085491636,0.0,0.9053707605000001,0.870102117,1116.0,3161.0
0.8077801967880673,0.0,0.9019773584999999,0.8361581355000001,1116.0,3161.0
0.7220346350039444,0.0,0.8838623594999999,0.8544151365,1116.0,3161.0
0.6926396181576289,0.0,0.8651056214999999,0.8622200520000001,1116.0,3161.0
0.6916813468788408,0.0,0.82840245,0.8741786885,1116.0,3161.0
0.7790495715786041,0.0,0.764512904,0.84537534,1116.0,3161.0
0.8932715104574673,0.0,0.689834065,0.784754696,1116.0,3161.0
0.9264578575729818,0.001200999,0.6015014089999999,0.712162745,1116.0,3161.0
0.9256195201652926,0.030253188,0.525367837,0.638378076,1116.0,3161.0
0.9238816319961062,0.061867617,0.418744496,0.58406764,1116.0,3161.0
0.9181807061035325,0.09444570199999999,0.43338535300000003,0.5329264005000001,1116.0,3161.0
0.909807209916192,0.068546168,0.435146072,0.531334172,1116.0,3161.0
0.9090923610411912,0.0082887925,0.44286424,0.5127798635,1116.0,3161.0
0.9093480169689323,0.0,0.52592952,0.533188157,1116.0,3161.0
0.8574057607794872,0.0,0.599203463,0.6186943555,1116.0,3161.0
0.7833887303447736,0.0,0.661638304,0.662515724,1116.0,3161.0
0.7220899161889605,0.0,0.6859302505,0.703980134,1116.0,3161.0
0.6899575384968673,0.0,0.7618402255,0.72738087,1116.0,3161.0
0.6872912006247984,0.0,0.8072151205,0.7692715459999999,1116.0,3161.0
0.7336549112324345,0.0,0.800540361,0.782120489,1116.0,3161.0
0.8539191352003471,0.0,0.757868049,0.7882849445,1116.0,3161.0
0.9235765806552896,0.0041588395,0.6907663660000001,0.711397364,1116.0,3161.0
0.9227667720083967,0.086467152,0.619078492,0.612301765,1116.0,3161.0
0.9179580572269164,0.1381321225,0.4761433305,0.49980840649999997,1116.0,3161.0
0.9119921499709802,0.12610335849999998,0.38406329699999997,0.4910920525,1116.0,3161.0
0.914575716192478,0.056755009,0.292324788,0.480246797,1116.0,3161.0
0.9273154456969152,0.0011532845,0.267763225,0.479754442,1116.0,3161.0
0.908541532656405,0.0,0.25781776,0.5021551,1116.0,3161.0
0.8102074052906798,0.0,0.26792674650000003,0.46960809699999995,1116.0,3161.0
0.7463231325846651,0.0,0.268538505,0.437463426,1116.0,3161.0
0.6987137566732466,0.0,0.2656948555,0.406674615,1116.0,3161.0
0.6881239979170862,0.0,0.26463322300000003,0.3693227565,1116.0,3161.0
0.693986520727228,0.0,0.23449673999999998,0.255713557,1116.0,3161.0
0.7156298473420654,0.0,0.187869135,0.14842958950000001,1116.0,3161.0
0.7779285262278597,0.003118317,0.15173426299999998,0.1269602865,1116.0,3161.0
0.8085790176664527,0.085201383,0.122728384,0.186664308,1116.0,3161.0
0.8027013300455994,0.160511412,0.088163172,0.195006464,1116.0,3161.0
0.8001035458405541,0.193326094,0.074109081,0.202693597,1116.0,3161.0
0.7995219722511238,0.1493342755,0.054764883,0.2317178925,1116.0,3161.0
0.8112894885544883,0.059309868,0.064454028,0.347816847,1116.0,3161.0
0.8268948459816268,0.001347592,0.09204581049999999,0.48802513049999996,1116.0,3161.0
0.8141787987555051,0.0,0.1294611045,0.6333778919999999,1116.0,3161.0
0.7566943280383358,0.0,0.177686016,0.711818104,1116.0,3161.0
0.7045635846421744,0.0,0.207243186,0.697059,1116.0,3161.0
0.6979480349768757,0.0,0.23679398899999998,0.6922919624999999,1116.0,3161.0
0.6892075121923384,0.0,0.263437975,0.703841257,1116.0,3161.0
0.6913438880004941,0.0,0.28828027349999996,0.6872636475,1116.0,3161.0
0.6981633206732566,0.0,0.306238683,0.661824186,1116.0,3161.0
0.7190899282885963,0.0,0.3381921795,0.6096301424999999,1116.0,3161.0
0.7803739464886625,0.0020002425,0.37133399850000004,0.5539544665,1116.0,3161.0
0.8145524498287902,0.064640068,0.368620026,0.538960136,1116.0,3161.0
0.8158475330812612,0.139546316,0.309415623,0.52165114,1116.0,3161.0
0.8153718599725673,0.220048643,0.311270392,0.493738971,1116.0,3161.0
0.8156966694123329,0.268924903,0.3411691595,0.483487151,1116.0,3161.0
0.8189825278639519,0.228778195,0.375896665,0.493999454,1116.0,3161.0
0.8268737950675686,0.126324065,0.406471105,0.495482186,1116.0,3161.0
0.8417740439757373,0.0024188415,0.4641384235,0.501480568,1116.0,3161.0
0.8284539412346832,0.0,0.45032306899999996,0.5143339365,1116.0,3161.0
0.7665169105568501,0.0,0.422522088,0.545309958,1116.0,3161.0
0.7255058187168919,0.0,0.376307715,0.5753270109999999,1116.0,3161.0
0.7297206110556729,0.0,0.3962084765,0.580415106,1116.0,3161.0
0.7301899367437596,0.0,0.4042939285,0.5880138374999999,1116.0,3161.0
0.7767747273516398,0.0,0.402478473,0.60115304,1116.0,3161.0
0.899525434450418,0.0,0.4096542695,0.6133683225,1116.0,3161.0
0.9520885497685613,0.0029786685,0.43795100200000003,0.6245933285,1116.0,3161.0
0.9552661998275183,0.154799634,0.440393917,0.633124867,1116.0,3161.0
0.9506994764383815,0.284666156,0.357681184,0.633761473,1116.0,3161.0
0.947674536311612,0.395528715,0.359924581,0.64376845,1116.0,3161.0
0.9433526206036675,0.450279097,0.3812008045,0.650626983,1116.0,3161.0
0.9423757448504873,0.349968525,0.452914686,0.671702367,1116.0,3161.0
0.9459283384664322,0.202324183,0.512835869,0.690237086,1116.0,3161.0
0.954841768395159,0.0038446025,0.583394583,0.7187153795000001,1116.0,3161.0
0.932561748732041,0.0,0.617031841,0.765398017,1116.0,3161.0
0.8205342831351983,0.0,0.6262424710000001,0.7962588239999999,1116.0,3161.0
0.7462491319273477,0.0,0.58272002,0.8200169900000001,1116.0,3161.0
0.7278988426825854,0.0,0.625951161,0.827049127,1116.0,3161.0
0.727497562284599,0.0,0.6444836860000001,0.8271692390000001,1116.0,3161.0
0.7746347508164494,0.0,0.628254334,0.865461147,1116.0,3161.0
0.8968989358971728,0.0,0.595235499,0.835260761,1116.0,3161.0
0.9510390122386176,0.003187893,0.5451363485,0.816563057,1116.0,3161.0
0.9536861921881442,0.114287862,0.509118636,0.795610092,1116.0,3161.0
0.9481984051433798,0.210383843,0.408674713,0.756209929,1116.0,3161.0
0.9423227026449323,0.2817304565,0.370623674,0.7099416695,1116.0,3161.0
0.9356982205916203,0.270585435,0.345157692,0.684199198,1116.0,3161.0
0.9329092714187508,0.196689316,0.344574014,0.664668627,1116.0,3161.0
0.9372935083710208,0.0540603175,0.3496965245,0.6743415939999999,1116.0,3161.0
0.9389843557673143,0.0,0.3365659605,0.6656340519999999,1116.0,3161.0
0.8662356336252386,0.0,0.3029396325,0.6619330729999999,1116.0,3161.0
0.7858556396384695,0.0,0.266510062,0.642398632,1116.0,3161.0
0.7285178091511737,0.0,0.218888614,0.566856284,1116.0,3161.0
0.7030639711461695,0.0,0.17963301,0.508240181,1116.0,3161.0
0.7018628080447247,0.0,0.16433794499999999,0.413315308,1116.0,3161.0
0.744900636951545,0.0,0.156603505,0.40497295,1116.0,3161.0
0.874864277694803,0.0,0.1567477245,0.4293314875,1116.0,3161.0
0.9360518365104753,0.005250719,0.167228995,0.4660813465,1116.0,3161.0
0.9360968928237747,0.113630831,0.159039722,0.461309044,1116.0,3161.0
0.9305649730944494,0.197270778,0.119442139,0.461845009,1116.0,3161.0
0.92671969952657,0.282994303,0.091990027,0.415906061,1116.0,3161.0
0.9239132080357874,0.320846158,0.078800253,0.3661150995,1116.0,3161.0
0.9256095948846702,0.184434685,0.07304451849999999,0.4015924325,1116.0,3161.0
0.9331044523654252,0.002563745,0.10142881200000001,0.47925969300000004,1116.0,3161.0
0.9148009500365005,0.0,0.107371419,0.4555658705,1116.0,3161.0
0.8105811488262605,0.0,0.08649048349999999,0.3563060465,1116.0,3161.0
0.7338411829895212,0.0,0.0573240585,0.21663218350000002,1116.0,3161.0
0.7146341828527134,0.0,0.0369031925,0.136901462,1116.0,3161.0
0.7166408837709274,0.0,0.0287355045,0.1253825415,1116.0,3161.0
0.8114175014429502,0.0,0.024279915,0.12114982099999999,1116.0,3161.0
0.9221968317665132,0.0,0.021022984,0.096215224,1116.0,3161.0
0.9427290840452672,0.002642951,0.016902896,0.070816387,1116.0,3161.0
0.9424047362541681,0.059078498,0.011500554,0.05321464,1116.0,3161.0
0.9354301926121849,0.1267410795,0.010865346500000001,0.082319068,1116.0,3161.0
0.9304431462318348,0.151247817,0.013573771500000002,0.130505571,1116.0,3161.0
0.9305770677592566,0.0942271305,0.0244061455,0.177636773,1116.0,3161.0
0.941604437636082,0.002859049,0.0404693495,0.24077527850000002,1116.0,3161.0
0.9192009755057204,0.0,0.043118641,0.2581089835,1116.0,3161.0
0.8115668416381393,0.0,0.038237926500000005,0.231110839,1116.0,3161.0
0.7352696807181153,0.0,0.037537942000000005,0.21688080250000003,1116.0,3161.0
0.7154538011195075,0.0,0.044407851,0.2765449765,1116.0,3161.0
0.715692283915706,0.0,0.046922648,0.32344798399999997,1116.0,3161.0
0.7608485303981412,0.0,0.049423076,0.34019897,1116.0,3161.0
0.8917525776441605,0.0,0.0541165875,0.3342621235,1116.0,3161.0
0.9429882485691534,0.0021538615,0.059500025,0.3216622015,1116.0,3161.0
0.9432665249501369,0.038797514,0.059508134500000004,0.31036304000000003,1116.0,3161.0
0.9415260514821379,0.075269821,0.051617265,0.290258091,1116.0,3161.0
0.939457628833193,0.071399678,0.058688263000000004,0.30368264349999996,1116.0,3161.0
0.9383556950081398,0.0359731255,0.06848767950000001,0.3532807375,1116.0,3161.0
0.9464369732236183,0.0015682215,0.08932590800000001,0.390738309,1116.0,3161.0
0.9237087941157869,0.0,0.1036319975,0.414983536,1116.0,3161.0
0.8130203601941969,0.0,0.1143372835,0.42378592400000004,1116.0,3161.0
0.7487973367889442,0.0,0.098629706,0.33354156,1116.0,3161.0
0.7046265060629068,0.0,0.11488269749999999,0.372312442,1116.0,3161.0
0.6930980031368712,0.0,0.132869923,0.41010561050000005,1116.0,3161.0
0.6961341838949855,0.0,0.1521697195,0.45752834499999995,1116.0,3161.0
0.7195982395934506,0.0,0.17817263849999998,0.49113666,1116.0,3161.0
0.780327551626215,0.0028780155,0.208439898,0.5195997095,1116.0,3161.0
0.8136162442294702,0.077094478,0.220712959,0.545372044,1116.0,3161.0
0.8137960068397839,0.16902742399999998,0.209496079,0.5219458665,1116.0,3161.0
0.8115060899329978,0.1945395805,0.19979719299999998,0.49803465300000005,1116.0,3161.0
0.8184439787371584,0.11413910499999999,0.207652452,0.5572367535,1116.0,3161.0
0.8387193747353576,0.0060175955,0.2567953445,0.6745419445,1116.0,3161.0
0.8234434435660536,0.0,0.30616531,0.7195807685,1116.0,3161.0
0.7615042431726295,0.0,0.30172401299999996,0.7090457285,1116.0,3161.0
0.7091842271373476,0.0,0.24057079,0.625989511,1116.0,3161.0
0.7063480062015488,0.0,0.253139515,0.6243686855,1116.0,3161.0
0.69956061154854,0.0,0.259626227,0.644588139,1116.0,3161.0
0.700856295308824,0.0,0.2744772995,0.6809466985,1116.0,3161.0
0.7133486550316819,0.0,0.286836201,0.7115274115,1116.0,3161.0
0.7565624145003388,0.0,0.2895250935,0.701773846,1116.0,3161.0
0.803350210552389,0.010390055,0.286091111,0.709706219,1116.0,3161.0
0.8190574057531571,0.181062444,0.264244872,0.711357938,1116.0,3161.0
0.8168301792770671,0.3219045,0.222587299,0.625635856,1116.0,3161.0
0.8156072040218035,0.42723371,0.214125853,0.600075766,1116.0,3161.0
0.8145315374424724,0.46761358750000004,0.197603897,0.5556511635,1116.0,3161.0
0.8224570581154724,0.297446386,0.202294456,0.5302851614999999,1116.0,3161.0
0.8421338459204393,0.0100118905,0.2485870095,0.633122896,1116.0,3161.0
0.8284796086354043,0.0,0.283993863,0.7122693755,1116.0,3161.0
0.7669950307680219,0.0,0.2902074475,0.735978792,1116.0,3161.0
0.7167192937861091,0.0,0.284922907,0.761573248,1116.0,3161.0
0.7336710921341805,0.0,0.31154004599999996,0.8039491505,1116.0,3161.0
0.7271009676371459,0.0,0.33880112149999997,0.857398644,1116.0,3161.0
0.7506626376701857,0.0,0.36997053999999996,0.900827044,1116.0,3161.0
0.8959265381029149,0.0,0.4162585775,0.9240692269999999,1116.0,3161.0
0.9470846997744453,0.0067084715,0.4762684405,0.9324238869999999,1116.0,3161.0
0.9470254715430432,0.12135376,0.522712856,0.934867604,1116.0,3161.0
0.9397743138529624,0.19831403949999998,0.47177795,0.934207723,1116.0,3161.0
0.9344096918885547,0.2183782935,0.5659622950000001,0.935444224,1116.0,3161.0
0.9363600733265109,0.109288581,0.667534938,0.9353073455,1116.0,3161.0
0.9432221612755397,0.00223132,0.7496263945,0.9367160265000001,1116.0,3161.0
0.916782076679101,0.0,0.795165424,0.9367806144999999,1116.0,3161.0
0.8094586721326663,0.0,0.8320360175,0.936804099,1116.0,3161.0
0.7305888396345444,0.0,0.7926847655,0.9367073945,1116.0,3161.0
0.7077619157660067,0.0,0.8032969169999999,0.9373582535,1116.0,3161.0
0.7090405191884499,0.0,0.782858301,0.937027566,1116.0,3161.0
0.7503772516346164,0.0,0.738354806,0.934450631,1116.0,3161.0
0.8798765758926528,0.0,0.693924308,0.921560143,1116.0,3161.0
0.9361965144849625,0.0048157105,0.649738558,0.900924925,1116.0,3161.0
0.9362004843983678,0.0808517,0.647880549,0.882614792,1116.0,3161.0
0.9340108353946212,0.125164708,0.577961974,0.830353513,1116.0,3161.0
0.933092080313731,0.2097566715,0.611468494,0.8285276960000001,1116.0,3161.0
0.9325345581889866,0.1932332115,0.6746923775,0.867243028,1116.0,3161.0
0.9382241281209003,0.117101859,0.691876068,0.864440538,1116.0,3161.0
0.9472635387560202,0.0083362185,0.6572081000000001,0.8697193485,1116.0,3161.0
0.9252169244165835,0.0,0.599635702,0.864521849,1116.0,3161.0
0.8145988907566823,0.0,0.5746534274999999,0.8753375985,1116.0,3161.0
0.749575199215567,0.0,0.481796244,0.875825158,1116.0,3161.0
0.7246469841747003,0.0,0.494229741,0.8604328889999999,1116.0,3161.0
0.7191478872347207,0.0,0.502661032,0.8315115385,1116.0,3161.0
0.7464596629407311,0.0,0.531930009,0.78506331,1116.0,3161.0
0.8945230154677456,0.0,0.5893741050000001,0.770470728,1116.0,3161.0
0.948665030534745,0.003422219,0.6477050664999999,0.7891989445,1116.0,3161.0
0.952418437343656,0.081707028,0.673171914,0.804724131,1116.0,3161.0
0.9502262033725027,0.150580862,0.545258425,0.753093254,1116.0,3161.0
0.9476982649867783,0.231218175,0.608880558,0.787884999,1116.0,3161.0
0.944904652930395,0.282712202,0.686926818,0.8286025355,1116.0,3161.0
0.9445751809385219,0.191079172,0.757393346,0.8749441165,1116.0,3161.0
0.9503104984968133,0.024426793,0.743396743,0.89549561,1116.0,3161.0
0.949552763686916,0.0,0.736231663,0.895154672,1116.0,3161.0
0.9255311162684303,0.0,0.7286858224999999,0.8896470435,1116.0,3161.0
0.8138921202362328,0.0,0.7018148875,0.8905364410000001,1116.0,3161.0
0.7376797160891854,0.0,0.6398100885,0.9019861735,1116.0,3161.0
0.7179404227781137,0.0,0.6535702825,0.9019157065000001,1116.0,3161.0
0.7168939318642427,0.0,0.6586921605,0.89626764,1116.0,3161.0
0.7614813463267184,0.0,0.683312863,0.880416309,1116.0,3161.0
0.8853114589281967,0.0,0.7149244450000001,0.74644095,1116.0,3161.0
0.9273346496849022,0.00161873,0.7699950335,0.5939983799999999,1116.0,3161.0
0.9259653808505224,0.036049598,0.819340185,0.619755066,1116.0,3161.0
0.9293239932097942,0.088622583,0.8524300155,0.7921694295,1116.0,3161.0
0.9307173138402663,0.16845419099999998,0.8627137355,0.9013751409999999,1116.0,3161.0
0.9282995229041648,0.1347932495,0.8319439909999999,0.872325161,1116.0,3161.0
0.9393678860557766,0.022927423,0.780963598,0.753972624,1116.0,3161.0
0.9425031572311363,0.0,0.728786743,0.650072374,1116.0,3161.0
0.9244129329405734,0.0,0.6515240579999999,0.5825912085,1116.0,3161.0
0.8138112409143656,0.0,0.5424683715,0.5201310945,1116.0,3161.0
0.7503052357682987,0.0,0.390466127,0.499898246,1116.0,3161.0
0.7256083716648373,0.0,0.340115033,0.4470177355,1116.0,3161.0
0.721981523203113,0.0,0.31799364,0.40846290350000003,1116.0,3161.0
0.7455402844850085,0.0,0.328972351,0.438169849,1116.0,3161.0
0.8946375020171444,0.0,0.348582677,0.452821528,1116.0,3161.0
0.9474478714561458,0.0038212855,0.3563400745,0.467658843,1116.0,3161.0
0.9501482785358187,0.102417368,0.351529453,0.466235331,1116.0,3161.0
0.9465641085487863,0.209016565,0.286155697,0.542600627,1116.0,3161.0
0.9429291585340858,0.300925862,0.305254474,0.547703933,1116.0,3161.0
0.9418616631030075,0.323694273,0.31755784,0.575334163,1116.0,3161.0
0.937779384147224,0.2893950285,0.307176039,0.6233189969999999,1116.0,3161.0
0.941541377687609,0.188895363,0.287224509,0.615485118,1116.0,3161.0
0.9482618342782233,0.031432333,0.271976966,0.618431097,1116.0,3161.0
0.9499635302524717,0.0,0.263154549,0.629914419,1116.0,3161.0
0.9283405625758021,0.0,0.274533826,0.6495642855,1116.0,3161.0
0.8174207548497874,0.0,0.288777314,0.6328104285,1116.0,3161.0
0.7534208419698171,0.0,0.310177662,0.6570646,1116.0,3161.0
0.7082884852259022,0.0,0.33508557299999997,0.6229510245000001,1116.0,3161.0
0.6999128421899901,0.0,0.361641919,0.5994342455,1116.0,3161.0
0.703432913601902,0.0,0.3620413645,0.612816433,1116.0,3161.0
0.7263315530828508,0.0,0.354275158,0.5685493415,1116.0,3161.0
0.7837332054211923,0.006786754,0.33951148600000003,0.5010797475,1116.0,3161.0
0.8150108580064578,0.125450918,0.305082101,0.46281215,1116.0,3161.0
0.8151848037772949,0.210316519,0.238088888,0.435940547,1116.0,3161.0
0.814155808784486,0.2167203525,0.2186119435,0.4124152125,1116.0,3161.0
0.8156017563686977,0.142896431,0.14785323,0.347136514,1116.0,3161.0
0.82327993078995,0.064705893,0.1024246695,0.235781364,1116.0,3161.0
0.8412222922936186,0.0028937295,0.1135935815,0.1690687775,1116.0,3161.0
0.8254495443078608,0.0,0.126645907,0.182018675,1116.0,3161.0
0.7656417575793903,0.0,0.117497289,0.2517513705,1116.0,3161.0
0.7155722807807372,0.0,0.09973639649999999,0.355936574,1116.0,3161.0
0.7062481535503249,0.0,0.13042046899999998,0.3955306005,1116.0,3161.0
0.7029659190241659,0.0,0.165951088,0.38430802,1116.0,3161.0
0.7153447618918085,0.0,0.200056351,0.358829039,1116.0,3161.0
0.7579126414043038,0.0,0.211674853,0.2628443505,1116.0,3161.0
0.8043056198082897,0.012068009,0.209808805,0.167129202,1116.0,3161.0
0.8190574057531571,0.142205279,0.208766241,0.092167554,1116.0,3161.0
0.8165409161217944,0.267362764,0.151870295,0.078908314,1116.0,3161.0
0.8156027260628811,0.35881885599999996,0.127127176,0.057569151,1116.0,3161.0
0.8156218379199784,0.2812390505,0.0979344535,0.06569762800000001,1116.0,3161.0
0.8265340282772965,0.148657231,0.083532026,0.126084443,1116.0,3161.0
0.8397443991519491,0.012323561,0.07839529549999999,0.251442333,1116.0,3161.0
0.8367452188881963,0.0,0.106514891,0.393704468,1116.0,3161.0
0.7975466627794059,0.0,0.1424030735,0.5330164275,1116.0,3161.0
0.7279477071831243,0.0,0.17262969350000001,0.617084137,1116.0,3161.0
0.72863121100848,0.0,0.20911793950000002,0.661315518,1116.0,3161.0
0.7198472017812334,0.0,0.270349912,0.696339612,1116.0,3161.0
0.7397533550697939,0.0,0.3372220545,0.7132257934999999,1116.0,3161.0
0.8919463739762421,0.0,0.3859389675,0.7410234805,1116.0,3161.0
0.940463818448168,0.00369344,0.39717386050000003,0.7305147665,1116.0,3161.0
0.9365279719306474,0.037700172,0.379435564,0.685804353,1116.0,3161.0
0.9330167411072654,0.067748517,0.288989304,0.640798034,1116.0,3161.0
0.929370064951316,0.083195772,0.269247679,0.60478075,1116.0,3161.0
0.9270090554755446,0.087331734,0.240896296,0.554411205,1116.0,3161.0
0.9280159837946669,0.073927539,0.22776004900000002,0.54473601,1116.0,3161.0
0.9391754746696939,0.0083196275,0.2436766595,0.5957181970000001,1116.0,3161.0
0.9196658928301609,0.0,0.257205444,0.5655764670000001,1116.0,3161.0
0.8120423304850537,0.0,0.2645306075,0.535938119,1116.0,3161.0
0.7360661472877243,0.0,0.2655911725,0.5035364744999999,1116.0,3161.0
0.7179445776161103,0.0,0.26481204,0.42908805800000005,1116.0,3161.0
0.7165880032915384,0.0,0.2608610385,0.41703683,1116.0,3161.0
0.7586521419203975,0.0,0.242713967,0.40387365,1116.0,3161.0
0.8880102964686856,0.0,0.22640676399999998,0.427225399,1116.0,3161.0
0.9394555055144529,0.0073602095,0.217567123,0.5283420595,1116.0,3161.0
0.9387450421360788,0.100071803,0.208622453,0.641519472,1116.0,3161.0
0.9272863160968998,0.182863765,0.21812752000000002,0.7118485354999999,1116.0,3161.0
0.9235750107846994,0.23079221,0.266773947,0.7820027865,1116.0,3161.0
0.9228801509986837,0.1546114815,0.324587092,0.8394235965,1116.0,3161.0
0.9276139878909587,0.011839465,0.398186507,0.892493846,1116.0,3161.0
0.905831477351591,0.0,0.49919463799999997,0.9233787685,1116.0,3161.0
0.807788090880839,0.0,0.5700510299999999,0.9344353045,1116.0,3161.0
0.7353073967181989,0.0,0.572650198,0.93648868,1116.0,3161.0
0.6948620664208899,0.0,0.6042146165,0.9363539359999999,1116.0,3161.0
0.6832077670502403,0.0,0.60664937,0.9364029645,1116.0,3161.0
0.7078531356203116,0.0,0.5876772809999999,0.934090367,1116.0,3161.0
0.8492025635705044,0.0,0.5547452275,0.9254263574999999,1116.0,3161.0
0.9046651450289169,0.0044994745,0.551261096,0.92133138,1116.0,3161.0
0.8975159175747615,0.045693592,0.551745508,0.923107605,1116.0,3161.0
0.8910433606840448,0.082165468,0.511971331,0.897725131,1116.0,3161.0
0.8843775158381697,0.1600498155,0.5329429210000001,0.8685399765,1116.0,3161.0
0.8813573771226546,0.1829799465,0.5792568235,0.8593559879999999,1116.0,3161.0
0.8825188162345907,0.132436654,0.627325734,0.88472946,1116.0,3161.0
0.8903258804447868,0.036259068,0.663787165,0.92122571,1116.0,3161.0
0.8931603475796221,0.0,0.697761216,0.934331121,1116.0,3161.0
0.8755939914580149,0.0,0.7193564665000001,0.933167327,1116.0,3161.0
0.8015383677913299,0.0,0.7228500955,0.9182353245,1116.0,3161.0
0.7343116400979574,0.0,0.660875381,0.930316782,1116.0,3161.0
0.6920156660160071,0.0,0.6551366565000001,0.9242038315000001,1116.0,3161.0
0.6836110554376518,0.0,0.6193782635,0.9042334185,1116.0,3161.0
0.7101351819641574,0.0,0.5572881285,0.9016657585000001,1116.0,3161.0
0.8539130419682018,0.0,0.4739766945,0.898228123,1116.0,3161.0
0.9222427189148497,0.0063987935,0.389886642,0.8947041765,1116.0,3161.0
0.9188459749722725,0.069075102,0.32893829,0.885887833,1116.0,3161.0
0.911352918020738,0.168263194,0.236643138,0.856255939,1116.0,3161.0
0.9090590305377344,0.1868940375,0.2007071285,0.8323507695000001,1116.0,3161.0
0.9089939397328171,0.12729194,0.156949349,0.771783741,1116.0,3161.0
0.9123080502211577,0.064517846,0.147578174,0.725443013,1116.0,3161.0
0.9225604193628414,0.005755962,0.1575471055,0.6734862075000001,1116.0,3161.0
0.9052767711842891,0.0,0.1637389145,0.6280428085,1116.0,3161.0
0.8069957784864145,0.0,0.1543668995,0.5529134345,1116.0,3161.0
0.7400913673962906,0.0,0.130437885,0.513907811,1116.0,3161.0
0.7021948656668164,0.0,0.1309715355,0.437015249,1116.0,3161.0
0.6951050967712872,0.0,0.123257201,0.358423816,1116.0,3161.0
0.7228292321118689,0.0,0.104368058,0.292349645,1116.0,3161.0
0.8403896789317039,0.0,0.089040094,0.261639043,1116.0,3161.0
0.9077653318998561,0.0,0.080069592,0.233984966,1116.0,3161.0
0.9362154417488746,0.0056542155,0.06988082400000001,0.187876498,1116.0,3161.0
0.9345334117426856,0.082341268,0.058311592,0.129330474,1116.0,3161.0
0.9278006752312669,0.153083392,0.033063688,0.101453087,1116.0,3161.0
0.9262018324588703,0.200439296,0.02778509,0.086884506,1116.0,3161.0
0.923681742100473,0.1995980925,0.027503375,0.085153674,1116.0,3161.0
0.9217242056052982,0.147153192,0.028452526,0.090667974,1116.0,3161.0
0.9234868378778732,0.094814877,0.026929531,0.095177812,1116.0,3161.0
0.9303613896780799,0.0138777105,0.031348325,0.088126885,1116.0,3161.0
0.911351533074739,0.0,0.036008868,0.080843867,1116.0,3161.0
0.8094865092489785,0.0,0.045173907,0.11756354899999999,1116.0,3161.0
0.7220439140427151,0.0,0.049536844,0.1671421775,1116.0,3161.0
0.6877620265881992,0.0,0.048293470000000005,0.1961344585,1116.0,3161.0
0.6834839893763539,0.0,0.048193307000000005,0.2579394645,1116.0,3161.0
0.6929506248656624,0.0,0.048030760500000005,0.2778816745,1116.0,3161.0
0.7387715861058757,0.0,0.057214425,0.34043750650000004,1116.0,3161.0
0.7889928502021959,0.016662833,0.067037711,0.476217345,1116.0,3161.0
0.8051722102469188,0.086935421,0.077601911,0.576110358,1116.0,3161.0
0.8022242716595007,0.136431188,0.089437493,0.670847893,1116.0,3161.0
0.8020500488331825,0.22226874,0.101466273,0.72843294,1116.0,3161.0
0.8010042505580139,0.23055719,0.1411979565,0.776665744,1116.0,3161.0
0.8022278727179414,0.161785918,0.161835507,0.80329615,1116.0,3161.0
0.8106812324675207,0.11049937,0.187409621,0.819770158,1116.0,3161.0
0.8271684137450577,0.041312562,0.227585001,0.843690259,1116.0,3161.0
0.8276477800430819,0.0,0.298325907,0.877052021,1116.0,3161.0
0.8136020723113677,0.0,0.40940327,0.9184135525,1116.0,3161.0
0.7545405945054522,0.0,0.5339022069999999,0.9346618695,1116.0,3161.0
0.7026163883480313,0.0,0.592192153,0.93670407,1116.0,3161.0
0.6941708305603344,0.0,0.6593567659999999,0.9368968870000001,1116.0,3161.0
0.6764731382101175,0.0,0.6998591435,0.9365319270000001,1116.0,3161.0
0.6731732460367303,0.0,0.7194708775,0.933995122,1116.0,3161.0
0.6957195392155081,0.0,0.705953278,0.930173614,1116.0,3161.0
0.7629764583339692,0.004498324,0.662741087,0.927290001,1116.0,3161.0
0.7877972033549151,0.066569765,0.633558792,0.929346285,1116.0,3161.0
0.7833468134412485,0.131310319,0.509245507,0.931960307,1116.0,3161.0
0.7774531527102602,0.162606528,0.5840676364999999,0.9350463259999999,1116.0,3161.0
0.7752763374068741,0.1025233675,0.6246293544999999,0.936862804,1116.0,3161.0
0.7816450246732984,0.046214877,0.64626649,0.936679261,1116.0,3161.0
0.7929044149278062,0.0083993275,0.657408373,0.9329038315,1116.0,3161.0
0.7824089922372996,0.0,0.661414868,0.9213520915,1116.0,3161.0
0.7414509194044709,0.0,0.6733823000000001,0.9207211965,1116.0,3161.0
0.6980587130076292,0.0,0.607932784,0.922412642,1116.0,3161.0
0.6928071011785439,0.0,0.6411527850000001,0.9327562485,1116.0,3161.0
0.6818716901915768,0.0,0.6578111925000001,0.9355972645,1116.0,3161.0
0.7073653443169792,0.0,0.662673356,0.9369497855,1116.0,3161.0
0.8494028229839141,0.0,0.6860445875,0.9371449110000001,1116.0,3161.0
0.9085153114761282,0.0096325805,0.7249313715,0.93719551,1116.0,3161.0
0.9061216180701575,0.050559837,0.736154483,0.937167767,1116.0,3161.0
0.9043075127998057,0.092589677,0.6789737950000001,0.9370159545000001,1116.0,3161.0
0.902598615371488,0.114574125,0.7448044495,0.9365757404999999,1116.0,3161.0
0.9033214968670013,0.0824659635,0.73873285,0.927498197,1116.0,3161.0
0.9083878987640731,0.025719421,0.751167922,0.922283013,1116.0,3161.0
0.9091087957999927,0.0,0.769372309,0.922381544,1116.0,3161.0
0.8937024046397486,0.0,0.7833146085,0.9236601925,1116.0,3161.0
0.8078630609009338,0.0,0.7695990495,0.9043169115,1116.0,3161.0
0.7409946120099302,0.0,0.690663518,0.897678318,1116.0,3161.0
0.7116727878529147,0.0,0.660201552,0.8696097475,1116.0,3161.0
0.7120109619055772,0.0,0.6054691999999999,0.796364787,1116.0,3161.0
0.73997789660652,0.0,0.5129679725,0.755456793,1116.0,3161.0
0.8920528743019795,0.0,0.429164034,0.7112852435,1116.0,3161.0
0.9456981653462271,0.021922794,0.375203336,0.6775421395000001,1116.0,3161.0
0.9457955712263791,0.177702222,0.342846285,0.665284101,1116.0,3161.0
0.9385851300870098,0.267059538,0.341273977,0.679524735,1116.0,3161.0
0.9339986482675181,0.306511666,0.356992518,0.69278641,1116.0,3161.0
0.9267423199798124,0.300210174,0.3178787165,0.667147041,1116.0,3161.0
0.923742031825542,0.25253115,0.264027567,0.654151308,1116.0,3161.0
0.9255846204540576,0.181388417,0.204112625,0.628772908,1116.0,3161.0
0.9368312688076883,0.0341937015,0.166863444,0.6305906645,1116.0,3161.0
0.9195597156253494,0.0,0.171047203,0.68634068,1116.0,3161.0
0.8368512118312287,0.0,0.190224799,0.730964789,1116.0,3161.0
0.7678422780281114,0.0,0.2217229185,0.772071552,1116.0,3161.0
0.7121336428016543,0.0,0.2569541915,0.8033383725000001,1116.0,3161.0
0.696345337620389,0.0,0.3327905935,0.8081071915,1116.0,3161.0
0.7167664270212979,0.0,0.432635068,0.851441158,1116.0,3161.0
0.8574130082990015,0.0,0.5558052815,0.896534597,1116.0,3161.0
0.9255343938745393,0.014874088,0.6548650385,0.920831153,1116.0,3161.0
0.9231375610587943,0.059795484,0.695016553,0.933862876,1116.0,3161.0
0.9211883803050578,0.097657387,0.6446619149999999,0.9357256395,1116.0,3161.0
0.9192869329629167,0.1199344245,0.6887458904999999,0.935369986,1116.0,3161.0
0.9211763313742891,0.0904072565,0.696732463,0.9244468735,1116.0,3161.0
0.9296436323833408,0.037986375,0.692787296,0.917320972,1116.0,3161.0
0.9322148729499953,0.0,0.670890577,0.920774812,1116.0,3161.0
0.9114774683784996,0.0,0.6472043249999999,0.9189029285,1116.0,3161.0
0.8094956497600088,0.0,0.5864442864999999,0.9214645625,1116.0,3161.0
0.7592940513003418,0.0,0.44531071,0.911976238,1116.0,3161.0
0.7643820814208593,0.0,0.450928638,0.915655966,1052.0,2979.0
0.766405355294209,0.0,0.433986416,0.9165307145,1052.0,2979.0
0.8152143486291256,0.0,0.418804132,0.918520112,1052.0,2979.0
0.9219962956290285,0.0,0.38786675849999996,0.913037952,1052.0,2979.0
0.9790580426493574,0.0221810365,0.36177466950000003,0.8516682995,1052.0,2979.0
0.9729092340361452,0.202353561,0.358541762,0.835763531,1052.0,2979.0
0.9682451044354503,0.309571992,0.334912321,0.825161646,1052.0,2979.0
0.9649600774816804,0.337039463,0.398149654,0.854365076,1052.0,2979.0
0.9608367124574089,0.3155108255,0.4033327935,0.883596072,1052.0,2979.0
0.9600023449631248,0.243050636,0.3468027765,0.878515853,1052.0,2979.0
0.9722753105484563,0.105214517,0.323207079,0.882968001,1052.0,2979.0
0.975784694777173,0.0,0.332836223,0.88421222,1052.0,2979.0
0.9593257661991695,0.0,0.372973214,0.8816087095,1052.0,2979.0
0.8699627271229828,0.0,0.412573316,0.872345314,1052.0,2979.0
0.7927323614856732,0.0,0.4060242845,0.8577412195,1052.0,2979.0
0.7712021139386225,0.0,0.3855594275,0.7825568275,1052.0,2979.0
0.770849305987785,0.0,0.3768136525,0.6601620225,1052.0,2979.0
0.8563123212236126,0.0,0.37559415900000004,0.6288367075,1052.0,2979.0
0.9490556698149811,0.0,0.364438192,0.579909902,1052.0,2979.0
0.9784125322109722,0.0375148775,0.35110366699999995,0.5659853575,1052.0,2979.0
0.971664469494082,0.167608823,0.316914173,0.551528878,1052.0,2979.0
0.9678071009299892,0.263439897,0.290758084,0.510846114,1052.0,2979.0
0.9648018271026852,0.317376172,0.329449246,0.518392178,1052.0,2979.0
0.9606823401923354,0.3117496785,0.313223258,0.550934917,1052.0,2979.0
0.9593151482798447,0.204900612,0.271157378,0.589751049,1052.0,2979.0
0.9651102024464614,0.149365249,0.235257231,0.604404563,1052.0,2979.0
0.9735836898127663,0.083328166,0.222580305,0.595344095,1052.0,2979.0
0.9755498127080092,0.0,0.219705963,0.567737488,1052.0,2979.0
0.9570259697457999,0.0,0.22020935949999998,0.4913089985,1052.0,2979.0
0.8662034574091506,0.0,0.2142356555,0.347253912,1052.0,2979.0
0.7824701134602179,0.0,0.1920791195,0.160382204,1052.0,2979.0
0.7511905682148423,0.0,0.1611955615,0.17654110550000002,1052.0,2979.0
0.7462856015091728,0.0,0.13591187500000002,0.22932378250000002,1052.0,2979.0
0.7549287184135582,0.0,0.124255865,0.255969899,1052.0,2979.0
0.7881923209254798,0.0,0.103575365,0.195975428,1052.0,2979.0
0.8375944516020976,0.055815577,0.088226054,0.171554079,1052.0,2979.0
0.8513007156644652,0.157917563,0.080659586,0.153475255,1052.0,2979.0
0.8507862643992088,0.267148145,0.0589768625,0.134036851,1052.0,2979.0
0.8492165515582337,0.294586582,0.055408251500000005,0.119970306,1052.0,2979.0
0.8566541655985862,0.202065474,0.05819517,0.141846095,1052.0,2979.0
0.8745261732374168,0.075039468,0.062971087,0.190219224,1052.0,2979.0
0.8727982560828913,0.0,0.070137261,0.2596713425,1052.0,2979.0
0.8443507315326855,0.0,0.068286981,0.35163751249999997,1052.0,2979.0
0.8038370560227756,0.0,0.068687781,0.433888248,1052.0,2979.0
0.7726854776004173,0.0,0.067407318,0.47097662949999997,1052.0,2979.0
0.7621578326283778,0.0,0.0781734965,0.5764644704999999,1052.0,2979.0
0.7632486640184205,0.0,0.0908350485,0.645191768,1052.0,2979.0
0.7768224604318292,0.0,0.104913548,0.656823505,1052.0,2979.0
0.8068516549542952,0.0,0.113906225,0.6754990395,1052.0,2979.0
0.8528588418861504,0.072543545,0.120615608,0.756896716,1052.0,2979.0
0.8624485731919452,0.229421705,0.116427679,0.813985951,1052.0,2979.0
0.8601280956737001,0.33508576,0.122700346,0.850185484,1052.0,2979.0
0.8593910419286783,0.361687425,0.150747662,0.904453677,1052.0,2979.0
0.8556344035791034,0.3477638535,0.1725570725,0.9024195515,1052.0,2979.0
0.8569953173348573,0.267323125,0.169511446,0.879368043,1052.0,2979.0
0.8678874261408944,0.192527988,0.164731661,0.865384983,1052.0,2979.0
0.8824386756168711,0.096624452,0.164064001,0.862164977,1052.0,2979.0
0.881339419552926,0.001590902,0.181141413,0.865979213,1052.0,2979.0
0.8687911320717943,0.0,0.2075627795,0.8712876119999999,1052.0,2979.0
0.8258979354054226,0.0,0.22123706399999998,0.8567611395,1052.0,2979.0
0.7777511875215988,0.0,0.190686602,0.724764275,1052.0,2979.0
0.794589999264179,0.0,0.207892394,0.7112580225,1052.0,2979.0
0.793045445447002,0.0,0.2120669255,0.6727189995,1052.0,2979.0
0.819275761264036,0.0,0.218821773,0.6437453545,1052.0,2979.0
0.9146171717787429,0.0,0.231037984,0.606906944,1052.0,2979.0
0.9774027879344074,0.0,0.2312721325,0.5646956055,1052.0,2979.0
0.9937999033136025,0.114996475,0.234843574,0.533106641,1052.0,2979.0
0.9863098005158448,0.304665903,0.228006013,0.508602549,1052.0,2979.0
0.9833866988255169,0.451514928,0.232404249,0.470666416,1052.0,2979.0
0.9791653738101316,0.5307504935,0.2373648565,0.433579344,1052.0,2979.0
0.9747908772138922,0.4349532075,0.2221743465,0.361761104,1052.0,2979.0
0.977767621948994,0.314290645,0.188453262,0.340566033,1052.0,2979.0
0.9885742352779071,0.0858254515,0.2137302715,0.356517635,1052.0,2979.0
0.9750276058777213,0.0,0.2467505405,0.3670524395,1052.0,2979.0
0.8875076170787165,0.0,0.2291974415,0.34222302699999996,1052.0,2979.0
0.8199770841313798,0.0,0.181230153,0.3076068915,1052.0,2979.0
0.8019714780860532,0.0,0.152370497,0.2421746075,1052.0,2979.0
0.8036642642079013,0.0,0.13124448300000002,0.1965090555,1052.0,2979.0
0.8495341131470788,0.0,0.119961844,0.166535358,1052.0,2979.0
0.9429755073310885,0.0,0.1122850615,0.16020937600000001,1052.0,2979.0
0.9946504742452456,0.051298527,0.109392759,0.16057451550000001,1052.0,2979.0
0.9877214942992668,0.267698236,0.086590372,0.139015725,1052.0,2979.0
0.9852199616870049,0.43558437650000004,0.0737975515,0.13008393699999998,1052.0,2979.0
0.9843206415841379,0.5001335115000001,0.062374175500000004,0.1447793705,1052.0,2979.0
0.9843295517679441,0.422677269,0.068625389,0.133576389,1052.0,2979.0
0.9873106356028217,0.300216131,0.074568999,0.130677935,1052.0,2979.0
0.9936466850044916,0.07315835999999999,0.1136062625,0.1291266645,1052.0,2979.0
0.9749839348418268,0.0,0.1368589515,0.125324539,1052.0,2979.0
0.8873567991438269,0.0,0.112530529,0.118062688,1052.0,2979.0
0.8306761356408885,0.0,0.091530794,0.107070877,1052.0,2979.0
0.8043088513489537,0.0,0.078227132,0.0821930145,1052.0,2979.0
0.8001889027899376,0.0,0.0690590345,0.0605146095,1052.0,2979.0
0.8251829937367201,0.0,0.0665246175,0.049690874999999995,1052.0,2979.0
0.918246582009448,0.0,0.068987404,0.043960425,1052.0,2979.0
0.9800640476711469,0.0,0.068094606,0.0454694685,1052.0,2979.0
0.9953280227033843,0.120432707,0.058974361,0.045534471,1052.0,2979.0
0.9877214942992668,0.31495017,0.036245197,0.042194766,1052.0,2979.0
0.9853136747092327,0.443897755,0.028704007,0.045742066,1052.0,2979.0
0.9845169771495873,0.550497076,0.024658605,0.037957778,1052.0,2979.0
0.981210899281759,0.5874812855,0.027094416000000003,0.032827260999999996,1052.0,2979.0
0.9796938587971562,0.506914896,0.039860077,0.027847199,1052.0,2979.0
0.983410519631573,0.366697992,0.050340093,0.024239359,1052.0,2979.0
0.9893111040983374,0.185059441,0.071159712,0.022369273,1052.0,2979.0
0.9934092637019601,0.002934219,0.086398627,0.021487345,1052.0,2979.0
0.9763900888412533,0.0,0.0795575375,0.023171683499999998,1052.0,2979.0
0.8918449978512788,0.0,0.054595974,0.0375303605,1052.0,2979.0
0.8233361584707242,0.0,0.0341385605,0.098355475,1052.0,2979.0
0.8072801487623555,0.0,0.034838022499999996,0.135057987,1052.0,2979.0
0.8072146881082554,0.0,0.0321018085,0.1433329345,1052.0,2979.0
0.8865481454471149,0.0,0.027246718500000003,0.1277357725,1052.0,2979.0
0.9813002725413987,0.0,0.022990222999999997,0.12862521300000002,1052.0,2979.0
0.9967712928578937,0.107337789,0.019025851,0.143399858,1052.0,2979.0
0.9866569536847778,0.269624923,0.014785835,0.164218483,1052.0,2979.0
0.9843772848481336,0.4381513595,0.011040196499999998,0.1893842235,1052.0,2979.0
0.9793449978927047,0.485682886,0.015427627499999999,0.300127786,1052.0,2979.0
0.976219744128857,0.401438087,0.019872093,0.38672102,1052.0,2979.0
0.9782525280310137,0.282906039,0.022327836,0.411857613,1052.0,2979.0
0.988482276719455,0.147468074,0.03178022,0.428692952,1052.0,2979.0
0.992810055663727,0.0032546,0.044622388,0.459393415,1052.0,2979.0
0.9754986631625643,0.0,0.0584165235,0.5397270679999999,1052.0,2979.0
0.8888378774293096,0.0,0.0724648465,0.610715429,1052.0,2979.0
0.8211443861482374,0.0,0.08181597,0.627346417,1052.0,2979.0
0.8036683729804531,0.0,0.095172633,0.652004101,1052.0,2979.0
0.8041035605284717,0.0,0.10841666650000001,0.686399102,1052.0,2979.0
0.8843215191474318,0.0,0.1211359685,0.706313502,1052.0,2979.0
0.9803621749447813,0.0,0.148692624,0.7194791435,1052.0,2979.0
0.9952573914516593,0.125013449,0.167902303,0.739132893,1052.0,2979.0
0.986666278788993,0.261864697,0.155580437,0.739101398,1052.0,2979.0
0.9834889982478129,0.39916606450000003,0.13014911699999998,0.721175782,1052.0,2979.0
0.9808878439743631,0.4007828315,0.126699055,0.6918793975,1052.0,2979.0
0.9804591649103054,0.337467494,0.127921768,0.673912085,1052.0,2979.0
0.983410519631573,0.220780199,0.124635508,0.65504082,1052.0,2979.0
0.9897265799442578,0.115146462,0.132607491,0.638188309,1052.0,2979.0
0.9910168624482868,0.002162957,0.143268094,0.612634992,1052.0,2979.0
0.9736144810828555,0.0,0.145364514,0.562802651,1052.0,2979.0
0.8848619142060783,0.0,0.1250434045,0.462464624,1052.0,2979.0
0.8278015981971932,0.0,0.093761239,0.345423782,1052.0,2979.0
0.7784436929988381,0.0,0.0808352145,0.24811439549999997,1052.0,2979.0
0.7639879335444781,0.0,0.07255189449999999,0.19554942349999999,1052.0,2979.0
0.7610901526041142,0.0,0.070582346,0.216948279,1052.0,2979.0
0.7686529171786352,0.0,0.0634593665,0.20462717549999998,1052.0,2979.0
0.7984777431837333,0.0,0.0638471045,0.19670312550000002,1052.0,2979.0
0.8459986002003805,0.08514557,0.069057989,0.203156958,1052.0,2979.0
0.8586599892849124,0.175025203,0.055254934,0.206717485,1052.0,2979.0
0.8566060623378079,0.249041431,0.063276261,0.29629968,1052.0,2979.0
0.852213100457729,0.30410146,0.075527676,0.32556684,1052.0,2979.0
0.8501419079167865,0.271456995,0.08441780099999999,0.37816868000000003,1052.0,2979.0
0.8552556283050443,0.176360037,0.090618291,0.4781786655,1052.0,2979.0
0.8745649510625735,0.073544429,0.103529159,0.541340535,1052.0,2979.0
0.8726651653905062,0.001566693,0.16395249,0.6360739365,1052.0,2979.0
0.8427520276194356,0.0,0.23380046100000001,0.714442976,1052.0,2979.0
0.8022249179013522,0.0,0.26942354,0.74539904,1052.0,2979.0
0.767223080900893,0.0,0.2904874125,0.741843491,1052.0,2979.0
0.7551017176886372,0.0,0.3495275445,0.7674873355,1052.0,2979.0
0.7490915163533803,0.0,0.42513121,0.814595476,1052.0,2979.0
0.754340035169542,0.0,0.496644416,0.8554721285,1052.0,2979.0
0.7860020256798814,0.0005206715,0.573338765,0.8856872775,1052.0,2979.0
0.832724891990368,0.049556723,0.612136015,0.91202175,1052.0,2979.0
0.8438431125351276,0.111188814,0.598999384,0.925053222,1052.0,2979.0
0.8397616183489365,0.1751683715,0.510929661,0.9327153195,1052.0,2979.0
0.8387325315566441,0.235827997,0.5120244275000001,0.9279459745,1052.0,2979.0
0.8487958593806496,0.199035942,0.481125619,0.92470902,1052.0,2979.0
0.8695815514747027,0.106247117,0.443194543,0.917878142,1052.0,2979.0
0.8700181239687201,0.002540344,0.42617468599999997,0.9072019455,1052.0,2979.0
0.8393824278230619,0.0,0.4297053445,0.9148934045,1052.0,2979.0
0.7830675673660816,0.0,0.430182555,0.911044411,1052.0,2979.0
0.7788046949649476,0.0,0.419002768,0.9274585664999999,1052.0,2979.0
0.7747905540929665,0.0,0.4171174755,0.9273908805,1052.0,2979.0
0.8008177020768525,0.0,0.41348459849999997,0.929642589,1052.0,2979.0
0.9021734913004262,0.0,0.408340815,0.930518429,1052.0,2979.0
0.969047388175942,0.000715238,0.399439525,0.9253212665,1052.0,2979.0
0.9854214214532284,0.144170178,0.38338051,0.909455478,1052.0,2979.0
0.9774101282476233,0.296182026,0.392561318,0.895802913,1052.0,2979.0
0.9725230266493866,0.389970913,0.333033604,0.886201738,1052.0,2979.0
0.9675625245702394,0.442553042,0.313740892,0.870217144,1052.0,2979.0
0.9646342062168419,0.46540142949999996,0.29744821349999995,0.853553075,1052.0,2979.0
0.9615773672608714,0.381324215,0.300827192,0.825555837,1052.0,2979.0
0.9664879198159813,0.289711433,0.289845211,0.812640386,1052.0,2979.0
0.9754877681877586,0.173910027,0.282167571,0.793712173,1052.0,2979.0
0.9796468640897079,0.008470391,0.271506493,0.77318334,1052.0,2979.0
0.9666882713602807,0.0,0.268559944,0.771053643,1052.0,2979.0
0.8798725135169518,0.0,0.256940448,0.7661226505000001,1052.0,2979.0
0.8114947336409317,0.0,0.2531228595,0.7894679185,1052.0,2979.0
0.7919869983960641,0.0,0.2179865065,0.757799797,1052.0,2979.0
0.7933260761367616,0.0,0.207751567,0.734909815,1052.0,2979.0
0.876697818274584,0.0,0.2112504645,0.7424766525,1052.0,2979.0
0.9762996076910959,0.001141309,0.224275047,0.7478691545,1052.0,2979.0
0.9915146946929627,0.234418836,0.219183714,0.755961297,1052.0,2979.0
0.9807411344806194,0.464931379,0.187620459,0.742994606,1052.0,2979.0
0.9725160094570966,0.631788054,0.132331894,0.700242755,1052.0,2979.0
0.965169292150123,0.707406567,0.147442933,0.672593051,1052.0,2979.0
0.958606808551617,0.695753014,0.1608732735,0.6567204015,1052.0,2979.0
0.9567205488872067,0.567457134,0.149895854,0.650935115,1052.0,2979.0
0.9600091775622296,0.447133267,0.134202293,0.625247541,1052.0,2979.0
0.9723106722397635,0.285636885,0.14317041,0.630039428,1052.0,2979.0
0.9795403176985257,0.012395079,0.179627797,0.641547826,1052.0,2979.0
0.9662330025923875,0.0,0.21330660950000002,0.656722407,1052.0,2979.0
0.8811130314215347,0.0,0.21806398049999998,0.6525099139999999,1052.0,2979.0
0.828571982777078,0.0,0.211762844,0.651061098,1052.0,2979.0
0.8003060210349999,0.0,0.17027539,0.5921890405,1052.0,2979.0
0.7981397308572367,0.0,0.13796780549999998,0.5201740100000001,1052.0,2979.0
0.8245565487585814,0.0,0.1322544065,0.5201910235,1052.0,2979.0
0.9174075983599072,0.0,0.13453436,0.549385713,1052.0,2979.0
0.9803434783394992,0.001579363,0.149802936,0.5892624815,1052.0,2979.0
0.9932750190536125,0.268223444,0.149747224,0.61955649,1052.0,2979.0
0.9830772159226289,0.491733553,0.128011082,0.64387443,1052.0,2979.0
0.973486653118985,0.7105155955,0.11170578,0.65564778,1052.0,2979.0
0.9641127838247401,0.767143047,0.14968125,0.687702002,1052.0,2979.0
0.9607955339266251,0.648326649,0.16632465,0.717567377,1052.0,2979.0
0.9664879198159813,0.489905874,0.174877646,0.735333834,1052.0,2979.0
0.9764231426206352,0.283714952,0.213611339,0.760009172,1052.0,2979.0
0.981168428267272,0.00959797,0.268523341,0.787287938,1052.0,2979.0
0.9641037357760054,0.0,0.332340075,0.8199364805,1052.0,2979.0
0.8753281331941705,0.0,0.4024554735,0.8468229709999999,1052.0,2979.0
0.7985416803640941,0.0,0.43008909949999996,0.85559762,1052.0,2979.0
0.7783505801530172,0.0,0.4472308335,0.8690240069999999,1052.0,2979.0
0.7804867713679875,0.0,0.4585890735,0.884233976,1052.0,2979.0
0.8295898978704895,0.0,0.484778987,0.892076516,1052.0,2979.0
0.9316366694289694,0.0,0.499024236,0.8981661365,1052.0,2979.0
0.9861589368469164,0.017683929,0.5067288750000001,0.9021733995,1052.0,2979.0
0.9791634354159829,0.086370702,0.467769133,0.901373001,1052.0,2979.0
0.973393309614534,0.145082177,0.374205101,0.887811415,1052.0,2979.0
0.9676984308886609,0.178477002,0.387351449,0.901247094,1052.0,2979.0
0.9605456027074709,0.152739112,0.38399445649999997,0.8874743855,1052.0,2979.0
0.9550516299682654,0.090022995,0.3954983685,0.861381239,1052.0,2979.0
0.9626462012410978,0.0253164055,0.3841764705,0.8517782465,1052.0,2979.0
0.9487057934823075,0.0,0.35327770150000004,0.8600596385,1052.0,2979.0
0.8648617479727898,0.0,0.316275533,0.8525110579999999,1052.0,2979.0
0.7925534303732085,0.0,0.234443708,0.818120383,1052.0,2979.0
0.7724933200713899,0.0,0.246579229,0.8154001625,1052.0,2979.0
0.7749630688523599,0.0,0.26559085950000005,0.8329838540000001,1052.0,2979.0
0.8627297579926669,0.0,0.2713368695,0.830044513,1052.0,2979.0
0.9707863381702015,0.0013352935,0.26788239150000004,0.8079155995,1052.0,2979.0
0.9847333018040219,0.1743926,0.243902353,0.767744829,1052.0,2979.0
0.9712685671539254,0.323191167,0.220317493,0.742041073,1052.0,2979.0
0.9609672639164264,0.454841473,0.173072317,0.708502663,1052.0,2979.0
0.9546466792479681,0.52799952,0.212175338,0.711693586,1052.0,2979.0
0.9487917045426529,0.5298098115000001,0.2214024215,0.699735499,1052.0,2979.0
0.9452627464767664,0.487176739,0.217054498,0.665205812,1052.0,2979.0
0.9482740220681384,0.362670455,0.189490968,0.622377206,1052.0,2979.0
0.9573542881131165,0.22675002,0.170733225,0.569951644,1052.0,2979.0
0.9667587176874144,0.018419634,0.170086363,0.520350752,1052.0,2979.0
0.9596673792527008,0.0,0.17239890400000002,0.4696932225,1052.0,2979.0
0.8757828945793587,0.0,0.159125551,0.4295278105,1052.0,2979.0
0.8171510188034273,0.0,0.14994338,0.387760965,1052.0,2979.0
0.7719987425658035,0.0,0.14513489499999999,0.3438469,1052.0,2979.0
0.766870018761594,0.0,0.148312623,0.27133570250000005,1052.0,2979.0
0.7695651863111777,0.0,0.121996498,0.20666496750000002,1052.0,2979.0
0.7740642793306234,0.0,0.1229911195,0.15836247050000002,1052.0,2979.0
0.8312107141914646,0.024025224499999998,0.119684615,0.1310193065,1052.0,2979.0
0.8548939337002323,0.09357067,0.09278692,0.097668797,1052.0,2979.0
0.8476720902033523,0.18111298850000002,0.064189578,0.07665093249999999,1052.0,2979.0
0.837991738225441,0.2124453985,0.0544742675,0.0529921105,1052.0,2979.0
0.8366015570047434,0.191784184,0.064701807,0.040220219,1052.0,2979.0
0.8434788786969478,0.142564412,0.072865466,0.037867832,1052.0,2979.0
0.859542644301754,0.103978907,0.083139065,0.040270267,1052.0,2979.0
0.8680637726173587,0.00942818,0.09636766150000001,0.057738363,1052.0,2979.0
0.8426298776358949,0.0,0.0915538065,0.112881654,1052.0,2979.0
0.8069805447432389,0.0,0.081288667,0.169835506,1052.0,2979.0
0.7790564734415792,0.0,0.0633875205,0.18687044349999998,1052.0,2979.0
0.7743774328872286,0.0,0.06998583850000001,0.22319649949999998,1052.0,2979.0
0.7720648262633298,0.0,0.07427637249999999,0.263788233,1052.0,2979.0
0.7786891926559205,0.0,0.0736275275,0.259244728,1052.0,2979.0
0.8054511328697538,0.002002461,0.080259339,0.2822646975,1052.0,2979.0
0.8462884174666154,0.163598925,0.080416902,0.269735505,1052.0,2979.0
0.8530653794562969,0.307384471,0.056208722,0.252445524,1052.0,2979.0
0.8461617434587076,0.46732393950000006,0.051294381,0.262698182,1052.0,2979.0
0.834708049820819,0.4781675905,0.063923701,0.28677393549999997,1052.0,2979.0
0.8342675070819904,0.35259845,0.067554295,0.281829605,1052.0,2979.0
0.841640445237835,0.269505004,0.066604392,0.264540026,1052.0,2979.0
0.8582129377307167,0.154206169,0.082771484,0.297097968,1052.0,2979.0
0.8634268799565694,0.011149196,0.134827111,0.3370077715,1052.0,2979.0
0.8382354840815602,0.0,0.1775510715,0.435002181,1052.0,2979.0
0.8013533424525017,0.0,0.184681897,0.467216744,1052.0,2979.0
0.7819180850540243,0.0,0.172197344,0.44176304899999996,1052.0,2979.0
0.7882409315689631,0.0,0.15417990999999998,0.39059758450000004,1052.0,2979.0
0.7897279652216629,0.0,0.1344607625,0.35914366600000003,1052.0,2979.0
0.8754958008082709,0.0,0.111627133,0.3158018985,1052.0,2979.0
0.975678332979176,0.002647395,0.08895257749999999,0.2983013205,1052.0,2979.0
0.9889747541047268,0.081507294,0.068678981,0.289387863,1052.0,2979.0
0.9815754095126078,0.177534132,0.040187556,0.272585242,1052.0,2979.0
0.9744399387247394,0.3357803105,0.021621518,0.199818594,1052.0,2979.0
0.9666994891246061,0.433626766,0.015494098,0.164951148,1052.0,2979.0
0.9642966091421606,0.380539118,0.013740965,0.141164375,1052.0,2979.0
0.9668981329333871,0.278597578,0.011986416,0.127809963,1052.0,2979.0
0.9758000673794951,0.084197844,0.0175417525,0.11179093949999999,1052.0,2979.0
0.9615113064303644,0.0,0.029062883999999997,0.1040799535,1052.0,2979.0
0.8729842043876461,0.0,0.033857581,0.10650991300000001,1052.0,2979.0
0.8011125514129718,0.0,0.0260907865,0.093700429,1052.0,2979.0
0.7865260327079835,0.0,0.029709555999999998,0.071215573,1052.0,2979.0
0.7947831032889643,0.0,0.04171672,0.08125349400000001,1052.0,2979.0
0.8790427625093308,0.0,0.056644269,0.10755917549999999,1052.0,2979.0
0.9766599634153539,0.003157728,0.067524683,0.1314699995,1052.0,2979.0
0.9927967603147,0.176987806,0.059471902,0.137495654,1052.0,2979.0
0.9823567808667818,0.339067263,0.043058492,0.122551246,1052.0,2979.0
0.9748702791274648,0.486355123,0.047168617,0.145182084,1052.0,2979.0
0.969243815872281,0.546147516,0.049817604,0.141475702,1052.0,2979.0
0.9632043696076937,0.506704817,0.0590341945,0.1424256765,1052.0,2979.0
0.9593151482798447,0.35862107,0.077008148,0.150529615,1052.0,2979.0
0.9651895118977382,0.252498433,0.091765297,0.181174521,1052.0,2979.0
0.9735836898127663,0.155094878,0.114875813,0.236792298,1052.0,2979.0
0.9787893687594764,0.0108365375,0.1699051055,0.34775747700000004,1052.0,2979.0
0.9296653295392505,0.0,0.191972019,0.403084736,1052.0,2979.0
0.8602212545849657,0.0,0.178137254,0.346012861,1052.0,2979.0
0.814778098924628,0.0,0.144684107,0.28379430299999997,1052.0,2979.0
0.7962738758650332,0.0,0.1384675255,0.2065624485,1052.0,2979.0
0.7984482447287535,0.0,0.149818278,0.1461137485,1052.0,2979.0
0.8812013892529522,0.0,0.1502043465,0.11340697,1052.0,2979.0
0.979888163174755,0.0044776725,0.14549254550000001,0.0918271615,1052.0,2979.0
0.9937999033136025,0.219377438,0.125016018,0.079602215,1052.0,2979.0
0.9828238679068133,0.407729096,0.110299916,0.066601404,1052.0,2979.0
0.9791516174752504,0.539534887,0.085371894,0.055817304,1052.0,2979.0
0.9713158389168546,0.644921954,0.097359347,0.052107075,1052.0,2979.0
0.9663218681379161,0.6350870415000001,0.13912494050000002,0.0580336605,1052.0,2979.0
0.9636287085777572,0.488110913,0.174534363,0.074833135,1052.0,2979.0
0.9671916433889521,0.349747847,0.191554779,0.09662928,1052.0,2979.0
0.976579268686672,0.216963495,0.198746104,0.124992866,1052.0,2979.0
0.9830552417112381,0.044061234,0.239077958,0.159804893,1052.0,2979.0
0.969944030849107,0.0,0.2728207455,0.197040066,1052.0,2979.0
0.8862827024350859,0.0,0.28222788499999996,0.20672511500000001,1052.0,2979.0
0.8170798341035524,0.0,0.237827678,0.221504458,1052.0,2979.0
0.7996394593511504,0.0,0.263684529,0.19784146,1052.0,2979.0
0.8009496848787198,0.0,0.27680800699999997,0.1957172275,1052.0,2979.0
0.8829214583801506,0.0,0.296523374,0.21815036100000001,1052.0,2979.0
0.9804347442592487,0.0056730945,0.305013077,0.25202535000000004,1052.0,2979.0
0.9931729042245019,0.195536843,0.309585909,0.248006027,1052.0,2979.0
0.9856906497854772,0.342675537,0.31413321,0.224411469,1052.0,2979.0
0.9798926408022715,0.47077624,0.272299785,0.184436543,1052.0,2979.0
0.9718754382948942,0.537408991,0.3244327935,0.1829051575,1052.0,2979.0
0.9674568090140941,0.44188209700000003,0.38357871050000003,0.21929622199999999,1052.0,2979.0
0.9705147097951377,0.307928221,0.379192385,0.277904155,1052.0,2979.0
0.9812171774384959,0.207697176,0.342598539,0.321962156,1052.0,2979.0
0.9865846607629789,0.043752494,0.36153852,0.366811305,1052.0,2979.0
0.9819401046680477,0.0,0.37739295,0.399048586,1052.0,2979.0
0.9337911413345941,0.0,0.3662036335,0.4300789025,1052.0,2979.0
0.8475309204936039,0.0,0.319631647,0.43550817,1052.0,2979.0
0.8017749121933797,0.0,0.2800985585,0.4152557045,1052.0,2979.0
0.8004994939147497,0.0,0.277497016,0.3979612335,1052.0,2979.0
0.8261779655873694,0.0,0.28127032399999996,0.382028464,1052.0,2979.0
0.9195147981711964,0.0,0.291961377,0.398241845,1052.0,2979.0
0.9801396185304606,0.0070954365,0.3127108995,0.41614516199999996,1052.0,2979.0
0.9957905853876425,0.199506801,0.336253315,0.445450564,1052.0,2979.0
0.9868683847970682,0.344626556,0.363244434,0.472992091,1052.0,2979.0
0.9852949323699118,0.453884862,0.226699056,0.423020847,1052.0,2979.0
0.9814049726693217,0.510598963,0.253523979,0.428731604,1052.0,2979.0
0.97971689483362,0.5901861685,0.29693873,0.468195983,1052.0,2979.0
0.9770429395928544,0.567003993,0.327424835,0.497891495,1052.0,2979.0
0.9802240985793624,0.48301614,0.344924685,0.513939763,1052.0,2979.0
0.9874624222376764,0.300103257,0.340238117,0.532223231,1052.0,2979.0
0.9899358874064024,0.060773198,0.387315159,0.572051349,1052.0,2979.0
0.9863938192474861,0.0,0.410727952,0.613625476,1052.0,2979.0
0.9370146782104816,0.0,0.4181778015,0.6742671575,1052.0,2979.0
0.8500084941034756,0.0,0.3715400985,0.6907321049999999,1052.0,2979.0
0.7922502252956511,0.0,0.34641414299999995,0.6930668885,1052.0,2979.0
0.7842718466788755,0.0,0.3694649456666666,0.7302618316666667,1052.0,2979.0
0.7891421443319401,0.0,0.421718453,0.797949853,1052.0,2979.0
0.8114235489410568,0.01111151,0.4815835035,0.8507738844999999,1052.0,2979.0
0.8548391834277527,0.246003805,0.477773648,0.873884327,1052.0,2979.0
0.8634699044192061,0.398675826,0.557054157,0.885435844,1052.0,2979.0
0.8602522768450911,0.522908577,0.499997201,0.86516371,1052.0,2979.0
0.8576004343434567,0.598799947,0.528318433,0.857402185,1052.0,2979.0
0.8517291173416359,0.6334248,0.562701009,0.84021904,1052.0,2979.0
0.8535730902533383,0.573650238,0.593133523,0.833181776,1052.0,2979.0
0.8625992522676883,0.478756088,0.594938453,0.831618321,1052.0,2979.0
0.8801952917688668,0.307725637,0.562987486,0.842247411,1052.0,2979.0
0.8820728722395069,0.068040729,0.573468452,0.856469537,1052.0,2979.0
0.879470702206429,0.0,0.586092852,0.856152304,1052.0,2979.0
0.8541788541666013,0.0,0.578419301,0.8316762725,1052.0,2979.0
0.8185968739253432,0.0,0.54629873,0.781242877,1052.0,2979.0
0.7916129778050025,0.0,0.4218645135,0.6933404785,1052.0,2979.0
0.786936060900798,0.0,0.397736882,0.638433903,1052.0,2979.0
0.7851075527223075,0.0,0.3674230495,0.5761120805,1052.0,2979.0
0.7887488272905958,0.0,0.34302602449999997,0.573202846,1052.0,2979.0
0.8125351770566962,0.015636717,0.326804372,0.590552916,1052.0,2979.0
0.8550896687578687,0.276700482,0.32359074,0.615776676,1052.0,2979.0
0.8670812192152544,0.462916177,0.311852959,0.614478051,1052.0,2979.0
0.8662823980054629,0.606595271,0.236367516,0.586813595,1052.0,2979.0
0.8643207988031812,0.696458899,0.242074733,0.559918513,1052.0,2979.0
0.8631214127011252,0.693479312,0.26110025449999996,0.5615975185,1052.0,2979.0
0.864781884741957,0.583800579,0.290954283,0.625742552,1052.0,2979.0
0.8735496209365683,0.438624398,0.314367932,0.690877281,1052.0,2979.0
0.8876555726593127,0.268135726,0.316700833,0.76263957,1052.0,2979.0
0.8879681946405691,0.065729057,0.313744285,0.809812321,1052.0,2979.0
0.8845707123252508,0.0,0.338821308,0.840195693,1052.0,2979.0
0.8590497055992219,0.0,0.348771487,0.8466463325,1052.0,2979.0
0.8064304086657492,0.0,0.3280363195,0.8245202549999999,1052.0,2979.0
0.8089487452231832,0.0,0.30277742399999996,0.8150571035,1052.0,2979.0
0.8061828314239654,0.0,0.28799303200000004,0.8055073385,1052.0,2979.0
0.8309804486089638,0.0,0.276519092,0.769335872,1052.0,2979.0
0.9207772902871701,0.0,0.276662048,0.740542636,1052.0,2979.0
0.9824523401522686,0.018735389,0.288862895,0.715512813,1052.0,2979.0
0.9966701013261157,0.249580789,0.362749596,0.70381531,1052.0,2979.0
0.9897650807139335,0.39238353,0.400123031,0.715665017,1052.0,2979.0
0.9874616838649353,0.468456455,0.328479409,0.667870273,1052.0,2979.0
0.9860841053545621,0.479200011,0.3856675725,0.6573972935,1052.0,2979.0
0.9870478703519009,0.416435572,0.459715883,0.689865022,1052.0,2979.0
0.9870541485086376,0.360248746,0.477665199,0.688380765,1052.0,2979.0
0.9901007851285049,0.271904581,0.476107483,0.687442899,1052.0,2979.0
0.9958771890866904,0.182441285,0.418313114,0.6944052,1052.0,2979.0
0.996141616007685,0.060145495,0.353474903,0.712219202,1052.0,2979.0
0.9816351918549717,0.0,0.306761516,0.7366287604999999,1052.0,2979.0
0.8951220389127936,0.0,0.27197627449999995,0.7425452465,1052.0,2979.0
0.8380698476553105,0.0,0.222747825,0.72828981,1052.0,2979.0
0.811647813422302,0.0,0.207559687,0.723903497,1052.0,2979.0
0.8081419374583241,0.0,0.19918332500000002,0.6830787620000001,1052.0,2979.0
0.8336412466970371,0.0,0.19044299050000002,0.631884755,1052.0,2979.0
0.943612754490331,0.0,0.186289033,0.605791425,1052.0,2979.0
0.9945009491254653,0.031411481,0.187300807,0.59872695,1052.0,2979.0
0.9985626388158566,0.230528288,0.18750375,0.592031628,1052.0,2979.0
0.9913315159487998,0.399429051,0.18427213,0.581796864,1052.0,2979.0
0.9892498907445297,0.539240262,0.135190922,0.517452681,1052.0,2979.0
0.9865264022257602,0.603313969,0.165236706,0.496271843,1052.0,2979.0
0.986423087043836,0.6187097,0.20350619250000002,0.503923187,1052.0,2979.0
0.9873120202174145,0.52051575,0.230076264,0.529400454,1052.0,2979.0
0.9901007851285049,0.358603778,0.252620919,0.565289665,1052.0,2979.0
0.9958771890866904,0.187820495,0.261795441,0.605156895,1052.0,2979.0
0.9970275950274864,0.053617391,0.253625831,0.648596786,1052.0,2979.0
0.9818395600409335,0.0,0.2704392435,0.6897546205,1052.0,2979.0
0.9180989498811838,0.0,0.28546603,0.713511308,1052.0,2979.0
0.8559927745123619,0.0,0.2841350125,0.7237827935,1052.0,2979.0
0.8120927413263515,0.0,0.2616734475,0.730535633,1052.0,2979.0
0.8104288077490376,0.0,0.2466964385,0.7582193165,1052.0,2979.0
0.8342459023883761,0.0,0.2559033885,0.773505935,1052.0,2979.0
0.9446628921966816,0.0,0.291464123,0.8080749655,1052.0,2979.0
0.9952502827912916,0.066228966,0.324342709,0.844908407,1052.0,2979.0
0.9969683203992334,0.331549694,0.33676561,0.868209439,1052.0,2979.0
0.992459948341017,0.519344457,0.350364198,0.881109936,1052.0,2979.0
0.9906103889170621,0.656839591,0.3307586725,0.9101299460000001,1052.0,2979.0
0.9884012588698474,0.6937339650000001,0.3609211955,0.9076300145,1052.0,2979.0
0.988632955795198,0.641478578,0.39832683,0.909088094,1052.0,2979.0
0.9917977724852006,0.509340053,0.442720168,0.915658978,1052.0,2979.0
0.999244573102028,0.335244151,0.485616757,0.920268133,1052.0,2979.0
1.0,0.098358449,0.499008483,0.923696811,1052.0,2979.0
0.9836736076720134,0.0,0.5818804415,0.927467919,1052.0,2979.0
0.8970418133424398,0.0,0.645683834,0.92783182,1052.0,2979.0
0.8384730435804261,0.0,0.574151798,0.925827211,1052.0,2979.0
0.7890403529551614,0.0,0.590653142,0.9078722695,1060.0,3001.5
0.7846426353978668,0.0,0.5967508695,0.8811333685,1068.0,3024.0
0.8068098301816599,0.0,0.578026979,0.8705644385,1068.0,3024.0
0.918424590155986,0.0,0.587945547,0.880669216,1068.0,3024.0
0.9712906334962057,0.05487457,0.570266649,0.884489427,1068.0,3024.0
0.9812201315922727,0.238617639,0.555804808,0.888666969,1068.0,3024.0
0.9808765794817806,0.399297156,0.540535138,0.889851486,1068.0,3024.0
0.9792109378375422,0.6146276614999999,0.454239807,0.8987473500000001,1068.0,3024.0
0.9792826302515283,0.7146008315,0.5049411850000001,0.8987543090000001,1068.0,3024.0
0.9794780889164959,0.634300851,0.5404319,0.905216683,1068.0,3024.0
0.9816106790730253,0.504793011,0.562942351,0.91205242,1068.0,3024.0
0.9872624398797477,0.326038462,0.56104153,0.917363318,1068.0,3024.0
0.9848868429026523,0.0486813725,0.603008633,0.925821915,1068.0,3024.0
0.9171149187393788,0.0,0.6040364874999999,0.914205573,1068.0,3024.0
0.8409817783095695,0.0,0.576866363,0.891228903,1068.0,3024.0
0.8008320592509526,0.0,0.483495436,0.857089883,1068.0,3024.0
0.7845859460684264,0.0,0.4635059655,0.7819964294999999,1068.0,3024.0
0.7858065209494689,0.0,0.438006541,0.7582745795,1068.0,3024.0
0.8621844229950255,0.0,0.4333929025,0.7403321709999999,1068.0,3024.0
0.9603808895785537,0.038362725,0.43428747700000003,0.7405657295000001,1068.0,3024.0
0.9804115239610057,0.270085677,0.397212325,0.758117267,1068.0,3024.0
0.9803174417524074,0.435255481,0.371710866,0.7724325,1068.0,3024.0
0.9790004764194351,0.607428791,0.2985487745,0.8131135190000001,1068.0,3024.0
0.979039715561852,0.675826664,0.3081783465,0.857255923,1068.0,3024.0
0.979510772846695,0.565577601,0.306797366,0.884379149,1068.0,3024.0
0.981643270872335,0.420123899,0.297337489,0.895740734,1068.0,3024.0
0.9870355904310961,0.250620462,0.283773309,0.907368632,1068.0,3024.0
0.9848927979384632,0.033164738,0.29075145950000003,0.914352794,1068.0,3024.0
0.917173823849855,0.0,0.30434221,0.905989526,1068.0,3024.0
0.8409057000675507,0.0,0.288895343,0.882643292,1068.0,3024.0
0.8071495048410423,0.0,0.253298467,0.829464554,1068.0,3024.0
0.7735464122629236,0.0,0.2306031455,0.784044171,1068.0,3024.0
0.7645839335718787,0.0,0.225587344,0.7321480785,1068.0,3024.0
0.7642421816592008,0.0,0.225603123,0.714258539,1068.0,3024.0
0.7642870066510581,0.0,0.2465272735,0.720792374,1068.0,3024.0
0.779567993088672,0.037951465,0.274202089,0.7262891375,1068.0,3024.0
0.8250749699372433,0.263592078,0.233888723,0.707770481,1068.0,3024.0
0.8410347741182737,0.412339417,0.210769416,0.682534524,1068.0,3024.0
0.8420693085636718,0.557606943,0.191773052,0.650261736,1068.0,3024.0
0.840451630989659,0.7031515445000001,0.201469292,0.617133765,1068.0,3024.0
0.8371525699827148,0.63418958,0.22114776,0.6467528975,1068.0,3024.0
0.8450938788412586,0.454888291,0.240374142,0.716049225,1068.0,3024.0
0.8633017754878457,0.285069388,0.240322196,0.755856074,1068.0,3024.0
0.8653473006280672,0.090535744,0.277935985,0.802351767,1068.0,3024.0
0.8509953872681678,0.0,0.30045563200000003,0.8291882159999999,1068.0,3024.0
0.7980925512251971,0.0,0.2935330305,0.794966976,1068.0,3024.0
0.7532288922324005,0.0,0.290333492,0.726878213,1068.0,3024.0
0.773286717157907,0.0,0.27929159400000003,0.6924273135000001,1068.0,3024.0
0.7637148738265643,0.0,0.273908849,0.67114209,1068.0,3024.0
0.7679137629818926,0.0,0.2651048185,0.656231754,1068.0,3024.0
0.7631424175497388,0.0,0.26691351249999995,0.663924185,1068.0,3024.0
0.8002442993042689,0.070828109,0.268131768,0.67015493,1068.0,3024.0
0.8231358069264247,0.25076797,0.214090275,0.652833619,1068.0,3024.0
0.832329913610356,0.431787274,0.162174475,0.619571171,1068.0,3024.0
0.82586049646082,0.578437177,0.124054898,0.546514638,1068.0,3024.0
0.8158828947725685,0.7062618955,0.1352711775,0.5208717865,1068.0,3024.0
0.8058550671676108,0.686921476,0.154810509,0.549612424,1068.0,3024.0
0.8057146364934158,0.610958525,0.185114217,0.60098978,1068.0,3024.0
0.8141165693106631,0.462141964,0.216931934,0.643995102,1068.0,3024.0
0.8368126182678512,0.284851816,0.29513902,0.702973122,1068.0,3024.0
0.8420948838335034,0.07964638,0.398210464,0.766403409,1068.0,3024.0
0.8425497830836199,0.0,0.458577002,0.806515798,1068.0,3024.0
0.8074853938487989,0.0,0.4667264825,0.8223942475,1068.0,3024.0
0.7665395310100925,0.0,0.455345801,0.835675943,1068.0,3024.0
0.7482596420270191,0.0,0.3952866095,0.8474751895,1068.0,3024.0
0.7560042925305938,0.0,0.367691585,0.8799225534999999,1068.0,3024.0
0.7564074881243035,0.0,0.337911697,0.890005078,1068.0,3024.0
0.8446335319380361,0.0,0.294663315,0.8852792985,1068.0,3024.0
0.9395886422722828,0.0,0.275256049,0.87100764,1068.0,3024.0
0.9677171738907937,0.039957405,0.253182709,0.847870476,1068.0,3024.0
0.9683181363928025,0.192072519,0.226436296,0.818401574,1068.0,3024.0
0.9566120637704698,0.336190224,0.165610249,0.780307737,1068.0,3024.0
0.9486758327158491,0.508672056,0.119420826,0.673310705,1068.0,3024.0
0.9423958724672129,0.618667235,0.120736552,0.629737906,1068.0,3024.0
0.9275263687636885,0.637895666,0.12254994500000001,0.5710259245,1068.0,3024.0
0.9185536648695211,0.526244587,0.110396151,0.493708441,1068.0,3024.0
0.9207107220739583,0.39557458,0.111983546,0.419713332,1068.0,3024.0
0.9329207195103002,0.264052381,0.140165879,0.357525479,1068.0,3024.0
0.9474523033496236,0.0461368785,0.2192743755,0.30843796300000004,1068.0,3024.0
0.893369839966358,0.0,0.242212807,0.3620308045,1068.0,3024.0
0.8021385915891914,0.0,0.19901742649999998,0.43173904100000005,1068.0,3024.0
0.7623375952386915,0.0,0.16022796150000002,0.42092057650000003,1068.0,3024.0
0.7566755625005896,0.0,0.1403667655,0.4271406585,1068.0,3024.0
0.7832164923094551,0.0,0.1322674905,0.398170392,1068.0,3024.0
0.9130229912270481,0.0,0.130907508,0.4271307775,1068.0,3024.0
0.9676054569019867,0.076077571,0.117478436,0.463653552,1068.0,3024.0
0.9683181363928025,0.235593094,0.090129595,0.464259709,1068.0,3024.0
0.9566120637704698,0.36269504,0.055829728,0.429929388,1068.0,3024.0
0.9486758327158491,0.465671575,0.042002169,0.350178091,1068.0,3024.0
0.9433778724211673,0.5174817979999999,0.0498999865,0.35269189450000005,1068.0,3024.0
0.9355992448408781,0.4061693235,0.062679421,0.36954862,1068.0,3024.0
0.9396120010982663,0.261495934,0.069040035,0.37665744,1068.0,3024.0
0.9478871677767162,0.150556075,0.08352481,0.394609086,1068.0,3024.0
0.9548782379769843,0.04895961,0.104486641,0.402874087,1068.0,3024.0
0.936368982847505,0.0,0.115824748,0.37005468399999997,1068.0,3024.0
0.8437572939370779,0.0,0.107930111,0.27776005299999995,1068.0,3024.0
0.7814111580323568,0.0,0.11747776,0.287236959,1068.0,3024.0
0.7614901633854168,0.0,0.11220422199999999,0.23412459549999998,1068.0,3024.0
0.7552827956496735,0.0,0.110532605,0.2023971505,1068.0,3024.0
0.7803003150177157,0.0,0.1169492875,0.1749843885,1068.0,3024.0
0.9105038241659833,0.0,0.1392655895,0.1785757955,1068.0,3024.0
0.9674080595114642,0.043555992,0.147760781,0.192836352,1068.0,3024.0
0.9690319234427303,0.125803517,0.139697339,0.206088948,1068.0,3024.0
0.9604576137310181,0.221197458,0.145335029,0.215119943,1068.0,3024.0
0.952990916487501,0.31170487550000003,0.1767415885,0.2257899095,1068.0,3024.0
0.9487803943160317,0.4105591835,0.20480638750000002,0.2004837355,1068.0,3024.0
0.9478092429400322,0.309454107,0.209563459,0.171998941,1068.0,3024.0
0.9528641964141483,0.247402475,0.203819559,0.161282957,1068.0,3024.0
0.961530926001573,0.175850892,0.193574024,0.157405162,1068.0,3024.0
0.9626063619222741,0.075362834,0.203862166,0.155771522,1068.0,3024.0
0.9599751083546255,0.0,0.22795523,0.180313349,1068.0,3024.0
0.8974672141375764,0.0,0.26923491099999997,0.222307223,1068.0,3024.0
0.8023196466832082,0.0,0.2973131295,0.280040281,1068.0,3024.0
0.7648740278935945,0.0,0.31991066,0.312485294,1068.0,3024.0
0.7565087260529323,0.0,0.35408426849999997,0.3520921895,1068.0,3024.0
0.7570676559906949,0.0,0.37645753400000004,0.41585198749999996,1068.0,3024.0
0.8043460599663323,0.0,0.381973557,0.46707679,1068.0,3024.0
0.9114372131450483,0.0,0.39275233099999995,0.5371415575,1068.0,3024.0
0.9643987233084591,0.059205889,0.386935733,0.57849347,1068.0,3024.0
0.9642921769172771,0.180953095,0.392352001,0.614741074,1068.0,3024.0
0.955340431474872,0.312561868,0.428237691,0.634977848,1068.0,3024.0
0.9492124888511266,0.42894252850000003,0.42242838650000003,0.6556963725,1068.0,3024.0
0.9472647391088338,0.450051853,0.467271762,0.735404903,1068.0,3024.0
0.9444898697231771,0.382399299,0.437249557,0.762651203,1068.0,3024.0
0.9447282607198921,0.29174368,0.390969747,0.756058324,1068.0,3024.0
0.9520347227934143,0.204604061,0.390075016,0.736820033,1068.0,3024.0
0.955192153104756,0.084527899,0.432568001,0.72267836,1068.0,3024.0
0.9550350109476848,0.0,0.492220186,0.72433575,1068.0,3024.0
0.8929348827455635,0.0,0.5635500855,0.770705352,1068.0,3024.0
0.8011197068015963,0.0,0.5649131725000001,0.8284283459999999,1068.0,3024.0
0.7578803955929394,0.0,0.538923515,0.8236103539999999,1068.0,3024.0
0.7533804250101999,0.0,0.5042469365,0.802535795,1068.0,3024.0
0.7779918400333882,0.0,0.48047421349999997,0.778379818,1068.0,3024.0
0.9102276250382952,0.0,0.4496785075,0.7194164654999999,1068.0,3024.0
0.9643987233084591,0.081836506,0.401220652,0.649802047,1068.0,3024.0
0.9642921769172771,0.20927351,0.354957584,0.602926146,1068.0,3024.0
0.9547458399233016,0.325382012,0.343126603,0.566124347,1068.0,3024.0
0.9472054184151361,0.417408274,0.295062401,0.477048999,1068.0,3024.0
0.9413924066787909,0.442548572,0.3001855575,0.4514431675,1068.0,3024.0
0.9319985946924115,0.346980858,0.253394641,0.3662473345,1068.0,3024.0
0.9334309238066706,0.236856398,0.158387412,0.299776263,1068.0,3024.0
0.941602036930455,0.164137963,0.109460875,0.255810695,1068.0,3024.0
0.9468893799686242,0.031070172,0.1023402695,0.2250095015,1068.0,3024.0
0.8897555710165328,0.0,0.1288849085,0.26471783,1068.0,3024.0
0.7965780967022188,0.0,0.1439234525,0.3312353315,1068.0,3024.0
0.7223485269332907,0.0,0.16850733499999998,0.39978395899999997,1068.0,3024.0
0.6960188197822929,0.0,0.19859828699999998,0.477763288,1068.0,3024.0
0.6955530255573705,0.0,0.22512022999999998,0.5625077270000001,1068.0,3024.0
0.7067866330818422,0.0,0.2585263285,0.6468512719999999,1068.0,3024.0
0.762936433759148,0.032116165,0.266072438,0.712506191,1068.0,3024.0
0.7841908748947126,0.075314181,0.259307924,0.744569043,1068.0,3024.0
0.7885236395120182,0.125512547,0.236522433,0.76472486,1068.0,3024.0
0.7848107646606335,0.21453953999999997,0.19416377899999998,0.7536939199999999,1068.0,3024.0
0.7781248385948836,0.272088183,0.1959509925,0.7341731545000001,1068.0,3024.0
0.7779428602035342,0.213946133,0.200644433,0.712344786,1068.0,3024.0
0.7838149159095024,0.139662847,0.203742021,0.679131808,1068.0,3024.0
0.7992737487674882,0.083033903,0.232352736,0.644296478,1068.0,3024.0
0.7989422913218034,0.014448826,0.2738231345,0.607214256,1068.0,3024.0
0.7753195928595471,0.0,0.2948346055,0.6089110495000001,1068.0,3024.0
0.7320774424950222,0.0,0.27346468,0.5885286305,1068.0,3024.0
0.7078657843960808,0.0,0.238959813,0.512546588,1068.0,3024.0
0.6895324604912504,0.0,0.21299288700000002,0.3745075095,1068.0,3024.0
0.6818680662661165,0.0,0.192053942,0.25241391599999996,1068.0,3024.0
0.6937329652512076,0.0,0.192193678,0.201682725,1068.0,3024.0
0.7329848184168269,0.0527975665,0.2375157135,0.2264000525,1068.0,3024.0
0.7752446692363032,0.226652914,0.219889266,0.231925936,1068.0,3024.0
0.7798841468644989,0.343916965,0.180861585,0.220299917,1068.0,3024.0
0.7739268263400371,0.446839428,0.148193005,0.307008839,1068.0,3024.0
0.768622633622657,0.5416321885,0.1719546565,0.43383673700000003,1068.0,3024.0
0.761949448463566,0.453015685,0.1693980335,0.534211319,1068.0,3024.0
0.7654803916518583,0.295986209,0.14293524,0.49844467,1068.0,3024.0
0.7740914470066586,0.178862335,0.166766104,0.48400404,1068.0,3024.0
0.7787461129753973,0.063662564,0.207232021,0.517670852,1068.0,3024.0
0.7819467526739672,0.001548578,0.230386475,0.54202109,1068.0,3024.0
0.7708871605156091,0.0,0.2224695605,0.5315657535,1068.0,3024.0
0.7318949103241168,0.0,0.180659079,0.442629216,1068.0,3024.0
0.7191878190158401,0.0,0.1267041985,0.2941382115,1068.0,3024.0
0.71043517836807,0.0,0.100539949,0.149081621,1068.0,3024.0
0.7366257930626148,0.0,0.11696851750000001,0.1629553745,1068.0,3024.0
0.8677903894471131,0.0,0.1433463365,0.193254018,1068.0,3024.0
0.9428626824517634,0.02511232,0.166644376,0.20492922,1068.0,3024.0
0.9413359476765744,0.082633367,0.175633699,0.208120476,1068.0,3024.0
0.9258043605795294,0.137493853,0.19026879,0.214144752,1068.0,3024.0
0.9192618200045635,0.195625664,0.19257461,0.194577436,1068.0,3024.0
0.9114222561259476,0.25262108699999997,0.239912805,0.1898110575,1068.0,3024.0
0.9083795897508918,0.2860682295,0.30800145850000005,0.164648827,1068.0,3024.0
0.9197854114494443,0.1901987905,0.3190212175,0.15905036,1068.0,3024.0
0.9279033435085271,0.07145083,0.33646743,0.17303739,1068.0,3024.0
0.9263221355163396,0.001419878,0.370950031,0.193112972,1068.0,3024.0
0.8804316051808805,0.0,0.4245610795,0.2275774725,1068.0,3024.0
0.8092689845731365,0.0,0.461139165,0.248370563,1068.0,3024.0
0.7442619581180465,0.0,0.431104971,0.269430693,1068.0,3024.0
0.7115839223073861,0.0,0.4661937665,0.280179313,1068.0,3024.0
0.7117628076858119,0.0,0.500290222,0.3509945195,1068.0,3024.0
0.7583141753279395,0.0,0.509548376,0.48783129,1068.0,3024.0
0.8330292049584433,0.0,0.513823956,0.586974879,1068.0,3024.0
0.9047168486853238,0.0,0.510528963,0.629029852,1068.0,3024.0
0.9481142942808486,0.045062845,0.503143307,0.643996219,1068.0,3024.0
0.9532073793382698,0.10176893,0.51453681,0.641364908,1068.0,3024.0
0.9453696627171313,0.170268487,0.586581018,0.603831275,1068.0,3024.0
0.9438943548742743,0.18139744,0.451546698,0.506701263,1068.0,3024.0
0.9424501614224322,0.207569796,0.4681608415,0.4865512375,1068.0,3024.0
0.9430409676537824,0.19957859849999998,0.4424881545,0.500142953,1068.0,3024.0
0.9475746379263493,0.14942196,0.42361838,0.53390791,1068.0,3024.0
0.9538758333508232,0.084388141,0.415541715,0.542937391,1068.0,3024.0
0.955192153104756,0.041298569,0.39875514,0.530765366,1068.0,3024.0
0.9514735535447844,0.001417062,0.377544284,0.499598361,1068.0,3024.0
0.8914494653603049,0.0,0.35212679950000003,0.435703438,1068.0,3024.0
0.8188976786286795,0.0,0.312738491,0.367480699,1068.0,3024.0
0.7768340019798927,0.0,0.252121233,0.312213464,1068.0,3024.0
0.7486197899596664,0.0,0.243427094,0.267878697,1068.0,3024.0
0.7420183207443929,0.0,0.2368931335,0.23334145099999998,1068.0,3024.0
0.7523650948841947,0.0,0.20947308250000002,0.18840653000000002,1068.0,3024.0
0.7989282572686291,0.0,0.177001491,0.15924522,1068.0,3024.0
0.8815389399307825,0.0,0.150299772,0.139774698,1068.0,3024.0
0.9386916764781921,0.0,0.129169248,0.131026224,1068.0,3024.0
0.9643641927835949,0.043235137,0.126099062,0.1219672,1068.0,3024.0
0.9631433411784773,0.126206861,0.115459136,0.111919582,1068.0,3024.0
0.950360632945442,0.207525825,0.091202189,0.109190241,1068.0,3024.0
0.9464599628632314,0.282158121,0.060978601,0.114015176,1068.0,3024.0
0.9422086313473489,0.308982187,0.051444437,0.140358515,1068.0,3024.0
0.9361888974476718,0.29012711049999995,0.054860115,0.23895694700000003,1068.0,3024.0
0.9322687920560319,0.238724063,0.05688146,0.315980814,1068.0,3024.0
0.9319513686635211,0.214685859,0.054580986,0.368338986,1068.0,3024.0
0.9388757785196876,0.163421378,0.055934583,0.450211984,1068.0,3024.0
0.94474940376484,0.09487599,0.08716047,0.541929257,1068.0,3024.0
0.9322555895007067,0.0013990855,0.17438649,0.6282879834999999,1068.0,3024.0
0.8404417985027384,0.0,0.255328181,0.7056483945,1068.0,3024.0
0.7779266100379182,0.0,0.291288592,0.731099685,1068.0,3024.0
0.748295488234012,0.0,0.33686876,0.785841088,1068.0,3024.0
0.7412300017932051,0.0,0.38045936150000004,0.8348684385,1068.0,3024.0
0.7641061364816327,0.0,0.4241130625,0.874351477,1068.0,3024.0
0.8642541377962676,0.0,0.464757781,0.903973606,1068.0,3024.0
0.9300151604692917,0.002335281,0.489164956,0.911638387,1068.0,3024.0
0.9596903688923138,0.122321978,0.504234859,0.914713241,1068.0,3024.0
0.9604992542418743,0.239266283,0.476381546,0.917662758,1068.0,3024.0
0.9493176966931608,0.348141058,0.470907541,0.91426655,1068.0,3024.0
0.9471834442037451,0.438464805,0.391275044,0.876611278,1068.0,3024.0
0.9449138395068701,0.497850007,0.433759027,0.88069649,1068.0,3024.0
0.9407507276260705,0.47701381600000003,0.5075204395,0.898800295,1068.0,3024.0
0.9357029292091728,0.378021422,0.557112376,0.907237966,1068.0,3024.0
0.9396120010982663,0.271054822,0.570708708,0.899021574,1068.0,3024.0
0.9487633597122297,0.150397039,0.547692374,0.88434524,1068.0,3024.0
0.9523876921390116,0.064641023,0.563507043,0.87809146,1068.0,3024.0
0.9504802897610596,0.001783415,0.576757338,0.8953913,1068.0,3024.0
0.890416961771351,0.0,0.569652928,0.8906857175,1068.0,3024.0
0.7984121443332988,0.0,0.488292356,0.8798695555,1068.0,3024.0
0.7502230178972835,0.0,0.440362697,0.855400973,1068.0,3024.0
0.740190020026107,0.0,0.4348192185,0.839067809,1068.0,3024.0
0.7411433288302869,0.0,0.4169364295,0.83489597,1068.0,3024.0
0.8311279425408937,0.0,0.4145222545,0.8265698615,1068.0,3024.0
0.9302737705508097,0.001226402,0.405478466,0.837515732,1068.0,3024.0
0.9599265441079929,0.044612925,0.393894328,0.832605657,1068.0,3024.0
0.9624797800452558,0.089544218,0.384597615,0.830100628,1068.0,3024.0
0.955340431474872,0.128179511,0.403610266,0.825286836,1068.0,3024.0
0.9519456723232944,0.191940735,0.37454095249999997,0.8043622285,1068.0,3024.0
0.9487542195326055,0.23134084900000002,0.397906058,0.796899733,1068.0,3024.0
0.9478941849690062,0.222702862,0.408012463,0.800979454,1068.0,3024.0
0.9510601092181206,0.180212513,0.407318095,0.817282193,1068.0,3024.0
0.961695731592786,0.116910066,0.387203938,0.846100416,1068.0,3024.0
0.9654680653342027,0.066213698,0.396458177,0.8801858,1068.0,3024.0
0.964631482390289,0.002607932,0.425317885,0.907619764,1068.0,3024.0
0.9025943684026018,0.0,0.440293943,0.916666082,1068.0,3024.0
0.8279757288926217,0.0,0.44181939,0.920412713,1068.0,3024.0
0.7918703417996683,0.0,0.358344574,0.922072413,1068.0,3024.0
0.7595688654820311,0.0,0.403478003,0.929284511,1068.0,3024.0
0.7575981492985506,0.0,0.4601433315,0.9337453835,1068.0,3024.0
0.7612893498610449,0.0,0.4968899875,0.9350176995,1068.0,3024.0
0.7667424678532044,0.0,0.5270646885,0.9365083679999999,1068.0,3024.0
0.7652000373547674,0.0026341,0.55955717,0.936744965,1068.0,3024.0
0.8004210149671037,0.067780879,0.59709518,0.937019605,1068.0,3024.0
0.827626359942653,0.149909688,0.637113726,0.937221945,1068.0,3024.0
0.8410462228726353,0.236449819,0.663571344,0.937338912,1068.0,3024.0
0.8424153535106808,0.3373537605,0.6272063225,0.936395513,1068.0,3024.0
0.8421381389547704,0.381685982,0.710231187,0.936767366,1068.0,3024.0
0.8452959848493335,0.320987894,0.760398186,0.934450717,1068.0,3024.0
0.8535459461071346,0.233876055,0.780855016,0.934249245,1068.0,3024.0
0.8678910271993352,0.154236975,0.787856617,0.93506741,1068.0,3024.0
0.867877823981198,0.077278129,0.777844803,0.936788623,1068.0,3024.0
0.8626499401644668,0.003020728,0.768624897,0.936902108,1068.0,3024.0
0.826044413246318,0.0,0.7720806615,0.9372089195,1068.0,3024.0
0.7857466004107705,0.0,0.765350139,0.937289621,1068.0,3024.0
0.7662269086974299,0.0,0.6083426279999999,0.937241038,1068.0,3024.0
0.7666633426637068,0.0,0.68382734,0.9372618325,1068.0,3024.0
0.7641459297350115,0.0,0.6988465214999999,0.9368179919999999,1068.0,3024.0
0.767042902707358,0.0,0.6945041224999999,0.9363939715,1068.0,3024.0
0.765134669494369,0.004861549,0.684764823,0.935812606,1068.0,3024.0
0.8001215034102828,0.11661423,0.7073912,0.935325133,1068.0,3024.0
0.827626359942653,0.248053033,0.724202905,0.935213695,1068.0,3024.0
0.8406977772199992,0.379036111,0.719244699,0.93329902,1068.0,3024.0
0.8418136526359308,0.515843714,0.562812626,0.91848759,1068.0,3024.0
0.8419925380143566,0.6084332020000001,0.618879834,0.9208434235,1068.0,3024.0
0.8420537977650152,0.570519852,0.662050609,0.9270722325,1068.0,3024.0
0.8504708721945485,0.436687638,0.669599361,0.924715081,1068.0,3024.0
0.8653615192744266,0.295287053,0.631188046,0.92161633,1068.0,3024.0
0.8659013605535173,0.149591862,0.585609266,0.919099396,1068.0,3024.0
0.8626226110936719,0.005099664,0.570070845,0.916710564,1068.0,3024.0
0.8251698372468397,0.0,0.527490939,0.897776732,1068.0,3024.0
0.7848158424645566,0.0,0.467953252,0.856012092,1068.0,3024.0
0.7534088391044933,0.0,0.385620867,0.786348716,1068.0,3024.0
0.787451989574349,0.0,0.3455908175,0.722522357,1068.0,3024.0
0.7833886839479227,0.0,0.2972225235,0.6472748715000001,1068.0,3024.0
0.80682954254657,0.0,0.2629438935,0.5895767985,1068.0,3024.0
0.8982579569928167,0.0,0.237435907,0.548749771,1068.0,3024.0
0.9465437966702815,0.007994985,0.225679139,0.52434191,1068.0,3024.0
0.9787552531550214,0.201331096,0.20092374,0.493049747,1068.0,3024.0
0.9831785917161862,0.388982835,0.202787015,0.471052574,1068.0,3024.0
0.9803917655306507,0.552299388,0.179587941,0.441143665,1068.0,3024.0
0.9800922539738298,0.697006958,0.116916222,0.392706442,1068.0,3024.0
0.9753889773616077,0.7907747675,0.119601541,0.3978269815,1068.0,3024.0
0.9704113024823239,0.762910731,0.125619259,0.394758493,1068.0,3024.0
0.9682074348322177,0.67606449,0.131377221,0.397502004,1068.0,3024.0
0.9681597938829178,0.556762581,0.133329622,0.405175851,1068.0,3024.0
0.9750149571019522,0.39304943,0.132218054,0.419917207,1068.0,3024.0
0.9781725716750731,0.201150662,0.133255527,0.451008557,1068.0,3024.0
0.9622231086892926,0.004124104,0.1408921785,0.5419446815,1068.0,3024.0
0.8618997299295648,0.0,0.133158299,0.6670344305,1068.0,3024.0
0.7983829689992448,0.0,0.126529957,0.674403853,1068.0,3024.0
0.784647205487679,0.0,0.1557940725,0.698734416,1068.0,3024.0
0.7845771750751729,0.0,0.18606292600000002,0.722116222,1068.0,3024.0
0.8288673398273083,0.0,0.206672527,0.789584633,1068.0,3024.0
0.8991341489283302,0.0,0.221782253,0.830028319,1068.0,3024.0
0.9482926722765694,0.007123779,0.236822773,0.861820989,1068.0,3024.0
0.9787789818301877,0.133610215,0.239738276,0.881663728,1068.0,3024.0
0.9811504243006925,0.26268841,0.253192739,0.882518632,1068.0,3024.0
0.975855326028898,0.396884174,0.304392291,0.860547883,1068.0,3024.0
0.9712444692923883,0.484572254,0.299974768,0.804994958,1068.0,3024.0
0.9617539904614105,0.6063451744999999,0.345300204,0.723700723,1068.0,3024.0
0.950666884639072,0.600885653,0.3852121345,0.6044726905,1068.0,3024.0
0.9496825767731922,0.470938101,0.368607251,0.542274854,1068.0,3024.0
0.9592549503542593,0.339735179,0.302539877,0.55424955,1068.0,3024.0
0.9636610233215857,0.188080482,0.285647249,0.559960275,1068.0,3024.0
0.9665643672443708,0.011183422,0.2830736,0.547245157,1068.0,3024.0
0.9354288079975921,0.0,0.265596431,0.519871907,1068.0,3024.0
0.8539322923530397,0.0,0.2197202965,0.4411026735,1068.0,3024.0
0.803587770382661,0.0,0.15613078,0.328437078,1068.0,3024.0
0.785110922459306,0.0,0.1263323435,0.26251003900000003,1068.0,3024.0
0.7829601901398625,0.0,0.11463912200000001,0.1993067995,1068.0,3024.0
0.8059214971844882,0.0,0.114997236,0.1653892225,1068.0,3024.0
0.8991341489283302,0.0,0.107344161,0.173314703,1068.0,3024.0
0.9477473833443728,0.011694222,0.103970879,0.208404577,1068.0,3024.0
0.9779576322980436,0.180989235,0.088063179,0.251820971,1068.0,3024.0
0.9807537835877945,0.335130688,0.073120251,0.269482544,1068.0,3024.0
0.974017168962454,0.473472044,0.075596116,0.284203469,1068.0,3024.0
0.9692780693416644,0.585261458,0.062685215,0.308558105,1068.0,3024.0
0.9620505475330483,0.6358061355,0.0859359035,0.3581595125,1068.0,3024.0
0.9550381500260532,0.566043484,0.113148194,0.417247165,1068.0,3024.0
0.9526723394704336,0.504386414,0.125223055,0.470431316,1068.0,3024.0
0.9515752991875245,0.397708371,0.128075881,0.540817744,1068.0,3024.0
0.9588542472656603,0.279933268,0.131947937,0.612176747,1068.0,3024.0
0.96295157570284,0.14199758,0.14390421,0.639887422,1068.0,3024.0
0.9641270949333952,0.007839315,0.171323903,0.683366515,1068.0,3024.0
0.9016046128836159,0.0,0.2108853685,0.768771594,1068.0,3024.0
0.8265956108174748,0.0,0.242412319,0.843249167,1068.0,3024.0
0.7785460381551728,0.0,0.25951378599999997,0.8831023175,1068.0,3024.0
0.7597198676786998,0.0,0.29409103999999997,0.897607472,1068.0,3024.0
0.7583633861478298,0.0,0.351062596,0.915364678,1068.0,3024.0
0.8049894006891264,0.0,0.401319613,0.920973494,1068.0,3024.0
0.8840032649198841,0.0,0.430257251,0.917019599,1068.0,3024.0
0.9395873497885795,0.005783385,0.442302651,0.905776587,1068.0,3024.0
0.9679947112362238,0.067402515,0.437929013,0.8910805,1068.0,3024.0
0.9735570991147126,0.119198059,0.425135785,0.869879583,1068.0,3024.0
0.9695028879338714,0.161154544,0.407943602,0.837171083,1068.0,3024.0
0.9665004761294548,0.198367285,0.33523328,0.765682945,1068.0,3024.0
0.9617001631548574,0.189134788,0.354836357,0.666587117,1068.0,3024.0
0.9547015223141494,0.15830957550000002,0.3100841645,0.504792012,1068.0,3024.0
0.9548133314338462,0.094263045,0.250456193,0.40791974,1068.0,3024.0
0.9609700338084242,0.065397689,0.220668856,0.350692226,1068.0,3024.0
0.9605159650619384,0.029959843,0.206631321,0.289155125,1068.0,3024.0
0.9556549000507936,0.002895474,0.201823325,0.233708474,1068.0,3024.0
0.9213499082901617,0.0,0.186083422,0.182059837,1068.0,3024.0
0.8411358735191621,0.0,0.161357211,0.1588527535,1068.0,3024.0
0.778757561729759,0.0,0.117143337,0.174046852,1068.0,3024.0
0.7489435839712096,0.0,0.113756127,0.206793844,1068.0,3024.0
0.747590033395691,0.0,0.09965913100000001,0.244817612,1068.0,3024.0
0.7763837414206465,0.0,0.086672833,0.31473052,1068.0,3024.0
0.8820442506850089,0.0,0.086301851,0.383837149,1068.0,3024.0
0.9373041726871965,0.004371018,0.089201872,0.418958535,1068.0,3024.0
0.964356806404934,0.032844124,0.082252815,0.444902634,1068.0,3024.0
0.9672358682044027,0.078945787,0.07022424,0.473591663,1068.0,3024.0
0.9607462313072513,0.133424068,0.072130489,0.501856074,1068.0,3024.0
0.9581735133323024,0.174211192,0.071304876,0.497698239,1068.0,3024.0
0.9546146418910266,0.2175892205,0.0784632375,0.5124358965,1068.0,3024.0
0.9523288794908311,0.204321786,0.084170075,0.506107239,1068.0,3024.0
0.9509572560162688,0.177160756,0.084675193,0.497364029,1068.0,3024.0
0.9538766645172663,0.138587734,0.079060951,0.491359071,1068.0,3024.0
0.9599244204578469,0.085019945,0.070106956,0.488354317,1068.0,3024.0
0.9607499244965818,0.05393019,0.065059794,0.483901,1068.0,3024.0
0.9577771496748854,0.00465542,0.070462139,0.493357574,1068.0,3024.0
0.8938192461607359,0.0,0.07977265049999999,0.5129082555,1068.0,3024.0
0.8012530281526116,0.0,0.08296180950000001,0.47429437,1068.0,3024.0
0.7483058290978559,0.0,0.080676358,0.423639825,1068.0,3024.0
0.7344787996665405,0.0,0.08489749299999999,0.3896604095,1068.0,3024.0
0.7298087839624989,0.0,0.0911644125,0.3327421565,1068.0,3024.0
0.7349964824724611,0.0,0.10411165850000001,0.25948219100000003,1068.0,3024.0
0.7439270388044735,0.014524403,0.108569356,0.237368397,1068.0,3024.0
0.776856898825804,0.123212361,0.087774265,0.227614383,1068.0,3024.0
0.8049729662617312,0.249891052,0.0598072,0.220646094,1068.0,3024.0
0.8123035261967904,0.356282732,0.068768582,0.199055466,1068.0,3024.0
0.8056204621539279,0.512863048,0.072498254,0.114270481,1068.0,3024.0
0.7976552403584385,0.580505796,0.072329869,0.078311845,1068.0,3024.0
0.7900704091102311,0.501270239,0.057104369,0.0477056265,1068.0,3024.0
0.7910525936573708,0.350101106,0.045645461,0.030367566999999998,1068.0,3024.0
0.8079195195717443,0.228020922,0.047110122,0.046587847,1068.0,3024.0
0.8098691159087023,0.121731867,0.063831848,0.071751,1068.0,3024.0
0.8252832619711654,0.010729142,0.102566327,0.110291331,1068.0,3024.0
0.8049217245853966,0.0,0.12915864500000002,0.1708337815,1068.0,3024.0
0.7665395310100925,0.0,0.115945992,0.18319928,1068.0,3024.0
0.7425175376036617,0.0,0.07440260600000001,0.145039533,1068.0,3024.0
0.741675230282567,0.0,0.0577268055,0.1057591275,1068.0,3024.0
0.7469754988205803,0.0,0.0384111295,0.0855522605,1068.0,3024.0
0.7531440887311669,0.0,0.035295957,0.0969958335,1068.0,3024.0
0.7930631266240616,0.032956636,0.035741013,0.092963635,1068.0,3024.0
0.8169430038249862,0.194054724,0.026950902,0.093199796,1068.0,3024.0
0.8211475248951996,0.35870406,0.013666528,0.087029821,1068.0,3024.0
0.8114893787815276,0.499211714,0.008861867,0.079754643,1068.0,3024.0
0.7910313581501273,0.63968071,0.009879487,0.083985319,1068.0,3024.0
0.7835656763348324,0.726241747,0.011691258999999999,0.0871875695,1068.0,3024.0
0.7821963150381568,0.5164738019999999,0.0193726585,0.0866143955,1068.0,3024.0
0.7984848067728744,0.299624232,0.029547438,0.086842283,1068.0,3024.0
0.8010667570583372,0.190880249,0.037361404,0.100276277,1068.0,3024.0
0.8036044818655372,0.095270183,0.052387612,0.135154402,1068.0,3024.0
0.7939139282143349,0.010153435,0.070217601,0.170705843,1068.0,3024.0
0.7811493160787686,0.0,0.077664113,0.18430132,1068.0,3024.0
0.7425649250273121,0.0,0.07065002849999999,0.17105055400000002,1068.0,3024.0
0.7340349793216029,0.0,0.061796080499999996,0.1442725235,1068.0,3024.0
0.7336961358286633,0.0,0.057198005999999996,0.15481234100000002,1068.0,3024.0
0.7690308616176573,0.0,0.0624818015,0.1692682335,1068.0,3024.0
0.9096389424570912,0.0,0.06619244199999999,0.1447837435,1068.0,3024.0
0.9643987233084591,0.017194789,0.063805177,0.104591744,1068.0,3024.0
0.9682367954222691,0.091375578,0.054563144,0.088102268,1068.0,3024.0
0.9607462313072513,0.180447092,0.038526707,0.083133708,1068.0,3024.0
0.952341620728896,0.263650777,0.037725655,0.079663603,1068.0,3024.0
0.9455822013885337,0.392169384,0.045791065,0.087784584,1068.0,3024.0
0.9389444239861948,0.47790761550000005,0.061531335000000006,0.10237840449999999,1068.0,3024.0
0.9304869561268759,0.417092519,0.080528235,0.126596221,1068.0,3024.0
0.936088675278671,0.320485986,0.088142954,0.12652582,1068.0,3024.0
0.9362411088181898,0.243545456,0.084222256,0.109575424,1068.0,3024.0
0.9410098460845119,0.148320852,0.073323077,0.079749664,1068.0,3024.0
0.9177770021328997,0.020515768,0.071915511,0.062760526,1068.0,3024.0
0.8418756971561815,0.0,0.0603906015,0.0509288445,1068.0,3024.0
0.7814867749571154,0.0,0.046005701,0.052138764,1068.0,3024.0
0.7571269766843927,0.0,0.044784977,0.061307026,1068.0,3024.0
0.7587564953975632,0.0,0.04343144,0.074885309,1068.0,3024.0
0.7601500006212207,0.0,0.0458424575,0.0930350845,1068.0,3024.0
0.8461750388077345,0.0,0.047609779500000005,0.12552301999999999,1068.0,3024.0
0.942253503067463,0.0,0.046533173,0.159974325,1068.0,3024.0
0.9691391160757641,0.031656102,0.048843216,0.191627354,1068.0,3024.0
0.9707592861548877,0.157909059,0.048181919,0.235796556,1068.0,3024.0
0.9580873716133268,0.3097589,0.043400066,0.260839446,1068.0,3024.0
0.9494175957412357,0.438093997,0.046610168,0.276281274,1068.0,3024.0
0.9454464793318913,0.542203246,0.054258437,0.304456773,1068.0,3024.0
0.9429181714283903,0.552149579,0.094038166,0.335716821,1068.0,3024.0
0.9437494919751956,0.4207891925,0.11842949850000001,0.3026073675,1068.0,3024.0
0.9515235951997115,0.251426705,0.108518871,0.281098251,1068.0,3024.0
0.9520869802293771,0.14970555,0.112859496,0.281566831,1068.0,3024.0
0.9480618525831067,0.072954158,0.126862803,0.298784546,1068.0,3024.0
0.9176196757140491,0.005559136,0.165553407,0.34887199,1068.0,3024.0
0.8390544325766712,0.0,0.2166866125,0.417823557,1068.0,3024.0
0.774552855734954,0.0,0.246845119,0.455771476,1068.0,3024.0
0.7370271423930654,0.0,0.25601977200000003,0.5162279745,1068.0,3024.0
0.7298218718513212,0.0,0.2578621805,0.5881813295,1068.0,3024.0
0.7531576147388239,0.0,0.255562753,0.648397078,1068.0,3024.0
0.8897393672477676,0.0,0.2673096565,0.6610368314999999,1068.0,3024.0
0.9576703262282223,0.008719842,0.281871837,0.591364103,1068.0,3024.0
0.9619861951008724,0.030442696,0.282657246,0.563096252,1068.0,3024.0
0.9550004797600085,0.064517207,0.279117402,0.552992506,1068.0,3024.0
0.9516532233613962,0.09896872,0.303736281,0.543793797,1068.0,3024.0
0.9490422362696199,0.157004114,0.299735471,0.5445450675000001,1068.0,3024.0
0.9481445317713819,0.14887875,0.3326550305,0.5358679335000001,1068.0,3024.0
0.9498012181605877,0.10356109,0.339632867,0.563176528,1068.0,3024.0
0.9593823633977205,0.067978431,0.339253921,0.61940965,1068.0,3024.0
0.9605159650619384,0.040105012,0.354426343,0.701593887,1068.0,3024.0
0.9564271312253433,0.018924129,0.396456636,0.750614279,1068.0,3024.0
0.9226589331335113,0.003728604,0.449922837,0.756780922,1068.0,3024.0
0.8664619756911851,0.0,0.493176023,0.749554624,1068.0,3024.0
0.8022918559637469,0.0,0.534615813,0.7189176975,1068.0,3024.0
0.7649416115350286,0.0,0.476719076,0.692742864,1068.0,3024.0
0.7558191979278954,0.0,0.5190089419999999,0.6378094225,1068.0,3024.0
0.7544191371606142,0.0,0.5349950525,0.5327582685000001,1068.0,3024.0
0.8389085545807764,0.0,0.480872026,0.49050302749999997,1068.0,3024.0
0.9368318229186504,0.0,0.427598437,0.427112033,1068.0,3024.0
0.9638905505313453,0.016538419,0.395234557,0.370332946,1068.0,3024.0
0.9667618567657827,0.082736926,0.412426747,0.322376645,1068.0,3024.0
0.9576657104043714,0.228402794,0.427371963,0.298062795,1068.0,3024.0
0.95410397594599,0.347069622,0.400170681,0.28573807,1068.0,3024.0
0.948305782701005,0.416081801,0.255151108,0.260840342,1068.0,3024.0
0.9458911308432718,0.488215497,0.253074557,0.246693189,1068.0,3024.0
0.9399447046308036,0.500274463,0.2403512195,0.2109898335,1068.0,3024.0
0.9364192090956173,0.47313446,0.21850849,0.169834462,1068.0,3024.0
0.937396315507428,0.398374867,0.1846571,0.147267664,1068.0,3024.0
0.9367003481623003,0.280500749,0.14880664,0.144265247,1068.0,3024.0
0.9360176755033875,0.149965018,0.116794789,0.173050474,1068.0,3024.0
0.9175322408485583,0.027017215,0.112328231,0.219016868,1068.0,3024.0
0.8619859183767973,0.0,0.126096804,0.287432813,1068.0,3024.0
0.7970944402961793,0.0,0.1478250445,0.4404875065,1068.0,3024.0
0.7473971838907734,0.0,0.150230503,0.466555064,1068.0,3024.0
0.7412982552063223,0.0,0.146174584,0.5116685995,1068.0,3024.0
0.752846584832365,0.0,0.143401219,0.530521933,1068.0,3024.0
0.8407826728521224,0.0,0.135092504,0.484558976,1068.0,3024.0
0.9381831345147077,0.0,0.147118397,0.481197383,1068.0,3024.0
0.9644097107455606,0.049051046,0.155922868,0.5116462,1068.0,3024.0
0.9665486718525287,0.149273243,0.136335399,0.496768444,1068.0,3024.0
0.9537920002065852,0.270933303,0.1071811,0.465689331,1068.0,3024.0
0.945816437215846,0.40148042,0.114285489,0.453968565,1068.0,3024.0
0.933016833238155,0.538301781,0.110682765,0.440067101,1068.0,3024.0
0.9236331775224343,0.643383313,0.147747249,0.462461026,1068.0,3024.0
0.9074533097636004,0.6158897335,0.209921841,0.5309602465000001,1068.0,3024.0
0.9032913054419127,0.499601386,0.262282442,0.602637984,1068.0,3024.0
0.9109344880210405,0.370946679,0.277448183,0.667762035,1068.0,3024.0
0.9206707438959879,0.246214185,0.284470656,0.714280233,1068.0,3024.0
0.924873787557907,0.140352074,0.347547604,0.757837706,1068.0,3024.0
0.9048534019084091,0.016954333,0.412075812,0.790371384,1068.0,3024.0
0.8619849022857631,0.0,0.456058908,0.815601592,1068.0,3024.0
0.7943998961214277,0.0,0.4493615565,0.8289827605,1068.0,3024.0
0.7234895153075753,0.0,0.375813236,0.795177111,1068.0,3024.0
0.721718573359007,0.0,0.3375708795,0.7767688770000001,1068.0,3024.0
0.7341821269341815,0.0,0.2902556465,0.736246256,1068.0,3024.0
0.7380244688838973,0.0,0.2516639585,0.6832465055000001,1068.0,3024.0
0.7826996867354222,0.014864209,0.218807773,0.65088867,1068.0,3024.0
0.8084902909800706,0.076826175,0.193746521,0.622902407,1068.0,3024.0
0.8161392897358629,0.158821623,0.161192861,0.581748753,1068.0,3024.0
0.8119324600909118,0.239828755,0.152943337,0.538227678,1068.0,3024.0
0.8034597117601604,0.318113289,0.114166382,0.459235784,1068.0,3024.0
0.7941529651214954,0.338043252,0.130454424,0.431959156,1068.0,3024.0
0.7938539612787856,0.3171743725,0.130731457,0.438276464,1068.0,3024.0
0.8117227834423969,0.247160813,0.141272373,0.428475038,1068.0,3024.0
0.8171543428063871,0.174176526,0.158370511,0.455816356,1068.0,3024.0
0.8190352472799871,0.096125385,0.173833235,0.510075442,1068.0,3024.0
0.8085069096692451,0.023952102,0.18742966,0.544007853,1068.0,3024.0
0.7739356897955862,0.0,0.190488525,0.5341312895,1068.0,3024.0
0.7275270153369463,0.0,0.186050531,0.481757594,1068.0,3024.0
0.6606716301421212,0.0,0.174381493,0.418180343,1068.0,3024.0
0.6327250769481001,0.0,0.226746575,0.3656944755,851.5,2412.0
0.6247637328025639,0.0,0.2851298955,0.336908024,635.0,1800.0
0.6285137235770472,0.0,0.33211912,0.3775551425,635.0,1800.0
0.6320989089923019,0.0,0.36114769,0.467710164,635.0,1800.0
0.6650560059535378,0.027063991,0.390266786,0.517573657,635.0,1800.0
0.7105603285708324,0.089562388,0.430362974,0.524580257,635.0,1800.0
0.7493366239570728,0.13829736,0.432415091,0.494514434,635.0,1800.0
0.7523295721295336,0.190783776,0.405781873,0.431819287,635.0,1800.0
0.7496103070498188,0.2879647155,0.3879598995,0.3662778785,635.0,1800.0
0.7499925673901913,0.377655439,0.43217086800000004,0.37693817949999997,635.0,1800.0
0.7563577003264319,0.336459442,0.463401304,0.436025654,635.0,1800.0
0.7613996819038531,0.280445798,0.472144552,0.437639401,635.0,1800.0
0.760668352204606,0.209660042,0.439458244,0.408867141,635.0,1800.0
0.7594236333965818,0.131568205,0.412934478,0.376679639,635.0,1800.0
0.7443986959343171,0.033960455,0.368945624,0.344368665,635.0,1800.0
0.7255482890685668,0.0,0.338874433,0.32037154,635.0,1800.0
0.6926805656983765,0.0,0.313161131,0.2903549755,635.0,1800.0
0.6788507203096186,0.0,0.2611187865,0.24594231099999997,635.0,1800.0
0.6584448192492527,0.0,0.2525207935,0.28131134199999996,635.0,1800.0
0.673471765065489,0.0,0.20924635349999998,0.310253881,635.0,1800.0
0.7596327794639663,0.0,0.1757776445,0.340029863,635.0,1800.0
0.8385028654877379,0.0641393,0.153230586,0.367315467,635.0,1800.0
0.8690823346154339,0.171283312,0.128915349,0.38102247,635.0,1800.0
0.8683516511580387,0.29322662,0.11302299,0.396921776,635.0,1800.0
0.8638374622603457,0.42642359,0.115433923,0.422523624,635.0,1800.0
0.8595790214212835,0.476292562,0.083135095,0.42330026,635.0,1800.0
0.8486189127277786,0.5045162925,0.116209121,0.455970453,635.0,1800.0
0.8377652579631603,0.42248539799999996,0.1433603385,0.50696186,635.0,1800.0
0.8331263341145203,0.316168764,0.139304995,0.535200814,635.0,1800.0
0.8327514826884219,0.222837829,0.14203411,0.576586809,635.0,1800.0
0.8300510759401549,0.113501691,0.181429992,0.625733641,635.0,1800.0
0.8171737313875593,0.015923323,0.249030652,0.662322541,635.0,1800.0
0.8040363921388529,0.0,0.323557268,0.692808684,635.0,1800.0
0.7428790472838824,0.0,0.40035009,0.738603752,635.0,1800.0
0.6515886633364532,0.0,0.415295184,0.7358669179999999,635.0,1800.0
0.6154930633609281,0.0,0.4260115645,0.7305189765,635.0,1800.0
0.6306797596657705,0.0,0.41594811600000003,0.735968646,635.0,1800.0
0.7185512641638938,0.0,0.4085374385,0.765527965,635.0,1800.0
0.8150106730818664,0.033845194,0.411471409,0.792258838,635.0,1800.0
0.844487469348956,0.142306825,0.388076529,0.782276128,635.0,1800.0
0.8410508393592983,0.30943041,0.316474255,0.770513208,635.0,1800.0
0.8361814646721601,0.475608594,0.307011803,0.760878173,635.0,1800.0
0.8278525631494529,0.615477211,0.229627048,0.68457215,635.0,1800.0
0.8257234812576623,0.705816654,0.245133917,0.662655104,635.0,1800.0
0.8190158119705577,0.7128173680000001,0.241310391,0.6496375750000001,635.0,1800.0
0.8133634503246167,0.61028485,0.242111268,0.601763624,635.0,1800.0
0.8130274695173766,0.504334111,0.224621482,0.526735113,635.0,1800.0
0.8128206548917489,0.345049743,0.215165418,0.514010229,635.0,1800.0
0.8086775314371225,0.178351805,0.238844998,0.541089171,635.0,1800.0
0.7974227583320898,0.031416439,0.274932392,0.590583544,635.0,1800.0
0.7905277097287869,0.0,0.311812729,0.636228405,635.0,1800.0
0.7438865068469472,0.0,0.3600338375,0.7219485720000001,635.0,1800.0
0.6476264107472047,0.0,0.3643453805,0.721884707,635.0,1800.0
0.6119603663716724,0.0,0.355118327,0.7776549989999999,635.0,1800.0
0.6297933192955684,0.0,0.32842976,0.8234595605,635.0,1800.0
0.6848141804630767,0.0,0.30724089,0.839145261,635.0,1800.0
0.7525329242244608,0.0,0.28289472,0.822736607,635.0,1800.0
0.8131343850949294,0.082119306,0.251130773,0.82145965,635.0,1800.0
0.8384686120183544,0.220335893,0.2018831,0.790370996,635.0,1800.0
0.8362846877231948,0.351337031,0.148638228,0.744209447,635.0,1800.0
0.8279251331267328,0.461001079,0.159091065,0.691937647,635.0,1800.0
0.827658305500111,0.542887276,0.10881476,0.538463816,635.0,1800.0
0.8249081334895859,0.562905323,0.128684324,0.482387627,635.0,1800.0
0.8215610620155652,0.565022659,0.179324983,0.473732771,635.0,1800.0
0.81786240581054,0.538358162,0.219249053,0.47451343,635.0,1800.0
0.8173007745818378,0.461769353,0.270161192,0.464628155,635.0,1800.0
0.815632501573342,0.352647294,0.311697017,0.447606956,635.0,1800.0
0.8145697147598162,0.248241215,0.351398278,0.441172069,635.0,1800.0
0.8103594696438279,0.124011339,0.385426854,0.483661635,635.0,1800.0
0.8022569562525119,0.030379794,0.391225463,0.588878269,635.0,1800.0
0.797167010273459,0.0,0.366331483,0.660841816,635.0,1800.0
0.7422264510521491,0.0,0.3772363285,0.694553192,635.0,1800.0
0.6637057104485147,0.0,0.382261932,0.657469919,635.0,1800.0
0.6257421548633624,0.0,0.435156793,0.736039876,635.0,1800.0
0.6144144193631133,0.0,0.4840529215,0.8225606329999999,635.0,1800.0
0.6638242825057588,0.0,0.5011969965,0.8443376675,635.0,1800.0
0.7533468409810935,0.0,0.511055565,0.840999166,635.0,1800.0
0.8201021886001034,0.068466227,0.518142271,0.838619183,635.0,1800.0
0.851361651962792,0.186258132,0.493045511,0.838318032,635.0,1800.0
0.8532207671495925,0.320312312,0.613074315,0.846371733,635.0,1800.0
0.8525219371187654,0.396111826,0.607136316,0.843770397,635.0,1800.0
0.8525219371187654,0.470083647,0.503695069,0.829708591,635.0,1800.0
0.8521325899908265,0.52396584,0.543564589,0.825223839,635.0,1800.0
0.8493504730856557,0.5314702215,0.6161732955,0.8205218675,635.0,1800.0
0.8480596364706648,0.424787733,0.682940493,0.75673312,635.0,1800.0
0.8496851620720046,0.355653272,0.678195727,0.743949136,635.0,1800.0
0.8487489564726849,0.268072911,0.636271478,0.703846138,635.0,1800.0
0.8457612252947,0.182133588,0.574460511,0.677303074,635.0,1800.0
0.8344550252573354,0.060884619,0.513228642,0.645245364,635.0,1800.0
0.8077197221384067,0.0,0.448376608,0.605301145,635.0,1800.0
0.771087419929019,0.0,0.391644976,0.58069915,635.0,1800.0
0.7392584776417072,0.0,0.33865165,0.564292089,635.0,1800.0
0.6854346707368104,0.0,0.261456057,0.575780869,635.0,1800.0
0.6682452661616163,0.0,0.2239202635,0.5989605745,635.0,1800.0
0.6651265447429672,0.0,0.20115331749999998,0.6189064209999999,635.0,1800.0
0.7119008840512306,0.0,0.1898093795,0.611333041,635.0,1800.0
0.7866008181348931,0.0,0.188909707,0.598876973,635.0,1800.0
0.8387094030578844,0.123754702,0.187455128,0.590427211,635.0,1800.0
0.8668607400542293,0.325530434,0.162629248,0.593317253,635.0,1800.0
0.8658391317714873,0.523730806,0.135294063,0.565098921,635.0,1800.0
0.8581413838444713,0.694842825,0.135014143,0.540075135,635.0,1800.0
0.8500060009355527,0.836597977,0.128362063,0.50343521,635.0,1800.0
0.8414170119230329,0.926528818,0.145903462,0.526850559,635.0,1800.0
0.8347311779881726,0.947357967,0.162634496,0.547751272,635.0,1800.0
0.8250908509164886,0.911891022,0.173684077,0.561879667,635.0,1800.0
0.8202698562142038,0.823426118,0.185087563,0.579880893,635.0,1800.0
0.8171379083789918,0.678978656,0.204894637,0.608116639,635.0,1800.0
0.8166173635501839,0.496093778,0.215556414,0.626093526,635.0,1800.0
0.815030800698592,0.291058334,0.254884972,0.652445827,635.0,1800.0
0.8119236890976583,0.080130195,0.343565699,0.690028423,635.0,1800.0
0.8014734612481917,0.0,0.429539236,0.719099279,635.0,1800.0
0.7615583472032575,0.0,0.482382704,0.74778863,635.0,1800.0
0.7244309833040037,0.0,0.510268907,0.774199168,635.0,1800.0
0.6472345018171443,0.0,0.534345459,0.804203513,635.0,1800.0
0.6035831541942634,0.0,0.5072935075,0.8266921309999999,635.0,1800.0
0.5860993392634407,0.0,0.47227881800000004,0.8281986125,635.0,1800.0
0.5978338946474064,0.0,0.452523969,0.816799603,635.0,1800.0
0.6172087238262148,0.001270344,0.450937446,0.84138207,635.0,1800.0
0.6484329181587355,0.135705727,0.424202447,0.853735683,635.0,1800.0
0.6796368924122347,0.332524391,0.365126568,0.861454534,635.0,1800.0
0.7063105672569462,0.535587397,0.276527878,0.842545598,635.0,1800.0
0.7017576462681354,0.709570504,0.250112032,0.790648731,635.0,1800.0
0.6942264583961077,0.840539329,0.185267843,0.678625195,635.0,1800.0
0.6915258667232496,0.916590115,0.190257779,0.649939934,635.0,1800.0
0.686671495120657,0.9139475715000001,0.20007996249999999,0.5971514805,635.0,1800.0
0.6862665914600226,0.800563479,0.204437341,0.520792747,635.0,1800.0
0.6859769584555669,0.663869117,0.203843606,0.500273101,635.0,1800.0
0.6850425537168737,0.488768861,0.207395208,0.48702818,635.0,1800.0
0.6821922526624559,0.287117218,0.260286436,0.481375109,635.0,1800.0
0.6761580691263831,0.083785874,0.320741257,0.481656682,635.0,1800.0
0.6722801348267299,0.0,0.3671530025,0.48026479850000003,635.0,1800.0
0.6508908720648361,0.0,0.35561720799999996,0.472264016,635.0,1800.0
0.5979481043070272,0.0,0.32250037,0.439749603,635.0,1800.0
0.577808222872125,0.0,0.27013090500000003,0.3038880825,635.0,1800.0
0.5913845125197378,0.0,0.2249346525,0.226289746,635.0,1800.0
0.6062583556213034,0.001597014,0.203354947,0.205297738,635.0,1800.0
0.642366327615382,0.147293265,0.188894131,0.197885102,635.0,1800.0
0.6707856458629052,0.327367034,0.134236103,0.187343749,635.0,1800.0
0.6967538426708703,0.504753027,0.099080357,0.180143558,635.0,1800.0
0.6939058495283777,0.657207442,0.080460169,0.172239711,635.0,1800.0
0.6906802350677891,0.791080634,0.065585704,0.13130259,635.0,1800.0
0.6875941283154687,0.8702426759999999,0.07083113199999999,0.127999346,635.0,1800.0
0.6859762661482707,0.8109869345,0.08106357950000001,0.17540133149999998,635.0,1800.0
0.6860676245303159,0.640541327,0.080334924,0.227316616,635.0,1800.0
0.6850026219357543,0.470961969,0.078285877,0.270925113,635.0,1800.0
0.6823508258309707,0.282566609,0.099608213,0.344650782,635.0,1800.0
0.6764671828429005,0.090429351,0.134177329,0.405618889,635.0,1800.0
0.6726533703167934,0.0,0.1507834585,0.3970270985,635.0,1800.0
0.6638867655425316,0.0,0.129584749,0.293199394,635.0,1800.0
0.6471501602628423,0.0,0.114680877,0.2151198855,635.0,1800.0
0.6130017560512105,0.0,0.099754649,0.226928862,635.0,1800.0
0.6133863941639097,0.0,0.0782245825,0.29788804,635.0,1800.0
0.6635257860788947,0.0,0.08422656149999999,0.352572724,635.0,1800.0
0.7525979692953395,0.00203683,0.091101136,0.417283991,635.0,1800.0
0.8131343850949294,0.138669125,0.092080439,0.43083582,635.0,1800.0
0.8372371421625061,0.303502992,0.070297986,0.422284705,635.0,1800.0
0.829898457476045,0.471457338,0.044510758,0.397980612,635.0,1800.0
0.8250240977786855,0.615386227,0.042920478,0.378888685,635.0,1800.0
0.8216520972766848,0.737083793,0.038211562,0.379616156,635.0,1800.0
0.8197091482828341,0.809188374,0.046015147,0.403195611,635.0,1800.0
0.8144536586712332,0.7776517475,0.0551211395,0.421465302,635.0,1800.0
0.8096157678928867,0.660770125,0.064621678,0.412175865,635.0,1800.0
0.8073282513603216,0.498809622,0.072393218,0.429979616,635.0,1800.0
0.8074362751597984,0.326559949,0.084461688,0.478282772,635.0,1800.0
0.8039280912838951,0.173063599,0.125562444,0.533066888,635.0,1800.0
0.7924540393706508,0.046195184,0.184157024,0.59112794,635.0,1800.0
0.7842699079533206,0.0,0.234438915,0.645484705,635.0,1800.0
0.7406868136441354,0.0,0.2626484415,0.6973671804999999,635.0,1800.0
0.6456441764460705,0.0,0.2539494375,0.6965946275,635.0,1800.0
0.6095407054767773,0.0,0.23088634149999998,0.6828252995,635.0,1800.0
0.6275134428992978,0.0,0.212516546,0.690530731,635.0,1800.0
0.6835889894267774,0.0,0.207326702,0.783442557,635.0,1800.0
0.7520179191796484,0.002334925,0.208953963,0.822186614,635.0,1800.0
0.8082216167587838,0.108369659,0.203307518,0.814621804,635.0,1800.0
0.827334973137234,0.280274809,0.180364741,0.789630219,635.0,1800.0
0.8249370320995651,0.440326105,0.149558731,0.734230009,635.0,1800.0
0.8213910864895395,0.591585826,0.155752492,0.674228844,635.0,1800.0
0.8194732507854481,0.71102456,0.149072013,0.619714818,635.0,1800.0
0.8158400549031168,0.77111129,0.16999898349999998,0.627898387,635.0,1800.0
0.8092040780299984,0.675555555,0.2307742245,0.6947702595,635.0,1800.0
0.8056195388565953,0.511284548,0.279336718,0.749376787,635.0,1800.0
0.8064655396984264,0.335500924,0.301192015,0.756448687,635.0,1800.0
0.8042253870596803,0.190361716,0.350477218,0.741276911,635.0,1800.0
0.7932153752389889,0.067614082,0.395886542,0.739252713,635.0,1800.0
0.7728779811173896,0.0,0.407986995,0.763066578,635.0,1800.0
0.7266630105285357,0.0,0.375389717,0.792081267,635.0,1800.0
0.6614267340517296,0.0,0.293254778,0.747784656,635.0,1800.0
0.6236729246440873,0.0,0.28451983950000004,0.7372481305,635.0,1800.0
0.6126328136617595,0.0,0.2576818245,0.7640395155,635.0,1800.0
0.6631371086563576,0.0,0.2546514285,0.765852858,635.0,1800.0
0.7525979692953395,0.002551256,0.260637379,0.75394496,635.0,1800.0
0.8158387620880077,0.108901191,0.252639857,0.743719553,635.0,1800.0
0.8461309061231737,0.228214081,0.210145975,0.732556937,635.0,1800.0
0.8431551771477003,0.368009882,0.197379211,0.728628302,635.0,1800.0
0.8381871965590026,0.48126932,0.190031503,0.71951977,635.0,1800.0
0.8333537376741338,0.569750997,0.156446455,0.687923224,635.0,1800.0
0.8273058899340695,0.633891457,0.1937003935,0.7185200375,635.0,1800.0
0.8198721997416776,0.5516191975,0.2260131125,0.7418879425,635.0,1800.0
0.8160436379880804,0.393932692,0.240293946,0.769825853,635.0,1800.0
0.81662327252055,0.316959238,0.254761912,0.79217356,635.0,1800.0
0.8123062039578985,0.218140921,0.280684763,0.803465051,635.0,1800.0
0.8023255553221683,0.082601259,0.345101627,0.810171423,635.0,1800.0
0.778439907347212,0.0,0.41373563150000003,0.8151623020000001,635.0,1800.0
0.7247722268397583,0.0,0.434789923,0.814387127,635.0,1800.0
0.6498609081069373,0.0,0.3912707395,0.7769958379999999,635.0,1800.0
0.6142180378979221,0.0,0.39804741050000003,0.785707385,635.0,1800.0
0.6310643054487364,0.0,0.415237146,0.8041846735,635.0,1800.0
0.6853918762699915,0.0,0.429441764,0.811873565,635.0,1800.0
0.753020138218406,0.003566858,0.433459585,0.818805275,635.0,1800.0
0.8166084076323389,0.105979887,0.426085726,0.826834642,635.0,1800.0
0.8450642418585382,0.210924676,0.380979665,0.832416998,635.0,1800.0
0.8414897661620918,0.330953297,0.366569566,0.835740053,635.0,1800.0
0.8367031177228921,0.446569263,0.362755406,0.82940299,635.0,1800.0
0.8279323345808021,0.538957431,0.2691816,0.789695512,635.0,1800.0
0.8214505453795716,0.6053836349999999,0.2912283315,0.794037176,635.0,1800.0
0.8130557215540981,0.4827473725,0.315232324,0.7674398365,635.0,1800.0
0.8096634095049987,0.27758904,0.28462928,0.746342561,635.0,1800.0
0.809246641175375,0.197640244,0.246999091,0.763909884,635.0,1800.0
0.805324735917327,0.116715191,0.256748989,0.749756031,635.0,1800.0
0.7936677816525886,0.041215417,0.294084722,0.701694856,635.0,1800.0
0.785620111327454,0.0,0.323368332,0.701768457,635.0,1800.0
0.741856400705899,0.0,0.330670219,0.7060274904999999,635.0,1800.0
0.6610883522074562,0.0,0.274142231,0.657786477,635.0,1800.0
0.6234702879223193,0.0,0.263673187,0.6201706579999999,635.0,1800.0
0.6126991051177558,0.0,0.243539746,0.5929614175,635.0,1800.0
0.6629646863592598,0.0,0.245686439,0.5446101465,635.0,1800.0
0.7524182988159155,0.003292089,0.241752955,0.498620952,635.0,1800.0
0.8112634519673966,0.07257622,0.236393464,0.485549435,635.0,1800.0
0.8381183197710532,0.142566479,0.216747394,0.500141554,635.0,1800.0
0.8359207309404959,0.237556491,0.179748701,0.49593471,635.0,1800.0
0.8284281353062215,0.31005652,0.183253609,0.462476212,635.0,1800.0
0.8241518754251711,0.374096666,0.157205447,0.38050781,635.0,1800.0
0.8213705432895924,0.407568149,0.197929201,0.3844240955,635.0,1800.0
0.8153574567330226,0.3131148305,0.2569147115,0.356664588,635.0,1800.0
0.8133116548687263,0.210278906,0.277780116,0.390908861,635.0,1800.0
0.8125355462430668,0.141346585,0.266722608,0.43014075,635.0,1800.0
0.8078470423881662,0.090036716,0.252412741,0.417676023,635.0,1800.0
0.7981527027539317,0.032741821,0.255183894,0.395010398,635.0,1800.0
0.7758494631239767,0.0,0.2580137175,0.3995598845,635.0,1800.0
0.7255414110668293,0.0,0.253413141,0.371270878,635.0,1800.0
0.6441644138427165,0.0,0.211631014,0.322481854,635.0,1800.0
0.6013809025133329,0.0,0.24342841599999998,0.325339862,635.0,1800.0
0.5812889854469219,0.0,0.259366162,0.324098003,635.0,1800.0
0.5931531230265492,0.0,0.2322199465,0.31088047,635.0,1800.0
0.6108249868795504,0.003671887,0.219596396,0.307425727,635.0,1800.0
0.6457215241722108,0.090221672,0.209232505,0.341236816,635.0,1800.0
0.6798900561662712,0.185128291,0.197405338,0.388828648,635.0,1800.0
0.7090607850015099,0.293769647,0.191973225,0.416899745,635.0,1800.0
0.7054602733807841,0.412732925,0.201733108,0.428286456,635.0,1800.0
0.7004083661913345,0.503513579,0.153208054,0.386736341,635.0,1800.0
0.6954691456848756,0.5205448850000001,0.176187837,0.39019846950000003,635.0,1800.0
0.6923183169826025,0.47012711,0.181178774,0.417608242,635.0,1800.0
0.6914600368827789,0.410213649,0.174207178,0.43244639,635.0,1800.0
0.6910862472817534,0.357119516,0.147861354,0.430853906,635.0,1800.0
0.6897214560748899,0.280646309,0.119241062,0.41798689,635.0,1800.0
0.6882039078761759,0.185280094,0.093599256,0.381662824,635.0,1800.0
0.6848862891230963,0.079352945,0.087774723,0.370184688,635.0,1800.0
0.6823096015661482,0.00104216,0.087669194,0.354393218,635.0,1800.0
0.6722956227583672,0.0,0.09570081750000001,0.339840367,635.0,1800.0
0.6286369351868172,0.0,0.09658372500000001,0.280656182,635.0,1800.0
0.5821387946748358,0.0,0.08556039,0.237976721,635.0,1800.0
0.5834892290058649,0.0,0.07039988450000001,0.1958841495,635.0,1800.0
0.601746590296257,0.0028034985,0.0700734985,0.1675353225,635.0,1800.0
0.6427569670281805,0.085784175,0.061006752,0.13228271,635.0,1800.0
0.6734349033971333,0.195150652,0.039603949,0.129955477,635.0,1800.0
0.6984731734253273,0.300617734,0.029302439,0.126373025,635.0,1800.0
0.6977530154249612,0.433652935,0.027449885,0.116462226,635.0,1800.0
0.6922290361852586,0.52168531,0.016566282,0.088189606,635.0,1800.0
0.6904891164968155,0.6028549375000001,0.016636639,0.08260787650000001,635.0,1800.0
0.6884137462508568,0.5388610335,0.0241460415,0.090609472,635.0,1800.0
0.6882134179049828,0.425752348,0.031646496,0.107503539,635.0,1800.0
0.6884182010113539,0.29903937,0.036416208,0.116229145,635.0,1800.0
0.6860101964967281,0.155666855,0.047807625,0.142370465,635.0,1800.0
0.679089019175444,0.059700137,0.070214721,0.174185666,635.0,1800.0
0.6766595945603894,0.001059775,0.085774819,0.226304839,635.0,1800.0
0.6693432990057283,0.0,0.0899951765,0.284671263,635.0,1800.0
0.6474882189199086,0.0,0.0797810165,0.277056679,635.0,1800.0
0.6112919583914234,0.0,0.07912843550000001,0.338652972,635.0,1800.0
0.6288365943243985,0.0,0.0694912385,0.355367772,635.0,1800.0
0.6840236231952399,0.0,0.068023466,0.330868271,635.0,1800.0
0.7524554607050371,0.003435027,0.068441845,0.351219653,635.0,1800.0
0.8119690221350327,0.068540205,0.066815338,0.358281513,635.0,1800.0
0.839218499795143,0.177854466,0.051026666,0.346856438,635.0,1800.0
0.8402710375443084,0.289622308,0.050448956,0.354721585,635.0,1800.0
0.8335168809324607,0.405432779,0.048752825,0.361673903,635.0,1800.0
0.8281345327197668,0.483832995,0.039946184,0.332118477,635.0,1800.0
0.8242245839301915,0.5147793759999999,0.046656704,0.3683225525,635.0,1800.0
0.8180766982829057,0.482636446,0.055410269,0.384452405,635.0,1800.0
0.8150103963577915,0.3633790095,0.0687944975,0.37588724,635.0,1800.0
0.8137385788061962,0.265124679,0.071355702,0.333372882,635.0,1800.0
0.8089995713162962,0.165565788,0.067084607,0.30776398,635.0,1800.0
0.7980673922013991,0.071304175,0.069704935,0.295573613,635.0,1800.0
0.7956616955986989,0.001714329,0.071851154,0.26007884,635.0,1800.0
0.7420991304709836,0.0,0.06992303,0.251051642,635.0,1800.0
0.6637487349111516,0.0,0.064132674,0.28928457,635.0,1800.0
0.6272690739666119,0.0,0.063922461,0.3293348955,635.0,1800.0
0.619171661544504,0.0,0.07019193800000001,0.4246895595,635.0,1800.0
0.6701552308719396,0.0,0.0769128845,0.509046939,635.0,1800.0
0.7599241434023659,0.008696523,0.072386753,0.552685468,635.0,1800.0
0.816829995015288,0.125557624,0.062990076,0.585302707,635.0,1800.0
0.8378758670614495,0.282309996,0.047834695,0.582017398,635.0,1800.0
0.8282636074333016,0.438092184,0.036101528,0.554946803,635.0,1800.0
0.8219343439024795,0.616727131,0.041942906,0.539838524,635.0,1800.0
0.8199201180778644,0.749142205,0.058666637,0.522700867,635.0,1800.0
0.8175434586128838,0.7641600945,0.0659676845,0.5211404584999999,635.0,1800.0
0.8099241896335138,0.7042146775,0.050951179,0.4220505695,635.0,1800.0
0.8057644010928618,0.582520007,0.040428453,0.350026636,635.0,1800.0
0.8050802516884666,0.447317673,0.032289994,0.320894056,635.0,1800.0
0.8004408655283484,0.280736728,0.028762319,0.315359828,635.0,1800.0
0.7908471639777421,0.11716272,0.035112045,0.321793273,635.0,1800.0
0.7828580292453071,0.002294889,0.044811329,0.336417313,635.0,1800.0
0.7408295061648107,0.0,0.0651120355,0.3915028865,635.0,1800.0
0.6479399101923332,0.0,0.089643075,0.5079347755,635.0,1800.0
0.6135017117140484,0.0,0.0903999935,0.5804773215,635.0,1800.0
0.6302079409091828,0.0,0.07822991900000001,0.560225241,635.0,1800.0
0.6857078229170198,0.0,0.073675861,0.495389801,635.0,1800.0
0.7532942600927989,0.016771307,0.069495543,0.442912227,635.0,1800.0
0.81100604157588,0.189996279,0.062509637,0.401085602,635.0,1800.0
0.8240456988831718,0.383841482,0.041354247,0.352062199,635.0,1800.0
0.82007172045094,0.569733469,0.025376483,0.313365798,635.0,1800.0
0.8168712650141493,0.729648157,0.034792937,0.30571281,635.0,1800.0
0.8161269176841686,0.851959599,0.041776527,0.247904431,635.0,1800.0
0.8165203268564025,0.9341209275,0.066515565,0.2317344945,635.0,1800.0
0.8128745739977856,0.910241059,0.080951298,0.186494214,635.0,1800.0
0.8110456505674797,0.822794149,0.088118048,0.162318084,635.0,1800.0
0.8085966524466615,0.690447494,0.09212666,0.149081623,635.0,1800.0
0.8080314208223306,0.52101013,0.086754323,0.144563371,635.0,1800.0
0.8026977296499708,0.327671073,0.096148305,0.151646814,635.0,1800.0
0.7872218161227379,0.141798714,0.12481294,0.169164124,635.0,1800.0
0.780706881011236,0.002813811,0.162550855,0.211361703,635.0,1800.0
0.7397255411519073,0.0,0.195342823,0.311768053,635.0,1800.0
0.6591327084386728,0.0,0.228713806,0.466242363,635.0,1800.0
0.6204303219434067,0.0,0.22824738500000002,0.5585766315,635.0,1800.0
0.6101547092387732,0.0,0.2230672155,0.5846557415,635.0,1800.0
0.6621918786375566,0.0,0.216134683,0.5275398225,635.0,1800.0
0.749731048888935,0.020978169,0.204718539,0.489641833,635.0,1800.0
0.8007284670135473,0.197397514,0.177932519,0.477619463,635.0,1800.0
0.8188998944097153,0.394501492,0.128711847,0.46403819,635.0,1800.0
0.8173204408813032,0.58297792,0.080521731,0.442934212,635.0,1800.0
0.8172632899031964,0.743478805,0.075608804,0.423079773,635.0,1800.0
0.8189766188935858,0.863597964,0.057938999,0.343824801,635.0,1800.0
0.8215726950317062,0.935237889,0.06357766,0.298474915,635.0,1800.0
0.8165570734937087,0.9355109135,0.07173784799999999,0.23443883799999998,635.0,1800.0
0.8131788869658608,0.828968513,0.082990235,0.206040788,635.0,1800.0
0.8106515026910984,0.695338766,0.095223511,0.216796892,635.0,1800.0
0.8090497978958145,0.524848365,0.099287679,0.231642668,635.0,1800.0
0.8032973068745746,0.332564987,0.130619492,0.263293814,635.0,1800.0
0.7898241704175951,0.145270144,0.191587715,0.305137857,635.0,1800.0
0.7784771616986293,0.003340323,0.249609827,0.35465066,635.0,1800.0
0.7381215284446979,0.0,0.2633433335,0.41241876450000003,635.0,1800.0
0.6451149297553168,0.0,0.2563225025,0.424607142,635.0,1800.0
0.607045751242018,0.0,0.214702675,0.44100978550000003,635.0,1800.0
0.6236541128089121,0.0,0.1882576325,0.43322537699999997,635.0,1800.0
0.7124795952863676,0.0127263885,0.1802372505,0.41904565699999996,635.0,1800.0
0.7998984392818512,0.199643153,0.158565759,0.404972764,635.0,1800.0
0.8186664890860339,0.395654627,0.11161396,0.387949936,635.0,1800.0
0.817688182984222,0.582296424,0.074957277,0.366041342,635.0,1800.0
0.8181921084610433,0.741337755,0.074608483,0.371088844,635.0,1800.0
0.8200584251019132,0.859953553,0.062172902,0.349804643,635.0,1800.0
0.8197537429474673,0.9394444495000001,0.07619203050000001,0.387304162,635.0,1800.0
0.818658918445594,0.910961765,0.090810836,0.400413525,635.0,1800.0
0.8155780283563434,0.821028084,0.096654493,0.418548153,635.0,1800.0
0.8132491483684031,0.686232429,0.095600044,0.451645885,635.0,1800.0
0.8114315815615692,0.517805151,0.087710934,0.493018611,635.0,1800.0
0.8025022709850032,0.324201369,0.096855164,0.523847424,635.0,1800.0
0.7899951620346553,0.141955059,0.120861926,0.520168534,635.0,1800.0
0.7786271024016311,0.003870853,0.138397119,0.490013968,635.0,1800.0
0.7379667866618478,0.0,0.13546462050000002,0.4566555275,635.0,1800.0
0.6408794326229852,0.0,0.130403116,0.495472796,635.0,1800.0
0.5963818534665026,0.0,0.117785665,0.484037037,635.0,1800.0
0.5769977914800712,0.0,0.108848603,0.425700113,635.0,1800.0
0.5912630089768924,0.0,0.097034247,0.35546380499999997,635.0,1800.0
0.6061359749791327,0.030155067,0.08393897,0.30104446,635.0,1800.0
0.6383833011344159,0.197910598,0.061983225,0.26793014,635.0,1800.0
0.6648934168061729,0.381019525,0.036835249,0.231176946,635.0,1800.0
0.6896398844457264,0.561375134,0.026925224,0.197974019,635.0,1800.0
0.6902852560249649,0.714030357,0.029641823,0.18239737,635.0,1800.0
0.6881310615062272,0.825270821,0.02922927,0.151116976,635.0,1800.0
0.6871082989361165,0.900125398,0.038038892000000005,0.157890364,635.0,1800.0
0.6862417548943383,0.8202241565,0.050610020000000006,0.16900036499999999,635.0,1800.0
0.6865079366105146,0.645671647,0.056687686,0.187613647,635.0,1800.0
0.6856418545488087,0.480156051,0.058918913,0.189840651,635.0,1800.0
0.6817239652696107,0.307243338,0.068664468,0.184496254,635.0,1800.0
0.6736794797568831,0.138954364,0.101191452,0.200063524,635.0,1800.0
0.670891776670866,0.004439323,0.126853746,0.237947626,635.0,1800.0
0.6649550455112179,0.0,0.1367065885,0.30415976850000004,635.0,1800.0
0.6263715081286768,0.0,0.099938657,0.378432647,635.0,1800.0
0.580855321173799,0.0,0.085367462,0.3632453755,635.0,1800.0
0.5829799251066672,0.0,0.08087019349999999,0.3046264435,635.0,1800.0
0.6012228139930661,0.0170750125,0.0895745465,0.29705248949999996,635.0,1800.0
0.6367718096525314,0.186177022,0.086036379,0.308548465,635.0,1800.0
0.6609888688751654,0.355494539,0.061082385,0.315327754,635.0,1800.0
0.6870708596601078,0.52403416,0.039424393,0.322074012,635.0,1800.0
0.6875766323944065,0.66312674,0.042317474,0.341824704,635.0,1800.0
0.687421706018371,0.759446929,0.037712663,0.336679643,635.0,1800.0
0.6892089435351881,0.831208058,0.055317849,0.3479244755,635.0,1800.0
0.6907919520565962,0.802664867,0.08023666,0.378883408,635.0,1800.0
0.6916921490599449,0.687360314,0.094348304,0.414261343,635.0,1800.0
0.6895506951164599,0.584389179,0.104205166,0.45766848,635.0,1800.0
0.6886493905539995,0.438808319,0.105629238,0.490911687,635.0,1800.0
0.6829339228941406,0.259315042,0.124688146,0.551578658,635.0,1800.0
0.6732506628278973,0.106121912,0.165582468,0.63537391,635.0,1800.0
0.6681427592791158,0.00440447,0.203320548,0.698238924,635.0,1800.0
0.6631654766520656,0.0,0.2306822765,0.749944332,635.0,1800.0
0.6592872653632127,0.0,0.251499565,0.793882348,635.0,1800.0
0.6200023820143243,0.0,0.235452282,0.747411987,635.0,1800.0
0.6079944436920974,0.0,0.259987821,0.681237647,635.0,1800.0
0.6583708645579582,0.0,0.284285703,0.6252034195,635.0,1800.0
0.7457608557769234,0.032391828,0.281577618,0.583988699,635.0,1800.0
0.8012949911215813,0.145879245,0.246459523,0.616179015,635.0,1800.0
0.8224303295524904,0.287464918,0.20334216,0.699476671,635.0,1800.0
0.8223051329528771,0.423432181,0.202512975,0.759920451,635.0,1800.0
0.8201554614642884,0.537512847,0.243653594,0.775491735,635.0,1800.0
0.8201079126458782,0.64285508,0.229105457,0.7356922225,635.0,1800.0
0.8162699333257699,0.62014077,0.305407907,0.747302445,635.0,1800.0
0.8112441094516691,0.5502399330000001,0.337549483,0.7900655655,635.0,1800.0
0.808706614971693,0.410692067,0.335571769,0.818844983,635.0,1800.0
0.8085877893225183,0.303176624,0.318882619,0.808096607,635.0,1800.0
0.8049251403878398,0.195237544,0.28098901,0.811209109,635.0,1800.0
0.7942474168478704,0.084078838,0.24575538,0.816688087,635.0,1800.0
0.7901740934785259,0.005102755,0.217452584,0.819351449,635.0,1800.0
0.7431439597147809,0.0,0.1953982755,0.8181822544999999,635.0,1800.0
0.662376188205538,0.0,0.211047303,0.85414469,635.0,1800.0
0.6250470179555845,0.0,0.20668082399999999,0.860847667,635.0,1800.0
0.6154849154442413,0.0,0.2351660855,0.8724679799999999,635.0,1800.0
0.6642646864517221,0.0,0.28136047200000003,0.8926371875,635.0,1800.0
0.752633561645277,0.022638348,0.31084615,0.897676558,635.0,1800.0
0.8137785569841665,0.09440709,0.316725388,0.897251344,635.0,1800.0
0.8426364789135575,0.173834039,0.319061527,0.89865534,635.0,1800.0
0.8400153816165674,0.263350024,0.404482587,0.903094929,635.0,1800.0
0.8349986518566459,0.299382285,0.480331118,0.902155016,635.0,1800.0
0.8288086186472052,0.35010095750000003,0.3845746165,0.8470292150000001,635.0,1800.0
0.8236678929718901,0.368036881,0.391708381,0.7925734195,635.0,1800.0
0.8185595274430363,0.2979771025,0.32317779049999995,0.736850173,635.0,1800.0
0.8156931608161878,0.21300043,0.237213664,0.704442818,635.0,1800.0
0.8099036464335666,0.12402314,0.182469377,0.657260049,635.0,1800.0
0.7965702022780409,0.049484533,0.152172399,0.643108064,635.0,1800.0
0.7889282207145388,0.003002899,0.131864787,0.637560287,635.0,1800.0
0.7430518854956076,0.0,0.13060799,0.615219484,635.0,1800.0
0.659923220038752,0.0,0.195865474,0.596008097,635.0,1800.0
0.6219551636607985,0.0,0.24125266499999998,0.618319948,635.0,1800.0
0.6110246921157171,0.0,0.3404308425,0.676680484,635.0,1800.0
0.6606135558666817,0.0,0.457823431,0.7153961285,635.0,1800.0
0.7489051292669787,0.022633396,0.531334393,0.734564946,635.0,1800.0
0.8052556742047862,0.09623576,0.54829734,0.719063148,635.0,1800.0
0.8310735153893399,0.20843775,0.537704153,0.699385923,635.0,1800.0
0.8302304687012858,0.326853354,0.611081405,0.721471514,635.0,1800.0
0.8278589340998914,0.449882007,0.690140932,0.722176162,635.0,1800.0
0.825960025659712,0.539036537,0.599295311,0.668537758,635.0,1800.0
0.8252832619711654,0.606950829,0.669371006,0.704804174,635.0,1800.0
0.8211461402806068,0.588244016,0.669828968,0.743008396,635.0,1800.0
0.8173007745818378,0.532748223,0.628426936,0.729722273,635.0,1800.0
0.8171379083789918,0.419741439,0.582305645,0.702966431,635.0,1800.0
0.8194756514910753,0.338333205,0.484684904,0.738328378,635.0,1800.0
0.8169672866111145,0.220550286,0.370633026,0.776856723,635.0,1800.0
0.8105694233478239,0.107888827,0.303318185,0.780309047,635.0,1800.0
0.7996639263990581,0.006884787,0.241942513,0.75790657,635.0,1800.0
0.7428786552304925,0.0,0.2052350605,0.7223123634999999,635.0,1800.0
0.6655485290728482,0.0,0.248857589,0.693098771,635.0,1800.0
0.6277357223906996,0.0,0.2521133505,0.708931424,635.0,1800.0
0.6180272570032292,0.0,0.2868416205,0.7182618795,635.0,1800.0
0.6677672847101692,0.0,0.334385219,0.752206884,635.0,1800.0
0.756396386020699,0.034690269,0.366614118,0.765668481,635.0,1800.0
0.8201021886001034,0.120168212,0.36432546,0.746171414,635.0,1800.0
0.8498145131782086,0.231782409,0.432180738,0.760659594,635.0,1800.0
0.8503451214839732,0.34319295,0.432943496,0.778840827,635.0,1800.0
0.8456897635393442,0.450859395,0.441624439,0.782322157,635.0,1800.0
0.8417507772806432,0.5933293295,0.424584121,0.8010951015,635.0,1800.0
0.8350434311144646,0.6219014620000001,0.43907394099999997,0.8259136874999999,635.0,1800.0
0.8277397386015339,0.541394808,0.449749668,0.844877385,635.0,1800.0
0.8255031870212286,0.488604742,0.446413862,0.846524817,635.0,1800.0
0.8260276099639583,0.363910845,0.402075084,0.845371486,635.0,1800.0
0.8265516630575053,0.238096453,0.324464399,0.840577679,635.0,1800.0
0.8160008899181124,0.116627679,0.255646696,0.837917608,635.0,1800.0
0.8045358860536027,0.008999126,0.208850017,0.832139815,635.0,1800.0
0.7446320316627222,0.0,0.1773162755,0.804815446,635.0,1800.0
0.6613878178313948,0.0,0.15583367850000002,0.7998593494999999,635.0,1800.0
0.6375665683872,0.0,0.148348406,0.7163127844999999,635.0,1800.0
0.6588217018963423,0.0,0.1462076725,0.6117917035,635.0,1800.0
0.7226206630224657,0.0,0.146692096,0.53177539,635.0,1800.0
0.776229254157664,0.049417937,0.141007475,0.495924436,635.0,1800.0
0.8289425869028841,0.166607022,0.114682289,0.474169693,635.0,1800.0
0.8498145131782086,0.318914882,0.074399716,0.43095496,635.0,1800.0
0.8422038302675006,0.486519104,0.083891115,0.380980932,635.0,1800.0
0.8330700143028567,0.620128444,0.106198357,0.332594491,635.0,1800.0
0.8259844002453239,0.6999839795,0.0877155525,0.218204581,635.0,1800.0
0.8188740424158087,0.63510908,0.08823986,0.1213002255,635.0,1800.0
0.8133634503246167,0.524817542,0.075033399,0.089513209,635.0,1800.0
0.810745769161476,0.438338817,0.069872038,0.090610469,635.0,1800.0
0.8099957899166101,0.349869564,0.066764688,0.110138648,635.0,1800.0
0.8054481780531647,0.220644903,0.059565513,0.139797375,635.0,1800.0
0.7945803513704438,0.098089436,0.088743758,0.175983476,635.0,1800.0
0.7882196963931256,0.007884188,0.136135694,0.230974779,635.0,1800.0
0.7434938824443054,0.0,0.19547193899999998,0.32151499,635.0,1800.0
0.6436772917145361,0.0,0.248945569,0.361348437,635.0,1800.0
0.5993057401915474,0.0,0.249207974,0.404373292,635.0,1800.0
0.579282284263583,0.0,0.22434429449999999,0.38719301100000003,635.0,1800.0
0.5917396980109175,0.0,0.20105519700000002,0.359184712,635.0,1800.0
0.6068504546014817,0.058892587,0.191985649,0.318405832,635.0,1800.0
0.6410968187048055,0.168773567,0.170774018,0.26616842,635.0,1800.0
0.6707241090567656,0.283869247,0.141984292,0.222954819,635.0,1800.0
0.6981451317820857,0.4396692,0.155090365,0.205637228,635.0,1800.0
0.6983867539880586,0.553972816,0.16503911,0.203694994,635.0,1800.0
0.6933681315680271,0.657810995,0.123792002,0.219301753,635.0,1800.0
0.6900391561914756,0.629819541,0.1628643195,0.24712520799999999,635.0,1800.0
0.6907980452887417,0.4894632,0.14569926,0.239630327,635.0,1800.0
0.6906154206555406,0.386205348,0.122502974,0.232932991,635.0,1800.0
0.6893214913590322,0.290952274,0.08405594,0.212042234,635.0,1800.0
0.6865974023324498,0.178289372,0.062241576,0.161505212,635.0,1800.0
0.6807192527315242,0.070823517,0.061682692,0.11709431,635.0,1800.0
0.6793365496889708,0.006172082,0.069368559,0.091168248,635.0,1800.0
0.6730611595301466,0.0,0.0669850085,0.0868380135,635.0,1800.0
0.6436772917145361,0.0,0.050725313,0.0799624,635.0,1800.0
0.6005564603328117,0.0,0.054614742,0.0782911255,635.0,1800.0
0.5831968264739582,0.0,0.0556295625,0.089096167,635.0,1800.0
0.5943964108231299,0.0,0.056554729,0.049829592,635.0,1800.0
0.6102680648649317,0.044341414,0.067764344,0.030222356,635.0,1800.0
0.6428230276598439,0.145949378,0.065565438,0.028753132,635.0,1800.0
0.6722655701924253,0.289245842,0.04363211,0.040745919,635.0,1800.0
0.7001313365600155,0.438639023,0.048035645,0.049027705,635.0,1800.0
0.7016561783436885,0.568899854,0.060378532,0.067331608,635.0,1800.0
0.6965681714215965,0.6502830614999999,0.0671566715,0.13051331449999998,635.0,1800.0
0.6900364323649226,0.6333849105,0.09627927,0.29301491999999996,635.0,1800.0
0.6884579021338431,0.567963606,0.124882579,0.440179525,635.0,1800.0
0.6882134179049828,0.475342988,0.158888289,0.569343186,635.0,1800.0
0.6872789667694387,0.366088053,0.179614271,0.675772312,635.0,1800.0
0.684686722348389,0.233879599,0.234342954,0.761858188,635.0,1800.0
0.6771646282591347,0.102981567,0.323394891,0.810521415,635.0,1800.0
0.6721093977295376,0.005484389,0.418324897,0.851536146,635.0,1800.0
0.6666948727705058,0.0,0.4778613995,0.8910064335,635.0,1800.0
0.6452256770830811,0.0,0.491059625,0.9230007495,635.0,1800.0
0.6084490663507014,0.0,0.498141748,0.9260143015,635.0,1800.0
0.6265711672331175,0.0,0.512576337,0.9293306674999999,635.0,1800.0
0.6821675549559181,0.0,0.542061196,0.919819186,635.0,1800.0
0.7472543982449901,0.053701119,0.54388099,0.908702697,635.0,1800.0
0.8025201828206929,0.139025497,0.516367177,0.895054445,635.0,1800.0
0.8245089999401711,0.254808347,0.487337088,0.870023114,635.0,1800.0
0.8244515719065835,0.342654413,0.507528202,0.828013339,635.0,1800.0
0.8229991615724498,0.435831123,0.537945425,0.749824863,635.0,1800.0
0.8219343439024795,0.49378827,0.424759405,0.64856374,635.0,1800.0
0.8225059458144368,0.556995747,0.498046134,0.5544824595,635.0,1800.0
0.8250151418608405,0.560591101,0.53747833,0.537676294,635.0,1800.0
0.8241491055331733,0.57295507,0.54797307,0.539165645,635.0,1800.0
0.8250603821045132,0.482345856,0.526620828,0.561913783,635.0,1800.0
0.8311663972451246,0.406733394,0.474655325,0.598265296,635.0,1800.0
0.828512985204306,0.260769098,0.39484705,0.627129746,635.0,1800.0
0.8141156460133304,0.121715689,0.383247553,0.634624873,635.0,1800.0
0.8029284572125439,0.010511989,0.385404018,0.631716285,635.0,1800.0
0.7434648681736051,0.0,0.4178137885,0.6457137875000001,635.0,1800.0
0.6579938897136978,0.0,0.467258672,0.65551607,635.0,1800.0
0.623973059608881,0.0,0.5266351890000001,0.7282506630000001,551.0,1561.5
0.6143522826788324,0.0,0.567575205,0.7695417055,467.0,1323.0
0.6596080123941366,0.0,0.565277487,0.8172373580000001,467.0,1323.0
0.7421373081197336,0.042867799,0.557206718,0.843044864,467.0,1323.0
0.8038244069156004,0.105172781,0.577237057,0.862515129,467.0,1323.0
0.8410526859539634,0.209060267,0.598898153,0.845313122,467.0,1323.0
0.8426128430320928,0.281704718,0.604725584,0.808719834,467.0,1323.0
0.8398514999854992,0.341627025,0.595085489,0.800849716,467.0,1323.0
0.8362702841522438,0.380939016,0.536044417,0.807929735,467.0,1323.0
0.8319812833645346,0.4123732705,0.5236971845,0.8305579464999999,467.0,1323.0
0.8226500236125173,0.41354808,0.482651006,0.828616233,467.0,1323.0
0.8208042498401884,0.341108229,0.392377964,0.798715185,467.0,1323.0
0.8179906486948199,0.220030189,0.278502804,0.781793251,467.0,1323.0
0.8062526311778413,0.117270981,0.21512808,0.771209755,467.0,1323.0
0.7917398824715405,0.017003092,0.184054525,0.760268758,467.0,1323.0
0.7357569182418918,0.0,0.16074346299999998,0.7525339835,467.0,1323.0
0.6546884347898739,0.0,0.157536795,0.747487072,467.0,1323.0
0.6350305512492374,0.0,0.1355712315,0.7097850864999999,467.0,1323.0
0.6515060069820566,0.0,0.135966798,0.670745207,467.0,1323.0
0.7115996180306341,0.0,0.150919621,0.688650038,467.0,1323.0
0.7603999093047614,0.074376148,0.160487255,0.685501301,467.0,1323.0
0.8076789127939935,0.191328188,0.144805981,0.671759298,467.0,1323.0
0.8359873919474096,0.328221381,0.104392315,0.660146509,467.0,1323.0
0.8357819619363748,0.481389293,0.113312333,0.659874542,467.0,1323.0
0.8304224184387023,0.605331951,0.136911061,0.663419602,467.0,1323.0
0.8250421017452649,0.684279404,0.1354274,0.639317157,467.0,1323.0
0.8221299864978204,0.7003264195000001,0.14592418499999998,0.6500865975000001,467.0,1323.0
0.8163191444770661,0.648291632,0.144704136,0.629411019,467.0,1323.0
0.8139269281479841,0.558578628,0.137426068,0.59765674,467.0,1323.0
0.8114979648501898,0.435979257,0.139410209,0.575409752,467.0,1323.0
0.8104101575406065,0.303176653,0.14727536,0.570063268,467.0,1323.0
0.8043985023268865,0.191103473,0.142676601,0.592328244,467.0,1323.0
0.7917531778205673,0.090776151,0.15346506,0.626031039,467.0,1323.0
0.7849209121102564,0.014521566,0.170639018,0.646448437,467.0,1323.0
0.7373542600761622,0.0,0.171941575,0.640930276,467.0,1323.0
0.6418863609089669,0.0,0.144130679,0.5712536765,467.0,1323.0
0.6084778726640879,0.0,0.1278478455,0.470522833,467.0,1323.0
0.6248270467075142,0.0,0.13076989,0.4724808985,467.0,1323.0
0.6765819003823355,0.0,0.150352181,0.41720224,467.0,1323.0
0.7397888088919908,0.059984126,0.160095863,0.352782608,467.0,1323.0
0.7997944778580756,0.160340738,0.132854703,0.30618016,467.0,1323.0
0.8304105083670804,0.316239806,0.120759654,0.294253687,467.0,1323.0
0.8325614716765601,0.473012749,0.124658691,0.304768043,467.0,1323.0
0.8251420001305275,0.599093343,0.122634868,0.326861772,467.0,1323.0
0.8222504748112871,0.663636081,0.07548078,0.313528717,467.0,1323.0
0.8196257303904115,0.686336775,0.108837992,0.3109971155,467.0,1323.0
0.8147759752744818,0.613358258,0.134768939,0.263489404,467.0,1323.0
0.8129289557467068,0.563353219,0.149262942,0.218951216,467.0,1323.0
0.8111764790819781,0.473963208,0.158215319,0.19315578,467.0,1323.0
0.8104101575406065,0.350770558,0.159744019,0.172673731,467.0,1323.0
0.8054105084499319,0.240990069,0.167759782,0.151186859,467.0,1323.0
0.7936321435686124,0.125721845,0.19767219,0.136224931,467.0,1323.0
0.7895124717336713,0.023509492,0.235431432,0.120444562,467.0,1323.0
0.7345988491983604,0.0,0.2598328015,0.09582315050000001,467.0,1323.0
0.6575554705587341,0.0,0.192723765,0.095751925,467.0,1323.0
0.6274450278925771,0.0,0.202478149,0.08531818050000001,467.0,1323.0
0.6324558949132802,0.0,0.199511587,0.060536506000000004,467.0,1323.0
0.6860632161666698,0.0,0.1876665125,0.0529964925,467.0,1323.0
0.7597666320589241,0.078135911,0.17226786,0.048411764,467.0,1323.0
0.8038750026814894,0.185719227,0.139801148,0.040739951,467.0,1323.0
0.8306039355127915,0.351928503,0.124848512,0.032844205,467.0,1323.0
0.8295726322766513,0.505561714,0.12745649,0.024417272,467.0,1323.0
0.8229968536605244,0.659243744,0.141851847,0.021009879,467.0,1323.0
0.8201468753956263,0.772154126,0.099993096,0.027224803,467.0,1323.0
0.8180042210993277,0.8249213065000001,0.1420400685,0.021372210500000002,467.0,1323.0
0.8129297862503376,0.781893732,0.16820744,0.022609683,467.0,1323.0
0.8108492692679916,0.711168493,0.18466296,0.048079241,467.0,1323.0
0.8083109896870172,0.604040829,0.206734275,0.07598978,467.0,1323.0
0.8072314920534274,0.467151255,0.219304422,0.089747322,467.0,1323.0
0.8017803591836734,0.315651346,0.210541798,0.094191922,467.0,1323.0
0.7893796116999163,0.155481692,0.242785436,0.100446976,467.0,1323.0
0.7807722488716343,0.02867316,0.291496221,0.11437315,467.0,1323.0
0.7369707993829762,0.0,0.323318113,0.15819693299999998,467.0,1323.0
0.6235382412803738,0.0,0.27002031049999997,0.2004891465,467.0,1323.0
0.5821998696003249,0.0,0.274728786,0.1968898935,467.0,1323.0
0.5885486143071774,0.0,0.256400665,0.2020222445,467.0,1323.0
0.6061141855929115,0.0480574875,0.238557767,0.166591028,467.0,1323.0
0.6335636914444109,0.22815969,0.180769299,0.136490394,467.0,1323.0
0.6637111574388085,0.399741733,0.15900447,0.121817448,467.0,1323.0
0.6919811358225488,0.563076474,0.168967263,0.110727041,467.0,1323.0
0.6923451847361373,0.695139003,0.185468588,0.104278363,467.0,1323.0
0.6907600986300279,0.801279483,0.162886944,0.110149564,467.0,1323.0
0.690503565470399,0.8880266560000001,0.1993440675,0.128037704,467.0,1323.0
0.6897995883717785,0.8178221585000001,0.2310082015,0.18931870350000002,467.0,1323.0
0.6899608618370149,0.647143775,0.243539598,0.253836171,467.0,1323.0
0.6891414980900885,0.491632088,0.240903787,0.282464339,467.0,1323.0
0.684919388636517,0.329222853,0.229057479,0.311154601,467.0,1323.0
0.6748908683928567,0.16668982,0.264631705,0.337051095,467.0,1323.0
0.6689964692891274,0.032989991,0.314038468,0.371221786,467.0,1323.0
0.6637846043497106,0.0,0.3290169075,0.413900147,467.0,1323.0
0.621931066097527,0.0,0.295704112,0.43089546749999996,467.0,1323.0
0.5811252649454887,0.0,0.284832779,0.397298502,467.0,1323.0
0.5761988318419612,0.0,0.26699948149999997,0.3442195065,467.0,1323.0
0.5897996807015118,0.0005159425,0.22736904600000002,0.22886097649999998,467.0,1323.0
0.6035017671251447,0.105640916,0.191270036,0.218314611,467.0,1323.0
0.6325792911825167,0.244742955,0.133678572,0.219414123,467.0,1323.0
0.6593535567860686,0.417795545,0.090008694,0.195314276,467.0,1323.0
0.6867778111846151,0.591341514,0.086062361,0.177394497,467.0,1323.0
0.6900660700104552,0.747424336,0.097690952,0.161251702,467.0,1323.0
0.6908860342651945,0.86673574,0.082901489,0.131448509,467.0,1323.0
0.6919081038651966,0.93411017,0.106524229,0.146097406,467.0,1323.0
0.6928134717975765,0.932296868,0.1540792245,0.17874568899999999,467.0,1323.0
0.6961460479011627,0.828268749,0.191633454,0.196515685,467.0,1323.0
0.6964286173164772,0.699894395,0.20216881,0.21893333,467.0,1323.0
0.6947134417314227,0.538754045,0.213377387,0.260893875,467.0,1323.0
0.6897352591380279,0.357001246,0.205107674,0.312764986,467.0,1323.0
0.6763138724029002,0.176708436,0.251152361,0.38240262,467.0,1323.0
0.6685974278706022,0.036686957,0.310803372,0.455334115,467.0,1323.0
0.660930817665589,0.0,0.3471562575,0.5380103725000001,467.0,1323.0
0.6393870441440219,0.0,0.324175801,0.544769324,467.0,1323.0
0.6071428571002477,0.0,0.289549656,0.536235858,467.0,1323.0
0.6070231308881974,0.0,0.25708322100000003,0.503968828,467.0,1323.0
0.6552920977543072,0.0006377725,0.22183847950000002,0.456217226,467.0,1323.0
0.7374727172017785,0.110441259,0.200858214,0.371796976,467.0,1323.0
0.7905343570718943,0.24976625,0.149445052,0.322555553,467.0,1323.0
0.8142929157871273,0.435086538,0.098666046,0.270271638,467.0,1323.0
0.817952240718846,0.611875472,0.096251926,0.223535985,467.0,1323.0
0.8185152558993288,0.762720217,0.111013851,0.168580652,467.0,1323.0
0.8210512269055655,0.874947753,0.109166419,0.133916009,467.0,1323.0
0.8243339926756671,0.9480426534999999,0.139069467,0.16070503149999998,467.0,1323.0
0.8208295016576881,0.873313059,0.17568416650000002,0.203250842,467.0,1323.0
0.8172896956766589,0.697475449,0.196906979,0.236480054,467.0,1323.0
0.8161149148188449,0.533691793,0.203691009,0.266553329,467.0,1323.0
0.8096432818882731,0.35192846,0.193475657,0.309636958,467.0,1323.0
0.7927108956512056,0.175866465,0.232904919,0.354781093,467.0,1323.0
0.7784443856375405,0.040222817,0.295541044,0.414023886,467.0,1323.0
0.7348136268492238,0.0,0.33890743349999997,0.4853858085,467.0,1323.0
0.652857549071041,0.0,0.327948502,0.531331932,467.0,1323.0
0.6157933830183291,0.0,0.323515067,0.5385871325,467.0,1323.0
0.605717406352273,0.0,0.29847155999999997,0.5411172904999999,467.0,1323.0
0.6344232182276179,0.0,0.270100139,0.535180951,467.0,1323.0
0.6749676392735781,0.001533897,0.252232551,0.52343774,467.0,1323.0
0.7344023983035958,0.112436736,0.227741851,0.506730825,467.0,1323.0
0.7885515226937752,0.250433259,0.171356278,0.482720563,467.0,1323.0
0.8142463823969393,0.433849271,0.113310092,0.450459629,467.0,1323.0
0.818787716103648,0.609231603,0.11216809,0.40693317,467.0,1323.0
0.8215930997039128,0.757751564,0.136384268,0.376083935,467.0,1323.0
0.8259768292734779,0.868131986,0.163610228,0.351216898,467.0,1323.0
0.8303423702832783,0.939507721,0.203674843,0.420383205,467.0,1323.0
0.8272093145575484,0.900543339,0.215243617,0.449457833,467.0,1323.0
0.8253504764262289,0.806798033,0.218946598,0.443608821,467.0,1323.0
0.8229083112359217,0.678277633,0.218339735,0.438489631,467.0,1323.0
0.8208199458948425,0.514406538,0.220743717,0.43344297,467.0,1323.0
0.8134305733116027,0.343732568,0.206883564,0.440590051,467.0,1323.0
0.7950503004333628,0.173261343,0.229133983,0.461732956,467.0,1323.0
0.7782944449345387,0.043010357,0.280847094,0.499662065,467.0,1323.0
0.734783573951876,0.0,0.30898325449999997,0.5364310595,467.0,1323.0
0.653327405870508,0.0,0.323435464,0.574942602,467.0,1323.0
0.6158301525889358,0.0,0.2814925595,0.5655031625,467.0,1323.0
0.6040655906381918,0.0,0.23605349650000002,0.55755116,467.0,1323.0
0.6278833085529409,0.0,0.195977606,0.460525698,467.0,1323.0
0.6710292531912838,0.001737833,0.171904116,0.406387086,467.0,1323.0
0.7304386682729123,0.102020709,0.134406869,0.370491124,467.0,1323.0
0.7888653450278451,0.226754387,0.087072014,0.340094674,467.0,1323.0
0.8142463823969393,0.410188747,0.053886879,0.311301721,467.0,1323.0
0.8184581049212222,0.580121892,0.052552982,0.294732854,467.0,1323.0
0.82065883349296,0.717120744,0.060238323,0.299479899,467.0,1323.0
0.8243775251838212,0.796551958,0.062504784,0.336414912,467.0,1323.0
0.8283570891340871,0.811774971,0.108254973,0.3946099585,467.0,1323.0
0.8258026064471599,0.691654213,0.132425973,0.414851585,467.0,1323.0
0.823419530297702,0.623742668,0.131241313,0.400888723,467.0,1323.0
0.8201226854031997,0.501217684,0.132178936,0.388884998,467.0,1323.0
0.8161818528812396,0.369450511,0.125423052,0.390448055,467.0,1323.0
0.8096432818882731,0.251634595,0.124875693,0.389528339,467.0,1323.0
0.7906400722966335,0.11568154,0.14326199,0.41034443,467.0,1323.0
0.777954031902415,0.035317858,0.166813019,0.453565027,467.0,1323.0
0.7348490810028269,0.0,0.1791809855,0.5109779925,467.0,1323.0
0.6529128073227566,0.0,0.169598205,0.532874369,467.0,1323.0
0.6158405394850838,0.0,0.16035244999999998,0.5250050635,467.0,1323.0
0.603746389914886,0.0,0.1530172205,0.494556989,467.0,1323.0
0.6282496657098607,0.0,0.15870764,0.389135334,467.0,1323.0
0.6710292531912838,0.00196513,0.168148691,0.323621123,467.0,1323.0
0.7326565696447866,0.095807087,0.164789662,0.307039422,467.0,1323.0
0.7908401467854519,0.206834365,0.127981715,0.32372561,467.0,1323.0
0.8168195616891485,0.339140199,0.11069877,0.342809579,467.0,1323.0
0.8200357125177812,0.463882059,0.114420291,0.341702461,467.0,1323.0
0.8185445243584908,0.573747975,0.119008137,0.375114287,467.0,1323.0
0.8184105561028119,0.649825109,0.095696225,0.486768711,467.0,1323.0
0.8171782096778879,0.6329707865,0.135081441,0.48805260250000004,467.0,1323.0
0.8125902043846568,0.515575191,0.204881004,0.508444781,467.0,1323.0
0.8104132966189749,0.426334023,0.241786012,0.535832116,467.0,1323.0
0.8080059383462008,0.319832767,0.277762085,0.557705009,467.0,1323.0
0.8071223600320266,0.22006699,0.306040202,0.526395609,467.0,1323.0
0.8017803591836734,0.142200714,0.294650373,0.461605217,467.0,1323.0
0.7893071345163383,0.067391502,0.273795501,0.390263025,467.0,1323.0
0.7806037507539032,0.021672667,0.250404419,0.335754241,467.0,1323.0
0.7372947087238344,0.0,0.20878349699999998,0.304702825,467.0,1323.0
0.6414655302699235,0.0,0.1230784895,0.18753772400000002,467.0,1323.0
0.6078136656204209,0.0,0.144636066,0.269222257,467.0,1323.0
0.6254177838075567,0.0,0.123986145,0.254162895,467.0,1323.0
0.676664026122461,0.001066912,0.106411863,0.233205328,467.0,1323.0
0.7388950749699703,0.057423253,0.09272099,0.234135845,467.0,1323.0
0.7967654760184172,0.148261987,0.07931487,0.22028952,467.0,1323.0
0.8284366299068062,0.248809547,0.063191906,0.190400587,467.0,1323.0
0.8271774617937923,0.317142272,0.048908226,0.155517334,467.0,1323.0
0.8239171782805987,0.391417276,0.039044847,0.117189738,467.0,1323.0
0.8206973342626356,0.444594749,0.024370595,0.076896185,467.0,1323.0
0.8177479189297352,0.4277334435,0.025575919500000002,0.0727767215,467.0,1323.0
0.8118415172920881,0.341241966,0.027376246,0.087446408,467.0,1323.0
0.8081791457442967,0.262901588,0.025548118,0.116858246,467.0,1323.0
0.806835774637862,0.209787075,0.023029488,0.161105526,467.0,1323.0
0.8012416261265068,0.139974492,0.027170134,0.195310151,467.0,1323.0
0.7884126615587644,0.079783135,0.044268442,0.200997484,467.0,1323.0
0.7789869040149273,0.030037991,0.075074538,0.224225111,467.0,1323.0
0.7357157165126826,0.0,0.1058923785,0.281434235,467.0,1323.0
0.6350377528690097,0.0,0.097741152,0.346399412,467.0,1323.0
0.5938504065840551,0.0,0.08991815149999999,0.3690585405,467.0,1323.0
0.5743680384528616,0.0,0.076517543,0.3484272505,467.0,1323.0
0.5874347703110806,0.000925432,0.075139258,0.289904747,467.0,1323.0
0.6011690560829458,0.073092465,0.068673902,0.263668543,467.0,1323.0
0.6313877993720762,0.166305834,0.051956019,0.260436012,467.0,1323.0
0.657355626794827,0.277054705,0.036342691,0.254391362,467.0,1323.0
0.6867466967936001,0.411197907,0.032819986,0.243219769,467.0,1323.0
0.69011888155738,0.541217945,0.038775423,0.220581759,467.0,1323.0
0.6914554435945414,0.6349598835000001,0.048286767,0.22720575999999998,467.0,1323.0
0.6905946935252203,0.639904516,0.06992995099999999,0.25915488,467.0,1323.0
0.6915141409134068,0.519063653,0.08485378,0.261627302,467.0,1323.0
0.6910892942292323,0.441748888,0.091531795,0.281865694,467.0,1323.0
0.690666478401502,0.333522665,0.10385764,0.339739926,467.0,1323.0
0.6866063582502947,0.213293507,0.122799949,0.424319303,467.0,1323.0
0.67551879077929,0.112588221,0.174525958,0.530281958,467.0,1323.0
0.6686477465810101,0.028097813,0.247504764,0.630620821,467.0,1323.0
0.6611572288297026,0.0,0.2976068385,0.686070764,467.0,1323.0
0.6355617599633931,0.0,0.260670504,0.683627714,467.0,1323.0
0.5925535917016872,0.0,0.2496989305,0.6497698350000001,467.0,1323.0
0.5717956210300845,0.0,0.227332998,0.642091195,467.0,1323.0
0.5844089535489543,0.0013894165,0.2228052225,0.6442114299999999,467.0,1323.0
0.5989406293866048,0.083896557,0.198823631,0.601844835,467.0,1323.0
0.6298545096497943,0.190467986,0.142450273,0.556816536,467.0,1323.0
0.6572147805374104,0.319674259,0.114849961,0.513060379,467.0,1323.0
0.686826791014469,0.455373024,0.110130639,0.480947313,467.0,1323.0
0.69032717292849,0.553808467,0.122934758,0.449414046,467.0,1323.0
0.6906104349825071,0.640349072,0.113659291,0.389502763,467.0,1323.0
0.690644435257647,0.675781762,0.149330609,0.445237487,467.0,1323.0
0.6894394401077252,0.626821819,0.192676404,0.49877943,467.0,1323.0
0.690845594769964,0.517281197,0.244165713,0.536613497,467.0,1323.0
0.6904369047948914,0.455448622,0.281321516,0.574968165,467.0,1323.0
0.6891668420384778,0.303114952,0.301876404,0.651098038,467.0,1323.0
0.6854095110502003,0.201224804,0.304788097,0.70414392,467.0,1323.0
0.6753213012578779,0.10140755,0.323893749,0.653500267,467.0,1323.0
0.6706913329956768,0.027940889,0.347238285,0.656055272,467.0,1323.0
0.6627760373269558,0.0,0.362213391,0.703768107,467.0,1323.0
0.6395306371281513,0.0,0.2967471775,0.605734413,467.0,1323.0
0.6061825082367583,0.0,0.291736849,0.640200759,467.0,1323.0
0.6061024137839052,0.0,0.28844098149999997,0.682774298,467.0,1323.0
0.6539335617708798,0.001967606,0.291275018,0.657155747,467.0,1323.0
0.7332902160769946,0.094215366,0.261439921,0.625480118,467.0,1323.0
0.7908303603639762,0.19596697,0.222371862,0.600396157,467.0,1323.0
0.8164837651436877,0.309070637,0.179127971,0.565488064,467.0,1323.0
0.8195343720083662,0.442661239,0.180554495,0.545696497,467.0,1323.0
0.8184105561028119,0.563539525,0.210354046,0.551180229,467.0,1323.0
0.817985478760007,0.652643621,0.19335271,0.605551184,467.0,1323.0
0.8172145864660114,0.6835554585,0.2758939225,0.660478612,467.0,1323.0
0.8136861364456419,0.621522545,0.316085773,0.678880123,467.0,1323.0
0.8122288325693644,0.564026495,0.334367767,0.6944254,467.0,1323.0
0.8114193016407646,0.486216796,0.347080321,0.718910366,467.0,1323.0
0.8097980233397171,0.392218511,0.355074868,0.756529136,467.0,1323.0
0.8026537812271891,0.259815461,0.338151432,0.786326213,467.0,1323.0
0.7882088010869137,0.140647223,0.350979645,0.79313016,467.0,1323.0
0.7780691643622593,0.053983569,0.369921512,0.791655176,467.0,1323.0
0.7349726845334243,0.0,0.3704924035,0.76894586,467.0,1323.0
0.6525959379086453,0.0,0.321268455,0.713628546,467.0,1323.0
0.6158958670006696,0.0,0.27100366899999995,0.6493511240000001,467.0,1323.0
0.6061003363980474,0.0,0.24825742500000003,0.561396824,467.0,1323.0
0.6546766860798712,0.0020547955,0.23287006799999999,0.464631444,467.0,1323.0
0.7356531646097269,0.10550395,0.196465569,0.380557033,467.0,1323.0
0.7908303603639762,0.214980779,0.13751496,0.323402688,467.0,1323.0
0.8148803058846282,0.356028576,0.11483911,0.275339412,467.0,1323.0
0.8183045638225918,0.505812292,0.119488428,0.231443301,467.0,1323.0
0.8177615834651326,0.63059945,0.14366924,0.205547838,467.0,1323.0
0.8185152558993288,0.715127194,0.139333904,0.216950873,467.0,1323.0
0.8186460847452334,0.702593572,0.1600827305,0.2152884065,467.0,1323.0
0.8144547665617511,0.641006789,0.167089971,0.254662752,467.0,1323.0
0.8123888374121352,0.545043552,0.168296298,0.295965192,467.0,1323.0
0.8086005305605832,0.426154989,0.165429,0.350240685,467.0,1323.0
0.8067656053662093,0.29902053,0.16182161,0.410104583,467.0,1323.0
0.8006268141645091,0.193366474,0.145021783,0.466485281,467.0,1323.0
0.7882643825258363,0.105356043,0.150040564,0.528933077,467.0,1323.0
0.7781024024034204,0.036371642,0.15931301,0.562667953,467.0,1323.0
0.7354594146744959,0.0,0.155868562,0.5463993165000001,467.0,1323.0
0.6524633088649265,0.0,0.128908232,0.508553496,467.0,1323.0
0.6159743457163314,0.0,0.1333430935,0.5166840665000001,467.0,1323.0
0.6057292012602828,0.0,0.1384170225,0.503003359,467.0,1323.0
0.6545938215693172,0.001608831,0.136164882,0.492735422,467.0,1323.0
0.7359845753271549,0.062270152,0.132539203,0.502849289,467.0,1323.0
0.7911254403587256,0.128074515,0.12100831,0.542867989,467.0,1323.0
0.815880586860643,0.193403103,0.106034278,0.601350467,467.0,1323.0
0.8188089512794854,0.294394879,0.105766748,0.641218868,467.0,1323.0
0.8182532296839614,0.383477217,0.114679136,0.66911496,467.0,1323.0
0.818023886735981,0.44936364,0.105584573,0.71667607,467.0,1323.0
0.8178909345713364,0.502105766,0.127077721,0.730484036,467.0,1323.0
0.8140908097790522,0.5444424735,0.16743100049999998,0.7212012670000001,467.0,1323.0
0.8101501621816836,0.488029857,0.210775104,0.707616948,467.0,1323.0
0.8076246245015863,0.418185719,0.231496017,0.70554597,467.0,1323.0
0.8069785132239824,0.310820782,0.226961756,0.708326567,467.0,1323.0
0.8016079829520205,0.210249859,0.224394943,0.733414391,467.0,1323.0
0.7886484669252608,0.110238973,0.247643438,0.77354798,467.0,1323.0
0.7791783924350836,0.040567277,0.27063913,0.799767795,467.0,1323.0
0.7508723603841455,0.0,0.290463141,0.813099749,467.0,1323.0
0.7208325946706117,0.0,0.291405872,0.81820129,467.0,1323.0
0.6405719575769597,0.0,0.273483972,0.8245636875,467.0,1323.0
0.6060593197259919,0.0,0.29139645599999997,0.7978847465,467.0,1323.0
0.6231432624032527,0.0,0.3101684215,0.7780292475,467.0,1323.0
0.6750589051933277,0.004278946,0.318421167,0.758847197,467.0,1323.0
0.7381368317831498,0.074109108,0.310379572,0.731725747,467.0,1323.0
0.7967199580564513,0.15662369,0.297607975,0.704161234,467.0,1323.0
0.8292313887408966,0.195559113,0.278415912,0.687698011,467.0,1323.0
0.831300456968881,0.303341758,0.252676168,0.677633955,467.0,1323.0
0.8250622286991783,0.410071853,0.237020278,0.674926064,467.0,1323.0
0.8218462627951371,0.529067162,0.206964872,0.631402953,467.0,1323.0
0.8182133439682868,0.6410653875,0.226083549,0.6724142325,467.0,1323.0
0.8128725431413412,0.645538816,0.245741979,0.711733376,467.0,1323.0
0.8108250792755649,0.582003902,0.25868181,0.720570275,467.0,1323.0
0.8084321239109296,0.495658809,0.271691052,0.721460033,467.0,1323.0
0.807518631558554,0.375914472,0.274416797,0.709657928,467.0,1323.0
0.8021383148651164,0.261890992,0.265562045,0.700391679,467.0,1323.0
0.7902751000857124,0.13739413,0.253220713,0.689638535,467.0,1323.0
0.7824650817217395,0.049035607,0.253648892,0.670463255,467.0,1323.0
0.7369221887394929,0.0,0.2345458815,0.637313021,467.0,1323.0
0.6551546676970214,0.0,0.184157793,0.5480163,467.0,1323.0
0.6210776329772935,0.0,0.16936633299999998,0.501105808,467.0,1323.0
0.6115199852595878,0.0,0.1474571005,0.4362972165,467.0,1323.0
0.6567630661328416,0.0026774505,0.12354493450000001,0.3771829,467.0,1323.0
0.738846972040598,0.077636408,0.10352976,0.325804592,467.0,1323.0
0.8002998807431915,0.165444588,0.088360417,0.287555784,467.0,1323.0
0.8351668735817083,0.191512632,0.08066526,0.262585349,467.0,1323.0
0.8381663305695358,0.285126826,0.076989256,0.256738382,467.0,1323.0
0.8352242088215943,0.374126583,0.072530586,0.253664989,467.0,1323.0
0.8297012450101139,0.5117387665,0.0595201765,0.241062775,467.0,1323.0
0.8197061477322062,0.600423959,0.061055472,0.2534083875,467.0,1323.0
0.8141980024120861,0.571625827,0.067366025,0.255606442,467.0,1323.0
0.8119444629562356,0.491531403,0.067638824,0.23967349,467.0,1323.0
0.8112911502245622,0.370372819,0.06970813,0.213617607,467.0,1323.0
0.8064219604620154,0.247572992,0.072377137,0.207827583,467.0,1323.0
0.7936321435686124,0.126922247,0.077894178,0.220030052,467.0,1323.0
0.7851948490600579,0.042375118,0.088053891,0.219142556,467.0,1323.0
0.7365115835686971,0.0,0.09465459200000001,0.1802196425,467.0,1323.0
0.6373284546779503,0.0,0.065050503,0.111932695,467.0,1323.0
0.5977084210254527,0.0,0.0512493515,0.1005253295,467.0,1323.0
0.5806148992874991,0.0,0.0394929775,0.0852766585,467.0,1323.0
0.5925426277612766,0.0025840965,0.037444469,0.069716675,467.0,1323.0
0.6063940776779457,0.075071268,0.034496878,0.069239188,467.0,1323.0
0.6349742312718705,0.16100399,0.020291013,0.059664559,467.0,1323.0
0.6674041359949099,0.224450767,0.01898358,0.054770986,467.0,1323.0
0.7007749079414397,0.33169759,0.021134831,0.057139149,467.0,1323.0
0.701295407036209,0.401128115,0.024739095,0.057605965,467.0,1323.0
0.6991183607427865,0.46047855,0.027351754,0.056111893,467.0,1323.0
0.6952578531003255,0.500144682,0.039779263999999995,0.0642487115,467.0,1323.0
0.6916116621228738,0.4885148345,0.051113306,0.0699782035,467.0,1323.0
0.6904369047948914,0.383984158,0.053585828,0.077470977,467.0,1323.0
0.6890813922953926,0.296220053,0.060553637,0.085884972,467.0,1323.0
0.6854095110502003,0.213509163,0.067377914,0.094842776,467.0,1323.0
0.6754296942437252,0.117311626,0.087214122,0.109358641,467.0,1323.0
0.6728425733606376,0.046652022,0.115441307,0.12664166,467.0,1323.0
0.6677967832977116,0.0,0.1473456635,0.146501137,467.0,1323.0
0.6374428489638971,0.0,0.131509191,0.191484599,467.0,1323.0
0.5979790572038605,0.0,0.134127511,0.18308616,467.0,1323.0
0.5802101105916331,0.0,0.1441993915,0.16587661250000002,467.0,1323.0
0.5924316496091793,0.0044339895,0.15687539,0.1702906565,467.0,1323.0
0.605693493448468,0.108244196,0.150278222,0.182373398,467.0,1323.0
0.6337256346150493,0.219112348,0.112162003,0.178744862,467.0,1323.0
0.66199958264707,0.356769629,0.099175456,0.171891048,467.0,1323.0
0.6898316492585517,0.506057369,0.119253581,0.175087779,467.0,1323.0
0.69032717292849,0.650965931,0.140154624,0.1667918,467.0,1323.0
0.690409667854986,0.762172359,0.115598726,0.157877197,467.0,1323.0
0.6909345524463821,0.8080514594999999,0.1507799065,0.1774635875,467.0,1323.0
0.6903630423339084,0.7412560135,0.18931972349999998,0.2663448225,467.0,1323.0
0.6902878416551835,0.606433886,0.221619423,0.400254161,467.0,1323.0
0.6892892230120545,0.456207289,0.24080473,0.518284846,467.0,1323.0
0.6852989944142068,0.298421824,0.240988328,0.607847713,467.0,1323.0
0.6747071355377318,0.162199784,0.279920347,0.668720225,467.0,1323.0
0.6688474518834581,0.072671333,0.335158152,0.708802488,467.0,1323.0
0.6617317855913896,0.0,0.394128905,0.7250645099999999,467.0,1323.0
0.6525977383053033,0.0,0.391696556,0.659162044,467.0,1323.0
0.6166336132518313,0.0,0.382173957,0.6207459115,467.0,1323.0
0.6062519619032674,0.0,0.35121445500000004,0.5938371,467.0,1323.0
0.6550155986046968,0.0047937515,0.336698272,0.574555179,467.0,1323.0
0.7326788209116585,0.122262744,0.318419457,0.574074418,467.0,1323.0
0.7897351666757323,0.246968943,0.249123214,0.55593965,467.0,1323.0
0.8142999329794174,0.410223943,0.217699481,0.527403143,467.0,1323.0
0.81817622814461,0.577491377,0.223855463,0.508727089,467.0,1323.0
0.8181443747180417,0.719976581,0.257479078,0.515039524,467.0,1323.0
0.8191272058384391,0.832155376,0.249523409,0.564623909,467.0,1323.0
0.8218608506278671,0.8916770485,0.265098081,0.6421261755000001,467.0,1323.0
0.8191412395602072,0.840454453,0.270632377,0.695967718,467.0,1323.0
0.8174716740680082,0.734455743,0.262539356,0.712464258,467.0,1323.0
0.8146578879980483,0.605685522,0.251479703,0.730479716,467.0,1323.0
0.8127464232443953,0.462981413,0.238852426,0.750529554,467.0,1323.0
0.8048778686249106,0.306374484,0.225091894,0.781182232,467.0,1323.0
0.7891243249585459,0.167441513,0.244350027,0.818567513,467.0,1323.0
0.7776808333253548,0.071488098,0.277338023,0.819159319,467.0,1323.0
0.7347091348443177,0.0,0.2975023325,0.7771582915,467.0,1323.0
0.6533765242943836,0.0,0.265670774,0.712963631,467.0,1323.0
0.6156408341826359,0.0,0.2151582945,0.594422202,467.0,1323.0
0.6053568196711194,0.0,0.1661682055,0.4242812665,467.0,1323.0
0.6535561713765385,0.0052964955,0.1287758175,0.34112919399999997,467.0,1323.0
0.7326565696447866,0.116241879,0.102955843,0.310586478,467.0,1323.0
0.7887810499035348,0.233486683,0.060799045,0.267924962,467.0,1323.0
0.8139956200113422,0.39148671,0.042755009,0.22411291,467.0,1323.0
0.817952240718846,0.538137258,0.042458532,0.205471484,467.0,1323.0
0.8184455486077485,0.666775321,0.054392754,0.202555448,467.0,1323.0
0.8213567862918992,0.7532051675,0.0514631355,0.21431246599999998,467.0,1323.0
0.8213371667206908,0.727074627,0.043638173,0.263236567,467.0,1323.0
0.8167972182913871,0.661541371,0.039499045,0.347064739,467.0,1323.0
0.8130872975937794,0.558200606,0.04203683,0.430854411,467.0,1323.0
0.8086453094869956,0.440029537,0.053306609,0.499947913,467.0,1323.0
0.8066761396442741,0.351513108,0.06433214,0.581374519,467.0,1323.0
0.8010188383907442,0.228954089,0.075464203,0.650973538,467.0,1323.0
0.7882643825258363,0.119508466,0.107432097,0.682993981,467.0,1323.0
0.7781529981693094,0.043744999,0.144712198,0.677559527,467.0,1323.0
0.7348855041878013,0.0,0.18559893649999998,0.660226003,467.0,1323.0
0.6395585663090717,0.0,0.15347408950000002,0.506765089,467.0,1323.0
0.6029066905939203,0.0,0.13870010900000002,0.41010093550000004,467.0,1323.0
0.6171731314431368,0.0,0.13607502999999999,0.4605858835,467.0,1323.0
0.6680567560878807,0.009966454,0.141365809,0.494690906,467.0,1323.0
0.7296938125660083,0.086929352,0.133641394,0.500230114,467.0,1323.0
0.7884551325732514,0.175816582,0.099393337,0.481442941,467.0,1323.0
0.8142929157871273,0.287523157,0.081203793,0.442844332,467.0,1323.0
0.8183293079259802,0.4228481,0.084921856,0.412686564,467.0,1323.0
0.818023886735981,0.525698423,0.098361115,0.388713826,467.0,1323.0
0.8184455486077485,0.614259663,0.101895116,0.373798071,467.0,1323.0
0.8181434514207091,0.673295946,0.1237273935,0.384774026,467.0,1323.0
0.8138662685737323,0.5983751195,0.157238353,0.4211370525,467.0,1323.0
0.8102125758883048,0.467772816,0.189228805,0.506030126,467.0,1323.0
0.8096599005774475,0.340899466,0.209579179,0.56188925,467.0,1323.0
0.8026785253305778,0.226078449,0.225470751,0.606116235,467.0,1323.0
0.7890668969249581,0.121907821,0.254912475,0.623727502,467.0,1323.0
0.777954031902415,0.054017582,0.291695361,0.64434782,467.0,1323.0
0.7497939239128165,0.001154983,0.313357132,0.659669273,467.0,1323.0
0.7197675920760501,0.0,0.324368905,0.658595355,467.0,1323.0
0.6401724777413345,0.0,0.2975641185,0.6617762655,467.0,1323.0
0.6032037787769383,0.0,0.2800354455,0.66886939,467.0,1323.0
0.6167403673683431,0.0,0.269066859,0.6643398785,467.0,1323.0
0.6680158546125778,0.011322743,0.261130473,0.673206368,467.0,1323.0
0.7293975786152963,0.090995259,0.246155062,0.679582169,467.0,1323.0
0.7888568510900726,0.177431578,0.198471617,0.690269477,467.0,1323.0
0.81427592724877,0.284192519,0.188162918,0.675415794,467.0,1323.0
0.81817622814461,0.395195205,0.19362859,0.661759995,467.0,1323.0
0.8177928827807389,0.481685208,0.207122339,0.656818703,467.0,1323.0
0.8189318399671732,0.527161184,0.2002594,0.654351029,467.0,1323.0
0.8199347055791885,0.586204583,0.2357524235,0.7185937345,467.0,1323.0
0.8146345752375095,0.5371090405,0.2458350265,0.7743157785,467.0,1323.0
0.8099078016029694,0.430716066,0.232669459,0.764810869,467.0,1323.0
0.8073035079197451,0.318712461,0.230340362,0.775135364,467.0,1323.0
0.8012433799274702,0.197257483,0.216047097,0.776592069,467.0,1323.0
0.7879790896153749,0.10453206,0.224713868,0.78649949,467.0,1323.0
0.7777308749802817,0.047933414,0.23503451,0.795309016,467.0,1323.0
0.7347630082163155,0.0005264755,0.245915692,0.7783897835,467.0,1323.0
0.653327405870508,0.0,0.235803675,0.745120561,467.0,1323.0
0.6158710769643986,0.0,0.214958741,0.7356847289999999,467.0,1323.0
0.6037501523018056,0.0,0.20381871899999998,0.690947924,467.0,1323.0
0.6474488178524822,0.006698879,0.1890601235,0.644190747,467.0,1323.0
0.7289851497168547,0.091403045,0.166449184,0.619935224,467.0,1323.0
0.788617536796025,0.187912063,0.120466478,0.602125928,467.0,1323.0
0.8141893242125343,0.329144054,0.107466148,0.574961274,467.0,1323.0
0.8188574233952282,0.466065105,0.102624703,0.546660944,467.0,1323.0
0.8202125203115056,0.575311626,0.114878839,0.524559587,467.0,1323.0
0.8226803535653462,0.675567836,0.111384807,0.539375325,467.0,1323.0
0.8256053939812289,0.687012512,0.113046536,0.550503665,467.0,1323.0
0.8215839591928826,0.58280122,0.105860603,0.5346444815,467.0,1323.0
0.8162620856298489,0.450653175,0.109631344,0.537604561,467.0,1323.0
0.814218037897922,0.349946753,0.110776961,0.526859222,467.0,1323.0
0.8077941380475396,0.258573936,0.113053881,0.525862723,467.0,1323.0
0.7927793104590826,0.14559233,0.127512623,0.547404338,467.0,1323.0
0.7790952970007746,0.062627159,0.153450597,0.574025927,467.0,1323.0
0.7347218528839571,0.0006991475,0.167275425,0.599585083,467.0,1323.0
0.6364655579589013,0.0,0.166563382,0.56882276,467.0,1323.0
0.5927043170417187,0.0,0.136425112,0.498437908,467.0,1323.0
0.5718025686933794,0.0,0.1055334675,0.459495623,467.0,1323.0
0.5843425466973616,0.0077018645,0.1027813095,0.44817865349999997,467.0,1323.0
0.5975728374302697,0.123483725,0.090220598,0.43979044,467.0,1323.0
0.6295971917205734,0.246823614,0.05472962,0.421720116,467.0,1323.0
0.6581895325741635,0.396052237,0.03877609,0.391349594,467.0,1323.0
0.6882757852147532,0.561734743,0.039234644,0.35500512,467.0,1323.0
0.6953297304389029,0.706909657,0.044571838,0.340455105,467.0,1323.0
0.7007313293678408,0.799934468,0.044463836,0.338905356,467.0,1323.0
0.7096965550838641,0.801364929,0.0531244085,0.401598156,467.0,1323.0
0.7112448942212612,0.730484216,0.0510526,0.458511834,467.0,1323.0
0.7134622414821735,0.637790024,0.049823386,0.48373087,467.0,1323.0
0.7121121302389298,0.513526667,0.054230339,0.522185611,467.0,1323.0
0.7079695615580773,0.402869049,0.062682664,0.542605007,467.0,1323.0
0.7012279612597032,0.272622421,0.082569777,0.564453176,467.0,1323.0
0.685812984030797,0.157498057,0.112874157,0.598451869,467.0,1323.0
0.6752476237214862,0.077424542,0.148889081,0.660940749,467.0,1323.0
0.6654138227758343,0.000832063,0.180800244,0.7031558044999999,467.0,1323.0
0.646371974350747,0.0,0.177304927,0.664705764,467.0,1323.0
0.5968603890620523,0.0,0.1732716805,0.6671511889999999,467.0,1323.0
0.5724343225317586,0.0,0.152070498,0.6359365185,467.0,1323.0
0.5829313144631839,0.0061537355,0.135104743,0.6089009095,467.0,1323.0
0.5980528041698254,0.113046561,0.117307578,0.594046562,467.0,1323.0
0.6302760789267037,0.218267133,0.083013633,0.578874637,467.0,1323.0
0.6588369820695095,0.337391108,0.061491711,0.585433611,467.0,1323.0
0.6890462155286766,0.470482013,0.056600989,0.583835336,467.0,1323.0
0.6979498587045216,0.588870411,0.060208312,0.576511453,467.0,1323.0
0.7037175374034924,0.694866445,0.060399623,0.536718508,467.0,1323.0
0.7081666583632873,0.726330856,0.063319887,0.568947401,467.0,1323.0
0.7030256089042344,0.629530916,0.057300881,0.5774087514999999,467.0,1323.0
0.6961276747482126,0.465145175,0.057957152,0.572413588,467.0,1323.0
0.6933352630446428,0.33406756,0.061445159,0.599980531,467.0,1323.0
0.6901206353583433,0.216325077,0.072581283,0.626289808,467.0,1323.0
0.6773271252756101,0.111303821,0.1005792,0.645775193,467.0,1323.0
0.6703388249673399,0.052439817,0.138688983,0.615701358,467.0,1323.0
0.6644587830708509,0.000810711,0.1791999535,0.6220375890000001,467.0,1323.0
0.6557677712606883,0.0,0.188107685,0.606262336,467.0,1323.0
0.6170327468343868,0.0,0.1735016325,0.5342064925000001,467.0,1323.0
0.6041608499680375,0.0,0.14307360800000002,0.39401652,467.0,1323.0
0.6254492675837858,0.0,0.122102144,0.338474965,467.0,1323.0
0.6655518530758081,0.012615032,0.122298015,0.338402146,467.0,1323.0
0.7277236736919154,0.110058765,0.111750459,0.330005404,467.0,1323.0
0.7878197316772679,0.228561186,0.074549103,0.299449551,467.0,1323.0
0.8180543555479566,0.365716054,0.054574711,0.268879331,467.0,1323.0
0.8267907924269614,0.520584588,0.04702232,0.236593409,467.0,1323.0
0.8320623469481809,0.659851773,0.05061246,0.20272075,467.0,1323.0
0.8390900252580147,0.7997405744999999,0.0568627235,0.174742346,467.0,1323.0
0.8468267816688175,0.7881507955,0.0729694825,0.2053950005,467.0,1323.0
0.8417267718814019,0.691068715,0.097357076,0.245659546,467.0,1323.0
0.8371423215811666,0.55879255,0.123558934,0.327127535,467.0,1323.0
0.835946398341217,0.38933082,0.131901118,0.447357548,467.0,1323.0
0.8283056164677164,0.251516851,0.146009217,0.57934123,467.0,1323.0
0.8099655060292259,0.128434984,0.176340166,0.68312722,467.0,1323.0
0.7920304387733286,0.064538521,0.221815894,0.74053446,467.0,1323.0
0.7472301621871186,0.0009333655,0.2601448175,0.7633325255,467.0,1323.0
0.6795991306781124,0.0,0.257851215,0.736954929,467.0,1323.0
0.631296948704142,0.0,0.2420980695,0.6960142185,467.0,1323.0
0.6123725874122221,0.0,0.22030539700000001,0.5722988265,467.0,1323.0
0.6266944942384837,0.0,0.202407114,0.50432893,467.0,1323.0
0.6641065977988928,0.018982089,0.19692904,0.46392984,467.0,1323.0
0.7270073938054709,0.119192363,0.17718452,0.55077154,467.0,1323.0
0.7894630763205959,0.240211156,0.128220533,0.671899738,467.0,1323.0
0.8207876311510139,0.379971853,0.111265364,0.680579909,467.0,1323.0
0.8294808586427905,0.525364911,0.112857857,0.639285062,467.0,1323.0
0.8328113114276368,0.66479351,0.123581712,0.617782932,467.0,1323.0
0.8390079919801849,0.769032795,0.108592951,0.625692801,467.0,1323.0
0.8422763999133743,0.8110587625000001,0.1406182185,0.649039699,467.0,1323.0
0.8370886788677989,0.734228261,0.169791198,0.692414346,467.0,1323.0
0.8278100464009271,0.551726544,0.19537539199999998,0.7234257470000001,467.0,1323.0
0.8161913622472343,0.333625011,0.194034384,0.73341586,467.0,1323.0
0.8097652472786282,0.210246301,0.177065315,0.738339621,467.0,1323.0
0.7932580305152551,0.113579888,0.1683647,0.689175877,467.0,1323.0
0.7805771600558493,0.052627093,0.174504117,0.649525192,467.0,1323.0
0.7380856358408541,0.000745229,0.1843938255,0.648556997,467.0,1323.0
0.6627685818832685,0.0,0.150393526,0.495856302,467.0,1323.0
0.6201073819321854,0.0,0.12760894849999999,0.50638893,467.0,1323.0
0.6045074489597274,0.0,0.1183565225,0.4559035685,467.0,1323.0
0.6452277084366347,0.01007689,0.1156785375,0.4179892635,467.0,1323.0
0.7270921045130028,0.116716934,0.089233602,0.358040879,467.0,1323.0
0.7878407825913262,0.22756317,0.05265853,0.307370412,467.0,1323.0
0.8155991714012912,0.329841995,0.038444316,0.26910684,467.0,1323.0
0.8247217235361649,0.466906955,0.030354671,0.223658007,467.0,1323.0
0.8290350995722982,0.575676686,0.029398836,0.191012748,467.0,1323.0
0.8325814150315065,0.672251497,0.024993135,0.155572156,467.0,1323.0
0.83637627676387,0.7275232455,0.0372483535,0.1933555555,467.0,1323.0
0.8324877016778728,0.6758480435,0.0481907635,0.2064892625,467.0,1323.0
0.8252238030811332,0.520941892,0.052696929,0.233887775,467.0,1323.0
0.8233397595291649,0.402886078,0.057356979,0.262932859,467.0,1323.0
0.8154985339804752,0.26688558,0.060675289,0.285771153,467.0,1323.0
0.8005783420487663,0.13980334,0.068161571,0.305844923,467.0,1323.0
0.7866600927631461,0.065018745,0.083857347,0.328818793,467.0,1323.0
0.7408485255596124,0.0011554485,0.10054060100000001,0.3534641205,467.0,1323.0
0.6488926421179536,0.0,0.086942165,0.343739429,467.0,1323.0
0.606517750936382,0.0,0.0679163985,0.292195345,467.0,1323.0
0.6157577675031067,0.0,0.063934239,0.2921494375,467.0,1323.0
0.664510763418192,0.021149159,0.058465821,0.281363722,467.0,1323.0
0.7274140058644359,0.119585267,0.044289413,0.265258638,467.0,1323.0
0.787992569226181,0.236321854,0.024144625,0.272152263,467.0,1323.0
0.8158112487554334,0.364384799,0.017593729,0.275750988,467.0,1323.0
0.8228127516190288,0.505067564,0.020215277,0.274664687,467.0,1323.0
0.8265513860020243,0.611206636,0.027106308,0.280898141,467.0,1323.0
0.8314377485647075,0.744264407,0.0318758525,0.2293947835,467.0,1323.0
0.8311506551250256,0.713726895,0.049716687999999995,0.3147816785,467.0,1323.0
0.830095946997457,0.605387976,0.059865808,0.40048995,467.0,1323.0
0.8280948315972774,0.460598951,0.063762143,0.433262374,467.0,1323.0
0.8261020258730911,0.329675968,0.065071177,0.463408031,467.0,1323.0
0.8193354050786595,0.202438503,0.067565238,0.499127535,467.0,1323.0
0.7998801582597909,0.104142895,0.080200622,0.516096581,467.0,1323.0
0.7855891811982183,0.046997978,0.102291008,0.501551044,467.0,1323.0
0.740201930429135,0.001134158,0.117702272,0.46573737849999997,467.0,1323.0
0.6471024266855437,0.0,0.13504767950000002,0.4082878655,467.0,1323.0
0.6080324365819589,0.0,0.138574543,0.369867355,501.0,1420.0
0.6141565474886335,0.0,0.1301213565,0.31959367549999995,501.0,1420.0
0.661913209871777,0.017645777,0.115777139,0.25503211,501.0,1420.0
0.7248725414710546,0.074831589,0.10341296,0.197094128,501.0,1420.0
0.7857412455513663,0.167582467,0.083581648,0.180509927,501.0,1420.0
0.8122864455275435,0.284837112,0.088205434,0.221891324,501.0,1420.0
0.8183197978971734,0.349631976,0.081758292,0.253869885,501.0,1420.0
0.8188089512794854,0.411390042,0.075298017,0.257723937,501.0,1420.0
0.8189542754958242,0.494024729,0.049686738,0.256706949,501.0,1420.0
0.82000625979684,0.5472212565,0.06530918599999999,0.2517776235,501.0,1420.0
0.8150217526498575,0.528749693,0.081060542,0.234738892,501.0,1420.0
0.8124917827448765,0.454743719,0.087797969,0.228015214,501.0,1420.0
0.8088985647091096,0.381358293,0.088248434,0.237811701,501.0,1420.0
0.8053792091343256,0.273241346,0.08462988,0.241107528,501.0,1420.0
0.7979363787623094,0.177215087,0.079419858,0.2577522,501.0,1420.0
0.7844333282671285,0.091865196,0.075562316,0.256590483,501.0,1420.0
0.7736708469599641,0.04333742,0.078495166,0.257166676,501.0,1420.0
0.7305779678581639,0.000757791,0.09294844399999999,0.268050778,501.0,1420.0
0.6360190601179804,0.0,0.082825542,0.199670829,501.0,1420.0
0.5920279457711088,0.0,0.111897877,0.1972959735,501.0,1420.0
0.57010943625218,0.0,0.1326371435,0.2321976415,501.0,1420.0
0.5810013608627191,0.008239978,0.1212711385,0.217131201,501.0,1420.0
0.5964606553362308,0.067834278,0.107127147,0.208797777,501.0,1420.0
0.6280118751546775,0.124808535,0.098109087,0.191071666,501.0,1420.0
0.6551040719974135,0.195940925,0.101946389,0.17722966,501.0,1420.0
0.6854688320753042,0.273660418,0.103654524,0.1823553,501.0,1420.0
0.6893797962931016,0.334401822,0.105149504,0.203137056,501.0,1420.0
0.6896705832535199,0.42405232,0.08014051,0.244374428,501.0,1420.0
0.6894679234658889,0.45234060099999995,0.0830568925,0.2535780555,501.0,1420.0
0.6877666891403069,0.437457764,0.08887413350000001,0.2402563535,501.0,1420.0
0.6876267661802231,0.336157308,0.097736858,0.214700489,501.0,1420.0
0.6870520709239363,0.260305922,0.09199851,0.206767262,501.0,1420.0
0.6826682028266307,0.192038887,0.082404989,0.202092911,501.0,1420.0
0.6720051128534299,0.115201722,0.070194294,0.181706283,501.0,1420.0
0.6658758780773875,0.052765117,0.061122002,0.160531317,501.0,1420.0
0.6583001645726128,0.001208956,0.0580822955,0.16226472749999998,501.0,1420.0
0.6351233870064366,0.0,0.079738769,0.188158175,501.0,1420.0
0.5915823481616574,0.0,0.066832227,0.192101358,501.0,1420.0
0.5699766456148578,0.0,0.058088959999999995,0.188825885,501.0,1420.0
0.5814228609088989,0.0071397245,0.048650545,0.119918252,501.0,1420.0
0.5959253842132335,0.090659943,0.043105571,0.103110996,501.0,1420.0
0.6280778896546148,0.173390725,0.033648039,0.10093034,501.0,1420.0
0.6555211171836745,0.251834063,0.031931205,0.102618328,501.0,1420.0
0.6856365454234432,0.370170902,0.032631914,0.122831582,501.0,1420.0
0.68942300568033,0.47253301,0.037160904,0.142810446,501.0,1420.0
0.6900808421049645,0.531519789,0.032481377,0.120809454,501.0,1420.0
0.6902665136856443,0.581563466,0.032993456500000004,0.122111477,501.0,1420.0
0.6893721328589599,0.594359249,0.034475558,0.150710091,501.0,1420.0
0.6930032054225511,0.549354077,0.03825288,0.172518651,501.0,1420.0
0.6927413177349241,0.465558893,0.045297745,0.187733467,501.0,1420.0
0.6920705087507824,0.354511269,0.05352744,0.197712985,501.0,1420.0
0.6887305465999414,0.256855991,0.061368001,0.202216654,501.0,1420.0
0.6745490700833281,0.147326411,0.06907573,0.189437484,501.0,1420.0
0.6670076338097524,0.077354989,0.088119874,0.181645063,501.0,1420.0
0.6588368436080502,0.0016930225,0.11152421700000001,0.17466111499999998,501.0,1420.0
0.6391885621939695,0.0,0.114778818,0.204971301,501.0,1420.0
0.6014791393942248,0.0,0.097097694,0.2267768395,501.0,1420.0
0.6136124359759498,0.0,0.0844210145,0.2245208205,501.0,1420.0
0.662465469334288,0.021497932,0.077053163,0.214425448,501.0,1420.0
0.7264196338587872,0.111160846,0.064527988,0.204778255,501.0,1420.0
0.7856218651284175,0.218519843,0.047036677,0.193300791,501.0,1420.0
0.8120731678205877,0.292720154,0.047506429,0.204339253,501.0,1420.0
0.818651347805154,0.419806976,0.056608921,0.227518847,501.0,1420.0
0.820258407459842,0.524330501,0.064711941,0.256490619,501.0,1420.0
0.8242076417886851,0.5790333434999999,0.0700491275,0.2667098125,501.0,1420.0
0.823308875465374,0.593352936,0.075101171,0.3054205455,501.0,1420.0
0.8187670343759603,0.536350768,0.096167449,0.350988062,501.0,1420.0
0.8149691253647119,0.47024515,0.113809782,0.376169578,501.0,1420.0
0.8132832175760073,0.386165701,0.136665987,0.407242899,501.0,1420.0
0.8058993847767629,0.268543164,0.150309458,0.452065924,501.0,1420.0
0.7895296445338078,0.167304526,0.15055181,0.48538283,501.0,1420.0
0.7752476233900801,0.08359747,0.1612647,0.518473735,501.0,1420.0
0.7306570930476615,0.0016829,0.16823892099999999,0.4715864165,501.0,1420.0
0.6390995349885562,0.0,0.137183283,0.3735084805,501.0,1420.0
0.6014673675852186,0.0,0.1340711545,0.3791700675,501.0,1420.0
0.6136124359759498,0.0,0.1105087605,0.358608943,501.0,1420.0
0.6625395163221751,0.019409381,0.092216169,0.325837699,501.0,1420.0
0.7262100493411618,0.090472132,0.078270881,0.320667691,501.0,1420.0
0.7863544873113676,0.173419837,0.057748897,0.289882227,501.0,1420.0
0.812296878853683,0.221514374,0.046578745,0.252374724,501.0,1420.0
0.8177596447395777,0.316469044,0.039064065,0.216375975,501.0,1420.0
0.8182011565097779,0.421237798,0.035926113,0.183179025,501.0,1420.0
0.8180660346295423,0.5558933580000001,0.039063869,0.14829970050000002,501.0,1420.0
0.8136528987358869,0.6769602745,0.0523318095,0.14749286,501.0,1420.0
0.8082772442631512,0.6226024379999999,0.07326296800000001,0.16159058650000002,501.0,1420.0
0.8057536913740535,0.477184803,0.098350603,0.193678455,501.0,1420.0
0.7999652845505443,0.338577696,0.113583784,0.213301953,501.0,1420.0
0.78466017771578,0.195677024,0.129312289,0.222986369,501.0,1420.0
0.7734002340131224,0.099039351,0.165528572,0.238711148,501.0,1420.0
0.7450825689460434,0.004442471,0.205439252,0.249351901,501.0,1420.0
0.7162645787977718,0.0,0.220423954,0.23711624,501.0,1420.0
0.6381463415468319,0.0,0.183955111,0.2367601325,501.0,1420.0
0.6020886190655721,0.0,0.2066113895,0.226670151,501.0,1420.0
0.6184202046262187,0.0,0.2165874765,0.252882027,501.0,1420.0
0.6700833996982288,0.028005617,0.210235414,0.290847773,501.0,1420.0
0.7279322421185064,0.131920183,0.179649092,0.302268057,501.0,1420.0
0.7860420495918904,0.248645534,0.137144364,0.298823451,501.0,1420.0
0.8123660320343014,0.40509794,0.122256221,0.285756962,501.0,1420.0
0.8175657556137944,0.557408488,0.115718603,0.283918506,501.0,1420.0
0.8185030687722259,0.693367813,0.118439025,0.293897039,501.0,1420.0
0.821589775700953,0.793514895,0.098567171,0.261673191,501.0,1420.0
0.8269568437736206,0.838378771,0.1161010115,0.31273526900000004,501.0,1420.0
0.8248839898940101,0.7255376,0.1141065725,0.355625788,501.0,1420.0
0.8208393344760148,0.588822888,0.108997779,0.39629986,501.0,1420.0
0.8187809759668389,0.452172708,0.110611441,0.423591029,501.0,1420.0
0.811795260625975,0.3196326,0.116875064,0.46347685,501.0,1420.0
0.7936572568583716,0.181894045,0.13956581,0.508597001,501.0,1420.0
0.779693397479896,0.090820409,0.192842931,0.568145362,501.0,1420.0
0.7473643150359829,0.004912745,0.234312499,0.617718058,501.0,1420.0
0.7184300835431306,0.0,0.251924142,0.625354161,501.0,1420.0
0.6410172782303519,0.0,0.2161472135,0.540195152,501.0,1420.0
0.6041402147034821,0.0,0.197166762,0.434842747,501.0,1420.0
0.6018897447307237,0.0,0.1737507965,0.358520214,501.0,1420.0
0.6433142584280136,0.015078216,0.14776385050000002,0.299703318,501.0,1420.0
0.7264196338587872,0.123140637,0.128294576,0.26698702,501.0,1420.0
0.7856218651284175,0.235212682,0.087513509,0.260969024,501.0,1420.0
0.8122864455275435,0.364217379,0.072535428,0.249912461,501.0,1420.0
0.8191709693366295,0.49432295,0.064426798,0.231232431,501.0,1420.0
0.8224020771843628,0.603780854,0.061906984,0.214912025,501.0,1420.0
0.8265588645115746,0.681800633,0.041559427,0.13492805,501.0,1420.0
0.8307493979254648,0.7273434745,0.043703018499999996,0.1418572795,501.0,1420.0
0.8259875393236923,0.6471733045,0.0372568075,0.1556489335,501.0,1420.0
0.820654771117259,0.507466567,0.036734131,0.180647281,501.0,1420.0
0.8165846796199847,0.367937767,0.039534842,0.215829156,501.0,1420.0
0.8076153915282605,0.248207856,0.040733221,0.259951144,501.0,1420.0
0.7901765863150426,0.136578113,0.055675837,0.287883845,501.0,1420.0
0.7759439605843904,0.071128456,0.084880946,0.290610121,501.0,1420.0
0.7315800493633992,0.0020229525,0.10927879500000001,0.276088186,501.0,1420.0
0.642173500712359,0.0,0.0945435625,0.269446479,501.0,1420.0
0.6021869021444713,0.0,0.0765664445,0.24395127649999998,501.0,1420.0
0.6136784504427464,0.0,0.0594522965,0.1949800465,501.0,1420.0
0.6625474564803917,0.027315439,0.046636644,0.16913601,501.0,1420.0
0.7254022728763376,0.101800181,0.034399786,0.172286899,501.0,1420.0
0.7857139164805713,0.19580846,0.017471821,0.163788254,501.0,1420.0
0.812074460304291,0.292367122,0.012507515,0.145390557,501.0,1420.0
0.8184713081393594,0.421072401,0.014907342,0.123716067,501.0,1420.0
0.8204248283242779,0.5669052625,0.023682828,0.11938393250000001,501.0,1420.0
0.8251279200119086,0.650714995,0.033624594,0.1327813065,501.0,1420.0
0.8221894460506647,0.5987050545,0.048336744,0.23453320449999998,501.0,1420.0
0.8185078701834803,0.457620466,0.069589723,0.324333875,501.0,1420.0
0.8154652031456123,0.340744155,0.080429321,0.372342461,501.0,1420.0
0.807862460724527,0.223907406,0.093605937,0.416083025,501.0,1420.0
0.7909038536385886,0.124608082,0.110515279,0.440175501,501.0,1420.0
0.7769878201340041,0.057096276,0.136799019,0.451367156,501.0,1420.0
0.732251319333395,0.0016639975,0.1611588715,0.4243925505,501.0,1420.0
0.6411706810332262,0.0,0.15884411,0.391138448,501.0,1420.0
0.5938476828900646,0.0,0.13318915850000002,0.35596352600000003,501.0,1420.0
0.5706805305825886,0.0,0.1119000995,0.342462698,501.0,1420.0
0.5810043846117725,0.01211536,0.0932922165,0.31767396800000003,501.0,1420.0
0.5963388286724597,0.100351295,0.073598015,0.284239571,501.0,1420.0
0.6283267595789455,0.195858854,0.04596061,0.285952466,501.0,1420.0
0.6563911693576293,0.298525394,0.035444553,0.281123022,501.0,1420.0
0.686476175977648,0.420784355,0.030003945,0.284237935,501.0,1420.0
0.6910878632177885,0.515653378,0.028864101,0.282481838,501.0,1420.0
0.6975536793088839,0.6280792225,0.0276678675,0.171885562,501.0,1420.0
0.7022905170831928,0.6564847945000001,0.035255967,0.259266993,501.0,1420.0
0.7057926534609894,0.5310265745,0.04888731,0.35478547,501.0,1420.0
0.7048974417992683,0.367796692,0.054128312,0.396097182,501.0,1420.0
0.6986289303049936,0.241566285,0.060938874,0.426168563,501.0,1420.0
0.682754714394789,0.12756612,0.067307028,0.423225101,501.0,1420.0
0.6691401547024118,0.033053999,0.081943598,0.3902765515,501.0,1420.0
0.6527720995930806,0.0,0.079669306,0.346863358,501.0,1420.0
0.5955338215362429,0.0,0.0642858245,0.369458536,501.0,1420.0
0.5708180761017518,0.0,0.054589041500000005,0.376045554,501.0,1420.0
0.5809799638944346,0.009322302,0.049998299999999996,0.412640254,501.0,1420.0
0.596448698867758,0.083283584,0.044450328,0.417935034,501.0,1420.0
0.6283267595789455,0.15710802,0.034973937,0.368459781,501.0,1420.0
0.6561318663722839,0.24109108,0.029332595,0.318637099,501.0,1420.0
0.686476175977648,0.340054861,0.025285628,0.262625809,501.0,1420.0
0.6905930772577791,0.398926885,0.025211267,0.234504977,501.0,1420.0
0.6944263479603348,0.465778915,0.032869233,0.293604658,501.0,1420.0
0.6979562289921479,0.513668422,0.048970341,0.316014649,501.0,1420.0
0.6961565501597663,0.45498387549999997,0.079751745,0.367733233,501.0,1420.0
0.6915590351691343,0.3486977155,0.104473105,0.41089921949999997,501.0,1420.0
0.6791671743393519,0.1738045045,0.097164117,0.3889783205,501.0,1420.0
0.667038840331657,0.063828098,0.093567935,0.327267294,501.0,1420.0
0.6601319966877818,0.00255695,0.09999700950000001,0.309342715,501.0,1420.0
0.6400993540176393,0.0,0.1182170815,0.369329091,501.0,1420.0
0.6018492127731975,0.0,0.11123220349999999,0.4367190775,501.0,1420.0
0.6135444133871657,0.0,0.1024337095,0.4180332235,501.0,1420.0
0.6625467179088069,0.020271541,0.097247649,0.422647805,501.0,1420.0
0.7266118149176459,0.094831579,0.089948209,0.409702974,501.0,1420.0
0.7861623533121719,0.179805774,0.085802292,0.386874849,501.0,1420.0
0.8122196002588506,0.256580788,0.079188806,0.358751994,501.0,1420.0
0.8178375695762619,0.374038412,0.074931244,0.335963711,501.0,1420.0
0.8177945908476636,0.5196462575,0.07193817250000001,0.2940853975,501.0,1420.0
0.8184917128115661,0.62712746,0.081750088,0.339000902,501.0,1420.0
0.8163336859129453,0.6625433665,0.1103752315,0.48523784849999996,501.0,1420.0
0.8124917827448765,0.569317536,0.1237518,0.566981489,501.0,1420.0
0.8088599718085443,0.450355806,0.124180749,0.591529257,501.0,1420.0
0.8059280063312612,0.323602158,0.13447744,0.619278995,501.0,1420.0
0.7990540079792043,0.202365552,0.150732641,0.648272595,501.0,1420.0
0.7845904704241997,0.109306339,0.164037704,0.683557426,501.0,1420.0
0.7734774204770651,0.050752244,0.177092677,0.689293879,501.0,1420.0
0.730659516951714,0.002116896,0.194615319,0.6656664795,501.0,1420.0
0.653059516352532,0.0,0.172945221,0.579795004,501.0,1420.0
0.6143592072762643,0.0,0.15003016,0.584584784,501.0,1420.0
0.6017452284492617,0.0,0.1390113805,0.5847098255000001,501.0,1420.0
0.6448524877578843,0.0082858665,0.1285734195,0.585091502,501.0,1420.0
0.7278252801441027,0.06532943,0.123500581,0.590839479,501.0,1420.0
0.7876620354092347,0.133739025,0.140547802,0.589098545,501.0,1420.0
0.8147632340364169,0.164458192,0.139490857,0.541628769,501.0,1420.0
0.820281951210417,0.199239401,0.116283702,0.46124128,501.0,1420.0
0.8194664185177493,0.264939218,0.104527446,0.39832169,501.0,1420.0
0.8182729413860595,0.352730236,0.0929651095,0.42526865599999997,501.0,1420.0
0.813936114393053,0.3897516125,0.1243334545,0.492414248,501.0,1420.0
0.8076473367543122,0.31525159550000004,0.150889912,0.508925906,501.0,1420.0
0.801673905254787,0.17046415,0.1571378695,0.516416502,501.0,1420.0
0.7847533366270457,0.084954065,0.157934813,0.547037333,501.0,1420.0
0.7746166547189804,0.034740193,0.146830502,0.573370023,501.0,1420.0
0.731391746418462,0.0017576345,0.14632949,0.5819277,501.0,1420.0
0.6380411339036414,0.0,0.13987743400000002,0.5737942385,501.0,1420.0
0.6027644594567863,0.0,0.166845761,0.605483734,501.0,1420.0
0.6189130510652986,0.0,0.191881272,0.6229462665000001,501.0,1420.0
0.6704106559090662,0.008084982,0.205091435,0.62190498,501.0,1420.0
0.7305996421470544,0.039540469,0.21483261,0.602378802,501.0,1420.0
0.7886781967016829,0.090841411,0.238653905,0.566281174,501.0,1420.0
0.8165741541629555,0.132625098,0.256006714,0.511181354,501.0,1420.0
0.8215360408566956,0.164560072,0.240317456,0.457655412,501.0,1420.0
0.8205017834667784,0.217014425,0.232862956,0.436127432,501.0,1420.0
0.8196292847205953,0.247007353,0.209947689,0.448304231,501.0,1420.0
0.8174327113182601,0.276649861,0.231133731,0.465902628,501.0,1420.0
0.8117248146302474,0.26157346849999996,0.2396718895,0.43380349500000004,501.0,1420.0
0.806737537259861,0.224001815,0.226916344,0.449055048,501.0,1420.0
0.8050656638557366,0.178765514,0.208198155,0.441458444,501.0,1420.0
0.7994039310401352,0.132148379,0.177951462,0.441135399,501.0,1420.0
0.784975108271774,0.084763609,0.149555149,0.4393512,501.0,1420.0
0.7748749877450174,0.035913937,0.119172522,0.400012251,501.0,1420.0
0.7458812052312436,0.00489969,0.103090026,0.409510811,501.0,1420.0
0.7169762885944043,0.0,0.092370713,0.439995415,501.0,1420.0
0.6520898885828342,0.0,0.083639693,0.524953456,501.0,1420.0
0.6158681686109415,0.0,0.081849474,0.5922570764999999,501.0,1420.0
0.6051101656272462,0.0,0.087770507,0.6390788665,501.0,1420.0
0.6520715846274732,0.0074219925,0.09522264899999999,0.679410883,501.0,1420.0
0.7336344144293384,0.069704782,0.093921241,0.697615812,501.0,1420.0
0.7883640045184303,0.146691598,0.085407131,0.707877935,501.0,1420.0
0.8126405230950648,0.263154894,0.091530453,0.717548323,501.0,1420.0
0.8177143117022034,0.384112799,0.108954109,0.726980449,501.0,1420.0
0.8178567732328428,0.43219084750000003,0.1107966625,0.7382793895,501.0,1420.0
0.8166293660841015,0.47748177599999997,0.122434795,0.747605005,501.0,1420.0
0.8101191399215582,0.459219014,0.137678457,0.7371469694999999,501.0,1420.0
0.8049187697688074,0.312303156,0.1350347925,0.7406346045,501.0,1420.0
0.7986544131125295,0.181853539,0.126399761,0.730039824,501.0,1420.0
0.7845816066372444,0.100144647,0.119142358,0.686391851,501.0,1420.0
0.773729567477255,0.043234914,0.115034186,0.610470233,501.0,1420.0
0.7457247557128749,0.003019784,0.107716631,0.507595274,501.0,1420.0
0.716729864977177,0.0,0.096048355,0.412143944,501.0,1420.0
0.6380427034759661,0.0,0.0802541465,0.283749733,501.0,1420.0
0.6010735197639001,0.0,0.067381609,0.196029188,501.0,1420.0
0.6148014118177293,0.0,0.0412162385,0.13022069,501.0,1420.0
0.6647485539070942,0.015233163,0.025204307,0.092675025,501.0,1420.0
0.7275705939105451,0.066448542,0.017394984,0.079199293,501.0,1420.0
0.7862787782557193,0.136444362,0.010280605,0.073109519,501.0,1420.0
0.8122436053266858,0.242282143,0.008436092,0.070466351,501.0,1420.0
0.8178268591946414,0.33536463,0.008438913,0.065382466,501.0,1420.0
0.8177639838393537,0.459029167,0.0124026585,0.051602798500000005,501.0,1420.0
0.8175340874432235,0.4885624705,0.0175586205,0.0377444065,501.0,1420.0
0.8130103424512789,0.384690254,0.0193203295,0.0355493355,501.0,1420.0
0.8100430616795393,0.309842978,0.019090509,0.050427384,501.0,1420.0
0.808687133596819,0.248739454,0.020195354,0.059247225,501.0,1420.0
0.8016146302951279,0.176824023,0.023356164,0.059202443,501.0,1420.0
0.7856441163952893,0.110308874,0.031242738,0.057599079,501.0,1420.0
0.7746737129033854,0.065311339,0.042940481,0.062470959,501.0,1420.0
0.7305091838639162,0.0025835195,0.0606189325,0.0814250925,501.0,1420.0
0.6207931244718774,0.0,0.0609747455,0.1314056655,501.0,1420.0
0.5735006638080307,0.0,0.056997254,0.1633699905,501.0,1420.0
0.57409989507783,0.0,0.054820191000000004,0.18101971249999999,501.0,1420.0
0.5916183791275387,0.049769429,0.047572180500000005,0.19985930400000002,501.0,1420.0
0.6278798462210843,0.169565271,0.034197661,0.197895523,501.0,1420.0
0.6555211171836745,0.231067991,0.023581711,0.184753119,501.0,1420.0
0.6856365454234432,0.334646571,0.027435347,0.189296751,501.0,1420.0
0.6896625042361567,0.436756486,0.039342093,0.22193882,501.0,1420.0
0.6900457117350994,0.499232094,0.043422184,0.201662772,501.0,1420.0
0.6910771757031874,0.5189139045,0.061050902,0.22947281,501.0,1420.0
0.6911243324682077,0.4249050695,0.0833195435,0.279794385,501.0,1420.0
0.6909969200875586,0.326798157,0.085905223,0.303515967,501.0,1420.0
0.6893737030609562,0.262157567,0.07796152,0.31865173,501.0,1420.0
0.684535719820314,0.201419208,0.06572928,0.346690903,501.0,1420.0
0.6728927999401559,0.114939532,0.060113426,0.357148571,501.0,1420.0
0.6665122480047423,0.065404247,0.062072982,0.372552019,501.0,1420.0
0.6642328104895404,0.005700414,0.065143283,0.395006235,501.0,1420.0
0.6439070266827659,0.0,0.076517068,0.45946322549999996,501.0,1420.0
0.591644000131409,0.0,0.094213997,0.535060777,501.0,1420.0
0.5699766456148578,0.0,0.1082498715,0.594574544,501.0,1420.0
0.5815048942530099,0.010087057,0.12501133450000002,0.6084185185,501.0,1420.0
0.5959253842132335,0.094486868,0.125096344,0.553993664,501.0,1420.0
0.6280289096921984,0.172557304,0.119419767,0.506221375,501.0,1420.0
0.6551911372125654,0.275103902,0.14859182,0.516721496,501.0,1420.0
0.6854387788465501,0.362941777,0.161211646,0.534958297,501.0,1420.0
0.6891179543395135,0.428107626,0.181179988,0.546309542,501.0,1420.0
0.6895028692425687,0.518562119,0.145138545,0.411683605,501.0,1420.0
0.6895733387681279,0.5285938354999999,0.18440826100000002,0.46818666750000004,501.0,1420.0
0.6878503151557464,0.446427094,0.2063236835,0.500755211,501.0,1420.0
0.6871172081257045,0.33832865,0.199341008,0.495925335,501.0,1420.0
0.6866700644406193,0.25127461,0.18445302,0.498498201,501.0,1420.0
0.6823590891101132,0.166678528,0.15750519,0.486118968,501.0,1420.0
0.672170426158754,0.094522856,0.121237556,0.479442689,501.0,1420.0
0.6660843079762381,0.045228261,0.101977878,0.482258571,501.0,1420.0
0.6638959978530453,0.004740389,0.088780399,0.481362451,501.0,1420.0
0.6522267416621387,0.0,0.0927093525,0.4874491415,501.0,1420.0
0.6141342272230161,0.0,0.094482571,0.5018095284999999,501.0,1420.0
0.6016140997139975,0.0,0.1045718165,0.526527074,501.0,1420.0
0.6443282727724683,0.0090958785,0.107234445,0.5769298165000001,501.0,1420.0
0.7262262073758883,0.076724777,0.099265323,0.60334078,501.0,1420.0
0.786185804269045,0.151691597,0.104225703,0.621611847,501.0,1420.0
0.8122518222089774,0.220010729,0.117009506,0.633160197,501.0,1420.0
0.8178084860416913,0.300194559,0.146116085,0.646164841,501.0,1420.0
0.8179369138505626,0.318184207,0.180007463,0.659255931,501.0,1420.0
0.817663808067204,0.327602215,0.143979348,0.60745824,501.0,1420.0
0.8179729217837215,0.322138685,0.179385135,0.595671271,501.0,1420.0
0.8141856306917978,0.27059380050000004,0.20249146950000002,0.597710747,501.0,1420.0
0.8095062673479274,0.236961476,0.202260551,0.602777433,501.0,1420.0
0.8060705606556022,0.1701210155,0.189339839,0.6205540615,501.0,1420.0
0.7990540079792043,0.116069088,0.159731648,0.644059287,501.0,1420.0
0.78466017771578,0.081892801,0.152395256,0.644570509,501.0,1420.0
0.7736510891924212,0.050653256,0.142269227,0.649231189,501.0,1420.0
0.730569727777447,0.0027395765,0.150046721,0.709381482,501.0,1420.0
0.638691768741644,0.0,0.21010794700000002,0.8122456685,501.0,1420.0
0.6013580513351792,0.0,0.213133964,0.813071782,501.0,1420.0
0.6137898671445065,0.0,0.208432816,0.793640424,501.0,1420.0
0.6626646206583364,0.016742048,0.204001803,0.779933295,501.0,1420.0
0.7264196338587872,0.06867277,0.18860554,0.770271475,501.0,1420.0
0.7861152658110219,0.129668526,0.174322788,0.761939164,501.0,1420.0
0.8122518222089774,0.220506188,0.183564253,0.711658092,501.0,1420.0
0.8178496645724751,0.277323035,0.193639275,0.609608781,501.0,1420.0
0.817621337052717,0.318566167,0.202049538,0.539626923,501.0,1420.0
0.8178582045756926,0.27619520399999997,0.14856841399999998,0.40909245400000005,501.0,1420.0
0.8141489765167873,0.283189246,0.1571380745,0.373288917,501.0,1420.0
0.8086885649396687,0.2662557975,0.155967933,0.374664113,501.0,1420.0
0.8056567471425679,0.234525597,0.139463415,0.383034401,501.0,1420.0
0.7999652845505443,0.171970213,0.118960293,0.378314773,501.0,1420.0
0.785289207661325,0.118071192,0.096487842,0.378943118,501.0,1420.0
0.7740642100667532,0.065465305,0.088854403,0.386551831,501.0,1420.0
0.7306639024483409,0.0028688705,0.0822062815,0.40913125250000004,501.0,1420.0
0.6399362336594724,0.0,0.0729118875,0.501982972,501.0,1420.0
0.6019905668110062,0.0,0.069187814,0.5386292985000001,501.0,1420.0
0.6137061718983374,0.0,0.071839213,0.598426461,501.0,1420.0
0.6627334049177088,0.023385177,0.077701061,0.620698239,501.0,1420.0
0.7255037408007844,0.091962019,0.076774254,0.622546263,501.0,1420.0
0.7853083198498284,0.169425654,0.05938693,0.631704325,501.0,1420.0
0.8121321653933598,0.310886946,0.069872706,0.665289129,501.0,1420.0
0.8183197978971734,0.445862801,0.098905469,0.712872309,501.0,1420.0
0.8192487092487221,0.505652127,0.12430383,0.760811426,501.0,1420.0
0.8238455316006514,0.522038803,0.12407526699999999,0.7473184095000001,501.0,1420.0
0.8266194316235308,0.5140737765000001,0.15057245949999998,0.7956230795,501.0,1420.0
0.8254885067262028,0.489401897,0.150710131,0.8157356655,501.0,1420.0
0.823211238926592,0.417029368,0.140099693,0.821391032,501.0,1420.0
0.8167976796086474,0.302331196,0.120734614,0.804378151,501.0,1420.0
0.7994564655315789,0.186763207,0.1016253,0.786484696,501.0,1420.0
0.7848212901176626,0.108083788,0.102155623,0.778899543,501.0,1420.0
0.7487564353136413,0.009045586,0.107160848,0.751763316,501.0,1420.0
0.7201220852267929,0.0,0.112945733,0.693730527,501.0,1420.0
0.641459159650891,0.0,0.1156102965,0.553697664,501.0,1420.0
0.6016325191312359,0.0,0.10495428500000001,0.420792683,501.0,1420.0
0.61371016510959,0.0,0.11093926949999999,0.41613691399999997,501.0,1420.0
0.6625474564803917,0.024357679,0.136755417,0.550156896,501.0,1420.0
0.7255487046517883,0.09827519,0.160867457,0.600461588,501.0,1420.0
0.7856775393610418,0.174905522,0.170319613,0.605453169,501.0,1420.0
0.8125634294248237,0.243226857,0.218638167,0.628539966,501.0,1420.0
0.817736285250782,0.317361017,0.322341307,0.679898291,501.0,1420.0
0.817883733117267,0.399624257,0.458354655,0.75351426,501.0,1420.0
0.8178330916173393,0.503158812,0.5101266525,0.8560879975,501.0,1420.0
0.8141795835250973,0.575063855,0.61684953,0.836730575,501.0,1420.0
0.8121124076258168,0.548913931,0.659903119,0.879993511,501.0,1420.0
0.8091641919829177,0.468472113,0.683177617,0.908284734,501.0,1420.0
0.807931522437068,0.376509595,0.677234554,0.921906647,501.0,1420.0
0.8017750043242693,0.287694049,0.663649781,0.919431317,501.0,1420.0
0.7875204043822263,0.175304981,0.622913736,0.914000977,501.0,1420.0
0.7796894272350846,0.097389833,0.567929881,0.90275328,501.0,1420.0
0.7490740429679313,0.008683684,0.532483767,0.878445236,501.0,1420.0
0.7142231160332514,0.0,0.494327113,0.871975568,501.0,1420.0
0.6409628970779617,0.0,0.447926483,0.849734781,501.0,1420.0
0.6065383631350745,0.0,0.4518778605,0.869196885,501.0,1420.0
0.6224439938559037,0.0,0.430881084,0.901940451,501.0,1420.0
0.6721491909829165,0.019418488,0.418921942,0.894417373,501.0,1420.0
0.7347972845527183,0.083342236,0.463168602,0.882252348,501.0,1420.0
0.791011692513474,0.145498516,0.473420193,0.875833641,501.0,1420.0
0.8225909799743005,0.237958478,0.494164631,0.872138653,501.0,1420.0
0.8254043040641881,0.306529668,0.509043172,0.854708884,501.0,1420.0
0.8240446827921374,0.369059983,0.499255295,0.822564071,501.0,1420.0
0.8209140281034408,0.458515529,0.383162393,0.788934338,501.0,1420.0
0.8161780672296135,0.5238948895,0.439558994,0.8533667695,501.0,1420.0
0.8116652632779195,0.475477935,0.471596492,0.876795092,501.0,1420.0
0.8081366747298095,0.431075039,0.488902508,0.877429459,501.0,1420.0
0.8076705109871105,0.330676247,0.488867942,0.876591135,501.0,1420.0
0.801687938645149,0.232161883,0.490604469,0.876402936,501.0,1420.0
0.7872476677852384,0.142400294,0.442998802,0.86370322,501.0,1420.0
0.7765086380977593,0.067354928,0.402223143,0.839553919,501.0,1420.0
0.7485880750608385,0.005620866,0.374502155,0.80230083,501.0,1420.0
0.7167632415460786,0.0,0.36410036,0.774592893,501.0,1420.0
0.6352124834094388,0.0,0.338279582,0.721435876,501.0,1420.0
0.5935257585390497,0.0,0.341814458,0.734679871,501.0,1420.0
0.5743094332980263,0.0,0.34385882599999995,0.7667500709999999,501.0,1420.0
0.5869992133447073,0.006735576,0.33267923,0.774431608,501.0,1420.0
0.6000365618452772,0.067643566,0.325928686,0.751999254,501.0,1420.0
0.6305040827290052,0.131272526,0.340940362,0.721037425,501.0,1420.0
0.6609185612083346,0.196787465,0.364960082,0.675622777,501.0,1420.0
0.6928493408715888,0.249949134,0.390117572,0.642364098,501.0,1420.0
0.6950774449109725,0.282128789,0.411408703,0.631883554,501.0,1420.0
0.6925126674256462,0.274023016,0.288452977,0.580029504,501.0,1420.0
0.69044895372566,0.302786417,0.3476482745,0.5757343585000001,501.0,1420.0
0.6884940482633365,0.3031822075,0.4141762135,0.579007449,501.0,1420.0
0.6872970628669077,0.226071906,0.409866805,0.575306916,501.0,1420.0
0.6868499191818225,0.164277086,0.392931915,0.558977076,501.0,1420.0
0.683060689032938,0.10995401,0.354716321,0.541299355,501.0,1420.0
0.672472338421202,0.076251987,0.290570538,0.521365844,501.0,1420.0
0.6681638559272127,0.04054886,0.253892645,0.528166569,501.0,1420.0
0.6607652736353536,0.0026656325,0.218075711,0.5256902475,501.0,1420.0
0.620282735748025,0.0,0.164552224,0.4870714735,501.0,1420.0
0.5748992240348731,0.0,0.157721248,0.4833315585,501.0,1420.0
0.5767991941344226,0.0,0.147117623,0.4693911805,501.0,1420.0
0.5944078133132031,0.030992369,0.137618631,0.494869593,501.0,1420.0
0.6306999102489373,0.097279888,0.154782801,0.526778028,501.0,1420.0
0.6592301143851059,0.163155533,0.170755291,0.532669136,501.0,1420.0
0.6923342900927375,0.231715398,0.182032779,0.50917475,501.0,1420.0
0.6949266266446767,0.278393029,0.181599846,0.46886037,501.0,1420.0
0.6931338960721212,0.2858654155,0.14111884200000002,0.417833666,501.0,1420.0
0.6893117046061503,0.266410996,0.183919381,0.4421923595,501.0,1420.0
0.6887526361406473,0.195886064,0.2005814005,0.4533313485,501.0,1420.0
0.6873948846616872,0.131860345,0.190321811,0.46912905,501.0,1420.0
0.6841490968503342,0.100773951,0.184371707,0.472006985,501.0,1420.0
0.6741383956486621,0.057186339,0.168846321,0.479902273,501.0,1420.0
0.6680934102628913,0.025670866,0.150450361,0.498210285,501.0,1420.0
0.6663569988391872,0.003508282,0.13674291,0.504191599,501.0,1420.0
0.65278920329505,0.0,0.133392935,0.49104612000000003,501.0,1420.0
0.6145732233891019,0.0,0.11694879,0.48478028900000003,501.0,1420.0
0.6038464272255766,0.0,0.1020439405,0.426054204,501.0,1420.0
0.6497224159263129,0.0088799885,0.09793795450000001,0.408346998,501.0,1420.0
0.7300845907053911,0.063013046,0.10793002,0.419826125,501.0,1420.0
0.7883640045184303,0.126634841,0.106624874,0.40518067,501.0,1420.0
0.8154076829811349,0.117827945,0.099958296,0.376467831,501.0,1420.0
0.8203274685095707,0.194858468,0.09556504,0.356416015,501.0,1420.0
0.818887522358021,0.257519758,0.099365103,0.339599914,501.0,1420.0
0.8180641883662831,0.325501807,0.086248932,0.29618374550000004,501.0,1420.0
0.8138156267423984,0.393030876,0.105655977,0.341057218,501.0,1420.0
0.8089343880490831,0.35919742649999997,0.12877219,0.39392333150000003,501.0,1420.0
0.8069840530079779,0.268562719,0.146749614,0.412577094,501.0,1420.0
0.8005300548576149,0.21029601,0.142393658,0.422640984,501.0,1420.0
0.785289207661325,0.126295602,0.131381224,0.433776672,501.0,1420.0
0.7734774204770651,0.072754347,0.125240414,0.454255152,501.0,1420.0
0.7451330719182307,0.007777997,0.126216177,0.470341264,501.0,1420.0
0.7162774121667264,0.0,0.120650307,0.450638265,501.0,1420.0
0.6381099181961545,0.0,0.11095700950000001,0.394842797,501.0,1420.0
0.6027143715375707,0.0,0.088092248,0.35181288,501.0,1420.0
0.6196428801909662,0.0,0.0754152995,0.313343462,501.0,1420.0
0.6714579315925294,0.020375238,0.064257987,0.273926843,501.0,1420.0
0.7330320673127367,0.085231507,0.053317815,0.238682576,501.0,1420.0
0.7893468356388276,0.153969204,0.038383852,0.207985988,501.0,1420.0
0.8159561109917,0.19697102,0.030345699,0.172001424,501.0,1420.0
0.8203810190920489,0.285850366,0.028999404,0.143449728,501.0,1420.0
0.8188434818043497,0.408482284,0.030390055,0.134186335,501.0,1420.0
0.81816921095232,0.496261879,0.028870411,0.123532238,501.0,1420.0
0.8179434697255924,0.574080274,0.035198491,0.141116491,501.0,1420.0
0.81386202127344,0.6152852965,0.050197243,0.184935505,501.0,1420.0
0.8104677698359735,0.568657597,0.077230324,0.22098339,501.0,1420.0
0.809126799435166,0.488331957,0.097034559,0.225882716,501.0,1420.0
0.8080715839248923,0.391629054,0.112579049,0.225996216,501.0,1420.0
0.801975540130348,0.288837644,0.119056264,0.234145824,501.0,1420.0
0.785756202570467,0.176644247,0.118685419,0.23438582,501.0,1420.0
0.7736510891924212,0.096547069,0.133923025,0.234397754,501.0,1420.0
0.745108928322655,0.009551886,0.153831101,0.233475745,501.0,1420.0
0.7160934486529713,0.0,0.156957322,0.216348608,501.0,1420.0
0.6381463415468319,0.0,0.131058439,0.17265038700000002,501.0,1420.0
0.60216218133893,0.0,0.12115905900000001,0.15109579550000002,501.0,1420.0
0.6189130510652986,0.0,0.11482284749999999,0.13449486049999998,501.0,1420.0
0.6707421130233451,0.026806021,0.100629422,0.126805373,501.0,1420.0
0.7279322421185064,0.131879913,0.077328482,0.119523777,501.0,1420.0
0.7859528609254361,0.243464298,0.05171435,0.111455267,501.0,1420.0
0.8121692815484426,0.379051053,0.057653163,0.116619637,501.0,1420.0
0.8175838523740756,0.519067724,0.0791552,0.127545824,501.0,1420.0
0.8183754714669855,0.631168471,0.108560148,0.140275521,501.0,1420.0
0.820258407459842,0.7052691,0.089647221,0.142588238,501.0,1420.0
0.8242346013417035,0.7400841585,0.135626096,0.16165472349999999,501.0,1420.0
0.8218058232999066,0.679301366,0.174586569,0.197812989,501.0,1420.0
0.8209516055757838,0.618399552,0.197905537,0.240473653,501.0,1420.0
0.8176593765051324,0.504104761,0.212366354,0.292359603,501.0,1420.0
0.8145791326577335,0.390759705,0.227483238,0.365469686,501.0,1420.0
0.8081529242326134,0.282964051,0.209381122,0.423533516,501.0,1420.0
0.7921167654168955,0.179759686,0.19190214,0.467237736,501.0,1420.0
0.779090311327741,0.10269846,0.201320771,0.48453177,501.0,1420.0
0.7458256701891719,0.010047668,0.228222688,0.491950984,501.0,1420.0
0.6859520299578368,0.0,0.2374555345,0.46188477,501.0,1420.0
0.6146041532532127,0.0,0.2193001115,0.40059505900000003,501.0,1420.0
0.6015370290101977,0.0,0.191934638,0.33486816350000004,501.0,1420.0
0.644597824225643,0.0126413575,0.1885116955,0.2931516885,501.0,1420.0
0.7262262073758883,0.123745152,0.178389494,0.274956899,501.0,1420.0
0.7857139164805713,0.224748327,0.131401774,0.25116016,501.0,1420.0
0.8128155770878258,0.358858187,0.134352937,0.224379766,501.0,1420.0
0.822755323585441,0.492997605,0.158910419,0.201414134,501.0,1420.0
0.8290559655617651,0.613105082,0.230462779,0.197054234,501.0,1420.0
0.8321292850105756,0.662164701,0.198874375,0.219901809,501.0,1420.0
0.833775768732272,0.64573097,0.234965784,0.266686599,501.0,1420.0
0.8348997225027546,0.589557381,0.27465609950000003,0.356415946,501.0,1420.0
0.8305084680267882,0.448558558,0.292709701,0.426147518,501.0,1420.0
0.8261107968663447,0.343190275,0.287012891,0.482755393,501.0,1420.0
0.823650350653977,0.26124859,0.276786974,0.527028114,501.0,1420.0
0.8157166124358731,0.205527463,0.252348938,0.520223854,501.0,1420.0
0.7974631978273202,0.131257088,0.233749436,0.510221486,501.0,1420.0
0.7833659249669398,0.087282182,0.23654958,0.533323058,501.0,1420.0
0.7498558763021776,0.010091907,0.249162704,0.539468163,501.0,1420.0
0.7243487190361377,0.0,0.252414108,0.519178231,501.0,1420.0
0.6647034979252008,0.0,0.243761518,0.518703459,501.0,1420.0
0.6202544603471749,0.0,0.2261670665,0.4944102945,501.0,1420.0
0.6023857303144533,0.0,0.19896736199999998,0.4749031435,501.0,1420.0
0.6428190575475949,0.013120734,0.178329192,0.4360528885,501.0,1420.0
0.7257725999466628,0.120335489,0.15738176,0.397399741,501.0,1420.0
0.7857408763649957,0.220513932,0.112077157,0.376760478,501.0,1420.0
0.8128060670590189,0.338872368,0.099969587,0.371175868,501.0,1420.0
0.8229619532864773,0.489809974,0.101551578,0.355443444,501.0,1420.0
0.8292417292733344,0.625301101,0.11064728,0.353341753,501.0,1420.0
0.836165815345763,0.765978821,0.1076998905,0.3996495575,501.0,1420.0
0.8410215715629485,0.806516637,0.1400907595,0.4438966405,501.0,1420.0
0.8376146713497129,0.692361196,0.158455392,0.476056329,501.0,1420.0
0.8328976380712038,0.579313253,0.16885939,0.496838527,501.0,1420.0
0.8275681007426223,0.453747522,0.181428401,0.511272811,501.0,1420.0
0.8159408769171183,0.327551291,0.184752575,0.514931554,501.0,1420.0
0.7968939038272884,0.202746452,0.179623322,0.499101333,501.0,1420.0
0.7816517648101076,0.117998265,0.204095437,0.49833949,501.0,1420.0
0.7475770386319766,0.010564515,0.229568486,0.493329083,501.0,1420.0
0.7184300835431306,0.0,0.240427944,0.488586601,501.0,1420.0
0.6368018162193096,0.0,0.220019362,0.440173119,501.0,1420.0
0.5919672401645528,0.0,0.2101755675,0.401550153,501.0,1420.0
0.5699890406661339,0.0,0.1914271735,0.3412949275,501.0,1420.0
0.5822708697732957,0.013076468,0.1788070195,0.293754295,501.0,1420.0
0.5963321810642275,0.13976295,0.155535821,0.276740611,501.0,1420.0
0.6277810091969263,0.255976085,0.126210943,0.273144131,501.0,1420.0
0.6558831811074196,0.406930042,0.121673155,0.262722539,501.0,1420.0
0.6866066353057758,0.563391969,0.12707211,0.253895351,501.0,1420.0
0.6907994305661465,0.696345329,0.144673577,0.258782529,501.0,1420.0
0.6944655877655639,0.779914368,0.124219075,0.262924219,501.0,1420.0
0.6997319491535452,0.827961279,0.145106606,0.32454617100000005,501.0,1420.0
0.7033575048001601,0.7557119569999999,0.17158040149999998,0.3969697055,501.0,1420.0
0.7035075373026456,0.622297184,0.189727804,0.437189219,501.0,1420.0
0.7017069583713568,0.497343084,0.20304056,0.458466975,501.0,1420.0
0.6962024605065282,0.355280118,0.221085968,0.480437127,501.0,1420.0
0.679716110395434,0.218826498,0.235256849,0.513767905,501.0,1420.0
0.6693512852293898,0.121365324,0.272564177,0.554601078,501.0,1420.0
0.6656771882031619,0.010734972,0.315907778,0.605631429,501.0,1420.0
0.6550590159492389,0.0,0.333581965,0.639293396,501.0,1420.0
0.6200072754239059,0.0,0.3319891,0.632075742,501.0,1420.0
0.5723482959763951,0.0,0.30689487800000004,0.5820250339999999,458.0,1297.0
0.5727063897878913,0.0,0.267609941,0.5513860859999999,458.0,1297.0
0.585222547184661,0.023514401,0.247678224,0.523681489,458.0,1297.0
0.5942501402767361,0.140177475,0.218042408,0.503906479,458.0,1297.0
0.6270096094539442,0.252991114,0.175921201,0.493466814,458.0,1297.0
0.6553552962305206,0.424514826,0.173472894,0.480583439,458.0,1297.0
0.6863921572460064,0.587869967,0.194721927,0.47715526,458.0,1297.0
0.6915343606610221,0.704884293,0.220682559,0.47873021,458.0,1297.0
0.6939773576805846,0.795975143,0.177493367,0.444082487,458.0,1297.0
0.7000064166844772,0.8213737999999999,0.2034505245,0.47514086899999997,458.0,1297.0
0.7025838890110174,0.7836262265,0.20892031049999998,0.4669761065,458.0,1297.0
0.7025183365574339,0.666087297,0.210682807,0.460787507,458.0,1297.0
0.7003126223126624,0.539421839,0.213943599,0.469915367,458.0,1297.0
0.6941669067123739,0.39661303,0.222303437,0.492124443,458.0,1297.0
0.6785000588759467,0.240806909,0.216701998,0.507862367,458.0,1297.0
0.6677499038864378,0.131294718,0.241910385,0.533470182,458.0,1297.0
0.6577038183915638,0.0054391405,0.284229004,0.5460370210000001,458.0,1297.0
0.6367657391217023,0.0,0.280655682,0.5380102314999999,458.0,1297.0
0.5998864366153713,0.0,0.24533664600000002,0.478307624,458.0,1297.0
0.6163645696784708,0.0,0.20317641949999998,0.41988338999999997,458.0,1297.0
0.6672465782546172,0.02588352,0.170522036,0.38173253,458.0,1297.0
0.7240662874857515,0.150613484,0.137069053,0.37183796,458.0,1297.0
0.7833111746944602,0.269288776,0.091106149,0.356213172,458.0,1297.0
0.810118124493336,0.440359062,0.075873589,0.326790128,458.0,1297.0
0.8163847893929455,0.60403555,0.073478903,0.294524884,458.0,1297.0
0.8192850863682515,0.745991702,0.081001664,0.29480364,458.0,1297.0
0.8246737134004946,0.848490341,0.091078555,0.302906693,458.0,1297.0
0.8300623861667762,0.8967924460000001,0.08568047000000001,0.317516022,458.0,1297.0
0.8264462242254349,0.854550893,0.071911207,0.358842975,458.0,1297.0
0.8247505300152544,0.784310258,0.076071795,0.431592904,458.0,1297.0
0.821105238805304,0.697763523,0.082937848,0.493530001,458.0,1297.0
0.81913883885458,0.557767753,0.090461962,0.531230987,458.0,1297.0
0.8129927540679208,0.402588145,0.099444659,0.547335982,458.0,1297.0
0.795393575488374,0.241375459,0.106560076,0.552291749,458.0,1297.0
0.7788176668616428,0.131968599,0.133892384,0.565154706,458.0,1297.0
0.7427962063694411,0.010559296,0.161772528,0.558610453,458.0,1297.0
0.7156954690595193,0.0,0.169493637,0.531403748,458.0,1297.0
0.6370197101146629,0.0,0.165393116,0.5178537464999999,458.0,1297.0
0.5995942649077978,0.0,0.1374648595,0.480231215,458.0,1297.0
0.6135115215659339,0.0,0.1194772945,0.439469393,458.0,1297.0
0.6637612918874373,0.02530335,0.098326966,0.378306778,458.0,1297.0
0.7228220306577995,0.146728878,0.075506421,0.338227592,458.0,1297.0
0.7829896889262484,0.263784414,0.037408463,0.303437397,458.0,1297.0
0.8103475589093938,0.423565392,0.025943304,0.275146191,458.0,1297.0
0.8203226677611285,0.578537528,0.029007313,0.270065983,458.0,1297.0
0.8273152147068791,0.711616331,0.033916319,0.283065907,458.0,1297.0
0.8339429746977058,0.851752874,0.031150919,0.27496679999999996,458.0,1297.0
0.8387907440284179,0.882027894,0.0373316225,0.327998742,458.0,1297.0
0.8372273557410304,0.791539713,0.041744091,0.364518303,458.0,1297.0
0.8335923129326279,0.681347527,0.043917878,0.37157789,458.0,1297.0
0.8303236276125515,0.537055609,0.047604492,0.369959012,458.0,1297.0
0.822121954208714,0.376795523,0.054469389,0.393041397,458.0,1297.0
0.8028942030803485,0.218389985,0.061024587,0.390122559,458.0,1297.0
0.7873372256380633,0.118850512,0.074582686,0.376352225,458.0,1297.0
0.7496018820445105,0.009278886,0.084510442,0.36367258,458.0,1297.0
0.6896450545131017,0.0,0.081480637,0.33544906799999996,458.0,1297.0
0.6154212322534987,0.0,0.070423278,0.265592491,458.0,1297.0
0.6003205163391531,0.0,0.0501734805,0.179589463,458.0,1297.0
0.639190270260894,0.011553037,0.034706606,0.14135887749999998,458.0,1297.0
0.7224284368923803,0.124269388,0.030629982,0.133061105,458.0,1297.0
0.7828881282080998,0.229548765,0.019083574,0.115246239,458.0,1297.0
0.8111544127396977,0.380879767,0.013074145,0.103336085,458.0,1297.0
0.8236188664137792,0.515043372,0.014672416,0.090319358,458.0,1297.0
0.8302242826754387,0.635760473,0.017274794,0.076749765,458.0,1297.0
0.8338804685287889,0.725939896,0.016466879,0.046742716,458.0,1297.0
0.8411598785869971,0.7968130950000001,0.021263333500000002,0.058828263000000006,458.0,1297.0
0.8375588128553093,0.7451217035,0.0362070365,0.1084720085,458.0,1297.0
0.8338932097668539,0.607425585,0.042475151,0.136819946,458.0,1297.0
0.8308750097768934,0.460430043,0.04317169,0.150244898,458.0,1297.0
0.8244273819141569,0.313519325,0.0437855,0.158333836,458.0,1297.0
0.8022395057340823,0.180056594,0.04456738,0.148940131,458.0,1297.0
0.7837192641617199,0.106337599,0.054512803,0.138495376,458.0,1297.0
0.7477107291693624,0.007595974,0.062541462,0.12711879,458.0,1297.0
0.7195336333042189,0.0,0.060140512,0.114462497,458.0,1297.0
0.6420493196735304,0.0,0.0501486585,0.086863173,458.0,1297.0
0.6004534916359419,0.0,0.038934803500000004,0.0962358195,458.0,1297.0
0.6115885848926345,0.0,0.0423932155,0.1357149365,458.0,1297.0
0.6593415541858697,0.01889861,0.042957596,0.155566924,458.0,1297.0
0.7223343082869312,0.117992492,0.035216223,0.163951106,458.0,1297.0
0.7829630982281947,0.222284377,0.027559326,0.16530953,458.0,1297.0
0.810729242603191,0.308580996,0.025837907,0.169416294,458.0,1297.0
0.8200093067443188,0.419061767,0.033981899,0.192121615,458.0,1297.0
0.826667534552903,0.520459191,0.045610785,0.217953132,458.0,1297.0
0.8351890784517291,0.616677649,0.054532449499999996,0.245524623,458.0,1297.0
0.8377682124483432,0.588560819,0.11464870199999999,0.3093197935,458.0,1297.0
0.8325619336566326,0.481806518,0.166602316,0.325473811,458.0,1297.0
0.8250227588981314,0.3610845925,0.190915436,0.350234892,458.0,1297.0
0.8157335081805287,0.2210212,0.190079798,0.355069414,458.0,1297.0
0.7962827857174333,0.132381698,0.176911334,0.337462453,458.0,1297.0
0.7801358325474286,0.070097289,0.170729117,0.320836302,458.0,1297.0
0.7452403109481154,0.006572795,0.170143872,0.32963773,458.0,1297.0
0.7183681775506205,0.0,0.162801233,0.351063625,458.0,1297.0
0.653628948814023,0.0,0.115261364,0.348578393,458.0,1297.0
0.6129902381324006,0.0,0.1262793545,0.359491516,458.0,1297.0
0.5999208287781982,0.0,0.1328818735,0.4040573825,458.0,1297.0
0.6404621796782541,0.0038939775,0.147860831,0.4711164215,458.0,1297.0
0.7230899201094945,0.056694367,0.172464664,0.519759142,458.0,1297.0
0.7834194755494179,0.10881639,0.18704799,0.511116128,458.0,1297.0
0.8100023451288278,0.164243197,0.17793688,0.469575038,458.0,1297.0
0.8153613345155383,0.244698517,0.177488684,0.441344087,458.0,1297.0
0.8158707997763552,0.346350676,0.183984514,0.418496531,458.0,1297.0
0.8170826961264399,0.461148167,0.139465552,0.360723734,458.0,1297.0
0.8219143084166436,0.576546607,0.184072972,0.3909540045,458.0,1297.0
0.8195420811765467,0.5862421689999999,0.231641202,0.4222627405,458.0,1297.0
0.8188817983122462,0.505982166,0.250672901,0.469592918,458.0,1297.0
0.8176342632153731,0.435457593,0.26114473,0.483008449,458.0,1297.0
0.8113592886397705,0.322771222,0.255725251,0.499792682,458.0,1297.0
0.7931932167658188,0.193189723,0.231527626,0.50433709,458.0,1297.0
0.7783437475539123,0.096922935,0.214447477,0.50859819,458.0,1297.0
0.7297695908855268,0.0034054805,0.208730228,0.503510257,458.0,1297.0
0.6366031265439276,0.0,0.19093206,0.480406475,458.0,1297.0
0.5910992423437333,0.0,0.1792816155,0.45933436000000005,458.0,1297.0
0.5687223708451441,0.0,0.1561985235,0.43510332100000004,458.0,1297.0
0.5804128858080009,0.0075122565,0.148731646,0.4245764355,458.0,1297.0
0.595133810788081,0.108815089,0.135357765,0.425929624,458.0,1297.0
0.6268091655136303,0.204403486,0.130736671,0.418541468,458.0,1297.0
0.6550444743145161,0.335942274,0.11926278,0.41193009,458.0,1297.0
0.6853855981132547,0.485463181,0.126828291,0.413457147,458.0,1297.0
0.690817711588207,0.627838724,0.152375529,0.422826996,458.0,1297.0
0.6971170143525709,0.77845301,0.14423965300000002,0.42205023500000005,458.0,1297.0
0.7065333082644518,0.822790099,0.18882834450000002,0.4286356395,458.0,1297.0
0.7084059491275033,0.754188057,0.218862863,0.432517363,458.0,1297.0
0.7083351800108499,0.660837584,0.230036911,0.431675686,458.0,1297.0
0.7059936979753975,0.513032221,0.232097884,0.449342182,458.0,1297.0
0.7006895045952054,0.37383122,0.22685102,0.484718966,458.0,1297.0
0.682260944525814,0.212636082,0.200858578,0.510439166,458.0,1297.0
0.6720912552352176,0.116653135,0.194578067,0.513915817,458.0,1297.0
0.6612686224655997,0.003725976,0.2004428045,0.503651992,458.0,1297.0
0.6209158744661217,0.0,0.17439322299999999,0.4671414915,458.0,1297.0
0.5767526146787897,0.0,0.16397661,0.430337034,458.0,1297.0
0.5686817465578847,0.0,0.1435045435,0.353524039,458.0,1297.0
0.5804956115919707,0.006863497,0.1212134305,0.26557163100000003,458.0,1297.0
0.5953090491751837,0.109165622,0.099123879,0.228894178,458.0,1297.0
0.626141542336114,0.205000541,0.07825954,0.224257971,458.0,1297.0
0.6542854003589399,0.291187686,0.070902975,0.221771642,458.0,1297.0
0.6849773701182547,0.438529814,0.072884004,0.208284487,458.0,1297.0
0.6901023086022442,0.556586566,0.085203298,0.187869054,458.0,1297.0
0.691160248270477,0.679297421,0.069864156,0.165206442,458.0,1297.0
0.6957053437675741,0.736514474,0.103026867,0.1688977225,458.0,1297.0
0.7030380502197988,0.6592908555,0.124558473,0.1811974235,458.0,1297.0
0.7063631481452409,0.547405902,0.131791769,0.211045657,458.0,1297.0
0.7047475474931173,0.450410312,0.135810346,0.223122368,458.0,1297.0
0.6996965178669615,0.326008506,0.140626,0.236483397,458.0,1297.0
0.6822674997380317,0.194801743,0.135058034,0.245943412,458.0,1297.0
0.672322490511902,0.106665875,0.138709072,0.262613199,458.0,1297.0
0.6653904178844058,0.007819605,0.153843331,0.295243379,458.0,1297.0
0.6537999170669546,0.0,0.1664278655,0.3402545655,458.0,1297.0
0.6129174375627717,0.0,0.147593869,0.335293216,458.0,1297.0
0.6000343459648196,0.0,0.12738093150000002,0.36486902200000004,458.0,1297.0
0.6411478991189425,0.006653479,0.120310782,0.433844133,458.0,1297.0
0.7230057171160736,0.114454068,0.111733918,0.482823898,458.0,1297.0
0.7833111746944602,0.207514988,0.10646356,0.476955541,458.0,1297.0
0.8100842402103232,0.278210133,0.114636964,0.469421856,458.0,1297.0
0.8153801696485606,0.382032917,0.12236027,0.48497497,458.0,1297.0
0.8167996189970141,0.490239127,0.146273677,0.527479417,458.0,1297.0
0.8191338531815464,0.530628545,0.151488365,0.505859814,458.0,1297.0
0.8217812177242585,0.5051631480000001,0.1867830415,0.530248032,458.0,1297.0
0.8172856329695517,0.4256012425,0.23966768500000002,0.6329369695,458.0,1297.0
0.8122079665798976,0.324167856,0.267287814,0.668795456,458.0,1297.0
0.8095381201116836,0.265501657,0.261313221,0.704060631,458.0,1297.0
0.8013854729345511,0.171464443,0.25770584,0.733000508,458.0,1297.0
0.7836057927091372,0.093363909,0.239511527,0.740578828,458.0,1297.0
0.7712681979675547,0.042484566,0.219938756,0.751413979,458.0,1297.0
0.7417065524651927,0.003578665,0.188576204,0.734347457,458.0,1297.0
0.7135256248829783,0.0,0.161530557,0.69624348,458.0,1297.0
0.6509854158558195,0.0,0.127207058,0.642161712,458.0,1297.0
0.6125541041217646,0.0,0.118076529,0.5961534934999999,458.0,1297.0
0.5997909003294664,0.0,0.11712037450000001,0.5812974015000001,458.0,1297.0
0.6411731508038798,0.002688764,0.11276773949999999,0.5289064145,458.0,1297.0
0.7240662874857515,0.04349721,0.110204323,0.473652534,458.0,1297.0
0.783709477077432,0.095619035,0.109206659,0.479494908,458.0,1297.0
0.8100116702330434,0.170679966,0.111049052,0.497106112,458.0,1297.0
0.8161058667701104,0.248337859,0.114542438,0.516989064,458.0,1297.0
0.8165248508807698,0.284061115,0.125777757,0.551628009,458.0,1297.0
0.8160890170908996,0.33530891549999997,0.1272468165,0.564354375,458.0,1297.0
0.8119295056057287,0.359750717,0.154687469,0.586609326,458.0,1297.0
0.8057311630517007,0.3318479815,0.1820376725,0.598387555,458.0,1297.0
0.8023172463089872,0.277968018,0.180635498,0.583296256,458.0,1297.0
0.7964882150656559,0.208589572,0.163794,0.54624634,458.0,1297.0
0.7813711805171987,0.125664636,0.144309901,0.518494286,458.0,1297.0
0.7701614627312473,0.063866541,0.134085851,0.497348199,458.0,1297.0
0.7413281927743552,0.004954607,0.124878291,0.486491243,458.0,1297.0
0.7131090872119848,0.0,0.118109551,0.470658228,458.0,1297.0
0.6359224620732835,0.0,0.10148565100000001,0.384958234,458.0,1297.0
0.600099367903554,0.0,0.0953989755,0.377449805,458.0,1297.0
0.6152052772494032,0.0,0.0896629705,0.38672216800000003,458.0,1297.0
0.6654541704715812,0.004127176,0.092609773,0.394132352,458.0,1297.0
0.7253893467136813,0.058357546,0.09793816,0.403470223,458.0,1297.0
0.7838695740510923,0.11949474,0.085878909,0.421729199,458.0,1297.0
0.8097871286963173,0.193673865,0.090061485,0.42492759,458.0,1297.0
0.8152342913212599,0.29589944,0.102194095,0.415746853,458.0,1297.0
0.8157526203690321,0.341736809,0.109308741,0.416919456,458.0,1297.0
0.8156700790456851,0.393051645,0.069960259,0.295222506,458.0,1297.0
0.8158514572606277,0.4031354235,0.080662402,0.311183577,458.0,1297.0
0.8091198286397268,0.3714013615,0.09968046,0.425743187,458.0,1297.0
0.8044101353430274,0.313781678,0.115557501,0.493383313,458.0,1297.0
0.8019591984966544,0.248499248,0.116172367,0.504637789,458.0,1297.0
0.795597804483783,0.18142916,0.101067403,0.525166753,458.0,1297.0
0.7808422338815078,0.104855436,0.084293286,0.529530834,458.0,1297.0
0.7705643822636942,0.062857069,0.079927537,0.520669924,458.0,1297.0
0.741201887952818,0.004375054,0.08110623,0.49627187,458.0,1297.0
0.6817937192231667,0.0,0.0816129985,0.42772340649999996,458.0,1297.0
0.6123579765467697,0.0,0.08186518949999999,0.37461031349999996,458.0,1297.0
0.5999220290315899,0.0,0.090117871,0.3582378345,458.0,1297.0
0.6406444580583851,0.00244137,0.1087287395,0.3845450885,458.0,1297.0
0.7228220306577995,0.063171198,0.129612831,0.415412481,458.0,1297.0
0.7826665408251507,0.131194584,0.140373775,0.395909921,458.0,1297.0
0.8098902589536502,0.212738256,0.144152898,0.352064699,458.0,1297.0
0.8154324270845235,0.300866352,0.160933435,0.300791443,458.0,1297.0
0.8157046095705495,0.39563147,0.177862631,0.276866258,458.0,1297.0
0.8156700790456851,0.477182324,0.112677656,0.25657537,458.0,1297.0
0.8162806897728352,0.54003707,0.142851701,0.23444668200000002,458.0,1297.0
0.8144988071154223,0.508907699,0.170554303,0.270006212,458.0,1297.0
0.8127957722606198,0.43671975949999997,0.170216652,0.349615013,458.0,1297.0
0.8097052336148219,0.334909725,0.154371553,0.369506424,458.0,1297.0
0.8020801477959754,0.238942335,0.13664548,0.373253583,458.0,1297.0
0.7840907915848585,0.137568199,0.123391239,0.356068179,458.0,1297.0
0.7715768497039998,0.080789299,0.122640318,0.335857915,458.0,1297.0
0.727897434538161,0.0025966045,0.13130526850000002,0.300677154,458.0,1297.0
0.6510087286163583,0.0,0.101371903,0.246391679,458.0,1297.0
0.612615663761783,0.0,0.108348787,0.253249024,458.0,1297.0
0.599833832793776,0.0,0.1047508865,0.28740465299999995,458.0,1297.0
0.6413004940863617,0.004721281,0.101468084,0.3215341665,458.0,1297.0
0.7230057171160736,0.107038845,0.090416086,0.305866679,458.0,1297.0
0.7828761253427761,0.200461627,0.070726322,0.260913898,458.0,1297.0
0.8098984764987539,0.303770274,0.062670945,0.208479712,458.0,1297.0
0.8152112095507572,0.452901132,0.059007725,0.169246647,458.0,1297.0
0.8166546639670459,0.586928393,0.061092731,0.158066613,458.0,1297.0
0.8190740251051438,0.706434947,0.059368736,0.177683393,458.0,1297.0
0.8259624263653391,0.7990080340000001,0.073401826,0.2062047575,458.0,1297.0
0.8255646774305172,0.735532523,0.0958517045,0.2573919145,458.0,1297.0
0.821105238805304,0.581444066,0.104085234,0.297773583,458.0,1297.0
0.8186858783300183,0.462334189,0.105034769,0.329169964,458.0,1297.0
0.8086551887021731,0.331442984,0.101912473,0.346252024,458.0,1297.0
0.7894014931176054,0.181356245,0.103754941,0.363605346,458.0,1297.0
0.7754891534651634,0.102086213,0.114634609,0.371323072,458.0,1297.0
0.7427962063694411,0.005297266,0.128109955,0.34851071,458.0,1297.0
0.7152218268072699,0.0,0.131510228,0.324226532,458.0,1297.0
0.6355204893680008,0.0,0.141070647,0.294434438,458.0,1297.0
0.5909858636517118,0.0,0.1112627355,0.23728929250000003,458.0,1297.0
0.5688619014204319,0.0,0.08886401199999999,0.20856614,458.0,1297.0
0.5802491653065678,0.0047134415,0.069985167,0.1970163855,458.0,1297.0
0.5943480540698427,0.113938618,0.055096497,0.188738545,458.0,1297.0
0.6269582289847443,0.210449377,0.045593371,0.174158256,458.0,1297.0
0.655132232035808,0.322870349,0.041847876,0.161305756,458.0,1297.0
0.6858387435624079,0.454140642,0.041457132,0.157087252,458.0,1297.0
0.6908529804858126,0.567305055,0.045389237,0.163246978,458.0,1297.0
0.6932768653168715,0.666211988,0.043582576,0.14498107,458.0,1297.0
0.6999351855877515,0.7049358004999999,0.046921012,0.138783554,458.0,1297.0
0.7053514416132898,0.6485637975,0.060453535,0.1757627125,458.0,1297.0
0.706334710852522,0.528046492,0.067630486,0.212378116,458.0,1297.0
0.7047593654338495,0.433107646,0.070007779,0.229517744,458.0,1297.0
0.6996965178669615,0.325315179,0.071217608,0.236534107,458.0,1297.0
0.6819910699517134,0.196314724,0.07305237,0.218430811,458.0,1297.0
0.6693789377525167,0.099579032,0.082825316,0.195252939,458.0,1297.0
0.6649642780537158,0.004930792,0.097440918,0.17094791,458.0,1297.0
0.6443258491998218,0.0,0.10828819949999999,0.163664871,458.0,1297.0
0.5906064189705164,0.0,0.0926805445,0.17620277350000002,458.0,1297.0
0.568824600904148,0.0,0.0705435855,0.175701994,458.0,1297.0
0.5804615657153546,0.0042858545,0.05758063,0.167351034,458.0,1297.0
0.5943480540698427,0.11820726,0.042525125,0.140537834,458.0,1297.0
0.6269933135542894,0.22735946,0.021637337,0.11324,458.0,1297.0
0.6556360193162948,0.371088006,0.015005817,0.08807694,458.0,1297.0
0.6866395962914559,0.520871835,0.015610541,0.075479837,458.0,1297.0
0.6939265312560654,0.657953322,0.017089857,0.06359768,458.0,1297.0
0.700359848341553,0.728404397,0.015431031,0.043335618,458.0,1297.0
0.7087319128546375,0.7708361939999999,0.020375342499999997,0.0289648825,458.0,1297.0
0.7128740202182297,0.693349656,0.027240532499999998,0.0422857415,458.0,1297.0
0.712980797268042,0.578007138,0.033162994,0.067262052,458.0,1297.0
0.7095734357375462,0.451076404,0.035100942,0.091626952,458.0,1297.0
0.7051259078467669,0.31818373,0.040163768,0.124880072,458.0,1297.0
0.689904588422202,0.179260025,0.046833852,0.163746028,458.0,1297.0
0.6763259210022626,0.101496204,0.061200206,0.20426921,458.0,1297.0
0.6658449479481517,0.004787416,0.080292967,0.238420818,458.0,1297.0
0.6541845089816465,0.0,0.087760184,0.260582942,458.0,1297.0
0.6131936134588939,0.0,0.07680674700000001,0.25604485,458.0,1297.0
0.5999631149675158,0.0,0.0612481735,0.235531508,458.0,1297.0
0.6411731508038798,0.004144964,0.0518143805,0.197936807,458.0,1297.0
0.7230899201094945,0.114732672,0.044309128,0.190105329,458.0,1297.0
0.7826831601771375,0.216195632,0.023528093,0.174206025,458.0,1297.0
0.8114185632680233,0.358244913,0.013818464,0.14162843,458.0,1297.0
0.8257737999680703,0.515305785,0.012378904,0.100907986,458.0,1297.0
0.832543375579091,0.659078016,0.012024158,0.068764241,458.0,1297.0
0.838615413642988,0.747299017,0.012062441,0.047980717,458.0,1297.0
0.8450220478995321,0.7951782115,0.0150637735,0.060389352,458.0,1297.0
0.8432963468574486,0.774414758,0.019454601,0.093215247,458.0,1297.0
0.8392485980951235,0.715265321,0.020879327,0.122152759,458.0,1297.0
0.8361172050336857,0.614985258,0.024343481,0.156709364,458.0,1297.0
0.8321450731961193,0.484581717,0.027753755,0.184804734,458.0,1297.0
0.823657921294417,0.339038455,0.032928339,0.215125023,458.0,1297.0
0.8019699082154628,0.1830425,0.040603069,0.233583084,458.0,1297.0
0.7833588156437601,0.097695026,0.05475025,0.235141603,458.0,1297.0
0.7475853476451578,0.004193913,0.072008625,0.248445961,458.0,1297.0
0.6890871169045577,0.0,0.058965857999999996,0.2542225165,458.0,1297.0
0.6154285492357267,0.0,0.039374267000000004,0.229042238,458.0,1297.0
0.6007021999666691,0.0,0.040978995000000004,0.195172399,458.0,1297.0
0.639633328868962,0.002557965,0.047409752,0.1640423765,458.0,1297.0
0.7223153810230191,0.110531526,0.049829179,0.1692232,458.0,1297.0
0.7829349379909567,0.21437486,0.035420759,0.176255857,458.0,1297.0
0.8108741976331594,0.350502051,0.028957844,0.200874592,458.0,1297.0
0.8196483041153969,0.503557092,0.036874826,0.235475965,458.0,1297.0
0.8263461409155808,0.642869502,0.054131076,0.25140525,458.0,1297.0
0.8329446327786519,0.720710139,0.051680866,0.202697504,458.0,1297.0
0.8397076528460489,0.7517626805,0.0873919355,0.243037483,458.0,1297.0
0.8354651847857155,0.6654541375,0.14544127750000002,0.3004531915,458.0,1297.0
0.8260540157374208,0.527550031,0.185686611,0.350665782,458.0,1297.0
0.8193240491179996,0.420488519,0.196981635,0.389397596,458.0,1297.0
0.8121793450253993,0.308359615,0.190179709,0.444423793,458.0,1297.0
0.7921930279206936,0.168756185,0.178147832,0.476111407,458.0,1297.0
0.7768080575236906,0.0899064,0.19124631,0.441696495,458.0,1297.0
0.7296650988806206,0.001907386,0.219653274,0.3539637545,458.0,1297.0
0.6522717283801619,0.0,0.197996774,0.310107803,458.0,1297.0
0.6130508975740899,0.0,0.204932108,0.32423568199999997,458.0,1297.0
0.5999643152209074,0.0,0.229247743,0.3715540555,458.0,1297.0
0.6405540228742506,0.001768966,0.2331384345,0.392686858,458.0,1297.0
0.7230899201094945,0.088023205,0.191326457,0.397788206,458.0,1297.0
0.7830722302495954,0.18218062,0.175090706,0.372648277,458.0,1297.0
0.8099525805293818,0.318186473,0.165318118,0.34386255,458.0,1297.0
0.8165296522920241,0.465440039,0.162945555,0.324322399,458.0,1297.0
0.8191338531815464,0.590094023,0.165846094,0.298647299,458.0,1297.0
0.8242346938039992,0.691017482,0.121405791,0.208491563,458.0,1297.0
0.827475126755948,0.6939242385,0.153174548,0.2050860335,458.0,1297.0
0.8262106959144195,0.627209005,0.172711985,0.206157751,458.0,1297.0
0.8247548694464365,0.588075049,0.180884031,0.211472012,458.0,1297.0
0.8215800814103669,0.525732097,0.181930293,0.215567562,458.0,1297.0
0.8193869241418811,0.430251736,0.182466784,0.222212008,458.0,1297.0
0.8122643791852631,0.309461774,0.16756848,0.220441033,458.0,1297.0
0.7934345619163108,0.18296779,0.162046983,0.232731168,458.0,1297.0
0.7788665088265684,0.100395526,0.168499648,0.237474903,458.0,1297.0
0.7303585740520433,0.001696759,0.19973645950000002,0.249987375,458.0,1297.0
0.6383050070782206,0.0,0.202653309,0.2379782895,458.0,1297.0
0.6000097867197411,0.0,0.1696911755,0.2285416045,458.0,1297.0
0.6113004063963136,0.0,0.1440713965,0.23395000500000002,458.0,1297.0
0.6599558118380617,0.005140707,0.122746646,0.24662025,458.0,1297.0
0.7225545103924753,0.113593595,0.104074865,0.255523048,458.0,1297.0
0.7828141736162272,0.21954007,0.081836651,0.246308601,458.0,1297.0
0.8101470231033152,0.359092228,0.071512283,0.23238938,458.0,1297.0
0.8169375568346923,0.501085914,0.069905412,0.216946165,458.0,1297.0
0.8233260949937675,0.622660483,0.080916653,0.210632588,458.0,1297.0
0.8270990749770358,0.726623621,0.073187333,0.174730954,458.0,1297.0
0.8307846210890316,0.7592819715,0.0747155855,0.189383645,458.0,1297.0
0.8264023689277611,0.671320593,0.06803218750000001,0.2359380075,458.0,1297.0
0.8258158096652971,0.537149248,0.066343564,0.275744255,458.0,1297.0
0.8228624240875853,0.447539884,0.067230505,0.28714561,458.0,1297.0
0.8140142702197732,0.322440954,0.07236739,0.297236881,458.0,1297.0
0.7962029221551945,0.198682665,0.083027821,0.302491259,458.0,1297.0
0.7790258667646753,0.100636012,0.107328244,0.306493899,458.0,1297.0
0.7297553033067031,0.0015616035,0.131625299,0.288118868,458.0,1297.0
0.6374708243428249,0.0,0.113079108,0.2698512945,458.0,1297.0
0.5996589406266027,0.0,0.092356403,0.196288487,458.0,1297.0
0.6119600663166096,0.0,0.07742518600000001,0.149991147,458.0,1297.0
0.6606839097978009,0.005326435,0.068065819,0.133865451,458.0,1297.0
0.7227550468613662,0.103823965,0.055410561,0.116892903,458.0,1297.0
0.7828141736162272,0.199400225,0.028205547,0.104708464,458.0,1297.0
0.8103475589093938,0.359160387,0.019855853,0.100896523,458.0,1297.0
0.8191000610294233,0.503637633,0.01972228,0.100297971,458.0,1297.0
0.8250127411552133,0.621441771,0.018670025,0.099008829,458.0,1297.0
0.8299385277849048,0.726539655,0.016607726,0.083195739,458.0,1297.0
0.8330819243744785,0.7584990330000001,0.0159691415,0.10326031150000001,458.0,1297.0
0.8281736800627001,0.6428069755,0.0204062765,0.135288608,458.0,1297.0
0.821105238805304,0.488943965,0.02642939,0.181799081,458.0,1297.0
0.8186483008576751,0.370245954,0.031906029,0.191967904,458.0,1297.0
0.8119887805653877,0.268432037,0.038943116,0.201269065,458.0,1297.0
0.7920710631931505,0.152564453,0.057096147,0.231625281,458.0,1297.0
0.7756272755646209,0.070812757,0.088743045,0.261817418,458.0,1297.0
0.7305161082625046,0.001117498,0.123086716,0.2694292025,458.0,1297.0
0.6376484171049851,0.0,0.13355552,0.28165125,458.0,1297.0
0.5919207992366604,0.0,0.1350802955,0.29626962300000004,458.0,1297.0
0.5688853757745742,0.0,0.1125857475,0.2915775775,458.0,1297.0
0.5789391244716057,0.0020434325,0.0946638915,0.24541328550000002,458.0,1297.0
0.5947891045227826,0.069127988,0.08057832,0.211450238,458.0,1297.0
0.6270370769861985,0.153670284,0.051849787,0.201399678,458.0,1297.0
0.6562178236969178,0.235223926,0.038790995,0.179122682,458.0,1297.0
0.6868056937035598,0.330840025,0.038829591,0.163296052,458.0,1297.0
0.6958614012325528,0.458915001,0.037021801,0.155202399,458.0,1297.0
0.7020731309350913,0.530239178,0.036825826,0.181981206,458.0,1297.0
0.7099121867681901,0.6159595520000001,0.032802291,0.1755565825,458.0,1297.0
0.7122384118620415,0.5317427425,0.031800831,0.160536871,458.0,1297.0
0.7092293298474981,0.3485495735,0.0400859705,0.1648668205,458.0,1297.0
0.6996965178669615,0.221989407,0.046801128,0.200145309,458.0,1297.0
0.6751034995265548,0.0908010055,0.0634493015,0.2219958215,458.0,1297.0
0.6601255335070317,0.001146016,0.0866395185,0.1818995815,458.0,1297.0
0.6222251997622213,0.0,0.0953236475,0.14297789700000002,458.0,1297.0
0.5716671775236121,0.0,0.08195769933333334,0.08070180466666667,458.0,1297.0
0.5793310334016663,0.0012609645,0.08197758399999999,0.066543734,458.0,1297.0
0.5947400322306329,0.060978927,0.074987302,0.087610839,458.0,1297.0
0.6269452568892057,0.131208795,0.052519448,0.088015834,458.0,1297.0
0.6562178236969178,0.229861137,0.042909173,0.092669484,458.0,1297.0
0.6879443744973253,0.335710652,0.045943376,0.094807756,458.0,1297.0
0.6969349898957766,0.460191398,0.049052181,0.095267913,458.0,1297.0
0.7071389329871625,0.5680003874999999,0.0453072225,0.10035034300000001,458.0,1297.0
0.7139209263839162,0.5757426835,0.058810121,0.11670070099999999,458.0,1297.0
0.7127992808567649,0.49587903749999995,0.061581170000000005,0.1146922175,458.0,1297.0
0.709065124432692,0.353317666,0.062216394,0.112534942,458.0,1297.0
0.7028051990070795,0.252073648,0.063138095,0.104700334,458.0,1297.0
0.6885121910890625,0.149884735,0.056969114,0.088519287,458.0,1297.0
0.67519841257019,0.075300713,0.054567404,0.074023306,458.0,1297.0
0.6669762423632564,0.002224289,0.061383912,0.080060211,458.0,1297.0
0.6613732763292344,0.0,0.06541662549999999,0.10778536150000001,458.0,1297.0
0.621555014484318,0.0,0.056173139,0.110051818,458.0,1297.0
0.601502336792308,0.0,0.0497849095,0.091067678,458.0,1297.0
0.6393266155266657,0.001610073,0.0522572615,0.0836514775,458.0,1297.0
0.7222476581910323,0.090885623,0.042146315,0.078376288,458.0,1297.0
0.7827657015004843,0.184401714,0.024913166,0.072870288,458.0,1297.0
0.8114185632680233,0.312366967,0.020903661,0.066999186,458.0,1297.0
0.823718488406373,0.43990672,0.021666721,0.060579172,458.0,1297.0
0.8299385277849048,0.560274763,0.025034465,0.063404061,458.0,1297.0
0.8332764590793014,0.651181799,0.025584357,0.065202118,458.0,1297.0
0.8417043824181956,0.7143559820000001,0.0291841945,0.072695911,458.0,1297.0
0.8409138248189527,0.5910511380000001,0.037687731,0.06136902650000001,458.0,1297.0
0.8359814829770434,0.416086266,0.047291002,0.063893204,458.0,1297.0
0.8334585302643526,0.343345596,0.049500012,0.069908312,458.0,1297.0
0.826422404082191,0.255990793,0.047470052,0.072050407,458.0,1297.0
0.8091542206368506,0.158467322,0.041553668,0.067069697,458.0,1297.0
0.7928392313291872,0.090159506,0.044040144,0.060353245,458.0,1297.0
0.7424602709648338,0.0010589995,0.0463482775,0.0613465035,458.0,1297.0
0.6618940518166725,0.0,0.034670648,0.084468728,458.0,1297.0
0.6165208116040723,0.0,0.033316753000000005,0.09403743,458.0,1297.0
0.6008863710731913,0.0,0.0314016355,0.113411221,458.0,1297.0
0.6394362087327642,0.0015020995,0.0315954935,0.1256739335,458.0,1297.0
0.7221288325418577,0.111605518,0.03020878,0.125240277,458.0,1297.0
0.7845073749898908,0.223297747,0.01854033,0.120835453,458.0,1297.0
0.8244647751247207,0.388161995,0.008836071,0.109027658,458.0,1297.0
0.8353161673800463,0.549842352,0.010199211,0.101557112,458.0,1297.0
0.8449395065761851,0.69483383,0.012317873,0.09476398,458.0,1297.0
0.8519091566760244,0.8031462604999999,0.01692217,0.058086385500000004,458.0,1297.0
0.8517305480216735,0.7892099804999999,0.021084538,0.0479866095,458.0,1297.0
0.841434831296427,0.65316142,0.022155072499999998,0.04075287,458.0,1297.0
0.8355397856194399,0.475470633,0.026013731,0.044746248,458.0,1297.0
0.8283960054869843,0.330277742,0.031106207,0.047143559,458.0,1297.0
0.8126182718281929,0.18336643,0.0438525,0.047965094,458.0,1297.0
0.8002914789363085,0.085785374,0.065515905,0.0471395,458.0,1297.0
0.7492407412192543,0.0007732525,0.089018336,0.0420308955,458.0,1297.0
0.6810110093861259,0.0,0.082192594,0.043285528,458.0,1297.0
0.6345026202074716,0.0,0.06979799,0.051763583,458.0,1297.0
0.610213129734142,0.0,0.052682285499999995,0.059087729500000005,458.0,1297.0
0.6417324502594192,0.0012776005,0.0355533455,0.0750875205,458.0,1297.0
0.7229506433912621,0.101999583,0.028183431,0.087711805,458.0,1297.0
0.7928824407164154,0.200691791,0.018985651,0.085948128,458.0,1297.0
0.8272677580193585,0.336439243,0.010951251,0.081456791,458.0,1297.0
0.8351745363530378,0.483454878,0.0109401,0.092899498,458.0,1297.0
0.8450605486692078,0.618560587,0.015337936,0.121213391,458.0,1297.0
0.8531790351706589,0.705943219,0.031897572,0.148410035,458.0,1297.0
0.8578339314666216,0.787404902,0.042372783,0.13904764549999998,458.0,1297.0
0.8483173235862563,0.6991871510000001,0.053469802,0.20238569,458.0,1297.0
0.8384582714859168,0.573837696,0.069231628,0.265747542,458.0,1297.0
0.8353566075380889,0.444603079,0.079395203,0.278236704,458.0,1297.0
0.8285342203801435,0.299756551,0.08577849,0.289333114,458.0,1297.0
0.8113060151127732,0.163852906,0.093529194,0.302771086,458.0,1297.0
0.7981004453179689,0.081890946,0.108393297,0.29408423,458.0,1297.0
0.7490697959990451,0.000697994,0.121640004,0.2750943655,458.0,1297.0
0.6838563711643612,0.0,0.097081049,0.268204549,458.0,1297.0
0.6364279112558285,0.0,0.0878751275,0.248221979,458.0,1297.0
0.6103833362502038,0.0,0.072061948,0.2393366075,458.0,1297.0
0.6417830228931639,0.001174724,0.062660434,0.2272927335,458.0,1297.0
0.7230105178645158,0.1080488,0.054008982,0.23702259,458.0,1297.0
0.7933075187220323,0.220892615,0.034821359,0.256666282,458.0,1297.0
0.8294081044037315,0.371297999,0.022289694,0.261380924,458.0,1297.0
0.8428181802494258,0.533741294,0.029701331,0.248616637,458.0,1297.0
0.8535518550775008,0.670602208,0.048637498,0.223908007,458.0,1297.0
0.8613952503417814,0.7913353935,0.054926996,0.186383705,458.0,1297.0
0.8552368395688729,0.8037726265,0.081075373,0.1820777605,458.0,1297.0
0.8449378449061113,0.718952489,0.097878448,0.209951241,458.0,1297.0
0.8375288060234062,0.610854565,0.110845706,0.236827355,458.0,1297.0
0.8352546769707576,0.463537587,0.129555364,0.278045868,458.0,1297.0
0.8298342899684602,0.312364676,0.141991169,0.345093301,458.0,1297.0
0.8132211730557565,0.174038579,0.14690043,0.408862364,458.0,1297.0
0.8026649529260698,0.087593709,0.176542276,0.473177419,458.0,1297.0
0.7688232622224376,0.001288847,0.20369,0.501364729,458.0,1297.0
0.7421756703616688,0.0,0.216831275,0.512186839,458.0,1297.0
0.6922327751086277,0.0,0.208043581,0.482948712,458.0,1297.0
0.646775308903025,0.0,0.1733205315,0.5839685065,458.0,1297.0
0.6218301978192373,0.0,0.14492855500000001,0.5892535475,458.0,1297.0
0.6436091537301558,0.001023001,0.136285824,0.5530353145,458.0,1297.0
0.7272070991079187,0.107641704,0.128442965,0.554010497,458.0,1297.0
0.8000176347802088,0.22223174,0.095811606,0.566883275,458.0,1297.0
0.8360193368420553,0.37269159,0.066731036,0.538164494,458.0,1297.0
0.8526230358568417,0.533069954,0.066543862,0.512459508,458.0,1297.0
0.8575204779875161,0.683741298,0.084034922,0.495064366,458.0,1297.0
0.861224674639349,0.780304577,0.093454961,0.495888832,458.0,1297.0
0.8604079415938677,0.797863857,0.103553539,0.551207973,458.0,1297.0
0.8551960769527165,0.7657012585,0.097317287,0.559242184,458.0,1297.0
0.8453304232433083,0.6659632,0.103017118,0.571598883,458.0,1297.0
0.8374973224460206,0.569245495,0.110574219,0.597683988,458.0,1297.0
0.8352166381811543,0.447168001,0.11943258,0.629971885,458.0,1297.0
0.8295054178215877,0.303641168,0.139630393,0.683867053,458.0,1297.0
0.8135915929197834,0.165659404,0.158852207,0.711345008,458.0,1297.0
0.8015053146747602,0.079236527,0.198208853,0.750027793,458.0,1297.0
0.7557236386424087,0.0006179575,0.2315089975,0.7928696070000001,458.0,1297.0
0.65790645501391,0.0,0.2083263735,0.8407619565,458.0,1297.0
0.6096902767282837,0.0,0.177291882,0.719220643,458.0,1297.0
0.5921154034041971,0.0,0.1453092825,0.5366299595,458.0,1297.0
0.585913298529531,0.000863294,0.1347416105,0.4632089525,458.0,1297.0
0.6008158556147498,0.100196556,0.131362968,0.467076042,458.0,1297.0
0.6412354952466309,0.204827384,0.103861766,0.506590161,458.0,1297.0
0.6665732306999199,0.285750132,0.098065161,0.555893039,458.0,1297.0
0.6995224799652349,0.426163075,0.103577698,0.586009621,458.0,1297.0
0.7060440624198442,0.52228775,0.121506235,0.595792997,458.0,1297.0
0.7107359824085941,0.625172713,0.09802327,0.41440294,458.0,1297.0
0.7169583767587144,0.656126545,0.140772962,0.519661487,458.0,1297.0
0.7175397193581087,0.611109343,0.173682955,0.575677878,458.0,1297.0
0.7171735931912249,0.520250646,0.197084073,0.6759729400000001,458.0,1297.0
0.7119694837836991,0.406431962,0.208735631,0.635477247,458.0,1297.0
0.7102723121652241,0.309970109,0.207671223,0.63619779,458.0,1297.0
0.7049180313960662,0.21975752,0.184047632,0.632650253,458.0,1297.0
0.6822090562762217,0.114965806,0.159871158,0.587428112,458.0,1297.0
0.6706110074533657,0.047089589,0.152344846,0.580776717,458.0,1297.0
0.6607664048899999,0.00050232,0.135590545,0.604136106,458.0,1297.0
0.6212311281430415,0.0,0.09677525000000001,0.5105660045,458.0,1297.0
0.5774025109452076,0.0,0.10669973,0.46818746,458.0,1297.0
0.5694672955507935,0.0,0.098940208,0.49368358850000005,458.0,1297.0
0.5794217686740042,0.000642425,0.104676569,0.507541247,458.0,1297.0
0.5947038858360147,0.071517712,0.100101624,0.482714175,458.0,1297.0
0.627889910029447,0.159449799,0.083107141,0.463028987,458.0,1297.0
0.656520890047891,0.255183098,0.069129567,0.447012061,458.0,1297.0
0.6885595549828813,0.374893101,0.068347583,0.439998571,458.0,1297.0
0.6982190406399196,0.502411322,0.084087704,0.445411259,458.0,1297.0
0.7077669014390404,0.62324055,0.09274666649999999,0.4821289445,458.0,1297.0
0.7142899152364994,0.7114423910000001,0.11771200500000001,0.529932852,458.0,1297.0
0.7160038908001464,0.626354296,0.121718238,0.509267542,458.0,1297.0
0.7139467319809718,0.49936601,0.118562865,0.491297421,458.0,1297.0
0.7120586724501534,0.345528803,0.108734927,0.45557718,458.0,1297.0
0.7071447037611941,0.222322378,0.086762293,0.433726972,458.0,1297.0
0.694378429955554,0.115814516,0.068944002,0.426820711,458.0,1297.0
0.6849823100572494,0.060099559,0.082805458,0.433772578,458.0,1297.0
0.6692008600107022,0.0,0.10775741550000001,0.4572463845,458.0,1297.0
0.6606554498700468,0.0,0.096239453,0.43116522349999997,458.0,1297.0
0.6199035449901662,0.0,0.107956221,0.454086536,458.0,1297.0
0.6119589814256735,0.0,0.1050149275,0.47503533600000003,458.0,1297.0
0.6415139331549367,0.000532336,0.093611377,0.47051272450000003,458.0,1297.0
0.7230105178645158,0.081281596,0.077424919,0.447103209,458.0,1297.0
0.7883238420786806,0.17908439,0.05205919,0.4172316,458.0,1297.0
0.8235932918067598,0.33080923,0.032821508,0.379327447,458.0,1297.0
0.8332604866319785,0.480010674,0.031604524,0.346169881,458.0,1297.0
0.8419619310060467,0.598686802,0.032709647,0.297620877,458.0,1297.0
0.852577518557688,0.712015801,0.035641176499999996,0.20266248850000002,458.0,1297.0
0.8537168449304929,0.730272824,0.0403236405,0.185043104,458.0,1297.0
0.8454676227082453,0.636730135,0.038480716,0.169962819,458.0,1297.0
0.8385855917356762,0.536142278,0.034723325,0.151471818,458.0,1297.0
0.8346698725034752,0.432030159,0.028604368,0.134929083,458.0,1297.0
0.8283960054869843,0.293919601,0.026113113,0.135580829,458.0,1297.0
0.8113060151127732,0.153656068,0.040945776,0.157567282,458.0,1297.0
0.7957870771229035,0.06049992,0.076023268,0.20222104,458.0,1297.0
0.7454576049653272,0.0,0.129532215,0.30272587,458.0,1297.0
0.675875638238809,0.0,0.153302824,0.411284298,458.0,1297.0
0.6274554609535916,0.0,0.14496734249999998,0.36578894,458.0,1297.0
0.6090918302612172,0.0,0.1288200035,0.2433117065,458.0,1297.0
0.6418630019504208,0.0005216045,0.1141057755,0.207329514,458.0,1297.0
0.7230945823301961,0.092175852,0.097237668,0.234207095,458.0,1297.0
0.7928824407164154,0.197371449,0.069893842,0.255676047,458.0,1297.0
0.826821444837904,0.331061159,0.045564478,0.268272982,458.0,1297.0
0.8371636495507059,0.449272614,0.047178356,0.299100196,458.0,1297.0
0.8464136140662286,0.565483953,0.053912399,0.336933088,458.0,1297.0
0.8532369245215068,0.658827233,0.049015981,0.271118595,458.0,1297.0
0.855326351687659,0.7081821555000001,0.0701017135,0.2280123375,458.0,1297.0
0.8504967238570489,0.656383411,0.080181266,0.248204711,458.0,1297.0
0.8446152509159757,0.582674408,0.079566391,0.313735089,458.0,1297.0
0.8378972871618783,0.536167641,0.084312204,0.315901913,458.0,1297.0
0.8352933626650247,0.414778024,0.081697445,0.291241724,458.0,1297.0
0.8261035032813857,0.290654693,0.090123044,0.274129577,458.0,1297.0
0.8114353668817892,0.168679285,0.12082165,0.25102412,458.0,1297.0
0.792750503979993,0.068903003,0.16610179,0.241760873,458.0,1297.0
0.7457287024278546,0.0,0.19081400050000002,0.21712422199999998,458.0,1297.0
0.6769727242557568,0.0,0.151360635,0.181090656,458.0,1297.0
0.6286781365183391,0.0,0.152669404,0.142054566,408.5,1157.5
0.6084901984514938,0.0,0.129309339,0.1105135255,359.0,1018.0
0.6404946560488268,0.0,0.110255732,0.089497633,359.0,1018.0
0.72233356991419,0.078968115,0.090480203,0.090144714,359.0,1018.0
0.7848563747534889,0.172392801,0.06681307,0.093444879,359.0,1018.0
0.8208361953976464,0.277674664,0.05224789,0.08852783,359.0,1018.0
0.8315163196432431,0.428760387,0.047109803,0.083998267,359.0,1018.0
0.8346406968380151,0.581854992,0.045360257,0.077662291,359.0,1018.0
0.841332808929612,0.673881984,0.032181495,0.044799605,359.0,1018.0
0.8477815446828666,0.7614582565000001,0.0462757595,0.0660603085,359.0,1018.0
0.84712860146897,0.706967543,0.061221927,0.073108583,359.0,1018.0
0.8396505939988317,0.5963721805,0.081755429,0.0813460285,359.0,1018.0
0.833273874111895,0.416203167,0.094366911,0.079572689,359.0,1018.0
0.8270949204704453,0.256794335,0.096557559,0.07323395,359.0,1018.0
0.806873075054724,0.136354438,0.104624598,0.062354685,359.0,1018.0
0.7892772198153247,0.048984079,0.12716469,0.054265084,359.0,1018.0
0.7424389897235515,0.0,0.1425876355,0.04799711,359.0,1018.0
0.6527565653640144,0.0,0.127118711,0.0440138675,359.0,1018.0
0.6132548268789828,0.0,0.123287361,0.033781474,359.0,1018.0
0.6072011391010166,0.0,0.1069134375,0.027905600000000003,359.0,1018.0
0.6397744290165746,0.0,0.0854653755,0.04762605,359.0,1018.0
0.7218525412832798,0.06151224,0.072817771,0.057765222,359.0,1018.0
0.7832129379792713,0.164050626,0.050861433,0.050943048,359.0,1018.0
0.8159987662679662,0.272231444,0.033613376,0.041763539,359.0,1018.0
0.8280129371785943,0.407141266,0.030131409,0.034769585,359.0,1018.0
0.8349655059463744,0.538006383,0.031036007,0.03094411,359.0,1018.0
0.8476684891449116,0.6720242295000001,0.026387038,0.0281061575,359.0,1018.0
0.8519824189606007,0.73278394,0.0335979665,0.0433502995,359.0,1018.0
0.8441296061298087,0.617000431,0.0489003615,0.056026853,359.0,1018.0
0.8373508906705699,0.447182467,0.069354597,0.051602937,359.0,1018.0
0.8297279278390574,0.318819442,0.077833765,0.049108984,359.0,1018.0
0.8129600701377218,0.167564851,0.089602328,0.047473973,359.0,1018.0
0.7961674683329976,0.064742383,0.115964639,0.046861579,359.0,1018.0
0.746788119504382,0.0,0.1399704045,0.036600547,359.0,1018.0
0.6786318570846286,0.0,0.123928976,0.031068616,359.0,1018.0
0.6285231410441365,0.0,0.09753574749999999,0.027029658499999998,359.0,1018.0
0.6083001875721945,0.0,0.077327438,0.0209186295,359.0,1018.0
0.6405495449484687,0.0,0.064989363,0.018792664,359.0,1018.0
0.7223617294886158,0.085657899,0.055990276,0.018560064,359.0,1018.0
0.7867816889671306,0.201466778,0.035350016,0.015672812,359.0,1018.0
0.8256308764573586,0.369002979,0.025837711,0.010238836,359.0,1018.0
0.8382743543690125,0.5308308,0.027999173,0.009668405,359.0,1018.0
0.8523671028736197,0.673793939,0.035503754,0.013254537,359.0,1018.0
0.8611368245220428,0.8216285004999999,0.036962727,0.01229038,359.0,1018.0
0.8584577914773538,0.8266387125,0.0432306425,0.021496652499999998,359.0,1018.0
0.8484782513949536,0.726068192,0.045183361,0.029728197,359.0,1018.0
0.8397272260204064,0.595558681,0.043512364,0.044116754,359.0,1018.0
0.8367755949064701,0.449535499,0.050450881,0.063771212,359.0,1018.0
0.8314677553966108,0.316544716,0.064445313,0.078352854,359.0,1018.0
0.8179878794656342,0.171059079,0.080739746,0.088427172,359.0,1018.0
0.8049434214099004,0.063414838,0.111351867,0.131926682,359.0,1018.0
0.7574034525361557,0.0,0.132163909,0.14200000200000001,359.0,1018.0
0.6576091131063988,0.0,0.095569893,0.0854989325,359.0,1018.0
0.5999907209943699,0.0,0.083105298,0.08259119849999999,359.0,1018.0
0.5835361546482865,0.0,0.0633078285,0.08716721899999999,359.0,1018.0
0.5932290396749645,0.033828516,0.046013322999999995,0.090880155,359.0,1018.0
0.6388420324330093,0.176276418,0.025041314,0.103104973,359.0,1018.0
0.6741738494708589,0.298059157,0.014900053,0.096943256,359.0,1018.0
0.7123178830394843,0.434281523,0.016601781,0.096276671,359.0,1018.0
0.7229480120270049,0.564244792,0.024022931,0.102700893,359.0,1018.0
0.7259205091304081,0.679369192,0.030925496,0.124318082,359.0,1018.0
0.7324621270708533,0.74262388,0.036386704,0.14293364,359.0,1018.0
0.7299377894121637,0.7526176634999999,0.050277871,0.215039733,359.0,1018.0
0.7233136304797775,0.623776083,0.080066724,0.342433672,359.0,1018.0
0.7167454682381292,0.503001637,0.102462954,0.400066974,359.0,1018.0
0.714708853281714,0.371702514,0.121629966,0.415921898,359.0,1018.0
0.7081352897838108,0.233209257,0.136816144,0.409532131,359.0,1018.0
0.6925673255672361,0.119775182,0.142662891,0.414602596,359.0,1018.0
0.6806658870736375,0.046987133,0.153867848,0.445247848,359.0,1018.0
0.6667701199123628,0.0,0.161162381,0.48373070949999997,359.0,1018.0
0.6353335484357622,0.0,0.1548518365,0.5602092665,359.0,1018.0
0.5818290806824898,0.0,0.155361354,0.5620096164999999,359.0,1018.0
0.5749574368049124,0.0,0.16942055849999998,0.456374721,359.0,1018.0
0.5894612296265089,0.0292585445,0.15253224599999998,0.420845941,359.0,1018.0
0.6277147639057965,0.146678984,0.128629573,0.382223893,359.0,1018.0
0.6561194021234188,0.266870695,0.123568099,0.347236294,359.0,1018.0
0.6867538054539677,0.402732147,0.120905444,0.323595196,359.0,1018.0
0.6929954962543706,0.526764476,0.114512447,0.321540054,359.0,1018.0
0.6968988434348772,0.625902607,0.097668127,0.284849229,359.0,1018.0
0.7044808123287912,0.728206244,0.116946771,0.351497334,359.0,1018.0
0.7077164905977427,0.715098896,0.144615004,0.414031599,359.0,1018.0
0.7113442391583741,0.654831793,0.162145694,0.429565851,359.0,1018.0
0.7108985722187713,0.558318046,0.179273524,0.440400943,359.0,1018.0
0.7088931637842606,0.444006145,0.185379764,0.446106262,359.0,1018.0
0.7031531833424554,0.312538791,0.18441777,0.442383176,359.0,1018.0
0.686726661307764,0.168007963,0.164751647,0.415341827,359.0,1018.0
0.6728316787172378,0.055613072,0.155624968,0.37064058,359.0,1018.0
0.6610837357870745,0.0,0.158901253,0.321562756,359.0,1018.0
0.6402905651834709,0.0,0.133518221,0.2663223815,359.0,1018.0
0.59992447570324,0.0,0.1218895445,0.2719946935,359.0,1018.0
0.6103290935924135,0.0,0.10505442400000001,0.3054259425,359.0,1018.0
0.6593867024974964,0.0,0.095235507,0.325495929,359.0,1018.0
0.7229037865487423,0.076964592,0.084162727,0.307267091,359.0,1018.0
0.7825219556443652,0.201167935,0.061290138,0.288326501,359.0,1018.0
0.8114581715968109,0.364245112,0.039769811,0.269123474,359.0,1018.0
0.8264068001584266,0.541299185,0.035183499,0.239962839,359.0,1018.0
0.8342041700780365,0.693923694,0.033498093,0.204986563,359.0,1018.0
0.848493254479499,0.8536117765,0.029550896,0.1201053695,359.0,1018.0
0.8533451329141688,0.90340425,0.022177753,0.056776519,359.0,1018.0
0.8481238039782495,0.808386552,0.019284314,0.036836149,359.0,1018.0
0.8399943307025092,0.694136299,0.017790052,0.039804261,359.0,1018.0
0.8371118534320033,0.529172042,0.018172082,0.041171838,359.0,1018.0
0.8317829630080856,0.35627189,0.021007255,0.047906442,359.0,1018.0
0.8132488719757343,0.185193972,0.037120559,0.051946291,359.0,1018.0
0.7962784462862513,0.050418352,0.076668631,0.06697966,359.0,1018.0
0.7419137359457848,0.0,0.1332510855,0.1025156665,359.0,1018.0
0.6677188358922738,0.0,0.149554601,0.138022256,359.0,1018.0
0.6241747268684498,0.0,0.1495566615,0.178391085,359.0,1018.0
0.606345651693929,0.0,0.133895294,0.18045534400000002,359.0,1018.0
0.6394229135494403,0.0,0.123726224,0.147190088,359.0,1018.0
0.7218525412832798,0.080474227,0.119912823,0.121657859,359.0,1018.0
0.7869163949327387,0.211164515,0.091593711,0.109600144,359.0,1018.0
0.8293549230076239,0.357906423,0.047098078,0.095359761,359.0,1018.0
0.8477249474843158,0.518909156,0.040033889,0.087820017,359.0,1018.0
0.8581662194159373,0.665623228,0.041235319,0.092021059,359.0,1018.0
0.8628656185770498,0.779532965,0.036382462,0.070977909,359.0,1018.0
0.8637167436196549,0.8384024895,0.0512720105,0.0877086815,359.0,1018.0
0.8552111721681517,0.772018996,0.054518203,0.096299345,359.0,1018.0
0.848987531731179,0.678092884,0.059131188,0.099227315,359.0,1018.0
0.8402523873358774,0.567135716,0.061514999,0.104759574,359.0,1018.0
0.8374197667957072,0.443730491,0.065972961,0.132384358,359.0,1018.0
0.8311159857410149,0.281023046,0.06482478,0.183955537,359.0,1018.0
0.8188472671245697,0.138274871,0.080614613,0.263020587,359.0,1018.0
0.805680752210403,0.034652954,0.119188646,0.334095301,359.0,1018.0
0.7734186532315173,0.0,0.1801165295,0.3938489895,359.0,1018.0
0.7279497383709748,0.0,0.205859985,0.722620277,359.0,1018.0
0.65942511100372,0.0,0.2251263315,0.625620167,359.0,1018.0
0.6327518751394992,0.0,0.260734013,0.549643674,359.0,1018.0
0.651211226710964,0.0,0.278557783,0.573261048,359.0,1018.0
0.7273233397896871,0.070869255,0.251354951,0.61081798,359.0,1018.0
0.7927459802870319,0.183365708,0.209869097,0.60509751,359.0,1018.0
0.8203387323393411,0.229689054,0.168219933,0.579957982,359.0,1018.0
0.8299264327886916,0.354148645,0.159455101,0.567164633,359.0,1018.0
0.8337859250029305,0.495286877,0.156612388,0.565280314,359.0,1018.0
0.836995335694754,0.625778662,0.130787847,0.546578562,359.0,1018.0
0.8420177895004501,0.7133840885,0.180024315,0.5372787425000001,359.0,1018.0
0.8439390413383911,0.662587074,0.223554097,0.574745186,359.0,1018.0
0.839609415799454,0.591744469,0.23258903,0.599867321,359.0,1018.0
0.8304997891644244,0.486348767,0.21622477,0.649744016,359.0,1018.0
0.8246004043876612,0.369173065,0.183532276,0.654001825,359.0,1018.0
0.8144724013419599,0.230356076,0.138890476,0.608480318,359.0,1018.0
0.7942062383170865,0.117872286,0.106997895,0.559381187,359.0,1018.0
0.7794332171963816,0.02637169,0.090937385,0.485020691,359.0,1018.0
0.7320577768583689,0.0,0.083876709,0.37942549550000004,359.0,1018.0
0.6540776625022608,0.0,0.060629402,0.284607077,359.0,1018.0
0.6160106536714125,0.0,0.0642616625,0.2288663515,359.0,1018.0
0.6011664247186884,0.0,0.0583334115,0.170511358,359.0,1018.0
0.638832453405457,0.0,0.058960842,0.11429947199999999,359.0,1018.0
0.7222020023641382,0.062439416,0.067259365,0.087880909,359.0,1018.0
0.7828907131755063,0.179545936,0.055436477,0.069505485,359.0,1018.0
0.8111356704003769,0.293369649,0.049094776,0.069823875,359.0,1018.0
0.8209300005507637,0.434882564,0.060090863,0.079236084,359.0,1018.0
0.8246074215799515,0.532801141,0.078239642,0.099313141,359.0,1018.0
0.8265238720066379,0.602345987,0.067385022,0.107469683,359.0,1018.0
0.8351959103880218,0.652362931,0.116527887,0.14131732600000002,359.0,1018.0
0.8375689691259678,0.573591962,0.179723651,0.252968024,359.0,1018.0
0.8247145220820955,0.504687776,0.247866762,0.372338815,359.0,1018.0
0.8199605575730949,0.391199637,0.32773398,0.494382927,359.0,1018.0
0.8188228007394742,0.270028531,0.401234618,0.602809628,359.0,1018.0
0.8117332167685364,0.170363639,0.440020847,0.691774075,359.0,1018.0
0.7879064275072054,0.078697071,0.472476369,0.742322781,359.0,1018.0
0.7736058946827873,0.010532772,0.501305829,0.790625037,359.0,1018.0
0.7276522348035789,0.0,0.5043796169999999,0.8046636309999999,359.0,1018.0
0.6521090466379388,0.0,0.407887234,0.81987555,359.0,1018.0
0.61301906751165,0.0,0.4542310815,0.8608469084999999,359.0,1018.0
0.5998856287467755,0.0,0.499920776,0.8600081135,359.0,1018.0
0.6388435327414639,0.0,0.457782515,0.8713431819999999,359.0,1018.0
0.7227208391260216,0.038726033,0.408648983,0.888866774,359.0,1018.0
0.7827974621333509,0.119107351,0.39218491,0.883992853,359.0,1018.0
0.8097452117927922,0.212994257,0.383468376,0.874817459,359.0,1018.0
0.8158251896834997,0.32172819,0.355767581,0.866705028,359.0,1018.0
0.8161158381161775,0.425038675,0.331582167,0.867738244,359.0,1018.0
0.8159679289324322,0.524939563,0.280767961,0.890111352,359.0,1018.0
0.8158347921746023,0.5793187769999999,0.2698896885,0.8867365325000001,359.0,1018.0
0.8127168783925646,0.560611442,0.250944474,0.872859963,359.0,1018.0
0.8114010206187041,0.490866417,0.236773537,0.832737251,359.0,1018.0
0.8090806352313487,0.39634153,0.2194496,0.792837914,359.0,1018.0
0.80800889316279,0.319140458,0.189020478,0.753648747,359.0,1018.0
0.800274583191653,0.198379101,0.158501435,0.68965437,359.0,1018.0
0.7822338921790939,0.1091757,0.111442552,0.635426777,359.0,1018.0
0.7700372822226684,0.027780352,0.099965444,0.581832051,359.0,1018.0
0.7267720036907899,0.0,0.1250353965,0.5429976025000001,359.0,1018.0
0.618903379708013,0.0,0.17873408400000002,0.518790702,359.0,1018.0
0.5717319840373489,0.0,0.213412115,0.6489296234999999,359.0,1018.0
0.5721475519810184,0.0,0.23079605,0.7540657055,359.0,1018.0
0.5903370753420929,0.0169706305,0.2400372565,0.770910678,359.0,1018.0
0.6264731380444145,0.122865595,0.221085098,0.742860709,359.0,1018.0
0.6541084077069053,0.273243796,0.246761085,0.734215789,359.0,1018.0
0.6854001402119462,0.391526926,0.294019641,0.729357563,359.0,1018.0
0.6896055381826413,0.519881443,0.347682073,0.725548952,359.0,1018.0
0.6903716983292529,0.6162390895000001,0.3051527505,0.736376746,359.0,1018.0
0.6894675771465377,0.6074595094999999,0.3912202935,0.7163148215,359.0,1018.0
0.68958871137045,0.4898542005,0.4027816755,0.6710572105,359.0,1018.0
0.688502034818404,0.365892336,0.363400444,0.616798757,359.0,1018.0
0.683392884519958,0.250395826,0.305646147,0.581628176,359.0,1018.0
0.6717131262030103,0.138812926,0.226488777,0.5347733,359.0,1018.0
0.6647086685228256,0.030103363,0.185386731,0.492510301,359.0,1018.0
0.6573546804316313,0.0,0.13915861899999998,0.458205874,359.0,1018.0
0.6184761553509337,0.0,0.0983188995,0.450167851,359.0,1018.0
0.5725928495354069,0.0,0.0839034395,0.482685296,359.0,1018.0
0.5742343707162139,0.0,0.10226376749999999,0.541514771,359.0,1018.0
0.5909738379193686,0.021662574,0.117099749,0.590387608,359.0,1018.0
0.6264731380444145,0.160860968,0.107324174,0.617585589,359.0,1018.0
0.6544825204288565,0.293426179,0.082131809,0.624218325,359.0,1018.0
0.6862033465869583,0.440691879,0.087159251,0.635587662,359.0,1018.0
0.6925098054027587,0.572099921,0.1066122,0.629502721,359.0,1018.0
0.7019001545270316,0.701708185,0.075374413,0.5399676805,359.0,1018.0
0.7106157257479757,0.7532281194999999,0.075261831,0.600348062,359.0,1018.0
0.7138508495745591,0.683516065,0.072697945,0.556748493,359.0,1018.0
0.7126633281414926,0.561962306,0.066832511,0.482875118,359.0,1018.0
0.7094014750891148,0.421801327,0.054979082,0.409276504,359.0,1018.0
0.7039720393752708,0.275274935,0.038639084,0.333394167,359.0,1018.0
0.6852220856685571,0.128423363,0.029773786,0.263394825,359.0,1018.0
0.6691115096180821,0.018467457,0.032953434,0.192665454,359.0,1018.0
0.6607675125816743,0.0,0.0553866375,0.116980928,359.0,1018.0
0.6403888482292295,0.0,0.0890008535,0.041140415,359.0,1018.0
0.6042704893721434,0.0,0.095255746,0.041099905,359.0,1018.0
0.6007607589234971,0.0,0.1018745925,0.0736445285,359.0,1018.0
0.6389721686402113,0.0,0.108451696,0.1122875255,359.0,1018.0
0.7226069984870682,0.040249654,0.115103141,0.13485426,359.0,1018.0
0.782760068922787,0.13381957,0.110214619,0.13578375,359.0,1018.0
0.8098059638293397,0.234539381,0.095855001,0.131183077,359.0,1018.0
0.8162595006624426,0.303141646,0.096293826,0.116562164,359.0,1018.0
0.8186374062142755,0.399856984,0.121124194,0.116971654,359.0,1018.0
0.8207787673640586,0.443847224,0.102148162,0.112403896,359.0,1018.0
0.8265806998638188,0.464151409,0.1444080965,0.165345777,359.0,1018.0
0.8167303730226941,0.3756411025,0.191456267,0.237104188,359.0,1018.0
0.808866527020762,0.216239629,0.2126737385,0.284896786,359.0,1018.0
0.797699188118408,0.120335559,0.188565726,0.309275796,359.0,1018.0
0.7811248496936731,0.060059679,0.168857765,0.313408861,359.0,1018.0
0.7698926042481811,0.011950815,0.163909461,0.281806158,359.0,1018.0
0.7272336894745663,0.0,0.17967791300000002,0.2719555695,359.0,1018.0
0.6519778024739377,0.0,0.201746623,0.394561879,359.0,1018.0
0.6134168392803507,0.0,0.2131074165,0.424898906,359.0,1018.0
0.6005081266785282,0.0,0.2232771915,0.4966940235,359.0,1018.0
0.6389885568364587,0.0,0.2221844575,0.5346250015,359.0,1018.0
0.7225298590827884,0.016001114,0.220839262,0.530852315,359.0,1018.0
0.7829919047072842,0.073083519,0.24202967,0.540489238,359.0,1018.0
0.8102140532965995,0.183698513,0.274668679,0.523963853,359.0,1018.0
0.8155918771535201,0.297119355,0.266990254,0.499917197,359.0,1018.0
0.8163682628346606,0.399563219,0.277332116,0.480989169,359.0,1018.0
0.8170169584168587,0.505819754,0.196360462,0.490049317,359.0,1018.0
0.8175612319208332,0.5746658185,0.2249232265,0.5260967400000001,359.0,1018.0
0.8137032171148888,0.581767866,0.273796095,0.565589676,359.0,1018.0
0.8104780185689276,0.4775404095,0.31093305,0.580545003,359.0,1018.0
0.8061254958526732,0.30955138,0.308081446,0.590960118,359.0,1018.0
0.7972783574130834,0.208251154,0.276388268,0.559850982,359.0,1018.0
0.7814067264702852,0.097138303,0.233462007,0.522313863,359.0,1018.0
0.7700372822226684,0.013112229,0.212413484,0.520175248,359.0,1018.0
0.7275788339912621,0.0,0.194624337,0.5011113245000001,359.0,1018.0
0.6381799258410631,0.0,0.1795071755,0.47618343350000003,359.0,1018.0
0.601065187165653,0.0,0.15810731233333333,0.502431679,359.0,1018.0
0.6389136558151093,0.0,0.129010579,0.47582185450000003,359.0,1018.0
0.7227625253709165,0.022054644,0.111936861,0.422074467,359.0,1018.0
0.7828921905838008,0.108808435,0.100646838,0.377474573,359.0,1018.0
0.8101523779627193,0.210428357,0.09736318,0.347228134,359.0,1018.0
0.8158155881866154,0.329225775,0.098796234,0.328200301,359.0,1018.0
0.8159679289324322,0.432178039,0.099933079,0.340087571,359.0,1018.0
0.8172575651946095,0.496224236,0.0732827115,0.3349982795,359.0,1018.0
0.8170826961264399,0.434719966,0.086073979,0.382406047,359.0,1018.0
0.8128610019246838,0.359736485,0.086749351,0.418511099,359.0,1018.0
0.8093892876306058,0.282392751,0.082382975,0.416215735,359.0,1018.0
0.80800889316279,0.226520587,0.072654353,0.405926936,359.0,1018.0
0.8013112412871974,0.153184505,0.058456759,0.409363536,359.0,1018.0
0.7838680966427977,0.087250305,0.048450765,0.406763485,359.0,1018.0
0.770259792240138,0.010160778,0.047052063,0.40647052,359.0,1018.0
0.7273162072680819,0.0,0.0510479745,0.4196679645,359.0,1018.0
0.6373429270819435,0.0,0.060708866,0.48922117749999994,359.0,1018.0
0.6017788358424965,0.0,0.070779585,0.532987716,359.0,1018.0
0.599385765413671,0.0,0.081994392,0.5590277875,359.0,1018.0
0.6399714336908949,0.0,0.09456642,0.6104484845,359.0,1018.0
0.7226358970970473,0.033942599,0.101302935,0.647518396,359.0,1018.0
0.7831853318529954,0.166644869,0.089391846,0.670868442,359.0,1018.0
0.8101207094607423,0.33768496,0.073353684,0.686518362,359.0,1018.0
0.8168116211995258,0.510204756,0.089901291,0.691006346,359.0,1018.0
0.8210206666255125,0.650873957,0.118254927,0.704055215,359.0,1018.0
0.8290207884636429,0.7307256945,0.11193622,0.7047160235000001,359.0,1018.0
0.8340010486417392,0.742388586,0.107777915,0.676700154,359.0,1018.0
0.8355432942155849,0.68076934,0.090078626,0.607588231,359.0,1018.0
0.8336198269280144,0.554132421,0.072520033,0.569001998,359.0,1018.0
0.830438760735208,0.44891994,0.059103824,0.494672011,359.0,1018.0
0.8210710774668103,0.304025915,0.045244054,0.414307374,359.0,1018.0
0.7971805820151548,0.152351317,0.049679775,0.382200014,359.0,1018.0
0.7772179014547258,0.013695289,0.074223675,0.348311989,359.0,1018.0
0.7316451401683165,0.0,0.104950579,0.3306006175,359.0,1018.0
0.6428903577756284,0.0,0.1126345205,0.27744857850000004,359.0,1018.0
0.6016309957237779,0.0,0.101584943,0.2352517675,359.0,1018.0
0.6110709253514205,0.0,0.08611387749999999,0.17943448350000002,359.0,1018.0
0.6585695081347549,0.0,0.078456707,0.12356692,359.0,1018.0
0.7227625253709165,0.034136436,0.071883996,0.097614553,359.0,1018.0
0.7829110250540111,0.151187385,0.052000966,0.07908723,359.0,1018.0
0.8100233032491843,0.281680378,0.032970166,0.083883874,359.0,1018.0
0.8157426490229649,0.397372713,0.031070371,0.110755788,359.0,1018.0
0.8172093701343477,0.496364303,0.031506479,0.126969987,359.0,1018.0
0.820882543863243,0.585451643,0.032132191,0.095782922,359.0,1018.0
0.8260150529876726,0.6331019085,0.0355367235,0.1489823125,359.0,1018.0
0.8215606003668989,0.5730820845,0.06336698,0.2241736995,359.0,1018.0
0.8162644863354761,0.428507545,0.092134069,0.263286476,359.0,1018.0
0.8143128584792616,0.312061963,0.113734084,0.273568019,359.0,1018.0
0.8050019570025999,0.214208129,0.128106742,0.241304833,359.0,1018.0
0.7857038523408024,0.099592721,0.138951057,0.218224165,359.0,1018.0
0.7709308318829097,0.012033217,0.152701535,0.210485586,359.0,1018.0
0.7270739391516634,0.0,0.1498931215,0.2419600935,359.0,1018.0
0.633843999013245,0.0,0.109758351,0.328127151,359.0,1018.0
0.5898537386998357,0.0,0.107138758,0.38030005,359.0,1018.0
0.5682113127472959,0.0,0.08410587850000001,0.41892435149999996,359.0,1018.0
0.5802687619113351,0.0,0.08513603950000001,0.4422108385,359.0,1018.0
0.5955101855553565,0.024025874,0.08392407,0.497936614,359.0,1018.0
0.6266568245026886,0.146727399,0.068570846,0.512306071,359.0,1018.0
0.6540913270376584,0.308463398,0.049118954,0.537204317,359.0,1018.0
0.685433701042627,0.464828906,0.053016912,0.584355144,359.0,1018.0
0.690171877366084,0.588221623,0.068626097,0.626329107,359.0,1018.0
0.6923771299621891,0.682613921,0.069627788,0.5832640185,359.0,1018.0
0.6940912901190213,0.669447071,0.089236124,0.6225800285,359.0,1018.0
0.6967088330858277,0.567481184,0.091931256,0.644440235,359.0,1018.0
0.6961220428333275,0.471459999,0.093568466,0.649005384,359.0,1018.0
0.6944230246201873,0.365430624,0.089339199,0.644513024,359.0,1018.0
0.689122940012547,0.230752329,0.081673917,0.614114798,359.0,1018.0
0.6736644763409316,0.111315995,0.082132539,0.580794023,359.0,1018.0
0.665720951701352,0.007192931,0.084374553,0.561739047,359.0,1018.0
0.6577720488050993,0.0,0.07749747,0.5459494645,359.0,1018.0
0.6346324794254738,0.0,0.060717097,0.477082521,359.0,1018.0
0.5900790419071502,0.0,0.06634150750000001,0.4969720875,359.0,1018.0
0.568170249877233,0.0,0.0706331965,0.5350441535,359.0,1018.0
0.5802687619113351,0.0,0.07513016650000001,0.5648497345000001,359.0,1018.0
0.5952055034671919,0.020780425,0.074195189,0.576436657,359.0,1018.0
0.6266710429502045,0.142511135,0.064928736,0.591325547,359.0,1018.0
0.6550891148457504,0.302669879,0.058407394,0.628253334,359.0,1018.0
0.6862033465869583,0.454960006,0.07476551,0.665097985,359.0,1018.0
0.6908974830195562,0.580913789,0.095007467,0.687983015,359.0,1018.0
0.6956121159238442,0.6656737260000001,0.0850095545,0.661496957,359.0,1018.0
0.7037601237472946,0.6887892790000001,0.107127287,0.649244126,359.0,1018.0
0.7089624094271745,0.597950405,0.12388642450000001,0.652727449,359.0,1018.0
0.7092647376042502,0.414889647,0.128339175,0.669638283,359.0,1018.0
0.702052911187476,0.264869548,0.114835357,0.670146078,359.0,1018.0
0.6822440023843076,0.118808492,0.114904248,0.668164424,359.0,1018.0
0.6691115096180821,0.006116892,0.123907589,0.661311004,359.0,1018.0
0.6615564087428276,0.0,0.13551280500000001,0.641254465,359.0,1018.0
0.6625926971880329,0.0,0.143283241,0.632656969,359.0,1018.0
0.6202493591791232,0.0,0.15711397100000002,0.5834023265,359.0,1018.0
0.6058938911907747,0.0,0.164068091,0.5713422075,359.0,1018.0
0.6390299658933103,0.0,0.1489648765,0.48393053900000005,359.0,1018.0
0.7221689028507176,0.016696642,0.140420481,0.458269637,359.0,1018.0
0.7828517510885703,0.11206622,0.12950926,0.412805337,359.0,1018.0
0.8101990034837969,0.2169272,0.151287807,0.385750079,359.0,1018.0
0.8166382295396506,0.31341704,0.149592809,0.352336171,359.0,1018.0
0.8168820675266594,0.413045041,0.161947461,0.325750467,359.0,1018.0
0.8172616275703105,0.436919829,0.154725107,0.281748267,359.0,1018.0
0.8189819737529899,0.433182661,0.15233803,0.26791065000000003,359.0,1018.0
0.8136690561078012,0.411360125,0.1541607245,0.3060774645,359.0,1018.0
0.8095225168507313,0.344652486,0.151692409,0.316677501,359.0,1018.0
0.8072706390649547,0.260420647,0.141138983,0.313016984,359.0,1018.0
0.8005102964272598,0.172875113,0.129493362,0.298719631,359.0,1018.0
0.7836911960553715,0.082858909,0.11717064,0.271256327,359.0,1018.0
0.7718338909091458,0.004939401,0.114673989,0.245110382,359.0,1018.0
0.7306982944454647,0.0,0.1055517725,0.2228775445,359.0,1018.0
0.6464171919925251,0.0,0.081666456,0.18290041099999998,359.0,1018.0
0.6041598343741124,0.0,0.0591213425,0.16368000700000002,359.0,1018.0
0.6111097261430184,0.0,0.043124341,0.1447123035,359.0,1018.0
0.6584777341694881,0.0,0.035131704,0.122686855,359.0,1018.0
0.7226987727837411,0.01593435,0.029214411,0.118759038,359.0,1018.0
0.7829110250540111,0.121736424,0.023517366,0.109166866,359.0,1018.0
0.8098979223877919,0.207919144,0.016283115,0.093705821,359.0,1018.0
0.8163876514158328,0.339003501,0.014213013,0.084058116,359.0,1018.0
0.8174161847599752,0.471300302,0.014412917,0.091247226,359.0,1018.0
0.8232952109299765,0.578469187,0.017064547,0.08163155750000001,359.0,1018.0
0.8241566765050194,0.6246913544999999,0.017851093,0.07499779549999999,359.0,1018.0
0.8217731393697074,0.535306767,0.020872603,0.060041999,359.0,1018.0
0.8196820962675201,0.429107211,0.023826878,0.054336021,359.0,1018.0
0.8167898319127262,0.338701729,0.030318773,0.054339221,359.0,1018.0
0.8086779934171948,0.221401903,0.040983776,0.058448269,359.0,1018.0
0.7878694041458243,0.108778318,0.058606587,0.06593547,359.0,1018.0
0.7717400857560285,0.004824488,0.093167492,0.0830015,359.0,1018.0
0.7269882816169675,0.0,0.1256659095,0.119761912,359.0,1018.0
0.6371751903365355,0.0,0.11720565050000001,0.223076218,359.0,1018.0
0.5996810993317571,0.0,0.1018145625,0.260208274,359.0,1018.0
0.6110777345201157,0.0,0.0921584905,0.27849492,359.0,1018.0
0.6593867024974964,0.0,0.089600645,0.266716671,359.0,1018.0
0.7226358970970473,0.018097183,0.087507594,0.248518947,359.0,1018.0
0.7831853318529954,0.160957457,0.071085985,0.246727057,359.0,1018.0
0.8098738245262549,0.322293529,0.03593769,0.240821802,359.0,1018.0
0.8172599659002366,0.492244653,0.029730967,0.250704716,359.0,1018.0
0.8239928873362469,0.625891674,0.027531521,0.262868938,359.0,1018.0
0.8302096948427086,0.748326702,0.024169563,0.236925184,359.0,1018.0
0.8340254235587572,0.820939696,0.025368197,0.240737751,359.0,1018.0
0.8351452688880941,0.7612866549999999,0.0289283105,0.2427591855,359.0,1018.0
0.8339443596437048,0.540955473,0.030914081,0.244501689,359.0,1018.0
0.8295516741562948,0.448878764,0.029722256,0.24680811,359.0,1018.0
0.8267354880435198,0.331448969,0.027695825,0.237157939,359.0,1018.0
0.8171018083149433,0.223694344,0.030776256,0.241519854,359.0,1018.0
0.792755397522137,0.107099539,0.048321577,0.249543972,359.0,1018.0
0.77404098976851,0.004618798,0.073529106,0.25845196,359.0,1018.0
0.7287686639990664,0.0,0.0915328845,0.2640619515,359.0,1018.0
0.6540776625022608,0.0,0.09325376,0.303907367,359.0,1018.0
0.6130113581114853,0.0,0.0796369575,0.28875070599999997,359.0,1018.0
0.5994546189369138,0.0,0.06733627049999999,0.270335469,359.0,1018.0
0.6387569291749784,0.0,0.0594295615,0.2673844805,359.0,1018.0
0.7225182254038354,0.015099883,0.052864887,0.299934705,359.0,1018.0
0.7830385302283619,0.159549348,0.045759197,0.333782737,359.0,1018.0
0.8096966475461598,0.280865903,0.035857007,0.378325887,359.0,1018.0
0.8173163785056022,0.424933271,0.044269874,0.425903547,359.0,1018.0
0.8238345448263622,0.564596953,0.063070809,0.465207089,359.0,1018.0
0.8285010744698719,0.607498871,0.075374308,0.520620926,359.0,1018.0
0.8340254235587572,0.65930128,0.097694482,0.557285299,359.0,1018.0
0.8351426835892817,0.6580698300000001,0.1267780065,0.582635274,359.0,1018.0
0.8347694017023674,0.566729956,0.149259431,0.613672338,359.0,1018.0
0.8304997891644244,0.437348735,0.154008516,0.594658569,359.0,1018.0
0.8251298130034247,0.304462769,0.136370866,0.542421778,359.0,1018.0
0.8130467659676592,0.186528693,0.11222609,0.486971801,359.0,1018.0
0.7917793993322505,0.08276949,0.099309946,0.389451002,359.0,1018.0
0.7753671880748083,0.002608666,0.099928403,0.358206857,359.0,1018.0
0.7318227562614645,0.0,0.1120176915,0.3191745205,359.0,1018.0
0.6458608931870357,0.0,0.138281787,0.3820723985,359.0,1018.0
0.6010406048768054,0.0,0.16261087800000001,0.593266413,359.0,1018.0
0.6111560055104479,0.0,0.18932017950000002,0.667454773,359.0,1018.0
0.6911599941814371,0.0038985485,0.2029634965,0.6920863365,359.0,1018.0
0.7832558703110186,0.076154656,0.192240927,0.700359975,359.0,1018.0
0.8097622003311495,0.159993759,0.203820333,0.726849443,359.0,1018.0
0.8157347085333423,0.265497491,0.219393201,0.763518842,359.0,1018.0
0.8160025515881861,0.350437954,0.236719643,0.798215462,359.0,1018.0
0.8158414398491157,0.402265455,0.217356382,0.797406597,359.0,1018.0
0.8164664995498494,0.45351136,0.263913619,0.805768555,359.0,1018.0
0.8127524243456511,0.477292559,0.31401317,0.8173158715,359.0,1018.0
0.8052496731035304,0.3900259265,0.3323691855,0.847799801,359.0,1018.0
0.8016162926280139,0.212813071,0.297190218,0.841542616,359.0,1018.0
0.7959490200284168,0.133643952,0.245686398,0.835570345,359.0,1018.0
0.7810270742957445,0.047705137,0.18771812,0.810785073,359.0,1018.0
0.7697650990738303,0.002147198,0.158921718,0.748073542,359.0,1018.0
0.7267617781562611,0.0,0.1392189035,0.71259904,359.0,1018.0
0.6328566442661676,0.0,0.159029634,0.622581972,359.0,1018.0
0.589737036203698,0.0,0.154049064,0.55770683,359.0,1018.0
0.5690015012264493,0.0,0.1722062175,0.5906795925,359.0,1018.0
0.5820969239693181,0.0,0.19347955,0.569221725,359.0,1018.0
0.596738146881341,0.00590561,0.209169102,0.517893786,359.0,1018.0
0.6286980100791656,0.072087268,0.194962515,0.477866931,359.0,1018.0
0.6580424080274478,0.142333433,0.211845267,0.450490027,359.0,1018.0
0.6911419208515657,0.257612729,0.255493205,0.444218284,359.0,1018.0
0.6935596660536283,0.34692707,0.275094754,0.43064306,359.0,1018.0
0.690926981474536,0.411371947,0.220898887,0.5043074285,359.0,1018.0
0.6893734024756438,0.4325864115,0.298907528,0.5125538505,359.0,1018.0
0.6920030636370889,0.37955007,0.327012172,0.551419842,359.0,1018.0
0.6905869840256338,0.332446607,0.312352765,0.621906698,359.0,1018.0
0.6901293142207073,0.24894379,0.290316544,0.616693263,359.0,1018.0
0.686581383488276,0.176653137,0.25200988,0.589872426,359.0,1018.0
0.6746981338858482,0.078568613,0.21037759,0.556433732,359.0,1018.0
0.672218298429496,0.002276643,0.194061136,0.592131972,359.0,1018.0
0.6638959289205811,0.0,0.188672927,0.6094778515,359.0,1018.0
0.620791485668823,0.0,0.1988813135,0.607657454,359.0,1018.0
0.5760215391680044,0.0,0.1658135,0.5478629335,359.0,1018.0
0.5787484442514512,0.0,0.158811635,0.5047341365,359.0,1018.0
0.5963761752873291,0.0037337375,0.1527310905,0.4716074765,359.0,1018.0
0.630326489966845,0.135746367,0.154093579,0.406520823,359.0,1018.0
0.6604545672475077,0.255776952,0.131701826,0.372858141,359.0,1018.0
0.6904821457013762,0.429114587,0.118495235,0.351048759,359.0,1018.0
0.69149706024416,0.562863022,0.116362423,0.370191523,359.0,1018.0
0.6905076974413764,0.61046347,0.095604502,0.423816761,359.0,1018.0
0.6883113083008205,0.5746044075000001,0.1038984745,0.539758964,359.0,1018.0
0.6876934271871368,0.420270185,0.109012958,0.572834702,359.0,1018.0
0.6866322563096461,0.29503318,0.107872823,0.586788632,359.0,1018.0
0.6855831797655565,0.209036654,0.098260576,0.597201997,359.0,1018.0
0.6821654777026228,0.123251817,0.082467575,0.610970375,359.0,1018.0
0.6708827750189823,0.055660423,0.086641002,0.627583655,359.0,1018.0
0.6653252342857867,0.0,0.116364308,0.640965087,359.0,1018.0
0.6579693073364752,0.0,0.1921347095,0.6719702955,359.0,1018.0
0.6497330799442231,0.0,0.292935884,0.701835507,359.0,1018.0
0.6120686208297794,0.0,0.3378038495,0.7712885655,359.0,1018.0
0.599813082067343,0.0,0.3950072975,0.849534672,359.0,1018.0
0.6404053518542138,0.0,0.4437420935,0.882623356,359.0,1018.0
0.7237099020063048,0.004299885,0.465704112,0.903140686,359.0,1018.0
0.7830664134101188,0.052513297,0.463782084,0.907100349,359.0,1018.0
0.8097773416120294,0.11134763,0.440079665,0.907795512,359.0,1018.0
0.8155985251594396,0.174129379,0.4295124,0.904539663,359.0,1018.0
0.8160505623866687,0.242280969,0.438677699,0.908373186,359.0,1018.0
0.8159444315787081,0.30330225899999996,0.35082237,0.8888483650000001,359.0,1018.0
0.8118259140311357,0.340937077,0.3909745025,0.8895301325,359.0,1018.0
0.8072148727014407,0.324878532,0.380865885,0.862479405,359.0,1018.0
0.80328447350562,0.285826258,0.346536905,0.830781023,359.0,1018.0
0.8016011506843218,0.199491374,0.300956682,0.805351384,359.0,1018.0
0.7959464350610105,0.118212149,0.261094229,0.779208362,359.0,1018.0
0.7810068545481293,0.050784931,0.240074891,0.768585984,359.0,1018.0
0.7696860666780345,0.001151805,0.22140418,0.747907422,359.0,1018.0
0.7267822981577828,0.0,0.2032917775,0.6955862895,359.0,1018.0
0.6508444311369439,0.0,0.183694065,0.639076711,359.0,1018.0
0.6124289074558702,0.0,0.1548647235,0.6009016095,359.0,1018.0
0.5994155642219792,0.0,0.1263476345,0.460293834,359.0,1018.0
0.6402126172809239,0.0,0.0992407255,0.369776079,359.0,1018.0
0.723455215109935,0.00491477,0.08178185,0.288767313,359.0,1018.0
0.7830636435181211,0.098245913,0.068805362,0.238850629,359.0,1018.0
0.8098848119633564,0.248492023,0.053022385,0.209940599,359.0,1018.0
0.8157965681290016,0.383692414,0.050869951,0.204610406,359.0,1018.0
0.8160025515881861,0.527749935,0.050703392,0.196380648,359.0,1018.0
0.8161539696994826,0.566925509,0.0382941795,0.178613836,359.0,1018.0
0.8130030949317647,0.518072957,0.034738067,0.1681819155,359.0,1018.0
0.8097441035708682,0.504304662,0.025162502,0.125158526,359.0,1018.0
0.8070734265990236,0.439017848,0.020090843,0.089323905,359.0,1018.0
0.8055820535151418,0.333935553,0.015577703,0.060535867,359.0,1018.0
0.7982430917731996,0.214807029,0.016210109,0.042450739,359.0,1018.0
0.7807889603545106,0.092560876,0.033275283,0.037157826,359.0,1018.0
0.769635563043035,0.001269208,0.066644552,0.048137298,359.0,1018.0
0.7267030808373957,0.0,0.11393888199999999,0.0982142255,359.0,1018.0
0.6360405263832759,0.0,0.1361598625,0.1414106,359.0,1018.0
0.5999198131511323,0.0,0.139110795,0.17312381599999999,359.0,1018.0
0.614937457028438,0.0,0.139703992,0.195890806,359.0,1018.0
0.6657805955159756,0.0,0.132683747,0.196456449,359.0,1018.0
0.7276677230666222,0.0055136,0.137851408,0.218704908,359.0,1018.0
0.7841522819941473,0.144333617,0.119554261,0.228423077,359.0,1018.0
0.8097622003311495,0.312645205,0.063504013,0.204036398,359.0,1018.0
0.8156435811413331,0.47858864,0.053531934,0.181893925,359.0,1018.0
0.8167033210073802,0.623952694,0.058381497,0.165663651,359.0,1018.0
0.8207787673640586,0.72707981,0.045667343,0.157350938,359.0,1018.0
0.8229656468072137,0.770472225,0.072993346,0.1931475735,359.0,1018.0
0.8204485106025934,0.667786479,0.096007415,0.256543175,359.0,1018.0
0.8141193392026609,0.462601095,0.108412076,0.269880819,359.0,1018.0
0.8070100895950697,0.303841365,0.113100856,0.286627252,359.0,1018.0
0.796840168983031,0.155277859,0.12980647,0.313687675,359.0,1018.0
0.7804878792585055,0.050867489,0.168228987,0.391108194,359.0,1018.0
0.7701679258125754,0.0,0.208625872,0.469244793,359.0,1018.0
0.726795270385884,0.0,0.255130136,0.5463160789999999,359.0,1018.0
0.637085909240926,0.0,0.2661832275,0.686072098,359.0,1018.0
0.6018037182085006,0.0,0.283140017,0.651444004,359.0,1018.0
0.599459420016762,0.0,0.284449144,0.6035916084999999,359.0,1018.0
0.6397971647328509,0.0,0.276188114,0.5581475275000001,359.0,1018.0
0.7232324744338354,0.002182045,0.258816179,0.542301848,359.0,1018.0
0.7828827733486957,0.043338781,0.247742332,0.52972169,359.0,1018.0
0.8097773416120294,0.101472322,0.251503404,0.519085538,359.0,1018.0
0.8156156058286864,0.172788953,0.243430095,0.505142659,359.0,1018.0
0.8163792496089498,0.242344159,0.245558793,0.488424204,359.0,1018.0
0.8162371572646812,0.343439027,0.202583722,0.471923199,359.0,1018.0
0.8150553598773892,0.389110773,0.2574467915,0.462625805,359.0,1018.0
0.808232049422111,0.4291929205,0.254385496,0.4401037605,359.0,1018.0
0.8032691466373366,0.35464083,0.231297727,0.446572213,359.0,1018.0
0.801576776430116,0.26407975,0.22638291,0.450797387,359.0,1018.0
0.7961833486494309,0.161721008,0.212537716,0.449595088,359.0,1018.0
0.7809965133528793,0.064779721,0.204950571,0.451317051,359.0,1018.0
0.7701205155219056,0.0,0.197080767,0.450214231,359.0,1018.0
0.7265581718728722,0.0,0.1917494105,0.427544171,359.0,1018.0
0.6495394221398819,0.0,0.176352234,0.400773003,359.0,1018.0
0.6124169971854045,0.0,0.16560456950000002,0.3830826775,359.0,1018.0
0.6012382327933956,0.0,0.15792961649999998,0.41188781500000005,359.0,1018.0
0.6472732101464465,0.0,0.14338890599999998,0.406556104,359.0,1018.0
0.7291050835879533,0.002775211,0.132345452,0.399945898,359.0,1018.0
0.7858454833678109,0.069315016,0.111878658,0.395716296,359.0,1018.0
0.817679504121858,0.145305657,0.100011991,0.377028517,359.0,1018.0
0.8187128382144427,0.22716154,0.108076266,0.340874061,359.0,1018.0
0.8169093044665647,0.322914398,0.101467923,0.299963552,359.0,1018.0
0.8163444420286046,0.380931111,0.070583336,0.261041819,359.0,1018.0
0.8151345771977765,0.451121295,0.0665301765,0.25277663699999997,359.0,1018.0
0.8083781584080421,0.40081536250000005,0.06798851450000001,0.2358460435,359.0,1018.0
0.8032691466373366,0.295314263,0.07677638,0.238635415,359.0,1018.0
0.8016284797551169,0.207254429,0.077994929,0.237992517,359.0,1018.0
0.7958398886698282,0.125701753,0.080393629,0.250626948,359.0,1018.0
0.7810283667794478,0.050895271,0.092522439,0.256644048,359.0,1018.0
0.770522188304688,0.0,0.107080348,0.236116915,359.0,1018.0
0.7272299038229404,0.0,0.118063925,0.186908446,359.0,1018.0
0.6372592087699115,0.0,0.088911589,0.135809128,359.0,1018.0
0.5951938239547783,0.0,0.100401263,0.119168458,380.0,1076.5
0.5764236733674688,0.0,0.11099723,0.1157702845,401.0,1135.0
0.589614724792257,0.0,0.108024761,0.12796953049999998,401.0,1135.0
0.6060227347817111,0.002766075,0.110783429,0.149047742,401.0,1135.0
0.633949345184176,0.103644587,0.103804029,0.146361324,401.0,1135.0
0.6633006679287338,0.207167539,0.084244606,0.108727882,401.0,1135.0
0.6888655296210304,0.340100379,0.086178257,0.08185949,401.0,1135.0
0.6886492056294081,0.467604029,0.090643223,0.0622678,401.0,1135.0
0.6882278672099724,0.556597243,0.095618976,0.046783945,401.0,1135.0
0.6880708171837908,0.5573492295,0.1012234645,0.05556312,401.0,1135.0
0.6876490171156888,0.4361022505,0.096478465,0.091428294,401.0,1135.0
0.6874409103377641,0.307235375,0.09380476,0.114639189,401.0,1135.0
0.6867015480180049,0.232125598,0.093023073,0.110941247,401.0,1135.0
0.6825871389115782,0.13966582,0.093824929,0.100753173,401.0,1135.0
0.6738173254636718,0.05545779,0.104738663,0.090868322,401.0,1135.0
0.6680509392484042,0.0,0.123205409,0.087930391,401.0,1135.0
0.6614533014187954,0.0,0.1322795325,0.0835339695,401.0,1135.0
0.6355546968382206,0.0,0.111024756,0.093319369,401.0,1135.0
0.5937581709701221,0.0,0.12495766,0.0957096225,401.0,1135.0
0.5738991741814569,0.0,0.13530160949999998,0.09942885900000001,401.0,1135.0
0.5877775145861177,0.0,0.150168992,0.1161360115,401.0,1135.0
0.6176424803959303,0.0410836475,0.16188619999999998,0.1261856905,401.0,1135.0
0.6598470495332813,0.160813427,0.146059225,0.112285787,401.0,1135.0
0.6854292230837046,0.27261042,0.158544526,0.118914254,401.0,1135.0
0.6880850822270013,0.360962423,0.1714959,0.123732352,401.0,1135.0
0.6881628221390939,0.419108339,0.161185529,0.116938186,401.0,1135.0
0.6886192451943558,0.435688346,0.184917686,0.13188932450000002,401.0,1135.0
0.6882795244695284,0.30988145899999997,0.1813769345,0.179244451,401.0,1135.0
0.6881366934211124,0.237941273,0.175311399,0.268167466,401.0,1135.0
0.687677408342963,0.161657769,0.16648274,0.34893811,401.0,1135.0
0.6830881102346227,0.099351806,0.15537859,0.417196846,401.0,1135.0
0.6741588467177195,0.036052985,0.172503845,0.476721985,401.0,1135.0
0.6672502714439476,0.0,0.194377881,0.516453528,401.0,1135.0
0.66071811723488,0.0,0.18939867100000002,0.5343848325,401.0,1135.0
0.6553347994937055,0.0,0.149034725,0.48265283,401.0,1135.0
0.6160151777289202,0.0,0.1443358665,0.417125795,401.0,1135.0
0.6031474356674273,0.0,0.141169219,0.379811263,401.0,1135.0
0.6449451618883394,0.0,0.1350502295,0.4419357655,401.0,1135.0
0.7289412019568852,0.001466474,0.135988613,0.461044613,401.0,1135.0
0.7887071874425517,0.048505084,0.12947644,0.47955303,401.0,1135.0
0.8133402764232244,0.156886333,0.101895671,0.496119567,401.0,1135.0
0.8158217735496504,0.268504757,0.093510123,0.494245176,401.0,1135.0
0.8149868522758104,0.33617587,0.090894089,0.477653244,401.0,1135.0
0.8156994396357367,0.392807443,0.076048216,0.476218075,401.0,1135.0
0.8173144855140861,0.4409072265,0.104477522,0.532883189,401.0,1135.0
0.8131681311816077,0.3848256395,0.116298238,0.5645827800000001,401.0,1135.0
0.8098907209337225,0.291253664,0.11336243,0.580364091,401.0,1135.0
0.8075885237747257,0.204559119,0.102896159,0.566047976,401.0,1135.0
0.8002700588358796,0.120411178,0.106005128,0.550669401,401.0,1135.0
0.786478022240907,0.037475218,0.123863526,0.567153527,401.0,1135.0
0.7757631825458545,0.0,0.135403605,0.589182844,401.0,1135.0
0.7342671842924706,0.0,0.131730087,0.5876869995,401.0,1135.0
0.6555906401471944,0.0,0.107326943,0.613652684,401.0,1135.0
0.6160980420406307,0.0,0.0974464645,0.529474975,401.0,1135.0
0.6035173243869334,0.0,0.08613276,0.40926377999999997,401.0,1135.0
0.6446105884964304,0.0,0.080614287,0.3178240495,401.0,1135.0
0.7289412019568852,0.0015567,0.076961488,0.31241534,401.0,1135.0
0.7887071874425517,0.074716816,0.072309981,0.311304895,401.0,1135.0
0.8131519270814365,0.148320009,0.059068932,0.30611873,401.0,1135.0
0.8157300920466792,0.247747194,0.049642697,0.314179928,401.0,1135.0
0.8152582042582055,0.382027802,0.045912934,0.322027033,401.0,1135.0
0.8160308967500156,0.501199584,0.039744473,0.278211936,401.0,1135.0
0.8202896143131527,0.5630899444999999,0.037820526,0.26292050899999997,401.0,1135.0
0.8170713858998186,0.5469671869999999,0.0324088135,0.23921849,401.0,1135.0
0.812672375858821,0.438387962,0.036036028,0.236369843,401.0,1135.0
0.8113386069120828,0.330180806,0.044475774,0.257568581,401.0,1135.0
0.8038330857779643,0.189231581,0.058040586,0.289711043,401.0,1135.0
0.7875396087016193,0.055632216,0.082427452,0.334516401,401.0,1135.0
0.77581257795893,0.0,0.101329516,0.368902944,401.0,1135.0
0.7334584835360956,0.0,0.1003811285,0.356564248,401.0,1135.0
0.655196861523465,0.0,0.093714025,0.368167707,401.0,1135.0
0.6154733513605646,0.0,0.072525005,0.2900632775,401.0,1135.0
0.6029752902269669,0.0,0.0535896705,0.20583000699999998,401.0,1135.0
0.6450951483916613,0.0,0.045115956,0.166409246,401.0,1135.0
0.7289412019568852,0.001448763,0.043533847,0.155492493,401.0,1135.0
0.7886703483429498,0.095158597,0.045412504,0.159465699,401.0,1135.0
0.8131519270814365,0.206468972,0.03607863,0.16414147,401.0,1135.0
0.8158750470766475,0.353112597,0.030201562,0.164697682,401.0,1135.0
0.8153121240270542,0.498780862,0.029832186,0.156914473,401.0,1135.0
0.8181407743224131,0.616499428,0.029878715,0.12829134,401.0,1135.0
0.8220781443136729,0.6564925695,0.031978696,0.1067917645,401.0,1135.0
0.8183997539217078,0.6232593925000001,0.0306694305,0.1287236975,401.0,1135.0
0.8132020154646205,0.40772156150000005,0.0404704325,0.1892271225,401.0,1135.0
0.8046094714591048,0.191998932,0.066329393,0.24354004,401.0,1135.0
0.7880595072885757,0.047791852,0.101234824,0.273358969,401.0,1135.0
0.7762018322931672,0.0,0.130909176,0.289861227,401.0,1135.0
0.7340799428412006,0.0,0.1420235605,0.308210604,401.0,1135.0
0.6552648148815194,0.0,0.132196876,0.287778092,401.0,1135.0
0.6157055791653112,0.0,0.103706149,0.260562469,401.0,1135.0
0.6028845549877696,0.0,0.08004505749999999,0.2163118575,401.0,1135.0
0.6452540449793673,0.0,0.071779196,0.230176098,401.0,1135.0
0.7289503885333602,0.001293312,0.080054843,0.270571044,401.0,1135.0
0.7886703483429498,0.101074508,0.078680733,0.292700506,401.0,1135.0
0.8134087833619911,0.199285327,0.055689238,0.297863,401.0,1135.0
0.816311573173814,0.307825754,0.050276896,0.30257687,401.0,1135.0
0.8150873975657368,0.416394081,0.053571085,0.294369024,401.0,1135.0
0.815189050414775,0.520015058,0.05176572,0.27487246,401.0,1135.0
0.8143612845295596,0.567666538,0.057407638999999996,0.26839051,401.0,1135.0
0.8096459593179751,0.457768941,0.056289634000000005,0.293475248,401.0,1135.0
0.8054888946038762,0.336334856,0.065254631,0.347237736,401.0,1135.0
0.8041211492432356,0.20651543,0.076641418,0.370185243,401.0,1135.0
0.7978676868989514,0.121297368,0.093259918,0.352223948,401.0,1135.0
0.7861200665594641,0.024521537,0.117768077,0.317974882,401.0,1135.0
0.7762074642080524,0.0,0.136843439,0.302219464,401.0,1135.0
0.7335476493355306,0.0,0.14337316249999998,0.28410889949999996,401.0,1135.0
0.639411557191093,0.0,0.1190951475,0.2608969975,401.0,1135.0
0.6020866109435847,0.0,0.113349587,0.261046973,401.0,1135.0
0.6159711142419485,0.0,0.109765272,0.308842326,401.0,1135.0
0.6986616838304691,0.0,0.109214095,0.3163845905,401.0,1135.0
0.789400570483085,0.03667043,0.109969711,0.342391676,401.0,1135.0
0.8148843682603292,0.126753677,0.109920416,0.381675505,401.0,1135.0
0.8178913044205192,0.223770319,0.108837452,0.419452336,401.0,1135.0
0.816645708049201,0.309780518,0.112305718,0.45714829,401.0,1135.0
0.8158817868820506,0.4362779465,0.11521210900000001,0.413783887,401.0,1135.0
0.81143028874646,0.5020836515,0.180113068,0.5058844845,401.0,1135.0
0.8058531745075008,0.430877271,0.228663249,0.647197228,401.0,1135.0
0.803891067922514,0.285729888,0.231650378,0.736562961,401.0,1135.0
0.7987327992664737,0.165115401,0.198163581,0.766794125,401.0,1135.0
0.7876965659340991,0.036775737,0.184030923,0.753431043,401.0,1135.0
0.7646478243553885,0.0,0.174060172,0.7404398985,401.0,1135.0
0.7207369893196802,0.0,0.171927761,0.740178997,401.0,1135.0
0.6218528643379244,0.0,0.1910749315,0.783587382,401.0,1135.0
0.5804345597986259,0.0,0.190985468,0.706544502,401.0,1135.0
0.5744656521577649,0.0,0.2017858265,0.678552018,401.0,1135.0
0.5879639477711046,0.0,0.209768062,0.713029414,401.0,1135.0
0.6015097461042693,0.0,0.211298587,0.734603058,401.0,1135.0
0.6325620720518106,0.107604444,0.203047159,0.767903709,401.0,1135.0
0.6610363254301235,0.255300475,0.174705174,0.789211182,401.0,1135.0
0.6901899277295143,0.418408335,0.192230599,0.816498736,401.0,1135.0
0.6888403705972325,0.556247255,0.202389917,0.825001799,401.0,1135.0
0.6887621223082167,0.656282479,0.189567823,0.763221047,401.0,1135.0
0.6880881056446484,0.6134266255,0.18278662099999998,0.753675799,401.0,1135.0
0.6872407891206886,0.511004238,0.1562675945,0.755089986,401.0,1135.0
0.6869675908750345,0.414576083,0.136566887,0.748389016,401.0,1135.0
0.6861296690505666,0.281873037,0.110825286,0.731937816,401.0,1135.0
0.6825844618132823,0.159308811,0.083602531,0.700643608,401.0,1135.0
0.6740068287614224,0.019458261,0.069652446,0.664811751,401.0,1135.0
0.6695783431324642,0.0,0.058626237,0.6431016515,401.0,1135.0
0.6556958015923776,0.0,0.062405185,0.623689637,401.0,1135.0
0.6210082947063806,0.0,0.08615231749999999,0.679863153,401.0,1135.0
0.5752644271364085,0.0,0.1114384115,0.6613819105000001,401.0,1135.0
0.5770435861329715,0.0,0.120326287,0.6242712415,401.0,1135.0
0.5953910364207093,0.0,0.11692691,0.560115669,401.0,1135.0
0.631743815863996,0.079086743,0.109004098,0.522767957,401.0,1135.0
0.6590350255030398,0.208581091,0.082975482,0.521358191,401.0,1135.0
0.6853507905329095,0.325572821,0.055379673,0.535752716,401.0,1135.0
0.6878406901290305,0.462978465,0.056348819,0.542370809,401.0,1135.0
0.6897413984356181,0.6589109455,0.0466056555,0.4841575505,401.0,1135.0
0.6921515958642602,0.706254194,0.0552533565,0.49194869399999996,401.0,1135.0
0.6945371880486603,0.617490226,0.055383218,0.481411978,401.0,1135.0
0.6936531941512646,0.504946687,0.048088704,0.461103251,401.0,1135.0
0.6925635402470162,0.361904465,0.038469403,0.431105636,401.0,1135.0
0.6869451089495325,0.205709952,0.036076419,0.422152003,401.0,1135.0
0.6741795741794459,0.031706518,0.044160466,0.433607466,401.0,1135.0
0.6674382509365526,0.0,0.059244727,0.462415113,401.0,1135.0
0.660231572184103,0.0,0.0848906925,0.5347481439999999,401.0,1135.0
0.6395060548503504,0.0,0.1138486925,0.5959382375,401.0,1135.0
0.6044181216992514,0.0,0.11571464,0.549009623,401.0,1135.0
0.6028670126698565,0.0,0.1192381635,0.5054754180000001,401.0,1135.0
0.6472160363013203,0.0,0.119657762,0.435951005,401.0,1135.0
0.7303757932490308,0.0,0.123278508,0.426966881,401.0,1135.0
0.7899008949014655,0.076941721,0.118014474,0.353881729,401.0,1135.0
0.8140379982321275,0.194901941,0.100207189,0.342938047,401.0,1135.0
0.816311573173814,0.326174545,0.069594473,0.364788927,401.0,1135.0
0.8150079031898686,0.4259367,0.072314789,0.417926901,401.0,1135.0
0.8160995886133735,0.507956764,0.060722063,0.421185117,401.0,1135.0
0.8186098000879996,0.533746895,0.085952761,0.471305387,401.0,1135.0
0.8162592236069616,0.5288310615,0.1267231885,0.47524836800000003,401.0,1135.0
0.8123919764905035,0.41327203,0.134719115,0.48277816,401.0,1135.0
0.8090427807035244,0.291768715,0.127663753,0.515887775,401.0,1135.0
0.8069549694734073,0.167567998,0.106285807,0.514556167,401.0,1135.0
0.7988745224243717,0.069147771,0.09540012,0.494687038,401.0,1135.0
0.7858309883287826,0.01038079,0.088133583,0.46888017,401.0,1135.0
0.762279682358012,0.0,0.090543119,0.476475636,401.0,1135.0
0.7186907715407562,0.0,0.099384049,0.506880959,401.0,1135.0
0.6533472563654714,0.0,0.144825193,0.55012419,401.0,1135.0
0.615121858992434,0.0,0.141092181,0.5571156945,401.0,1135.0
0.6004095666104293,0.0,0.156653013,0.631902019,401.0,1135.0
0.6151000926389351,0.0,0.17679720399999999,0.6806929205000001,401.0,1135.0
0.6977656873991558,0.0,0.2237077925,0.791914499,401.0,1135.0
0.7884606716944348,0.051420805,0.2743884,0.830954397,401.0,1135.0
0.8134087833619911,0.158221664,0.287799749,0.840373833,401.0,1135.0
0.8158434707055602,0.299705165,0.331045617,0.849876237,401.0,1135.0
0.8153056609457261,0.428197333,0.377764827,0.886530633,401.0,1135.0
0.8188908463609808,0.530423962,0.303938347,0.882869459,401.0,1135.0
0.823372997570326,0.585544701,0.356650136,0.888033863,401.0,1135.0
0.8228237383933181,0.606636395,0.3951684985,0.921613362,401.0,1135.0
0.8206853313973119,0.527761004,0.39855041,0.914790316,401.0,1135.0
0.8186714747590674,0.430608889,0.373451728,0.903039881,401.0,1135.0
0.8160793688657584,0.296606778,0.319914924,0.879673324,401.0,1135.0
0.8073299136932075,0.151987564,0.278823028,0.809579443,401.0,1135.0
0.792223496069857,0.01663152,0.268196495,0.714955534,401.0,1135.0
0.7778540407234505,0.0,0.253773074,0.650490828,401.0,1135.0
0.7361019245622532,0.0,0.230544011,0.5965722845,401.0,1135.0
0.6453465343509341,0.0,0.2117298515,0.633604592,401.0,1135.0
0.6040485561338116,0.0,0.177892585,0.5261181945,401.0,1135.0
0.6153632734067962,0.0,0.155489611,0.403305813,401.0,1135.0
0.6972121812532615,0.0,0.158889784,0.44516936900000004,401.0,1135.0
0.7886703483429498,0.082717403,0.163630514,0.522352651,401.0,1135.0
0.8135399817256723,0.211474389,0.139460959,0.601228599,401.0,1135.0
0.8155037039152879,0.336427199,0.127563198,0.57657896,401.0,1135.0
0.8155600243897639,0.436047135,0.136989407,0.469415317,401.0,1135.0
0.8183623149771052,0.5210228195,0.108026284,0.40640669500000004,401.0,1135.0
0.8137468888135956,0.4932651265,0.12599340850000001,0.39654581850000004,401.0,1135.0
0.8076197309594424,0.411232623,0.119801683,0.389874096,401.0,1135.0
0.8044701483440216,0.319006974,0.114722681,0.396776874,401.0,1135.0
0.8041655589832775,0.212886218,0.102970464,0.391178466,401.0,1135.0
0.799310310148797,0.106682699,0.110876407,0.375586912,401.0,1135.0
0.7876965659340991,0.007790982,0.123947504,0.333979946,401.0,1135.0
0.7637735250799851,0.0,0.117957839,0.27908367300000003,401.0,1135.0
0.719908853916688,0.0,0.091061545,0.232232192,401.0,1135.0
0.6525434956143724,0.0,0.05942993,0.160764242,401.0,1135.0
0.6146334211821249,0.0,0.0586409605,0.1288520485,401.0,1135.0
0.603737941909996,0.0,0.057685597000000005,0.08211656149999999,401.0,1135.0
0.6495476624857237,0.0,0.0451508195,0.0584808095,401.0,1135.0
0.7327005174047562,0.0,0.042430918,0.055605399,401.0,1135.0
0.791928600999699,0.048659886,0.043197171,0.061198141,401.0,1135.0
0.8202616386691001,0.116952723,0.037550094,0.071581015,401.0,1135.0
0.8240239089335601,0.196751317,0.028853964,0.083765112,401.0,1135.0
0.8229606608027741,0.299989774,0.027224246,0.095508733,401.0,1135.0
0.8210858502241317,0.345703168,0.026258237,0.093814869,401.0,1135.0
0.8178649443810956,0.375394577,0.0261780255,0.12077178,401.0,1135.0
0.8100986427870558,0.331552556,0.032335284500000006,0.1446120675,401.0,1135.0
0.8060563420092428,0.246080908,0.036901781,0.144819014,401.0,1135.0
0.8050700954178082,0.154814446,0.035926942,0.152061916,401.0,1135.0
0.8004215690780657,0.086345061,0.040813276,0.151175305,401.0,1135.0
0.7895185649658167,0.010346768,0.048886139,0.147043585,401.0,1135.0
0.7658217969137788,0.0,0.0541425295,0.1505162045,401.0,1135.0
0.6875040161859789,0.0,0.049346831,0.1928302435,401.0,1135.0
0.6180095300589903,0.0,0.0416186645,0.245409043,401.0,1135.0
0.607280910432944,0.0,0.043138613,0.293556013,401.0,1135.0
0.6556262556624166,0.0,0.04627503,0.349983031,401.0,1135.0
0.7383370447997089,0.0,0.048323692,0.38843676,401.0,1135.0
0.7998363947616006,0.04557135,0.048906317,0.408440636,401.0,1135.0
0.8286033742235739,0.134265126,0.043293624,0.426845393,401.0,1135.0
0.8218609427587568,0.244734547,0.032906925,0.432156141,401.0,1135.0
0.8174813683585944,0.35442592,0.034169096,0.453138945,401.0,1135.0
0.8159378299696395,0.452610584,0.033224164,0.482636003,401.0,1135.0
0.8145040698439368,0.503724282,0.0456170595,0.533527254,401.0,1135.0
0.8084495740979531,0.3847983035,0.054013412,0.5498397325,401.0,1135.0
0.8049063052548174,0.273366443,0.057201846,0.559526476,401.0,1135.0
0.8042518849640322,0.172665053,0.054794491,0.542133037,401.0,1135.0
0.7991398733055112,0.089985621,0.055400632,0.555610299,401.0,1135.0
0.7885594625205857,0.007013987,0.063744653,0.56029117,401.0,1135.0
0.764853023044981,0.0,0.07776854550000001,0.5820914189999999,401.0,1135.0
0.7196236067402654,0.0,0.093068426,0.618878996,401.0,1135.0
0.6356041384493033,0.0,0.1252561,0.674011078,401.0,1135.0
0.5937134150432913,0.0,0.135348479,0.705258006,401.0,1135.0
0.573649657982134,0.0,0.1589201905,0.7141615729999999,401.0,1135.0
0.5879177837992715,0.0,0.182413337,0.672682831,401.0,1135.0
0.617414199604429,0.0316318355,0.1887129375,0.685556439,401.0,1135.0
0.6609498141933713,0.197516811,0.149782611,0.636853424,401.0,1135.0
0.6893109195051521,0.357230275,0.162575556,0.6155315,401.0,1135.0
0.6889268357685399,0.481885429,0.182911442,0.599247174,401.0,1135.0
0.688876747716762,0.606485186,0.142275706,0.537987993,401.0,1135.0
0.6880650006757203,0.5533741320000001,0.17747755399999998,0.5901679664999999,401.0,1135.0
0.6872381580878375,0.4113250705,0.192249758,0.5685605725,401.0,1135.0
0.686807817353706,0.30619238,0.180210109,0.527250621,401.0,1135.0
0.686209624743695,0.212497141,0.142336419,0.48183554,401.0,1135.0
0.683129103840815,0.119881483,0.109774291,0.429061969,401.0,1135.0
0.6751324905988297,0.006872499,0.092915952,0.386274906,401.0,1135.0
0.6717717542580055,0.0,0.079302859,0.333133952,401.0,1135.0
0.6487201964898681,0.0,0.06849257049999999,0.264814778,401.0,1135.0
0.5949905640570217,0.0,0.0616644885,0.24863963649999998,401.0,1135.0
0.5753462065903233,0.0,0.0721818375,0.31779324649999996,401.0,1135.0
0.5879467516731209,0.0,0.0903489865,0.41211594949999997,401.0,1135.0
0.6029006662279579,0.0,0.103046607,0.520311139,401.0,1135.0
0.6340770346865872,0.080685423,0.103867894,0.573169643,401.0,1135.0
0.6612168265457408,0.252924186,0.08278434,0.592030997,401.0,1135.0
0.6870823548113204,0.427682198,0.060285851,0.60057224,401.0,1135.0
0.6880850822270013,0.586254368,0.063348282,0.612193254,401.0,1135.0
0.6883507558976603,0.699615834,0.061642253,0.608439083,401.0,1135.0
0.6895464484789797,0.740558238,0.072565079,0.631483855,401.0,1135.0
0.6879320945765206,0.6996152314999999,0.085688494,0.6703609815,401.0,1135.0
0.6887914365014173,0.581822064,0.083606276,0.674622755,401.0,1135.0
0.6882421315903706,0.471101659,0.076352385,0.645624856,401.0,1135.0
0.6878155768392713,0.305152788,0.058956559,0.608752403,401.0,1135.0
0.6829724236638163,0.140382892,0.062652979,0.606687349,401.0,1135.0
0.6740573317336096,0.006800616,0.077635015,0.62891865,401.0,1135.0
0.6689854593164126,0.0,0.1014066825,0.67841701,401.0,1135.0
0.6552876660596731,0.0,0.122332512,0.764527204,401.0,1135.0
0.6275419722234845,0.0,0.126535391,0.7691791,401.0,1135.0
0.6052502963458002,0.0,0.1263451655,0.725861008,401.0,1135.0
0.6217913277969097,0.0,0.125283932,0.6453499975,401.0,1135.0
0.706081339969687,0.0,0.116506155,0.5711140735,401.0,1135.0
0.7958386883170147,0.079491394,0.114663202,0.520151526,401.0,1135.0
0.8171671761753416,0.258162953,0.097227411,0.493026736,401.0,1135.0
0.8163723252103615,0.443844983,0.051296159,0.461162661,401.0,1135.0
0.8149868522758104,0.60243892,0.04289009,0.43629322,401.0,1135.0
0.8187926089829797,0.730601564,0.03377753,0.394691168,401.0,1135.0
0.8237280905660695,0.809599916,0.04254398,0.404745545,401.0,1135.0
0.8225541412061047,0.8088704785,0.052214828000000005,0.394923196,401.0,1135.0
0.8222402264097389,0.696261915,0.043575933,0.358116938,401.0,1135.0
0.8196039871690568,0.554581311,0.036048013,0.329263718,401.0,1135.0
0.8162639322245141,0.375897272,0.023600802,0.265297449,401.0,1135.0
0.8066140029931337,0.180118529,0.024351919,0.251633833,401.0,1135.0
0.7861772175375707,0.006830895,0.035707621,0.278103722,401.0,1135.0
0.776333122787738,0.0,0.058811039,0.329899295,401.0,1135.0
0.7339528535814774,0.0,0.1150315765,0.427462786,401.0,1135.0
0.6529376896887608,0.0,0.169963785,0.507941145,401.0,1135.0
0.6150630691449915,0.0,0.2050193075,0.5668579755,401.0,1135.0
0.6029740900067158,0.0,0.2267167135,0.668200475,401.0,1135.0
0.6452123127684495,0.0,0.240293272,0.7486621314999999,401.0,1135.0
0.7291333359560809,0.0,0.254779858,0.774020771,401.0,1135.0
0.7886222460763898,0.079659955,0.260545125,0.782629822,401.0,1135.0
0.8133019605781401,0.282959279,0.240105867,0.788727709,401.0,1135.0
0.8175821900411897,0.480379608,0.190189567,0.795742817,401.0,1135.0
0.8239373058973243,0.647387334,0.170667419,0.804150777,401.0,1135.0
0.8296564660837015,0.765600375,0.133999093,0.797170695,401.0,1135.0
0.840316370581683,0.833972946,0.169061797,0.822622724,401.0,1135.0
0.8407855812718608,0.8123179075,0.2172898265,0.8482844060000001,401.0,1135.0
0.8348403093467612,0.682366268,0.236924074,0.857642949,401.0,1135.0
0.830543183476244,0.531913085,0.220007082,0.864282139,401.0,1135.0
0.8252950799118977,0.356201093,0.203986639,0.868502962,401.0,1135.0
0.8102516307689426,0.167636944,0.222227217,0.872989769,401.0,1135.0
0.7915664908116653,0.004824642,0.251927047,0.88538846,401.0,1135.0
0.7626426926449528,0.0,0.2675882755,0.875648968,401.0,1135.0
0.7197879039545549,0.0,0.243421963,0.845163503,401.0,1135.0
0.6541689748188615,0.0,0.212607254,0.795242263,401.0,1135.0
0.6153729908958077,0.0,0.1880416315,0.7403075640000001,401.0,1135.0
0.6029677193545427,0.0,0.1607160915,0.7234391355,401.0,1135.0
0.6452708255272702,0.0,0.1350466655,0.7146760649999999,401.0,1135.0
0.729057534769543,0.0,0.133515892,0.732038219,401.0,1135.0
0.7888624830049576,0.061745975,0.135211474,0.742234382,401.0,1135.0
0.8135399817256723,0.230630623,0.1247261,0.72058741,401.0,1135.0
0.8159234270615008,0.391372189,0.095319384,0.697050097,401.0,1135.0
0.8186353746950189,0.572327799,0.116292229,0.713250453,401.0,1135.0
0.8235281082081407,0.709265582,0.130708535,0.724126935,401.0,1135.0
0.826318257733824,0.7826147914999999,0.21472055899999998,0.7480850845,401.0,1135.0
0.8251189644254697,0.6502552955,0.25502350949999997,0.7495418855,401.0,1135.0
0.8216706553542261,0.474529632,0.240465199,0.741955601,401.0,1135.0
0.8186683356806991,0.328902711,0.207771234,0.754414423,401.0,1135.0
0.8062293644827473,0.163818262,0.197482082,0.76995176,401.0,1135.0
0.7905951091084418,0.004168343,0.219992606,0.79806842,401.0,1135.0
0.7626570958844975,0.0,0.25130554250000003,0.8436161474999999,401.0,1135.0
0.7206338126654964,0.0,0.262490612,0.863686134,401.0,1135.0
0.643535429896335,0.0,0.27662707200000003,0.858801691,401.0,1135.0
0.6031675862174535,0.0,0.23788650649999998,0.8492596530000001,401.0,1135.0
0.6153632734067962,0.0,0.19765274300000002,0.8278101529999999,401.0,1135.0
0.6970699043158075,0.0,0.184279352,0.7994800325,401.0,1135.0
0.7888709769427302,0.049112619,0.189637817,0.748858556,401.0,1135.0
0.8133310434498985,0.203913821,0.174440451,0.745609941,401.0,1135.0
0.8157422791737822,0.365818105,0.145179629,0.767200158,401.0,1135.0
0.8164845956473185,0.525544453,0.18115058,0.796835307,401.0,1135.0
0.82053816124912,0.645935485,0.185994724,0.739741139,401.0,1135.0
0.8240641641670114,0.6755322484999999,0.2517569245,0.802972172,401.0,1135.0
0.823099983586451,0.5954731885,0.2695612555,0.8427964939999999,401.0,1135.0
0.8200008121437341,0.454073689,0.216880159,0.785473399,401.0,1135.0
0.8162639322245141,0.3165926,0.164180956,0.712396428,401.0,1135.0
0.8066167728851315,0.14990027,0.13603132,0.652900952,401.0,1135.0
0.782735186623064,0.0015288485,0.1591406155,0.62142577,401.0,1135.0
0.7482321972955029,0.0,0.205713766,0.673455421,401.0,1135.0
0.7208416427193464,0.0,0.258134744,0.746525898,401.0,1135.0
0.6456121155924381,0.0,0.33537416750000004,0.8105744335,401.0,1135.0
0.6090446045305922,0.0,0.4169636505,0.864762,401.0,1135.0
0.6195779505819651,0.0,0.4831594215,0.9094270925,401.0,1135.0
0.6966211675617067,0.0,0.5455326105,0.9259066455,401.0,1135.0
0.787764242369235,0.051383197,0.592903534,0.91434755,401.0,1135.0
0.8132723229326075,0.189707949,0.609739927,0.934303524,401.0,1135.0
0.8157212289225362,0.288870028,0.556239213,0.936374221,401.0,1135.0
0.814812722243194,0.363573189,0.601157168,0.93682025,401.0,1135.0
0.8148806750709987,0.418058886,0.606397859,0.9365519995,401.0,1135.0
0.8111894052446343,0.3810100035,0.6928893625000001,0.9346329185,401.0,1135.0
0.8060780852305973,0.277399156,0.6967398995,0.9360681035,401.0,1135.0
0.8081289191647782,0.16418406,0.671490294,0.936207039,401.0,1135.0
0.8055001584336464,0.08673392,0.645164165,0.935415214,401.0,1135.0
0.7958644478486255,0.002336906,0.626394442,0.93556808,401.0,1135.0
0.768091448007505,0.0,0.6200441084999999,0.9360138095,401.0,1135.0
0.7204414937417093,0.0,0.596787667,0.928807342,401.0,1135.0
0.6361995150355905,0.0,0.595748915,0.917657363,401.0,1135.0
0.5942647973733364,0.0,0.5727055864999999,0.9077872005000001,401.0,1135.0
0.5743843112535127,0.0,0.5329713995,0.9059185599999999,401.0,1135.0
0.5878344578388949,0.0,0.4734778395,0.8898145705,401.0,1135.0
0.6177676770618248,0.0203280935,0.413591221,0.8763439435,401.0,1135.0
0.664452366353233,0.144130314,0.400921076,0.868816642,401.0,1135.0
0.695039959569519,0.279977437,0.464999881,0.872047576,401.0,1135.0
0.6967466412168009,0.37213665,0.475932892,0.875641636,401.0,1135.0
0.6928367842267091,0.459043397,0.39296535,0.8612867200000001,401.0,1135.0
0.6924749285585432,0.3938889585,0.42078129799999997,0.853854625,401.0,1135.0
0.6967239286326689,0.288788127,0.417295749,0.849705384,401.0,1135.0
0.6978179683649501,0.203188209,0.378609985,0.818740271,401.0,1135.0
0.7001675751518046,0.114625402,0.320436872,0.772042859,401.0,1135.0
0.7001248270818365,0.045480234,0.26723262,0.728000114,401.0,1135.0
0.6918466134559079,0.0,0.235608921,0.676892087,401.0,1135.0
0.6800458359129569,0.0,0.217970978,0.610949442,401.0,1135.0
0.6498973312919116,0.0,0.2189357455,0.529299946,401.0,1135.0
0.5949106080987685,0.0,0.213701403,0.472533926,401.0,1135.0
0.5745339979006154,0.0,0.2147058025,0.40402030099999997,401.0,1135.0
0.5879453436943997,0.0,0.202993747,0.336600051,401.0,1135.0
0.61785455761751,0.0078116965,0.205199926,0.295766835,401.0,1135.0
0.6666852247442081,0.029072934,0.209938821,0.287549754,401.0,1135.0
0.7005256229641372,0.053649842,0.208372274,0.279998407,401.0,1135.0
0.7044280468473112,0.088625956,0.219260241,0.280177363,401.0,1135.0
0.7039500651638799,0.116372907,0.20985076,0.255447547,401.0,1135.0
0.7049562779772803,0.1213984565,0.2876227305,0.338593647,401.0,1135.0
0.7085828033180787,0.1118183535,0.38287196,0.5288882555,401.0,1135.0
0.7119899805867953,0.096563219,0.450539191,0.62953245,401.0,1135.0
0.7122474831092016,0.066611663,0.506949944,0.70565884,401.0,1135.0
0.7111520123654765,0.025628549,0.535850194,0.771460297,401.0,1135.0
0.7006190589308839,0.0,0.556083615,0.82711006,401.0,1135.0
0.6836531572657681,0.0,0.571338067,0.875724246,401.0,1135.0
0.6585970449308793,0.0,0.535068146,0.9002598930000001,401.0,1135.0
0.6215654937101993,0.0,0.479769961,0.9064931615,401.0,1135.0
0.6126433852505146,0.0,0.5018340215,0.905563216,401.0,1135.0
0.6616178297888243,0.0,0.5291030994999999,0.9052359895,401.0,1135.0
0.7459150437802176,0.0,0.528122078,0.907821701,401.0,1135.0
0.8068930177468584,0.034942195,0.528598248,0.901935147,401.0,1135.0
0.8397137464096003,0.190997574,0.513814637,0.890086338,401.0,1135.0
0.8377887092514394,0.348777715,0.535829663,0.881203849,401.0,1135.0
0.8335597211333184,0.492379795,0.55396212,0.875990136,401.0,1135.0
0.8315898129178556,0.559734218,0.468196238,0.855000347,401.0,1135.0
0.8262106959144194,0.647343533,0.485136652,0.8433192540000001,401.0,1135.0
0.8216648385147497,0.577629392,0.519792796,0.85184656,401.0,1135.0
0.8188396964841298,0.484390817,0.54277062,0.852028137,401.0,1135.0
0.8186993579408244,0.381193059,0.532312147,0.847765168,401.0,1135.0
0.8207538389988909,0.237275977,0.4862559,0.8451998,401.0,1135.0
0.8205821090090896,0.117721869,0.43433123,0.836109735,401.0,1135.0
0.8093701761049145,0.001222488,0.381326928,0.813679851,401.0,1135.0
0.7713245177792185,0.0,0.32846168200000003,0.7541655475,401.0,1135.0
0.7187601096459659,0.0,0.295547465,0.687954152,401.0,1135.0
0.662917229771161,0.0,0.225689314,0.58217087,401.0,1135.0
0.6380068340705478,0.0,0.217201956,0.4883891655,401.0,1135.0
0.6346267781804372,0.0,0.19480559349999998,0.377420346,401.0,1135.0
0.6816042160911191,0.0,0.1807089535,0.32400176999999997,401.0,1135.0
0.7583288088947084,0.0,0.17124129,0.291383438,401.0,1135.0
0.8141335578490203,0.0412256,0.153475423,0.246295284,401.0,1135.0
0.844308075925013,0.229455543,0.120394903,0.205721825,401.0,1135.0
0.8405583619740264,0.401452749,0.102534706,0.173172375,401.0,1135.0
0.8341882897616032,0.578139563,0.110255072,0.160499738,401.0,1135.0
0.8306195387737437,0.685827041,0.083145973,0.120687918,401.0,1135.0
0.8237367694284335,0.69239254,0.087395172,0.138485741,401.0,1135.0
0.8195633627492349,0.5599350574999999,0.0880694715,0.15140207449999998,401.0,1135.0
0.8142136063358505,0.449965513,0.086411288,0.18461095,401.0,1135.0
0.8122029809068639,0.356077488,0.086884215,0.230303454,401.0,1135.0
0.8126129169687888,0.249278092,0.075004193,0.243836889,401.0,1135.0
0.8179030295675498,0.109024759,0.071684743,0.278967039,401.0,1135.0
0.8082523619634281,0.0,0.090401159,0.346608807,401.0,1135.0
0.7714799979348098,0.0,0.12586988,0.4695871405,401.0,1135.0
0.7210975757025683,0.0,0.171901959,0.599402878,401.0,1135.0
0.662776429778033,0.0,0.21493551,0.683367802,401.0,1135.0
0.6358552704189582,0.0,0.22796471550000003,0.7280052375,401.0,1135.0
0.633048870992784,0.0,0.24700021149999998,0.7827849775,401.0,1135.0
0.68078741391433,0.0,0.2672884585,0.822464309,401.0,1135.0
0.78421148735853,0.0104060705,0.3038143095,0.84878941,401.0,1135.0
0.8418365501446542,0.177705781,0.306610561,0.85954162,401.0,1135.0
0.8380991161144723,0.334200021,0.251957813,0.860599097,401.0,1135.0
0.8314118047713175,0.481193387,0.263647827,0.858571414,401.0,1135.0
0.8213395674263179,0.596860157,0.237786786,0.843824861,401.0,1135.0
0.8183003165222993,0.655802278,0.256085175,0.842413586,401.0,1135.0
0.8120811083102104,0.653410405,0.277722092,0.8479661705,401.0,1135.0
0.8078781567791812,0.535960092,0.290562507,0.852976409,401.0,1135.0
0.8053495721516052,0.4153916,0.287147202,0.850738681,401.0,1135.0
0.8043146685198364,0.253895737,0.286607053,0.847369626,401.0,1135.0
0.8008726836707744,0.102773902,0.3076587,0.839548,401.0,1135.0
0.7920998690094279,0.0,0.32092561,0.822352144,401.0,1135.0
0.7682676327578032,0.0,0.322067426,0.7995310090000001,401.0,1135.0
0.687136920291771,0.0,0.3028601475,0.7680997885,401.0,1135.0
0.618182968049435,0.0,0.26615848,0.6968536095,401.0,1135.0
0.6076368807268564,0.0,0.23327570549999999,0.599839183,401.0,1135.0
0.6548258419138592,0.0,0.1984604395,0.538997357,401.0,1135.0
0.7377073222154614,0.0,0.184261913,0.558790426,401.0,1135.0
0.7976626260742871,0.018991343,0.176325187,0.576762588,401.0,1135.0
0.8286944094846934,0.167187447,0.171274562,0.596901324,401.0,1135.0
0.8230865964379407,0.319820294,0.145581898,0.634835849,401.0,1135.0
0.8171192581705607,0.478881949,0.137931314,0.673288484,401.0,1135.0
0.8150939527779545,0.58780282,0.117677372,0.68222902,401.0,1135.0
0.8149824207137388,0.703644907,0.131514151,0.717091127,401.0,1135.0
0.812397792998574,0.727201474,0.15212164350000001,0.740786641,401.0,1135.0
0.8098653305884823,0.630486829,0.147063916,0.734310441,401.0,1135.0
0.8075021971311587,0.506611435,0.13604475,0.721319788,401.0,1135.0
0.8049732433172121,0.332868084,0.131385429,0.707623914,401.0,1135.0
0.7977647409033977,0.133889278,0.153652444,0.707923633,401.0,1135.0
0.7833352722245911,0.0,0.1901592025,0.7188366585,401.0,1135.0
0.7356557499085393,0.0,0.22672708200000002,0.7202385805,401.0,1135.0
0.6413982001209982,0.0,0.2336791125,0.7375524394999999,401.0,1135.0
0.6064459659606786,0.0,0.24018879399999998,0.778874789,401.0,1135.0
0.6236415331313101,0.0,0.2260462315,0.797432711,401.0,1135.0
0.7063312486532278,0.0,0.2218208005,0.812540217,401.0,1135.0
0.7958112671153301,0.021473554,0.209776897,0.822032043,401.0,1135.0
0.826787653348593,0.178556076,0.190220099,0.813817594,401.0,1135.0
0.8279045441927468,0.315917029,0.176515104,0.800603551,401.0,1135.0
0.8248195910649833,0.447203695,0.188146743,0.772554669,401.0,1135.0
0.8235859054280991,0.549952336,0.159385522,0.625729279,401.0,1135.0
0.8213530009716792,0.5980816179999999,0.1832216695,0.6556268095,401.0,1135.0
0.8156848518030065,0.557652643,0.232411731,0.692251059,401.0,1135.0
0.8132480408092913,0.466944002,0.267206191,0.72508585,401.0,1135.0
0.8118310842973546,0.365118726,0.297208578,0.711695328,401.0,1135.0
0.8125621369411206,0.228135154,0.296439408,0.721226127,401.0,1135.0
0.8122027966450848,0.085152289,0.316590599,0.735528784,401.0,1135.0
0.8052600136359681,0.0,0.33102341,0.691916164,401.0,1135.0
0.7904452605363296,0.0,0.322353531,0.640928846,401.0,1135.0
0.7520892881413026,0.0,0.303637621,0.563124356,401.0,1135.0
0.7165304367302101,0.0,0.275998455,0.471419401,401.0,1135.0
0.6426480662619409,0.0,0.242919664,0.394877308,401.0,1135.0
0.6110446811384211,0.0,0.1995328215,0.300798,401.0,1135.0
0.6041136473364161,0.0,0.174697587,0.22158967499999999,401.0,1135.0
0.6158155417234833,0.0,0.1525293885,0.190694398,401.0,1135.0
0.6232874555637888,0.0,0.148772152,0.158275653,401.0,1135.0
0.6557435351365356,0.019410304,0.145803498,0.157880206,401.0,1135.0
0.693455289046631,0.220795541,0.120014836,0.185452579,401.0,1135.0
0.7089402970194493,0.405383106,0.105248769,0.219509614,401.0,1135.0
0.7054731067497385,0.568265206,0.108264453,0.255914734,401.0,1135.0
0.7029509852034908,0.685273133,0.096418991,0.264732455,401.0,1135.0
0.6988558725473468,0.702567359,0.098670449,0.320447414,401.0,1135.0
0.6957250789995038,0.6402302665,0.100909007,0.398572861,401.0,1135.0
0.695391636431413,0.552106947,0.108003295,0.470649545,401.0,1135.0
0.6949537250568417,0.433332226,0.109811094,0.489289839,401.0,1135.0
0.6949389529623323,0.288208442,0.100464048,0.471536732,401.0,1135.0
0.7024050500294425,0.10832556,0.107844446,0.468778577,401.0,1135.0
0.7002669658229561,0.0,0.124285687,0.464477266,401.0,1135.0
0.6898083132995874,0.0,0.145503203,0.47155333099999996,401.0,1135.0
0.6641184157396253,0.0,0.170916705,0.517754991,401.0,1135.0
0.6399110281394016,0.0,0.1763236645,0.5762088855,401.0,1135.0
0.6144062021825563,0.0,0.1750546615,0.622903181,401.0,1135.0
0.6208520066159124,0.0,0.16513073150000002,0.6351460339999999,401.0,1135.0
0.6244418084515488,0.0,0.154921731,0.6180631405,401.0,1135.0
0.6583210536610832,0.018842083,0.141706807,0.598073005,401.0,1135.0
0.6945942004990265,0.252360244,0.11256788,0.582008508,401.0,1135.0
0.707826268198183,0.457695899,0.064127437,0.530126653,401.0,1135.0
0.7043468908013693,0.630850006,0.056124112,0.479953068,401.0,1135.0
0.697309380004615,0.758031054,0.048308491,0.450649695,401.0,1135.0
0.6915109554381875,0.821153241,0.058753562,0.438724496,401.0,1135.0
0.6888005309470028,0.757745971,0.064088084,0.40222501,401.0,1135.0
0.6894357011843562,0.643122496,0.060969153,0.379394636,401.0,1135.0
0.6888747625943563,0.484612499,0.054232847,0.364536118,401.0,1135.0
0.691062518606587,0.299150089,0.047375904,0.358998023,401.0,1135.0
0.695439278043525,0.082958022,0.055718257,0.363904873,401.0,1135.0
0.693383319577164,0.0,0.069571709,0.380687348,401.0,1135.0
0.6814541602907864,0.0,0.083621661,0.4173575805,401.0,1135.0
0.6682921690364405,0.0,0.1021834345,0.44443422850000003,401.0,1135.0
0.6378097601323571,0.0,0.1141139855,0.4866193615,515.5,1460.5
0.6296103946073046,0.0,0.1215231645,0.5225407485,630.0,1786.0
0.6875749702272236,0.0,0.140949919,0.538000844,630.0,1786.0
0.8042583480453603,0.0,0.162040324,0.563774152,630.0,1786.0
0.8564511366245847,0.008055238,0.176778147,0.596831486,630.0,1786.0
0.8791765455090121,0.087535621,0.183663949,0.617006063,630.0,1786.0
0.8732485391777509,0.207001966,0.169833182,0.652789217,630.0,1786.0
0.8644110956915595,0.313856541,0.208205157,0.6826058,630.0,1786.0
0.8602462757438353,0.384236664,0.219026911,0.711289594,630.0,1786.0
0.858936373337192,0.4324320985,0.292738623,0.748933815,630.0,1786.0
0.8618681999553284,0.385870559,0.371623379,0.7815313429999999,630.0,1786.0
0.8636329555466435,0.303711559,0.388521382,0.816085989,630.0,1786.0
0.8677243750134571,0.193919315,0.363697639,0.821793499,630.0,1786.0
0.8674793366736347,0.061444921,0.349078457,0.817438798,630.0,1786.0
0.8504532374143396,0.0,0.325632586,0.801972698,630.0,1786.0
0.8007388078773912,0.0,0.2946051285,0.7449690355,630.0,1786.0
0.7411356889259767,0.0,0.268957795,0.65751536,630.0,1786.0
0.6689342866388234,0.0,0.261072374,0.613923612,630.0,1786.0
0.6376298591931467,0.0,0.27287356549999997,0.710114566,630.0,1786.0
0.6525449728901046,0.0,0.29780601149999997,0.8081286275,630.0,1786.0
0.762650217551354,0.0,0.3371167525,0.8855955165,630.0,1786.0
0.8557745571978174,0.008998592,0.376465934,0.914216627,630.0,1786.0
0.8821116500646636,0.099511117,0.406911513,0.921355444,630.0,1786.0
0.877567085148697,0.143817688,0.443965348,0.928580287,630.0,1786.0
0.8754661634941444,0.172848124,0.512487739,0.932888014,630.0,1786.0
0.8723223055873106,0.14367998650000002,0.5748775765,0.9275561194999999,630.0,1786.0
0.8634386978973017,0.1179701525,0.657173814,0.9198185255,630.0,1786.0
0.857732924859435,0.0900442735,0.673765666,0.911611935,630.0,1786.0
0.8549552391849297,0.051133,0.664135968,0.904745745,630.0,1786.0
0.8526337462384622,0.022088872,0.660300793,0.893636501,630.0,1786.0
0.8361177584818356,0.0,0.644880209,0.878769865,630.0,1786.0
0.7971767045640452,0.0,0.6371951419999999,0.894907042,630.0,1786.0
0.7410692128436543,0.0,0.640069848,0.91407081,630.0,1786.0
0.6722378719352596,0.0,0.606200009,0.897520099,630.0,1786.0
0.6342341998763809,0.0,0.6350203105000001,0.9134178465,630.0,1786.0
0.6243327922565723,0.0,0.637056734,0.9203192410000001,630.0,1786.0
0.683130858205169,0.0,0.6263218185,0.9075358410000001,630.0,1786.0
0.8216430492279503,0.0022078475,0.6100172285000001,0.862444778,630.0,1786.0
0.8712428072909084,0.107393458,0.577686785,0.818642825,630.0,1786.0
0.8639428082987143,0.225760221,0.535416345,0.78576992,630.0,1786.0
0.8559132340710488,0.345502083,0.590187,0.740222118,630.0,1786.0
0.8495739064004577,0.46199068899999995,0.5239281634999999,0.6585376255,630.0,1786.0
0.8427644454051685,0.446460616,0.545699448,0.6925831875,630.0,1786.0
0.8383986276712933,0.370760024,0.506796438,0.706982923,630.0,1786.0
0.8391704889966604,0.287618735,0.423349958,0.716466375,630.0,1786.0
0.8423740828490073,0.175761461,0.338468431,0.722237616,630.0,1786.0
0.8470187317376402,0.042183105,0.286479039,0.702891414,630.0,1786.0
0.8377655353500473,0.0,0.243493456,0.663602252,630.0,1786.0
0.7983029665778594,0.0,0.20759468450000002,0.6336874655,630.0,1786.0
0.7078835348370108,0.0,0.188338084,0.620828612,630.0,1786.0
0.638072132998482,0.0,0.16520410000000002,0.5381762375,630.0,1786.0
0.6268015484763394,0.0,0.147511997,0.4605250955,630.0,1786.0
0.6838157697772616,0.0,0.140078404,0.46248872350000003,630.0,1786.0
0.7968280739868178,0.0,0.139700972,0.474482571,630.0,1786.0
0.8478186605065434,0.00608504,0.132717957,0.45978873,630.0,1786.0
0.8719184634203433,0.105644248,0.127964242,0.443056324,630.0,1786.0
0.8649314555957762,0.200260785,0.11413649,0.451336841,630.0,1786.0
0.856579287377975,0.319041563,0.118171354,0.499809549,630.0,1786.0
0.8471950775512923,0.431090928,0.098152765,0.454560261,630.0,1786.0
0.8416265964406583,0.477813378,0.123167078,0.550095056,630.0,1786.0
0.8340842362069378,0.509415268,0.1488673535,0.6578134355,630.0,1786.0
0.8284217650185951,0.40384525,0.139741548,0.697976193,630.0,1786.0
0.8264260972715214,0.299995759,0.126105482,0.709610801,630.0,1786.0
0.8280326028152475,0.189609571,0.121413572,0.700825838,630.0,1786.0
0.8332689805697511,0.044760802,0.129352105,0.700237345,630.0,1786.0
0.8300017726579692,0.0,0.138619358,0.68915056,630.0,1786.0
0.7969028597451333,0.0,0.150358814,0.680069308,630.0,1786.0
0.7411637563695128,0.0,0.167115958,0.699907871,630.0,1786.0
0.6728532373454071,0.0,0.183329758,0.741501369,630.0,1786.0
0.6348295072319383,0.0,0.187165477,0.7446927320000001,630.0,1786.0
0.6257398697521752,0.0,0.18290419,0.7138055784999999,630.0,1786.0
0.684002664610915,0.0,0.16795537700000002,0.6520212514999999,630.0,1786.0
0.8242236606328588,0.003384733,0.1648577585,0.6091138064999999,630.0,1786.0
0.870614977698177,0.20746964,0.16027101,0.607180559,630.0,1786.0
0.8525694859371757,0.401089725,0.107331249,0.590358984,630.0,1786.0
0.8376066387292006,0.580911317,0.083465968,0.570159001,630.0,1786.0
0.8306523148348326,0.715809716,0.065961239,0.500908726,630.0,1786.0
0.8247186769200923,0.8078428195,0.068846008,0.42593672400000004,630.0,1786.0
0.8192917801082098,0.7261508225,0.075363283,0.35166930900000004,630.0,1786.0
0.8170627534343057,0.519479821,0.081169559,0.303513685,630.0,1786.0
0.8168074666929351,0.316424952,0.107615881,0.289450232,630.0,1786.0
0.8175958545765871,0.053341606,0.161666086,0.290177036,630.0,1786.0
0.8118829725469467,0.0,0.205286888,0.283819544,630.0,1786.0
0.7898684883581535,0.0,0.2302506595,0.27780451949999996,630.0,1786.0
0.7419123509997859,0.0,0.234201864,0.253610935,630.0,1786.0
0.6389717762554152,0.0,0.218417908,0.2129655525,630.0,1786.0
0.5943681584550023,0.0,0.1948899755,0.1575803935,630.0,1786.0
0.592022036767602,0.0,0.176917078,0.131552204,630.0,1786.0
0.6067515021485868,0.0,0.160661638,0.09743207549999999,630.0,1786.0
0.648982015311312,0.0028903225,0.1658459825,0.1031493245,630.0,1786.0
0.6966339087997715,0.201655736,0.170258113,0.101956367,630.0,1786.0
0.7097648777608516,0.406384461,0.123924257,0.088453763,630.0,1786.0
0.7025987542306347,0.581573798,0.085761971,0.073420136,630.0,1786.0
0.6987963672604638,0.702980768,0.069114434,0.040419291,630.0,1786.0
0.6968016224793165,0.7760726554999999,0.07662546049999999,0.050451107499999995,630.0,1786.0
0.6957052745037038,0.726241046,0.080923131,0.071435076,630.0,1786.0
0.6973116415196894,0.610597492,0.080197007,0.087903671,630.0,1786.0
0.6965320710261419,0.445303376,0.071718639,0.121140727,630.0,1786.0
0.696891872639438,0.247346852,0.082468411,0.201992149,630.0,1786.0
0.6945470208669869,0.033376868,0.109197213,0.298703559,630.0,1786.0
0.6878508457368768,0.0,0.136687148,0.392498621,630.0,1786.0
0.6829566354782726,0.0,0.1609163635,0.568550187,630.0,1786.0
0.6626447240316469,0.0,0.1884021545,0.6870379565,630.0,1786.0
0.60743327457603,0.0,0.208607718,0.7065085445,630.0,1786.0
0.5888013619808833,0.0,0.242483821,0.768051338,630.0,1786.0
0.6047772081050911,0.0,0.28802014600000003,0.803564368,630.0,1786.0
0.6464456290532599,0.001776638,0.2769193115,0.779638142,630.0,1786.0
0.6986366858700249,0.127651594,0.227537396,0.654536483,630.0,1786.0
0.7289470645304005,0.257353297,0.196694403,0.546933689,630.0,1786.0
0.7307897916866566,0.384692965,0.186111416,0.444298558,630.0,1786.0
0.7244555653498203,0.522884976,0.130146308,0.2859224175,630.0,1786.0
0.7202887602796904,0.5383955935,0.10516602550000001,0.1782328975,630.0,1786.0
0.7221269395503416,0.44339186,0.095785993,0.106134807,630.0,1786.0
0.7249527278228131,0.35192386,0.08958285,0.070739875,630.0,1786.0
0.7257430550948321,0.197032536,0.09032443,0.042881244,630.0,1786.0
0.73384990791733,0.027495391,0.10266702,0.022288799,630.0,1786.0
0.7299656265284759,0.0,0.11375488,0.016084936,630.0,1786.0
0.7147538396683311,0.0,0.104895014,0.033329541500000004,630.0,1786.0
0.6874573673007727,0.0,0.0830452965,0.1717834195,630.0,1786.0
0.6642851833542401,0.0,0.0766685215,0.35430100350000004,630.0,1786.0
0.6623761419743901,0.0,0.08499849200000001,0.47422352349999997,630.0,1786.0
0.7237487487639257,0.0,0.0958029195,0.5401478470000001,630.0,1786.0
0.847088023777405,0.001800707,0.108825057,0.6109466244999999,630.0,1786.0
0.8886679479687287,0.147588182,0.101327271,0.641166502,630.0,1786.0
0.880097055053678,0.31448205,0.072594265,0.628533809,630.0,1786.0
0.8689921298579454,0.457991663,0.063443957,0.62817536,630.0,1786.0
0.8564882521168554,0.567570934,0.055413447,0.623676322,630.0,1786.0
0.8453488885271481,0.6563456430000001,0.06159158049999999,0.667153914,630.0,1786.0
0.8337501937938465,0.5496362815,0.06669826849999999,0.6443791095,630.0,1786.0
0.8310688989026769,0.363683908,0.064641069,0.626625121,630.0,1786.0
0.8393542218517852,0.210217624,0.067688347,0.630164933,630.0,1786.0
0.8498120203416917,0.024028888,0.080908354,0.628340206,630.0,1786.0
0.8342922051199342,0.0,0.09375768649999999,0.5949612375,630.0,1786.0
0.7580208955310046,0.0,0.093161625,0.5431142465000001,630.0,1786.0
0.668828570916975,0.0,0.0988353265,0.6280096479999999,630.0,1786.0
0.6408741468617483,0.0,0.089930534,0.6113646685,630.0,1786.0
0.6622809750405587,0.0,0.082324319,0.6017873635,630.0,1786.0
0.7326869913970991,0.0,0.07977734,0.574522352,630.0,1786.0
0.8384352815148977,0.001554667,0.08733392849999999,0.574529441,630.0,1786.0
0.8842531040081487,0.113338636,0.08943014,0.594620292,630.0,1786.0
0.8751041460998125,0.241079846,0.073830211,0.624717418,630.0,1786.0
0.8598944139573499,0.375992396,0.055618615,0.629382547,630.0,1786.0
0.8363403612930068,0.5665442169999999,0.056923529,0.589277155,630.0,1786.0
0.8240841532559966,0.6295870219999999,0.0572421405,0.5404772875,630.0,1786.0
0.8186334823663151,0.4478154485,0.053390674,0.475950149,630.0,1786.0
0.8191092018718596,0.190699453,0.061001891,0.465259039,630.0,1786.0
0.8238128476704524,0.019229919,0.079851585,0.49113283,630.0,1786.0
0.8141342040908719,0.0,0.10573781,0.49657159100000003,630.0,1786.0
0.759001787594441,0.0,0.125828345,0.45660693249999995,630.0,1786.0
0.6582222396696475,0.0,0.129858641,0.3933279455,630.0,1786.0
0.6238374991458422,0.0,0.098290829,0.27477012,630.0,1786.0
0.6427388938308715,0.0,0.081855432,0.13862636150000002,630.0,1786.0
0.7543181308848336,0.0,0.088410607,0.0869719835,630.0,1786.0
0.850625798570584,0.002826552,0.109260706,0.141823819,630.0,1786.0
0.8722949765165156,0.185837246,0.121381036,0.199980889,630.0,1786.0
0.8527823937949487,0.370312644,0.103028581,0.231984766,630.0,1786.0
0.8340621698646573,0.55041408,0.079638269,0.246935667,630.0,1786.0
0.8272870551324533,0.695597773,0.075401461,0.275251583,630.0,1786.0
0.8254509295852658,0.786177381,0.095075169,0.289591842,630.0,1786.0
0.8218533721183168,0.7823836875,0.1462933455,0.336393883,630.0,1786.0
0.8190936907417969,0.651740832,0.210161629,0.408767995,630.0,1786.0
0.8181155689017643,0.48709245,0.24715972,0.543784813,630.0,1786.0
0.8165796939469511,0.283461772,0.338530675,0.695216858,630.0,1786.0
0.8125432096772085,0.02065124,0.423784114,0.79386556,630.0,1786.0
0.8030032423080475,0.0,0.469971091,0.838748356,630.0,1786.0
0.7794280005333118,0.0,0.48783895099999997,0.8647666395,630.0,1786.0
0.7361227444862752,0.0,0.472063672,0.874954126,630.0,1786.0
0.6696530132300587,0.0,0.472257481,0.881813731,630.0,1786.0
0.6309032624432865,0.0,0.42964244,0.8672478975,630.0,1786.0
0.6201077281852554,0.0,0.40934231200000004,0.8423864409999999,630.0,1786.0
0.6752249801360997,0.0,0.40061157049999996,0.8424341385,630.0,1786.0
0.8095435674333835,0.001286193,0.396330631,0.8628065695,630.0,1786.0
0.8418070052928235,0.207368673,0.363351174,0.875624296,630.0,1786.0
0.8333951932603987,0.400512526,0.283281004,0.857577821,630.0,1786.0
0.8299845998578327,0.555911949,0.214949814,0.813490404,630.0,1786.0
0.8254764120613955,0.673187224,0.137806104,0.699892219,630.0,1786.0
0.826173764683928,0.758598167,0.136053912,0.629495944,630.0,1786.0
0.8220696964413452,0.745973804,0.149493331,0.5741959944999999,630.0,1786.0
0.8187758053692139,0.601171104,0.16681574,0.627625647,630.0,1786.0
0.8179585188755827,0.436147319,0.17914888,0.706955298,630.0,1786.0
0.8166732220445874,0.243771475,0.228997365,0.753341568,630.0,1786.0
0.8114585407831816,0.013615803,0.284711315,0.784596052,630.0,1786.0
0.7947554971626883,0.0,0.3302908765,0.8012333645,630.0,1786.0
0.7486335698243789,0.0,0.3308746185,0.819640666,630.0,1786.0
0.6694445369343572,0.0,0.355197501,0.85018483,630.0,1786.0
0.6306511841435766,0.0,0.317592975,0.820677272,630.0,1786.0
0.6199182020204854,0.0,0.2934462095,0.8282842930000001,630.0,1786.0
0.6753204932898603,0.0,0.26494481400000003,0.832271829,630.0,1786.0
0.8100916723230227,0.0009322475,0.2466307875,0.824143752,630.0,1786.0
0.8435750845556923,0.187383534,0.224202239,0.811187682,630.0,1786.0
0.8333711875297514,0.372407207,0.17900372,0.796828864,630.0,1786.0
0.8276837879762408,0.544528714,0.123842023,0.7776187,630.0,1786.0
0.8254764120613955,0.669527929,0.092156624,0.693364902,630.0,1786.0
0.8250087709104019,0.7521432455,0.1085949235,0.677653294,630.0,1786.0
0.821248624296088,0.71516093,0.120307559,0.653427453,630.0,1786.0
0.8196242069166721,0.599767647,0.119227324,0.645209994,630.0,1786.0
0.8176851360367432,0.430394437,0.11870643,0.657123945,630.0,1786.0
0.8174691805686793,0.237170336,0.141024745,0.675212968,630.0,1786.0
0.8114146851541016,0.008887695,0.191074073,0.718214912,630.0,1786.0
0.7935926270393086,0.0,0.24937443450000002,0.7804960915000001,630.0,1786.0
0.7476584253365487,0.0,0.286289856,0.8178162205,630.0,1786.0
0.6360011023825488,0.0,0.284473132,0.845305547,630.0,1786.0
0.5900959610159342,0.0,0.238430345,0.8142601389999999,630.0,1786.0
0.591292946312941,0.0,0.20829594299999998,0.796003891,630.0,1786.0
0.6155269708092257,0.0,0.198903865,0.7881279175,630.0,1786.0
0.6592785403691227,0.001635176,0.215166743,0.792851168,630.0,1786.0
0.6830208957795592,0.193149741,0.216413231,0.799822461,630.0,1786.0
0.6992572218777974,0.400561187,0.187502063,0.800915115,630.0,1786.0
0.6978920614845632,0.577451088,0.130782331,0.788249622,630.0,1786.0
0.6965137436072306,0.704357662,0.100722453,0.739610126,630.0,1786.0
0.6992726866110092,0.7798007520000001,0.11955401500000001,0.7344396915,630.0,1786.0
0.702931296037006,0.6828169934999999,0.158344541,0.7506298765,630.0,1786.0
0.7012985918486161,0.466749139,0.195713523,0.801648646,630.0,1786.0
0.6977175616027642,0.2613141,0.269054499,0.838137812,630.0,1786.0
0.693322706068357,0.009730699,0.345558395,0.866111544,630.0,1786.0
0.6843433081028252,0.0,0.395208273,0.886332346,630.0,1786.0
0.6807183065671722,0.0,0.406300737,0.8969682425,630.0,1786.0
0.6609515916567287,0.0,0.377834666,0.887408201,630.0,1786.0
0.6068465306540994,0.0,0.334399461,0.8524448995,630.0,1786.0
0.5874173664877673,0.0,0.318438499,0.808069049,630.0,1786.0
0.5954424630547759,0.0,0.315395825,0.765722368,630.0,1786.0
0.6160954568743806,0.0,0.32546143,0.735664859,630.0,1786.0
0.6600849785499238,0.001383016,0.329048894,0.740366541,630.0,1786.0
0.6846197378891434,0.200104531,0.316029687,0.765949267,630.0,1786.0
0.7006891818056856,0.417856333,0.270520509,0.779362933,630.0,1786.0
0.6985717329300359,0.597300771,0.21647291,0.783100789,630.0,1786.0
0.6976727826763517,0.724208582,0.177089882,0.738013385,630.0,1786.0
0.6971743041898242,0.7970043235,0.211173756,0.752361335,630.0,1786.0
0.6982290583828377,0.746632683,0.24543077,0.752575855,630.0,1786.0
0.698732983859659,0.629635079,0.256263715,0.736913931,630.0,1786.0
0.698542511530537,0.455306583,0.274154955,0.742267494,630.0,1786.0
0.6961031155694153,0.249068531,0.320355802,0.736218065,630.0,1786.0
0.6892355799672807,0.0034712145,0.3714906165,0.6963112155,630.0,1786.0
0.6812913398219793,0.0,0.378363311,0.597773557,630.0,1786.0
0.6698281822207286,0.0,0.346421412,0.5022505580000001,630.0,1786.0
0.6305705126464608,0.0,0.2826682655,0.39919294299999997,630.0,1786.0
0.6197558203333251,0.0,0.228135303,0.2975692005,630.0,1786.0
0.6744252585291355,0.0,0.2168983935,0.2666537105,630.0,1786.0
0.8085915282458874,0.000549538,0.21545108200000002,0.3210658255,630.0,1786.0
0.8418070052928235,0.185251563,0.201243345,0.360747913,630.0,1786.0
0.8326227778240696,0.383601653,0.151415501,0.360759359,630.0,1786.0
0.8277343837421298,0.550194336,0.096271041,0.338290928,630.0,1786.0
0.8254764120613955,0.663393537,0.063821846,0.287963571,630.0,1786.0
0.8249710091762796,0.7332135184999999,0.065770305,0.269283893,630.0,1786.0
0.8196252223448943,0.6354167079999999,0.0730252935,0.23385978400000001,630.0,1786.0
0.8179082922960643,0.409681375,0.079420292,0.218364063,630.0,1786.0
0.8164415711846815,0.213791587,0.103165014,0.220137234,630.0,1786.0
0.8136615772668447,0.005854778,0.12558154,0.212684276,630.0,1786.0
0.8014009837332077,0.0,0.1253775805,0.2111703715,630.0,1786.0
0.7550548383105041,0.0,0.106211447,0.200465744,630.0,1786.0
0.6703616760792124,0.0,0.092766191,0.214718357,630.0,1786.0
0.6323962510655161,0.0,0.07316350199999999,0.19250840749999998,630.0,1786.0
0.6234128368560092,0.0,0.055542219500000004,0.14082919900000002,630.0,1786.0
0.6827894757108459,0.0,0.046917353499999995,0.11808638,630.0,1786.0
0.821310068639932,0.0,0.0456843215,0.1680677155,630.0,1786.0
0.8643829354543215,0.15884293,0.044866449,0.195658691,630.0,1786.0
0.8467020467178706,0.349993123,0.034550621,0.203720544,630.0,1786.0
0.8316112330182843,0.508512598,0.018053604,0.184211551,630.0,1786.0
0.8261834589745142,0.640804416,0.010490724,0.135287223,630.0,1786.0
0.824438969196259,0.7130880104999999,0.012118344999999999,0.1423197405,630.0,1786.0
0.8197574358053916,0.5949353995,0.0152198895,0.1459188315,630.0,1786.0
0.8173703897425284,0.388612541,0.019194065,0.137927111,630.0,1786.0
0.8165122945672962,0.210500129,0.027469634,0.129738567,630.0,1786.0
0.8180938717458545,0.004836126,0.037551625,0.143020254,630.0,1786.0
0.8071947454161211,0.0,0.046301596,0.229619442,630.0,1786.0
0.7569244554245022,0.0,0.05906061950000001,0.351832527,630.0,1786.0
0.6571359323371126,0.0,0.06404676649999999,0.335147869,630.0,1786.0
0.6225572340533252,0.0,0.058455868,0.293310167,630.0,1786.0
0.641454820219709,0.0,0.046303792999999996,0.26995317350000003,630.0,1786.0
0.7104699859484154,0.0,0.036860345,0.263445305,630.0,1786.0
0.8213411366340959,0.0,0.033647631,0.23072665850000001,630.0,1786.0
0.8723649608635767,0.125951336,0.030795327,0.206554719,630.0,1786.0
0.8558844275919593,0.27799217,0.023985871,0.195073368,630.0,1786.0
0.8390294120806138,0.44768856,0.012242535,0.174295935,630.0,1786.0
0.8307743723560774,0.594540467,0.00681647,0.127934865,630.0,1786.0
0.8272614798626217,0.691326367,0.00649737,0.120213892,630.0,1786.0
0.8213965798766841,0.670089214,0.008234193,0.113797724,630.0,1786.0
0.8187599250527805,0.5225582,0.012243199,0.094314357,630.0,1786.0
0.817449237876545,0.364825474,0.019383875,0.079508348,630.0,1786.0
0.8222789114411939,0.18814366,0.040088498,0.065803389,630.0,1786.0
0.8274827901900897,0.003748594,0.064851946,0.058562268,630.0,1786.0
0.81462714312481,0.0,0.0754186805,0.06271429449999999,630.0,1786.0
0.7588176855529456,0.0,0.06252738050000001,0.074483093,630.0,1786.0
0.6583332641191739,0.0,0.051367827,0.126926723,630.0,1786.0
0.6241760656164413,0.0,0.056220881,0.216573079,630.0,1786.0
0.6239819923283005,0.0,0.0695523395,0.331043747,630.0,1786.0
0.6827329709745906,0.0,0.088943752,0.4306029525,630.0,1786.0
0.8212706445729236,0.0,0.10037654,0.46336346250000005,630.0,1786.0
0.869737862465331,0.082163149,0.104894186,0.482443873,630.0,1786.0
0.8606382999700702,0.185355441,0.101064459,0.486085566,630.0,1786.0
0.8497863529409705,0.300720594,0.088724356,0.503565581,630.0,1786.0
0.8443578405244591,0.419929842,0.087415081,0.443484953,630.0,1786.0
0.8377859854248866,0.4641958985,0.10078896,0.4190661875,630.0,1786.0
0.83182317151328,0.4045954635,0.12361166300000001,0.393719973,630.0,1786.0
0.8339803675768638,0.272513931,0.138563012,0.40670125,630.0,1786.0
0.836673665001951,0.145532058,0.162810832,0.438178125,630.0,1786.0
0.8381176735292016,0.002685868,0.189865166,0.436648961,630.0,1786.0
0.8179249573820897,0.0,0.2031247595,0.3909923515,630.0,1786.0
0.758142814855915,0.0,0.19557527,0.3520666005,630.0,1786.0
0.6717054163720175,0.0,0.150412484,0.268913957,630.0,1786.0
0.6342409398143463,0.0,0.137296121,0.22393494600000002,630.0,1786.0
0.6254162603669579,0.0,0.10722688,0.160029843,630.0,1786.0
0.684002664610915,0.0,0.09022856900000001,0.1196930795,630.0,1786.0
0.8240552085805726,0.0,0.080114837,0.0916636305,630.0,1786.0
0.8763410629459546,0.080849689,0.068414313,0.081455044,630.0,1786.0
0.8735744571708466,0.178732777,0.044669903,0.070915346,630.0,1786.0
0.8647486467007959,0.275982058,0.035079884,0.058206129,630.0,1786.0
0.8590400113086358,0.370946592,0.02779142,0.040903166,630.0,1786.0
0.8467931744412858,0.416915545,0.024584724500000002,0.026910071,630.0,1786.0
0.8374942754985417,0.3487784685,0.023303357,0.025651522500000003,630.0,1786.0
0.838788805302863,0.205813724,0.025196128,0.020705982,630.0,1786.0
0.8478839362360522,0.100010642,0.034761739,0.026719483,630.0,1786.0
0.8553952742096472,0.001844743,0.049381862,0.028928665,630.0,1786.0
0.8346614703651862,0.0,0.053081896,0.0367679145,630.0,1786.0
0.7576712266585355,0.0,0.046055453499999996,0.0565666335,630.0,1786.0
0.6609036963864048,0.0,0.034624604,0.090566362,630.0,1786.0
0.6265408144464097,0.0,0.0333927305,0.140777561,630.0,1786.0
0.6174659955905692,0.0,0.042371416999999995,0.23851057850000001,630.0,1786.0
0.6301129123705296,0.0,0.051530244,0.301349403,630.0,1786.0
0.6677688542162128,0.0,0.0660358145,0.31038596549999997,630.0,1786.0
0.727801644262638,0.072393767,0.066104544,0.308725644,630.0,1786.0
0.7495245113187884,0.171974763,0.057598038,0.314356908,630.0,1786.0
0.7385377655303789,0.283532565,0.053271028,0.335050278,630.0,1786.0
0.7285826003649967,0.45559467649999996,0.059014921,0.311388629,630.0,1786.0
0.7196800650796696,0.4469851285,0.07749001999999999,0.28048008700000004,630.0,1786.0
0.7218358761972545,0.367858371,0.080849453,0.238248604,630.0,1786.0
0.7250189268496544,0.252825407,0.07683425,0.194100349,630.0,1786.0
0.7325951256323489,0.133880541,0.085204832,0.18036017,630.0,1786.0
0.7381381938621294,0.0009560925,0.1038790275,0.1968779175,630.0,1786.0
0.7163891291555335,0.0,0.10248230950000001,0.16739031199999999,630.0,1786.0
0.6749637843580818,0.0,0.08713552150000001,0.1654637235,630.0,1786.0
0.6391211859133181,0.0,0.078846294,0.196766932,630.0,1786.0
0.6186892020347126,0.0,0.066111788,0.2110001395,630.0,1786.0
0.6230096639304753,0.0,0.059706143,0.2342496295,630.0,1786.0
0.6430946333004508,0.0,0.0552920445,0.2714410865,630.0,1786.0
0.6869116866465922,0.0,0.049652525,0.314991019,630.0,1786.0
0.7280964014678677,0.070952829,0.046816573,0.346397451,630.0,1786.0
0.7457949707185663,0.185842887,0.038567179,0.364203662,630.0,1786.0
0.7357604493736503,0.304087958,0.035609919,0.402586105,630.0,1786.0
0.7238757230257399,0.401036441,0.041648171,0.443135038,630.0,1786.0
0.714292454138461,0.490347835,0.0590647255,0.5088037315,630.0,1786.0
0.7089786360629591,0.43743140300000005,0.0688250495,0.5622852380000001,630.0,1786.0
0.7116445818816379,0.285130368,0.069412605,0.582790581,630.0,1786.0
0.719606387543278,0.145738053,0.078222132,0.594092783,630.0,1786.0
0.7343808396754266,0.00152646,0.100077414,0.606600913,630.0,1786.0
0.725657443956987,0.0,0.1251413485,0.6036526015,630.0,1786.0
0.6976154467736535,0.0,0.14247684500000002,0.5673820055000001,630.0,1786.0
0.6768804429077852,0.0,0.123764704,0.573493533,630.0,1786.0
0.6383532946007782,0.0,0.125035995,0.6792629685,630.0,1786.0
0.62874934444978,0.0,0.12927539999999998,0.7949284050000001,630.0,1786.0
0.6846868144129974,0.0,0.1432479095,0.7638480165,630.0,1786.0
0.8232567104917069,0.0,0.1576111955,0.7795863190000001,630.0,1786.0
0.8729663853456578,0.077673062,0.17544115,0.79674836,630.0,1786.0
0.8717079556053854,0.188715788,0.17025829,0.781097865,630.0,1786.0
0.8673558024069075,0.266331487,0.172614587,0.755852879,630.0,1786.0
0.8632311448989328,0.339762092,0.165677993,0.708059557,630.0,1786.0
0.8603177374991912,0.347547781,0.184076505,0.665510125,630.0,1786.0
0.8546880887687882,0.33372970150000003,0.1917170235,0.625604391,630.0,1786.0
0.8497789672251219,0.266755167,0.207355935,0.65688646,630.0,1786.0
0.8547391922487882,0.184469457,0.188468397,0.572155465,630.0,1786.0
0.8614505086597782,0.0878141,0.177173739,0.615633567,630.0,1786.0
0.8658752318355359,0.0,0.181402106,0.59125844,630.0,1786.0
0.8372335875009163,0.0,0.1741058525,0.589198084,630.0,1786.0
0.7614081761730317,0.0,0.199641609,0.7279128335,630.0,1786.0
0.6878555550172416,0.0,0.232663521,0.82074737,630.0,1786.0
0.6629093127450887,0.0,0.27892183800000003,0.8845380755,630.0,1786.0
0.652868997725981,0.0,0.365217156,0.9227558265,630.0,1786.0
0.7035358132006047,0.0,0.458698868,0.9317918435,630.0,1786.0
0.8068204477695786,0.0,0.534033666,0.932067796,630.0,1786.0
0.8703502737217015,0.0089513405,0.594339687,0.9320945575,630.0,1786.0
0.881437656268115,0.05583666,0.630906812,0.927605324,630.0,1786.0
0.8762951757976183,0.09193999,0.648685766,0.927331271,630.0,1786.0
0.870282505155676,0.13860725699999998,0.6646155695,0.9299655765,630.0,1786.0
0.8603235540072616,0.15265377549999998,0.741473004,0.9299882349999999,630.0,1786.0
0.8561063841612789,0.14295736,0.758892216,0.928249437,630.0,1786.0
0.8566902653312287,0.09372877,0.78058325,0.926474049,630.0,1786.0
0.8573617662912607,0.039481084,0.793774569,0.925695635,630.0,1786.0
0.8534759617600733,0.0,0.804645591,0.92733468,630.0,1786.0
0.8265767760158584,0.0,0.8033111525000001,0.9289118035,630.0,1786.0
0.7591236601910946,0.0,0.7955480420000001,0.9331721285,630.0,1786.0
0.6580360142762712,0.0,0.786815296,0.9316550219999999,630.0,1786.0
0.6221583774268291,0.0,0.8020689335,0.9304333090000001,630.0,1786.0
0.6397821153177357,0.0,0.80250398,0.9347835495,630.0,1786.0
0.75151727097753,0.0,0.7717796265000001,0.933858557,630.0,1786.0
0.851652254330025,0.010282717,0.7305079225,0.9288922365,630.0,1786.0
0.8604258534295576,0.066814068,0.67690749,0.917251822,630.0,1786.0
0.8558009629712797,0.123755343,0.66177905,0.903324915,630.0,1786.0
0.8526483340711923,0.150517351,0.57623367,0.836023835,630.0,1786.0
0.8499914134342286,0.198894941,0.5945291145,0.8086676395,630.0,1786.0
0.8471208459039387,0.172381021,0.571538054,0.802149309,630.0,1786.0
0.8469993424936557,0.142802226,0.51207665,0.796220633,630.0,1786.0
0.8488319591132921,0.097014861,0.434172139,0.788462437,630.0,1786.0
0.8564689556665728,0.022957413,0.385156876,0.749553967,630.0,1786.0
0.8546860108526807,0.0,0.349796696,0.714892365,630.0,1786.0
0.8295496426370382,0.0,0.326430471,0.701545634,630.0,1786.0
0.7583547994163553,0.0,0.333577754,0.7158764765,630.0,1786.0
0.6726578250772903,0.0,0.330180692,0.760874312,630.0,1786.0
0.6341757332161455,0.0,0.3873136725,0.8051170565000001,630.0,1786.0
0.6235457428889277,0.0,0.45881085,0.7906842905,630.0,1786.0
0.6817309821636354,0.0,0.4963160985,0.8115846849999999,630.0,1786.0
0.8170341318798073,0.0,0.524781604,0.7965273749999999,630.0,1786.0
0.8649201917660058,0.011355568,0.525468606,0.778257977,630.0,1786.0
0.8651229440159325,0.049027187,0.529189337,0.767196928,630.0,1786.0
0.8630708636634932,0.11667229,0.550013127,0.750642431,630.0,1786.0
0.8622984482271642,0.182888167,0.528892205,0.741082962,630.0,1786.0
0.8603398038414716,0.19422763199999998,0.539978285,0.7312035619999999,630.0,1786.0
0.8566007999406995,0.199037018,0.4954312725,0.724672293,630.0,1786.0
0.8592597514341075,0.145146802,0.449435384,0.706895338,630.0,1786.0
0.8599534115301218,0.070259382,0.405894296,0.683909882,630.0,1786.0
0.8553952742096472,0.0,0.374026028,0.660914225,630.0,1786.0
0.8289737934247887,0.0,0.3260475385,0.6513736,630.0,1786.0
0.7581402756225474,0.0,0.26264907000000004,0.5782031565,630.0,1786.0
0.6741929616593624,0.0,0.188223681,0.511428444,630.0,1786.0
0.635944897734497,0.0,0.1683369275,0.5918236189999999,630.0,1786.0
0.6260254399832424,0.0,0.1671142025,0.650367267,630.0,1786.0
0.6836887265498426,0.0,0.1688606615,0.6967778185,630.0,1786.0
0.7972045877458022,0.0,0.187533567,0.714423907,630.0,1786.0
0.8632019692334726,0.0156365855,0.22002098399999998,0.7478117715,630.0,1786.0
0.8752625807405869,0.090962614,0.247341108,0.798100509,630.0,1786.0
0.8736623533535977,0.17110346,0.287589017,0.832244156,630.0,1786.0
0.8705458702515974,0.24665518399999997,0.288315615,0.8468115695,630.0,1786.0
0.864750262305425,0.3040025075,0.3183952525,0.8241216474999999,630.0,1786.0
0.8632651213128351,0.253652713,0.350036645,0.789120137,630.0,1786.0
0.8663909752530895,0.178706765,0.345215911,0.780710948,630.0,1786.0
0.8693218328398546,0.028738719,0.3483981545,0.8159462195,630.0,1786.0
0.8373846360944361,0.0,0.380857248,0.8342966625,630.0,1786.0
0.7583647246969777,0.0,0.4069179825,0.8371374524999999,630.0,1786.0
0.6473620989898221,0.0,0.36985408750000004,0.8107844895,630.0,1786.0
0.6097251305066362,0.0,0.398544305,0.861114175,630.0,1786.0
0.6104678624308316,0.0,0.409113083,0.840082697,630.0,1786.0
0.6248910530191827,0.0,0.40770629700000005,0.8076182670000001,630.0,1786.0
0.6664263370438186,0.0,0.3723777455,0.742612851,630.0,1786.0
0.7280964014678677,0.014216332,0.32374518,0.668278674,630.0,1786.0
0.7585292068358588,0.132709064,0.307878381,0.612082518,630.0,1786.0
0.7576727733307003,0.257473494,0.283534918,0.553897096,630.0,1786.0
0.7521565953900677,0.303534357,0.214878641,0.489462004,630.0,1786.0
0.7470520615782849,0.333346134,0.177409979,0.433884295,630.0,1786.0
0.7437706353515496,0.293311025,0.14649996650000002,0.3779588645,630.0,1786.0
0.7475206260266111,0.229432432,0.115217685,0.363550817,630.0,1786.0
0.7569676651431365,0.164397787,0.092506937,0.378356277,630.0,1786.0
0.7656240071384603,0.054579786,0.091984995,0.429356069,630.0,1786.0
0.7719380365947008,0.0,0.100765909,0.490215121,630.0,1786.0
0.7497030271794376,0.0,0.12511499850000002,0.5462497559999999,630.0,1786.0
0.7063796283066749,0.0,0.1687539115,0.5750227915,630.0,1786.0
0.6748517213813294,0.0,0.184123798,0.468221159,630.0,1786.0
0.6479143122543259,0.0,0.227126718,0.51407929,630.0,1786.0
0.6382494025734351,0.0,0.26626014600000003,0.5808327005,630.0,1786.0
0.6389529874861031,0.0,0.305924118,0.5799548969999999,630.0,1786.0
0.6520942279808756,0.0,0.374759988,0.6290612099999999,630.0,1786.0
0.6922032766536477,0.010534907,0.410456046,0.647303702,630.0,1786.0
0.7357744373613796,0.128511647,0.431303035,0.637620861,630.0,1786.0
0.7643473434357901,0.210092992,0.466633787,0.637661356,630.0,1786.0
0.764237795831168,0.267086265,0.37773603,0.502849146,630.0,1786.0
0.762413488887525,0.285519625,0.412512377,0.528389195,630.0,1786.0
0.7592378928834378,0.2424509755,0.443718602,0.564057186,630.0,1786.0
0.76127093064265,0.176860712,0.444374681,0.640030863,630.0,1786.0
0.767956026204769,0.129638964,0.445075953,0.705955919,630.0,1786.0
0.7785954338996542,0.045129341,0.44780872,0.732392144,630.0,1786.0
0.7804002601312353,0.0,0.453676286,0.783214593,630.0,1786.0
0.7695584233073492,0.0,0.4543883915,0.83737489,630.0,1786.0
0.7297939886695641,0.0,0.44284687,0.8514017955,630.0,1786.0
0.693335494034679,0.0,0.34196275,0.8098116365,630.0,1786.0
0.6745195252314973,0.0,0.361741364,0.831430677,630.0,1786.0
0.6647342891952899,0.0,0.3533815885,0.8265813305,630.0,1786.0
0.6806040738748289,0.0,0.33857212400000003,0.8126687865,630.0,1786.0
0.7923404297217338,0.0,0.348503624,0.796915066,630.0,1786.0
0.8680388442521909,0.009802409,0.337744245,0.79759383,630.0,1786.0
0.891553287924934,0.044454127,0.368662351,0.779650121,630.0,1786.0
0.8915333452327999,0.075623223,0.389887388,0.771570846,630.0,1786.0
0.8894210669547751,0.091435497,0.304388897,0.767776488,630.0,1786.0
0.8886169369510243,0.09476205600000001,0.327303216,0.7513941184999999,630.0,1786.0
0.8875328688962162,0.064066452,0.361347537,0.806888306,630.0,1786.0
0.8874417408413949,0.050031221,0.389583303,0.838240054,630.0,1786.0
0.8902171643380136,0.017285520000000002,0.44880752,0.833536276,630.0,1786.0
0.8908857572097134,0.0,0.489746304,0.852084963,630.0,1786.0
0.873851625329906,0.0,0.5152392745,0.8789030725,630.0,1786.0
0.8045238831882789,0.0,0.54942862,0.8606599075,630.0,1786.0
0.7213284646599014,0.0,0.4285843215,0.889841009,630.0,1786.0
0.6617358018353645,0.0,0.525011991,0.923230169,630.0,1786.0
0.6460068866779485,0.0,0.5158810220000001,0.9256967700000001,630.0,1786.0
0.6976162547416711,0.0,0.5096331025,0.883980871,630.0,1786.0
0.8314538138057321,0.0158411375,0.5377329765000001,0.7824235565,630.0,1786.0
0.8823902956320178,0.105601837,0.537575948,0.693703496,630.0,1786.0
0.877567085148697,0.176235567,0.544726092,0.612381647,630.0,1786.0
0.8746192393549808,0.239083117,0.4475161,0.52116487,630.0,1786.0
0.8732555560386351,0.2966750845,0.5400943205,0.6619613245,630.0,1786.0
0.8717448404390259,0.206291682,0.631932096,0.766714223,630.0,1786.0
0.875696798925828,0.044296113500000005,0.7104113155,0.757935086,630.0,1786.0
0.874363214240869,0.0,0.7082969825000001,0.760875265,630.0,1786.0
0.8386825359671618,0.0,0.702004717,0.799649648,630.0,1786.0
0.7760637101937098,0.0,0.690193972,0.75981149,630.0,1786.0
0.7379607623621667,0.0,0.659272472,0.851462157,630.0,1786.0
0.6633481243179891,0.0,0.638142406,0.8740116005,630.0,1786.0
0.6348902128053537,0.0,0.588767388,0.885875329,630.0,1786.0
0.6595217090152763,0.0,0.521122698,0.862979049,630.0,1786.0
0.7419883371109152,0.0,0.463445743,0.839272296,630.0,1786.0
0.8430031595228092,0.0203708985,0.4107767195,0.7978095279999999,630.0,1786.0
0.8865199388130262,0.265157495,0.338207138,0.768934384,630.0,1786.0
0.8837807542396023,0.425140976,0.271646366,0.754999882,630.0,1786.0
0.8766631028251283,0.53512239,0.197711936,0.736672004,630.0,1786.0
0.8694626327004202,0.5764359035,0.1578438365,0.6707673569999999,630.0,1786.0
0.8626481863635034,0.44110988650000005,0.13963953,0.49038608100000003,630.0,1786.0
0.8640022678515586,0.21229834,0.170250356,0.457034153,630.0,1786.0
0.8727030195869243,0.0137735085,0.2543131515,0.48984467900000006,630.0,1786.0
0.8594375292534215,0.0,0.3013813705,0.543701336,630.0,1786.0
0.8005507819879352,0.0,0.2967447425,0.5682801515,630.0,1786.0
0.7384364361336726,0.0,0.265255038,0.554508598,630.0,1786.0
0.678881465845669,0.0,0.24031086299999999,0.5505591590000001,779.0,2207.0
0.6614895632090099,0.0,0.238109493,0.5948566399999999,928.0,2628.0
0.6896152556716528,0.0,0.24663401000000001,0.7155422005000001,928.0,2628.0
0.7896594576200839,0.0,0.260011296,0.756507691,928.0,2628.0
0.8981215883629168,0.011772258,0.26162836,0.778047664,928.0,2628.0
0.9254564690378553,0.198576183,0.226758003,0.767792182,928.0,2628.0
0.9092824645153486,0.301409814,0.166763537,0.73459391,928.0,2628.0
0.8997721347917201,0.324240143,0.100523099,0.659821037,928.0,2628.0
0.887652248656353,0.30585790150000003,0.09699314349999999,0.5602421785,928.0,2628.0
0.8840357639254919,0.233067317,0.108670724,0.519470587,928.0,2628.0
0.885959139413579,0.176810867,0.124200503,0.534077069,928.0,2628.0
0.8896830938329546,0.109480361,0.144164825,0.486093329,928.0,2628.0
0.9015363366034794,0.031706455,0.172346075,0.52509378,928.0,2628.0
0.9036428901729173,0.0,0.185174929,0.550519573,928.0,2628.0
0.8891475916536399,0.0,0.2403532605,0.53562519,928.0,2628.0
0.8294697790747995,0.0,0.288339721,0.585059678,928.0,2628.0
0.7516267718538951,0.0,0.331891526,0.606817213,928.0,2628.0
0.6778784613745072,0.0,0.3548804205,0.6120825035,928.0,2628.0
0.6592341767939476,0.0,0.343708957,0.7130605335,928.0,2628.0
0.6863593347880668,0.0,0.3269289315,0.794131715,928.0,2628.0
0.7853056420887203,0.0,0.318119852,0.79207999,928.0,2628.0
0.8974706763368706,0.0091290085,0.2923633015,0.7895438054999999,928.0,2628.0
0.925148093694079,0.160257198,0.249893048,0.776323261,928.0,2628.0
0.9100103774179341,0.252139056,0.209539076,0.74412012,928.0,2628.0
0.8972176521047929,0.380874608,0.169281527,0.6640590715,928.0,2628.0
0.8887727402275414,0.40512769400000004,0.1432822985,0.6439988095,928.0,2628.0
0.8876899182595857,0.309532191,0.107563889,0.595160125,928.0,2628.0
0.8956568945188506,0.197114027,0.105148865,0.518722119,928.0,2628.0
0.9110767652899007,0.048544823,0.105173443,0.488542609,928.0,2628.0
0.9262757409852981,0.0,0.107018188,0.408684506,928.0,2628.0
0.8666453390285334,0.0,0.10782875650000001,0.3113844675,928.0,2628.0
0.761549576210004,0.0,0.10657180299999999,0.257689304,928.0,2628.0
0.6874166278830418,0.0,0.113262034,0.2383383445,928.0,2628.0
0.6716785032158502,0.0,0.1002992485,0.25231032249999996,928.0,2628.0
0.6760495608112207,0.0,0.09207705399999999,0.261726933,928.0,2628.0
0.6938900613428342,0.0,0.090152153,0.2794680695,928.0,2628.0
0.7325425447440541,0.008290086,0.086795176,0.334918612,928.0,2628.0
0.7682552607061088,0.163447283,0.076634129,0.39048213,928.0,2628.0
0.7828704012970014,0.295506014,0.053906667,0.430595738,928.0,2628.0
0.7783470715568721,0.405018922,0.042082282,0.464566834,928.0,2628.0
0.7612794709772734,0.49657553349999994,0.03758532,0.46525777999999995,928.0,2628.0
0.7569509075948154,0.4395508265,0.045791407000000006,0.4520601675,928.0,2628.0
0.764755386506199,0.260176443,0.062243625,0.452134263,928.0,2628.0
0.7965907912120267,0.054416877,0.086923958,0.471328951,928.0,2628.0
0.804707616043404,0.0,0.117076807,0.477580261,928.0,2628.0
0.7962497322694575,0.0,0.148698216,0.5244822925,928.0,2628.0
0.7621457836976093,0.0,0.169663887,0.561031285,928.0,2628.0
0.7165629132002046,0.0,0.1748430295,0.593787267,928.0,2628.0
0.6873382874631364,0.0,0.162900602,0.588076203,928.0,2628.0
0.6676732562887774,0.0,0.15432221966666668,0.5653223153333333,928.0,2628.0
0.6703265225109218,0.0,0.14571355349999998,0.580140349,928.0,2628.0
0.7049433289476046,0.005119803,0.137949983,0.5855241840000001,928.0,2628.0
0.7565332156364531,0.129856381,0.127250948,0.587932208,928.0,2628.0
0.7704775936400549,0.214374683,0.099505527,0.569141437,928.0,2628.0
0.7585928672921445,0.266161319,0.074664828,0.505420014,928.0,2628.0
0.753915673001053,0.31009246,0.062891232,0.424154109,928.0,2628.0
0.746991171676809,0.33846669949999997,0.056195924499999994,0.35102127400000005,928.0,2628.0
0.7460572282553759,0.267622371,0.059530047,0.300300404,928.0,2628.0
0.7512647080627125,0.186296315,0.07561137,0.327078628,928.0,2628.0
0.7690367241911725,0.043606251,0.11125833,0.364883823,928.0,2628.0
0.7703037403315134,0.0,0.1600319725,0.4199035375,928.0,2628.0
0.747409693807396,0.0,0.175941817,0.477445794,928.0,2628.0
0.720592819059304,0.0,0.17580936,0.45202624,928.0,2628.0
0.6936998196723423,0.0,0.153158413,0.362179306,928.0,2628.0
0.6784260582186292,0.0,0.156816256,0.3497967655,928.0,2628.0
0.6591928600336886,0.0,0.16565439799999998,0.359364646,928.0,2628.0
0.6844217638520458,0.0,0.176744712,0.41209512000000004,928.0,2628.0
0.7803372923136521,0.0,0.186967963,0.425333601,928.0,2628.0
0.8938392349183149,0.004722392,0.187011826,0.41735632,928.0,2628.0
0.9161933934350849,0.117645662,0.16671515,0.397628506,928.0,2628.0
0.9031974081579058,0.193380986,0.131923937,0.382068699,928.0,2628.0
0.8873145133853374,0.305831878,0.104633321,0.342862145,928.0,2628.0
0.8760285791610327,0.3970634455,0.103527067,0.28538905800000003,928.0,2628.0
0.8676341709187805,0.3350808325,0.1154210925,0.35915424100000004,928.0,2628.0
0.8688640712354447,0.16012329,0.154519331,0.424730391,928.0,2628.0
0.8867368636438673,0.0151752335,0.2166157675,0.47567946299999997,928.0,2628.0
0.8812446911024762,0.0,0.242016785,0.45995226300000003,928.0,2628.0
0.8020163494747612,0.0,0.2520597775,0.388577755,928.0,2628.0
0.707425288054103,0.0,0.243837804,0.3813933745,928.0,2628.0
0.6621729975716517,0.0,0.22354667849999998,0.3669209035,928.0,2628.0
0.6581902942778926,0.0,0.227113605,0.39065570400000005,928.0,2628.0
0.7383864634112096,0.0,0.228666201,0.4620869705,928.0,2628.0
0.8815409714500391,0.0073204125,0.2284915735,0.4974122015,928.0,2628.0
0.8930334893099352,0.220968891,0.203517225,0.507917548,928.0,2628.0
0.8740673958733786,0.386115307,0.144226561,0.527381804,928.0,2628.0
0.8639926656918622,0.528927344,0.095959692,0.482947284,928.0,2628.0
0.8551909063550915,0.606889224,0.091299438,0.4710046825,928.0,2628.0
0.8494500486813986,0.48177970049999996,0.118792443,0.490565233,928.0,2628.0
0.8510081285062328,0.253438789,0.19328705,0.548865933,928.0,2628.0
0.8612658525073208,0.028963122,0.250532051,0.590841192,928.0,2628.0
0.8682677712855437,0.0,0.2906711865,0.622127292,928.0,2628.0
0.8357853780702242,0.0,0.2766003685,0.6457291705,928.0,2628.0
0.7749327849649758,0.0,0.251533345,0.632108898,928.0,2628.0
0.7067898414240807,0.0,0.22361510150000002,0.656453912,928.0,2628.0
0.6612774860537114,0.0,0.21865001099999998,0.631264557,928.0,2628.0
0.6589022117667138,0.0,0.222353256,0.6565279565,928.0,2628.0
0.7413489663015265,0.0,0.224734411,0.648703499,928.0,2628.0
0.8881852579991509,0.005428677,0.22707468050000001,0.6141876655,928.0,2628.0
0.9065527893079199,0.247457559,0.217350979,0.631555752,928.0,2628.0
0.8886704408052455,0.413414376,0.183302435,0.636740021,928.0,2628.0
0.8793696955992423,0.53278833,0.115097786,0.614443458,928.0,2628.0
0.8701630789986884,0.5998678655,0.12375192099999999,0.6240980575,928.0,2628.0
0.8669464201245385,0.4764341105,0.1407976935,0.6467331755,928.0,2628.0
0.8688640712354447,0.245888431,0.177681568,0.66224866,928.0,2628.0
0.8837792310972692,0.0081211845,0.210318553,0.6861681475,928.0,2628.0
0.8771742761528699,0.0,0.21524179599999999,0.703013411,928.0,2628.0
0.8021456084500755,0.0,0.212691779,0.694413426,928.0,2628.0
0.7074680593224965,0.0,0.1848290125,0.656050341,928.0,2628.0
0.6635447134422284,0.0,0.1867893255,0.6173661905000001,928.0,2628.0
0.6611733863010387,0.0,0.1915685875,0.619865304,928.0,2628.0
0.7436178326256604,0.0,0.18128450000000002,0.6029478765,928.0,2628.0
0.8952371717040439,0.002503909,0.171871452,0.5973243875,928.0,2628.0
0.9207183848452879,0.122571481,0.140736398,0.610586284,928.0,2628.0
0.9062982416021029,0.25079506,0.105418251,0.596992333,928.0,2628.0
0.8940465108612028,0.351444187,0.056927813,0.519054906,928.0,2628.0
0.8813480523498451,0.4067274295,0.052601034,0.47369396500000005,928.0,2628.0
0.8723355088054479,0.32622420399999996,0.042155025,0.3645304585,928.0,2628.0
0.8805643263554889,0.183585811,0.042756475,0.30413599,928.0,2628.0
0.9105702538514547,0.013141411,0.065532009,0.3292171315,928.0,2628.0
0.9067434465616332,0.0,0.09240857150000001,0.32482411349999996,928.0,2628.0
0.8035866164266983,0.0,0.1160649025,0.2637923095,928.0,2628.0
0.7134473765939624,0.0,0.137845775,0.256293349,928.0,2628.0
0.6756910284832024,0.0,0.1398074605,0.326820768,928.0,2628.0
0.6710842112553743,0.0,0.13509414949999998,0.38513204700000003,928.0,2628.0
0.7486657231734477,0.0,0.1418395795,0.4003770595,928.0,2628.0
0.8968515256065032,0.0014680505,0.1435129395,0.4576833275,928.0,2628.0
0.9255027253725622,0.083615417,0.139535748,0.465967865,928.0,2628.0
0.9109382733412605,0.180857273,0.138072982,0.488716823,928.0,2628.0
0.8959453271704926,0.287155191,0.132864084,0.49635832550000003,928.0,2628.0
0.8829944896746906,0.30525924299999996,0.131351838,0.5222517645,928.0,2628.0
0.8802242831725479,0.19174285,0.117662532,0.548311509,928.0,2628.0
0.8825900937281673,0.107307002,0.128511965,0.564502066,928.0,2628.0
0.8947578054060197,0.008174179,0.172536193,0.598416126,928.0,2628.0
0.8838996266170343,0.0,0.2152119035,0.664167569,928.0,2628.0
0.8024992707657812,0.0,0.25404754,0.7044172075,928.0,2628.0
0.7274993164169685,0.0,0.260939938,0.722218991,928.0,2628.0
0.6689644316007798,0.0,0.28283161,0.736641664,928.0,2628.0
0.6396636354908031,0.0,0.31055399699999997,0.7613166505,928.0,2628.0
0.6273940167423102,0.0,0.34581574849999996,0.8052236349999999,928.0,2628.0
0.6385047123475279,0.0,0.377336311,0.829545081,928.0,2628.0
0.6574625195053603,0.0,0.398296372,0.8435259305,928.0,2628.0
0.7068408527731913,0.004483598,0.412124975,0.868406421,928.0,2628.0
0.7346584234177075,0.083449073,0.407449248,0.885109606,928.0,2628.0
0.7508802080800665,0.137602167,0.380826144,0.887393243,928.0,2628.0
0.74867966443292,0.205116618,0.304231284,0.873329621,928.0,2628.0
0.7442921266761156,0.2827320135,0.2786393025,0.864912278,928.0,2628.0
0.7425794435961719,0.234784198,0.2818195485,0.832476318,928.0,2628.0
0.7522172317658942,0.0530506455,0.3370472405,0.8090837925000001,928.0,2628.0
0.7586071088055234,0.0,0.387465126,0.7800636325,928.0,2628.0
0.738148972844808,0.0,0.40552920000000003,0.8474173764999999,928.0,2628.0
0.7062813223276159,0.0,0.3731652,0.846232283,928.0,2628.0
0.657477684382353,0.0,0.367668342,0.842424237,928.0,2628.0
0.6300693566970905,0.0,0.369360895,0.854617778,928.0,2628.0
0.6343867717779369,0.0,0.38007647899999997,0.8568331955,928.0,2628.0
0.6582900776983869,0.0,0.392694604,0.869487307,928.0,2628.0
0.720831717438724,0.051457437,0.41134878750000003,0.870171634,928.0,2628.0
0.7509576715994903,0.194176982,0.419250412,0.865887633,928.0,2628.0
0.7448992284757145,0.2901378955,0.35885970349999996,0.8524595054999999,928.0,2628.0
0.742257011332202,0.352052308,0.39045682800000003,0.8508695500000001,928.0,2628.0
0.7461831174936917,0.208929159,0.38588228300000005,0.8686198970000001,928.0,2628.0
0.7639795549360205,0.004812124,0.389389832,0.8650665475,928.0,2628.0
0.755898438446708,0.0,0.399969524,0.8561507965,928.0,2628.0
0.7280219388304778,0.0,0.3924717185,0.8258103489999999,928.0,2628.0
0.6899288705455182,0.0,0.335253977,0.71720999,928.0,2628.0
0.6613336904366384,0.0,0.29349711300000003,0.6283135799999999,928.0,2628.0
0.6572005620236134,0.0,0.2334945105,0.5650894375,928.0,2628.0
0.7375117256855653,0.0,0.21475189249999999,0.5334110055,928.0,2628.0
0.8826866223764316,0.0019365665,0.23464634750000002,0.503540985,928.0,2628.0
0.8997826138518984,0.143476229,0.25046502,0.46484631649999997,928.0,2628.0
0.8837772459748635,0.2616443035,0.20577481,0.314299317,928.0,2628.0
0.8762132349820841,0.2849751615,0.22183814000000002,0.311737739,928.0,2628.0
0.8774334870736069,0.173122341,0.27244736599999997,0.38597701900000003,928.0,2628.0
0.890872092674316,0.0035783165,0.30682625249999995,0.5219231095,928.0,2628.0
0.8802318538129877,0.0,0.3107855775,0.649697411,928.0,2628.0
0.8016753362662307,0.0,0.273529041,0.71940865,928.0,2628.0
0.706879030090535,0.0,0.225604844,0.718775203,928.0,2628.0
0.6612336303583504,0.0,0.20514758249999998,0.7375189895,928.0,2628.0
0.6577847900431641,0.0,0.19530018500000002,0.742961478,928.0,2628.0
0.7396135245720058,0.0,0.2213821615,0.723991893,928.0,2628.0
0.8837453004174056,0.0006475105,0.27319838750000003,0.738985962,928.0,2628.0
0.9068282036660159,0.052291317,0.315534611,0.762096323,928.0,2628.0
0.8996124997981322,0.149255311,0.345214972,0.77611762,928.0,2628.0
0.8917884470495788,0.232914112,0.278629468,0.803416759,928.0,2628.0
0.8872234781242179,0.309551965,0.319896265,0.82853017,928.0,2628.0
0.8823260356621374,0.32888688200000005,0.40640825849999995,0.8685291435,928.0,2628.0
0.8812673115557186,0.234461639,0.44921504349999997,0.8703830665,928.0,2628.0
0.8981495640069694,0.005535506,0.423649854,0.8629602015,928.0,2628.0
0.8906416421672236,0.0,0.403540316,0.867465173,928.0,2628.0
0.8031108969211536,0.0,0.375537018,0.8651759365,928.0,2628.0
0.7088156545307981,0.0,0.35128438650000005,0.8476020989999999,928.0,2628.0
0.667862520974152,0.0,0.2708987335,0.7674395935,928.0,2628.0
0.6706874320147358,0.0,0.2201896445,0.6807422784999999,928.0,2628.0
0.7537229848908953,0.0,0.186305712,0.7075376365,928.0,2628.0
0.9036700346505269,0.001065721,0.17130772900000002,0.7184867985000001,928.0,2628.0
0.9292478228368859,0.122059976,0.155534294,0.7306486,928.0,2628.0
0.9197430328972528,0.251904693,0.121357382,0.708080696,928.0,2628.0
0.9038984539697688,0.390506624,0.07332596450000001,0.6261203049999999,928.0,2628.0
0.8889206958081375,0.4265513315,0.057182643500000005,0.556449102,928.0,2628.0
0.889772282499409,0.26763624799999997,0.06314365450000001,0.5627191425,928.0,2628.0
0.9072655609296254,0.011789959,0.095038428,0.574408208,928.0,2628.0
0.9212354214093568,0.0,0.113667087,0.576129972,928.0,2628.0
0.905795469418432,0.0,0.126002726,0.5694619395,928.0,2628.0
0.8035866164266983,0.0,0.1336854295,0.5088614975,928.0,2628.0
0.7144979298835346,0.0,0.10880498450000001,0.43287935099999997,928.0,2628.0
0.6817680747557461,0.0,0.0997528925,0.3440406185,928.0,2628.0
0.6826933625132408,0.0,0.0922965075,0.345086501,928.0,2628.0
0.768988990779577,0.0,0.093668381,0.3566843455,928.0,2628.0
0.9133506169556622,0.0007476655,0.0997853175,0.3478177905,928.0,2628.0
0.9344549327950396,0.106712532,0.097037615,0.353701625,928.0,2628.0
0.9242342321553327,0.234610173,0.076135925,0.329761826,928.0,2628.0
0.9072277527986522,0.406409989,0.0550581345,0.309500073,928.0,2628.0
0.8932302861926447,0.517328138,0.0569425145,0.2976954935,928.0,2628.0
0.889790101541397,0.443561164,0.073870468,0.316122937,928.0,2628.0
0.8984623709128172,0.27245773,0.113861775,0.391432378,928.0,2628.0
0.9133135011319853,0.011619329,0.163313268,0.471289964,928.0,2628.0
0.9244035614395069,0.0,0.197881507,0.509328254,928.0,2628.0
0.9092107257045119,0.0,0.2245089365,0.5288942505,928.0,2628.0
0.8064029413986198,0.0,0.22857448400000002,0.505225261,928.0,2628.0
0.7379530531939862,0.0,0.205053626,0.416956996,928.0,2628.0
0.6982911718355524,0.0,0.216127004,0.4134556955,928.0,2628.0
0.6886871522881218,0.0,0.2192604175,0.395580685,928.0,2628.0
0.7161619791215694,0.0,0.2136783045,0.4009095225,928.0,2628.0
0.8276776940812832,0.0,0.217714903,0.360619166,928.0,2628.0
0.9203811572883833,0.0010231855,0.22789031599999998,0.371797416,928.0,2628.0
0.9440430024307607,0.195480795,0.221749011,0.396794407,928.0,2628.0
0.9348009777420486,0.386943484,0.176570971,0.406147946,928.0,2628.0
0.9263790094389652,0.526265763,0.124973879,0.339959523,928.0,2628.0
0.9175328410249651,0.630711181,0.1300095625,0.24465971050000002,928.0,2628.0
0.9086847332225979,0.602752095,0.127011166,0.249974603,928.0,2628.0
0.9078796338560696,0.477627372,0.14798839,0.317547224,928.0,2628.0
0.9157188278855029,0.283977736,0.206748138,0.397141342,928.0,2628.0
0.9307794968882576,0.005051324,0.31965003150000004,0.5078992689999999,928.0,2628.0
0.9165221734510676,0.0,0.3815014795,0.5575045439999999,928.0,2628.0
0.808509910219873,0.0,0.385087666,0.5556404239999999,928.0,2628.0
0.7175324254417437,0.0,0.37051473599999996,0.5783720145,928.0,2628.0
0.6801295083252471,0.0,0.36103979249999996,0.563780607,928.0,2628.0
0.680351810882512,0.0,0.368618232,0.5455458455,928.0,2628.0
0.6940941060764639,0.0,0.3895800175,0.5697522745,928.0,2628.0
0.7281985159655722,0.0009630925,0.4096358535,0.6227834265000001,928.0,2628.0
0.7771903874593394,0.215881028,0.41237447,0.654419116,928.0,2628.0
0.7960221441166587,0.445573966,0.353405183,0.652533609,928.0,2628.0
0.7893211682381064,0.589072014,0.288116362,0.628296282,928.0,2628.0
0.7774875679058095,0.685428435,0.279827764,0.5470342564999999,928.0,2628.0
0.7657348008299348,0.633648783,0.293026779,0.490147769,928.0,2628.0
0.7684958674838596,0.500719824,0.325589036,0.495292012,928.0,2628.0
0.7862495104593696,0.296765587,0.420473307,0.551007494,928.0,2628.0
0.8043777284683092,0.009395746,0.481072727,0.606136316,928.0,2628.0
0.8086900884134082,0.0,0.495404519,0.644692884,928.0,2628.0
0.7994305674722275,0.0,0.479310688,0.641653872,928.0,2628.0
0.7514150176206789,0.0,0.436239371,0.606753602,928.0,2628.0
0.7051834508782637,0.0,0.372796101,0.5393600185,928.0,2628.0
0.6923746139272469,0.0,0.338438,0.49797137599999997,928.0,2628.0
0.6943089761896233,0.0,0.318191863,0.488770083,928.0,2628.0
0.7095877236477759,0.0,0.287277369,0.45937444800000005,928.0,2628.0
0.7386624544158811,0.0007689775,0.27870463349999997,0.4753039335,928.0,2628.0
0.7872068591036373,0.16145034,0.246521642,0.523348756,928.0,2628.0
0.8040408237009246,0.379419155,0.207584311,0.563134079,928.0,2628.0
0.7991751422031167,0.500381569,0.158713664,0.569660683,928.0,2628.0
0.7895362922083213,0.576251727,0.17050446149999998,0.6375201644999999,928.0,2628.0
0.7868656609705154,0.43629919250000004,0.22059921300000002,0.731889896,928.0,2628.0
0.7966361242494012,0.214550045,0.295584489,0.789037329,928.0,2628.0
0.8136935228243027,0.007809006,0.342862723,0.832507279,928.0,2628.0
0.8143907833159455,0.0,0.3887527605,0.8731572825,928.0,2628.0
0.7782845193225103,0.0,0.40392532800000003,0.8898807559999999,928.0,2628.0
0.7351750443985551,0.0,0.402734543,0.898162015,928.0,2628.0
0.7096609627339268,0.0,0.3785131095,0.9000052384999999,928.0,2628.0
0.703963314447462,0.0,0.3987651365,0.905839395,928.0,2628.0
0.702445766580154,0.0,0.441692332,0.9143403425,928.0,2628.0
0.784956181007862,0.0,0.4630135935,0.9237241965,928.0,2628.0
0.9202229533062392,0.0,0.4597275965,0.9282070090000001,928.0,2628.0
0.9448902036254053,0.051213407,0.479785923,0.92782277,928.0,2628.0
0.9392353030775026,0.129329369,0.576335456,0.926192468,928.0,2628.0
0.9343910420115298,0.2604684955,0.539566043,0.9269149415,928.0,2628.0
0.9332736895187097,0.2821973915,0.606599782,0.9298259124999999,928.0,2628.0
0.934128830540165,0.229785541,0.662775082,0.929795606,928.0,2628.0
0.9413183592932164,0.0695966275,0.6538608125,0.930127851,928.0,2628.0
0.9441982058622771,0.0,0.6674826570000001,0.9301424684999999,928.0,2628.0
0.8720233017446007,0.0,0.67888857,0.9264669155,928.0,2628.0
0.7826506605087175,0.0,0.681363129,0.924750413,928.0,2628.0
0.7260262478849787,0.0,0.6317077984999999,0.930990466,928.0,2628.0
0.698671308857185,0.0,0.654853421,0.9312844815000001,928.0,2628.0
0.6992990463190267,0.0,0.656931882,0.9340569255,928.0,2628.0
0.785889062604222,0.0,0.6551642615,0.93547775,928.0,2628.0
0.9215515062527195,0.0,0.641950145,0.9357748585000001,928.0,2628.0
0.9507844178045436,0.048900499,0.629346107,0.93484589,928.0,2628.0
0.9499771026569795,0.116040169,0.632534367,0.935139016,928.0,2628.0
0.9463888702942461,0.186213787,0.571537389,0.929620818,928.0,2628.0
0.9447246596614514,0.229932678,0.5932144085,0.934379931,928.0,2628.0
0.9432431657927471,0.1682797995,0.5262181945,0.9343211014999999,928.0,2628.0
0.9488848631225124,0.045149890000000005,0.5084656005,0.9345131595,928.0,2628.0
0.9497239856312002,0.0,0.4970703085,0.931614293,928.0,2628.0
0.8780324180563591,0.0,0.4574334075,0.9256339695,928.0,2628.0
0.7668968633167033,0.0,0.38226213200000003,0.9185742575,928.0,2628.0
0.7101913864465061,0.0,0.3511344545,0.917159117,928.0,2628.0
0.703759708164073,0.0,0.34727375250000003,0.9145452245000001,928.0,2628.0
0.7284664514827119,0.0,0.31015488999999996,0.895267127,928.0,2628.0
0.8340117590233598,0.0,0.283019736,0.871297068,928.0,2628.0
0.9283443018305774,0.0,0.26187300999999996,0.8411116574999999,928.0,2628.0
0.9563403426017041,0.07378635,0.237958529,0.799089443,928.0,2628.0
0.9528882021447956,0.161890331,0.242018606,0.77127072,928.0,2628.0
0.9479288076247602,0.241351459,0.19577732,0.73840284,928.0,2628.0
0.94419580515665,0.279047164,0.180261711,0.685531126,928.0,2628.0
0.9418322103820662,0.29124881150000004,0.174831381,0.627271119,928.0,2628.0
0.9423935645552874,0.145983549,0.181191903,0.619586456,928.0,2628.0
0.951874072040198,0.0016132575,0.190423612,0.648674171,928.0,2628.0
0.9306410513364682,0.0,0.1881686795,0.6502164645,928.0,2628.0
0.8161246094408371,0.0,0.17273299949999998,0.6193053465,928.0,2628.0
0.7319488761584104,0.0,0.147355528,0.5131186055,928.0,2628.0
0.7077467277568699,0.0,0.1369247985,0.5131835545,928.0,2628.0
0.7082498459284858,0.0,0.12725811050000002,0.513587764,928.0,2628.0
0.7918945778575397,0.0,0.121694109,0.5054670725,928.0,2628.0
0.9270723460826478,0.0,0.12220119800000001,0.49547707250000006,928.0,2628.0
0.9550772042438787,0.056728077,0.121247605,0.477254634,928.0,2628.0
0.9528882021447956,0.162322741,0.10541037,0.435381766,928.0,2628.0
0.949225922396488,0.251114987,0.079150953,0.404931531,928.0,2628.0
0.9438154603434069,0.304071392,0.0736638295,0.3675776505,928.0,2628.0
0.940972729929429,0.2578870145,0.07508163400000001,0.34808870599999997,928.0,2628.0
0.9437054514215243,0.140431765,0.085924145,0.350069625,928.0,2628.0
0.9538441655116585,0.004244905,0.094182789,0.348654971,928.0,2628.0
0.9525421104695297,0.0,0.10924322,0.369253663,928.0,2628.0
0.880248011184902,0.0,0.107676455,0.3509223975,928.0,2628.0
0.7908394084127107,0.0,0.099641771,0.305306035,928.0,2628.0
0.736778203403708,0.0,0.08290426849999999,0.2361538365,928.0,2628.0
0.7110527134938085,0.0,0.082557751,0.2216340805,928.0,2628.0
0.7089036428444389,0.0,0.0792340695,0.2351469525,928.0,2628.0
0.7479406255654926,0.0,0.07760683,0.242655631,928.0,2628.0
0.8700123535260944,0.0,0.08153485199999999,0.2411797355,928.0,2628.0
0.9459228914761386,0.0295141865,0.087759715,0.2667777255,928.0,2628.0
0.9461617437901136,0.191766098,0.069657057,0.252442641,928.0,2628.0
0.9334195675146045,0.342778241,0.045688943999999995,0.162410731,928.0,2628.0
0.9226448069494475,0.4211225635,0.0437342335,0.10692711499999999,928.0,2628.0
0.9221597623396873,0.2479802255,0.07144278,0.1144851495,928.0,2628.0
0.9375343458074017,0.0016948345,0.129323568,0.195273547,928.0,2628.0
0.9222822354441538,0.0,0.155726462,0.229967241,928.0,2628.0
0.812258423818046,0.0,0.153770639,0.22167170349999998,928.0,2628.0
0.7441804789511788,0.0,0.128225398,0.196076446,928.0,2628.0
0.6910773145623339,0.0,0.136439785,0.2321344645,928.0,2628.0
0.6782654077968191,0.0,0.1193300125,0.2586128465,928.0,2628.0
0.682739572451097,0.0,0.106514386,0.2592701515,928.0,2628.0
0.6989960261660607,0.0,0.105527635,0.280711331,928.0,2628.0
0.7540736463245672,0.009489668,0.09960221350000001,0.25385137750000003,928.0,2628.0
0.796613504458971,0.052897067,0.091979916,0.238166741,928.0,2628.0
0.798099337096045,0.085486976,0.069297073,0.223550093,928.0,2628.0
0.7958481058835258,0.11526204,0.08242342050000001,0.214969386,928.0,2628.0
0.7929651663015416,0.105815114,0.078730733,0.211806275,928.0,2628.0
0.7967221277720423,0.057092606500000004,0.07018913900000001,0.188112338,928.0,2628.0
0.8108336656756332,0.0006430285,0.081339728,0.209590724,928.0,2628.0
0.7961105019480761,0.0,0.0899516635,0.229918296,928.0,2628.0
0.7457509768931518,0.0,0.08108977,0.1890760095,928.0,2628.0
0.700009186907881,0.0,0.077337598,0.1884049,928.0,2628.0
0.6844030443797444,0.0,0.0718231875,0.160553881,928.0,2628.0
0.6683080261875889,0.0,0.0689105495,0.1733518145,928.0,2628.0
0.6710408172749607,0.0,0.067720161,0.2522915075,928.0,2628.0
0.6810593887081671,0.0,0.069972323,0.301442407,928.0,2628.0
0.7112026081313656,0.0,0.0647851235,0.3284911535,928.0,2628.0
0.7668987327783878,0.044235368,0.066240473,0.364232959,928.0,2628.0
0.7903605034319467,0.085105863,0.060094763,0.386955906,928.0,2628.0
0.7918843755214363,0.116567812,0.064670546,0.43211138,928.0,2628.0
0.7908064474270307,0.151787337,0.07407564950000001,0.438826505,928.0,2628.0
0.7921668067404164,0.11609929150000001,0.09399071,0.5010803374999999,928.0,2628.0
0.8072503268550437,0.020398428,0.1342548975,0.6082841335,928.0,2628.0
0.8115196620060996,0.0,0.1858684195,0.7075887435,928.0,2628.0
0.7871448145833865,0.0,0.201745889,0.754308521,928.0,2628.0
0.7464647636116736,0.0,0.2144738095,0.761270723,928.0,2628.0
0.6995475468581432,0.0,0.181727522,0.756868461,928.0,2628.0
0.7045167509980799,0.0,0.2080341845,0.7213612835,928.0,2628.0
0.694528554920335,0.0,0.227219201,0.667691993,928.0,2628.0
0.6952719796157953,0.0,0.22735991900000002,0.6364083,928.0,2628.0
0.7356060771085768,0.0,0.215772389,0.635764824,928.0,2628.0
0.8651180504737884,0.0,0.215808999,0.6400965665,928.0,2628.0
0.9397344278058819,0.0052750055,0.2243191075,0.628924878,928.0,2628.0
0.941434831296427,0.039972703,0.243137617,0.600558614,928.0,2628.0
0.937352736933829,0.069982235,0.195482624,0.537013496,928.0,2628.0
0.9346663178418855,0.084451897,0.1851792835,0.440321396,928.0,2628.0
0.9328469495116127,0.0610703675,0.15798643299999998,0.36822767,928.0,2628.0
0.9362091632607317,0.01702176,0.144328721,0.344189864,928.0,2628.0
0.9442273354622925,0.0,0.14706473,0.37928359349999996,928.0,2628.0
0.923891926463099,0.0,0.13916106649999999,0.3980008975,928.0,2628.0
0.8105352620093301,0.0,0.1180795055,0.3602503715,928.0,2628.0
0.7414773023109141,0.0,0.08184651,0.292485782,928.0,2628.0
0.7080935806718964,0.0,0.078594093,0.24673361649999997,928.0,2628.0
0.7014098011233121,0.0,0.0748942255,0.220278197,928.0,2628.0
0.7264555493296505,0.0,0.07151477349999999,0.222130337,928.0,2628.0
0.8332527310669472,0.0,0.066323554,0.205925652,928.0,2628.0
0.9258746223134777,0.0,0.0598982275,0.193481171,928.0,2628.0
0.9531308397789908,0.013700419,0.051572063,0.210175837,928.0,2628.0
0.9524711567596912,0.06331112,0.045240891,0.232416631,928.0,2628.0
0.9479288076247602,0.126017029,0.039019645,0.264349536,928.0,2628.0
0.9444978102127999,0.182189357,0.040045801,0.278818053,928.0,2628.0
0.9421818563875158,0.18503122849999998,0.0442109985,0.2919417095,928.0,2628.0
0.9416600190750046,0.14928608,0.046118101,0.332685915,928.0,2628.0
0.9431664413088766,0.072573425,0.048324953,0.38794463,928.0,2628.0
0.9511591770997525,0.000587397,0.066647025,0.4799154955,928.0,2628.0
0.9301600227055582,0.0,0.091573949,0.5785712905,928.0,2628.0
0.8158371004179338,0.0,0.117020651,0.636400164,928.0,2628.0
0.7322755321928409,0.0,0.159299064,0.6754589975,928.0,2628.0
0.7054930726402984,0.0,0.17947165199999998,0.6956076915,928.0,2628.0
0.7041997431887906,0.0,0.2010626315,0.7222019635,928.0,2628.0
0.7454794403175715,0.0,0.226606789,0.741861126,928.0,2628.0
0.8318507315741112,0.0,0.248950709,0.753993905,928.0,2628.0
0.923669000862408,0.0,0.28572423,0.7851299125,928.0,2628.0
0.9507844178045436,0.060003196,0.310677135,0.826013648,928.0,2628.0
0.94551932570184,0.17741676,0.3068062,0.853924995,928.0,2628.0
0.9404183929484978,0.254172223,0.256853316,0.842724189,928.0,2628.0
0.9343615892905888,0.2729388705,0.281374024,0.867549957,928.0,2628.0
0.92948806009686,0.2034269665,0.336531311,0.9003521,928.0,2628.0
0.9330155407544519,0.054520909,0.407954447,0.915600696,928.0,2628.0
0.9378602174036463,0.0,0.4695071045,0.9279245285,928.0,2628.0
0.9161029122849274,0.0,0.5161487105,0.9349339585,928.0,2628.0
0.8062995801512508,0.0,0.534453762,0.9361221504999999,928.0,2628.0
0.7184697846656201,0.0,0.496569959,0.9358542495,928.0,2628.0
0.6845742205899898,0.0,0.5195307265,0.936092768,928.0,2628.0
0.6810450321968793,0.0,0.5102582245,0.9351902695000001,928.0,2628.0
0.7628266561587078,0.0,0.49906608900000005,0.934539699,928.0,2628.0
0.905879626346408,0.0,0.514209283,0.9341802754999999,928.0,2628.0
0.9341354785460846,0.055845697,0.526104138,0.935203335,928.0,2628.0
0.9291591882813935,0.147976221,0.516252769,0.935750164,928.0,2628.0
0.926321212550413,0.2435487175,0.4423806775,0.935436795,928.0,2628.0
0.9219601031026843,0.2333693725,0.477308775,0.9351377495,928.0,2628.0
0.9204223815532059,0.101732109,0.5510040174999999,0.9358455299999999,928.0,2628.0
0.9260424745207633,0.001298752,0.59953639,0.936081114,928.0,2628.0
0.9235858132972095,0.0,0.60577058,0.9343918855,928.0,2628.0
0.8606644283566456,0.0,0.584501111,0.933216964,928.0,2628.0
0.7779140537244447,0.0,0.54970191,0.933992252,928.0,2628.0
0.7320514526361873,0.0,0.478131089,0.93149025,928.0,2628.0
0.6870683210895523,0.0,0.463685653,0.929425893,928.0,2628.0
0.6696625693243103,0.0,0.438867899,0.9277607095,928.0,2628.0
0.6948742310123794,0.0,0.41151298599999997,0.9223648605,928.0,2628.0
0.8378401361837715,0.0,0.3903055475,0.9204372139999999,928.0,2628.0
0.9267042347933583,0.0048695975,0.378190814,0.916543954,928.0,2628.0
0.9268775807191946,0.08874313,0.343471953,0.913952444,928.0,2628.0
0.9223464493485892,0.1760414545,0.267191655,0.8985534505,928.0,2628.0
0.9206172861072115,0.180151461,0.2511416825,0.8795647120000001,928.0,2628.0
0.9216843198896236,0.07495508149999999,0.23202885750000002,0.8581964385,928.0,2628.0
0.9305578637712698,0.001290807,0.238611039,0.843668169,928.0,2628.0
0.9302800490389527,0.0,0.247011095,0.8388692600000001,928.0,2628.0
0.8651827263582965,0.0,0.248939537,0.8354678099999999,928.0,2628.0
0.7803147639912993,0.0,0.250996552,0.814871067,928.0,2628.0
0.7166095387212823,0.0,0.2396643815,0.8095353915000001,928.0,2628.0
0.6788329705315007,0.0,0.24838469800000001,0.8062017674999999,1303.0,3690.0
0.6737006460002565,0.0,0.2577911945,0.8000267215,1303.0,3690.0
0.6847204220382164,0.0,0.2577765275,0.785059521,1303.0,3690.0
0.727900435420195,0.0,0.26596091499999996,0.763441319,1303.0,3690.0
0.79157198419881,0.0526044975,0.27411996250000004,0.7731344355,1303.0,3690.0
0.7981536260512644,0.156151423,0.245563193,0.768379824,1303.0,3690.0
0.792074663588779,0.178265165,0.266937011,0.780916266,1303.0,3690.0
0.788235253257227,0.1078558785,0.26723345,0.7519958365,1303.0,3690.0
0.7977355652379375,0.041784097,0.297713131,0.757944339,1303.0,3690.0
0.8156859593621184,0.0,0.366525202,0.772887654,1303.0,3690.0
0.8032527125413473,0.0,0.446364824,0.8081663815,1303.0,3690.0
0.7494173183543487,0.0,0.4842719015,0.855523872,1303.0,3690.0
0.6881641606882418,0.0,0.4943643125,0.8509110665,1303.0,3690.0
0.659949210228993,0.0,0.5211665595,0.8674944595,1303.0,3690.0
0.6506260524939207,0.0,0.527164109,0.8686966684999999,1303.0,3690.0
0.6641917475863373,0.0,0.5468781935,0.8677248799999999,1303.0,3690.0
0.7127442763958238,0.0,0.564542506,0.8706234155,1303.0,3690.0
0.7647683816013194,0.006292407,0.579921196,0.8759878305,1303.0,3690.0
0.7676272693872115,0.0173878425,0.5255958625,0.8488896589999999,1303.0,3690.0
0.7643188140121817,0.0195343735,0.5834856820000001,0.8157112225,1303.0,3690.0
0.7681804984776248,0.010816942,0.6013521145,0.810976466,1303.0,3690.0
0.7804146169739292,0.0,0.6099871065,0.830087611,1303.0,3690.0
0.7680870161140272,0.0,0.587899487,0.8368018595,1303.0,3690.0
0.7304315128842878,0.0,0.5531189624999999,0.850367359,1303.0,3690.0
0.6885980557525571,0.0,0.468797005,0.82236828,1303.0,3690.0
0.6832635334137542,0.0,0.5076909390000001,0.8074199885,1303.0,3690.0
0.6689320243946555,0.0,0.5474536575,0.8199511770000001,1303.0,3690.0
0.6947210127032688,0.0,0.5749170560000001,0.8562333465,1303.0,3690.0
0.8282889974471358,0.0,0.6133369040000001,0.887170985,1303.0,3690.0
0.890630747523824,0.0056481125,0.6317136080000001,0.9064175725,1303.0,3690.0
0.8867680241003271,0.088495985,0.639474964,0.912895367,1303.0,3690.0
0.881141652976033,0.1898415335,0.5785928389999999,0.9073643375,1303.0,3690.0
0.8762410717669902,0.21225675,0.5867923765,0.9002447735,1303.0,3690.0
0.8798350281754984,0.0929408685,0.521525535,0.849697008,1303.0,3690.0
0.8884023206949206,0.0,0.482320402,0.76901522,1303.0,3690.0
0.888567495141098,0.0,0.473410243,0.752392916,1303.0,3690.0
0.846805592558425,0.0,0.4856039905,0.7855036055,1303.0,3690.0
0.7777384462835337,0.0,0.528281197,0.781366022,1303.0,3690.0
0.7305674659309663,0.0,0.543367798,0.818026643,1303.0,3690.0
0.6873571686616036,0.0,0.5721229915,0.7863648139999999,1303.0,3690.0
0.6743467801448798,0.0,0.5819599445,0.8091203165,1303.0,3690.0
0.7010653257154873,0.0,0.5775365880000001,0.8352226395,1303.0,3690.0
0.8450665037050188,0.0,0.535280261,0.801730399,1303.0,3690.0
0.926629911015115,0.0117095745,0.4501219065,0.756976412,1303.0,3690.0
0.9264971895091006,0.185259516,0.416596859,0.693098574,1303.0,3690.0
0.9204486951957787,0.35155336800000003,0.3046830265,0.6090970585,1303.0,3690.0
0.9165491794009368,0.4042684595,0.33571051949999997,0.573465659,1303.0,3690.0
0.9178908427718528,0.279615538,0.313496215,0.560895865,1303.0,3690.0
0.9281498592566442,0.0644295245,0.2764912985,0.5249416984999999,1303.0,3690.0
0.9370317124828774,0.0,0.236621681,0.471940015,1303.0,3690.0
0.8716965071824296,0.0,0.200543711,0.4731697795,1303.0,3690.0
0.7669177525045956,0.0,0.1838434705,0.4758070755,1303.0,3690.0
0.7147444453002454,0.0,0.168192045,0.527670528,1303.0,3690.0
0.706994301409526,0.0,0.160491322,0.554114227,1303.0,3690.0
0.7312051518718559,0.0,0.152666627,0.571144737,1303.0,3690.0
0.8431514839583699,0.0,0.150490591,0.575565098,1303.0,3690.0
0.9100353985768036,0.0,0.150545084,0.572850122,1303.0,3690.0
0.9436761839565806,0.0166015315,0.158561183,0.593869768,1303.0,3690.0
0.9424860765618893,0.211414349,0.151310394,0.595601718,1303.0,3690.0
0.9340053884043273,0.325999871,0.131595684,0.598406467,1303.0,3690.0
0.9243946979839577,0.380152815,0.115761018,0.5936183485,1303.0,3690.0
0.9212141862335194,0.309101268,0.131210654,0.632996587,1303.0,3690.0
0.9213417828759477,0.196643149,0.173357397,0.687608563,1303.0,3690.0
0.9259002893827929,0.047366302,0.231623993,0.715105477,1303.0,3690.0
0.9308301387195914,0.0,0.321607526,0.742775491,1303.0,3690.0
0.9102648333242676,0.0,0.39327893599999997,0.7845868905,1303.0,3690.0
0.8057700333391531,0.0,0.40714747149999997,0.823705563,1303.0,3690.0
0.7367067184499267,0.0,0.368550398,0.811211285,1303.0,3690.0
0.697480047837937,0.0,0.3765722925,0.8127979265,1303.0,3690.0
0.6831683893800828,0.0,0.361140251,0.819999226,1303.0,3690.0
0.7040387232492038,0.0,0.3533807945,0.7335384869999999,1303.0,3690.0
0.8045573061540314,0.0,0.335060747,0.756074949,1303.0,3690.0
0.8769806183485287,0.0,0.328160401,0.689777166,1303.0,3690.0
0.9199500321160659,0.0033188975,0.3090859475,0.634716693,1303.0,3690.0
0.9131096413229468,0.02691311,0.277473099,0.674039962,1303.0,3690.0
0.9081307660908495,0.052888065,0.241808706,0.71480558,1303.0,3690.0
0.9050880993843876,0.047893988,0.277001127,0.7524568005000001,1303.0,3690.0
0.9007172953146666,0.0336908915,0.3269313795,0.8151221555,1303.0,3690.0
0.9019446106639244,0.005410016,0.3662362415,0.8346767509999999,1303.0,3690.0
0.9023526076688884,0.0,0.395805919,0.861249162,1303.0,3690.0
0.88221930467777,0.0,0.434057275,0.884539446,1303.0,3690.0
0.8257875572971695,0.0,0.474368827,0.906153377,1303.0,3690.0
0.7538976001020093,0.0,0.5029902485,0.9126487910000001,1303.0,3690.0
0.6914726859899542,0.0,0.52515841,0.914913079,1303.0,3690.0
0.6738838247444194,0.0,0.561095574,0.9080651230000001,1303.0,3690.0
0.6717067323855523,0.0,0.5604367495,0.878497885,1303.0,3690.0
0.7167315730441016,0.0,0.551135632,0.858818457,1303.0,3690.0
0.8312920090965532,0.0,0.5504690875,0.8400688574999999,1303.0,3690.0
0.8958615394288872,0.0025428885,0.5619573769999999,0.847450519,1303.0,3690.0
0.8915746158944734,0.01597831,0.582694092,0.831759994,1303.0,3690.0
0.8885971324552244,0.021414498,0.539865938,0.832152832,1303.0,3690.0
0.8867920758964194,0.031008455,0.572314013,0.8537439635,1303.0,3690.0
0.8875105251670486,0.0321770005,0.608194377,0.902257407,1303.0,3690.0
0.8968000526087263,0.0118939475,0.6481577860000001,0.9189089619999999,1303.0,3690.0
0.9052515193667895,0.0,0.68596643,0.921468397,1303.0,3690.0
0.8940966449784254,0.0,0.7207240905000001,0.9294097745,1303.0,3690.0
0.8052430254290169,0.0,0.7848160805,0.9289845725,1303.0,3690.0
0.7340694173841715,0.0,0.799489732,0.935003682,1303.0,3690.0
0.674597542530477,0.0,0.8294420330000001,0.935183858,1303.0,3690.0
0.6590196528675771,0.0,0.8387356255,0.936706971,1303.0,3690.0
0.661385371126604,0.0,0.8274774855,0.937097708,1303.0,3690.0
0.6837534251688075,0.0,0.818373365,0.9370746385,1303.0,3690.0
0.7589669104188195,0.008143182,0.836951284,0.935253593,1303.0,3690.0
0.7870493470973833,0.111831089,0.851197815,0.933996539,1303.0,3690.0
0.7790588277503554,0.1953003225,0.8337017824999999,0.92414434,1303.0,3690.0
0.7748838515319727,0.1913288995,0.880786803,0.9348372105,1303.0,3690.0
0.7804724602593324,0.0879100795,0.8875411805,0.9368029360000001,1303.0,3690.0
0.798518136944925,0.0,0.8752029485,0.9362819735000001,1303.0,3690.0
0.7837920647976298,0.0,0.86182357,0.930836582,1303.0,3690.0
0.7403590261893553,0.0,0.8538384825,0.9059830005,1303.0,3690.0
0.6936904024372371,0.0,0.848726623,0.8843675,1303.0,3690.0
0.6713063292194538,0.0,0.850001427,0.866828078,1303.0,3690.0
0.6501287973929291,0.0,0.849634575,0.8662032395,1303.0,3690.0
0.6538395949578779,0.0,0.843496711,0.8536588615,1303.0,3690.0
0.6811960111951225,0.0,0.837436187,0.846087099,1303.0,3690.0
0.7533962363941691,0.0035553645,0.8226568519999999,0.8956159244999999,1303.0,3690.0
0.7855397857851428,0.050950273,0.812856797,0.915216561,1303.0,3690.0
0.7874006554357189,0.103915483,0.748263484,0.916931611,1303.0,3690.0
0.7876648053012325,0.126946989,0.76728676,0.917585132,1303.0,3690.0
0.7865247862897251,0.136361096,0.781001497,0.922911673,1303.0,3690.0
0.79251811441594,0.064416169,0.771908142,0.927422533,1303.0,3690.0
0.8128018197587266,0.0,0.757859339,0.927359568,1303.0,3690.0
0.8171128872201222,0.0,0.772508399,0.929627939,1303.0,3690.0
0.8045610914742515,0.0,0.794241675,0.9337637464999999,1303.0,3690.0
0.7508343676599871,0.0,0.800937386,0.9350652085,1303.0,3690.0
0.697240872403036,0.0,0.750458483,0.930218231,1303.0,3690.0
0.7022177625127277,0.0,0.7415251425,0.9293325955,1303.0,3690.0
0.6932961849655797,0.0,0.7418528015,0.931800392,1303.0,3690.0
0.7192502787879063,0.0,0.729080186,0.928951352,1303.0,3690.0
0.8682636625129918,0.0,0.712055836,0.9311456875,1303.0,3690.0
0.9386442201220775,0.0083132715,0.6997874495,0.929324715,1303.0,3690.0
0.9372345568636936,0.153938425,0.681507828,0.929170931,1303.0,3690.0
0.9292099683090618,0.2851937795,0.581161213,0.9205703274999999,1303.0,3690.0
0.9257914350796852,0.3429582,0.645475772,0.9255464385000001,1303.0,3690.0
0.92675219919499,0.238702963,0.717770035,0.924963245,1303.0,3690.0
0.9356502561899886,0.0563209935,0.6916778705,0.9203147005000001,1303.0,3690.0
0.9405438669349981,0.0,0.6744801760000001,0.9121101265,1303.0,3690.0
0.8706512162899661,0.0,0.6562176024999999,0.899936507,1303.0,3690.0
0.7649249467804093,0.0,0.624131636,0.8739555645,1303.0,3690.0
0.7129563076845211,0.0,0.611834322,0.8539970745000001,1303.0,3690.0
0.7043866840547481,0.0,0.6109692595,0.846944421,1303.0,3690.0
0.7276376241038294,0.0,0.599855179,0.837335517,1303.0,3690.0
0.8429961883959639,0.0,0.578605794,0.818053581,1303.0,3690.0
0.9092361153869399,0.0,0.551659062,0.78957965,1303.0,3690.0
0.9432089119919578,0.0059690285,0.504996027,0.7369983975,1303.0,3690.0
0.9449552950931348,0.132939466,0.465744774,0.67716537,1303.0,3690.0
0.9375592745039756,0.23988038150000002,0.3856731535,0.579621581,1303.0,3690.0
0.9318848929126049,0.281762372,0.3718257705,0.5092717609999999,1303.0,3690.0
0.9306458520849105,0.216252085,0.356703001,0.465504859,1303.0,3690.0
0.9327957078352784,0.11402134,0.315062672,0.443288871,1303.0,3690.0
0.9413139741279958,0.001082751,0.300554417,0.429014071,1303.0,3690.0
0.94285224945703,0.0,0.2804207855,0.39789460600000004,1303.0,3690.0
0.8712929878049821,0.0,0.2404593575,0.3389382195,1303.0,3690.0
0.7678757470593087,0.0,0.20704728700000002,0.2711226435,1303.0,3690.0
0.7177801644096935,0.0,0.19871668450000002,0.220689757,1303.0,3690.0
0.7157174278052931,0.0,0.17343193033333335,0.24541606833333332,1303.0,3690.0
0.7584464348538816,0.0,0.149678393,0.251975558,1303.0,3690.0
0.8814010024245105,0.0,0.134022701,0.262368566,1303.0,3690.0
0.9503780828010595,0.0054719425,0.11864186900000001,0.307658572,1303.0,3690.0
0.9543239931269428,0.102568288,0.112358061,0.337276159,1303.0,3690.0
0.9489113616896766,0.179647097,0.107360009,0.352620324,1303.0,3690.0
0.9447454335200285,0.222666112,0.109305541,0.321081515,1303.0,3690.0
0.9414162271534406,0.22021314050000002,0.1000809325,0.3050843795,1303.0,3690.0
0.9410058758397005,0.169560193,0.091954897,0.340447773,1303.0,3690.0
0.9455408385959707,0.097763599,0.104134698,0.392405394,1303.0,3690.0
0.9543997943134807,0.0,0.126342135,0.464857444,1303.0,3690.0
0.9533971593600954,0.0,0.15619102699999998,0.5376483489999999,1303.0,3690.0
0.8794195526609841,0.0,0.175646123,0.6026112800000001,1303.0,3690.0
0.7752849698723872,0.0,0.1792768575,0.620491611,1303.0,3690.0
0.7242381099378485,0.0,0.18801752449999998,0.6166845255,1303.0,3690.0
0.7184148034031042,0.0,0.208542768,0.61074143,1303.0,3690.0
0.7423114848806068,0.0,0.22356143,0.6253197795000001,1303.0,3690.0
0.8848074406576737,0.0,0.234997953,0.6432297775,1303.0,3690.0
0.9527469403041577,0.00634046,0.24253404,0.662347676,1303.0,3690.0
0.956745662176966,0.123905667,0.271129891,0.6465389,1303.0,3690.0
0.9525933067432318,0.2466969275,0.2565498305,0.5775518365,1303.0,3690.0
0.9482138241425528,0.252273301,0.2629468665,0.5302238675,1303.0,3690.0
0.9500437636638932,0.1330764845,0.24085883949999998,0.5862995575000001,1303.0,3690.0
0.9592715697062459,0.000533576,0.2416105665,0.6495549515,1303.0,3690.0
0.9360227993727556,0.0,0.237318443,0.623040706,1303.0,3690.0
0.8233278491261369,0.0,0.21797795250000002,0.5478666385,1303.0,3690.0
0.7586418007251475,0.0,0.167102432,0.499431896,1303.0,3690.0
0.730077966229303,0.0,0.16148719849999998,0.426113154,1303.0,3690.0
0.727742577757402,0.0,0.164060814,0.39991953049999995,1303.0,3690.0
0.7506200281279582,0.0,0.1599660905,0.42037078250000004,1303.0,3690.0
0.8886477742865583,0.0,0.156644294,0.442050667,1303.0,3690.0
0.953263653415895,0.0053438355,0.141784047,0.38242750400000003,1303.0,3690.0
0.9575791988362131,0.122744062,0.12621091,0.370858482,1303.0,3690.0
0.9568992960692981,0.191145559,0.106220908,0.321187232,1303.0,3690.0
0.9552661998275183,0.230436765,0.094778778,0.298285706,1303.0,3690.0
0.9550148372655144,0.2031880515,0.08967779249999999,0.24239357250000002,1303.0,3690.0
0.9564638775312435,0.086541265,0.09156742849999999,0.19944076500000002,1303.0,3690.0
0.961119974511426,0.0,0.095705056,0.234841668,1303.0,3690.0
0.9581407372712136,0.0,0.095454861,0.28167078,1303.0,3690.0
0.8852668185295248,0.0,0.0867426905,0.3018606095,1303.0,3690.0
0.7785137234113442,0.0,0.0786318305,0.2721586665,1303.0,3690.0
0.710672068758065,0.0,0.0687127055,0.24993816600000002,1303.0,3690.0
0.7023791980355361,0.0,0.06375313299999999,0.2470757475,1303.0,3690.0
0.7063117904767793,0.0,0.059802627,0.28369168749999996,1303.0,3690.0
0.7258499246069401,0.0,0.06889891649999999,0.346373796,1303.0,3690.0
0.7890695975530857,0.00659732,0.0918390425,0.45859674650000004,1303.0,3690.0
0.819563916860197,0.159685991,0.104117069,0.53537717,1303.0,3690.0
0.8212131704738911,0.270890256,0.09938549,0.555886815,1303.0,3690.0
0.8210823876934314,0.3345585175,0.108841094,0.5980934035000001,1303.0,3690.0
0.8227498762637412,0.229943338,0.121423119,0.63718812,1303.0,3690.0
0.8331756373967062,0.085306815,0.145225966,0.667860151,1303.0,3690.0
0.8460184968270701,0.0005305965,0.20627006450000002,0.713440914,1303.0,3690.0
0.8301874903040938,0.0,0.278121551,0.758393938,1303.0,3690.0
0.7702349792042851,0.0,0.322319374,0.8054762934999999,1303.0,3690.0
0.7189971156966819,0.0,0.327635564,0.82990988,1303.0,3690.0
0.7071597529111844,0.0,0.354594892,0.860121292,1303.0,3690.0
0.7023081054665508,0.0,0.3263284475,0.8634788950000001,1303.0,3690.0
0.7128858613573874,0.0,0.30700616950000004,0.8477380225,1303.0,3690.0
0.7303275981887689,0.0,0.290654816,0.835144819,1303.0,3690.0
0.7854631537635681,0.0027163375,0.273047033,0.8019116125,1303.0,3690.0
0.818773589588178,0.051130895,0.246283638,0.767115681,1303.0,3690.0
0.82042182777365,0.082920727,0.225238185,0.702562572,1303.0,3690.0
0.818976249375809,0.106502062,0.186909614,0.5948651805,1303.0,3690.0
0.8187785291957668,0.065426733,0.13761990699999999,0.4175087455,1303.0,3690.0
0.8350529408118653,0.0107976465,0.12881922299999998,0.391514828,1303.0,3690.0
0.8396054455546426,0.0,0.12441793699999999,0.431484684,1303.0,3690.0
0.7979416872248627,0.0,0.11526803299999999,0.3699605585,1303.0,3690.0
0.7269769717217522,0.0,0.097251613,0.361954049,1303.0,3690.0
0.7197924743757731,0.0,0.084417011,0.356388131,1303.0,3690.0
0.7109191611527572,0.0,0.07984215,0.33086748499999996,1303.0,3690.0
0.729403395454773,0.0,0.086447808,0.3430104965,1303.0,3690.0
0.8760811136524764,0.0,0.110873003,0.389494883,1303.0,3690.0
0.9412994784261552,0.0030277955,0.140909473,0.45331028,1303.0,3690.0
0.9430067141843991,0.05233822,0.163212817,0.469786372,1303.0,3690.0
0.9376633280586408,0.1181434175,0.1477195945,0.452967797,1303.0,3690.0
0.9294197374198725,0.1392540735,0.1540797935,0.452544916,1303.0,3690.0
0.9303120406618555,0.0637039215,0.1914595295,0.4817661125,1303.0,3690.0
0.9415418390048693,0.0,0.2360886335,0.479670278,1303.0,3690.0
0.921735376972773,0.0,0.248725898,0.4625870235,1303.0,3690.0
0.8106905575717361,0.0,0.2432385445,0.4674979255,1303.0,3690.0
0.7435264742436151,0.0,0.242416941,0.479319064,1303.0,3690.0
0.7088357818161176,0.0,0.2483369265,0.5184312074999999,1303.0,3690.0
0.6966331236987733,0.0,0.22864020899999998,0.523224152,1303.0,3690.0
0.7184712617425086,0.0,0.197600695,0.5386585945,1303.0,3690.0
0.8655394352900749,0.0,0.1713283585,0.5435570155,1303.0,3690.0
0.9359088669343187,0.0045525765,0.1692841685,0.586698465,1303.0,3690.0
0.9337772458091604,0.112251609,0.174499048,0.605993651,1303.0,3690.0
0.929149586121697,0.190670285,0.136450777,0.649942839,1303.0,3690.0
0.9239549403461271,0.26852107000000003,0.135822679,0.659241457,1303.0,3690.0
0.9218032840665389,0.240548492,0.172463834,0.6489419085,1303.0,3690.0
0.9263681147955656,0.115411353,0.23525198,0.67070337,1303.0,3690.0
0.9376538180298339,0.001158251,0.29557917,0.713119273,1303.0,3690.0
0.9367713479375839,0.0,0.3628943145,0.7663393005000001,1303.0,3690.0
0.8670754948380736,0.0,0.4307052775,0.813761819,1303.0,3690.0
0.7852724968412609,0.0,0.466475337,0.830656898,1303.0,3690.0
0.727398979581465,0.0,0.4571173255,0.8410630324999999,1303.0,3690.0
0.6999355551055282,0.0,0.4743139115,0.8723267035,1303.0,3690.0
0.6987167804222999,0.0,0.4782135205,0.8984604535,1303.0,3690.0
0.7395919662752426,0.0,0.466475504,0.905525997,1303.0,3690.0
0.8665855106207245,0.0,0.4448332955,0.90409581,1303.0,3690.0
0.9339514689668846,0.00189769,0.401663651,0.8847160620000001,1303.0,3690.0
0.9326682954546294,0.030909339,0.362631774,0.879416681,1303.0,3690.0
0.9261653632084511,0.050509116,0.297844948,0.850223757,1303.0,3690.0
0.923621636637183,0.070489713,0.2803524745,0.8328260355,1303.0,3690.0
0.9214414048685415,0.071371712,0.2398226725,0.761409908,1303.0,3690.0
0.9232588802072978,0.033488028,0.218021399,0.767627714,1303.0,3690.0
0.9305934100557625,0.0,0.22241581500000002,0.7306055005000001,1303.0,3690.0
0.9117630386758482,0.0,0.2338396975,0.7037862625,1303.0,3690.0
0.8066533345978463,0.0,0.226290985,0.7186138905,1303.0,3690.0
0.7382475326809227,0.0,0.209432705,0.656231152,1303.0,3690.0
0.7020013921242545,0.0,0.205723952,0.5999783000000001,1303.0,3690.0
0.6910641345426222,0.0,0.218053151,0.5835891065000001,1303.0,3690.0
0.7138189272155266,0.0,0.2507400345,0.6512861704999999,1303.0,3690.0
0.8583148679666421,0.0,0.28135260799999995,0.6521135765,1303.0,3690.0
0.931374042374383,0.002825079,0.313695942,0.6753469225,1303.0,3690.0
0.9281944539212773,0.064961971,0.315071336,0.682583006,1303.0,3690.0
0.9254022725449316,0.142639216,0.2783542335,0.644355478,1303.0,3690.0
0.9223363855402265,0.1375055895,0.3149929925,0.6180404945,1303.0,3690.0
0.922408539934285,0.0599863865,0.324305139,0.5927440055,1303.0,3690.0
0.9287097360215708,0.0,0.359930888,0.615737286,1303.0,3690.0
0.9251648976392508,0.0,0.400488501,0.660872948,1303.0,3690.0
0.8597408725273132,0.0,0.438670511,0.699759326,1303.0,3690.0
0.7574480240023636,0.0,0.466670043,0.7056737934999999,1303.0,3690.0
0.6940768408140316,0.0,0.48698698549999997,0.706703568,1303.0,3690.0
0.680999883421284,0.0,0.5077029225,0.6931363054999999,1303.0,3690.0
0.7049478529719719,0.0,0.522232134,0.6892554325,1303.0,3690.0
0.8406650011589104,0.0,0.5415464205,0.7218071935,1303.0,3690.0
0.91486982682445,0.001443539,0.5825991589999999,0.7441880845,1303.0,3690.0
0.9078270993646259,0.014292367,0.625452193,0.766598906,1303.0,3690.0
0.9011703950297809,0.0216051155,0.6454992465,0.780207503,1303.0,3690.0
0.8951287790496028,0.022084143,0.7028242714999999,0.7890038535,1303.0,3690.0
0.8976942488422254,0.015428863,0.749513858,0.8162898955,1303.0,3690.0
0.9055983958116475,0.0,0.7932920539999999,0.8089524105,1303.0,3690.0
0.8839077049715852,0.0,0.8253095855,0.8205483055,1303.0,3690.0
0.8022065911452532,0.0,0.8521199125,0.8059278965000001,1303.0,3690.0
0.7311275269576722,0.0,0.812030172,0.776981325,1303.0,3690.0
0.668553018329404,0.0,0.8022204725,0.733321087,1303.0,3690.0
0.64702009328637,0.0,0.7625930999999999,0.668610143,1303.0,3690.0
0.650870398327603,0.0,0.701335835,0.5673970225,1303.0,3690.0
0.6774222921763008,0.0,0.651941832,0.4917305585,1303.0,3690.0
0.7489132311513613,0.0014012995,0.6177287115000001,0.49205067199999997,1303.0,3690.0
0.7777629126686293,0.050124969,0.597701527,0.479860841,1303.0,3690.0
0.7756471725227164,0.128847777,0.537482208,0.47398931899999996,1303.0,3690.0
0.7750075707232915,0.145302465,0.5520122835,0.4514408605,1303.0,3690.0
0.7837368522136716,0.0979198325,0.5017444560000001,0.41736757550000003,1303.0,3690.0
0.8068512854365186,0.0005610975,0.4519682205,0.428328427,1303.0,3690.0
0.7998007560148123,0.0,0.43505367149999996,0.4783411995,1303.0,3690.0
0.7500870651820111,0.0,0.4306194565,0.53093378,1303.0,3690.0
0.6963855464569895,0.0,0.383103271,0.561787264,1303.0,3690.0
0.6796630446600477,0.0,0.38750701600000004,0.6012310734999999,1303.0,3690.0
0.6603743112010512,0.0,0.3874467355,0.6306946545000001,1303.0,3690.0
0.6618948367519676,0.0,0.3867354805,0.6714514174999999,1303.0,3690.0
0.6836357534755955,0.0,0.39794631550000004,0.6888047505,1303.0,3690.0
0.7567996048128341,0.00101077,0.40888987450000003,0.6878634915,1303.0,3690.0
0.7853552224263871,0.033391336,0.42172922700000004,0.5989221364999999,1303.0,3690.0
0.7848478801529042,0.056331256,0.43927874,0.529235176,1303.0,3690.0
0.7853927998987302,0.0448692485,0.41888386850000003,0.4424174405,1303.0,3690.0
0.7879053196166875,0.013726565999999999,0.36814328900000004,0.287617026,1303.0,3690.0
0.7997872764040062,0.0,0.2984043335,0.2340450805,1303.0,3690.0
0.788117581564015,0.0,0.2864568125,0.317058966,1303.0,3690.0
0.7451908923366144,0.0,0.32140903200000004,0.44736391600000003,1303.0,3690.0
0.6997202465421279,0.0,0.3798899465,0.5233588755,1303.0,3690.0
0.6928305524668232,0.0,0.3964841815,0.5549757424999999,1303.0,3690.0
0.6945891916275675,0.0,0.40819520600000003,0.5161917,1303.0,3690.0
0.7847446116992369,0.0,0.44421054000000004,0.527335719,1303.0,3690.0
0.90159893457188,0.0,0.427161589,0.441211211,1303.0,3690.0
0.9384175088697605,0.0010037075,0.3510756,0.334799564,1303.0,3690.0
0.9417886318084674,0.048633545,0.285463166,0.269774045,1303.0,3690.0
0.9400491741000966,0.118065423,0.189165481,0.222548839,1303.0,3690.0
0.9380858204340393,0.17663574,0.1953072,0.307067608,1303.0,3690.0
0.9364760372842044,0.2037230025,0.1973197455,0.378998697,1303.0,3690.0
0.9353545763502386,0.158921909,0.192242066,0.421599838,1303.0,3690.0
0.9386432964933388,0.083760109,0.187731659,0.429145217,1303.0,3690.0
0.9491193760053057,0.001398621,0.20400344,0.448006274,1303.0,3690.0
0.949851721464181,0.0,0.2229162165,0.411050369,1303.0,3690.0
0.8777036844372272,0.0,0.2558543845,0.4632021205,1303.0,3690.0
0.7909634974532121,0.0,0.268433286,0.492482939,1303.0,3690.0
0.732816112507485,0.0,0.27789995199999995,0.5737248104999999,1303.0,3690.0
0.709717651731961,0.0,0.27039219000000003,0.6354435629999999,1303.0,3690.0
0.7077062418647886,0.0,0.276050032,0.681822782,1303.0,3690.0
0.749566797408684,0.0,0.297869344,0.700736857,1303.0,3690.0
0.8770606668353589,0.0,0.31609181750000004,0.696817021,1303.0,3690.0
0.9448180031659024,0.0033281,0.3349080035,0.7208842655000001,1303.0,3690.0
0.9491075580645734,0.095825431,0.345178105,0.746826202,1303.0,3690.0
0.942328473087558,0.194607933,0.300880853,0.764060484,1303.0,3690.0
0.9371551552815273,0.250018364,0.301567016,0.784445335,1303.0,3690.0
0.9318848929126049,0.286786198,0.31233430100000004,0.787872379,1303.0,3690.0
0.9331140545251217,0.1747413635,0.330898515,0.790895224,1303.0,3690.0
0.9470452296419922,0.0010018915,0.35113117699999996,0.7745808085,1303.0,3690.0
0.9264803858953347,0.0,0.37899044800000004,0.7681682464999999,1303.0,3690.0
0.8165942814482751,0.0,0.38925355500000003,0.7870701485,1303.0,3690.0
0.7502516394517817,0.0,0.375842183,0.79838755,1303.0,3690.0
0.7199728139640681,0.0,0.3656081485,0.787794288,1303.0,3690.0
0.7154168927560354,0.0,0.348611841,0.7636213365,1303.0,3690.0
0.7386866908051586,0.0,0.324251278,0.719061429,1303.0,3690.0
0.8493267450733014,0.0,0.299336814,0.671652437,1303.0,3690.0
0.9144110033949668,0.0,0.284541067,0.644127349,1303.0,3690.0
0.9502036289847053,0.0038454385,0.271527567,0.6066657595,1303.0,3690.0
0.9549111989626645,0.095499474,0.259184463,0.592178563,1303.0,3690.0
0.951194723052839,0.145661992,0.185813437,0.502659559,1303.0,3690.0
0.9471884298767789,0.180211843,0.205376692,0.523385793,1303.0,3690.0
0.9421911354262865,0.1770077525,0.2078775355,0.5573597545,1303.0,3690.0
0.9399042651355731,0.10226812600000001,0.2012878605,0.6256138275,1303.0,3690.0
0.9487902735312093,0.0008263095,0.208978575,0.6878592975,1303.0,3690.0
0.9270867957190434,0.0,0.211989143,0.7213302404999999,1303.0,3690.0
0.8147857159619188,0.0,0.20517620949999998,0.735101893,1303.0,3690.0
0.7330497020929456,0.0,0.16781298249999999,0.6800461535,1303.0,3690.0
0.7118782175325433,0.0,0.1889339825,0.6632633809999999,1303.0,3690.0
0.711968421958626,0.0,0.1987812015,0.6488458345000001,1303.0,3690.0
0.7541294584221198,0.0,0.197925985,0.627017378,1303.0,3690.0
0.8802708158999237,0.0,0.1941500075,0.6019866565,1303.0,3690.0
0.9485384950545777,0.003538111,0.198645658,0.593843358,1303.0,3690.0
0.9525861049577563,0.096773369,0.19999456,0.61170574,1303.0,3690.0
0.944821326837456,0.18115048849999998,0.14447270150000002,0.5572294345,1303.0,3690.0
0.9357195021643085,0.2157384455,0.1330697515,0.5039318085,1303.0,3690.0
0.9358716125829014,0.097695789,0.13903697399999998,0.473761518,1303.0,3690.0
0.9465221916452612,0.001416716,0.141267495,0.475381164,1303.0,3690.0
0.9457020891941876,0.0,0.1438342725,0.46771434199999995,1303.0,3690.0
0.8730620367620343,0.0,0.14818783949999997,0.452329465,1303.0,3690.0
0.7681755817370555,0.0,0.140532821,0.433182312,1303.0,3690.0
0.7175158064211631,0.0,0.1461056435,0.4659846565,1303.0,3690.0
0.7145407236875413,0.0,0.147453193,0.435918161,1303.0,3690.0
0.7155117829326513,0.0,0.1434646715,0.3926307455,1303.0,3690.0
0.7587098927435049,0.0,0.142133561,0.367796043,1303.0,3690.0
0.8825567628933045,0.0,0.14592597000000002,0.3469251045,1303.0,3690.0
0.9511894606557305,0.003132612,0.153048978,0.326359085,1303.0,3690.0
0.9545393023531552,0.127503252,0.150175923,0.344078271,1303.0,3690.0
0.9507776783305465,0.208828325,0.115037616,0.364982797,1303.0,3690.0
0.9476818305593832,0.273430813,0.113492767,0.372455029,1303.0,3690.0
0.9439679402797763,0.28310916249999996,0.1195122495,0.399320853,1303.0,3690.0
0.9433438032135631,0.202861066,0.12220436,0.480993081,1303.0,3690.0
0.9483726743665488,0.056242930999999996,0.1447681975,0.5158497205,1303.0,3690.0
0.946657821571014,0.0,0.1692692965,0.510103391,1303.0,3690.0
0.8717398090319536,0.0,0.17458959699999999,0.5440212115,1303.0,3690.0
0.7649577231729041,0.0,0.162364564,0.5884000715,1303.0,3690.0
0.6950948023042942,0.0,0.17236082600000002,0.5744019254999999,1303.0,3690.0
0.6810765850381351,0.0,0.1871373475,0.5921456620000001,1303.0,3690.0
0.6821059720843338,0.0,0.200660176,0.6200587205,1303.0,3690.0
0.6989097227209193,0.0,0.2101896675,0.696804134,1303.0,3690.0
0.7672146326971592,0.0023260005,0.2238845175,0.7800914084999999,1303.0,3690.0
0.8025639463188833,0.035164757,0.241217555,0.838010002,1303.0,3690.0
0.802058312443731,0.0685247625,0.25682900000000003,0.8627075445,1303.0,3690.0
0.7994362457839637,0.077952786,0.335722972,0.9001906879999999,1303.0,3690.0
0.8037349411936651,0.034256318,0.43536963149999997,0.9093815525,1303.0,3690.0
0.8195989090337277,0.0,0.5071484855,0.9119270509999999,1303.0,3690.0
0.8035491314166509,0.0,0.5730195204999999,0.9186966729999999,1303.0,3690.0
0.7499736865231301,0.0,0.6276635239999999,0.9118916515,1303.0,3690.0
0.6964738118261111,0.0,0.590559981,0.879919153,1303.0,3690.0
0.6789858653882795,0.0,0.6405076955,0.864409762,1303.0,3690.0
0.6603200223783942,0.0,0.6698618615,0.841326311,1303.0,3690.0
0.6604390561174451,0.0,0.669455206,0.795420037,1303.0,3690.0
0.6698133865963878,0.0,0.6679214425,0.768508537,1303.0,3690.0
0.697692217654375,0.0,0.647143715,0.696743083,1303.0,3690.0
0.7624680545668192,0.000835435,0.6000979695,0.656736744,1303.0,3690.0
0.797439746870447,0.050102094,0.548687479,0.682624727,1303.0,3690.0
0.798145870486233,0.103597953,0.450074876,0.73173517,1303.0,3690.0
0.794650335717505,0.156110499,0.470827544,0.778454081,1303.0,3690.0
0.791214582959735,0.15582915549999998,0.5172631830000001,0.7633251560000001,1303.0,3690.0
0.7919802121938101,0.087826046,0.468069587,0.685953627,1303.0,3690.0
0.7998146976056908,0.037685884,0.438837774,0.635382537,1303.0,3690.0
0.8167026747655285,0.0,0.413884485,0.580971318,1303.0,3690.0
0.8166461700292734,0.0,0.381171862,0.519063011,1303.0,3690.0
0.8043778205991989,0.0,0.3168521855,0.420041616,1303.0,3690.0
0.7503388893926813,0.0,0.2557648255,0.38463052200000003,1303.0,3690.0
0.6966355704698453,0.0,0.20765116,0.361476517,1303.0,3690.0
0.6958189762835105,0.0,0.2056674205,0.401669208,1303.0,3690.0
0.6831659890058619,0.0,0.1816650005,0.40050851249999997,1303.0,3690.0
0.7058152971126572,0.0,0.160711002,0.3731093685,1303.0,3690.0
0.8074157783567022,0.0,0.14143427,0.340742099,1303.0,3690.0
0.8794766111767951,0.0,0.123677249,0.322552918,1303.0,3690.0
0.9225963808991494,0.0,0.112727565,0.3030891175,1303.0,3690.0
0.9220647107683118,0.016855408,0.104736067,0.331342061,1303.0,3690.0
0.9198852180352234,0.034085253,0.093216121,0.358638955,1303.0,3690.0
0.9185026999172614,0.05136889,0.10253521,0.429572869,1303.0,3690.0
0.9117135968659218,0.058810079,0.1085418395,0.508993508,1303.0,3690.0
0.9113802931569778,0.034754178499999996,0.1249405775,0.6210302415,1303.0,3690.0
0.9228189837103207,0.0005566485,0.1733890455,0.7351561465,1303.0,3690.0
0.9034328907348825,0.0,0.2185198445,0.8007090255,1303.0,3690.0
0.8051272924613597,0.0,0.2613937385,0.844586661,1303.0,3690.0
0.7179456391097774,0.0,0.3160907985,0.8890343814999999,1303.0,3690.0
