Demand,Avail_Sol,Avail_Wind_On,Avail_Wind_Off,Hyd_In,HydRoR_In
0.6599634792213459,0.0,0.5659068666,0.7751394142,0.0,0.0
0.8821838056153428,0.0022505654,0.7130672773999999,0.860200782,0.0,0.0
0.9262430777584654,0.09288890649999999,0.8033785883333334,0.8768618306666666,0.0,0.0
0.8697362672170863,0.0,0.64625246,0.8783185022857144,0.0,0.0
0.6704710550821549,0.0,0.4766746420000001,0.7823907173333334,0.0,0.0
0.9051910393717917,0.013734069800000002,0.38450081180000006,0.6862079722,0.0,0.0
0.9304807354882851,0.29042412666666667,0.3501499561666667,0.6247638596666667,0.0,0.0
0.8737192537921158,0.0,0.4959515648571428,0.6740140767142856,0.0,0.0
0.674118335786925,0.0,0.8024494783333332,0.8878413856666668,0.0,0.0
0.8993007645738361,0.0,0.90373976925,0.93032362725,0.0,0.0
0.940134991703459,0.05030774633333334,0.5314279483333334,0.7587359288333332,0.0,0.0
0.9007089019454868,0.0021657585714285714,0.16697590742857144,0.3400447505714285,0.0,0.0
0.706174619859768,0.0,0.35475107549999996,0.398920224875,0.0,0.0
0.9313322781869993,0.042007296,0.4144194198,0.4793817636,0.0,0.0
0.9381394686402645,0.20412531475,0.32972135975,0.36481358475000003,0.0,0.0
0.9039321464422265,0.0031758055714285714,0.14809008114285716,0.17782110599999998,0.0,0.0
0.6882328606610001,0.0,0.13046153314285713,0.1609529667142857,0.0,0.0
0.9101503352241019,0.0054342378,0.117705091,0.18568207779999998,0.0,0.0
0.9434382171617165,0.11035421249999999,0.12425488166666666,0.17747089000000002,0.0,0.0
0.942011118145107,0.0,0.11463661224999999,0.17338436999999998,0.0,0.0
0.7466254733468773,0.0,0.09644113559999999,0.13796772399999999,0.0,0.0
0.69110544725967,0.0,0.089630761375,0.12103833600000001,0.0,0.0
0.8150889445006914,0.19978188333333333,0.15082226783333333,0.336820144,0.0,0.0
0.8173073679904973,0.006471352428571429,0.346975866,0.5740564844285714,0.0,0.0
0.6813904595939574,0.0,0.17614557857142857,0.22358884471428572,0.0,0.0
0.7597025300629058,0.0250680904,0.0824577418,0.10324289499999999,0.0,0.0
0.8202141415080668,0.48353355350000005,0.1547966775,0.31664950925,0.0,0.0
0.8339474847075656,0.11247318425,0.25541302175,0.43748674275000005,0.0,0.0
0.8013334577279912,0.0,0.30042878125,0.4862187785,0.0,0.0
0.7055376618192863,0.0,0.247020112,0.4342677728571428,0.0,0.0
0.9233842741279885,0.013022003800000001,0.1471863862,0.21647834919999998,0.0,0.0
0.9533837072375314,0.2374257765,0.09366585066666666,0.09798430333333334,0.0,0.0
0.9112440637348768,0.0,0.2589395738333333,0.23542993266666667,0.0,0.0
0.6952074565979526,0.0,0.6316862344285715,0.6019121991428572,0.0,0.0
0.9096498976738814,0.0,0.8409516527500001,0.8692533,0.0,0.0
0.941578161224306,0.33127660583333335,0.9076836101666667,0.9250934430000001,0.0,0.0
0.9015241737840516,0.005526820714285715,0.8640991805714286,0.9289338314285717,0.0,0.0
0.6858110610694987,0.0,0.6121705758571429,0.815510563,0.0,0.0
0.9086808343027833,0.0009606781999999999,0.40731777100000005,0.639844978,0.0,0.0
0.9409367000533787,0.021379732,0.25413337249999995,0.49320778083333333,0.0,0.0
0.9373724538091303,0.0,0.29702778274999997,0.4966884835,0.0,0.0
0.7271103113574462,0.0,0.1855943431,0.25710179499999997,0.0,0.0
0.92093064373723,0.0,0.119286834,0.21115913266666667,0.0,0.0
0.939400819961105,0.018009781142857142,0.14063622414285715,0.23845625857142855,0.0,0.0
0.8986822851247318,0.0,0.28706966600000006,0.4507726728333334,0.0,0.0
0.6892137353359732,0.0,0.3828921075714286,0.5050095069999999,0.0,0.0
0.9038895945362446,0.0,0.42790234825,0.57293785375,0.0,0.0
0.9470633542767697,0.05099485233333333,0.44556710322222215,0.6020055468888889,0.0,0.0
0.7976296154034384,0.0,0.478889306,0.6725369729999999,0.0,0.0
0.658578169436614,0.0,0.5042251493333333,0.7473845788333332,0.0,0.0
0.8042394408637396,0.025035833142857143,0.5571539165714287,0.7948787211428571,0.0,0.0
0.8162311018841778,0.006173428625,0.5565909847500001,0.7629901888749999,0.0,0.0
0.6722479318943314,0.0,0.43849454050000003,0.6617518676666666,0.0,0.0
0.7057082514289768,0.0,0.41309205375,0.692946134,0.0,0.0
0.8130797359005533,0.057368881249999996,0.45302798025,0.7525466035000001,0.0,0.0
0.8226021216155539,0.12543036375,0.5464727979999999,0.744410961,0.0,0.0
0.8165766143684737,0.0,0.7323798558333333,0.8605195123333335,0.0,0.0
0.7012191456726689,0.0,0.8283524414285715,0.9151314077142857,0.0,0.0
0.9218710653037704,0.004121948,0.9066877962,0.9357306555999999,0.0,0.0
0.9522788932057411,0.031367437166666665,0.9202111901666666,0.9369065441666667,0.0,0.0
0.902205010391731,0.0,0.9269671771666667,0.9129563826666667,0.0,0.0
0.6898232102158607,0.0,0.8567929378571428,0.9255449461428571,0.0,0.0
0.8998207106565896,0.0,0.6885161080000001,0.8916552057499999,0.0,0.0
0.9431804588177641,0.1286475112857143,0.413853515,0.7084378468571428,0.0,0.0
0.9025665761750852,0.0,0.36492984300000003,0.5384807058333333,0.0,0.0
0.6951804624631174,0.0,0.33539833428571425,0.43128678828571426,0.0,0.0
0.918250000252838,0.016370573399999998,0.22631455800000003,0.3249864038,0.0,0.0
0.9485772824847404,0.21750881450000004,0.2144984841666667,0.36448497249999995,0.0,0.0
0.9063016384462065,0.0,0.26775034583333335,0.4271586168333333,0.0,0.0
0.7365652159178298,0.0,0.35015707766666665,0.4518394586666667,0.0,0.0
0.9410278801690142,0.007609473333333333,0.259160504,0.35342864333333335,0.0,0.0
0.9499534118089307,0.06868330733333333,0.15067883166666665,0.2465076001666667,0.0,0.0
0.9059571869727209,0.0,0.0777401305,0.14714377466666667,0.0,0.0
0.6998594972147262,0.0,0.04662449085714286,0.05605557314285713,0.0,0.0
0.9121635609820807,0.0,0.051195473000000005,0.06608938,0.0,0.0
0.9508399909161095,0.22973027083333333,0.08578592366666667,0.13306274333333332,0.0,0.0
0.9469821318762678,0.025600448400000003,0.16632083179999996,0.2664817226,0.0,0.0
0.8011317428594964,0.0,0.20719661366666664,0.3224884673333333,0.0,0.0
0.6505500372149235,0.0,0.2036836991666667,0.31355316850000003,0.0,0.0
0.7348456461380899,0.000310033,0.24280458375000002,0.34784974350000003,0.0,0.0
0.8153239645303607,0.21179507800000003,0.2556913406,0.341884227,0.0,0.0
0.8127414452189097,0.0245674475,0.191114854125,0.27686548450000004,0.0,0.0
0.6631252802587401,0.0,0.0708596665,0.10385468233333334,0.0,0.0
0.7194717192469531,0.0003767724,0.038991091,0.045355861399999996,0.0,0.0
0.8170332464578469,0.30132826149999997,0.036732289333333334,0.02359544466666667,0.0,0.0
0.8378810309647818,0.047632419,0.08095502366666667,0.07457737266666666,0.0,0.0
0.7857281257280075,0.0,0.24320442920000002,0.296711112,0.0,0.0
0.6929002194646352,0.0,0.41050266750000003,0.5446067026666667,0.0,0.0
0.9119828771719201,0.0002782185,0.5234156595,0.724049815,0.0,0.0
0.9533402075738636,0.05184162899999999,0.43363958066666664,0.6822480768888889,0.0,0.0
0.8796269601692446,0.0,0.220968874,0.4812213405,0.0,0.0
0.6945309633786926,0.0,0.16340913114285716,0.32610061128571427,0.0,0.0
0.9099107965619843,0.00032939825,0.37144307774999996,0.598158022,0.0,0.0
0.9478003715843178,0.05219513999999999,0.588925975142857,0.7973548444285715,0.0,0.0
0.8951336978353531,0.00027721399999999997,0.8549163373333334,0.9253856506666666,0.0,0.0
0.6757992144706402,0.0,0.8941655272857144,0.9369692857142856,0.0,0.0
0.8698056826662948,0.00044570125,0.7816601237499999,0.9205699012499999,0.0,0.0
0.9073147693758637,0.027900841,0.8869987922857143,0.8754172827142856,0.0,0.0
0.8541156060821341,0.00017319842857142857,0.897582534,0.9347388571428571,0.0,0.0
0.7078052948955993,0.0,0.84538641375,0.927605665375,0.0,0.0
0.9177985771831381,0.05947828366666666,0.8039653396666667,0.9304186743333333,0.0,0.0
0.922456992383311,0.3438170295,0.7042919916666666,0.8803361883333333,0.0,0.0
0.8659781035027809,0.0006968174285714286,0.5233089984285714,0.7401188847142858,0.0,0.0
0.6679460266941745,0.0,0.29481040025,0.52330864425,0.0,0.0
0.7721673053983209,0.0,0.20612567675000001,0.365955763,0.0,0.0
0.9319829594263012,0.049123194333333335,0.19157723433333337,0.35027284566666667,0.0,0.0
0.9348409369753163,0.21422625566666664,0.18610119216666665,0.33559088016666666,0.0,0.0
0.891969703795375,0.0010123948333333333,0.2176379953333333,0.37534964533333337,0.0,0.0
0.6580719944707766,0.0,0.251387123125,0.417171916875,0.0,0.0
0.7624396044484195,0.0300128435,0.2067464565,0.3080488285,0.0,0.0
0.8046110040416679,0.2166191235,0.45735578450000003,0.5761241035,0.0,0.0
0.8153730079636425,0.06026198025,0.7269114299999999,0.8347272722499999,0.0,0.0
0.7895790871756754,0.0,0.9050856285,0.9255974677500001,0.0,0.0
0.6462396874570494,0.0,0.9151050217142858,0.9369040735714285,0.0,0.0
0.7119172352373102,0.00138221025,0.92676198675,0.933340775,0.0,0.0
0.7995291491675562,0.2368954372222222,0.9032633177777777,0.9215346675555556,0.0,0.0
0.7850085907621362,0.0,0.683596549,0.8886314915,0.0,0.0
0.6700258094060647,0.0,0.6472791727142857,0.7904066554285715,0.0,0.0
0.8763870731012865,0.0013946782,0.9162579308,0.9111608302,0.0,0.0
0.9205444960265404,0.11259562849999999,0.9017942505,0.9347277535000001,0.0,0.0
0.8885848688593135,0.001475876,0.9106554680000002,0.9366507365,0.0,0.0
0.6805680947199589,0.0,0.9084498354285715,0.9365772240000002,0.0,0.0
0.8991131313949372,0.040630322999999996,0.8377974187999999,0.9331264204,0.0,0.0
0.9277242477722287,0.38542582324999997,0.768499345,0.9218765322500001,0.0,0.0
0.9327456079818636,0.13034287349999998,0.61164324525,0.869266794,0.0,0.0
0.8456455652876318,0.0,0.585490729,0.8420772157999998,0.0,0.0
0.7232013969064816,0.0,0.714463119,0.8757190612500001,0.0,0.0
0.9362501520940297,0.004082524333333334,0.8502528706666667,0.927119323,0.0,0.0
0.9307325437494248,0.029295347666666666,0.8457277621666667,0.9271505846666668,0.0,0.0
0.8930804308842489,0.0010533761666666668,0.8003178746666667,0.9155691678333334,0.0,0.0
0.7495071478832908,0.0,0.8184847293333333,0.9160506226666665,0.0,0.0
0.9702555634583009,0.08544989266666668,0.7952104016666666,0.9184202653333333,0.0,0.0
0.9680505378853841,0.3268257665,0.7372362973333334,0.875008543,0.0,0.0
0.9288690435804402,0.0041383285,0.667872671,0.7551093058333332,0.0,0.0
0.7090289341363292,0.0,0.48139613850000007,0.7809574730000001,0.0,0.0
0.8897884554825243,0.00072781,0.4764283241999999,0.6531400789999999,0.0,0.0
0.9758823000540607,0.1001176342857143,0.4699333868571429,0.6399164255714285,0.0,0.0
0.9439709723949319,0.0013672248333333333,0.3974252473333333,0.587196182,0.0,0.0
0.723120461812237,0.0,0.281338745125,0.526554592,0.0,0.0
0.8200325889664286,0.01520540475,0.25279029325,0.52254750775,0.0,0.0
0.8598318159612074,0.10371080633333334,0.3710715528333333,0.6113573066666668,0.0,0.0
0.8523984652160648,0.0024080073333333334,0.49614125716666674,0.6957118263333334,0.0,0.0
0.7053650629939974,0.0,0.68192337875,0.78367340975,0.0,0.0
0.8126990059880046,0.039068894,0.743531949,0.887110058,0.0,0.0
0.8558490220778122,0.27429746425,0.64698949875,0.8231269857500001,0.0,0.0
0.8696176150844969,0.087389299,0.5195434055,0.7644154357499999,0.0,0.0
0.838838269760146,0.0,0.44305898950000006,0.67962840825,0.0,0.0
0.7618476900124255,0.0,0.26330115099999996,0.366852110625,0.0,0.0
0.9841666949069428,0.010519575333333335,0.16562378266666666,0.193919088,0.0,0.0
0.9899172881090325,0.292244166,0.07845694142857143,0.07016440228571429,0.0,0.0
0.9495702511105447,0.007261813166666666,0.054297406,0.031446519,0.0,0.0
0.7589086687312806,0.0,0.049931672499999996,0.018354065250000003,0.0,0.0
0.8184104303492667,0.0,0.049993851,0.035861250600000005,0.0,0.0
0.9952214489996948,0.06998827666666667,0.051358855,0.041468628333333334,0.0,0.0
0.9893922312175116,0.293367403,0.06550222625,0.09602773375,0.0,0.0
0.9937871414961761,0.08576461,0.05345946975,0.07797313575,0.0,0.0
0.9246998966255768,0.0,0.09636967225000001,0.10635318025,0.0,0.0
0.7529890426104026,0.0,0.16243018114285718,0.24130643628571427,0.0,0.0
0.9669106264627407,0.0762728852,0.22959987580000002,0.324409388,0.0,0.0
0.9870253048980229,0.577631894,0.278118816,0.45571485075,0.0,0.0
0.9896246468017553,0.23356873675,0.30124348725,0.386132283,0.0,0.0
0.9214626750151607,0.0,0.31240253625,0.4641671955,0.0,0.0
0.7431238721105902,0.0,0.3183981831666666,0.44219730599999996,0.0,0.0
0.9311833694315279,0.056763421499999994,0.394508281,0.5084197983333333,0.0,0.0
0.9797282823922977,0.4979398755,0.4147971363333333,0.5998779823333333,0.0,0.0
0.9843261114932235,0.03413858875,0.4897920765,0.6408600197500001,0.0,0.0
0.7751384160847901,0.0,0.579281524125,0.729549526625,0.0,0.0
0.9326132649771854,0.0438316195,0.6244879226666668,0.7670159626666666,0.0,0.0
0.9860789322074762,0.32026287875,0.5440307745,0.7866546947499999,0.0,0.0
0.9913809421074767,0.1317343305,0.50817531175,0.7492760642499999,0.0,0.0
0.921658857830244,0.0,0.5044248165,0.7378294440000001,0.0,0.0
0.7243355114819394,0.0,0.3311550388333333,0.5418460276666667,0.0,0.0
0.7512775998101149,0.0,0.3657357525,0.53478381025,0.0,0.0
0.8513906757840122,0.1627016825,0.36747431725,0.59733056425,0.0,0.0
0.8562129728903939,0.17662374025,0.33141265425,0.53164169875,0.0,0.0
0.849306174731837,0.010025734,0.479749706,0.6437632878333334,0.0,0.0
0.6950357207735054,0.0,0.6849584238749999,0.781374313875,0.0,0.0
0.8049451342657771,0.01196392675,0.8765764892499999,0.9166060682499999,0.0,0.0
0.8529638947068224,0.06165450666666667,0.8928691823333333,0.935037754,0.0,0.0
0.8268294990306272,0.006903737285714286,0.9119758457142858,0.8809668914285715,0.0,0.0
0.6994969473864421,0.0,0.9092199183333335,0.9003594331666668,0.0,0.0
0.919753486102167,0.0,0.8983434726666667,0.9292097173333334,0.0,0.0
0.9742091425514157,0.12827952274999999,0.88618005125,0.93519233875,0.0,0.0
0.9699505222990824,0.326414919,0.8359609469999999,0.9350159662499999,0.0,0.0
0.9344784720634296,0.023545047166666666,0.6764876675,0.8973807708333333,0.0,0.0
0.7193253373265623,0.0,0.529787004,0.7812789898333333,0.0,0.0
0.9188635465720831,0.0649667615,0.39164565283333336,0.5833348903333334,0.0,0.0
0.9756439377208063,0.43598363883333335,0.29344452233333335,0.4738495490000001,0.0,0.0
0.9767115587635125,0.04403033325,0.32896964475,0.4607850695,0.0,0.0
0.8404082577138491,0.0,0.39169542766666665,0.5078208953333333,0.0,0.0
0.7529434275349132,0.0,0.32425030214285716,0.4149799535714286,0.0,0.0
0.979360003467684,0.164032849,0.3903379815,0.49364301650000003,0.0,0.0
0.9716800031289852,0.7076094077499999,0.43280597374999996,0.5698223400000001,0.0,0.0
0.9777732363644669,0.346023221,0.61891530225,0.696492494,0.0,0.0
0.9123652300939658,0.0,0.8309250285,0.85773683375,0.0,0.0
0.7632211974626371,0.0,0.8779016511111112,0.9041674412222223,0.0,0.0
0.9836311050926203,0.024275159,0.9107201453333333,0.9276373903333334,0.0,0.0
0.9852787821339611,0.06029389275,0.872018576375,0.9335403612500002,0.0,0.0
0.9153065087651969,0.0,0.6679180895,0.885548729,0.0,0.0
0.7177961387893664,0.0,0.5045769999999999,0.7205567725,0.0,0.0
0.9123900482611668,0.06408971549999999,0.5421411426666666,0.6799076993333334,0.0,0.0
0.9657450359252451,0.34078723183333337,0.6399715345,0.701432578,0.0,0.0
0.907467224673825,0.019549056714285716,0.36464686500000004,0.5604282921428572,0.0,0.0
0.6828985057252559,0.0,0.14144896512500002,0.20389965937500001,0.0,0.0
0.8221859818839391,0.072883603,0.033784522,0.044428240333333334,0.0,0.0
0.8411575714010188,0.25965316366666663,0.040093390666666666,0.05928799716666667,0.0,0.0
0.8408184691650796,0.025903031999999996,0.08987506216666667,0.12018350866666666,0.0,0.0
0.6915788564919056,0.0,0.21617444275,0.32729446475,0.0,0.0
0.8059023768019362,0.03927723725,0.36195691725,0.53937735125,0.0,0.0
0.8457756009551803,0.20122350349999998,0.40160059266666664,0.6248058305,0.0,0.0
0.8157583783879472,0.013120345,0.35382288525000005,0.551125394625,0.0,0.0
0.6997036798995093,0.0,0.19510411075,0.27097813075,0.0,0.0
0.9193567619257529,0.03578832566666667,0.10873047699999999,0.13033615316666666,0.0,0.0
0.9725274919828181,0.20158172516666664,0.09501752899999999,0.12864411733333334,0.0,0.0
0.9731624838082618,0.010876465,0.12189180424999999,0.24298635950000003,0.0,0.0
0.7530585665992868,0.0,0.194559202875,0.417646518875,0.0,0.0
0.9155502399442038,0.06411034833333333,0.3034390001666667,0.4682442114999999,0.0,0.0
0.9738613459402594,0.3823754361666667,0.23901298833333331,0.2917502805,0.0,0.0
0.9388179473916805,0.037525647333333335,0.14566224533333336,0.16603473683333334,0.0,0.0
0.7341692704318126,0.0,0.03916789783333333,0.05410452683333333,0.0,0.0
0.9293421194607848,0.0418033905,0.04573353166666667,0.08193871383333333,0.0,0.0
0.9754221976342567,0.35988162200000007,0.087490231,0.10984438125,0.0,0.0
0.9783783351885683,0.120800179,0.13570837400000002,0.12279891249999998,0.0,0.0
0.9153403640982004,0.0,0.13957261575000002,0.0882661005,0.0,0.0
0.7206882155662551,0.0,0.127838712,0.15815251883333334,0.0,0.0
0.9203566342008461,0.053763140833333334,0.1616536155,0.18863439416666664,0.0,0.0
0.9826537481860992,0.36689960639999997,0.1395833108,0.1032930688,0.0,0.0
0.9902103376265662,0.13184458975,0.13651799075,0.11093336300000001,0.0,0.0
0.8753298440535716,0.0,0.14389904150000002,0.14330141975000002,0.0,0.0
0.7617133013494808,0.0,0.057082810000000005,0.08161479814285713,0.0,0.0
0.9844258030938907,0.07629754799999999,0.06907339824999999,0.0535412415,0.0,0.0
0.98430946634521,0.35845747328571426,0.06408015828571427,0.05482337557142858,0.0,0.0
0.9145235759972765,0.0017481466666666669,0.14897319316666668,0.18333659466666666,0.0,0.0
0.7069488689484196,0.0,0.2504294997142857,0.42087545928571435,0.0,0.0
0.8197081856140762,0.052659788750000006,0.38325838625,0.5840785584999999,0.0,0.0
0.8593469291776104,0.43309495366666667,0.2917785236666667,0.37531643649999996,0.0,0.0
0.8537678432726162,0.03670604633333333,0.21740220966666668,0.2848480315,0.0,0.0
0.7201026771230943,0.0,0.11098597683333333,0.17624188783333336,0.0,0.0
0.7873716537323864,0.05035101616666667,0.18238832933333335,0.3640021895,0.0,0.0
0.8601373828755174,0.42000172525,0.3910651785,0.547453204,0.0,0.0
0.8703007953461596,0.3135922403333333,0.45051506866666663,0.648171658,0.0,0.0
0.8366393172438062,0.002312513,0.488618924,0.7723098253333333,0.0,0.0
0.7648852876419018,0.0,0.49690093657142853,0.7851568062857143,0.0,0.0
0.9834904411481001,0.09753401633333332,0.4924512816666667,0.7588481456666667,0.0,0.0
0.9895908219029669,0.49951282133333347,0.49083862450000004,0.6735088148333334,0.0,0.0
0.9888582263185125,0.1297129564,0.4826901974,0.7599174138,0.0,0.0
0.8087077905894098,0.0,0.49011105239999997,0.8214444362,0.0,0.0
0.7434585776491293,0.0,0.50347187175,0.84939968925,0.0,0.0
0.9668894125885414,0.1207108718,0.6811105974,0.9160411314000001,0.0,0.0
0.9914545811281886,0.463428406,0.7853323510000001,0.9134796648333333,0.0,0.0
0.9318936494674356,0.02222150014285714,0.867148841,0.91998393,0.0,0.0
0.7505985914389456,0.0,0.8182285896666667,0.8827687808333334,0.0,0.0
0.9705384214364852,0.131227066,0.7888330038,0.9014952004,0.0,0.0
0.992157382738316,0.46127207016666666,0.8212113548333333,0.9235020519999999,0.0,0.0
0.9315060648703731,0.027105908285714287,0.8276564094285713,0.9267467975714286,0.0,0.0
0.7323722008337907,0.0,0.7926420551666666,0.9068751883333332,0.0,0.0
0.9568945789165791,0.09578778800000001,0.797881144,0.9103570136,0.0,0.0
0.9848850564399703,0.29208825850000003,0.7681345131666667,0.862619365,0.0,0.0
0.9428464837145435,0.012556860000000001,0.752804346,0.9095868850000001,0.0,0.0
0.7393533161869605,0.0,0.6780983496666667,0.8232791315000001,0.0,0.0
0.9249432849025179,0.04219156583333333,0.6861931253333333,0.8154176529999999,0.0,0.0
0.9846144573735306,0.18581881916666665,0.7123126701666666,0.8298922910000001,0.0,0.0
0.9223805252774518,0.011821430714285713,0.6050155154285715,0.834850411,0.0,0.0
0.7036963378289365,0.0,0.4349775252857143,0.6350603354285715,0.0,0.0
0.7955163099052975,0.04743299233333333,0.37958316566666667,0.5873445976666667,0.0,0.0
0.8489247862358978,0.24133163042857145,0.4991620551428571,0.5827817835714286,0.0,0.0
0.8447243550809175,0.020214695833333334,0.44199431933333333,0.5741011805,0.0,0.0
0.7150216096450099,0.0,0.41361363300000004,0.5323795533333333,0.0,0.0
0.8315938399687236,0.29664116825000003,0.5525421765,0.677632515,0.0,0.0
0.8479135177708462,0.5495648785,0.6062185845,0.70477218075,0.0,0.0
0.8663207979670388,0.200798437,0.6280720195,0.77963920675,0.0,0.0
0.7891862552814422,0.0,0.6481619778,0.8254490076,0.0,0.0
0.7100637285893899,0.0,0.72532814075,0.86967994325,0.0,0.0
0.921043494921562,0.008990174166666667,0.7999207801666666,0.8993676329999999,0.0,0.0
0.982534246319395,0.09509210616666665,0.6353597565000001,0.8127376568333332,0.0,0.0
0.9133230425350888,0.008016545142857143,0.46857708057142855,0.7316546685714285,0.0,0.0
0.7072822703616427,0.0,0.1386840155,0.25985353166666664,0.0,0.0
0.9294269293496136,0.012818425333333333,0.10539012699999999,0.155251812,0.0,0.0
0.9682483635089263,0.2481235108,0.1271912352,0.20187300419999996,0.0,0.0
0.9690922375385531,0.28429333840000004,0.3081087578,0.4073685898,0.0,0.0
0.911880671013907,0.000390362,0.4975794365,0.6005692645,0.0,0.0
0.7264543044005356,0.0,0.42040437485714294,0.6027857851428571,0.0,0.0
0.9497666380788882,0.042804849199999995,0.3574473976,0.5805776220000001,0.0,0.0
0.9756325992229647,0.20263190533333333,0.19238007383333336,0.3149688948333333,0.0,0.0
0.9870761069731046,0.025467454,0.16966574966666667,0.23814980266666666,0.0,0.0
0.8678606110591782,0.0,0.15264944375,0.22934311075000002,0.0,0.0
0.7172323476428871,0.0,0.1252752808333333,0.19676000416666664,0.0,0.0
0.9521831198399479,0.0250370382,0.1090579072,0.15939369820000002,0.0,0.0
0.9794140973679163,0.1365306755,0.135723128,0.1594946936666667,0.0,0.0
0.9853577817756314,0.049681289999999996,0.16261464533333334,0.18507504966666666,0.0,0.0
0.8625978057421142,0.0,0.248594858,0.27992045774999996,0.0,0.0
0.7031543777347213,0.0,0.1980809885,0.296771672,0.0,0.0
0.9457682035358349,0.05436163819999999,0.1898479952,0.3599574234,0.0,0.0
0.9778251555375084,0.1980787804,0.1645867712,0.3393132876,0.0,0.0
0.9643874535114848,0.051815172,0.0822424115,0.13093839716666666,0.0,0.0
0.7294675416518713,0.0,0.09235316862500001,0.09552004312500001,0.0,0.0
0.77211500217447,0.022149349999999998,0.26976389925,0.2844455245,0.0,0.0
0.843762273320529,0.15578722957142857,0.4802645428571428,0.5113262481428571,0.0,0.0
0.8295908971946563,0.010193292285714283,0.6993773640000001,0.767776804,0.0,0.0
0.6752586847827644,0.0,0.5210452062857143,0.7011603905714285,0.0,0.0
0.7915321482287536,0.013400619249999999,0.5154275842499999,0.7320684824999999,0.0,0.0
0.8337257903578073,0.09040798280000001,0.4125446954,0.6969299848,0.0,0.0
0.8519626050668553,0.031956356,0.504058711,0.7708726754999999,0.0,0.0
0.7897430947453405,0.0,0.69507823375,0.8597074505,0.0,0.0
0.6889366125639658,0.0,0.50430505925,0.71045632,0.0,0.0
0.7942727979024835,0.0,0.250202238,0.4365762005,0.0,0.0
0.959634993068874,0.081987737,0.11417293575000001,0.1796409625,0.0,0.0
0.9504018524246465,0.14985619125,0.06420714875,0.039850672499999996,0.0,0.0
0.9591539543616674,0.036021926,0.0649137875,0.04814786125,0.0,0.0
0.8768274503519433,0.0,0.09832712533333333,0.11218449800000001,0.0,0.0
0.7069153303690782,0.0,0.17902623685714286,0.31456650942857145,0.0,0.0
0.9290989674360962,0.00782112725,0.2741237055,0.44437546550000007,0.0,0.0
0.9705417528446953,0.10294222800000001,0.31096337683333325,0.5247966156666667,0.0,0.0
0.9767214342389641,0.0464778505,0.32563580225,0.5469469355000001,0.0,0.0
0.831298646826036,0.0,0.27062129039999994,0.41005238720000003,0.0,0.0
0.6950720221218404,0.0,0.217556915,0.3046763875,0.0,0.0
0.8789839140780394,0.04040571225,0.17588077575,0.21722578625,0.0,0.0
0.9736193826088759,0.4047563025,0.1038838775,0.14171267799999998,0.0,0.0
0.9682815894915944,0.41161926983333336,0.08194711366666667,0.0612498635,0.0,0.0
0.972903962393476,0.05569988775,0.23590177150000002,0.25303708775,0.0,0.0
0.8347823397328252,0.0,0.305480305,0.4577084396666667,0.0,0.0
0.7064141848276009,0.0,0.48290187283333336,0.6261530346666667,0.0,0.0
0.9285896511192004,0.018943251666666668,0.731443237,0.8592465926666666,0.0,0.0
0.9798649992036843,0.22348550866666664,0.8490017035,0.88601517,0.0,0.0
0.9826074128975355,0.20756582833333334,0.911285561,0.9184940243333334,0.0,0.0
0.9099472122089435,0.013041410333333335,0.9247493193333334,0.9343865791666666,0.0,0.0
0.7464229251421853,0.0,0.9267393508571429,0.9355638487142857,0.0,0.0
0.9748558690273532,0.1557878425,0.92544215625,0.93658164575,0.0,0.0
0.9855431899654962,0.23731258885714285,0.9229792017142857,0.932738525142857,0.0,0.0
0.9111073773948655,0.0131658275,0.9016813720000001,0.9348605775,0.0,0.0
0.7041882545251504,0.0,0.901948299,0.9353842128571429,0.0,0.0
0.8083227493191307,0.237278447,0.92157608125,0.934711046,0.0,0.0
0.8491742736859681,0.5129907943333333,0.9260382531666668,0.9304706603333334,0.0,0.0
0.8704563029132992,0.10005939600000001,0.8926597486666666,0.9263832676666667,0.0,0.0
0.7871797137020522,0.0,0.865342436,0.9091792640000002,0.0,0.0
0.7085971256253919,0.0005368430000000001,0.7495227367142858,0.8130749148571429,0.0,0.0
0.8307889465054007,0.41929064675,0.644125587,0.63154045325,0.0,0.0
0.8437571265672178,0.70733602475,0.53190068125,0.47804462625000005,0.0,0.0
0.8647321792446896,0.33179828075000006,0.38893863650000005,0.38344027799999997,0.0,0.0
0.8039111970245277,0.0,0.23915338675000003,0.26606256775,0.0,0.0
0.7323649542452758,0.0,0.10676430666666666,0.13281403666666666,0.0,0.0
0.9374952795256574,0.08320953966666667,0.18247758266666667,0.2824769133333333,0.0,0.0
0.9770174000168165,0.6673081544,0.2532196854,0.37054566,0.0,0.0
0.9673656050241721,0.50413347075,0.42831976125,0.6338028715,0.0,0.0
0.9692167532991252,0.04064684366666667,0.6201309693333333,0.7435540633333333,0.0,0.0
0.8043154725775301,0.0,0.638115198,0.778540872,0.0,0.0
0.7033273121415142,0.0,0.7244210867499999,0.81616181425,0.0,0.0
0.8862585415969437,0.066498341,0.67974449225,0.8600270235,0.0,0.0
0.9681114607626942,0.7312435976,0.403902305,0.6056016849999999,0.0,0.0
0.9638712792895237,0.6634214700000001,0.2467966955,0.42252649175,0.0,0.0
0.9744409789317939,0.08412358800000001,0.2105352116666667,0.35038115333333336,0.0,0.0
0.7984432844434157,0.0,0.15712248700000003,0.23634079039999997,0.0,0.0
0.7288853311969424,0.0,0.26193580125,0.37125506775000006,0.0,0.0
0.931987378964846,0.03123231,0.3850149596666667,0.5657958696666667,0.0,0.0
0.9649185323285444,0.4399622088000001,0.517755536,0.6799555956,0.0,0.0
0.9582480891654728,0.258942001,0.60647357675,0.7983763749999999,0.0,0.0
0.9724832049850565,0.0196168935,0.624956005,0.853422119,0.0,0.0
0.8299065034811333,0.0,0.6916152528,0.8497235352000001,0.0,0.0
0.6921984084467132,0.0,0.6346531907499999,0.72048803775,0.0,0.0
0.869380696128266,0.006820477,0.4246750305,0.45667614425,0.0,0.0
0.9707060842780104,0.09356249950000001,0.25232794950000004,0.324104199,0.0,0.0
0.9677280745563122,0.2476653266,0.12856867319999998,0.142668745,0.0,0.0
0.9685859204695809,0.09887880699999999,0.06453611740000001,0.08541551680000001,0.0,0.0
0.8338574627890862,0.0,0.045807746,0.053373873666666675,0.0,0.0
0.7056204240812424,0.0,0.036910456333333334,0.06005515299999999,0.0,0.0
0.944283834664344,0.0662438466,0.0898346756,0.22308454060000002,0.0,0.0
0.9720469790802498,0.18655128166666665,0.149756309,0.37460270833333337,0.0,0.0
0.9700156955913722,0.13784461175,0.28321866625000003,0.50160341875,0.0,0.0
0.8997933779444295,0.011753426666666665,0.4250652675,0.6788696783333333,0.0,0.0
0.668267375031032,0.0,0.3655712741428572,0.6722856312857143,0.0,0.0
0.7866472953212199,0.06172175875,0.232670865,0.51871078975,0.0,0.0
0.8259135003839292,0.1559435355,0.14425416616666667,0.35715316499999994,0.0,0.0
0.8498899224986166,0.04905526933333334,0.11762963666666666,0.30243481499999997,0.0,0.0
0.7689839186368546,0.0,0.1448067964,0.3009251764,0.0,0.0
0.7018206914627446,0.010491575875,0.10270920874999999,0.188679558625,0.0,0.0
0.8203350436756746,0.22503243614285715,0.063797625,0.09859004171428573,0.0,0.0
0.8317929487790398,0.0893198406,0.1132568762,0.14459023440000002,0.0,0.0
0.7488395133237271,0.0,0.1918149337,0.3272080549,0.0,0.0
0.9689368884324745,0.09946552333333332,0.17411379000000002,0.257771558,0.0,0.0
0.9556495551124011,0.41569900583333325,0.16277743616666665,0.16542383833333332,0.0,0.0
0.9547571238661161,0.24841015025,0.16266634675,0.17383125725,0.0,0.0
0.7998189733348432,0.0,0.1532612285,0.1795316155,0.0,0.0
0.6911978922842091,0.0,0.10563590325,0.16204099100000002,0.0,0.0
0.8755467149629899,0.0033154445,0.09297179324999999,0.17784102175,0.0,0.0
0.9754315244019919,0.120232493,0.10850883050000001,0.23122565375,0.0,0.0
0.9713852793668672,0.2488466486666667,0.2124202696666667,0.3664513515,0.0,0.0
0.910574827992074,0.02056140725,0.42113792250000004,0.6741177025,0.0,0.0
0.7278987757816948,0.0,0.6592380068571428,0.8430021648571427,0.0,0.0
0.945951667108355,0.03618478925,0.8125882185,0.9012955652500001,0.0,0.0
0.9802585840109183,0.26188697450000004,0.8934861693333332,0.9172779203333334,0.0,0.0
0.9840402497484338,0.15686249775000002,0.881276687,0.9245534327499999,0.0,0.0
0.8696577797015564,0.00203468425,0.89331636125,0.92568246525,0.0,0.0
0.7356809039128246,0.0,0.8321671229999998,0.9221896757142857,0.0,0.0
0.9719707066118044,0.07563268000000001,0.7479260868,0.8938075835999999,0.0,0.0
0.9793014824110634,0.29413894625,0.7188372272499999,0.8170924314999999,0.0,0.0
0.9834038330022061,0.139742636,0.453836042,0.6350662610000001,0.0,0.0
0.8645869281071267,0.00435672375,0.29214774,0.560037819,0.0,0.0
0.7465264212002305,0.0,0.18210909157142857,0.35384450142857143,0.0,0.0
0.9721491470747233,0.13323578566666666,0.134064046,0.26303409433333336,0.0,0.0
0.971360910838253,0.6273268561666666,0.1541289,0.20022902833333334,0.0,0.0
0.9721555555022298,0.44089860675,0.2484616465,0.297522281,0.0,0.0
0.8095835432863114,0.008151253499999999,0.42381287849999993,0.4915305243333334,0.0,0.0
0.7004269524892291,0.0,0.5078237228333333,0.5634076398333333,0.0,0.0
0.8251320382810158,0.14435874124999998,0.5940939209999999,0.65011847225,0.0,0.0
0.8399668807543479,0.3910025492,0.47626456059999994,0.55397105,0.0,0.0
0.8549726002567599,0.11682229225,0.3583007075,0.540718755,0.0,0.0
0.7494318426274958,0.00052418125,0.23470115475000003,0.4354063705,0.0,0.0
0.6156194594040746,0.0,0.2428318663333333,0.4106818328333333,0.0,0.0
0.7185438126557584,0.10601893200000001,0.3496064056,0.5628316674,0.0,0.0
0.7766281585944627,0.44057275916666666,0.4296866590000001,0.6354250673333334,0.0,0.0
0.7747531828188345,0.16748416125,0.3922045665,0.57444538775,0.0,0.0
0.6776936099563351,0.0,0.311737904125,0.45416520574999997,0.0,0.0
0.8491875902665813,0.18062554360000002,0.20693726620000003,0.3621878424,0.0,0.0
0.8974208793606392,0.6588063502857143,0.0916113502857143,0.1526219142857143,0.0,0.0
0.876046087219066,0.09169784574999999,0.05484792775,0.0672567065,0.0,0.0
0.6801736636348643,0.0,0.3855299105,0.444023587,0.0,0.0
0.8244102858165476,0.00781502825,0.61727403325,0.79340773125,0.0,0.0
0.9053891362995773,0.08893825883333334,0.407571121,0.6945998234999999,0.0,0.0
0.8941246206656392,0.09591573225,0.40262373425,0.69713309625,0.0,0.0
0.8043301485208781,0.0062435039999999995,0.46794879,0.8086025262500001,0.0,0.0
0.6639382927518837,0.0,0.488367879,0.8213699218749999,0.0,0.0
0.8612851047285086,0.0794371875,0.5318707309999999,0.85990039,0.0,0.0
0.8804129028525473,0.4568299645,0.4082593025,0.641138873,0.0,0.0
0.8713669762819408,0.2791535713333333,0.18021345633333333,0.3027913846666667,0.0,0.0
0.8043946360214228,0.009789698999999999,0.347577242,0.43218263325,0.0,0.0
0.6484332417958412,0.0,0.40588906642857153,0.6565447911428571,0.0,0.0
0.8595522955102822,0.15584926000000002,0.33975595700000005,0.5761215948,0.0,0.0
0.8873739854565257,0.25200499125,0.48317997349999997,0.6799618425,0.0,0.0
0.8908315754585203,0.18542501625000002,0.842885044,0.9053091767500001,0.0,0.0
0.8067950633141162,0.029024382,0.8682232452499999,0.935777874,0.0,0.0
0.6580049001387668,0.0,0.8069787721428572,0.9284474448571428,0.0,0.0
0.8506579812592495,0.14169790566666665,0.6981319739999999,0.8803616463333334,0.0,0.0
0.8918542130516929,0.7354498528,0.478596501,0.6944571984000001,0.0,0.0
0.8801817445965231,0.7004707596666666,0.18299133066666665,0.339558753,0.0,0.0
0.8492887219964693,0.12892887599999997,0.1509299508,0.170378203,0.0,0.0
0.6585501242764487,0.0,0.61833535025,0.6198918095,0.0,0.0
0.6008100941169934,0.0,0.79068394925,0.87311701925,0.0,0.0
0.668096028839389,0.10308369333333334,0.8359092553333333,0.924028877,0.0,0.0
0.7430204353549378,0.5728801545,0.664762579,0.88658899075,0.0,0.0
0.7346594454358852,0.616520655,0.34860357866666664,0.7144536933333333,0.0,0.0
0.7431068568203044,0.26818234325,0.2633123085,0.5424223215,0.0,0.0
0.6998810148312045,0.00069907175,0.30808699325,0.520079751,0.0,0.0
0.6052222749642255,0.0,0.23309198350000002,0.34595018616666673,0.0,0.0
0.6441459488074961,0.0682837395,0.222358576,0.37056384200000003,0.0,0.0
0.7174924311615796,0.51745576875,0.138094911,0.33179670325,0.0,0.0
0.7057761107729991,0.7706636855,0.08850830550000001,0.24797232975,0.0,0.0
0.7131397086134931,0.3517266335,0.10123660875,0.200942477,0.0,0.0
0.6643457686168167,0.0,0.15989718600000002,0.264753207,0.0,0.0
0.7403667100357476,0.0375449755,0.159919696,0.16272179825,0.0,0.0
0.8709408086808378,0.392655072,0.10604055800000001,0.12633572433333332,0.0,0.0
0.8522895459044053,0.65789189075,0.10543058350000001,0.19837224375,0.0,0.0
0.8548452026324249,0.45628711899999996,0.150859665,0.35753759100000004,0.0,0.0
0.7567722682876847,0.011902140666666667,0.3425900278333333,0.5287833015,0.0,0.0
0.6711385688082644,0.00038454783333333333,0.6293413015,0.8097558708333334,0.0,0.0
0.8797297149234937,0.15590254675,0.7661253004999999,0.8981005212500001,0.0,0.0
0.8856694126199699,0.40356188700000006,0.7701736849999999,0.8817084472,0.0,0.0
0.8792644723542793,0.22098903475,0.7920201505,0.90261897475,0.0,0.0
0.6969776719445706,0.000169575375,0.83353846275,0.9226698604999999,0.0,0.0
0.7574065515173987,0.0390742565,0.78083631075,0.8983042855,0.0,0.0
0.8909996711471703,0.6913987946666666,0.7146517698333333,0.8189325329999999,0.0,0.0
0.8771601137137739,0.7039136025,0.7360066479999999,0.844487751,0.0,0.0
0.8402202130351296,0.11508237950000001,0.77335583225,0.89839484975,0.0,0.0
0.6594012353044242,0.0,0.7749465601428572,0.8973808458571427,0.0,0.0
0.8144724347534917,0.08927651075,0.7915342075,0.9195828865,0.0,0.0
0.8767358195501567,0.658595731,0.825472829,0.9210611495714286,0.0,0.0
0.862045714194138,0.25316853600000006,0.8748925524000001,0.9350766392000001,0.0,0.0
0.6927519721560146,0.0,0.8861897534000001,0.9356065304,0.0,0.0
0.6994734398104341,0.010925516166666668,0.8755503818333333,0.9364492114999999,0.0,0.0
0.8768022207592421,0.3860912905,0.7980691422499999,0.927395176,0.0,0.0
0.8585597596746235,0.6609524767499999,0.650020715,0.86679448775,0.0,0.0
0.8576588093626232,0.27427793,0.6032401545,0.84605144825,0.0,0.0
0.7513623753752932,0.00037865375,0.61388987375,0.8126385217500001,0.0,0.0
0.6073975447065361,0.014450376374999999,0.417967357625,0.6808864589999999,0.0,0.0
0.7196402234155369,0.42829750166666664,0.2504582256666667,0.5442791493333333,0.0,0.0
0.7305750610921494,0.440563125,0.174076529,0.2722925368,0.0,0.0
0.7383381476629801,0.10618930019999999,0.11656902300000001,0.17351068179999998,0.0,0.0
0.6704108614443121,0.0,0.109958276,0.16138966449999997,0.0,0.0
0.6075286587291593,0.008193447285714287,0.08392311414285714,0.12379910914285715,0.0,0.0
0.733718360916267,0.1630411145,0.05455671075,0.071454337,0.0,0.0
0.7389772458679378,0.23234064650000003,0.0425835145,0.07090049975000001,0.0,0.0
0.7443694399947994,0.0665814244,0.0835699734,0.1519859636,0.0,0.0
0.6557617719062343,0.0,0.09214715475,0.11431658687499999,0.0,0.0
0.8243557789548597,0.07614609759999999,0.11130922480000001,0.12322267,0.0,0.0
0.8732921308889774,0.39658478659999996,0.09850633820000002,0.10525707340000001,0.0,0.0
0.8606004080204553,0.23639809475,0.09705341825000001,0.08079406475,0.0,0.0
0.8015954309921949,0.015638882,0.133324167,0.10751185025,0.0,0.0
0.6459104084457625,0.0,0.1779995904285714,0.23802680085714287,0.0,0.0
0.8509253646542034,0.12152686225,0.17283735449999998,0.26991451775,0.0,0.0
0.8648794420380383,0.49076107466666663,0.23497563766666665,0.27652228949999996,0.0,0.0
0.8500474341284718,0.18197150024999997,0.22520804174999998,0.311660103,0.0,0.0
0.7825334690862732,0.0014695773333333335,0.40932828699999996,0.49142313,0.0,0.0
0.6366312020328169,0.0,0.5460262893333334,0.7212934533333334,0.0,0.0
0.7667129349677516,0.04004920033333333,0.4566307563333334,0.7212229250000001,0.0,0.0
0.8516896590975678,0.409989859,0.24521273499999996,0.4638515167499999,0.0,0.0
0.8389609354028587,0.7388418235,0.30274415299999996,0.325885907,0.0,0.0
0.8327314196721822,0.4661654916666667,0.232364279,0.3033540556666667,0.0,0.0
0.7945920578353267,0.03965869175,0.17151724675000002,0.25551805625,0.0,0.0
0.6445913524463464,0.0,0.11909514485714286,0.13301878957142857,0.0,0.0
0.8214052435628961,0.21234617433333333,0.11182416833333332,0.10353908933333333,0.0,0.0
0.8414363695217992,0.7920919991666667,0.10301737533333334,0.14245077916666665,0.0,0.0
0.8307510449825203,0.57805726075,0.1807043875,0.26035281374999997,0.0,0.0
0.7500791406770683,0.02867912133333333,0.4163541776666666,0.47530406649999996,0.0,0.0
0.6245126748622687,0.0,0.4116290635,0.533375962,0.0,0.0
0.7853635805749668,0.17068586424999999,0.3577239535,0.5748859792500001,0.0,0.0
0.8385905250303166,0.8050731344285714,0.3245263018571429,0.6134997714285715,0.0,0.0
0.8291844021045541,0.5197912823333334,0.4845286123333333,0.7745330333333333,0.0,0.0
0.7935374439450883,0.04498935925,0.544390157,0.8497831315000001,0.0,0.0
0.6057120755419841,0.0,0.44778549714285715,0.7771914778571428,0.0,0.0
0.6796563532889138,0.4044136792,0.34253289600000003,0.672055219,0.0,0.0
0.7097727736285399,0.8283509137999999,0.3282543756,0.5537523783999999,0.0,0.0
0.7144780011602822,0.38334832124999996,0.29671118825,0.52106270625,0.0,0.0
0.6818930015546888,0.001529244,0.23857831559999995,0.406227144,0.0,0.0
0.6135063977229442,0.032722263571428566,0.11326711285714285,0.1735941312857143,0.0,0.0
0.7278652698767987,0.52450959575,0.04289598975,0.050524295999999996,0.0,0.0
0.7196514018643378,0.6688781515,0.07654197775,0.10107618275000001,0.0,0.0
0.722520451187567,0.32027965433333333,0.210336186,0.27287558100000003,0.0,0.0
0.7144404082158169,0.0337188675,0.4943568722499999,0.607556813,0.0,0.0
0.6436390785864455,0.0,0.5619589942857143,0.7959895364285714,0.0,0.0
0.8264237615488069,0.129599207,0.4667387376666667,0.7760022763333333,0.0,0.0
0.8596391078342094,0.6840629432,0.6360834116,0.7995181526,0.0,0.0
0.8542668955420915,0.5949740445,0.8042654312499999,0.8635600635,0.0,0.0
0.8520003085134097,0.11740994199999999,0.7220090306666668,0.89552824,0.0,0.0
0.6699718022259747,0.0,0.576406465,0.8310938235555555,0.0,0.0
0.8510647453624027,0.0710624948,0.7423752023999999,0.8622795719999999,0.0,0.0
0.8697117059720643,0.3844302708749999,0.83035625925,0.9266492624999999,0.0,0.0
0.8034240319358372,0.03451532875,0.6028814325,0.8704667632499999,0.0,0.0
0.6469730624313341,0.0,0.2809001632857143,0.5629340905714285,0.0,0.0
0.8405854059030832,0.047667449,0.11143103733333333,0.23802090866666667,0.0,0.0
0.8904833293326448,0.30456944275,0.22199390074999997,0.35332771550000003,0.0,0.0
0.8747895908429951,0.48495470983333333,0.5713706519999999,0.7119526161666666,0.0,0.0
0.8038835366707628,0.0299311055,0.48574725875,0.772914168,0.0,0.0
0.647864875391826,0.0,0.38203855828571426,0.6426782807142857,0.0,0.0
0.8550377781346203,0.22425267999999998,0.3328715744,0.5789296866,0.0,0.0
0.875923101515432,0.63605869275,0.52354949175,0.63807492425,0.0,0.0
0.8759557453139857,0.433172302,0.6194863509999999,0.744013832,0.0,0.0
0.7569897792817851,0.027957735999999997,0.5840565698333333,0.8201123100000002,0.0,0.0
0.628893480684513,0.0,0.5602324762499999,0.82331754,0.0,0.0
0.8003178655181175,0.18301516550000002,0.522754902,0.7727287737499999,0.0,0.0
0.8691972920294294,0.6898557991666667,0.32801122983333336,0.514206054,0.0,0.0
0.8587312996072343,0.4651915256666667,0.19502177099999998,0.294989522,0.0,0.0
0.8138659026525129,0.044829718,0.06656718980000001,0.1591956036,0.0,0.0
0.6085515693140028,0.0,0.04375232528571429,0.075660119,0.0,0.0
0.6852239940363434,0.3204875498,0.04893224920000001,0.0651816556,0.0,0.0
0.7227436466167291,0.4158252185,0.05803852425,0.1222837285,0.0,0.0
0.7331581358373158,0.20345589949999998,0.099345506,0.23609087175,0.0,0.0
0.7161445603095682,0.01808829575,0.1252024645,0.26493234075,0.0,0.0
0.6066902201303715,0.0,0.05775408857142857,0.14751472042857142,0.0,0.0
0.6863938304156354,0.2918515204,0.0325459938,0.1007029616,0.0,0.0
0.726881692788982,0.5662170945,0.02520185825,0.04596394375,0.0,0.0
0.7329466141778309,0.26560238025,0.063054147,0.09556027624999999,0.0,0.0
0.7164749872954134,0.02077004075,0.2334496615,0.32398065649999996,0.0,0.0
0.6610145304021006,0.00198826,0.552516382625,0.6888277535000001,0.0,0.0
0.8617346883552399,0.124933917,0.84549146725,0.9122203070000001,0.0,0.0
0.8655668361493846,0.21259134471428573,0.6855323532857142,0.8089330539999999,0.0,0.0
0.8538848397035683,0.036441317333333334,0.3747835643333333,0.6662406226666667,0.0,0.0
0.6814143997028209,0.0,0.3911727742,0.5945266386,0.0,0.0
0.6030677619759381,0.0,0.43491661774999996,0.6220261025,0.0,0.0
0.7926304952090844,0.1750058022,0.44204316860000004,0.6274422601999999,0.0,0.0
0.8415869637506093,0.36491885460000006,0.35567183739999997,0.5326419854,0.0,0.0
0.8247209504730317,0.1595480258,0.5065896992000001,0.5957706551999999,0.0,0.0
0.6487757950247437,0.000403417125,0.48657927624999997,0.7414306890000001,0.0,0.0
0.7582861919109107,0.284983495,0.3589742476,0.5685169666000001,0.0,0.0
0.8281705853353741,0.6775466926666667,0.5043917718333333,0.642272394,0.0,0.0
0.8156826804572829,0.2338547352,0.4054807926,0.6440104076000001,0.0,0.0
0.6444932634754531,0.000384735125,0.5657575146249999,0.73391076425,0.0,0.0
0.729603094549622,0.09475752875,0.36283700325,0.5763519415,0.0,0.0
0.8325010669540381,0.7103019585714286,0.4496456305714286,0.6006448744285714,0.0,0.0
0.8228894845338862,0.5275972733333333,0.41911411933333337,0.5567968876666667,0.0,0.0
0.7733408130952532,0.07295585125,0.27968538525000003,0.49698436825000003,0.0,0.0
0.6340075014160753,0.00034120814285714285,0.17646906928571426,0.2913110874285714,0.0,0.0
0.7912475094265994,0.228985799,0.09757758899999999,0.185118123,0.0,0.0
0.8300743644757826,0.7695620989999999,0.084846127,0.13681806766666668,0.0,0.0
0.8119140143237569,0.3637755318,0.1182787612,0.1687286696,0.0,0.0
0.682838133012343,0.00032207525,0.150815723,0.19989773325,0.0,0.0
0.5838325717737101,0.03532764314285714,0.13712286971428572,0.19638653057142857,0.0,0.0
0.6812571837493546,0.6065046415,0.07272294875,0.15384957675,0.0,0.0
0.6872620066676685,0.87373764175,0.091016764,0.1508657625,0.0,0.0
0.6831291192001593,0.5384629576666667,0.078683945,0.11771045433333334,0.0,0.0
0.6606457542428598,0.05084913833333333,0.09862064416666667,0.12314468683333334,0.0,0.0
0.5706345514313271,0.0007221084,0.11968393420000001,0.11865002259999999,0.0,0.0
0.6067618061465966,0.292306938,0.09523431033333334,0.11826525766666666,0.0,0.0
0.6880214663194858,0.7974695693333334,0.056473519666666666,0.11090329283333333,0.0,0.0
0.6830073526735924,0.600162308,0.0712931165,0.11458826975,0.0,0.0
0.6664596483791689,0.05071737566666667,0.1972444416666667,0.24513906,0.0,0.0
0.6023328880764808,0.0008848953999999999,0.33721938539999996,0.4274509548,0.0,0.0
0.7299970831521255,0.21846797,0.2581223325,0.423941673,0.0,0.0
0.8185945248501922,0.677283751,0.1051438485,0.29796955999999997,0.0,0.0
0.819923959219542,0.895033455,0.114526356,0.31042213375000005,0.0,0.0
0.8059797572393155,0.3942342716,0.17754656559999998,0.282926223,0.0,0.0
0.6762458178535353,0.0,0.24514571040000002,0.2524668556,0.0,0.0
0.6450710619663274,0.0716485285,0.30366327749999994,0.3776014718333333,0.0,0.0
0.8187060806294719,0.6719327145,0.2281296155,0.41533574925,0.0,0.0
0.8203728342009965,0.88884670375,0.4148539685,0.544408024,0.0,0.0
0.8095637467522124,0.553665841,0.5120489520000001,0.6421345083333333,0.0,0.0
0.7750399475568188,0.08476157975000001,0.64309393375,0.77661673575,0.0,0.0
0.6145837864977165,0.000906705,0.6022769338571428,0.8073304238571428,0.0,0.0
0.729139772122974,0.22021092050000002,0.4520441745,0.7133063465,0.0,0.0
0.8188906735454808,0.66857888175,0.3663824705,0.6595524429999999,0.0,0.0
0.8182735733100975,0.7865022033333333,0.6209985543333333,0.8224690026666668,0.0,0.0
0.7819116734324407,0.1305950548,0.7036182034,0.8775550348000001,0.0,0.0
0.6155367983467223,0.0,0.6459380696,0.8148104914,0.0,0.0
0.6396980190666338,0.047227567666666664,0.49694668633333333,0.6597367116666666,0.0,0.0
0.8034154823368129,0.41170728900000003,0.34065551624999996,0.6002113732500001,0.0,0.0
0.824088404676545,0.6449253863333334,0.2832396363333333,0.5346925236666666,0.0,0.0
0.8137285426795784,0.44725111824999997,0.29899348425,0.615205782,0.0,0.0
0.8029668969449043,0.08198677966666666,0.36675540100000004,0.462273503,0.0,0.0
0.6973849420905602,0.0011735155,0.40769535575,0.5316019224999999,0.0,0.0
0.6180764456197811,0.017664276166666666,0.425565749,0.61933242,0.0,0.0
0.803190663860994,0.3670101843333333,0.21973342699999998,0.4048023806666667,0.0,0.0
0.8213049805248481,0.8391631198333332,0.1420642335,0.17559636183333335,0.0,0.0
0.8089312314072821,0.5328392630000001,0.082232544,0.07654061699999999,0.0,0.0
0.7706289782316496,0.08366805575000001,0.08001989825,0.05016009025,0.0,0.0
0.5814820163598574,0.0010241804285714285,0.06836531142857143,0.032938972428571425,0.0,0.0
0.6056632405304322,0.185120319,0.08072155066666666,0.06979048833333333,0.0,0.0
0.6883757093111135,0.5728924951666666,0.058221619499999995,0.0599849395,0.0,0.0
0.6828915449111717,0.44518986225,0.09075105675,0.235730683,0.0,0.0
0.6785308671416804,0.07216513075,0.18972297825,0.358287681,0.0,0.0
0.5798189856949673,0.0013017345714285715,0.1999142672857143,0.32502368842857143,0.0,0.0
0.6240654001110999,0.2966431795,0.22095737499999998,0.35141011349999995,0.0,0.0
0.689681937989077,0.7660996221999999,0.3252729404,0.41052818999999996,0.0,0.0
0.6841982108830988,0.578158139,0.45904980375,0.58628161375,0.0,0.0
0.6658374199723507,0.0566938655,0.54837645,0.6941456613333333,0.0,0.0
0.6024846862417157,0.0029615652,0.5061566726,0.652336766,0.0,0.0
0.7291872519510767,0.23482067950000002,0.356248856,0.5344780760000001,0.0,0.0
0.8206140736266422,0.6791237205,0.19978968,0.35457509425,0.0,0.0
0.8260748448544872,0.8720744669999999,0.21962893925,0.31242294449999997,0.0,0.0
0.8090793262847059,0.38842596079999997,0.17912009480000002,0.3308794818,0.0,0.0
0.6786742963585541,0.0002891602,0.2160370344,0.373346913,0.0,0.0
0.6029805060779712,0.00337119525,0.13183630425,0.21590560875000003,0.0,0.0
0.7717525600665676,0.34812196274999996,0.09286245925,0.11723584925,0.0,0.0
0.8260582257664008,0.8424675065,0.0624960195,0.06452120025000001,0.0,0.0
0.8158725859015018,0.6810028954999999,0.056337409750000005,0.1480393655,0.0,0.0
0.7830869870191459,0.1328746654,0.1374701114,0.2708755628,0.0,0.0
0.6156524414968277,0.0,0.2125066076,0.2779575992,0.0,0.0
0.639735295765293,0.053825834999999995,0.310160706,0.3549400893333334,0.0,0.0
0.8052105479340529,0.44889129075,0.2305442865,0.37338553175,0.0,0.0
0.8275236531033326,0.7935199855,0.30534845475,0.48338821425,0.0,0.0
0.8130030184534119,0.58354716975,0.4194835045,0.5131185845,0.0,0.0
0.7321045735439672,0.05922897333333333,0.39535029616666667,0.5500145186666666,0.0,0.0
0.6177336401208046,0.028451990166666666,0.2474224873333333,0.4745561200000001,0.0,0.0
0.8040385718696517,0.48111510124999995,0.202689914,0.42644988525000005,0.0,0.0
0.8169413696342109,0.7846374527142858,0.25351483957142856,0.5545128721428572,0.0,0.0
0.7814321937671389,0.1459512074,0.3279063988,0.4893465248,0.0,0.0
0.624434351499329,0.01587251125,0.26756742637500003,0.38913419387500003,0.0,0.0
0.8036674430415363,0.40184170924999996,0.22448321025,0.38147036349999996,0.0,0.0
0.8212068053086378,0.53081449775,0.185498274,0.259900682,0.0,0.0
0.8097220660717008,0.421352471,0.13221900150000002,0.299364011,0.0,0.0
0.7738432829152688,0.06410324675000001,0.0885483305,0.185237814,0.0,0.0
0.5798448433855274,0.003450036142857143,0.06302616714285715,0.09747451399999998,0.0,0.0
0.5869776193955691,0.18719918149999998,0.043418249000000006,0.0440727535,0.0,0.0
0.676351402655345,0.5681368605,0.04620817625,0.030959405250000002,0.0,0.0
0.686950953456557,0.69194511275,0.0646610135,0.044101592999999994,0.0,0.0
0.6828204661672554,0.42586881533333326,0.07259626133333333,0.04832639366666667,0.0,0.0
0.6769712575402154,0.07755591,0.0857248755,0.061902640749999994,0.0,0.0
0.5806784422380729,0.004660558714285714,0.07980327942857143,0.08738627757142858,0.0,0.0
0.6236120674647212,0.3850122965,0.061645558249999996,0.05202531975,0.0,0.0
0.6908378161299578,0.83134170475,0.07021931375,0.06021200575,0.0,0.0
0.6838200413464397,0.6470521185,0.11652752149999998,0.106827472,0.0,0.0
0.6823071113898073,0.26609306166666663,0.14271109466666665,0.14323337700000002,0.0,0.0
0.6466726925332406,0.0023526379999999998,0.24080478200000002,0.267290473,0.0,0.0
0.6455734441501724,0.08287570999999999,0.21998630500000002,0.2748814426666667,0.0,0.0
0.8185365524269677,0.5055005362499999,0.2314104765,0.33450254775,0.0,0.0
0.819013453493011,0.57505060425,0.32810862225000004,0.38401230599999997,0.0,0.0
0.8056512345211931,0.2579484394,0.38184991360000003,0.4176651168,0.0,0.0
0.6777156844908137,0.0021326196,0.3767611698,0.4683737354,0.0,0.0
0.6449983831036059,0.07614166816666666,0.2451504475,0.3183372846666667,0.0,0.0
0.8204266309186123,0.6964769533333334,0.09830257200000002,0.14005571116666668,0.0,0.0
0.8138468192922818,0.58514546,0.05460250875,0.12073296350000001,0.0,0.0
0.8033525874610971,0.21399797766666664,0.06273689466666667,0.18928104566666668,0.0,0.0
0.6973447088757461,0.00143664625,0.0734832785,0.10944874075,0.0,0.0
0.6384554823884857,0.07808074457142856,0.05229419771428572,0.045746766571428565,0.0,0.0
0.8208635426275511,0.66802624975,0.0451904295,0.0375664205,0.0,0.0
0.8239047185812328,0.8078892477499999,0.054761762500000005,0.077912327,0.0,0.0
0.8084357224112599,0.3615082838,0.09737222760000001,0.1973451134,0.0,0.0
0.6473893254870812,0.000979362625,0.14804277412500003,0.21511118012500002,0.0,0.0
0.7227673636400886,0.259088181,0.17427216775,0.21175865724999998,0.0,0.0
0.8244444383834838,0.8427960820000001,0.2756741401428571,0.25426914857142857,0.0,0.0
0.8074175287485964,0.4258192358,0.3220529108,0.33218315140000004,0.0,0.0
0.6785956678136427,0.0018031588,0.43493265779999996,0.484030646,0.0,0.0
0.6029576463035832,0.01484722775,0.40636342425,0.44041305275,0.0,0.0
0.7717545831800863,0.39619807975,0.28837673825,0.358590041,0.0,0.0
0.8262304972102065,0.83877541475,0.2263539585,0.28403181125,0.0,0.0
0.8150118825610269,0.6440604851999999,0.21522009999999997,0.3933801286,0.0,0.0
0.7763350122214859,0.091584977,0.18484475075,0.36841228625,0.0,0.0
0.5798964608123244,0.0072823197142857145,0.154955253,0.24378941671428572,0.0,0.0
0.6250934966214288,0.38335095350000004,0.08850035725,0.15584915900000001,0.0,0.0
0.6926137938259883,0.8355456165,0.14440038275,0.20709496400000002,0.0,0.0
0.6846460001174275,0.6871571529999999,0.15981945549999999,0.29103577425,0.0,0.0
0.6821532954051457,0.23939409033333336,0.13716981366666667,0.19496918600000002,0.0,0.0
0.6323355123367234,0.0023548258000000003,0.1250030528,0.18649036479999997,0.0,0.0
0.5695578976572707,0.06484238716666667,0.176646451,0.26507901516666665,0.0,0.0
0.6759939097305145,0.391189322,0.23400697625,0.30190930125,0.0,0.0
0.685675334818466,0.4625306291666667,0.41856557,0.5633387106666666,0.0,0.0
0.6775257835801408,0.10439676819999999,0.46727957699999995,0.7028427448000001,0.0,0.0
0.6161292511859056,0.0,0.5489051604,0.7739238387999999,0.0,0.0
0.6397804667302199,0.04276265466666667,0.5000629036666667,0.613226907,0.0,0.0
0.8033462400011148,0.30537322325,0.41204472225,0.5222902105,0.0,0.0
0.8218913190397984,0.47008603150000006,0.20978591275,0.31085202824999997,0.0,0.0
0.8119295680879709,0.352880691,0.19687920325,0.329688459,0.0,0.0
0.7767591986257918,0.06701680125,0.2501810095,0.45040583825,0.0,0.0
0.6164440854190406,0.0,0.19362045639999997,0.4255321908,0.0,0.0
0.6399407139092123,0.061455036,0.20100049366666664,0.45628604133333334,0.0,0.0
0.8104405266168794,0.3409832758,0.2173769238,0.40846703560000003,0.0,0.0
0.8283225268349853,0.45788413599999994,0.2787120593333333,0.3973915046666667,0.0,0.0
0.8168427785492004,0.458208601,0.3945062265,0.5321965405,0.0,0.0
0.7790464356100424,0.09656838474999999,0.5568792017499999,0.701740638,0.0,0.0
0.6168841273656565,0.0,0.5548225828,0.6822117106000001,0.0,0.0
0.641280907622085,0.08713130200000001,0.5140182520000001,0.7073738516666667,0.0,0.0
0.8091646756110167,0.5518075207500001,0.4374874465,0.6912818917500001,0.0,0.0
0.8317470280300021,0.885406336,0.45337215780000006,0.6243463248000001,0.0,0.0
0.8132398276680994,0.4237226479999999,0.429547014,0.5874975410000001,0.0,0.0
0.7019931800150992,0.004598238500000001,0.46720521499999995,0.6361039542500001,0.0,0.0
0.6190336386956955,0.044693758166666674,0.5096956755,0.715533422,0.0,0.0
0.8065261520893598,0.523271291,0.47631761949999996,0.70423713425,0.0,0.0
0.8264797147107886,0.8220907262499999,0.40595706975,0.47529134100000003,0.0,0.0
0.8143359046350191,0.5488300377499999,0.37301004550000005,0.42155125275,0.0,0.0
0.777108096244535,0.08917378549999999,0.39947835675,0.52658647225,0.0,0.0
0.6205374704322941,0.0,0.43404548475,0.6395913710000001,0.0,0.0
0.626730360969566,0.05144164,0.3084876375,0.3871923385,0.0,0.0
0.7972738473035513,0.4125693346666666,0.16192178000000002,0.24779828100000004,0.0,0.0
0.8286217157807773,0.8283898171666667,0.14800689383333335,0.16937115283333334,0.0,0.0
0.8114879991092584,0.4188823638,0.0840996514,0.2117698846,0.0,0.0
0.6636051272255041,0.0034907510000000003,0.0946568968,0.16735878399999998,0.0,0.0
0.5704713598999566,0.09733673250000001,0.052439664,0.08267797,0.0,0.0
0.6840140524071494,0.6645814545,0.0199439615,0.04377235925,0.0,0.0
0.7014922533101209,0.8721660115000001,0.009822181499999999,0.05059206975,0.0,0.0
0.6921665419035775,0.530501993,0.026303901,0.06823122533333333,0.0,0.0
0.6766463511872093,0.09886881075000001,0.06684019575,0.09475922650000002,0.0,0.0
0.5800157367109537,0.012127358571428572,0.161677669,0.23827073285714281,0.0,0.0
0.5915113344065516,0.2219404455,0.1430039305,0.254568412,0.0,0.0
0.6799854017794688,0.5583651005,0.14453364175,0.27630611275,0.0,0.0
0.698470527260064,0.8074717640000001,0.20785032033333337,0.3627475883333333,0.0,0.0
0.6883005272496849,0.54634674325,0.30870761725,0.49900430225000003,0.0,0.0
0.6763425216243741,0.09520780175,0.3629533235,0.6289677555000001,0.0,0.0
0.6243797108794517,0.02123324825,0.41747368862500006,0.6943746885,0.0,0.0
0.8035816388073205,0.38356777524999996,0.405064574,0.61695010575,0.0,0.0
0.8253672427021432,0.837326597,0.39839168475,0.51368933475,0.0,0.0
0.8127939427535182,0.63649818675,0.378636099,0.5092264424999999,0.0,0.0
0.7750340154117723,0.11121748975,0.29672826125,0.4809902525,0.0,0.0
0.6120141645879881,0.0,0.16472422216666668,0.3426753681666667,0.0,0.0
0.7210525588650145,0.26456684025,0.27488209425,0.50829128375,0.0,0.0
0.8249989256387634,0.76976603,0.26392387875,0.34345117075,0.0,0.0
0.8176932773679625,0.8249403627499999,0.112331848,0.20537020825000002,0.0,0.0
0.803222454238078,0.35811907775,0.09780869325000001,0.20031050975,0.0,0.0
0.6958934432219637,0.00663985325,0.16179464425,0.25752048425,0.0,0.0
0.6164543144169475,0.046533833999999996,0.15363403383333332,0.31647105783333335,0.0,0.0
0.8034415653509838,0.5299488895000001,0.10195609050000001,0.24287889199999999,0.0,0.0
0.8222997504944928,0.8210872842000001,0.07411416280000001,0.1577055194,0.0,0.0
0.8053578427421646,0.3862369618,0.1319502552,0.2127762064,0.0,0.0
0.6965932044205602,0.00667756075,0.236204582,0.37032072675,0.0,0.0
0.6165612144921372,0.04334102016666667,0.17448044833333332,0.2599032388333333,0.0,0.0
0.8062398903148689,0.512973722,0.116062101,0.21629372274999997,0.0,0.0
0.8258349541365044,0.878039903,0.08092607700000001,0.1639753372,0.0,0.0
0.8079264610047735,0.4289251183999999,0.0829527064,0.1848508374,0.0,0.0
0.6462705269706207,0.00366043775,0.05562398675,0.14367358924999998,0.0,0.0
0.723440573271379,0.27662979275,0.014918686499999998,0.031879109499999995,0.0,0.0
0.8322948715529312,0.8061283562857143,0.018600472857142857,0.04573742442857143,0.0,0.0
0.8115094141539911,0.3443163146,0.061442897600000004,0.1302820502,0.0,0.0
0.6638953186480097,0.0043723526,0.08737684739999999,0.1137767846,0.0,0.0
0.5713865061692102,0.05196876250000001,0.0816089405,0.10240534466666666,0.0,0.0
0.6879493142576502,0.5137549521428572,0.04553668914285714,0.08078546885714286,0.0,0.0
0.6877730900171403,0.40149764460000004,0.0485345758,0.12236114499999999,0.0,0.0
0.6671069120927038,0.044659736000000005,0.06420352274999999,0.11301503425000001,0.0,0.0
0.5753787525952775,0.05897473524999999,0.049055467875,0.10455775912500002,0.0,0.0
0.6824992783996818,0.30753669683333335,0.055831509499999994,0.11638924216666667,0.0,0.0
0.6828613128848124,0.17015784275,0.127356742,0.258675714,0.0,0.0
0.6754795757318863,0.0819890872,0.1845101418,0.3042205732,0.0,0.0
0.6120587868947455,0.0,0.46171898333333333,0.6986604796666667,0.0,0.0
0.7400786925972287,0.1801636282,0.5815282908,0.777677987,0.0,0.0
0.8233894740211131,0.521389986,0.661336782,0.8222804243333334,0.0,0.0
0.8128445726380786,0.4415273692,0.7978598567999999,0.9048297948,0.0,0.0
0.7797009756006255,0.0832101146,0.7331984674,0.8898777213999999,0.0,0.0
0.6234433106896748,0.025346054875,0.46850546875,0.7077563289999999,0.0,0.0
0.8021555875105515,0.23902784575,0.2345688195,0.349639459,0.0,0.0
0.8212786993971911,0.3834291695,0.16483179025,0.26615674025,0.0,0.0
0.8051830475673949,0.25813812383333334,0.21282172233333332,0.29463266149999995,0.0,0.0
0.645910942371677,0.00320019175,0.30598007537500005,0.4271362565,0.0,0.0
0.7200104378298853,0.20311464375,0.3543857055,0.421023578,0.0,0.0
0.8230874808664959,0.65671772775,0.44272379900000003,0.4388444085,0.0,0.0
0.8117803698048874,0.6137044574999999,0.5735350308333333,0.6199707103333333,0.0,0.0
0.7729629063184655,0.07572139024999999,0.44781301675,0.60722979025,0.0,0.0
0.6135700459069746,0.002956329,0.3454568622857143,0.5961920901428571,0.0,0.0
0.7267100957658961,0.091468092,0.4465315565,0.601688593,0.0,0.0
0.8180015874492533,0.274351028,0.6450724777500001,0.73736577575,0.0,0.0
0.8202454365766615,0.47546720525,0.7772390497499999,0.7976050245,0.0,0.0
0.8057146293182197,0.09600776075,0.81504006075,0.8335813985,0.0,0.0
0.7644627993478849,0.017356769666666664,0.6659684976666665,0.8364569153333333,0.0,0.0
0.6119498752133167,0.0001826808333333333,0.405879276,0.6295293388333333,0.0,0.0
0.719724370328992,0.255487606,0.283938757,0.43106359125,0.0,0.0
0.8208153737535302,0.6550746747142858,0.2806924177142857,0.29702858557142864,0.0,0.0
0.8040529323748091,0.268701595,0.1650241966,0.174445901,0.0,0.0
0.6847586874252167,0.00523526725,0.09395527725,0.1377396535,0.0,0.0
0.5618236929162506,0.0,0.074980679,0.12634176375,0.0,0.0
0.5926076673627519,0.12336695724999999,0.06062904325,0.0758092225,0.0,0.0
0.686945394672565,0.42870667433333337,0.09446307566666667,0.09637345766666666,0.0,0.0
0.6853064721713047,0.3298540062,0.20510030400000004,0.2158685958,0.0,0.0
0.6800319580573463,0.0591834828,0.24904336879999994,0.38253495660000003,0.0,0.0
0.5994632901223328,0.00035567616666666666,0.18083340950000001,0.4392312001666667,0.0,0.0
0.572743509465812,0.0929025515,0.1824013735,0.3280010415,0.0,0.0
0.674560028962504,0.41839863624999996,0.35835859449999996,0.44799851650000005,0.0,0.0
0.6861841100826491,0.6500626105,0.6386766655,0.75170131725,0.0,0.0
0.6807375233543248,0.35910337575,0.5909965857499999,0.72718595075,0.0,0.0
0.6702231025152499,0.031056109749999998,0.41445805275,0.6375366435,0.0,0.0
0.6179464300194558,0.03077858942857143,0.3217893477142857,0.571291621142857,0.0,0.0
0.7817293528783682,0.243826781,0.45409682549999997,0.5847034955,0.0,0.0
0.8202767054950828,0.19434745271428572,0.6161370145714287,0.6842600105714285,0.0,0.0
0.8053051417107933,0.18455707075,0.55302390925,0.75484715925,0.0,0.0
0.6823286061173635,0.016580288571428573,0.5885653845714286,0.8096184524285714,0.0,0.0
0.626698254396223,0.024864976999999996,0.6300150095,0.8648578462500001,0.0,0.0
0.8023502844001668,0.2653198965,0.71701004,0.8871299244999999,0.0,0.0
0.8150936383311608,0.653312674125,0.65869162625,0.82283803075,0.0,0.0
0.7726645974627899,0.10784611899999999,0.5335932845,0.78427374975,0.0,0.0
0.6200432759317648,0.0,0.37716131025,0.6705860175,0.0,0.0
0.6266254116074118,0.01750088175,0.20929527375,0.40348574875000004,0.0,0.0
0.8024841056505355,0.14523124599999998,0.52715467525,0.5732122835,0.0,0.0
0.8235988544595333,0.53113790375,0.84599851,0.8775409344999999,0.0,0.0
0.8101308906294327,0.25177504500000003,0.810429096,0.89130035725,0.0,0.0
0.731539426049685,0.020667658,0.7524038008333332,0.8676696643333335,0.0,0.0
0.5959335621245283,0.0,0.605014441,0.8251655652500001,0.0,0.0
0.7212948612585753,0.102362552,0.5051157505,0.737171585,0.0,0.0
0.8236065658727757,0.6005209466666667,0.7215000266666668,0.8115698728333333,0.0,0.0
0.8110620388175558,0.460086291,0.8783863439999999,0.9085964932499999,0.0,0.0
0.7285073787378652,0.0643096825,0.7995050125,0.9201608905,0.0,0.0
0.5953004600693695,0.00025469025,0.6195729925,0.8759595379999999,0.0,0.0
0.7206445228841791,0.2390624225,0.50832913225,0.7807395232499998,0.0,0.0
0.8214366834076837,0.7533854771666665,0.607691001,0.6699739461666666,0.0,0.0
0.8087553480897913,0.4792348975,0.8460571367499999,0.8097503095,0.0,0.0
0.7704194910195485,0.10381603675000001,0.8475078665,0.8573255125000001,0.0,0.0
0.5791431521438221,0.012735640285714287,0.8277627728571428,0.8354753761428572,0.0,0.0
0.6363655665948629,0.3495045492,0.6828506706,0.6594949438,0.0,0.0
0.6867014044943,0.481829356,0.636132859,0.5966731982,0.0,0.0
0.6819949653760838,0.218293177,0.630951139,0.6221543801999999,0.0,0.0
0.619149301644763,0.0038710008333333336,0.6175177541666667,0.6677334048333332,0.0,0.0
0.5814994671218408,0.08690789433333333,0.40852929733333326,0.4271750231666666,0.0,0.0
0.6879324387959403,0.44496587499999996,0.22590193175,0.24408123699999998,0.0,0.0
0.6840033311404584,0.5435598326666665,0.17233400783333333,0.248658095,0.0,0.0
0.6718904229509715,0.0683658894,0.238489935,0.3564366123999999,0.0,0.0
0.6056422628217779,0.004341490833333334,0.27852537066666666,0.37075071100000007,0.0,0.0
0.7801621125979414,0.3049767986,0.2351748572,0.30289441580000004,0.0,0.0
0.8236620161208106,0.7349105704999999,0.202195617,0.27348084525,0.0,0.0
0.8137201760202866,0.57400984425,0.203771586,0.29034793275,0.0,0.0
0.7317802387769827,0.07832069066666666,0.19116174249999998,0.280069835,0.0,0.0
0.5958286128366945,0.0,0.115257203,0.17131171850000002,0.0,0.0
0.6924440750906813,0.1981865766666667,0.07149866,0.09447899100000001,0.0,0.0
0.8228834571719852,0.649021623,0.047353600999999995,0.049037862749999994,0.0,0.0
0.8240686995317983,0.7438003055000001,0.038281695,0.0752691715,0.0,0.0
0.8062217967838201,0.2714236013333333,0.054596803,0.06501000933333333,0.0,0.0
0.6467915303357764,0.006638520875,0.062342493874999995,0.091071371125,0.0,0.0
0.6931302195111164,0.17270291266666668,0.044117540000000004,0.05294052366666666,0.0,0.0
0.823111300749327,0.62227304525,0.0472285715,0.05760607025,0.0,0.0
0.8272689035245655,0.7713811805,0.06622852875,0.06867922174999999,0.0,0.0
0.8093238895131047,0.3637676402,0.08622771679999999,0.09944149059999999,0.0,0.0
0.6533466351649514,0.006009485285714286,0.05416626042857143,0.08066972942857142,0.0,0.0
0.671026590096205,0.15236953949999998,0.047775218,0.079173701,0.0,0.0
0.8259982873820663,0.67442814025,0.03691491775,0.10466687775,0.0,0.0
0.8322160150630217,0.8958059325000001,0.07137477425,0.1810901915,0.0,0.0
0.8196194057881291,0.5794520613333333,0.17848159866666669,0.31736279633333336,0.0,0.0
0.7803416374330585,0.13089295425,0.3095664505,0.5257224465,0.0,0.0
0.6244861746689581,0.033044534125,0.42028851725,0.70676738,0.0,0.0
0.8070025731197616,0.49836808850000003,0.38516192549999995,0.6324468495000001,0.0,0.0
0.825093016563491,0.879568075,0.29138385475,0.5314896455,0.0,0.0
0.8109292004920015,0.6680172419999999,0.26284517300000004,0.57697194625,0.0,0.0
0.7744684297118627,0.136699002,0.2121317035,0.48598075975000005,0.0,0.0
0.5790846114506826,0.014371413,0.17156596242857144,0.18763803642857144,0.0,0.0
0.6377991227684058,0.462441341,0.1002855614,0.091737658,0.0,0.0
0.6895988471565108,0.8668596446000001,0.120398657,0.16509829400000003,0.0,0.0
0.6820787968265745,0.45525888600000003,0.1853373082,0.4012101574,0.0,0.0
0.6025877805139738,0.007737142875,0.21169858737499997,0.377591781875,0.0,0.0
0.5762383838090832,0.19970319766666667,0.130299151,0.18591953533333336,0.0,0.0
0.6762587975817651,0.6484369237500001,0.103858235,0.13093606525,0.0,0.0
0.6872934731811027,0.7462920915,0.109252358,0.2079780535,0.0,0.0
0.6823935823154185,0.2971544346666667,0.10843580800000001,0.33219759600000004,0.0,0.0
0.6243205782957728,0.0073001872499999995,0.09952963462500002,0.20733579700000002,0.0,0.0
0.7383662469085979,0.3444063772,0.1073136718,0.15203018340000002,0.0,0.0
0.8282416564366729,0.86962627525,0.14015254649999997,0.21803716174999999,0.0,0.0
0.8175018493880328,0.7730426745,0.228406371,0.4223533415,0.0,0.0
0.8047904382157728,0.30979161633333335,0.291965759,0.4811718996666667,0.0,0.0
0.69524102458164,0.01342407475,0.279681707,0.4986524155,0.0,0.0
0.6131419602796679,0.0470042725,0.2236428726666667,0.3652020978333333,0.0,0.0
0.8012844463045176,0.5349443380000001,0.12852668925,0.237332014,0.0,0.0
0.8284061098545829,0.89964485375,0.1056886105,0.2062298645,0.0,0.0
0.8160856163771466,0.66147515525,0.14955749725,0.23384419275,0.0,0.0
0.75161530077403,0.1046779072,0.1520288602,0.2569922202,0.0,0.0
0.6005714606999796,0.0,0.1093065025,0.19772258025,0.0,0.0
0.6913257402308787,0.1498129858,0.06862640919999999,0.09911524799999999,0.0,0.0
0.8221137840902671,0.6326695598571429,0.08087507671428572,0.09330568128571429,0.0,0.0
0.8073589116625512,0.39610014450000003,0.165930822,0.19290898900000003,0.0,0.0
0.7630503991777018,0.037889208,0.19691630833333332,0.3097802343333333,0.0,0.0
0.6100054589513436,0.0,0.18854478616666667,0.30271538950000004,0.0,0.0
0.7154499654583327,0.070067878,0.22730826175000002,0.26818299125,0.0,0.0
0.8211806308060207,0.2779007395,0.267909768,0.30032468549999997,0.0,0.0
0.8103712157280186,0.4096724088333333,0.39133042733333334,0.4214911073333334,0.0,0.0
0.771537643747234,0.060895490499999996,0.439713491,0.5226465607499999,0.0,0.0
0.6206710573875153,0.02088924575,0.6261041453749999,0.5860002915,0.0,0.0
0.7991305962420573,0.45239738025,0.658526863,0.607467461,0.0,0.0
0.8195221388195675,0.8547641734000001,0.6459291110000001,0.5653098086,0.0,0.0
0.8061200249667725,0.5534241616666667,0.7342042110000001,0.7033701763333333,0.0,0.0
0.7710567193076847,0.1058036445,0.69527650075,0.7395768017500001,0.0,0.0
0.5776303691204445,0.009730603,0.7278198998571429,0.7478406768571428,0.0,0.0
0.600831669931675,0.3027306043333333,0.6763274423333333,0.6808701156666667,0.0,0.0
0.6892661136906981,0.7980633950000001,0.5411786153333334,0.5450222325,0.0,0.0
0.6885661466740642,0.578535255,0.4750714775,0.6114844285,0.0,0.0
0.6588802158789779,0.07049832833333333,0.407357239,0.6236261506666666,0.0,0.0
0.5604925554943037,0.0131615026,0.28110308559999997,0.42750974899999994,0.0,0.0
0.6210777960309672,0.32909037225,0.15646979349999998,0.21018993675,0.0,0.0
0.69373459446664,0.7625046876666667,0.1587733425,0.21496498416666668,0.0,0.0
0.6877138648710849,0.5225051933333333,0.316584481,0.328382059,0.0,0.0
0.6728918009628815,0.099133362,0.49021828040000004,0.6453696192,0.0,0.0
0.600595234875748,0.0,0.61589207525,0.7527241902499999,0.0,0.0
0.664424029123255,0.06940033100000001,0.74471053725,0.83964277425,0.0,0.0
0.8152319400999852,0.41909684775,0.725163873,0.78124238125,0.0,0.0
0.8171629300670528,0.75983027925,0.6122511495,0.55753305075,0.0,0.0
0.8054436492728817,0.4579543396666666,0.5573079833333333,0.508608841,0.0,0.0
0.7710360197680042,0.06528946149999999,0.31601602175,0.48273506,0.0,0.0
0.620360026992775,0.01805447525,0.25674843575,0.4728808472499999,0.0,0.0
0.8000745001566416,0.37957507325000006,0.314340695,0.4451388545,0.0,0.0
0.8214546055186664,0.6021884565,0.34828077425,0.31808124325,0.0,0.0
0.808406073257718,0.4426560565,0.15655172350000002,0.2359579465,0.0,0.0
0.7296920725138292,0.04382968883333333,0.15800571183333334,0.2673165748333333,0.0,0.0
0.614591126666267,0.019537223333333336,0.1852788548333333,0.28817221816666666,0.0,0.0
0.8062556063726003,0.40555021625,0.14377701075,0.26030097975,0.0,0.0
0.8313312540515074,0.6392817998,0.139681426,0.2153759752,0.0,0.0
0.8137857683559204,0.40628739499999994,0.109487246,0.3087088786666667,0.0,0.0
0.7532095795989328,0.068939533,0.06743879220000001,0.2001760102,0.0,0.0
0.6013384640114474,0.0,0.0405240225,0.09717668399999999,0.0,0.0
0.6687245284905912,0.11048878549999999,0.058449453,0.11796899825000001,0.0,0.0
0.8341883159070287,0.6736933584285715,0.04972198,0.11084519942857142,0.0,0.0
0.8217591437267784,0.50254599325,0.11048829000000002,0.23763192475,0.0,0.0
0.7788812049862612,0.10646807575,0.1410267785,0.3087692515,0.0,0.0
0.6151462681041061,0.006563378,0.1880629952857143,0.34527605914285714,0.0,0.0
0.7258731071374156,0.2205924415,0.216303094,0.38157637499999997,0.0,0.0
0.8235442424344405,0.629766717,0.17820344100000002,0.2791271235,0.0,0.0
0.8320906291068595,0.8758172559999999,0.2851407195,0.41198310825,0.0,0.0
0.813855993678367,0.575503475,0.42054139000000007,0.5718880213333334,0.0,0.0
0.7735145246459835,0.11087118725,0.423924773,0.62907218375,0.0,0.0
0.5779292642421956,0.005594086999999999,0.3956567998571429,0.5793724597142856,0.0,0.0
0.5828066435883982,0.1595089375,0.38478274749999997,0.4762421165,0.0,0.0
0.6735876302987147,0.33103177725000005,0.34196568150000006,0.413972066,0.0,0.0
0.686512776826328,0.67436009,0.33691774775000005,0.38554931549999993,0.0,0.0
0.682583806391129,0.47983521649999994,0.42696724475,0.44067239374999995,0.0,0.0
0.6648727212764579,0.0310783395,0.3467018885,0.46410038025,0.0,0.0
0.5718500228199089,0.0,0.31449149425,0.44881252925000004,0.0,0.0
0.570782790324398,0.085622936,0.25586035725,0.3834224825,0.0,0.0
0.6582367735979604,0.3730296065,0.2219293605,0.2764293635,0.0,0.0
0.6913180972625034,0.7289252648571428,0.11481228314285714,0.13409826428571428,0.0,0.0
0.6859323437258439,0.36547887075,0.09261601874999999,0.0927444675,0.0,0.0
0.6242798275011143,0.007357118555555556,0.069012927,0.0853144031111111,0.0,0.0
0.771709880855002,0.3822785595,0.061507375249999996,0.09515283024999999,0.0,0.0
0.8331570908836108,0.8318679431428572,0.06579416242857142,0.12163706328571429,0.0,0.0
0.812192135766954,0.3469232175,0.10474488825,0.22398706875000002,0.0,0.0
0.6524478924403884,0.003507232571428571,0.1231056077142857,0.219516345,0.0,0.0
0.6682574799721475,0.083322351,0.07775053999999999,0.08271896575,0.0,0.0
0.8203989857757616,0.4188428915,0.0423714855,0.041602746999999995,0.0,0.0
0.8367951296485662,0.5917664185,0.03390058633333334,0.04417792,0.0,0.0
0.8145108811565867,0.3095483866666667,0.026628425,0.03904472366666667,0.0,0.0
0.7773590054266891,0.073719021,0.0582514535,0.078464607,0.0,0.0
0.6281290536683699,0.0,0.09407272,0.167346319,0.0,0.0
0.697018360082154,0.0923835502,0.1206875664,0.19665487499999998,0.0,0.0
0.8271396215482589,0.5861620788571429,0.18745754414285715,0.29963167414285713,0.0,0.0
0.8122257853438538,0.44475229024999996,0.37894109049999997,0.4864440025,0.0,0.0
0.7650993685253095,0.060984830999999996,0.360842269,0.576227839,0.0,0.0
0.6100807057582512,0.0,0.36541321250000003,0.5806583083333333,0.0,0.0
0.6882299933364364,0.14020068033333333,0.32661124933333335,0.5658863496666667,0.0,0.0
0.8183683957336333,0.609108177,0.250435807,0.386679384,0.0,0.0
0.8247032113092135,0.87243365,0.23036781675,0.28196310875,0.0,0.0
0.8070704255965764,0.442525864,0.3224820694,0.3673060588,0.0,0.0
0.6945483842090084,0.003786136,0.31273788325,0.47111118525,0.0,0.0
0.613044044132081,0.031097325,0.28195126083333333,0.38612380949999997,0.0,0.0
0.7928313200632084,0.43596935400000003,0.228871881,0.30832720033333333,0.0,0.0
0.8259014304244395,0.8333356255000001,0.23731860483333334,0.326553446,0.0,0.0
0.8139101256554316,0.5601155393333334,0.23123157833333333,0.3432368106666666,0.0,0.0
0.775278375217729,0.11204597150000001,0.2016256615,0.33112113374999996,0.0,0.0
0.5778017914799084,0.0028109962857142856,0.14798288285714287,0.30627140457142854,0.0,0.0
0.6236568840574628,0.34447758100000003,0.12100808475,0.2375412905,0.0,0.0
0.6972657282601054,0.72518466475,0.1798249035,0.205544314375,0.0,0.0
0.6863169788424184,0.225057281,0.18272639933333332,0.225654189,0.0,0.0
0.5993881651761529,0.002391777333333333,0.1530419902222222,0.26649610966666665,0.0,0.0
0.6064777807728645,0.22394855633333335,0.166152458,0.309925261,0.0,0.0
0.6955833500325883,0.6453862223333333,0.22092564133333328,0.27130778283333334,0.0,0.0
0.6936896901881808,0.48523298075000004,0.24447653975,0.24646554775,0.0,0.0
0.6753105961107538,0.07859871339999999,0.2730815996,0.3298029662,0.0,0.0
0.6157132172388022,0.01658121557142857,0.24447739442857142,0.40585163942857144,0.0,0.0
0.8050668969524553,0.3067546285,0.29533111075,0.42372969824999995,0.0,0.0
0.830036639709175,0.5224300308000001,0.2550935006,0.3103056258,0.0,0.0
0.8196654606211274,0.39413519599999997,0.2871405736666667,0.34492316900000003,0.0,0.0
0.7820720897795901,0.08708753525,0.22724970025000002,0.3486416385,0.0,0.0
0.6271774242976984,0.019209690375,0.13374653074999998,0.2268374435,0.0,0.0
0.8094968742100538,0.4169944405,0.08016146125,0.11466904674999999,0.0,0.0
0.8443365309986641,0.8389451562500001,0.0685698485,0.07521276525000001,0.0,0.0
0.8323082315522461,0.6171294097500001,0.06778301175000001,0.07635456775,0.0,0.0
0.8127356502693723,0.203450215,0.058420393,0.062298053000000006,0.0,0.0
0.6887787748086425,0.0024549297999999996,0.05130621,0.053700261000000006,0.0,0.0
0.6480697492412464,0.06247341233333333,0.06308505766666668,0.069689511,0.0,0.0
0.8430796993631448,0.5389097075,0.034888960000000004,0.033135973,0.0,0.0
0.8491600167859641,0.793347858,0.0449761405,0.076021456,0.0,0.0
0.8308037291728826,0.5110886573333334,0.11632621833333334,0.17897947366666667,0.0,0.0
0.787349182529967,0.102085757,0.167550953,0.27859189399999995,0.0,0.0
0.638005098678463,0.02009836425,0.17788012700000003,0.23383443512499996,0.0,0.0
0.8191106762062353,0.48760238575000003,0.123928078,0.160591734,0.0,0.0
0.8512158897828606,0.8594379209999999,0.08159319025,0.0778897785,0.0,0.0
0.833347735059077,0.6031725305000001,0.100233516,0.126053951,0.0,0.0
0.7660461695096161,0.0796584658,0.24042921320000002,0.2735806678,0.0,0.0
0.622370536633931,0.0014103435,0.25003364116666665,0.308198541,0.0,0.0
0.7986739672320271,0.4325904662,0.1569417284,0.2661665904,0.0,0.0
0.8524724928830655,0.84915383525,0.2766453195,0.30425199225,0.0,0.0
0.8332250007814495,0.5768213232499999,0.39793791475,0.3992838765,0.0,0.0
0.7424869753287212,0.062899362,0.5114720465,0.6298702511666667,0.0,0.0
0.5939352653486573,0.0,0.45421357366666665,0.5473896503333333,0.0,0.0
0.5988958375428299,0.10349701975,0.520974116,0.68041840925,0.0,0.0
0.6940944914838877,0.5932944222500001,0.5860107982499999,0.6633426005,0.0,0.0
0.7071332397206704,0.7811642687499999,0.6118644,0.6077611322500001,0.0,0.0
0.6963600954638874,0.399826956,0.4827302906666667,0.5989227846666666,0.0,0.0
0.6669258587118304,0.025460235,0.21739813966666666,0.3688019443333333,0.0,0.0
0.5720952375634718,0.000999507,0.2268575902,0.3692030598,0.0,0.0
0.6077636138494906,0.2532340393333334,0.145848792,0.23327084166666667,0.0,0.0
0.6923133551450468,0.6545215653333334,0.12150591083333333,0.154102128,0.0,0.0
0.6898781961576419,0.559417624,0.1426242695,0.11609165175,0.0,0.0
0.6755078532920286,0.040436214500000005,0.34415450633333333,0.3163310148333333,0.0,0.0
0.6244498332990729,0.0005371756,0.37415589540000005,0.5049555085999999,0.0,0.0
0.7955538426130564,0.2987646066,0.16341827999999997,0.3662152656,0.0,0.0
0.8472666541365597,0.67572686925,0.1228899225,0.25689793424999996,0.0,0.0
0.8315758035900835,0.41528208199999994,0.086809877,0.16733284725,0.0,0.0
0.7878597561007622,0.0654288975,0.106831917,0.1915421475,0.0,0.0
0.6436635516237372,0.0006038354285714286,0.31674596271428573,0.4307708911428571,0.0,0.0
0.7910652254233134,0.23594826074999997,0.335304928,0.5506670570000001,0.0,0.0
0.850791772001083,0.42848564016666674,0.313317087,0.5235263026666667,0.0,0.0
0.820394834489368,0.21679383819999995,0.2669862056,0.494227369,0.0,0.0
0.695463829932606,0.0009178274,0.155214006,0.2678629713999999,0.0,0.0
0.6069107910557325,0.00070430575,0.13642527225,0.23791428050000002,0.0,0.0
0.7730480934330111,0.25369608675,0.09402550674999999,0.18084139575,0.0,0.0
0.8297260939430787,0.6581894892,0.0693351716,0.0860085338,0.0,0.0
0.8182008791249813,0.47818452999999994,0.08159072475000001,0.079638106,0.0,0.0
0.7356521702659139,0.037188642333333334,0.06275834216666666,0.05210703483333332,0.0,0.0
0.6154836036196148,0.015621529166666667,0.028597370999999996,0.037333859500000004,0.0,0.0
0.808435768133187,0.3112912765,0.02436361175,0.045160749,0.0,0.0
0.8365097022199683,0.814424692,0.06185428450000001,0.063157241,0.0,0.0
0.8223316902036122,0.6252130285,0.07035574274999999,0.07107032025,0.0,0.0
0.7166236445487881,0.05183300828571429,0.056603603999999995,0.06882159271428571,0.0,0.0
0.6437158189366653,0.06450035933333333,0.04028286516666667,0.07134070999999999,0.0,0.0
0.8347138691581419,0.6702155692857142,0.055808979714285716,0.09058442242857143,0.0,0.0
0.8245687773463759,0.43952558240000006,0.14186906179999997,0.16209263219999998,0.0,0.0
0.7207239971955561,0.017804331399999998,0.1774166288,0.24253659160000002,0.0,0.0
0.5753079519831746,0.010105537833333332,0.21081210766666666,0.366608751,0.0,0.0
0.657941036377719,0.31339806699999995,0.25209200675,0.40272909775,0.0,0.0
0.6948611709812527,0.6136635611666666,0.4064358555,0.5090665850000001,0.0,0.0
0.6827736798106756,0.1536402535,0.45434357424999994,0.61401914875,0.0,0.0
0.6523938779462243,0.0011438035,0.588152976,0.7744181937499999,0.0,0.0
0.5699037707495901,0.04190338428571429,0.6519810004285713,0.8786307547142858,0.0,0.0
0.6758373315280691,0.37021960775,0.6568053444999999,0.8411949637499999,0.0,0.0
0.6873772772420387,0.55118603,0.63561170675,0.8261654365,0.0,0.0
0.6805779140155379,0.2256781096,0.650590184,0.8605573981999999,0.0,0.0
0.625703624615962,0.0,0.408996258875,0.6936262116249999,0.0,0.0
0.718856875320294,0.0815802545,0.23286006150000002,0.53112704875,0.0,0.0
0.8253756779591896,0.35090975025,0.25607922375000003,0.4088751725,0.0,0.0
0.817942350079965,0.4007657571666667,0.33167513916666663,0.31607385866666665,0.0,0.0
0.7772380885064766,0.0429368005,0.1377291105,0.20066181600000002,0.0,0.0
0.6149476099622454,0.000157386,0.08533687785714285,0.078884529,0.0,0.0
0.7320754044112026,0.134600579,0.0796147955,0.0647477215,0.0,0.0
0.8311077264026023,0.5155426462499999,0.0707373715,0.07865235775,0.0,0.0
0.8451781373039493,0.81402391425,0.1387351295,0.158828569,0.0,0.0
0.826788733437356,0.419464094,0.22843381499999998,0.3298023965,0.0,0.0
0.7769620183665361,0.03467343266666666,0.36138068500000003,0.6144326410000001,0.0,0.0
0.6524745469733382,0.0,0.4711196874285714,0.7182319214285714,0.0,0.0
0.7525426267591806,0.1228668615,0.29098062,0.6466612005000001,0.0,0.0
0.8390589810661772,0.26152288925,0.1768840715,0.44607503875,0.0,0.0
0.84557708649771,0.38958628625,0.22374978650000002,0.30168480275,0.0,0.0
0.8179445750973118,0.16746766325,0.43213705700000005,0.44430959400000003,0.0,0.0
0.7096143887955947,0.012296010166666664,0.42172601133333326,0.6098439633333333,0.0,0.0
0.6027203045012797,0.0,0.1289314285,0.2996741135,0.0,0.0
0.7706434027489912,0.306798909,0.053847030500000004,0.10429261975,0.0,0.0
0.8299415795494555,0.60983800425,0.0424174765,0.04219428375,0.0,0.0
0.8185804203937719,0.3713660565,0.100820625,0.11955592649999999,0.0,0.0
0.7841195549659741,0.06427419640000001,0.5081666041999999,0.566056205,0.0,0.0
0.6390522668217902,0.0,0.766164885142857,0.8149090937142857,0.0,0.0
0.7335062906233858,0.10942436999999999,0.8918303065,0.8900842630000001,0.0,0.0
0.8180602228478517,0.38050717424999997,0.881015848,0.88101864575,0.0,0.0
0.8183701787921709,0.5700625082499999,0.81440741975,0.914423017,0.0,0.0
0.8027991364760656,0.314030367,0.5928230682,0.8132707412,0.0,0.0
0.6851721297340736,0.00067619625,0.27613452475,0.5430431554999999,0.0,0.0
0.5615579249253366,0.0,0.25045885675,0.39966685675,0.0,0.0
0.5913466638243523,0.06387825825,0.3401864625,0.4274449545,0.0,0.0
0.6857395175185506,0.393693015,0.3729012348333333,0.5841132534999999,0.0,0.0
0.6820107340972703,0.315242494,0.69380236225,0.6958627525000001,0.0,0.0
0.657239111067366,0.03832096966666667,0.6670685136666666,0.8738202031666668,0.0,0.0
0.5615443004673977,0.0,0.5072930455,0.8211151405,0.0,0.0
0.6221745824284829,0.14148730333333334,0.304860685,0.6532901,0.0,0.0
0.6861052056826068,0.1728530375,0.18288348399999999,0.456916954,0.0,0.0
0.6839509250819096,0.021730748749999997,0.13927278424999998,0.19579652549999998,0.0,0.0
0.6559578918276558,0.0,0.17702505475000002,0.14406616775,0.0,0.0
0.6152126540828123,0.00099825,0.19119989866666667,0.2466565235,0.0,0.0
0.8005573447387571,0.08966836775,0.227177701,0.36607958724999995,0.0,0.0
0.8158110375562142,0.11104277042857144,0.18676603828571428,0.28243403842857145,0.0,0.0
0.7797748584592279,0.0087944988,0.3113563476,0.3469344316,0.0,0.0
0.6146574342192268,0.0,0.15388430300000003,0.24625881371428568,0.0,0.0
0.7792336299639768,0.17152925400000002,0.10480967399999999,0.1890172836,0.0,0.0
0.823316779873157,0.5589384303333333,0.13762088966666666,0.19932332166666666,0.0,0.0
0.8099995885740043,0.4240383844,0.21394273200000002,0.3491700554,0.0,0.0
0.7737221488307668,0.0347874705,0.25218728949999997,0.37965562624999993,0.0,0.0
0.6152119789263203,0.0,0.2602624776,0.46347010839999997,0.0,0.0
0.6940352388690023,0.09623110160000001,0.1802143628,0.3673404728,0.0,0.0
0.8216252898285076,0.5117759398571428,0.2353524642857143,0.26900081242857143,0.0,0.0
0.8070433092980693,0.25846522475,0.271976368,0.31183986825,0.0,0.0
0.7651595964620297,0.006445334333333334,0.2386159366666667,0.37283817533333335,0.0,0.0
0.619731315119592,0.0,0.3203898832,0.4808665802,0.0,0.0
0.6756206206676917,0.03067978425,0.41945585825,0.66049036775,0.0,0.0
0.81771567233001,0.32098490100000004,0.6171214466666667,0.742258542,0.0,0.0
0.824669250805373,0.5173890379999999,0.7107691046,0.7965555224,0.0,0.0
0.8064626293051251,0.20770639740000002,0.551835993,0.6860331064,0.0,0.0
0.6477081453500928,0.0,0.29112275425,0.489430600875,0.0,0.0
0.718892388035992,0.0655137455,0.20585634574999997,0.38586995625,0.0,0.0
0.8233231379064592,0.3714436934,0.21643540639999997,0.3362430752,0.0,0.0
0.810813255608392,0.46414741675000004,0.32567993925,0.371500064,0.0,0.0
0.7999670210138407,0.14239225933333333,0.23371003133333332,0.3244363826666667,0.0,0.0
0.6619547138546619,0.0,0.2653352734,0.39646826879999997,0.0,0.0
0.5586130115392756,0.0,0.316364314,0.47119694225,0.0,0.0
0.6015541919717838,0.09710025100000001,0.4226335583333334,0.6306991386666666,0.0,0.0
0.6867485642045025,0.26561349949999996,0.7099941543333333,0.7824909063333334,0.0,0.0
0.6813921479735789,0.1864977195,0.79608260825,0.8276869259999999,0.0,0.0
0.6737047181933398,0.016784215,0.6330215290000001,0.8164103945,0.0,0.0
0.5817386795993877,0.0,0.45156316299999993,0.714876841,0.0,0.0
0.6050249948823497,0.050762339999999996,0.324116623,0.5575746863333334,0.0,0.0
0.6877457009676188,0.15749903416666666,0.32797348750000005,0.4197309014999999,0.0,0.0
0.6809057486454136,0.09556355600000001,0.35538321,0.3761459375,0.0,0.0
0.6735420890372124,0.007165168600000001,0.43361252940000006,0.4993095126,0.0,0.0
0.6145645940382829,0.0,0.40357883475,0.6765036627500001,0.0,0.0
0.6706399395211159,0.036088897,0.40566128525,0.68429367525,0.0,0.0
0.8169445275622635,0.50482066575,0.495482715,0.6956043635,0.0,0.0
0.818061045797946,0.7738182865000001,0.6073603322500001,0.765090812,0.0,0.0
0.8044900985296409,0.34891086574999997,0.6017859305,0.810017123,0.0,0.0
0.7629610326291392,0.005698646333333332,0.4804680823333333,0.7424161093333334,0.0,0.0
0.6110059103807552,0.0,0.3646709315000001,0.6124807503333333,0.0,0.0
0.7175226175180359,0.1471296445,0.199963033,0.411125892,0.0,0.0
0.8210883306072215,0.5907549366666667,0.127252487,0.17910345033333333,0.0,0.0
0.807854169168156,0.43711925949999997,0.062081163499999995,0.07660454475,0.0,0.0
0.7291946661569292,0.022827710166666664,0.06062393816666667,0.09972011116666667,0.0,0.0
0.5949408983239575,0.0,0.33962339025,0.48052337800000006,0.0,0.0
0.7189114645290156,0.1036430595,0.46907541125,0.6872369334999999,0.0,0.0
0.8268188093536573,0.5756366041666667,0.4922348838333333,0.7192666488333334,0.0,0.0
0.8153435568715625,0.49565268866666673,0.49897100666666666,0.7165311710000001,0.0,0.0
0.7817829819637824,0.0867111206,0.38449403839999996,0.6762659604,0.0,0.0
0.6163665959557176,0.0,0.2401040197142857,0.45327278171428576,0.0,0.0
0.7807273713548583,0.1514204934,0.143734438,0.1629257098,0.0,0.0
0.8266124158408336,0.37198579049999997,0.22817756849999998,0.2534221185,0.0,0.0
0.8119143663647581,0.26028626974999997,0.35630203824999995,0.34750114624999995,0.0,0.0
0.732384019367274,0.013698235833333334,0.2844414693333333,0.4205727651666667,0.0,0.0
0.5963761735289898,0.0,0.24144289825,0.43054773175,0.0,0.0
0.7176435344754089,0.04829146075,0.2514614585,0.41990975775,0.0,0.0
0.8204245278239269,0.4128675908333333,0.42814196516666664,0.6399860181666667,0.0,0.0
0.8070153974811378,0.390045229,0.564653183,0.76452398825,0.0,0.0
0.769745104189846,0.03528013075,0.42407508275,0.6945205985,0.0,0.0
0.5785634407477754,0.0,0.36119469485714284,0.5532757732857142,0.0,0.0
0.602260452950079,0.117239806,0.26480859733333334,0.4193989143333334,0.0,0.0
0.6884227776517822,0.45018449850000003,0.16273215283333334,0.27910953099999997,0.0,0.0
0.6865725323824106,0.34734120575000005,0.13811139775,0.26015319225,0.0,0.0
0.6592512609108113,0.020318328166666667,0.27739141333333334,0.4277892853333334,0.0,0.0
0.5612043181413423,0.0,0.35367272125,0.5957036760000001,0.0,0.0
0.5915361715873954,0.1098769135,0.3528164575,0.63256749325,0.0,0.0
0.6866857760033737,0.6359482121666667,0.41251373183333334,0.6100264506666667,0.0,0.0
0.6803015756680386,0.43249430875,0.28011493475,0.46811871475,0.0,0.0
0.6728411710931852,0.011011679,0.2133253678,0.3450475644,0.0,0.0
0.6044546277901204,0.0,0.6277923248333334,0.7218454148333334,0.0,0.0
0.7498148509194583,0.020323096333333335,0.8010908733333334,0.914122565,0.0,0.0
0.8236589757092796,0.08997253875,0.710595921,0.89683390175,0.0,0.0
0.8106606817286495,0.2854038351666667,0.5473150493333333,0.8370051065,0.0,0.0
0.7722534296934578,0.025315115500000002,0.522504581,0.7896284505,0.0,0.0
0.6125571087200548,0.0,0.4435676095714286,0.6888990872857143,0.0,0.0
0.7782370250774775,0.21661812600000002,0.316445994,0.4540804506000001,0.0,0.0
0.8204761832957046,0.453199658,0.31057154,0.33586388349999996,0.0,0.0
0.8072535051554471,0.2892134185,0.167189563,0.16279855649999997,0.0,0.0
0.7292489581954212,0.01813898833333333,0.07114106483333332,0.049425106833333336,0.0,0.0
0.6149751712574977,0.0010303385,0.09945452399999999,0.07025104883333334,0.0,0.0
0.8050832234112905,0.321952103,0.1417463752,0.1545758904,0.0,0.0
0.8185406899938102,0.5936876092500001,0.16921800425,0.19727291975,0.0,0.0
0.8027725825602336,0.189659994,0.2774382034,0.31097422659999996,0.0,0.0
0.6966568003732561,0.0,0.23624381849999998,0.38277895775,0.0,0.0
0.6006410070582509,0.0,0.10849683219999999,0.17009792340000002,0.0,0.0
0.7781579393132957,0.061854738,0.2264615424,0.2820409604,0.0,0.0
0.8147598003986758,0.317449077,0.285086258,0.3458526344285714,0.0,0.0
0.7784444731302796,0.0620684754,0.3391573964,0.47695297959999994,0.0,0.0
0.6125407606891847,0.0,0.3509418558571428,0.5664628690000001,0.0,0.0
0.7670443220001064,0.175161929,0.35728402449999996,0.6014669205000001,0.0,0.0
0.8191491187818284,0.5007007971666666,0.269470803,0.46516211383333333,0.0,0.0
0.8042704387461789,0.22341935150000003,0.23776419575,0.4260882845,0.0,0.0
0.6846685512886267,0.0,0.15594308583333333,0.28386428950000003,0.0,0.0
0.5702588323630317,0.025161641333333335,0.13660574,0.2752118315,0.0,0.0
0.6630262211125245,0.2668713365,0.1094173245,0.2326315445,0.0,0.0
0.6884226405305934,0.4857160685,0.07677257116666666,0.1175634995,0.0,0.0
0.6842113233030203,0.2067908308,0.077168642,0.0883646188,0.0,0.0
0.6336732676657338,0.0,0.0486693112,0.039237074999999996,0.0,0.0
0.5701389632245933,0.02006646466666667,0.06549809416666666,0.05752240333333333,0.0,0.0
0.6762656555363777,0.416546204,0.0750300375,0.05648385525,0.0,0.0
0.6863991751171585,0.59915616425,0.09010559800000001,0.06725660800000001,0.0,0.0
0.6829456220447155,0.1699524422,0.13059508879999998,0.1373887176,0.0,0.0
0.6293183960648613,0.0,0.21908679344444443,0.26067906055555556,0.0,0.0
0.775213213370785,0.14078988524999997,0.30971513025,0.37424592875,0.0,0.0
0.8257568422003168,0.37615418624999997,0.31585812025000004,0.30863325875,0.0,0.0
0.8133859840507661,0.3288062216,0.2339868836,0.2422834478,0.0,0.0
0.7807419924720268,0.018654070000000002,0.205602332,0.23952325824999998,0.0,0.0
0.6163992397171111,0.0,0.1356856814285714,0.13433817057142858,0.0,0.0
0.785495605024951,0.2112707694,0.104264511,0.0897073358,0.0,0.0
0.8221123367615204,0.6366620282000001,0.0877984374,0.0571668962,0.0,0.0
0.8110988887930933,0.376035293,0.069802723,0.060204757,0.0,0.0
0.7806320597394041,0.0225180615,0.07922666575000001,0.0739083555,0.0,0.0
0.6168532026357522,0.0,0.044418543,0.030063377800000003,0.0,0.0
0.7010799242692441,0.057109226199999995,0.0321198334,0.017759220399999998,0.0,0.0
0.8236926253817343,0.5687875701428571,0.020757517000000003,0.01908286642857143,0.0,0.0
0.8111126351489205,0.29250250033333336,0.021570108,0.04540370733333334,0.0,0.0
0.7806583255818266,0.017017597,0.08121165225,0.0843795215,0.0,0.0
0.6164183243747644,0.0,0.11804716642857141,0.11176529957142857,0.0,0.0
0.7751211684131073,0.19021363975,0.178259525,0.19419731925,0.0,0.0
0.8228103743777401,0.6004771895,0.31992930616666665,0.31146699,0.0,0.0
0.8112837178994211,0.26499510633333334,0.3854855976666666,0.42314918300000004,0.0,0.0
0.7362887393937915,0.005638125666666667,0.551875309,0.6719995286666666,0.0,0.0
0.599808926424461,0.0,0.6038994557499999,0.744466521,0.0,0.0
0.7262581232948222,0.01763603975,0.510935961,0.67955579125,0.0,0.0
0.8249479635270278,0.161202911,0.3279105236666667,0.5110809481666666,0.0,0.0
0.8130144849211204,0.1670092218,0.3085335594,0.5148663134,0.0,0.0
0.7105903314487907,0.0,0.4039001496,0.604088039,0.0,0.0
0.5702739688258309,0.014264064285714287,0.4689360047142857,0.68854867,0.0,0.0
0.6806875404142223,0.22069971375,0.5656984565000001,0.8154984860000001,0.0,0.0
0.6877079098353467,0.39053666425,0.68524871675,0.8508905627500001,0.0,0.0
0.6857404928626814,0.2251422725,0.64204935575,0.83580808875,0.0,0.0
0.6566379365080028,0.0,0.514906307,0.7323313208,0.0,0.0
0.5650623584982537,0.0,0.6001459998333334,0.7430401823333334,0.0,0.0
0.654961673281035,0.1156708505,0.47556494274999994,0.681240563,0.0,0.0
0.6886742049711836,0.47622709825,0.30038454025,0.57611670625,0.0,0.0
0.6830750519685739,0.2755072615,0.32755861324999996,0.51047104825,0.0,0.0
0.6684054438300896,0.003643118166666667,0.45827456999999994,0.6442303420000001,0.0,0.0
0.6052420532997294,0.0,0.5262577268,0.7848725054,0.0,0.0
0.7586186464670229,0.066626558,0.4117145583333333,0.7722834336666667,0.0,0.0
0.8246090594045752,0.5068872583333334,0.4366126526666667,0.5904318568333333,0.0,0.0
0.8136307713329579,0.18031488,0.46758251525000005,0.6088702325,0.0,0.0
0.7165559599586341,0.0016487404285714287,0.35430852528571427,0.6079780758571429,0.0,0.0
0.6710294002258912,0.002777090428571428,0.42300351371428574,0.6837989001428572,0.0,0.0
0.82327329672514,0.06429597737500001,0.8394843942500001,0.9196824385000001,0.0,0.0
0.8092503998764525,0.0580453435,0.8078219117500001,0.9294133275,0.0,0.0
0.6494102629593,0.0,0.637765702375,0.8626571226249999,0.0,0.0
0.7264853724945447,0.010427301,0.6656946155,0.851804529,0.0,0.0
0.8270587152478713,0.2563958915,0.7240005751666666,0.8788638139999999,0.0,0.0
0.815676151660412,0.29186995775,0.6705108982499999,0.8548225602499999,0.0,0.0
0.7941976653508463,0.004935338333333333,0.5274099523333334,0.7860622416666666,0.0,0.0
0.6294396927025895,0.0,0.3351844705,0.643487609625,0.0,0.0
0.777924019602511,0.15344807524999998,0.24860438925,0.517545356,0.0,0.0
0.8239650227087781,0.4904218413333334,0.34196418749999996,0.5334579703333333,0.0,0.0
0.8137337547340023,0.18217723575,0.34549855125,0.57572705225,0.0,0.0
0.7404837636314953,0.0,0.38542553175,0.664912483,0.0,0.0
0.6393220516008893,0.00760785575,0.423288331,0.716349004375,0.0,0.0
0.8238884881270488,0.27535030250000003,0.39868954883333335,0.6756425585,0.0,0.0
0.8168335431955911,0.14351485725,0.538920589,0.74215821475,0.0,0.0
0.7628180979478225,0.007216281666666667,0.5645473933333334,0.7685087238333335,0.0,0.0
0.5703357479608195,0.0,0.40176008866666674,0.6989907468333333,0.0,0.0
0.6067832029481418,0.08399034300000001,0.360114082,0.68650294,0.0,0.0
0.6911580762299548,0.492781066,0.3567108965,0.6301604475,0.0,0.0
0.6918829158386386,0.0456981744,0.278572746,0.5756246032,0.0,0.0
0.5919604208110424,0.0,0.20423152125,0.38511058800000003,0.0,0.0
0.6431334747260242,0.11557394539999999,0.2919001968,0.4179538022,0.0,0.0
0.6883201600187219,0.255356938,0.6598607518333334,0.7583586085,0.0,0.0
0.6849729599562334,0.05153075633333332,0.7595570306666666,0.8280970296666667,0.0,0.0
0.6462851719621648,0.0,0.7587140258571429,0.8772827147142858,0.0,0.0
0.6312610013444607,0.0,0.46687878824999995,0.6986786545,0.0,0.0
0.8072017505649927,0.14478647299999997,0.277250367,0.50566348175,0.0,0.0
0.8237774123710239,0.464366012,0.22461716775,0.2771187745,0.0,0.0
0.8126386789821545,0.21736670924999998,0.24044875275,0.23691350349999998,0.0,0.0
0.7805972099619198,0.00100304725,0.27802686249999997,0.451952715,0.0,0.0
0.6164960280805223,0.0,0.4043694235714286,0.6232750478571428,0.0,0.0
0.7854841385126503,0.3035743376,0.4883216782,0.74916997,0.0,0.0
0.8276476217689415,0.805836238,0.572447339,0.850489653,0.0,0.0
0.8144151504110815,0.353908364,0.7792601248000001,0.9075827893999999,0.0,0.0
0.7448535967486556,0.0,0.7010947847500001,0.8746228645,0.0,0.0
0.6401149493941832,0.006312594,0.554690522625,0.78132413575,0.0,0.0
0.821832043630838,0.37103766974999997,0.65312663,0.7672001015,0.0,0.0
0.8211714640873262,0.50806006475,0.67582270925,0.7816549110000001,0.0,0.0
0.8100819021338109,0.18869288625,0.76653830075,0.822967993,0.0,0.0
0.6898273641544319,0.0,0.8126066897142856,0.8913249855714286,0.0,0.0
0.6318028013860959,0.0,0.6079249365,0.8267311009999999,0.0,0.0
0.8073294225060257,0.10462527275,0.61516030925,0.8420646305,0.0,0.0
0.823043352235656,0.1147410834,0.4789091326,0.7668198766000001,0.0,0.0
0.8100972638986323,0.0375645358,0.3303638808,0.45246271279999994,0.0,0.0
0.7018124733514074,0.0,0.57234600975,0.6009651887499999,0.0,0.0
0.5996143095407862,0.0,0.79463887025,0.89763157375,0.0,0.0
0.7267064839417579,0.01540471125,0.8915510705,0.9349945275,0.0,0.0
0.8249127289555299,0.1872619,0.9262479313333335,0.9097064771666666,0.0,0.0
0.8192021016808532,0.20837943679999998,0.9238108506,0.7870665104000001,0.0,0.0
0.7331863906058603,0.0,0.9008887525,0.860352527,0.0,0.0
0.5699215360639353,0.0,0.87608123,0.9052705913333332,0.0,0.0
0.6072849906924337,0.08498820766666666,0.8164075086666666,0.9288745606666667,0.0,0.0
0.6975822183449342,0.5392224743333334,0.8880253151666667,0.9360446250000001,0.0,0.0
0.6965906593794524,0.3857431533333333,0.8926987686666666,0.935948867,0.0,0.0
0.6808157839165032,0.021018747,0.8055529818333333,0.9314931051666667,0.0,0.0
0.5699419193578099,0.0,0.6978819525,0.9114214563333335,0.0,0.0
0.6086259463878766,0.07931784,0.607377757,0.8730428163333334,0.0,0.0
0.6989894963908879,0.5218110774,0.5093798616,0.7740835504,0.0,0.0
0.6989771841195538,0.3357457535,0.5372302625,0.73729848575,0.0,0.0
0.6851517997527191,0.017333048,0.7361035813333333,0.8634492643333335,0.0,0.0
0.6408845930503206,0.0032675955,0.8163334010000001,0.892563225875,0.0,0.0
0.8332868366034596,0.4495461715,0.8025769155,0.82498425125,0.0,0.0
0.8322841830226193,0.6871426780000001,0.79808090525,0.81233039025,0.0,0.0
0.8274231614061026,0.2378932365,0.81258745025,0.8831488825,0.0,0.0
0.7374834723854957,0.0,0.71084389875,0.8047445315,0.0,0.0
0.6189600987069536,0.0,0.49187487333333335,0.630576133,0.0,0.0
0.7772136284894158,0.06877338266666667,0.298107789,0.4887270653333333,0.0,0.0
0.8323664858604656,0.526216639,0.2717132681666667,0.4370983161666666,0.0,0.0
0.8222419609218161,0.1620717266,0.47761910199999996,0.7157825812,0.0,0.0
0.7365399914284646,0.0,0.6713704185,0.8517238112500001,0.0,0.0
0.607902113806122,0.0,0.8931456856666666,0.9252927519999999,0.0,0.0
0.7875757002829056,0.0376198722,0.9344110628,0.9161249322,0.0,0.0
0.8221853156543922,0.08998301100000002,0.9238305,0.9347134480000001,0.0,0.0
0.766693397415569,0.004552510833333333,0.7835898625,0.9232390335000001,0.0,0.0
0.6084066904492312,0.0,0.6122299661666667,0.8824993156666667,0.0,0.0
0.7859893583445585,0.057121246800000004,0.7380485358,0.893939329,0.0,0.0
0.8242833911185459,0.364393994,0.9021849827499999,0.931040233,0.0,0.0
0.8137495050906113,0.244136579,0.9008218565,0.93678922,0.0,0.0
0.7009031906604125,0.00032961975,0.8482734090000001,0.932769380875,0.0,0.0
0.6856275121502309,0.039008939,0.80761293,0.9248665448333333,0.0,0.0
0.8310311166829207,0.6431183901428571,0.7034372674285715,0.799566213857143,0.0,0.0
0.8256879199255398,0.370857907,0.729072136,0.8370091625,0.0,0.0
0.8034991492270132,0.025684484,0.59020361825,0.78021823575,0.0,0.0
0.639773372560515,0.0,0.382790719,0.63206573,0.0,0.0
0.5726998358097656,0.0,0.266672757,0.5076448207500001,0.0,0.0
0.6518511132477355,0.1140427356,0.33954690579999997,0.6091627774000001,0.0,0.0
0.6994842830245598,0.350323149,0.6597573785,0.75960871025,0.0,0.0
0.699019063308877,0.11326192625,0.75354666,0.8716966622499999,0.0,0.0
0.664866808194601,0.00019007166666666666,0.7746890605,0.9005907533333333,0.0,0.0
0.5648801125965734,0.0,0.7417645158333332,0.8973932128333333,0.0,0.0
0.6604754449326617,0.13200838375,0.69103891975,0.870363475,0.0,0.0
0.6951927584211178,0.3374264932,0.5762962185999999,0.7642459862,0.0,0.0
0.6987708172877636,0.08735353075,0.31869853849999996,0.5440192115,0.0,0.0
0.677454890810708,0.0,0.26359693075,0.48860835299999994,0.0,0.0
0.625683446960517,0.0,0.24089112999999998,0.45617669983333337,0.0,0.0
0.824622276214969,0.12601118975,0.23361223175,0.45922598625,0.0,0.0
0.8560137878644793,0.5123462221666667,0.3878238371666667,0.5064949098333335,0.0,0.0
0.8542472589331657,0.1575480325,0.549750346,0.56649915525,0.0,0.0
0.7779798279511394,0.0,0.5199530736666667,0.5596194543333334,0.0,0.0
0.6295612763451643,0.0,0.5147120371666666,0.7299446363333333,0.0,0.0
0.7698709244745868,0.0029698744999999997,0.536201025,0.8237182789999999,0.0,0.0
0.8653894288862184,0.16676737716666667,0.8719280113333333,0.9332261014999998,0.0,0.0
0.8532603405104068,0.269995329,0.915740482,0.934582727,0.0,0.0
0.7849888322924826,0.004772350333333334,0.9047355901666667,0.926141123,0.0,0.0
0.6210150954164623,0.0,0.859652988,0.9347780978333332,0.0,0.0
0.8276423137296852,0.22628554540000004,0.7696582356,0.9113317696,0.0,0.0
0.8523264415622326,0.5633364748333334,0.7604136455,0.8420054331666668,0.0,0.0
0.8514399995762426,0.08462683066666665,0.7422943923333335,0.905212063,0.0,0.0
0.7516221884047893,0.0,0.5485202135,0.829321026,0.0,0.0
0.6193109623115802,0.0,0.2862821425,0.5149381835,0.0,0.0
0.7130124138114696,0.0005671415,0.161779633,0.27861059825,0.0,0.0
0.8588785623881963,0.13334237925,0.283932838,0.37177313875,0.0,0.0
0.8434661061052976,0.353324497,0.49371214933333335,0.651287461,0.0,0.0
0.8337232666739129,0.1329805992,0.5998966162,0.7963751675999999,0.0,0.0
0.7534430512913162,0.0,0.6634069874999999,0.8630931152499999,0.0,0.0
0.658293351565583,0.0,0.659865980125,0.8560370375,0.0,0.0
0.8424703257395311,0.09443839600000001,0.46382567150000004,0.62516423325,0.0,0.0
0.833174975924626,0.20537065133333332,0.37690980783333333,0.5060765718333333,0.0,0.0
0.8003617334849217,0.0029708664,0.3095700122,0.45099987480000003,0.0,0.0
0.6064050294353396,0.0,0.2180222035,0.37611024849999997,0.0,0.0
0.6040323005980169,0.006793024833333334,0.0865944255,0.17897197933333334,0.0,0.0
0.7157047721895087,0.105580296,0.0568855275,0.1518650105,0.0,0.0
0.7144326701735654,0.1323127932,0.1140774492,0.23719983579999998,0.0,0.0
0.7187999201207611,0.018760655,0.24786114133333337,0.291713979,0.0,0.0
0.6340331632139142,0.0,0.38412607825,0.46796320275000003,0.0,0.0
0.6109705081636071,0.029956732571428574,0.4131864548571428,0.5513816437142858,0.0,0.0
0.726359495020235,0.488012851,0.2336092085,0.3734010735,0.0,0.0
0.719477827410023,0.48940975966666667,0.12339195800000001,0.18027056900000002,0.0,0.0
0.7355533244688722,0.07503262266666667,0.10667558433333334,0.13167053966666667,0.0,0.0
0.6974803131846525,0.0,0.3037603905,0.467211392,0.0,0.0
0.6160040412205159,0.0,0.58656582025,0.71881555875,0.0,0.0
0.7034469717458938,0.0,0.77330476775,0.8653350397499999,0.0,0.0
0.8550942753939745,0.12154406599999999,0.8068209516666666,0.8943240963333334,0.0,0.0
0.842557298119931,0.053563647199999995,0.7274595668,0.8649417145999999,0.0,0.0
0.7932098401321643,0.0,0.66515837225,0.8440024595,0.0,0.0
0.6289574848687,0.0,0.610851472,0.8303348945714287,0.0,0.0
0.8084028728714667,0.06432629775,0.6682826975,0.83846693675,0.0,0.0
0.8402792892918872,0.262190542,0.7640175735714286,0.8544171015714286,0.0,0.0
0.8057383806528433,0.019259371166666667,0.6493067679999999,0.8132486238333333,0.0,0.0
0.6250087477125107,0.0,0.41652860166666666,0.6075806205,0.0,0.0
0.7631614940340766,0.05152131425,0.21825887075,0.33997488200000003,0.0,0.0
0.8534163967604895,0.491167976,0.13091443149999998,0.284690456,0.0,0.0
0.8342114543794811,0.6625686925,0.064366288,0.13245975916666666,0.0,0.0
0.8375264907657645,0.08606313433333333,0.306737625,0.3488804616666667,0.0,0.0
0.7523056620958869,0.0,0.5775805190000001,0.680789429,0.0,0.0
0.6215983479119125,0.0,0.7239646971666666,0.855625114,0.0,0.0
0.812180522977188,0.23708388760000002,0.7728050881999999,0.9108614100000001,0.0,0.0
0.8345246945311069,0.7483050984999999,0.6396534035,0.873578185,0.0,0.0
0.826556706511788,0.33653793125000003,0.56850188325,0.84519349175,0.0,0.0
0.7923380589529287,0.0,0.5798290685,0.81942052975,0.0,0.0
0.6289640423511326,0.0,0.5073321907142857,0.7773811584285715,0.0,0.0
0.8053323220660769,0.1356325955,0.539133761,0.8140516449999999,0.0,0.0
0.8308146539572165,0.5777583287142857,0.3934041942857143,0.671312947142857,0.0,0.0
0.8033460037860225,0.028891767666666665,0.5838555698333333,0.7243584418333332,0.0,0.0
0.5950462667046822,0.0,0.7221475265,0.8464996459999999,0.0,0.0
0.6408011490470827,0.11298349183333334,0.6517682135,0.8217828928333334,0.0,0.0
0.693508320563979,0.5852190832,0.5537306892,0.81183406,0.0,0.0
0.6908155736238808,0.14534302875000002,0.6484482185,0.8799163942499999,0.0,0.0
0.6771456548455308,0.0,0.74508827125,0.9134412762499999,0.0,0.0
0.5838242181151844,0.0,0.6953582448571428,0.8944380479999999,0.0,0.0
0.6629828103773773,0.18812818533333334,0.6294435706666667,0.8877322343333333,0.0,0.0
0.7001391361791287,0.69252863975,0.49032317525,0.8429292877500001,0.0,0.0
0.693821065404638,0.49777183049999996,0.624028697,0.87296044125,0.0,0.0
0.6972287982538539,0.00108939825,0.75671780475,0.91592620775,0.0,0.0
0.6498961365633409,0.0,0.60767373125,0.7701342712499999,0.0,0.0
0.6947262382848157,0.01680663785714286,0.24667158857142857,0.4590158452857144,0.0,0.0
0.8390312567002279,0.4641403576,0.1169310532,0.27521919180000004,0.0,0.0
0.8255813323182011,0.4157095833333333,0.10367959666666667,0.188334996,0.0,0.0
0.8044510540329052,0.026059090833333336,0.1851943215,0.285201591,0.0,0.0
0.6284290838923815,0.0,0.10855671085714284,0.11858244814285715,0.0,0.0
0.8127634249279548,0.072577723,0.07648825725,0.03646370475,0.0,0.0
0.8341871664035929,0.3375939787142857,0.076735347,0.035714344,0.0,0.0
0.8034629774006034,0.017317740333333335,0.13928798883333335,0.145505781,0.0,0.0
0.6288069890394283,0.0,0.2666199742857143,0.32050914185714285,0.0,0.0
0.8086199494998283,0.05203874125,0.32035819575,0.4091195005,0.0,0.0
0.8338357655772949,0.3800448581428571,0.19080929600000002,0.34836314242857147,0.0,0.0
0.8320683636357704,0.043167293,0.1029669575,0.12618446900000002,0.0,0.0
0.7465496108299104,0.0,0.12688582783333333,0.12654611583333333,0.0,0.0
0.6183716966828552,0.0,0.23109342540000002,0.37320153879999995,0.0,0.0
0.7961567499383237,0.019831309666666668,0.3549634056666666,0.6006892106666667,0.0,0.0
0.8485542893225263,0.5264587402500001,0.39286530199999997,0.616296810125,0.0,0.0
0.8161600860029566,0.026100980833333332,0.30223644483333334,0.46128759999999996,0.0,0.0
0.6458030000542392,0.0,0.1741530185714286,0.19566366785714287,0.0,0.0
0.8357106608214313,0.06344799825,0.12029659825,0.11569933600000001,0.0,0.0
0.8572571169894947,0.29721007299999996,0.1437803105,0.150213547,0.0,0.0
0.821051012508545,0.019902692714285714,0.16187045214285714,0.2626859834285714,0.0,0.0
0.5944495628984242,0.0,0.3094909834285714,0.5109251097142857,0.0,0.0
0.6690934902242237,0.1362056476,0.35867881220000003,0.5989100846,0.0,0.0
0.7117494420228908,0.38744315240000005,0.30712802780000004,0.4371887259999999,0.0,0.0
0.7235009459471318,0.0371095815,0.260967066,0.39666028600000003,0.0,0.0
0.6897059704952196,0.0,0.2140684525,0.3328160545,0.0,0.0
0.5882371843983903,0.0,0.2781699292857143,0.4055705594285714,0.0,0.0
0.6847662768786373,0.04165259425,0.44057885100000005,0.62275902,0.0,0.0
0.7055402808923877,0.09868785957142857,0.6473532047142857,0.7974288385714285,0.0,0.0
0.6936541889302154,0.0,0.7254999573333333,0.8889314391666666,0.0,0.0
0.6213715710928275,0.0,0.6315955011666667,0.872769177,0.0,0.0
0.827554431488883,0.1586375532,0.7293100048000001,0.9010839874000001,0.0,0.0
0.8594346498631446,0.53745877975,0.833219767,0.9131087847499999,0.0,0.0
0.858065416533239,0.18721620225,0.7333888694999999,0.9072425125,0.0,0.0
0.7961315737200763,0.0,0.8128833035,0.9079514615000001,0.0,0.0
0.6423318181997388,0.0,0.92712134825,0.8261433522499999,0.0,0.0
0.8432848660315104,0.020992990500000003,0.93093271925,0.8654299925,0.0,0.0
0.8551143081679393,0.1888522285,0.9193105065,0.9335323795,0.0,0.0
0.851224896563995,0.14248029799999998,0.8974002050000001,0.9366955605,0.0,0.0
0.7941382908603694,0.0,0.88615887125,0.9371421685,0.0,0.0
0.6262828537688734,0.0,0.8517223193333333,0.9325320695,0.0,0.0
0.7750616186502887,0.006495544,0.77150822975,0.8832214520000001,0.0,0.0
0.8656030689132365,0.45974823162499995,0.5586969241249999,0.6853520833750001,0.0,0.0
0.8192096820027707,0.004826935833333333,0.6801578326666666,0.8415543576666665,0.0,0.0
0.628738847230004,0.0,0.8998402007142857,0.9301279405714286,0.0,0.0
0.8157005431416516,0.04198950025,0.8846733935,0.93737377,0.0,0.0
0.8605451559106801,0.43157798225,0.88159395025,0.93743357475,0.0,0.0
0.8562651297847548,0.23369052140000002,0.8585137957999999,0.9253904366000001,0.0,0.0
0.79514603070831,0.0,0.73654603225,0.844680399,0.0,0.0
0.6479399037002157,0.0,0.38587508600000003,0.5927656360000001,0.0,0.0
0.8561713909084604,0.02846070775,0.37470397175000003,0.401178476,0.0,0.0
0.8639848467295441,0.1309905835,0.4531260325,0.60694099825,0.0,0.0
0.8590620580002527,0.072261237,0.4547110085,0.64060528875,0.0,0.0
0.7430627831221699,0.0,0.5980950121666667,0.7238978961666667,0.0,0.0
0.5885444070348641,0.0,0.7859941414,0.8262130804,0.0,0.0
0.6929246276357657,0.1062693004,0.7897868920000001,0.9175606982,0.0,0.0
0.7546126614020664,0.42691815475000006,0.6046219134999999,0.8431990647500001,0.0,0.0
0.7636420411859753,0.16473716625,0.4591186395,0.75968838925,0.0,0.0
0.7230064656845584,0.0,0.3337027985,0.631871391,0.0,0.0
0.6134040576448293,0.0,0.2336628071428572,0.4702104607142857,0.0,0.0
0.6507797934408552,0.07244898500000001,0.30312413775,0.592869133,0.0,0.0
0.7586986427597829,0.43960267828571437,0.38136943585714284,0.6630307029999999,0.0,0.0
0.753450610199041,0.003314906666666667,0.5989421899999999,0.8755381026666668,0.0,0.0
0.6455679817261537,0.0,0.7197727098571428,0.9145031375714285,0.0,0.0
0.7625001028867225,0.0012157716666666666,0.7909408373333333,0.9301802919999999,0.0,0.0
0.876846134388517,0.11178324659999998,0.8429273395999999,0.933054847,0.0,0.0
0.876652786236293,0.03593863525,0.87942395675,0.9363397427500001,0.0,0.0
0.8018288295331049,0.0,0.8898544547142857,0.9348266577142857,0.0,0.0
0.6647483982510506,0.0,0.902071561125,0.9346388825,0.0,0.0
0.859001374382695,0.0426556752,0.8052949652000001,0.9174632716,0.0,0.0
0.8503638822965793,0.06537005175,0.643913123,0.8769898625,0.0,0.0
0.8159910987416844,0.0,0.5537612398333334,0.7470171561666668,0.0,0.0
0.6356379079189304,0.0,0.5660878291428572,0.8291745082857143,0.0,0.0
0.8189622018288897,0.0645425395,0.797948865,0.9162574315,0.0,0.0
0.8635234598421775,0.3606186725,0.6416953183333333,0.8510306419999999,0.0,0.0
0.8426829751619572,0.0020891521666666665,0.31361526533333334,0.46990159216666666,0.0,0.0
0.6586489912654294,0.0,0.45197418685714297,0.5671001242857142,0.0,0.0
0.8497105127189533,0.101572551,0.6543636088,0.7981510644,0.0,0.0
0.8912303548247956,0.33647705457142857,0.4452042604285714,0.6673317048571429,0.0,0.0
0.8402430118915404,0.0,0.3013050628333333,0.5231683046666666,0.0,0.0
0.6451208887344383,0.0,0.26074597266666666,0.43087207499999997,0.0,0.0
0.8485752494593541,0.0217812468,0.5621304488,0.7305301794,0.0,0.0
0.8915051393752887,0.1510233095,0.6166647785,0.8235990572499999,0.0,0.0
0.9005717692858267,0.0812545932,0.6584367454000001,0.8385069184,0.0,0.0
0.810311460209096,0.0,0.5618980370000001,0.8013698822499999,0.0,0.0
0.6228215070922273,0.0,0.37469060183333336,0.6436531931666666,0.0,0.0
0.684499365913868,0.053051439,0.300742594,0.49810074200000004,0.0,0.0
0.7546856706527094,0.42346532585714286,0.32712689785714283,0.4926061368571429,0.0,0.0
0.7815336363942398,0.0011423330000000002,0.4885046108,0.6289803036,0.0,0.0
0.678357749894249,0.0,0.5088176745,0.653079711,0.0,0.0
0.6346807682369346,0.00028705057142857146,0.5080749604285716,0.690571248142857,0.0,0.0
0.7545054146592425,0.30324836233333335,0.4719588985,0.7313901031666666,0.0,0.0
0.763356504050517,0.023986337999999996,0.334879749,0.6284475328,0.0,0.0
0.7291879034439446,0.0,0.22676533975,0.43878274575000004,0.0,0.0
0.6569921392611354,0.0,0.17471302014285714,0.26654846542857147,0.0,0.0
0.8790171522170523,0.00798985925,0.2173750745,0.33556628925,0.0,0.0
0.9003015512255362,0.05247181583333333,0.20162927816666668,0.33549976216666666,0.0,0.0
0.8675156338801484,0.0003452435,0.2655947063333333,0.45043498116666664,0.0,0.0
0.6572708404645394,0.0,0.3378904274999999,0.5520472641666667,0.0,0.0
0.8166618356951897,0.04030489,0.2597937415,0.5273111161666667,0.0,0.0
0.8990650709013341,0.1765000344,0.1088074698,0.2502464622,0.0,0.0
0.9069638943984422,0.017780012249999998,0.12150066225,0.15142012249999998,0.0,0.0
0.7842458050085871,0.0,0.2296136582,0.208083009,0.0,0.0
0.6371171784653626,0.0,0.389589025,0.40362914675,0.0,0.0
0.8197349315416872,0.045460625166666664,0.4204295613333333,0.5247808516666667,0.0,0.0
0.8981171604963678,0.2140686665,0.2232565158333333,0.3961127061666667,0.0,0.0
0.8709531682422601,0.0003261031666666667,0.25701714633333334,0.32549253933333333,0.0,0.0
0.6597042125287446,0.0,0.22877831216666664,0.2551859433333333,0.0,0.0
0.8227481728868398,0.03451093683333333,0.22601120733333332,0.32400100483333333,0.0,0.0
0.8959734448665024,0.26061167616666664,0.18740143216666663,0.2528442845,0.0,0.0
0.8313618359152672,0.000281124375,0.12989451375,0.12468681250000001,0.0,0.0
0.7159319128256666,0.0,0.07160447387499999,0.0436959995,0.0,0.0
0.9096837301905136,0.09222819366666667,0.1707780365,0.20151716383333332,0.0,0.0
0.9064506462212605,0.0403300625,0.38406259649999996,0.48905232125000003,0.0,0.0
0.8527534397808209,0.0,0.484040275,0.71259876675,0.0,0.0
0.6303861568736195,0.0,0.5057504984285714,0.7366853195714286,0.0,0.0
0.6654874783374013,0.003761113,0.7373086877499999,0.8521292659999999,0.0,0.0
0.7518879830767368,0.040871914333333335,0.7942180274999999,0.9029479611666668,0.0,0.0
0.7567395711642243,0.0013352549999999998,0.6325122200000001,0.8728604266666666,0.0,0.0
0.6344565860798755,0.0,0.6554967138000001,0.8868500625,0.0,0.0
0.7325949554065632,0.10641975385714286,0.5746632902857142,0.843207779,0.0,0.0
0.7521819791180016,0.021942195499999997,0.60297573675,0.8483061464999999,0.0,0.0
0.7242606684826881,0.0,0.6253153526666667,0.8536064025,0.0,0.0
0.6536996524570097,0.0,0.43789032583333337,0.7157272218333333,0.0,0.0
0.8790713985113212,0.0268858555,0.3197081745,0.5177129215,0.0,0.0
0.8980127674226136,0.06539432666666666,0.16054403266666667,0.34724199433333336,0.0,0.0
0.897658356702168,0.0,0.108891921,0.28954709624999997,0.0,0.0
0.695202917302656,0.0,0.26705576975,0.399426954125,0.0,0.0
0.8174634068743734,0.022316255499999996,0.439643838,0.6172217218333333,0.0,0.0
0.899905863373164,0.13682204250000002,0.6602925220000001,0.8191124991666667,0.0,0.0
0.9014504084716991,0.0,0.5541194417499999,0.7833392462500001,0.0,0.0
0.7555407348426209,0.0,0.585676683,0.7863490390000001,0.0,0.0
0.6539382554150349,0.0,0.4114251563333333,0.6324599731666668,0.0,0.0
0.8824682957766419,0.03080725475,0.28630581825,0.48906676775,0.0,0.0
0.900873152854388,0.08208559733333333,0.34398587033333333,0.5104168791666667,0.0,0.0
0.8700179282562909,0.0,0.4202875846666667,0.6112403385,0.0,0.0
0.6571852000449325,0.0,0.4195817048333333,0.6211872081666666,0.0,0.0
0.8170343436998658,0.032146645,0.3365895791666667,0.5411692058333334,0.0,0.0
0.8918470534007368,0.29654996475,0.23792175475,0.46544814275,0.0,0.0
0.9030886558115127,0.09253592775,0.3331124865,0.48879137475,0.0,0.0
0.8565555269262037,0.0,0.46768140925,0.694642142,0.0,0.0
0.6700995338607623,0.0,0.491398831,0.717063474875,0.0,0.0
0.8945128257639512,0.1024535025,0.46532677775,0.6838303020000001,0.0,0.0
0.9082858230982666,0.4050472316666667,0.297553992,0.5300144838333334,0.0,0.0
0.8809943341754671,0.0,0.4082391166666666,0.5586838568333333,0.0,0.0
0.6595958685439017,0.0,0.3666702635,0.468517293,0.0,0.0
0.6510974205379794,0.002396545,0.2569903804285714,0.30340721685714284,0.0,0.0
0.7789916113098825,0.20469712199999998,0.17941925057142857,0.19703622814285712,0.0,0.0
0.7855457121842163,0.0,0.13372146683333333,0.096443613,0.0,0.0
0.6408058276914116,0.0,0.11600546866666668,0.08916728916666666,0.0,0.0
0.6878229289589372,0.013375811833333332,0.20625065266666667,0.4120554421666666,0.0,0.0
0.7755185288219282,0.11898377740000002,0.40739284319999997,0.644832351,0.0,0.0
0.7765133741447005,0.004696463,0.5191897675714285,0.7928815714285714,0.0,0.0
0.658146043046591,0.0,0.5148409915000001,0.805171793,0.0,0.0
0.8454670546711839,0.021945809333333333,0.6764829695,0.8915029515,0.0,0.0
0.9287352223721863,0.18159859959999997,0.7507212188000001,0.8951391642,0.0,0.0
0.8949184108269612,0.0059019692857142855,0.7466797248571427,0.9118479745714286,0.0,0.0
0.667958207155753,0.0,0.7466367645000002,0.8930713298333334,0.0,0.0
0.8058019537396208,0.0,0.74281075525,0.8941950430000001,0.0,0.0
0.9288191452368031,0.1315678846,0.7600791444,0.9001870572000001,0.0,0.0
0.930077389659058,0.091106273,0.8357602505,0.916264851,0.0,0.0
0.8532633046567925,0.0,0.8552966925,0.929735768,0.0,0.0
0.653667877377547,0.0,0.8603879595,0.9277392191666666,0.0,0.0
0.8479091058253717,0.0,0.846446162,0.9272774866666667,0.0,0.0
0.9287363653163133,0.06647122475,0.79319191825,0.91223012775,0.0,0.0
0.9285740836156169,0.09400337674999999,0.7221790749999999,0.86260243075,0.0,0.0
0.9274368773227597,0.0,0.68538250475,0.83672429225,0.0,0.0
0.7011680499540389,0.0,0.463019672625,0.6133692749999999,0.0,0.0
0.8447398845324422,0.010340032166666667,0.33307544400000005,0.4483766523333333,0.0,0.0
0.9339048832054392,0.0748212278,0.28446118959999994,0.3120273544,0.0,0.0
0.898702647782301,0.0018908371428571428,0.22985370957142856,0.30102346799999996,0.0,0.0
0.7076954053225006,0.0,0.138785426,0.20129911911111112,0.0,0.0
0.9337578550540667,0.007873753333333334,0.13251395933333335,0.2045181706666667,0.0,0.0
0.945912515899872,0.030256157500000002,0.08643289700000001,0.12114343016666668,0.0,0.0
0.8979401951353857,0.0,0.05975485283333334,0.07179248650000002,0.0,0.0
0.6446957432798703,0.0,0.052205331285714286,0.04499241742857142,0.0,0.0
0.6928494326500148,0.00069274325,0.07596415975,0.10023227125,0.0,0.0
0.7894908940599565,0.069457559,0.1308101156,0.195283046,0.0,0.0
0.8026247619648251,0.0121071315,0.23286468100000002,0.34815879075,0.0,0.0
0.774161971286864,0.0,0.26250348474999996,0.426930269,0.0,0.0
0.639495986057162,0.0,0.27526725925,0.44600470975,0.0,0.0
0.7306045593752236,0.00658243525,0.35551926725,0.5836030839999999,0.0,0.0
0.7944764068253051,0.05255097057142858,0.3689846972857143,0.6056951354285713,0.0,0.0
0.7837201302924139,0.0,0.37244356959999997,0.5401478263999999,0.0,0.0
0.6834173354780274,0.0,0.20762453266666667,0.28481631199999996,0.0,0.0
0.8007222477085465,0.0,0.16948046166666667,0.22252711933333333,0.0,0.0
0.9503305984579357,0.10413667875,0.11095876800000001,0.14534260625,0.0,0.0
0.9473102706104692,0.29079046849999995,0.07225145725000001,0.11653939925,0.0,0.0
0.9148438852478495,0.0036935134285714286,0.09887795614285713,0.14027091242857143,0.0,0.0
0.7085770702288198,0.0,0.070034791375,0.09674340475,0.0,0.0
0.9351384115594192,0.041636721,0.074228093,0.093444041,0.0,0.0
0.9509317882505093,0.300383949,0.065473187,0.0819293745,0.0,0.0
0.9568999783699611,0.058735906000000004,0.17160145325,0.19933405075,0.0,0.0
0.8829348414059124,0.0,0.23765986975000003,0.313854488,0.0,0.0
0.6919507835090263,0.0,0.37606010800000006,0.4928576308333334,0.0,0.0
0.851231713397115,0.0009755450000000001,0.6221710838,0.7222618238,0.0,0.0
0.9443227998983437,0.14497696983333333,0.851286398,0.8848713914999999,0.0,0.0
0.9035262086916275,0.0013226660000000001,0.9165441911428571,0.9336107218571428,0.0,0.0
0.670613022061958,0.0,0.9117408034999999,0.9360163775,0.0,0.0
0.8552957844815922,0.0010810363333333334,0.893599191,0.9372099515,0.0,0.0
0.9399197667313897,0.014653269,0.82006903525,0.9354836504999999,0.0,0.0
0.9377833495062413,0.0020428431999999996,0.8875349306,0.9367189337999999,0.0,0.0
0.8133729128935461,0.0,0.88424652525,0.936768405,0.0,0.0
0.6923537464641841,0.0,0.81107649475,0.9295648508750001,0.0,0.0
0.9175655901739003,0.0217343,0.7896370066666667,0.9210518169999999,0.0,0.0
0.9224260249687077,0.13777159516666668,0.753545937,0.8970198343333333,0.0,0.0
0.8806035383165977,0.0,0.7050009796666669,0.8883840171666667,0.0,0.0
0.646024864160348,0.0,0.598490561875,0.82997228375,0.0,0.0
0.7403591663265501,0.02780550625,0.49392630274999993,0.7301022749999999,0.0,0.0
0.7923935945356787,0.23286844760000003,0.41921881699999997,0.6534753078000001,0.0,0.0
0.7928055777179519,0.0016325668571428571,0.4349878248571429,0.6092217812857142,0.0,0.0
0.6406649846594343,0.0,0.561070158,0.754635113625,0.0,0.0
0.7396837621988354,0.00092133675,0.64069995,0.88830178675,0.0,0.0
0.7914116961456551,0.009618694166666667,0.5264455491666666,0.8220324548333334,0.0,0.0
0.7866361854454001,0.0,0.38079667533333333,0.6785531981666667,0.0,0.0
0.6641935828020714,0.0,0.393470196,0.5831186164285714,0.0,0.0
0.8608699159193323,0.011645789600000001,0.6834928162,0.8579919867999999,0.0,0.0
0.8960691512695903,0.07418195316666666,0.801030183,0.9162312161666666,0.0,0.0
0.8519474588185332,0.0,0.7625921952857143,0.9040322095714286,0.0,0.0
0.6606781923100832,0.0,0.8432924731666667,0.918988843,0.0,0.0
0.8885158231308743,0.0446810918,0.8738541061999999,0.935751973,0.0,0.0
0.924122407877471,0.397572705,0.8880689298,0.936886418,0.0,0.0
0.9141002582377412,0.0030231703333333335,0.8402650074999999,0.9250198553333333,0.0,0.0
0.6942416914145414,0.0,0.43310050937500005,0.7045474285000001,0.0,0.0
0.8962077425784136,0.0004135735,0.22196579174999997,0.39587382,0.0,0.0
0.9300871964376612,0.26614106683333333,0.24293285366666664,0.313934275,0.0,0.0
0.8984797451490806,0.0019439461428571428,0.3721158857142857,0.5207173022857143,0.0,0.0
0.6778804553121588,0.0,0.4045115241428571,0.5889129805714285,0.0,0.0
0.903738415093524,0.0017497655,0.3039941445,0.5404924776666666,0.0,0.0
0.9276548160521552,0.005457890714285715,0.3925599907142857,0.5858000485714285,0.0,0.0
0.8321762344150191,0.0,0.696899076,0.8519928444,0.0,0.0
0.6594251706121882,0.0,0.6074703185,0.8274552503333333,0.0,0.0
0.8768205009212712,0.010381282333333334,0.28984851800000005,0.43804758299999996,0.0,0.0
0.9033449065390489,0.011717837,0.7047906713333334,0.746776417,0.0,0.0
0.85893142340172,0.0,0.8188873132,0.925065262,0.0,0.0
0.6496758836574489,0.0,0.7838230347777779,0.9089234232222222,0.0,0.0
0.7604426754780839,0.010461603333333333,0.7885228226666667,0.9117034610000001,0.0,0.0
0.7886634913297687,0.076636627,0.8640839226666666,0.9276333881666666,0.0,0.0
0.7708697147097275,0.0,0.9063990968571428,0.9198677414285713,0.0,0.0
0.6390711253064568,0.0,0.5785968457499999,0.7811362165000001,0.0,0.0
0.7611900688988197,0.030177767666666664,0.4343223843333333,0.6300677886666667,0.0,0.0
0.7929203665880099,0.19808155949999998,0.608327351,0.7171853616666667,0.0,0.0
0.7943077657875137,0.0,0.7471216156666668,0.8768291338333333,0.0,0.0
0.6697203241433618,0.0,0.8727942902857142,0.9258510088571429,0.0,0.0
0.8921974209214643,0.027669571599999998,0.8614647334000001,0.9317846700000001,0.0,0.0
0.9259700098417427,0.32063721300000003,0.8273319984,0.92123074,0.0,0.0
0.9112383944735692,0.0016430453333333333,0.8267075190000001,0.927216509,0.0,0.0
0.6969829944639234,0.0,0.8307960974999999,0.9288688503333334,0.0,0.0
0.7629790042375266,0.0,0.69209263425,0.88156405125,0.0,0.0
0.9275666295421069,0.03192264366666667,0.5791799156666667,0.834604245,0.0,0.0
0.929118334247006,0.28371688100000003,0.5201530588,0.8147741467999999,0.0,0.0
0.9130294748360693,0.0018974198333333331,0.38070348783333335,0.6519103058333333,0.0,0.0
0.6912006240058444,0.0,0.2603458335,0.394617809875,0.0,0.0
0.9018013337523711,0.0147364466,0.24709541340000002,0.38767951580000004,0.0,0.0
0.9366641734828849,0.15837067933333335,0.18701739283333332,0.2646914696666667,0.0,0.0
0.8754200030932399,0.0,0.248236897,0.35694343557142855,0.0,0.0
0.6741884429522786,0.0,0.20826681925,0.28022161074999996,0.0,0.0
0.8456340400197246,0.006427610285714286,0.26708808157142855,0.4336743844285714,0.0,0.0
0.9429284741836329,0.13561321766666667,0.33970673199999996,0.5508232001666666,0.0,0.0
0.9416553968334681,0.0,0.431091064,0.694679214,0.0,0.0
0.7486804776420243,0.0,0.40325511899999994,0.6706425495999999,0.0,0.0
0.6732683246959688,0.0,0.37083784025,0.635772218,0.0,0.0
0.9054221062186445,0.015625646200000003,0.38311984,0.6225094698,0.0,0.0
0.9428019985289753,0.23921812425,0.33189245475000007,0.5367394857500001,0.0,0.0
0.9470312347584595,0.0330158974,0.29260270019999995,0.5092465392,0.0,0.0
0.8212820140510996,0.0,0.30016282375000003,0.5429522885,0.0,0.0
0.6748296900283502,0.0,0.21487656930000001,0.4117386406,0.0,0.0
0.8083156170106599,0.1008018715,0.2699779565,0.5425743027500001,0.0,0.0
0.8205161742705173,0.0425582452,0.334516375,0.5890131667999999,0.0,0.0
0.7909346045220353,0.0,0.54769101075,0.7457341465,0.0,0.0
0.6537735353602044,0.0,0.7265874176666666,0.8571794106666667,0.0,0.0
0.7368614360845962,0.020941827857142856,0.7575001774285715,0.8666656994285714,0.0,0.0
0.814817263403147,0.097083442,0.549635555,0.756689227,0.0,0.0
0.8214671326850396,0.000500309,0.22787524999999997,0.4074976213333333,0.0,0.0
0.6959110223813333,0.0,0.066371291875,0.09617559825000001,0.0,0.0
0.915349494370157,0.0124514564,0.08076241719999999,0.08962827920000001,0.0,0.0
0.9493133146408104,0.2144367665,0.0900185905,0.08595531449999999,0.0,0.0
0.9521499868271798,0.02637394225,0.16946478575,0.1500410135,0.0,0.0
0.874856166227311,0.0,0.24221202875,0.24966885975000003,0.0,0.0
0.685574729945381,0.0,0.23254375914285713,0.2698020364285714,0.0,0.0
0.8956564785363739,0.0,0.26879910525,0.3533888705,0.0,0.0
0.9374122679434403,0.016429310166666666,0.307526609,0.5728733448333333,0.0,0.0
0.8958682419230494,0.00025013414285714284,0.4014149514285714,0.6672752301428572,0.0,0.0
0.6770298618410237,0.0,0.7356867811428571,0.8623048697142855,0.0,0.0
0.8896120967124851,0.0,0.81471384525,0.92809019375,0.0,0.0
0.9370202398377259,0.013537287571428571,0.6011665817142858,0.869847911,0.0,0.0
0.9334977867091285,0.0,0.41531397175,0.7368479342500001,0.0,0.0
0.7065994152064324,0.0,0.3271283544444445,0.5817769141111112,0.0,0.0
0.8936382830903172,0.0031582668,0.3564707264,0.5784513834,0.0,0.0
0.9308852014997698,0.046719255999999994,0.3496739585,0.6219898648333334,0.0,0.0
0.909125631091985,0.0,0.3834572198,0.6817702087999999,0.0,0.0
0.7167626778801242,0.0,0.42411470149999997,0.70379528325,0.0,0.0
0.7211406566771715,0.0,0.4276361025,0.7189204708333333,0.0,0.0
0.9251899420726287,0.007685548555555556,0.5077524732222222,0.8064651394444445,0.0,0.0
0.8855110034000151,0.0,0.6179312658333335,0.8510547058333332,0.0,0.0
0.6585640065147906,0.0,0.37960092388888883,0.6601335621111112,0.0,0.0
0.7779722384977187,0.0035224650000000002,0.223735261,0.4019067486666666,0.0,0.0
0.8118007760142273,0.06432341650000001,0.09280488533333332,0.13979969766666667,0.0,0.0
0.8055700182281789,0.0,0.07967446766666668,0.08367404183333334,0.0,0.0
0.6503094172040335,0.0,0.122384309,0.12751719928571428,0.0,0.0
0.7189040693491924,0.0,0.12166233974999999,0.196829839,0.0,0.0
0.8090001764860437,0.0392779064,0.0944377402,0.17756865920000003,0.0,0.0
0.8118572625615306,0.0055298378750000005,0.1466042505,0.196029097125,0.0,0.0
0.6900519801460155,0.0,0.16148143299999998,0.2747498543333333,0.0,0.0
0.8714525115331881,0.0,0.2318183462,0.394918634,0.0,0.0
0.9460885646776385,0.19659397014285715,0.47044758471428566,0.4765623915714286,0.0,0.0
0.8977176321359018,0.0,0.6623282466666667,0.7612923205000001,0.0,0.0
0.6750021390756816,0.0,0.8282440442857142,0.9206019748571429,0.0,0.0
0.8854018798607756,0.0131669544,0.8533771704000002,0.9352861299999999,0.0,0.0
0.919076500807356,0.196354162,0.8375925313333333,0.9297171063333334,0.0,0.0
0.8807379234732107,0.0,0.8479435445,0.9296608668333334,0.0,0.0
0.6721511827367153,0.0,0.7874732042857142,0.8866873715714286,0.0,0.0
0.8831249891941815,0.009952381,0.6177671229999999,0.720244435,0.0,0.0
0.9179314993173612,0.13659346916666665,0.4878193436666667,0.6483213245,0.0,0.0
0.8777785093418227,0.0,0.6605839035,0.8473104235000001,0.0,0.0
0.6705657120843449,0.0,0.6795875618571428,0.8818525438571427,0.0,0.0
0.8731985154514812,0.0017974512,0.6337821225999999,0.8715298184,0.0,0.0
0.9149134269710036,0.04671481883333334,0.6120523643333333,0.8780213643333333,0.0,0.0
0.8565501483780961,0.0,0.6350830368571428,0.8592010012857143,0.0,0.0
0.6568411235625963,0.0,0.6684563137999999,0.8570762758000001,0.0,0.0
0.8609992527568552,0.02442653057142857,0.45199658900000006,0.6625758097142856,0.0,0.0
0.9203417296354762,0.11445656250000001,0.37722760683333334,0.5857006911666667,0.0,0.0
0.8482655510303617,0.0,0.42847825750000007,0.6252257728333334,0.0,0.0
0.638339806112173,0.0,0.479065919625,0.74184495475,0.0,0.0
0.7712789325775325,0.0087627378,0.46282777140000003,0.6947041533999999,0.0,0.0
0.7908421595346565,0.01816810425,0.54840381225,0.70041438325,0.0,0.0
0.7876025223864777,0.0,0.5305903806666667,0.6526304340000001,0.0,0.0
0.6644893624398122,0.0,0.715186601,0.7230101750000001,0.0,0.0
0.6384366535382049,0.0,0.7623970421666667,0.866554367,0.0,0.0
0.7630945642899621,0.025413243000000002,0.7892455943333333,0.8039141733333333,0.0,0.0
0.7947499458981474,0.3502087506,0.6532386048000001,0.7554701622,0.0,0.0
0.8195058077974583,0.0041455976,0.2954665988,0.3697518924,0.0,0.0
0.6915662029766767,0.0,0.17855889777777778,0.20062633900000001,0.0,0.0
0.893207129034448,0.0010766694,0.322465938,0.4922692564,0.0,0.0
0.9187589020227755,0.07880448466666667,0.5693058325,0.7612112311666667,0.0,0.0
0.8787708226596441,0.0,0.8528145813333333,0.9244453360000001,0.0,0.0
0.7085169889448834,0.0,0.9244613475000001,0.9346045765,0.0,0.0
