Demand,Avail_Sol,Avail_Wind_On,Avail_Wind_Off,Hyd_In,HydRoR_In
0.8077094021509728,0.19352447826666666,0.47092017546666676,0.6417193835333332,7983.0,1543.0
0.7841150907922628,0.05743412064285714,0.5240930863571428,0.6845833819285714,7983.0,1543.0
0.8640210588888916,0.16507990444444445,0.4187164504444445,0.654105007611111,7983.0,1543.0
0.7591446952472466,0.0285245635,0.39947376608333335,0.7170370200000001,7983.0,1543.0
0.8587793518580427,0.18700187090909087,0.4001972548181818,0.6363598865454545,7983.0,1543.0
0.7584433534700548,0.03388110446153846,0.3994288087692308,0.6361130849230769,7983.0,1543.0
0.8618239894204035,0.23644660199999998,0.4528467368181819,0.576781802,7983.0,1543.0
0.7531686184067686,0.010619842999999999,0.4967625146666666,0.6105594783333332,7983.0,1543.0
0.8851938608330726,0.15763711391666665,0.37221682149999996,0.6739157956666667,7983.0,1543.0
0.6959217470261887,0.006368520416666666,0.23732273333333334,0.49048617266666666,7983.0,1543.0
0.7984575572073905,0.220764252125,0.40556973987499995,0.473561364,7983.0,1543.0
0.7221095261181886,0.0075605006875,0.4397862061875,0.5445728548125,7983.0,1543.0
0.7924161213843367,0.3118245086666667,0.3183151608333333,0.46004603699999996,7983.0,1543.0
0.76220398156331,0.023542393615384613,0.144155834,0.23031732876923072,7983.0,1543.0
0.9038554119360019,0.3192627321818182,0.08652572272727273,0.20155274154545452,7983.0,1543.0
0.9158072996039855,0.09071288099999998,0.07690444516666667,0.21134417466666666,7983.0,1543.0
0.7853198737445365,0.011988523916666665,0.18660919774999998,0.38591941416666664,7983.0,1543.0
0.9143145944082044,0.12787563575,0.3657736075,0.6507246546666667,7983.0,1543.0
0.7708806102695592,0.009372897833333333,0.24932294749999998,0.5480560232499999,7983.0,1543.0
0.8881694021460671,0.17617622692307694,0.6258364456153847,0.7208268894615385,7983.0,1543.0
0.7485989456429379,0.0004099037,0.6110036168,0.7936998675000001,7983.0,1543.0
0.8999285921539268,0.2933618764615385,0.5299041410769231,0.6600773047692309,7983.0,1543.0
0.768681637303506,0.0004304473636363636,0.25078917418181823,0.3257578952727273,7983.0,1543.0
0.9083468946127307,0.3271116128461538,0.10150396907692308,0.2058698871538462,7983.0,1543.0
0.7551254756984559,0.07451327075000001,0.195561645875,0.38400131683333333,7983.0,1543.0
0.7053882471008038,0.029607932384615385,0.2237195036923077,0.47459943438461544,7983.0,1543.0
0.8063012581418658,0.1863969397272727,0.12337389081818183,0.3257164964545454,7983.0,1543.0
0.7830524169611905,0.02203792875,0.140735532,0.3874463978333333,7983.0,1543.0
0.9075431866984552,0.34829595300000005,0.19215942158333332,0.5365815187499999,7983.0,1543.0
0.771868923736545,0.018070173166666665,0.3064946069166667,0.5698235884166668,7983.0,1543.0
0.8792086493464434,0.4706632368333334,0.254022311,0.5207443625,7983.0,1543.0
0.7750045844442585,0.042637559230769236,0.3997730770769231,0.6607949323846154,7983.0,1543.0
0.8630053758846238,0.3455043667272727,0.34602292781818184,0.6582363627272727,7983.0,1543.0
0.8077245133969706,0.063603714,0.2152345162777778,0.5384555627777777,7983.0,1543.0
0.8862422287067834,0.7096806062857143,0.06675357442857142,0.47364412957142854,7983.0,1543.0
0.8062770925372821,0.03070859988235294,0.13816139670588237,0.4492492297058823,7983.0,1543.0
0.8783103712944366,0.35565015558333335,0.21044144099999998,0.4551508660833334,7983.0,1543.0
0.6943620894138595,0.000638003090909091,0.22414728363636363,0.4854185305454546,7983.0,1543.0
0.7698758224751704,0.5391179171111111,0.3192607006666666,0.5177613908888888,7983.0,1543.0
0.7071328416279816,0.0008947391999999999,0.43279377513333334,0.6591300998666666,7983.0,1543.0
0.7571646312818971,0.31478499553846157,0.2876158483076923,0.5315092640000001,7983.0,1543.0
0.7570383259546246,0.01892451708333333,0.2233143923333333,0.5000654373333333,7983.0,1543.0
0.8705205147477063,0.5288913525000001,0.147641716125,0.436533522125,7983.0,1543.0
0.7594004409177496,0.0007648269090909091,0.18771569536363633,0.34491170272727273,7983.0,1543.0
0.8756769430087664,0.3536380980769231,0.07765908146153848,0.14523908315384618,7983.0,1543.0
0.7668571014960112,0.0008671348181818182,0.050308542272727276,0.12970102945454545,7983.0,1543.0
0.8871661135916944,0.3881654239166667,0.08479031733333335,0.27450288458333333,7983.0,1543.0
0.7745599573533721,0.02327018675,0.127914375,0.3083198081666667,7983.0,1543.0
0.8803827638976723,0.16872540663636365,0.2640468398181818,0.4368816829090909,7983.0,1543.0
0.881543480217096,0.056079257428571436,0.4258733548571429,0.746872546142857,7983.0,1543.0
0.7465614080461557,0.000585413,0.5467466424,0.8029067232999999,7983.0,1543.0
0.9112239114986421,0.30058016207692306,0.5938065231538461,0.7113187756923076,7983.0,1543.0
0.6927973733440737,0.0009960756363636364,0.48963982181818183,0.5338144394545454,7983.0,1543.0
0.7825341105692022,0.5018140055,0.44434557933333335,0.3514487133333333,7983.0,1543.0
0.7328822583631356,0.059766593999999985,0.45070962883333326,0.42394598949999995,7983.0,1543.0
0.7626066163059441,0.5720004905714285,0.4884314671428571,0.5240739354285714,7983.0,1543.0
0.7361817494035924,0.06273041476923077,0.4386373247692308,0.5046226971538462,7983.0,1543.0
0.8732300145633117,0.43620395700000003,0.2904448825454546,0.319371512090909,7983.0,1543.0
0.8075835071197671,0.07429334688888889,0.21695768994444442,0.38937409938888884,7983.0,1543.0
0.882541605578098,0.7306435223333333,0.11206492850000001,0.379842501,7983.0,1543.0
0.8651914320803356,0.13142859771428572,0.13892437,0.356057932,7983.0,1543.0
0.7769108270934567,0.031293785909090904,0.1119019410909091,0.23867188672727274,7983.0,1543.0
0.8856393007329286,0.7541213336666667,0.057242965,0.261079227,7983.0,1543.0
0.8153707311679617,0.05804258141176471,0.14194011411764704,0.5139719498235293,7673.294117647059,1483.1764705882354
0.9353357791695781,0.39125302828571434,0.3825866918571429,0.6213563862857143,7398.0,1430.0
0.815915694846432,0.0430163606923077,0.5288288353076922,0.7386024910769229,7398.0,1430.0
0.9283715917597554,0.38184045508333336,0.5609772125,0.6129661677500001,7398.0,1430.0
0.7818869309325678,0.026481878624999997,0.391376361,0.6119767929375,7398.0,1430.0
0.7971395173438399,0.5564175445714287,0.33982018942857145,0.5479555631428571,7398.0,1430.0
0.7408322329502621,0.037353073588235294,0.3766809205294117,0.6258447631764705,7398.0,1430.0
0.8181815361629304,0.33601318775,0.31497603875,0.43173857800000004,7398.0,1430.0
0.7657979510695602,0.015732678153846155,0.26000033538461537,0.518974015076923,7398.0,1430.0
0.956769116722678,0.28202487990909086,0.337307438090909,0.5902022877272727,7398.0,1430.0
0.8111717206829104,0.017294823785714286,0.4106759643571429,0.5398162982857142,7398.0,1430.0
0.9553519758043496,0.344248046,0.4206372282222222,0.4744607242222222,7398.0,1430.0
0.8448191262719557,0.03843005629411765,0.3475595805882353,0.48795552123529407,7398.0,1430.0
0.956673174286398,0.6158287488571429,0.3560955744285715,0.3628778844285714,7398.0,1430.0
0.8448531152330094,0.04431772617647059,0.30221483829411755,0.38835101429411756,7398.0,1430.0
0.9752773975884966,0.4909637457272728,0.20753141318181811,0.24850550818181824,7398.0,1430.0
0.8175131706048143,0.023363867642857142,0.1198866775,0.2990219998571429,7398.0,1430.0
0.9347053579024298,0.28638711161538455,0.25962896346153846,0.42964220746153836,7398.0,1430.0
0.6986512624461565,0.0054129815,0.33393744959999994,0.49481310069999995,7398.0,1430.0
0.7996557234215137,0.5643195588571429,0.3426043658571429,0.47694322214285706,7398.0,1430.0
0.7474344257565202,0.04753757452941177,0.3003645061764706,0.5660021372352941,7398.0,1430.0
0.7798861074435282,0.4347749534285715,0.325476025,0.48597302957142857,7398.0,1430.0
0.7689729014471847,0.03648380705882353,0.3681915721764706,0.4857355581764706,7398.0,1430.0
0.9361722491217678,0.5055613657142858,0.3084326244285714,0.3323177448571429,7398.0,1430.0
0.9385120299407093,0.16855743683333332,0.28083661266666665,0.272980841,7398.0,1430.0
0.8051918175903015,0.027858778249999997,0.25428403283333334,0.4858701893333334,7398.0,1430.0
0.9409308190876269,0.4654266602857143,0.4811064425714286,0.6143385338571428,7398.0,1430.0
0.8983188315302925,0.03843896,0.45737004916666674,0.4825280731666666,7398.0,1430.0
0.7787301015115737,0.02024674563636364,0.427099761,0.4710533406363636,7398.0,1430.0
0.9152549352074487,0.29524820471428576,0.45901546800000004,0.5496167247142857,7398.0,1430.0
0.8052716482058077,0.0176760434375,0.32534238974999996,0.4999956500624999,7398.0,1430.0
0.8981222029078162,0.28846168276923073,0.14721855076923077,0.2690619629230769,7398.0,1430.0
0.7719572422362276,0.022206719333333333,0.06605409491666667,0.11993087741666668,7398.0,1430.0
0.9027822966780769,0.5031962595714286,0.045654276714285714,0.07412832800000001,7398.0,1430.0
0.7544418832125863,0.03950538588235294,0.10528248829411763,0.2882086592941176,7398.0,1430.0
0.7778428739689918,0.48867640300000004,0.213542325375,0.23793155662499998,7398.0,1430.0
0.7203166704621297,0.0134036214,0.2530886605333333,0.21499407133333334,7398.0,1430.0
0.777862856291707,0.549173411625,0.20021093575,0.231476948875,7398.0,1430.0
0.7378295433932379,0.03150209641666667,0.2083493900833334,0.2770396551666667,7398.0,1430.0
0.8953001247321258,0.26711629645454543,0.16485015145454548,0.28190073800000004,7398.0,1430.0
0.8141988233165325,0.05134165005555555,0.28660812905555555,0.3741689115,7398.0,1430.0
0.8934658993275232,0.5382506194285713,0.396868154,0.3144091527142857,7398.0,1430.0
0.8031942309369534,0.0351312818125,0.46923804700000005,0.5298752053125001,7398.0,1430.0
0.9152795633372892,0.6096089951111112,0.5217407724444444,0.5114412856666667,7398.0,1430.0
0.8059816878473623,0.012104582857142858,0.37584140800000004,0.43882363421428566,7398.0,1430.0
0.9430303182561245,0.6909844473333333,0.24172204711111112,0.307853281,7398.0,1430.0
0.8317330843225316,0.0572754620625,0.21749120400000002,0.3551240358125,7398.0,1430.0
0.9403675089391144,0.8095485192857143,0.08125324714285716,0.321427965,7398.0,1430.0
0.9102692672343291,0.20160919814285716,0.07270856314285713,0.33544918300000004,7398.0,1430.0
0.7187931294300236,0.06745784327272727,0.050093498909090914,0.2803959026363636,7398.0,1430.0
0.7880508367585861,0.8490238483333332,0.026907924666666666,0.23946655549999998,7398.0,1430.0
0.7500532392684897,0.10996385349999999,0.05057623894444444,0.2354572756666667,7398.0,1430.0
0.7723140788081412,0.7730074707500001,0.072210437375,0.259709596375,7398.0,1430.0
0.7713756940349784,0.01662756707142857,0.17856408899999998,0.5082927183571428,7398.0,1430.0
0.9228251802309223,0.6669352955555555,0.17200115577777775,0.600927910111111,7398.0,1430.0
0.8071411576169091,0.03398790013333333,0.29779113626666665,0.6778116126666667,7398.0,1430.0
0.9671525058315602,0.32394251949999997,0.314360162875,0.7029922717499999,7398.0,1430.0
0.833007734343781,0.026014708,0.4085449628235294,0.7276875271176471,7398.0,1430.0
0.9394205586426082,0.13220352924999998,0.568646227875,0.6669081246249999,7398.0,1430.0
0.7888179645784219,0.006982273933333333,0.6312441934666667,0.5717443626666667,5320.133333333333,1028.4
0.890401148415993,0.201709546,0.7598063023333332,0.5955688151111111,3502.0,677.0
0.7798114283797966,0.01827355233333333,0.6399280305999999,0.7443876581333332,3502.0,677.0
0.8947255124353184,0.26117338,0.530577089125,0.634625341125,3502.0,677.0
0.7511150395929066,0.0282448678125,0.7641268674999998,0.7703366573125002,3502.0,677.0
0.75468500307513,0.3592975235,0.646738152625,0.7011444493750001,3502.0,677.0
0.714001321636425,0.020815554,0.45943491918750007,0.5070369016249999,3502.0,677.0
0.7601010810346853,0.4112238237777778,0.34452414844444446,0.4450655926666667,3502.0,677.0
0.767195105352187,0.035778960117647064,0.5742966215294116,0.6584646637058823,3502.0,677.0
0.8998295540540224,0.3523298168571429,0.5232979905714286,0.6991494157142857,3502.0,677.0
0.7828764526530254,0.027227971866666666,0.5875102589333334,0.7044444061333334,3502.0,677.0
0.8945558093238558,0.39678263385714285,0.5738606912857142,0.667273788,3502.0,677.0
0.8044908129850353,0.07153944988235293,0.4053310328235294,0.649128793,3502.0,677.0
0.898174159971899,0.612518547375,0.238173468625,0.46927976875,3502.0,677.0
0.8033459619449993,0.05292985149999999,0.26502831433333335,0.48381654744444447,3502.0,677.0
0.884351452029698,0.259069006625,0.33651453062500003,0.517472714875,3502.0,677.0
0.7666550918884939,0.008707020999999999,0.43639451892857156,0.5991044014285715,3502.0,677.0
0.8748721829151683,0.32480984742857144,0.5881535225714286,0.6952562047142858,3502.0,677.0
0.7483211238008396,0.041871842888888886,0.6974381216111111,0.7445727151666666,3502.0,677.0
0.7477244542944073,0.39502540683333337,0.606336316,0.6266004418333333,3502.0,677.0
0.7762701791786767,0.15460274124999998,0.72639318625,0.7608588227499999,3502.0,677.0
0.656879610408392,0.00048615733333333335,0.791732672,0.8853390515555555,3502.0,677.0
0.763281530417581,0.4474979585555556,0.8558815765555556,0.9115096813333332,3502.0,677.0
0.7320497142807201,0.03697561115384615,0.7567015320769231,0.8770702816153846,3502.0,677.0
0.8725815485735187,0.3876986656363636,0.6080105292727273,0.6147725967272727,3502.0,677.0
0.7716003982587942,0.0437704109090909,0.2923947890909091,0.47518967518181815,3502.0,677.0
0.8207376493592115,0.030838346833333335,0.22906056816666664,0.2866691441666667,3502.0,677.0
0.8718205472788088,0.4047159881428572,0.37475816042857135,0.2578513157142857,3502.0,677.0
0.763578089738603,0.03621458741666667,0.33888528199999995,0.4998978485,3502.0,677.0
0.8617680768879957,0.14471837445454547,0.6618448672727273,0.725683594909091,3502.0,677.0
0.8762247373285822,0.057042895499999996,0.7816565103333333,0.7744827818333334,3502.0,677.0
0.7250392153611196,0.0006041162,0.6764563734,0.7275940799,3502.0,677.0
0.8845999045587906,0.4669942676666667,0.6043347014444445,0.756330193,3502.0,677.0
0.7894683235783593,0.0460977728125,0.35884209737500006,0.5572506793125,3502.0,677.0
0.8874836371971688,0.626873579375,0.40374399412500006,0.42923465937500005,3502.0,677.0
0.7474709590482798,0.044871432375000006,0.45386133625,0.559305068375,3502.0,677.0
0.7837922570669059,0.28143735233333333,0.49782615283333326,0.6862221026666667,3502.0,677.0
0.8111870723448389,0.119711196,0.3915554094285714,0.6570410275714286,3502.0,677.0
0.6996787834747161,0.050547303999999994,0.26972748491666665,0.6071036365833333,3502.0,677.0
0.7704149623853623,0.6338182295714285,0.47296068542857145,0.5748717475714286,3502.0,677.0
0.7588860883781693,0.041835042999999995,0.4296087294,0.5481723674666665,3502.0,677.0
0.9007882689585163,0.31845203520000004,0.7189477362,0.8228842273,3502.0,677.0
0.7800736368685157,0.0176850978,0.7024498958000001,0.8688820963999999,3502.0,677.0
0.8436025501512,0.1265940906666667,0.6336509491666668,0.8140439403333334,3502.0,677.0
0.9052766959263943,0.673341929,0.7246039382857142,0.7814293034285713,3502.0,677.0
0.8007532381200623,0.04722807033333334,0.6315938700666665,0.6438664042666667,3502.0,677.0
0.9012136264229862,0.7525070801111111,0.5293004443333333,0.44905244466666666,3502.0,677.0
0.7877999129835994,0.07281519283333333,0.4366950574166666,0.3769253825,3502.0,677.0
0.8759511614606907,0.19063711200000003,0.287691196,0.24904894660000002,3502.0,677.0
0.8862771196059074,0.875760951,0.23238347100000004,0.1268862462857143,3502.0,677.0
0.7789477527516206,0.07439853166666667,0.3897876003333334,0.41551309891666666,3502.0,677.0
0.8715551648061602,0.22935187816666666,0.4522840449166667,0.5265394037500001,3502.0,677.0
0.8630959738890072,0.028348577,0.730812879,0.7730672516666667,3502.0,677.0
0.6820931768618106,0.06261182127272727,0.7700797070000001,0.772315334909091,3502.0,677.0
0.7955105960567904,0.5111828103333333,0.8557704867777779,0.7922283012222222,3502.0,677.0
0.7081447272735525,0.0030917035384615383,0.5210365998461538,0.7896549670769232,3502.0,677.0
0.7830810911850512,0.38971150190909093,0.42475058572727276,0.7689165739999999,3502.0,677.0
0.7574891023302693,0.0065884473846153846,0.3590563221538462,0.6017506014615385,3502.0,677.0
0.8778524448703713,0.6173875423333334,0.3177793738888888,0.41873833511111114,3502.0,677.0
0.7775771958532574,0.046770438,0.2927623296666667,0.503368143,3502.0,677.0
0.8662339327936839,0.7059332986666667,0.24833848455555552,0.5066508401111111,3502.0,677.0
0.7722287859312347,0.06379720133333334,0.24069706286666664,0.46459310593333325,3502.0,677.0
0.8608828372524119,0.7050431638,0.29018180229999996,0.4245206822,3502.0,677.0
0.7644436420592539,0.023155925642857143,0.28788210299999994,0.4907809560714286,3502.0,677.0
0.87467199550778,0.6151783026250001,0.375390479625,0.44761552475,3502.0,677.0
0.8144557822822617,0.146740395875,0.5713683295,0.5798251088749999,3502.0,677.0
0.7548567488915905,0.01094232725,0.552350801875,0.736479921625,3502.0,677.0
0.8876042449908849,0.568020836125,0.6627408983749999,0.7116610135,3502.0,677.0
0.7430630331298536,0.0650673590625,0.7171611797499999,0.8265047079375,3502.0,677.0
0.7617024434311057,0.577122896625,0.575751534875,0.5917675793750001,3502.0,677.0
0.7725537452882777,0.19979306066666666,0.3617373041666667,0.3974079681666667,3502.0,677.0
0.6691030578361187,0.06791838575,0.15054843325000003,0.31713334783333336,4017.8333333333335,776.1666666666666
0.7279289804473594,0.636193038125,0.21946889475,0.457786487375,4121.0,796.0
0.6970613577264966,0.01479964625,0.2968849555,0.5074025882500001,4121.0,796.0
0.8384416092897722,0.42654044429999993,0.3810539415,0.3976527578,4121.0,796.0
0.8273237981278481,0.17548546620000002,0.48898584120000005,0.4394451810000001,4121.0,796.0
0.731156215894856,0.04829963938461538,0.46949677,0.43288282623076924,4121.0,796.0
0.836944363689733,0.5942284598571429,0.7317746935714285,0.618070425,4121.0,796.0
0.7423006307072278,0.052086117,0.6425476916,0.7256545649333334,4121.0,796.0
0.8380053937782206,0.5309024255000001,0.6266459565,0.6376257840999999,4121.0,796.0
0.8052828831355076,0.0712196075,0.3611767275,0.5518489857500001,4121.0,796.0
0.7143516730457069,0.0146908387,0.15263682580000001,0.3104200852,4121.0,796.0
0.8395140832646841,0.6808849896000001,0.1393308318,0.4338182515,4121.0,796.0
0.8047507362315096,0.06580627925,0.2669609935,0.44778197525,4121.0,796.0
0.7221443769908782,0.046563574727272725,0.27037173318181823,0.3619722405454545,4121.0,796.0
0.839255599559358,0.6268396831428572,0.38023336199999996,0.3975425961428572,4121.0,796.0
0.8010413959549486,0.10838365357142857,0.4186796818571429,0.41677061342857147,4121.0,796.0
0.6478865695519416,0.019084620899999998,0.2308954319,0.3772024221,4121.0,796.0
0.7484830527771003,0.3175653764444444,0.274600089,0.4621029427777778,4121.0,796.0
0.6726517064739487,0.012175198083333333,0.22264198925,0.311710412,4121.0,796.0
0.7282474175242171,0.3520027812,0.4013245531000001,0.35319282719999995,4121.0,796.0
0.7103355731330308,0.06840649384615385,0.3906310603846154,0.44766931984615377,4121.0,796.0
0.8471499056589842,0.127140977,0.23986108779999998,0.24121883519999998,4121.0,796.0
0.8602690170509503,0.5413893658333334,0.3800654763333333,0.400543508,4121.0,796.0
0.7459475610593049,0.06544118214285714,0.45284199099999994,0.5392626615714285,4121.0,796.0
0.866715432643398,0.14261136575,0.5926553364999999,0.6001631743333334,4121.0,796.0
0.734245548704972,0.010380468,0.531739022923077,0.630529709153846,4121.0,796.0
0.8627690713648649,0.36646487190000004,0.6972726792999999,0.6859951770000002,4121.0,796.0
0.7418676094769115,0.03228064607142857,0.5028318611428572,0.4976070314285714,4121.0,796.0
0.8559716480276988,0.2839858952,0.41287438220000006,0.5442814744,4121.0,796.0
0.7485876188073264,0.027109099266666662,0.2026383051333334,0.43680916813333337,4121.0,796.0
0.8508625484903131,0.3787635556363637,0.11635732900000001,0.2470228983636364,4121.0,796.0
0.6778465153971799,0.0050627035,0.08173350674999999,0.17935544266666667,4121.0,796.0
0.730308961956572,0.46728793312500005,0.097253748,0.211054354,4121.0,796.0
0.7386231495639106,0.33803535125,0.21627805000000003,0.41831663875,4121.0,796.0
0.6673443608463001,0.03049880207142857,0.19350411757142852,0.3683059994285714,4121.0,796.0
0.7191937177923077,0.37103116644444445,0.3238098328888889,0.35114125500000004,4121.0,796.0
0.7232535396695629,0.027816546666666664,0.2728926909333333,0.2568045472,4121.0,796.0
0.8359104719366789,0.5230152872222222,0.23369332899999998,0.3620221817777778,4121.0,796.0
0.7265890673860507,0.03197735523076923,0.1283883026923077,0.35833495876923077,4121.0,796.0
0.835547710823255,0.747169494875,0.064519000125,0.213344822125,4121.0,796.0
0.8291128529882026,0.63657289475,0.05694780075,0.3036317435,4121.0,796.0
0.7062681048323527,0.011228745727272728,0.06335224054545455,0.1535656049090909,4121.0,796.0
0.8270659271449725,0.3412502335,0.09785851875000001,0.20367544099999998,4121.0,796.0
0.8285753460599784,0.800733396888889,0.15274221566666665,0.22490333433333332,4121.0,796.0
0.7225412224013823,0.029150389384615387,0.18470769007692311,0.25623181769230774,4121.0,796.0
0.8297861401243253,0.7501511062999999,0.23969912629999998,0.4028913412,4121.0,796.0
0.7301089618125394,0.04413455614285715,0.32294199999999995,0.3489440839285715,4121.0,796.0
0.8299927186930651,0.6744603062222222,0.45384361655555566,0.41075581911111114,4121.0,796.0
0.6943837424120402,0.06253007433333332,0.2728106633333333,0.341646805,4121.0,796.0
0.7163361033107175,0.5057989615454545,0.25059552372727273,0.19395678890909096,4121.0,796.0
0.6566490369787725,0.017500892076923076,0.15381004492307693,0.20014297461538463,4121.0,796.0
0.7118612364733115,0.5537134034,0.1331521298,0.148292565,4121.0,796.0
0.7059987265734468,0.030327038214285718,0.1498359987857143,0.14111188214285714,4121.0,796.0
0.8294960633575134,0.5564224637,0.1449771621,0.25098520970000004,4121.0,796.0
0.7285912579740057,0.03756415171428572,0.2505861582142857,0.3489435673571428,4121.0,796.0
0.8286002982130495,0.6102597599166668,0.17882791716666666,0.29982037091666663,4121.0,796.0
0.686469599268213,0.0,0.1528580081111111,0.2326178487777778,4121.0,796.0
0.8092275969745323,0.2118963924,0.112199715,0.2776068514,4121.0,796.0
0.8290289204065044,0.645182277,0.21080029525,0.36849747424999996,4121.0,796.0
0.7291609195293397,0.03723035821428571,0.2588797506428571,0.2664064588571428,4121.0,796.0
0.8295627295193345,0.754402113125,0.11072475200000001,0.28643351475,4121.0,796.0
0.810855326426882,0.2555904625,0.15696410600000002,0.41723923649999994,4121.0,796.0
0.6728328678596327,0.0,0.20005054775000003,0.262197393625,4121.0,796.0
0.826742797601268,0.5521388523333334,0.16092855177777776,0.47531542377777775,4121.0,796.0
0.8308995994239352,0.467870994,0.26459679325,0.547200226,4121.0,796.0
0.6741901320199208,0.024793397461538465,0.17775947884615384,0.22572128476923076,4121.0,796.0
0.7244479551334562,0.5716251001000001,0.3079262739,0.2340043804,4121.0,796.0
0.6695109797354017,0.036069790071428576,0.31585521799999994,0.332285277,4121.0,796.0
0.7453563650256126,0.5019537086000001,0.6085747093999999,0.5232352006000001,4121.0,796.0
0.6975371944327382,0.0353926413,0.32298395700000004,0.4821888032,4121.0,796.0
0.8048762676069734,0.1052959688,0.13812799280000002,0.345091413,4121.0,796.0
0.8444053299792893,0.556510451375,0.15603898387499998,0.23913272812499997,4121.0,796.0
0.7274287501864114,0.054302450083333335,0.15720594933333332,0.299547291,3706.8333333333335,716.0
0.8279848859864853,0.5152713191666666,0.13187800358333335,0.24182561591666674,3127.0,604.0
0.7462332104136552,0.0846639344375,0.1624639589375,0.2554665315625,3127.0,604.0
0.829037793594607,0.5504445162857142,0.222054649,0.2991712814285714,3127.0,604.0
0.7316153078647966,0.0457717984,0.2806276005333333,0.4130843430666666,3127.0,604.0
0.8277447182739789,0.5222409341818182,0.3606283120909092,0.40682051118181817,3127.0,604.0
0.7176837954425418,0.032294424076923074,0.44953160400000003,0.43353513069230765,3127.0,604.0
0.8294403330333842,0.6466589811000001,0.3068646486,0.3068835104,3127.0,604.0
0.8037181612948796,0.1634733234,0.2781497532,0.399557863,3127.0,604.0
0.6390311463954327,0.06509864554545454,0.1651616936363636,0.22283971572727274,3127.0,604.0
0.7100114550665341,0.7191057831250001,0.082830402875,0.261413598,3127.0,604.0
0.6592304425769685,0.05570988607142857,0.12941708835714286,0.2533314721428571,3127.0,604.0
0.7071476318616283,0.6154250587272727,0.07589588609090908,0.2502170989090909,3127.0,604.0
0.6898420056136486,0.02990402153846154,0.06587471253846154,0.13353784538461538,3127.0,604.0
0.8277513843347101,0.6012571903636363,0.04440286509090908,0.13524691836363634,3127.0,604.0
0.7070580186166642,0.02980912490909091,0.07901518672727272,0.11272676490909089,3127.0,604.0
0.7984388016806807,0.23435213059999999,0.05139416339999999,0.20507554900000002,3127.0,604.0
0.8280577602754562,0.7201657240000001,0.12846255283333333,0.37133222733333326,3127.0,604.0
0.8079315055916075,0.1900344495,0.23300084966666668,0.3389392645,3127.0,604.0
0.6782168776611843,0.006938524666666667,0.13451111311111108,0.2102769893333333,3127.0,604.0
0.8266696176969797,0.5810885845,0.141350299,0.23313456675,3127.0,604.0
0.8260582300035775,0.349043723,0.3410810446,0.38146839379999997,3127.0,604.0
0.7053484809301058,0.014015468583333334,0.2765207251666667,0.4350748801666667,3127.0,604.0
0.8279411943980619,0.6030068348571429,0.15440802742857143,0.2759807124285714,3127.0,604.0
0.8262264791531532,0.4321800887999999,0.12233254460000001,0.42682763580000005,3127.0,604.0
0.7061121702114668,0.024394385166666668,0.08611780641666666,0.26171573116666663,3127.0,604.0
0.8282178727107942,0.6456611611428571,0.14368674242857143,0.3128078567142857,3127.0,604.0
0.8261785498096901,0.404691428,0.21026257259999998,0.3214852434,3127.0,604.0
0.6548456132937498,0.02001840675,0.20613631908333338,0.33720570883333334,3127.0,604.0
0.7128658836716021,0.5570423889999999,0.4839719955454545,0.694626553,3127.0,604.0
0.6612915093502778,0.06833728107142857,0.4079524739285714,0.7128648718571429,3127.0,604.0
0.7167874047460974,0.6754803815555555,0.3809149445555556,0.5724613507777777,3127.0,604.0
0.6814030202309769,0.03441063527272727,0.2846440707272727,0.5183284050909092,3127.0,604.0
0.8153811341361663,0.3912863542999999,0.28219372220000005,0.35400193480000003,3127.0,604.0
0.8261914358722444,0.308291498,0.4002910944,0.3816208614,3127.0,604.0
0.6975340806116711,0.008711907818181819,0.3126566757272727,0.3446579688181819,3127.0,604.0
0.828669702281669,0.691545917888889,0.19030384955555554,0.2671271088888889,3127.0,604.0
0.72614133309255,0.11585994423076923,0.2714490016923077,0.3183624885384616,3127.0,604.0
0.7989753336891388,0.286983509,0.19980677740000002,0.2203505422,3127.0,604.0
0.8303946457813141,0.7592224456250002,0.149636533125,0.286011722875,3127.0,604.0
0.7096723805592564,0.041951639416666665,0.23554799875000001,0.3434740019166667,3127.0,604.0
0.8144443805428548,0.34888090875,0.11116892425,0.18422826275,3127.0,604.0
0.8299747217976549,0.7327214782857142,0.10933678428571426,0.2615805887142857,3127.0,604.0
0.7231071716985422,0.059270618071428575,0.1606841172857143,0.26669538414285715,3127.0,604.0
0.8267561061550137,0.561642491,0.09336347533333335,0.23188514377777775,3127.0,604.0
0.8078399796133029,0.18708787100000002,0.09949124983333334,0.3913637176666666,3127.0,604.0
0.6371124979469008,0.06945920763636364,0.07165838609090909,0.2243938534545455,3127.0,604.0
0.7116573929435047,0.6647490491111112,0.07440159477777779,0.2204061771111111,3127.0,604.0
0.6554187509802325,0.032092913083333334,0.08826055091666667,0.16053315199999998,3127.0,604.0
0.6949534926094876,0.5297673105555555,0.03918535722222222,0.18172662711111112,3127.0,604.0
0.7203058509083293,0.3581902114,0.0746700614,0.34484941719999995,3127.0,604.0
0.6676966095349727,0.0007205615555555555,0.06017729188888889,0.19999947866666667,3127.0,604.0
0.798092535729545,0.2494133994,0.0224239104,0.1032131688,3127.0,604.0
0.8280615195737827,0.6554071508571429,0.06223794757142857,0.17061001514285715,3127.0,604.0
0.7170655959336446,0.05998640716666667,0.058840438083333335,0.08224403591666667,3127.0,604.0
0.790808661411185,0.18554481675,0.02122774025,0.02420748775,3127.0,604.0
0.8281004991199832,0.6793032540000001,0.037141112250000004,0.141167492125,3127.0,604.0
0.7171693001406775,0.06573554341666667,0.057684186000000005,0.14707842016666667,3127.0,604.0
0.7902978196123001,0.15642498725,0.027014576499999998,0.08291852075,3127.0,604.0
0.8300588450528587,0.5730810723333333,0.05260625383333333,0.20565671883333334,3127.0,604.0
0.8276690058855524,0.2604375942,0.08464386559999999,0.35366321840000003,3127.0,604.0
0.7055682782499764,0.019844918916666666,0.07346644941666666,0.12778537458333333,3127.0,604.0
0.8292482013369719,0.5111623111111112,0.170371303,0.20030971588888888,3127.0,604.0
0.7171905935099243,0.047268861166666655,0.18762414225000001,0.25844740208333333,3127.0,604.0
0.7979433252902933,0.1505581694,0.1319831706,0.3645209668,3127.0,604.0
0.8278701551739511,0.47171773357142854,0.182181071,0.3026234797142857,3127.0,604.0
0.6935941333160798,0.048078262230769234,0.09775741546153846,0.17780726253846155,3127.0,604.0
0.6949257674124072,0.4482721461111111,0.10022252100000001,0.12903569355555555,3127.0,604.0
0.7202763141446784,0.324642197,0.1083091448,0.19190358879999997,3127.0,604.0
0.6479615774183051,0.04184911284615385,0.050074915615384616,0.13400125238461535,3127.0,604.0
0.7082258246345426,0.5276114956666665,0.078519672,0.23496846533333335,3127.0,604.0
0.7204925489373893,0.27615206240000006,0.18878975720000002,0.30567276879999994,3127.0,604.0
0.6735792934594853,0.00075455,0.1523853792,0.17729306360000002,3127.0,604.0
0.8222152537002672,0.3378058164,0.11711988899999999,0.22270605189999998,3127.0,604.0
0.8254984356479895,0.23034924825000003,0.16828154074999999,0.3305343195,3127.0,604.0
0.7050860734270815,0.017214341083333334,0.08203998308333334,0.1794906365,3127.0,604.0
0.8277791086006656,0.43953895670000004,0.1186142434,0.2439181815,3127.0,604.0
0.7219694473574746,0.03407628871428571,0.11595976571428572,0.23638572807142857,3127.0,604.0
0.8277982998807341,0.43329119628571433,0.10637874585714287,0.24256710399999998,3127.0,604.0
0.8257846260075082,0.2578982665999999,0.2302614294,0.39869608459999994,3127.0,604.0
0.7051976714323538,0.026380249166666665,0.11460830408333333,0.2752026871666667,3127.0,604.0
0.8282813263999175,0.5033522237142857,0.07021652242857143,0.12437519357142857,3127.0,604.0
0.8266794390578118,0.3041289038,0.122141945,0.2770174406,3127.0,604.0
0.6800869844118689,0.0012562803333333334,0.09340010633333333,0.22141379255555552,2271.4444444444443,438.44444444444446
0.8147990944119247,0.46163742675,0.11918945366666668,0.2513817403333333,1587.0,306.0
0.6986668315362334,0.058706231,0.18022664816666667,0.2930587975,1587.0,306.0
0.6962168300916253,0.41059678291666674,0.10101979975000001,0.20366421266666668,1587.0,306.0
0.6603346959732785,0.0595320504,0.12101060759999997,0.18141290559999998,1587.0,306.0
0.7104597122917503,0.5055948866666666,0.12534830266666666,0.16482676983333333,1587.0,306.0
0.7211069216910563,0.4221941264,0.2764676014,0.2989762676,1587.0,306.0
0.6955650992683413,0.032659720692307694,0.18120056415384614,0.2557060633076923,1587.0,306.0
0.825301874924024,0.39890695541666665,0.2654756423333334,0.2672202210833333,1587.0,306.0
0.6792902006955761,0.0013087691111111112,0.2073011512222222,0.2961872735555556,1587.0,306.0
0.7932543831304794,0.1503607216,0.1255710276,0.261242812,1587.0,306.0
0.826619410279713,0.411942406375,0.213585318625,0.28116742699999997,1587.0,306.0
0.7060979824288074,0.021191226500000004,0.17816600741666666,0.31688783191666664,1587.0,306.0
0.8204487630761302,0.34512244499999994,0.14662984836363635,0.32954693672727275,1587.0,306.0
0.7202554826580618,0.04666854571428571,0.13213686749999998,0.21612301407142856,1587.0,306.0
0.825355228116598,0.45995090670000005,0.1262449464,0.23451778889999994,1587.0,306.0
0.7264482735899142,0.0446277222,0.10206505540000001,0.19045511126666664,1587.0,306.0
0.8266933615295751,0.3964812877777778,0.216294895,0.1555921737777778,1587.0,306.0
0.6926530758016404,0.04720185746153846,0.11416384276923076,0.24879433053846156,1587.0,306.0
0.704026977159542,0.400832925,0.16070576666666667,0.23795523341666666,1587.0,306.0
0.6557361898695362,0.03658220485714286,0.11935537621428571,0.2141187725,1587.0,306.0
0.7131023607361209,0.3734593722222222,0.15029494666666665,0.2561771048888889,1587.0,306.0
0.6996788661943006,0.05203621233333333,0.17614205406666666,0.23295990946666667,1587.0,306.0
0.8299950286689332,0.44703947255555554,0.17596467255555556,0.3273339105555555,1587.0,306.0
0.7271203963358733,0.061577489333333325,0.20536122513333332,0.597347687,1587.0,306.0
0.8326655558738129,0.47822371399999997,0.2885643856000001,0.57050745,1587.0,306.0
0.7203157255347958,0.055302871142857146,0.3024149427857143,0.4766315428571427,1587.0,306.0
0.8367681824310532,0.6280550203,0.25223885420000003,0.3766490569,1587.0,306.0
0.7080532925894806,0.04650040816666667,0.26220339425,0.34643423649999994,1587.0,306.0
0.8158645533004287,0.41046357120000004,0.1252260816,0.1860481504,1587.0,306.0
0.8399169364328152,0.736892489875,0.15954804712499998,0.281493702875,1587.0,306.0
0.7136273996000123,0.04885089415384615,0.14514767938461537,0.22332620846153844,1587.0,306.0
0.8408770272756984,0.6875362996,0.11159953370000002,0.2731924542,1587.0,306.0
0.7609833035731524,0.09401756966666668,0.24536393350000005,0.2675925015,1587.0,306.0
0.6365908128826052,0.089246557,0.13690491188888887,0.21242595522222218,1587.0,306.0
0.7286029507025674,0.7927738015714286,0.092832626,0.21623101057142854,1587.0,306.0
0.6781707125811501,0.12216236771428571,0.21865792607142856,0.2272102667142857,1587.0,306.0
0.7124269821350441,0.6370567464444444,0.10896410833333332,0.2219198428888889,1587.0,306.0
0.745582873095291,0.5339790159999999,0.1746648228,0.3061198072,1587.0,306.0
0.6964746587202918,0.015703113545454547,0.26478190518181816,0.24726049690909094,1587.0,306.0
0.8823137995292221,0.6893906525454545,0.18395726945454546,0.3005158793636364,1587.0,306.0
0.7426571581240491,0.0701022082857143,0.24587027135714282,0.38759620349999996,1587.0,306.0
0.8659008999203693,0.6604761666666666,0.10387011191666666,0.5252504558333334,1587.0,306.0
0.7116515243031284,0.015770244545454545,0.1116426262727273,0.3728265821818182,1587.0,306.0
0.8759777129339619,0.6867964687777778,0.05939854799999998,0.213856894,1587.0,306.0
0.8768102522391478,0.37665743600000007,0.130340273,0.17965282050000003,1587.0,306.0
0.7268955653959562,0.03140376116666666,0.12731349174999998,0.158788913,1587.0,306.0
0.8787673081228113,0.6646346718,0.0788594255,0.261772297,1587.0,306.0
0.7425036227726274,0.041084606833333336,0.18871159733333331,0.2705876581666667,1587.0,306.0
0.8749266808716079,0.5846043200000001,0.11141978291666665,0.38828488750000006,1587.0,306.0
0.7219536586278245,0.04238911241666667,0.17467126075000003,0.3434522105,1587.0,306.0
0.7271934930486158,0.6467119288333335,0.07834469816666666,0.41921452025,1587.0,306.0
0.6756589916812882,0.07002767792857142,0.11668672892857143,0.3687628008571428,1587.0,306.0
0.7394436236846833,0.7081031631818182,0.061061277818181804,0.4317711512727273,1587.0,306.0
0.7067729513348932,0.031259193166666664,0.139807868,0.34887085625,1587.0,306.0
0.8638776196329797,0.6655490356363636,0.061757156818181815,0.39369265200000003,1587.0,306.0
0.7308853031758807,0.0460405615,0.1305194579166667,0.17346897891666666,1587.0,306.0
0.8245420954458866,0.340464331,0.03588581775,0.09874096025000001,1587.0,306.0
0.8788293527288595,0.737736834,0.0920152495,0.26356690475,1587.0,306.0
0.7307410803147195,0.04255966233333333,0.15060997558333333,0.24948702708333328,1587.0,306.0
0.8509293048763401,0.5550467477777777,0.05744132722222222,0.21701869655555556,1587.0,306.0
0.8659680537663232,0.4960347885,0.16829132025000001,0.3552925085,1587.0,306.0
0.7300986918544047,0.03246886276923077,0.12543316615384617,0.17571377207692304,1587.0,306.0
0.849285697829976,0.5435850141666667,0.056281301666666665,0.126312112,1587.0,306.0
0.8491716025758116,0.3937188745,0.1514700715,0.3256440125,1587.0,306.0
0.7190609409112955,0.028868861083333336,0.1019392095,0.13635329883333333,1587.0,306.0
0.8501248289899493,0.6545412582500001,0.079848052625,0.13206771775,1587.0,306.0
0.8260139404030481,0.24230283066666666,0.18119233,0.21130551266666664,1587.0,306.0
0.6489968775561905,0.0313468005,0.12827693579999996,0.1108691053,1587.0,306.0
0.7232698220404241,0.5118190597,0.2047481307,0.20794085359999998,1587.0,306.0
0.6679702717886903,0.05526817457142857,0.10470358671428573,0.13524004292857142,1032.142857142857,199.14285714285714
0.7424592684303629,0.6136410823333333,0.19125943644444443,0.2234842457777778,616.0,119.0
0.698471679414035,0.07526316858333333,0.1864906194166667,0.19398392300000003,616.0,119.0
0.7884482817836335,0.16792921575,0.094223191,0.11527833475,616.0,119.0
0.8621724379986745,0.6128268351249999,0.158628606625,0.165910970125,616.0,119.0
0.7328597860812809,0.07121044323076922,0.11426011153846154,0.18125838761538463,616.0,119.0
0.8603550239450092,0.592617625,0.0710516449,0.14303301159999998,616.0,119.0
0.8787410302427723,0.43990166,0.1748667345,0.26191056,616.0,119.0
0.7001548621238982,0.0043472322,0.15089054510000002,0.18590980450000003,616.0,119.0
0.8556262904732328,0.5729258459000001,0.25227291960000003,0.2478019992,616.0,119.0
0.7450047363346354,0.11106407299999999,0.28524146300000003,0.44149938592857146,616.0,119.0
0.8596449656835713,0.5537299755833335,0.12461442658333333,0.3447445806666667,616.0,119.0
0.7282267890628683,0.04625679775,0.16262581058333334,0.21171405408333333,616.0,119.0
0.8711958231614437,0.5933471925833333,0.07715202033333333,0.227220159,616.0,119.0
0.705206960468285,0.05874063621428572,0.14237895585714286,0.2520814202142857,616.0,119.0
0.7604716188967605,0.7221604374999999,0.06265657,0.30267180312499997,616.0,119.0
0.7776973907881266,0.38887706675,0.14905123975,0.42071720874999996,616.0,119.0
0.6714719595165443,0.03051910316666667,0.14481321575,0.2381844125833333,616.0,119.0
0.7710659644268557,0.6867125401,0.0698311467,0.21155822770000002,616.0,119.0
0.7314472046800837,0.062496122499999994,0.13247712942857143,0.14789951864285714,616.0,119.0
0.9202449511962874,0.6293333338333335,0.1180285185,0.23182159050000004,616.0,119.0
0.7452233594032515,0.06385112415384615,0.14626602592307691,0.13736018176923076,616.0,119.0
0.9151301104849406,0.7555769575555555,0.1138106192222222,0.23280132822222221,616.0,119.0
0.7546950473555741,0.053309868153846154,0.1780045303076923,0.17403252361538463,616.0,119.0
0.8813984950635353,0.5315381652307692,0.165920136,0.24647294169230766,616.0,119.0
0.7365884367655001,0.05021289684615385,0.11695999592307692,0.2427322954615385,616.0,119.0
0.8930561507435635,0.6806517843333333,0.06427136444444444,0.26555160455555554,616.0,119.0
0.7364950069091658,0.04791638225,0.16738809358333331,0.37516250808333335,616.0,119.0
0.8822156855151779,0.6052459498181818,0.09692619572727272,0.38580939554545457,616.0,119.0
0.723388150257821,0.08909133026666667,0.11116726560000001,0.2010915258,616.0,119.0
0.7629370864143618,0.7065972202999999,0.1231599226,0.20625367050000004,616.0,119.0
0.6893838707441149,0.054451366272727265,0.1657702221818182,0.17866534690909092,616.0,119.0
0.6681785581360639,0.17504044125,0.0616129605,0.15875483775000002,616.0,119.0
0.7547338400297782,0.7227665542857143,0.16321963828571429,0.2400354717142857,616.0,119.0
0.7132793867471974,0.11948702384615385,0.30574269769230766,0.4899685056153847,616.0,119.0
0.7908117869688568,0.15482965275,0.231661064,0.48276302849999997,616.0,119.0
0.8835452071836621,0.6978574815,0.20871249312499998,0.413558891875,616.0,119.0
0.7482336416609944,0.08697904041666665,0.18098712508333334,0.29054761674999996,616.0,119.0
0.7953569198762609,0.190386137,0.09367263625000001,0.16480639875,616.0,119.0
0.9170410428180803,0.7614351619999999,0.08398116577777777,0.27409179277777773,616.0,119.0
0.7433358157300848,0.05442461081818182,0.22563465827272725,0.3618606158181818,616.0,119.0
0.79791583475008,0.1753827495,0.12745613774999998,0.40256574474999995,616.0,119.0
0.8972788786402207,0.7942298878333333,0.16060309966666667,0.38252264016666665,616.0,119.0
0.8944848611278358,0.5040733076,0.2166407006,0.5178337144,616.0,119.0
0.718718791552869,0.027501165166666664,0.09951644141666666,0.2822846746666667,616.0,119.0
0.9016988805154579,0.7075651235,0.1439006016,0.272680917,616.0,119.0
0.753038877558756,0.07774653533333332,0.18599118146666666,0.28866320493333325,616.0,119.0
0.9071623955852858,0.6767205582499999,0.2147310825,0.325586032375,616.0,119.0
0.8381257697865445,0.19947055360000002,0.36287925239999996,0.3773411692,616.0,119.0
0.654483075155635,0.06328181145454546,0.16913587945454547,0.35362238927272727,616.0,119.0
0.7533650521663057,0.5652370583636364,0.1496295633636364,0.36180110890909084,616.0,119.0
0.6631318273128833,0.019377939,0.14340080991666668,0.24285843083333333,616.0,119.0
0.7501197719644973,0.6488823743000001,0.0763940129,0.2092277487,616.0,119.0
0.7193174239946348,0.06290829435714286,0.13186194599999998,0.2009226546428571,616.0,119.0
0.9051392642856863,0.7775754018888889,0.07976523833333332,0.33863472533333333,616.0,119.0
0.7584238931263164,0.09848951508333333,0.17390741816666666,0.17897269075,616.0,119.0
0.7977539630002681,0.17249315575000002,0.0619320805,0.12065075374999999,616.0,119.0
0.9084617318743649,0.7545250842222221,0.09693277788888889,0.23982104722222225,616.0,119.0
0.7462003823918185,0.06163083085714286,0.13146588899999997,0.20115826650000002,616.0,119.0
0.9110595335943822,0.7045119124000001,0.0673794536,0.3136176227,616.0,119.0
0.7445702616904538,0.048966764083333336,0.1488724165,0.1523957493333333,616.0,119.0
0.837841307279554,0.302734191,0.0429914115,0.10420619675,616.0,119.0
0.9338160133979054,0.7748229273749999,0.101582044,0.203096133875,616.0,119.0
0.7521423003290764,0.06031355835714286,0.13044610778571428,0.13210285057142854,616.0,119.0
0.9169609919308293,0.723061021,0.1522244511,0.23132703540000002,616.0,119.0
0.7229588863012408,0.053042323363636366,0.22591626990909086,0.32411685918181815,616.0,119.0
0.6677984615641936,0.16176436625,0.06784967675,0.18242617275,616.0,119.0
0.7671783170510851,0.7892617437142857,0.12058173814285714,0.17685328942857145,616.0,119.0
0.7744725987717604,0.468641341,0.21318847524999998,0.27314899924999997,616.0,119.0
0.6692992127860729,0.024246429249999996,0.1665515028333333,0.2318648565,616.0,119.0
0.7554927404269332,0.7707648526249999,0.148568443,0.28670533675,616.0,119.0
0.7746379823070143,0.45893323225000004,0.25607519749999996,0.3781660185,616.0,119.0
0.7174840026103578,0.024141274083333334,0.15562744991666666,0.26845671499999996,616.0,119.0
0.9175669152342669,0.7540623428750001,0.080208873875,0.17506036275000003,616.0,119.0
0.9178774425239516,0.44767856025,0.22310357475,0.24771795349999998,616.0,119.0
0.7262888330319534,0.004677467181818182,0.12969325227272724,0.2383304506363636,616.0,119.0
0.91910881722272,0.6463416928749999,0.050681447625,0.17123067612499998,616.0,119.0
0.9353796254803848,0.5046106346,0.1490921956,0.30126764,616.0,119.0
0.7527104663238547,0.051212760846153844,0.1694720616923077,0.31305215469230774,487.9230769230769,94.07692307692308
0.9658615419754665,0.7685952106666666,0.08431189044444444,0.4751813004444444,431.0,83.0
0.7999562486551512,0.06081387878571428,0.166087817,0.5178113697857143,431.0,83.0
0.9725155475418351,0.7542808078000001,0.0839427938,0.5093682597,431.0,83.0
0.8259594380067421,0.05941112392857143,0.09912416935714284,0.41726023300000004,431.0,83.0
0.977701075331298,0.7560253832222222,0.1012917811111111,0.24080588155555555,431.0,83.0
0.8216447423869871,0.06359612246153847,0.20693862815384614,0.16518352446153847,431.0,83.0
0.7500687029803224,0.33029445874999996,0.09309059650000001,0.1078377075,431.0,83.0
0.8170055195257959,0.7898305831250001,0.14253170625,0.21928364237499998,431.0,83.0
0.7612700485725715,0.038397702538461545,0.20080574923076921,0.20965298500000001,431.0,83.0
0.8043212953841535,0.6947485628181818,0.08007355945454546,0.23281394190909088,431.0,83.0
0.7574919834922453,0.04300306883333333,0.13519737008333335,0.2869285601666666,431.0,83.0
0.9386360676530624,0.6269730771666667,0.09162297766666667,0.20631124966666667,431.0,83.0
0.7815276114228864,0.0485386225,0.21464861707142857,0.4542767551428571,431.0,83.0
0.9279896859513421,0.6994572344444445,0.20315881711111108,0.5634362366666666,431.0,83.0
0.7642074734745072,0.06487795678571429,0.20687700857142852,0.32674506428571426,431.0,83.0
0.8960419669474892,0.6507087683750001,0.139879058,0.20537171675000002,431.0,83.0
0.9207215058966101,0.5159791155,0.41049633225,0.39636264899999996,431.0,83.0
0.735360947260142,0.0145987642,0.33361845670000007,0.452495985,431.0,83.0
0.7945775522759877,0.1360749935,0.18537206550000002,0.5333699715,431.0,83.0
0.8835589548212465,0.6587864285,0.20740359590000002,0.4220599562999999,431.0,83.0
0.726519147861504,0.029650201153846152,0.26560173507692303,0.3369121013076923,431.0,83.0
0.8918406721165951,0.6751532665,0.09857647870000001,0.2921173497,431.0,83.0
0.706976425373705,0.051070065857142855,0.1581677808571429,0.2913732141428572,431.0,83.0
0.7692617103849783,0.674570991,0.0633931504,0.2700837324,431.0,83.0
0.6980454140790009,0.03941872233333333,0.1433698335,0.18910436958333332,431.0,83.0
0.7515642137791329,0.54584231725,0.16603670825000003,0.3101827514166667,431.0,83.0
0.7283123488256374,0.03896654578571429,0.17521609614285713,0.4042075072857143,431.0,83.0
0.9048014319077452,0.7050625150000001,0.13543584844444445,0.4765157983333333,431.0,83.0
0.7660098053192428,0.10088607987499999,0.21683876593749998,0.3666540582500001,431.0,83.0
0.8962306891095241,0.8083962747142858,0.12731737699999998,0.23047027071428575,431.0,83.0
0.7714463448442593,0.125979695125,0.1912058325,0.3305223828125,431.0,83.0
0.8962419744764739,0.7340910133333334,0.06478382677777778,0.39619345488888885,431.0,83.0
0.7646879357612144,0.07677906193333332,0.12013556593333334,0.21320403833333337,431.0,83.0
0.8920795979836967,0.6061842174000001,0.09591721350000001,0.2723644095,431.0,83.0
0.7352452260131895,0.030530532363636363,0.20045569245454545,0.33811325172727275,431.0,83.0
0.8476548941983645,0.4636364114545455,0.15659776781818183,0.2959305605454545,431.0,83.0
0.8430158412143629,0.2145571308333334,0.27911661549999994,0.3926599015,431.0,83.0
0.6463844448573846,0.0192853324,0.24913315510000006,0.36363633430000003,431.0,83.0
0.7587682159347184,0.6961755286666667,0.12555909266666665,0.39372746522222224,431.0,83.0
0.6988247030998265,0.0678833927142857,0.2185653122142857,0.44367724171428574,431.0,83.0
0.7655891793624391,0.6734936056666667,0.1179586368888889,0.41031652166666666,431.0,83.0
0.783119672314944,0.26092237933333334,0.20422220966666668,0.5020992981666667,431.0,83.0
0.7277900795484966,0.0211695353,0.19918986300000002,0.34811412020000004,431.0,83.0
0.931324982125707,0.7568124481249999,0.086376058625,0.35883107700000005,431.0,83.0
0.7828964934845168,0.10730729673333333,0.14182524480000003,0.36284441659999994,431.0,83.0
0.9178794700268545,0.6813278210000001,0.0493829088,0.3804774668,431.0,83.0
0.8346188397188989,0.1192043062857143,0.11393897914285715,0.3666195272857143,431.0,83.0
0.7131963586393845,0.025696606,0.048445287499999996,0.22388538375,431.0,83.0
0.9252733229913288,0.7192204105555556,0.03402486833333333,0.18225189733333333,431.0,83.0
0.7631902531313552,0.060063055866666666,0.06164862546666665,0.13850169013333333,431.0,83.0
0.928911264889783,0.6690349565999999,0.08153340690000001,0.1610192262,431.0,83.0
0.7657048354699181,0.09460016962500001,0.1602756658125,0.2186853481875,431.0,83.0
0.9313898715427761,0.7092035532222222,0.16237977933333334,0.24191652477777778,431.0,83.0
0.7038289315389871,0.010777937909090908,0.21290474727272726,0.2594765245454545,431.0,83.0
0.7358255753655961,0.6197592241818183,0.14578360963636364,0.26519020036363633,431.0,83.0
0.6789053931122948,0.07561845353333334,0.17434216966666663,0.22061647033333331,431.0,83.0
0.7556046024711517,0.7716982156666666,0.05799001933333334,0.17745015877777778,431.0,83.0
0.7457606584003595,0.14359013028571427,0.11054689671428573,0.19607815071428572,431.0,83.0
0.7034072629731383,0.024351063500000002,0.0790788915,0.153964214375,431.0,83.0
0.9154543846117704,0.7365101002222223,0.08164997866666666,0.32301058955555556,431.0,83.0
0.7667471764105028,0.0633357964,0.16296054153333334,0.34468639,431.0,83.0
0.8983267885451909,0.6028092959,0.20149559820000001,0.2231185307,431.0,83.0
0.7348082421638032,0.027208925666666665,0.17730485308333332,0.2908362475833333,431.0,83.0
0.8751388979883387,0.5728269510909091,0.08441694754545453,0.2852105726363636,431.0,83.0
0.7480426323634581,0.055656195357142856,0.1959823151428571,0.21377268257142854,431.0,83.0
0.8885686936547077,0.5989114823333332,0.07648398016666667,0.1877979239166667,431.0,83.0
0.7340769825872516,0.0069301839166666665,0.15161612575,0.17373944308333333,431.0,83.0
0.8775318386462382,0.6544223835,0.06820134225,0.18542232625,431.0,83.0
0.8906418700940695,0.31527296657142856,0.16972661714285714,0.4414132631428571,431.0,83.0
0.6699537366135369,0.0177460387,0.16347195099999995,0.34477852010000004,951.8,183.8
0.7552529072223062,0.667343310909091,0.09809613881818181,0.520790419,1082.0,209.0
0.6822698657090925,0.018885270384615384,0.13195742900000001,0.45964116384615383,1082.0,209.0
0.7529650020779382,0.6346753554545456,0.07989840636363636,0.5309566165454546,1082.0,209.0
0.7414860464546766,0.049935037599999996,0.10281478899999999,0.32008036073333324,1082.0,209.0
0.8714716613957575,0.6587136185,0.12211700966666666,0.41034068883333336,1082.0,209.0
0.7615494979113085,0.086839679,0.1595848082941177,0.24391657876470585,1082.0,209.0
0.8674695580802401,0.678180799625,0.09403113712499998,0.194665173125,1082.0,209.0
0.7493148341183525,0.06369816425,0.13744578825,0.28841259174999995,1082.0,209.0
0.8591327074387041,0.578982656625,0.10406655375,0.171211162125,1082.0,209.0
0.7341870638386272,0.040446134,0.13110329835714285,0.22014052835714287,1082.0,209.0
0.84471997885801,0.543813402,0.10495037672727273,0.23297806236363636,1082.0,209.0
0.7276154521927874,0.030295786785714287,0.16589145135714284,0.21767482985714284,1082.0,209.0
0.8524750009517423,0.677571234875,0.092701396375,0.25005848887500004,1082.0,209.0
0.7130716508049976,0.0827119409375,0.13845417512500002,0.3661881111875,1082.0,209.0
0.7278348623477975,0.4715290326,0.0954155782,0.1998787104,1082.0,209.0
0.6680357665308176,0.03575095726666667,0.049712199600000014,0.10232715813333333,1082.0,209.0
0.7426115118921679,0.5531119787500001,0.043818779375,0.11672852499999999,1082.0,209.0
0.7144861821938464,0.03813415826666667,0.10655919080000001,0.17070174600000002,1082.0,209.0
0.8720995400691555,0.6702262128571429,0.09846600985714285,0.27691320157142857,1082.0,209.0
0.7643517089436516,0.12836267906666665,0.15659529886666668,0.3920327504666666,1082.0,209.0
0.8729268899849847,0.5168050387,0.12077304510000002,0.2980402472,1082.0,209.0
0.851187015641402,0.16772421149999997,0.12236542183333333,0.34397810566666664,1082.0,209.0
0.7355916913414005,0.07392039166666667,0.07543438058333331,0.15613016258333332,1082.0,209.0
0.8941319554579866,0.628921958,0.0439033765,0.180318955625,1082.0,209.0
0.7354786820031765,0.016279346615384615,0.08870981953846155,0.09330096569230768,1082.0,209.0
0.8915463858799413,0.5862767155833334,0.06411294966666667,0.15412918425000002,1082.0,209.0
0.7236743085961569,0.0007672784166666667,0.11752304233333334,0.11530463308333333,1082.0,209.0
0.8745241285173481,0.565659080909091,0.056488189090909094,0.2512433051818182,1082.0,209.0
0.6995317739921142,0.016825562357142856,0.11300162471428572,0.3740906665714286,1082.0,209.0
0.7350698028909011,0.56167840175,0.049921627,0.29156392200000003,1082.0,209.0
0.6789944529789778,0.0647962921875,0.0674453145,0.152932513875,1082.0,209.0
0.7410917272517077,0.6592423165555555,0.035360093111111116,0.14072068766666668,1082.0,209.0
0.7250312856676432,0.059791680124999996,0.0747757489375,0.170329793375,1082.0,209.0
0.8787753941771931,0.6148375106666665,0.11528418322222223,0.17055126988888888,1082.0,209.0
0.7220461952171875,0.013309727416666667,0.08282757308333331,0.11303205808333334,1082.0,209.0
0.8145341779106053,0.225416285,0.02406670525,0.041575893,1082.0,209.0
0.8689009964463914,0.7085941668571429,0.057067617857142865,0.11622776914285714,1082.0,209.0
0.7435357101956808,0.061934993499999993,0.05668799999999999,0.10662378556249998,1082.0,209.0
0.8861047424543645,0.727477638125,0.02322135725,0.122456599375,1082.0,209.0
0.7445187587986748,0.0469847666,0.06588585066666668,0.10999455879999999,1082.0,209.0
0.8822532769282463,0.6999035855714286,0.049039815,0.09644924028571429,1082.0,209.0
0.8582553297745875,0.2494628108571429,0.13340155442857143,0.19489995014285716,1082.0,209.0
0.7119837344385126,0.04042833918181818,0.092546594,0.22876138436363636,1082.0,209.0
0.9060328872325026,0.7086636269999999,0.06676701762500001,0.146865008875,1082.0,209.0
0.7110950931356491,0.062747229875,0.09694288862500001,0.1565100220625,1082.0,209.0
0.760367979094863,0.775020442,0.055269839125,0.196404945125,1082.0,209.0
0.6844470189497199,0.050242508199999994,0.09533771706666666,0.1972046525333333,1082.0,209.0
0.7652964648348891,0.7493354480000001,0.06251741833333334,0.30047635366666664,1082.0,209.0
0.7243493176254084,0.04656263857142857,0.23931955835714286,0.5075779885000001,1082.0,209.0
0.8869582705092913,0.6515119887,0.20331227429999998,0.4929386142,1082.0,209.0
0.7514994924888089,0.0477599255,0.25777388542857144,0.532436618142857,1082.0,209.0
0.8573016183920614,0.6223856561250001,0.123929431875,0.569473296625,1082.0,209.0
0.8284158317596674,0.23156642525,0.21428839800000002,0.58661859,1082.0,209.0
0.7137566293858718,0.0272497339,0.23934712060000002,0.5766247271000001,1082.0,209.0
0.8616631596531786,0.5253988045555554,0.26793197544444447,0.5098015358888888,1082.0,209.0
0.7282289480039947,0.015242210642857143,0.2111620674285714,0.3759270664285715,1082.0,209.0
0.8587767816553031,0.6290187029000001,0.1032912324,0.22565564659999998,1082.0,209.0
0.7293450595780906,0.018230573,0.0817578915,0.18730892757142856,1082.0,209.0
0.8761524509699716,0.6984042795555556,0.04889951433333334,0.25754123311111116,1082.0,209.0
0.7978138278850295,0.097458155,0.14333050366666666,0.40429578633333335,1082.0,209.0
0.6293621083480193,0.010022216777777778,0.1108180628888889,0.3259540255555555,1082.0,209.0
0.7374656122261134,0.6970875866999999,0.0597671172,0.4010669945,1082.0,209.0
0.6613846763968052,0.01761279992857143,0.07586899000000001,0.22845128035714282,1082.0,209.0
0.7400255407864104,0.6787174208,0.080450844,0.1510704805,1082.0,209.0
0.7168638533008012,0.036198637666666665,0.24437771439999997,0.24645885306666665,2636.6,509.6
0.8334929887099488,0.6711059595,0.3204311145,0.4409146677,3673.0,710.0
0.6986511092087446,0.0,0.38011693254545453,0.4394383869090909,3673.0,710.0
0.8280152343793763,0.6244627375,0.2583385258,0.3995860158,3673.0,710.0
0.7381280963631816,0.082729893625,0.20650660443750002,0.4714001192499999,3673.0,710.0
0.8420314414760921,0.782817335875,0.089379370375,0.432670858375,3673.0,710.0
0.7962868863088125,0.17739358485714285,0.14532461242857142,0.46677144228571427,3673.0,710.0
0.6924022270389467,0.007403141888888889,0.07772601655555555,0.3615823308888889,3673.0,710.0
0.8385302945928095,0.7358459421,0.04744045140000001,0.2741184951,3673.0,710.0
0.7236797931751376,0.014095476142857142,0.09932163664285713,0.14332515428571427,3673.0,710.0
0.8376735590484321,0.7591846166250001,0.06231402374999999,0.164024405125,3673.0,710.0
0.7008952953416228,0.072611594,0.1133713455,0.274941673875,3673.0,710.0
0.7136740546561017,0.709475256375,0.21370872825,0.51727820575,3673.0,710.0
0.667049649723615,0.06454838775,0.3430942085,0.5826282665,3673.0,710.0
0.7097328678510236,0.6816226385000002,0.2929113135,0.44057694875,3673.0,710.0
0.7192643418992212,0.17288274116666666,0.3324513888333333,0.5586629378333333,3673.0,710.0
0.7062579609681392,0.026356064909090905,0.2181649545454545,0.2727173893636364,3673.0,710.0
0.8286168740347158,0.6319732278333333,0.12136742366666665,0.18405456183333335,3673.0,710.0
0.7410525992609911,0.08663299594117647,0.15250987552941173,0.34853148511764703,3673.0,710.0
0.8298288335134635,0.5904647459999999,0.13679596977777775,0.30074512933333336,3673.0,710.0
0.7374949107512248,0.040194644,0.20623343266666672,0.3235794367777778,3673.0,710.0
0.7322545198162534,0.032971048,0.147855762,0.189693744,3673.0,710.0
0.8282277677285462,0.510380057,0.262853098625,0.259874420375,3673.0,710.0
0.735487800839332,0.024781408062500003,0.32680994325,0.412650616375,3673.0,710.0
0.8290130703608684,0.331145284,0.3791690785,0.4100572898333333,3673.0,710.0
0.7370986018965677,0.0504385805,0.27145105256249996,0.3758324496875,3673.0,710.0
0.8292358917351229,0.49187090299999997,0.23235865033333333,0.41643816255555555,3673.0,710.0
0.7002421924358785,0.045595504,0.18131495743750004,0.44888717849999993,3673.0,710.0
0.7119929101115889,0.5968905495555554,0.22642711188888892,0.4302834214444445,3673.0,710.0
0.6612555714618101,0.02259641293333333,0.5322657082,0.6022826042666668,3673.0,710.0
0.7073141793397891,0.367360725,0.5390318845714285,0.7725310535714286,3673.0,710.0
0.7086805461969805,0.09706603533333333,0.41825012855555554,0.5484909054444445,3673.0,710.0
0.6964531700627575,0.00145335825,0.37282100600000007,0.51469215525,3673.0,710.0
0.8285939523850674,0.3479723591428572,0.28934998285714286,0.382699125,3673.0,710.0
0.7409538247150418,0.03816201052941176,0.08066953147058822,0.2223776188235294,3673.0,710.0
0.828888999214155,0.49677985071428565,0.06213675428571429,0.09902653985714285,3673.0,710.0
0.7411303056215715,0.043544488,0.06547217599999999,0.1385045328823529,3673.0,710.0
0.8288699647668246,0.577929781888889,0.05141628244444444,0.1288463191111111,3673.0,710.0
0.716948258074476,0.01672468525,0.12672629666666668,0.3839706579166667,3673.0,710.0
0.7977486484314305,0.0622913882,0.25324264220000003,0.48953550839999993,3673.0,710.0
0.8279751888927962,0.35964071171428574,0.352646199,0.36579649542857146,3673.0,710.0
0.7353136289472036,0.0168753245625,0.33935009437499997,0.3324861970625,3673.0,710.0
0.8281729013076696,0.38747626166666665,0.3326503385,0.3152944466666667,3673.0,710.0
0.7047835400062121,0.04848139629411766,0.31412146676470587,0.312536925235294,3673.0,710.0
0.7098710236978876,0.368493487,0.3845787644444445,0.44391113177777775,3673.0,710.0
0.6599396421817765,0.0120281564,0.3388374223333334,0.4224494792,3673.0,710.0
0.7086601925227548,0.50594289425,0.186100023125,0.234507103,3673.0,710.0
0.702229481651535,0.0406370038125,0.11980345624999998,0.21148256381249997,3673.0,710.0
0.8305034608728983,0.5967946713,0.17724156249999998,0.3156910865,3673.0,710.0
0.7160389593896452,0.0008847262222222221,0.26205405122222225,0.36222741077777776,3673.0,710.0
0.7606246558973478,0.08595634228571429,0.20886155257142858,0.47357815242857143,3673.0,710.0
0.8300998498027454,0.6465743944285715,0.09728621785714285,0.423644368,3673.0,710.0
0.7299709401917067,0.018311354666666668,0.11310786413333333,0.31159252993333336,3673.0,710.0
0.8320690489098073,0.720114305375,0.076776655375,0.22962971762499998,3673.0,710.0
0.7370679846047913,0.056882288812499994,0.08834972387499998,0.235729457625,3673.0,710.0
0.830383364481019,0.7399709652857143,0.020810109285714286,0.16421449200000002,3673.0,710.0
0.8114997585930536,0.22731446857142856,0.029787634142857143,0.14239333614285715,3673.0,710.0
0.7163640542239782,0.028952739833333335,0.021378542833333333,0.061591484333333335,3673.0,710.0
0.8277789547639349,0.30071452785714287,0.055973933,0.1910389654285714,3673.0,710.0
0.6888027747666413,0.004722128466666666,0.21633374173333336,0.4271904904666667,3673.0,710.0
0.7321978192670914,0.32899411933333333,0.4585272088888889,0.5563337113333333,3673.0,710.0
0.6739905391135471,0.012402642533333334,0.4146227929333333,0.635518884,3673.0,710.0
0.735683987698409,0.4767511071428571,0.4177440787142857,0.575958926,3673.0,710.0
0.7268580838135037,0.07009367122222222,0.49523216783333335,0.7150785133888888,3673.0,710.0
0.8448031729679734,0.5839814616250001,0.6456651755,0.6226952056250001,3673.0,710.0
0.7347346216867663,0.015405314076923075,0.5213024882307692,0.614508834,3673.0,710.0
0.8325890887955261,0.10445815824999999,0.381050073125,0.5971545599375001,3673.0,710.0
0.700837499219266,0.008256394090909091,0.3137165027272727,0.44551120872727273,3673.0,710.0
0.8423866625882983,0.24537006914285714,0.2847653981428571,0.4022621351428572,3673.0,710.0
0.7534737704124422,0.015159424500000001,0.14626048242857145,0.4355697440714286,4603.0,889.5714285714286
0.8480546132295528,0.4130142534444444,0.12069830344444443,0.38832942211111104,5843.0,1129.0
0.763918931912176,0.062475471428571426,0.22968946757142855,0.4032146499285713,5843.0,1129.0
0.8248977475665284,0.1912151130909091,0.2713481625454545,0.2801386661818182,5843.0,1129.0
0.7308157224365148,0.03289048635294117,0.2255107916470588,0.28890273964705887,5843.0,1129.0
0.7385871299653995,0.630525577,0.05762762322222222,0.10328427455555556,5843.0,1129.0
0.6971694595245339,0.00018420735714285715,0.056789201071428576,0.10905075685714286,5843.0,1129.0
0.7337682866522249,0.4934817504444444,0.15311234799999998,0.29249677888888886,5843.0,1129.0
0.7128844793088529,0.011194246,0.39968472316666676,0.4458103166666667,5843.0,1129.0
0.8366033973607518,0.20453905863636368,0.48308443845454546,0.5997017599090909,5843.0,1129.0
0.7637701835987595,0.030513992769230766,0.5046047135384616,0.6719432576923078,5843.0,1129.0
0.8366894801026928,0.2023449027,0.4662859868,0.5457361472000001,5843.0,1129.0
0.850570660212013,0.06798288171428571,0.4839817255714286,0.6126698987142858,5843.0,1129.0
0.7387399294888896,0.025282614083333335,0.5375320074166667,0.6322765146666666,5843.0,1129.0
0.8425228121595647,0.41197855283333334,0.360031094,0.523077577,5843.0,1129.0
0.776234689595988,0.03922157333333334,0.14421375327777777,0.3268139511111111,5843.0,1129.0
0.8524854170326815,0.2023324828,0.4463944162000001,0.5247194514,5843.0,1129.0
0.7524588361735282,0.036587991,0.3901511875,0.5458162669285714,5843.0,1129.0
0.8465547152832213,0.5221134915000001,0.47857814533333337,0.5614702115000001,5843.0,1129.0
0.782825938533035,0.0404478326,0.5211157623,0.6446271814,5843.0,1129.0
0.6961866198462612,0.15162327220000002,0.5903423774666666,0.5193950912666667,5843.0,1129.0
0.7006389299836552,0.10053397781818182,0.43320716281818183,0.49370671768181806,5843.0,1129.0
0.7156811463842339,0.05239627364285714,0.27932731107142855,0.2660628942857142,5843.0,1129.0
0.8289580559760286,0.24604519127272725,0.10742170572727273,0.1200532280909091,5843.0,1129.0
0.7672206329088144,0.02347858094117647,0.094654221,0.12573101564705882,5843.0,1129.0
0.8407837317971395,0.5457121262857143,0.11744648857142857,0.22331009185714287,5843.0,1129.0
0.7701338453844995,0.046542506166666664,0.19174644077777775,0.29833850444444443,5843.0,1129.0
0.8374407484868458,0.46762453666666665,0.206023614,0.27011890833333335,5843.0,1129.0
0.7628360791767962,0.026747471,0.23821441052941175,0.3215551563529412,5843.0,1129.0
0.8404452319760387,0.4265029178333333,0.13238944433333333,0.19471116083333337,5843.0,1129.0
0.772444858558822,0.05623228431578947,0.12472681984210525,0.2206360312631579,5843.0,1129.0
0.8394005030350247,0.4746485118333333,0.137860506,0.23034820016666668,5843.0,1129.0
0.7260248739833836,0.02785765111764706,0.20855272694117644,0.3867798788235293,5843.0,1129.0
0.7340160290147567,0.40359765350000004,0.2453094431666667,0.4176622023333334,5843.0,1129.0
0.7028137216503965,0.03762729236842105,0.3328275511052632,0.5927661105263159,5843.0,1129.0
0.7510925335188163,0.2245641076,0.3330236538,0.6048584158,5843.0,1129.0
0.7462676165640315,0.017644465388888888,0.24042381572222224,0.5225664416111111,5843.0,1129.0
0.8509779341807107,0.16861414746153847,0.0963281647692308,0.3778636223846154,5843.0,1129.0
0.7412099639491997,0.014477368583333332,0.21770401025,0.5051553907499999,5843.0,1129.0
0.8499984194721109,0.16791978776923078,0.44476579753846146,0.5429704819230771,5843.0,1129.0
0.7282846663033566,0.005752343,0.3494035005999999,0.3010487685,5843.0,1129.0
0.8595568080821905,0.2518134576923077,0.31586514092307694,0.3562741564615385,5843.0,1129.0
0.7489746718810256,0.012699964416666668,0.23348254591666665,0.39832877733333333,5843.0,1129.0
0.8565040438538905,0.13774055975,0.183910004,0.28420372825,5843.0,1129.0
0.7454331756784955,0.013110871750000001,0.14218553308333332,0.26033283049999995,5843.0,1129.0
0.8602147164017103,0.23133222574999998,0.2284527536666667,0.28292540533333327,5843.0,1129.0
0.7106137383328516,0.17008048916666663,0.2258113872222222,0.31297269455555554,5843.0,1129.0
0.7135727791272658,0.019041688764705883,0.42252093994117645,0.5768510668823531,5843.0,1129.0
0.7596512721618837,0.20022665783333335,0.4160139299166667,0.4770051510833333,5843.0,1129.0
0.7332203899131734,0.004548937,0.58262867625,0.5700253625833334,5843.0,1129.0
0.8653349206657136,0.3060507495454545,0.5306624601818183,0.6262910647272727,5843.0,1129.0
0.7668618815445205,0.020180264142857143,0.25881189849999997,0.42014654457142864,5843.0,1129.0
0.8600302731425694,0.6007516631428571,0.1567598692857143,0.26659704900000003,5843.0,1129.0
0.7857239160456106,0.012126674437499999,0.16681614212499998,0.33044417975000007,5843.0,1129.0
0.8662403841609907,0.6644602872500001,0.123142629,0.315934175375,5843.0,1129.0
0.7830741970981704,0.012496952375,0.19155638656250001,0.45143864231249997,5843.0,1129.0
0.861979008344506,0.5529481827142858,0.16977752142857144,0.34174031314285713,5843.0,1129.0
0.7652515825900575,0.023475434857142857,0.17568579757142858,0.34781367378571426,5843.0,1129.0
0.8547960481718264,0.32545981799999996,0.2559598646363636,0.5021398267272728,5843.0,1129.0
0.7481129324339271,0.0087447095,0.1950337034375,0.38101503843749995,7523.1875,1454.125
0.7911930433048494,0.28491767584615385,0.19192846353846155,0.41088046292307695,8830.0,1707.0
0.720423701380426,0.19709823363157894,0.21207515126315787,0.4339254435789474,8830.0,1707.0
0.7382941930113707,0.008572672,0.23702425033333333,0.5108008505,8830.0,1707.0
0.8795675321975318,0.21053319947058824,0.14904631505882351,0.32355606494117645,8830.0,1707.0
0.7502262168621868,0.0021614916363636365,0.0933558340909091,0.09389408945454546,8830.0,1707.0
0.8758435655853727,0.35982603799999996,0.042071143769230775,0.09994504707692306,8830.0,1707.0
0.7525829367858641,0.002363023090909091,0.0632492858181818,0.18580353836363636,8830.0,1707.0
0.8890636113041492,0.612276779,0.07648682666666666,0.21637415683333336,8830.0,1707.0
0.8004098679653158,0.06722534477777777,0.14713281527777777,0.3501948830555555,8830.0,1707.0
0.8732719712714697,0.5838781752500001,0.08984444225,0.265358607875,8830.0,1707.0
0.76705546394189,0.010824732249999998,0.11854988308333332,0.22652955075,8830.0,1707.0
0.8795919767739152,0.37287761108333334,0.13278652233333332,0.3727630853333334,8830.0,1707.0
0.7503630510989681,0.02152111494117647,0.255042978,0.5550495915882353,8830.0,1707.0
0.7573249259784522,0.6248703305000001,0.12163227416666667,0.382707933,8830.0,1707.0
0.7331958539524588,0.050004861222222224,0.18126038477777778,0.5224076857777777,8830.0,1707.0
0.7466665019306056,0.6569329368571429,0.15103530799999998,0.412393452,8830.0,1707.0
0.7656910252078825,0.0089714691875,0.21223859456250002,0.25880439475,8830.0,1707.0
0.8806571557242009,0.5965415995714285,0.11237603785714285,0.27431945971428573,8830.0,1707.0
0.8004649777796803,0.02810322705882353,0.06862097352941177,0.3590819572941176,8830.0,1707.0
0.8952229156519305,0.39160577175,0.053321430499999996,0.12033931849999999,8830.0,1707.0
0.8076619415637653,0.015601789647058821,0.10517527252941176,0.1993663131764706,8830.0,1707.0
0.893297155590751,0.45025692766666675,0.08842686583333333,0.119835197,8830.0,1707.0
0.7942696498670224,0.015086643470588235,0.42356776905882354,0.5718289609411764,8830.0,1707.0
0.9059453608439322,0.1798013799230769,0.6613022461538461,0.8246362226153846,8830.0,1707.0
0.7499891282314999,0.0006999794545454545,0.5141084309090909,0.7297832140909091,8830.0,1707.0
0.8956979773649107,0.2466810366153846,0.3503132777692307,0.4808915500769231,8830.0,1707.0
0.7263020654903575,0.16116807031578947,0.31976523294736847,0.44060808289473685,8830.0,1707.0
0.7222864040513725,0.0055970635,0.3749152894999999,0.37256389083333336,8830.0,1707.0
0.7403476454068043,0.17593535150000003,0.5056965164999999,0.4480887892,8830.0,1707.0
0.7825697340568706,0.048291677157894744,0.34685498978947366,0.5393161951052631,8830.0,1707.0
0.9008438762062996,0.520767036,0.09813579657142857,0.3145117937142857,8830.0,1707.0
0.8119431240112502,0.008401171875,0.23697332606250002,0.5111243863125,8830.0,1707.0
0.9043509850196827,0.22189159023076918,0.3792394883076922,0.5715149816923077,8830.0,1707.0
0.7636900194208475,0.011042449583333334,0.3125784428333334,0.5162824683333335,8830.0,1707.0
0.8882953488114756,0.24669289116666662,0.306073451,0.5094266716666668,8830.0,1707.0
0.8218246144787776,0.10093812434615385,0.1906167123461539,0.3838062367692308,8830.0,1707.0
0.841388359255033,0.14911709131818182,0.19793448354545456,0.5465760519999999,8830.0,1707.0
0.6971331043164684,0.01805135825,0.16380027333333333,0.43949151991666674,8830.0,1707.0
0.7681877828635466,0.5087531901428571,0.06305272985714286,0.24108639499999998,8830.0,1707.0
0.7302409481998215,0.022177623352941177,0.08888560094117645,0.1874096651764706,8830.0,1707.0
0.7750372734772503,0.607739097,0.037977802,0.117080233,8830.0,1707.0
0.7452251273416093,0.009298935583333333,0.05450671033333334,0.10637735924999998,8830.0,1707.0
0.885118512672189,0.3796460548333333,0.06039084650000001,0.10837983574999999,8830.0,1707.0
0.8100851808161433,0.010760525647058823,0.06016943282352942,0.21215266082352938,8830.0,1707.0
0.8901467094663633,0.4371938601428571,0.034369247,0.26334591671428575,8830.0,1707.0
0.8097807538073734,0.014880979941176471,0.05228441023529412,0.1606616592941176,8830.0,1707.0
0.8952737512561512,0.5114341415,0.028875430833333337,0.131776449,8830.0,1707.0
0.8187680174708846,0.04029569005555556,0.02196343411111111,0.11214603033333333,8830.0,1707.0
0.8938269633473759,0.26410297253846154,0.02096663807692308,0.05035173638461538,8830.0,1707.0
0.7595047127641658,0.0003344844,0.06583662570000001,0.0924295722,8830.0,1707.0
0.8895371101020393,0.2504859675,0.1407880325,0.11305546464285714,8830.0,1707.0
0.69616522222014,0.018488330454545454,0.26051617009090905,0.3195991955454545,8830.0,1707.0
0.7884185789242049,0.295317253076923,0.2678156103076923,0.45200710599999994,8830.0,1707.0
0.6906278328422194,0.0004304718,0.2898878437,0.5693484817000001,8830.0,1707.0
0.7720070574562697,0.6609232167499999,0.16867226812499997,0.539502513625,8830.0,1707.0
0.7901417458463073,0.03302177276470588,0.1598060145294118,0.5051891995882354,8830.0,1707.0
0.8868803240658689,0.7192071992857142,0.05120269542857143,0.3594583325714286,8830.0,1707.0
0.8633458107417644,0.03109765228571429,0.06616477085714285,0.3202710594285714,8830.0,1707.0
