Demand,Avail_Sol,Avail_Wind_On,Avail_Wind_Off,Hyd_In,HydRoR_In
0.773405290919784,0.0,0.3470858053333334,0.8214622223333333,0.0,1323.0
0.8254279713898405,0.0,0.3652099695,0.809130788,0.0,1323.0
0.8828853130363736,0.0,0.3536602035,0.7910237815000001,0.0,1323.0
0.8771716450558927,0.001285109,0.3258465333333333,0.7160175166666667,0.0,1323.0
0.8771970579093502,0.011516263499999999,0.261694456,0.653310761,0.0,1323.0
0.8763468004464599,0.0070564315,0.2702071715,0.6593685685,0.0,1323.0
0.8831404090325752,0.0,0.281805864,0.683600321,0.0,1323.0
0.8831245651811515,0.0,0.2631844595,0.59765258675,0.0,1323.0
0.8175637010345828,0.0,0.255259879,0.5131007153333332,0.0,1323.0
0.7621201574370352,0.0,0.272865004,0.4129411645,0.0,1323.0
0.7833198118066387,0.0,0.2649494655,0.4245674295,0.0,1323.0
0.8718151613229203,0.0,0.221158166,0.402726409,0.0,1323.0
0.8656227544819964,0.0014429563333333334,0.19838142333333333,0.3480153816666666,0.0,1323.0
0.867849390649579,0.0156197145,0.1905607885,0.3002568075,0.0,1323.0
0.8684936560040939,0.012713944500000001,0.19212058999999998,0.35526355,0.0,1323.0
0.8751412206099135,0.0,0.20861537600000002,0.46491737850000003,0.0,1323.0
0.872974688621012,0.0,0.23147937475000002,0.561634156,0.0,1323.0
0.8108926329677386,0.0,0.275757054,0.6620724206666667,0.0,1323.0
0.762007749108763,0.0,0.3594889685,0.7552534015000001,0.0,1323.0
0.7841533452301894,0.0,0.428340075,0.65902165625,0.0,1323.0
0.8701281669963881,0.0,0.43372494349999996,0.472071149,0.0,1323.0
0.8682460710698257,0.0136742625,0.3530631605,0.3955022555,0.0,1323.0
0.868151008586528,0.0243290035,0.284214399,0.368018435,0.0,1323.0
0.8700958221615926,0.0023777585,0.2243295795,0.4370988065,0.0,1323.0
0.8818829245255566,0.0,0.17356795566666663,0.479399619,0.0,1323.0
0.8538253789344032,0.0,0.12749628425,0.4284007855,0.0,1323.0
0.7753661596268027,0.0,0.10332590350000001,0.366863434,0.0,1323.0
0.7702296888491419,0.0,0.10471433125,0.39196663425,0.0,1323.0
0.8658405920554523,0.0,0.120019528,0.469211335,0.0,1323.0
0.8729245520898242,0.0,0.13802836766666668,0.557078939,0.0,1323.0
0.8736404075204214,0.0076093985000000005,0.1545580265,0.6306600904999999,0.0,1323.0
0.8726422753613992,0.00815219825,0.21035869725,0.7235696255,0.0,1323.0
0.883090037774189,0.0,0.2715085875,0.7654805675,0.0,1323.0
0.8781816228884103,0.0,0.301037554,0.802639239,0.0,1323.0
0.8449769422976486,0.0,0.3612279623333334,0.852496484,0.0,1323.0
0.767059825480748,0.0,0.42632831225,0.83324102275,0.0,1323.0
0.7967301583615821,0.0,0.460653936,0.76151145,0.0,1323.0
0.8721824546273822,0.0,0.4768365105,0.696440584,0.0,1323.0
0.8648347453174186,0.0014413380000000001,0.488421188,0.6653703609999999,0.0,1323.0
0.8654611404031516,0.0094146705,0.44805294300000004,0.5296190369999999,0.0,1323.0
0.8728122608906845,0.0,0.43443018450000004,0.4186041305,0.0,1323.0
0.8727599649734792,0.0,0.39036780325000003,0.32880890175,0.0,1323.0
0.8306898304148586,0.0,0.346739331,0.33096132300000003,0.0,1323.0
0.7625284095694876,0.0,0.3222176643333333,0.4198263903333334,0.0,1323.0
0.7545636550797388,0.0,0.30128054325,0.562720681,0.0,1323.0
0.804640723589634,0.0,0.27597366975,0.656614429,0.0,1323.0
0.8353139966553309,0.0070404075,0.2437002455,0.666566295,0.0,1323.0
0.8364926303305409,0.0120844635,0.236194027,0.7237657915,0.0,1323.0
0.8440048173911692,0.0024297055,0.26530520700000004,0.838410667,0.0,1323.0
0.8673249902889998,0.0,0.3181284563333333,0.8982881936666667,0.0,1323.0
0.8619276804882814,0.0,0.4476686595,0.9214471845000001,0.0,1323.0
0.8264657246662893,0.0,0.570846419,0.9219992804999999,0.0,1323.0
0.7824953112900846,0.0,0.6390848370000001,0.9275320690000001,0.0,1323.0
0.7756379207330518,0.0,0.70244661825,0.931507209,0.0,1323.0
0.8038470576298348,0.0,0.7322601915,0.933236612,0.0,1323.0
0.8425886294746695,0.020340871,0.7180186233333333,0.9301970150000001,0.0,1323.0
0.8467477799289516,0.2322059695,0.7186067975,0.9044048675,0.0,1323.0
0.8471417843028256,0.103887788,0.6868412975,0.8826304955,0.0,1323.0
0.8620859773846433,0.0,0.636872868,0.8142684835,0.0,1323.0
0.8713335117410099,0.0,0.5404682705,0.740378526,0.0,1323.0
0.8437977923789135,0.0,0.43311436049999996,0.6365646644999999,0.0,1323.0
0.7771296149444316,0.0,0.49302648325000004,0.78574330625,0.0,1323.0
0.8095990636218627,0.0,0.6216128413333334,0.9079097833333334,0.0,1323.0
0.8885963836470792,0.0,0.657696904,0.9205736185,0.0,1323.0
0.8856922765369525,0.021768274333333334,0.647355342,0.9209688433333333,0.0,1323.0
0.8870329463831343,0.256354529,0.5897310689999999,0.878435797,0.0,1323.0
0.8866963550835978,0.1464639035,0.5809201115,0.8173277889999999,0.0,1323.0
0.8974024525716158,0.0,0.5586270369999999,0.792734821,0.0,1323.0
0.8984360278081409,0.0,0.5321965925,0.72601406375,0.0,1323.0
0.8601393327811204,0.0,0.5362164635,0.683987029,0.0,1323.0
0.7844430510093134,0.0,0.5262281105,0.61223745225,0.0,1323.0
0.8076616362682502,0.0,0.4406732656666667,0.5075831113333334,0.0,1323.0
0.8844656500333569,0.0,0.358465863,0.524792133,0.0,1323.0
0.8802904130806892,0.0,0.30496739250000005,0.510727562,0.0,1323.0
0.8824415945360615,0.08138946250000001,0.24856079350000002,0.514582617,0.0,1323.0
0.8774379761743551,0.1828213525,0.1949973025,0.5225295245,0.0,1323.0
0.8815525609736587,0.032615887499999996,0.17026300249999998,0.470611962,0.0,1323.0
0.8948190777474235,0.0,0.1309824305,0.25823315925,0.0,1323.0
0.8671515149576515,0.0,0.11982567133333333,0.12119920833333335,0.0,1323.0
0.7870834634485333,0.0,0.1320175965,0.14040100025000002,0.0,1323.0
0.8171689141672426,0.0,0.12323600633333333,0.11571370166666667,0.0,1323.0
0.8921849089995769,0.0,0.11323867700000001,0.06939870199999999,0.0,1323.0
0.8883896404116688,0.016134237333333332,0.100435432,0.030577154999999998,0.0,1323.0
0.8909574531091791,0.1098080165,0.1038717655,0.0308552715,0.0,1323.0
0.8907810828958904,0.0511618895,0.09536756499999999,0.023463946,0.0,1323.0
0.898140137266936,0.0,0.0846301985,0.031774954,0.0,1323.0
0.9003889157904147,0.0,0.06699661025,0.041643725,0.0,1323.0
0.864633604168338,0.0,0.0492955915,0.0338667175,0.0,1323.0
0.7982397344608704,0.0,0.042152112000000005,0.0477890695,0.0,1323.0
0.795090526669104,0.0,0.037417662500000004,0.06836638025,0.0,1323.0
0.8875307922980438,0.0,0.041880777499999994,0.08190029900000001,0.0,1323.0
0.8930991671126415,0.0,0.04745909166666667,0.10906813133333333,0.0,1323.0
0.8936650352502178,0.024241165999999998,0.05767001866666666,0.173971066,0.0,1323.0
0.8951426422345393,0.0091700045,0.06357709775,0.19035133124999998,0.0,1323.0
0.9035296852826848,0.0,0.090066644,0.24381216249999998,0.0,1323.0
0.8959885337715399,0.0,0.112943725,0.320692655,0.0,1323.0
0.8624443509513595,0.0,0.1315972215,0.370364918,0.0,1323.0
0.7893617228744686,0.0,0.18021834725000002,0.39731022875,0.0,1323.0
0.8209937263904702,0.0,0.20459890666666666,0.4463385896666667,0.0,1323.0
0.8949109947820555,0.0,0.2274536655,0.460551596,0.0,1323.0
0.8937856199005495,0.0332278,0.253481187,0.4829164865,0.0,1323.0
0.8915822050003159,0.036354485666666665,0.2735117873333333,0.49904259933333334,0.0,1323.0
0.9008322117817698,0.0,0.29502125300000004,0.4863706885,0.0,1323.0
0.9061287631219817,0.0,0.294815747,0.4656187735,0.0,1323.0
0.8812085051929026,0.0,0.270403526,0.44457156175,0.0,1323.0
0.7844006758983694,0.0,0.22787972200000003,0.3766543943333333,0.0,1323.0
0.776094408288748,0.0,0.19961638825,0.36444527225,0.0,1323.0
0.8043606296938943,0.0,0.1643387255,0.3644872885,0.0,1323.0
0.8444004335411043,0.005873093333333333,0.138346207,0.36225066499999997,0.0,1323.0
0.8504745329241948,0.045068425999999995,0.11767331824999999,0.37507594,0.0,1323.0
0.8659957433468375,0.000575732,0.131546732,0.39070395599999996,0.0,1323.0
0.8752707400038584,0.0,0.1484006065,0.4066954745,0.0,1323.0
0.8491995929981064,0.0,0.157544555,0.47188032174999994,0.0,1323.0
0.7832643078121123,0.0,0.15600825233333335,0.4551151553333333,0.0,1323.0
0.7756100200839136,0.0,0.17969776233333334,0.5315878636666667,0.0,1323.0
0.8033064574974118,0.0,0.219491653,0.60554547875,0.0,1323.0
0.8480534920436581,0.014167336,0.2634801875,0.689610901,0.0,1323.0
0.8494580690659645,0.07113473549999999,0.265404458,0.719786197,0.0,1323.0
0.8511851543811497,0.042428416000000004,0.3037245595,0.725758201,0.0,1323.0
0.8666124991947398,0.000705163,0.3404141335,0.7479003375,0.0,1323.0
0.8762718767752273,0.0,0.381630919,0.7806440095,0.0,1323.0
0.8514859036972056,0.0,0.43905331425,0.8132478325,0.0,1323.0
0.7952115691547058,0.0,0.45388619133333336,0.8193352626666668,0.0,1323.0
0.8173656192067407,0.0,0.49475888025000003,0.8438948540000001,0.0,1323.0
0.9036377512880464,0.0,0.5164946475,0.8682872925,0.0,1323.0
0.8968895535832385,0.004041492,0.5411205680000001,0.8887858476666667,0.0,1323.0
0.8973491239068413,0.0413304975,0.499924367,0.8708115590000001,0.0,1323.0
0.9018961366979559,0.01045342575,0.49978912025,0.878857934,0.0,1323.0
0.912135066985633,0.0,0.5262932929999999,0.9014951435,0.0,1323.0
0.8867784373351881,0.0,0.5648148442500001,0.9207582599999999,0.0,1323.0
0.7988303657186825,0.0,0.55068347725,0.9265040265,0.0,1323.0
0.8297490175435017,0.0,0.630227525,0.9345143510000001,0.0,1323.0
0.9025703994068677,0.0003027465,0.6962947475000001,0.934585066,0.0,1323.0
0.8987998002046271,0.024243533499999997,0.6623279055,0.9282117265000001,0.0,1323.0
0.895902578599332,0.046633942,0.7150987529999999,0.9291965455,0.0,1323.0
0.900680158889403,0.021263393333333335,0.7631781710000002,0.9255248323333333,0.0,1323.0
0.9080580381212398,0.0,0.768783589,0.9186813125,0.0,1323.0
0.8836053466111019,0.0,0.7606882535,0.9235153277499999,0.0,1323.0
0.8003648770888536,0.0,0.7301767133333333,0.925191377,0.0,1323.0
0.8212132776027335,0.0,0.6858056035,0.9210947647500001,0.0,1323.0
0.9080534841530727,0.0,0.6138613470000001,0.9297605615,0.0,1323.0
0.900046221635824,0.010084734333333333,0.5532732446666667,0.918297488,0.0,1323.0
0.8998752497833721,0.080103617,0.426814822,0.854560336,0.0,1323.0
0.8985985024318044,0.0565733185,0.432929257,0.8145774365,0.0,1323.0
0.9073188512760575,0.0013066025,0.428401588,0.791585371,0.0,1323.0
0.9124320843737014,0.0,0.4078042865,0.7412660154999999,0.0,1323.0
0.8850423152052286,0.0,0.376733096,0.62992307675,0.0,1323.0
0.7933898477729584,0.0,0.34978744175,0.48979644450000004,0.0,1323.0
0.8226290510342471,0.0,0.3483178883333333,0.4355855743333333,0.0,1323.0
0.8985246591830326,0.0,0.357412903,0.39597093149999996,0.0,1323.0
0.8927415758309768,0.0053493386666666675,0.347357344,0.39292219866666667,0.0,1323.0
0.894194083365636,0.0284925315,0.271887545,0.3450307935,0.0,1323.0
0.8976627595116212,0.010293740000000001,0.25888113724999995,0.31726149525,0.0,1323.0
0.9086977964009235,0.0,0.217922686,0.3029137515,0.0,1323.0
0.8861831350321803,0.0,0.16325100125,0.2446492035,0.0,1323.0
0.805414344211418,0.0,0.127582258,0.17345555533333334,0.0,1323.0
0.8271764161506259,0.0,0.0933350815,0.11464033875,0.0,1323.0
0.9086384822707461,0.00056801225,0.0856500345,0.09252232175,0.0,1323.0
0.899062876821366,0.052683594,0.0778715035,0.09335629200000001,0.0,1323.0
0.89383786908073,0.0787479105,0.0633967245,0.065622039,0.0,1323.0
0.8956678093011615,0.031100465,0.088120769,0.0564032335,0.0,1323.0
0.9078837802964252,0.0,0.0959891795,0.0825317025,0.0,1323.0
0.9028400090468626,0.0,0.08522847033333332,0.10914731133333333,0.0,1323.0
0.8417470097642644,0.0,0.09991547633333332,0.13296116266666666,0.0,1323.0
0.7835613174888321,0.0,0.106158796,0.16335355899999998,0.0,1323.0
0.7797618473101249,0.0,0.103919394,0.1655968695,0.0,1323.0
0.8254456456444782,0.00085868225,0.0993207955,0.1620199625,0.0,1323.0
0.8525118034324993,0.086694802,0.095051282,0.112500006,0.0,1323.0
0.8525640058235514,0.10524136599999999,0.08287174333333333,0.08526636266666665,0.0,1323.0
0.8683856837854043,0.0038435625,0.089693572,0.0721870355,0.0,1323.0
0.8791439366669309,0.0,0.09261610249999999,0.0636221245,0.0,1323.0
0.8558287085150671,0.0,0.08840919274999999,0.04282374825,0.0,1323.0
0.7954923123668374,0.0,0.07579549099999999,0.068497952,0.0,1323.0
0.7848406586671234,0.0,0.07887652825,0.06276579925,0.0,1323.0
0.7922492039523277,0.0,0.07864816150000001,0.07173645049999999,0.0,1323.0
0.8407723496998352,0.0009238919999999999,0.07645599433333333,0.076288653,0.0,1323.0
0.8587424078133772,0.039637623999999996,0.059684377,0.08192042899999999,0.0,1323.0
0.8568189072595103,0.07445260349999999,0.048150186,0.098511423,0.0,1323.0
0.8635811101280386,0.0257867355,0.065193464,0.1314767725,0.0,1323.0
0.8845331562209132,0.0,0.06598270933333333,0.153978641,0.0,1323.0
0.8713691582834873,0.0,0.06639638933333332,0.2074306016666667,0.0,1323.0
0.8239688918062491,0.0,0.09225673100000001,0.30270022399999996,0.0,1323.0
0.8019238621952739,0.0,0.1088953235,0.34360144775,0.0,1323.0
0.8504791570760547,0.0,0.0988969855,0.35778779250000003,0.0,1323.0
0.9046795184777429,0.0010462225,0.09090706875,0.34133927399999997,0.0,1323.0
0.8998578804917294,0.064351777,0.063462189,0.3050920045,0.0,1323.0
0.8979845633102825,0.07763381850000001,0.0541468185,0.2981812975,0.0,1323.0
0.9069357534584704,0.020130827666666667,0.07549879566666666,0.29207706533333333,0.0,1323.0
0.9191759791460008,0.0,0.09078132750000001,0.246277724,0.0,1323.0
0.89530795687494,0.0,0.10363697350000001,0.18792232574999998,0.0,1323.0
0.8201851244863354,0.0,0.19820321725,0.22065909,0.0,1323.0
0.8554801619158364,0.0,0.20788612266666665,0.24524644866666667,0.0,1323.0
0.9279733634247163,0.0,0.1994754315,0.2692939475,0.0,1323.0
0.9134326577997942,0.003667855,0.1894943185,0.2904052815,0.0,1323.0
0.9073613513316902,0.07349388533333333,0.18734510066666665,0.324705474,0.0,1323.0
0.9045904413035373,0.054068438,0.193052819,0.353855884,0.0,1323.0
0.9106617634027534,0.0043854325,0.21462873,0.4651658295,0.0,1323.0
0.9129353286494473,0.0,0.268890566,0.5837720245,0.0,1323.0
0.8819820318717035,0.0,0.33400612525,0.69140803,0.0,1323.0
0.7884667355778202,0.0,0.4334514286666667,0.7885937526666668,0.0,1323.0
0.8077445478545391,0.0,0.58909873325,0.901940369,0.0,1323.0
0.8914231417626369,0.00050927175,0.74305011425,0.93500765575,0.0,1323.0
0.8910485252822079,0.010006596,0.7711539709999999,0.9334186984999999,0.0,1323.0
0.8898252944813809,0.0145761625,0.7808234279999999,0.9151540965,0.0,1323.0
0.8902176247631607,0.004490763,0.7406294606666667,0.899303189,0.0,1323.0
0.8909225266399277,0.0,0.689194651,0.911143793,0.0,1323.0
0.8713502239007047,0.0,0.7007726835000001,0.9284630195,0.0,1323.0
0.8136674706775048,0.0,0.7429462223333334,0.9045273453333333,0.0,1323.0
0.7571333103206268,0.0,0.846685462,0.93404861,0.0,1323.0
0.8079360342909883,0.0,0.8712153425,0.935522941,0.0,1323.0
0.8711014653825482,0.0,0.8489240875,0.9344761185,0.0,1323.0
0.8619044743310069,0.009167558333333334,0.8244937676666666,0.9127484023333333,0.0,1323.0
0.8595407915553971,0.0401866975,0.7873738345,0.931419723,0.0,1323.0
0.8588742277943846,0.0477193255,0.8316719625,0.9368786505,0.0,1323.0
0.8679690518138143,0.0092394175,0.8221836155,0.9366453115,0.0,1323.0
0.8697353827871159,0.0,0.801773139,0.923839562,0.0,1323.0
0.8105302846176584,0.0,0.7531535816666667,0.9168384866666667,0.0,1323.0
0.759691722571594,0.0,0.67225209875,0.85486042125,0.0,1323.0
0.811155318077226,0.0,0.6071477734999999,0.7783023855,0.0,1323.0
0.8715328378053664,0.0,0.5239825570000001,0.7137421455,0.0,1323.0
0.8650933464341728,0.030986150333333334,0.435738059,0.6815168213333335,0.0,1323.0
0.8655972322107547,0.141205399,0.3462588395,0.6360056205,0.0,1323.0
0.8651847784353994,0.083311074,0.32981533350000003,0.590287267,0.0,1323.0
0.874085910155856,0.004633953,0.3170216255,0.5261995749999999,0.0,1323.0
0.8790571833701448,0.0,0.289773924,0.46781378799999995,0.0,1323.0
0.8688590241808032,0.0,0.25687563999999996,0.41673611,0.0,1323.0
0.8330312775168338,0.0,0.218099444,0.3653310485,0.0,1323.0
0.7667271654058767,0.0,0.187899447,0.304141104,0.0,1323.0
0.7540374551092361,0.0,0.1599066585,0.237224267,0.0,1323.0
0.7575674877464916,0.0,0.10367483,0.19780074825,0.0,1323.0
0.8053907781217381,0.0,0.07287632499999999,0.170974054,0.0,1323.0
0.8317905364317337,0.0279485505,0.06559576850000001,0.1911701075,0.0,1323.0
0.8336347009640759,0.07842149949999999,0.0578714385,0.208206855,0.0,1323.0
0.8347167228001677,0.053357927,0.070829286,0.2617447345,0.0,1323.0
0.8539574568287585,0.0055093445,0.0931318865,0.3024484065,0.0,1323.0
0.8641097981026366,0.0,0.098237831,0.28938738750000004,0.0,1323.0
0.8385537954944993,0.0,0.08519232775,0.2092592535,0.0,1323.0
0.7740363178687254,0.0,0.067607083,0.16042676933333333,0.0,1323.0
0.7693723547129203,0.0,0.065427681,0.288193129,0.0,1323.0
0.8158548184619316,0.0016632995,0.08680209475,0.44250780125,0.0,1323.0
0.8443918271550501,0.037355473,0.1040236765,0.5011172435,0.0,1323.0
0.8427348298702926,0.049226892,0.1249337305,0.504484232,0.0,1323.0
0.8545299128547938,0.011475823000000001,0.162332742,0.523226731,0.0,1323.0
0.8686134112676235,0.0,0.1793807295,0.4944028655,0.0,1323.0
0.8412074463913961,0.0,0.17065426350000001,0.45307402325,0.0,1323.0
0.7805373846709647,0.0,0.171176101,0.348703156,0.0,1323.0
0.8003069554302358,0.0,0.17143455375,0.27385091275,0.0,1323.0
0.8876676348679557,0.0,0.156558372,0.22531523650000002,0.0,1323.0
0.8832760784354287,0.012306409666666665,0.16547364433333334,0.22965535733333334,0.0,1323.0
0.883569387081659,0.049533065,0.13904011300000002,0.1901083375,0.0,1323.0
0.8870810409700594,0.02371461875,0.15183374025000002,0.22881472575,0.0,1323.0
0.897009668674966,0.0,0.20125248299999998,0.3675946875,0.0,1323.0
0.8720233600753753,0.0,0.18681111675,0.367646927,0.0,1323.0
0.7860721475928293,0.0,0.209892165,0.36999071533333333,0.0,1323.0
0.8068506322269287,0.0,0.2017919,0.47251611024999995,0.0,1323.0
0.8919976945460344,0.0,0.184197935,0.46512372199999996,0.0,1323.0
0.8882966277923975,0.013584004666666665,0.14880736266666666,0.4678728996666666,0.0,1323.0
0.8901112328498932,0.06004446349999999,0.1056931425,0.441627888,0.0,1323.0
0.8907207593085006,0.062108243,0.09194659699999999,0.4116783015,0.0,1323.0
0.8985949347868039,0.011790307,0.1035466645,0.369707483,0.0,1323.0
0.9054766112462236,0.0,0.0981613325,0.31799781299999996,0.0,1323.0
0.8931639503604893,0.0,0.078977877,0.207293256,0.0,1323.0
0.8280572813628364,0.0,0.0598669455,0.10277273,0.0,1323.0
0.7914132647443307,0.0,0.05231020425,0.061998608999999996,0.0,1323.0
0.845349305605388,0.0,0.0437144005,0.0718336785,0.0,1323.0
0.9054483039276552,0.0,0.0424491005,0.15758881349999998,0.0,1323.0
0.8976697384383986,0.04791536700000001,0.05193679166666667,0.3538939216666666,0.0,1323.0
0.8938868319759259,0.192974522,0.053854121000000005,0.454815535,0.0,1323.0
0.8968365375407037,0.09687992249999999,0.11229216275000001,0.579284484,0.0,1323.0
0.9060637451990392,0.0,0.1945588295,0.717240323,0.0,1323.0
0.8811896804884227,0.0,0.25890844625,0.79553164675,0.0,1323.0
0.8120486703595602,0.0,0.33943067475,0.85789185925,0.0,1340.0
0.8429743871864801,0.0,0.39936380999999993,0.884679911,0.0,1357.0
0.945800741998507,0.0,0.45337541800000003,0.8934060325,0.0,1357.0
0.9585979943456353,0.01709039633333333,0.47758208133333335,0.8810684843333334,0.0,1357.0
0.9591541289897756,0.065958471,0.5063789905,0.8794675574999999,0.0,1357.0
0.9570021972410279,0.0421996295,0.5680377075,0.8501357435,0.0,1357.0
0.9649149137269192,0.0085698885,0.5830655505,0.8299666685,0.0,1357.0
0.9709572707503743,0.0,0.5517478014999999,0.8069495425,0.0,1357.0
0.9245952664464876,0.0,0.5089198500000001,0.7433885732500001,0.0,1357.0
0.8161054664689055,0.0,0.46160796000000004,0.671289563,0.0,1357.0
0.8094270829374429,0.0,0.42895173899999994,0.60099651725,0.0,1357.0
0.9011520915468563,0.0,0.3942838405,0.5575288515,0.0,1357.0
0.9468044291421083,0.002862927,0.36642174099999997,0.558347785,0.0,1357.0
0.9481935460567904,0.036508713,0.335050064,0.53438498,0.0,1357.0
0.9465160810813715,0.07012259600000001,0.29066054900000005,0.5130036675,0.0,1357.0
0.9442473508502381,0.0757717415,0.2781043385,0.529882453,0.0,1357.0
0.9589457897136238,0.014263779,0.31610327299999996,0.542148683,0.0,1357.0
0.9669149807818886,0.0,0.32302034199999996,0.5486439105,0.0,1357.0
0.9493008709117265,0.0,0.306265662,0.558305771,0.0,1357.0
0.8945010527700858,0.0,0.2961120145,0.550630317,0.0,1357.0
0.8034239478128141,0.0,0.32478425025,0.54905367925,0.0,1357.0
0.8047066570268057,0.0,0.348257109,0.580119907,0.0,1357.0
0.8738845654896972,0.0,0.364147243,0.6260151565000001,0.0,1357.0
0.8991303356987568,0.037755754,0.3449627985,0.6485489790000001,0.0,1357.0
0.9018782745573521,0.11039993050000001,0.3248499595,0.6037027524999999,0.0,1357.0
0.921599578370637,0.018362439,0.365000893,0.6753751895,0.0,1357.0
0.9335470119680845,0.0,0.3633366196666667,0.7501598416666666,0.0,1357.0
0.8943837856669629,0.0,0.3026150136666667,0.7257908386666667,0.0,1357.0
0.8269331502489115,0.0,0.3252364015,0.72567477575,0.0,1357.0
0.8280102900197958,0.0,0.28905589825,0.6546561735,0.0,1357.0
0.8889930171739897,0.0,0.28377248600000005,0.629695691,0.0,1357.0
0.9083132279041132,0.0765585205,0.282238759,0.588429,0.0,1357.0
0.9050654251540509,0.15771817249999998,0.281897115,0.5678327295,0.0,1357.0
0.9028465503546078,0.14089538350000003,0.309345408,0.516039821,0.0,1357.0
0.921599578370637,0.0406371695,0.360926089,0.533861743,0.0,1357.0
0.93569102614178,0.0,0.36647952,0.484656874,0.0,1357.0
0.9040102084866651,0.0,0.35157134300000004,0.428913437,0.0,1357.0
0.8369240026491518,0.0,0.3801073316666667,0.408370208,0.0,1357.0
0.82558561052901,0.0,0.37534246400000004,0.42547999999999997,0.0,1357.0
0.9076325023556384,0.0,0.3680451976666667,0.404426582,0.0,1357.0
0.9818999528297017,0.028696824,0.34370280933333336,0.364782401,0.0,1357.0
0.9736823944379096,0.263696832,0.30623754950000004,0.3627758525,0.0,1357.0
0.969284077757862,0.3501628785,0.30276230000000004,0.3520260595,0.0,1357.0
0.9782181019230705,0.15028384733333333,0.34338056433333336,0.322945456,0.0,1357.0
0.9933222970471536,0.0,0.409987318,0.3525983155,0.0,1357.0
0.9456079411418506,0.0,0.42494585500000004,0.42225704875,0.0,1357.0
0.8416658115562645,0.0,0.4928878990000001,0.5493056955,0.0,1357.0
0.8718993483037399,0.0,0.4975800716666667,0.657891731,0.0,1357.0
0.9710203172774726,0.0,0.4810038335,0.6978109809999999,0.0,1357.0
0.9765272263914314,0.04434333633333334,0.44052322,0.6833476966666666,0.0,1357.0
0.9730292568642296,0.084357142,0.3163757065,0.5312982115,0.0,1357.0
0.9725629579721597,0.0724899705,0.292276069,0.46224580299999996,0.0,1357.0
0.9842839469848529,0.017315749,0.2758481705,0.3738445495,0.0,1357.0
0.9926738066030678,0.0,0.2873885945,0.30041280150000005,0.0,1357.0
0.9428029180875143,0.0,0.307388341,0.24474884875000003,0.0,1357.0
0.834230707448679,0.0,0.31655776899999993,0.26917115,0.0,1357.0
0.8578690539757221,0.0,0.297024463,0.3257547405,0.0,1357.0
0.9726857960035957,0.00042768533333333334,0.26152842066666665,0.331978116,0.0,1357.0
0.973481613117027,0.0559175905,0.219752949,0.30348126799999997,0.0,1357.0
0.9681182600313722,0.134686485,0.1417366125,0.3017746655,0.0,1357.0
0.965821880238863,0.10966485449999999,0.1355839825,0.310326115,0.0,1357.0
0.9790766839951695,0.026199352000000002,0.17224033049999998,0.3167387,0.0,1357.0
0.9895174986913025,0.0,0.19267862949999998,0.3108852555,0.0,1357.0
0.9414754238619393,0.0,0.169971276,0.28889029975,0.0,1357.0
0.8316101759081764,0.0,0.167368727,0.2742572115,0.0,1357.0
0.8308054310851324,0.0,0.18333739,0.35822212325,0.0,1357.0
0.9239493346591234,0.0,0.21827065550000002,0.4080501045,0.0,1357.0
0.9689246243939296,0.0010322445,0.2572359865,0.45093298000000004,0.0,1357.0
0.9574207065091678,0.09814516400000001,0.2760079105,0.5024254935,0.0,1357.0
0.9481097265634137,0.14637743175,0.31228052975,0.57072348875,0.0,1357.0
0.9631603661110797,0.032827584,0.37199638,0.58762694,0.0,1357.0
0.9754097614257329,0.0,0.420514336,0.657697571,0.0,1357.0
0.9610803996893094,0.0,0.425786236,0.6745976065,0.0,1357.0
0.90288391809093,0.0,0.3901763875,0.6373204219999999,0.0,1357.0
0.8213018852183349,0.0,0.36925301050000003,0.630531669,0.0,1357.0
0.8201428743721835,0.0,0.34437962275,0.6431987805,0.0,1357.0
0.9167627542903922,0.0,0.31694857649999997,0.6601710425,0.0,1357.0
0.9681874092572136,0.000939991,0.3108003065,0.6628384254999999,0.0,1357.0
0.9634218464786622,0.051189231,0.29449865399999997,0.6826157420000001,0.0,1357.0
0.9621400288632985,0.10796068825,0.23318823425000001,0.63536367975,0.0,1357.0
0.9752564411628061,0.028484915,0.27988266149999996,0.618055465,0.0,1357.0
0.9847345194151501,0.0,0.304526395,0.643978361,0.0,1357.0
0.9666691330894068,0.0,0.29717348099999996,0.645275607,0.0,1357.0
0.9053995754991391,0.0,0.293025359,0.62801873,0.0,1357.0
0.8117376010707466,0.0,0.27504772233333336,0.5931780156666666,0.0,1357.0
0.8052373637595172,0.0,0.24974425833333336,0.565763921,0.0,1357.0
0.8435316411224463,0.000590508,0.22584700950000003,0.5908249275,0.0,1357.0
0.8969638038661663,0.0562666795,0.219004409,0.638864161,0.0,1357.0
0.896248417889966,0.1048960005,0.167359959,0.626668199,0.0,1357.0
0.8969200048651274,0.09294514400000001,0.1511326525,0.5729968225,0.0,1357.0
0.9178898893914192,0.0316702425,0.1519412825,0.5398632784999999,0.0,1357.0
0.9275354032176463,0.0,0.15569491933333332,0.536464545,0.0,1357.0
0.8880116436511684,0.0,0.14611908,0.5332847266666666,0.0,1357.0
0.810504785740981,0.0,0.115914223,0.44514636125,0.0,1357.0
0.8098071448283557,0.0,0.12058644800000001,0.3753797585,0.0,1357.0
0.8741483933376782,0.001093469,0.1323351955,0.3544839055,0.0,1357.0
0.8952701900763289,0.0637092765,0.1076029785,0.37341264900000004,0.0,1357.0
0.8948116134225153,0.1270630395,0.0752640665,0.29006849900000004,0.0,1357.0
0.9141194075788298,0.026823303,0.1354996235,0.341318321,0.0,1357.0
0.9226730878157617,0.0,0.19671808300000002,0.42824122533333336,0.0,1357.0
0.8684073719532898,0.0,0.20375136800000002,0.5040571915000001,0.0,1357.0
0.8095430356203588,0.0,0.21784763725,0.557893571,0.0,1357.0
0.8630040222908987,0.0,0.247445939,0.6208323659999999,0.0,1357.0
0.9530405886117723,0.0010514699999999999,0.267175132,0.6458524256666667,0.0,1357.0
0.9592808788632983,0.0514713665,0.2913542355,0.655809598,0.0,1357.0
0.9581602219203241,0.0950293895,0.261292307,0.644356744,0.0,1357.0
0.9541976434326733,0.066139241,0.30249374149999997,0.670018905,0.0,1357.0
0.9646167696482986,0.017895868000000002,0.3296955615,0.7177137695,0.0,1357.0
0.9697316930943931,0.0,0.3834011635,0.765513334,0.0,1357.0
0.9513252549749958,0.0,0.4024155545,0.797772748,0.0,1357.0
0.8935222144052143,0.0,0.39428810599999997,0.801585512,0.0,1357.0
0.8119446886074504,0.0,0.379388401,0.7701931785,0.0,1357.0
0.8048699765120721,0.0,0.4177329915,0.8068957704999999,0.0,1357.0
0.8980489241012769,0.0,0.443665865,0.8180523675,0.0,1357.0
0.9449268712399788,0.001833646,0.4543398535,0.8380319525,0.0,1357.0
0.9428832868566082,0.0677019745,0.457852907,0.8395147725000001,0.0,1357.0
0.9391634109253959,0.11788771375,0.44929231100000006,0.8376163459999999,0.0,1357.0
0.9523239976852524,0.037266505,0.4409670145,0.8525268275,0.0,1357.0
0.9607693927686327,0.0,0.46599240799999997,0.8414936695,0.0,1357.0
0.9446146441547001,0.0,0.450151353,0.8092374515,0.0,1357.0
0.8635725349000012,0.0,0.406089827,0.7546617583333334,0.0,1357.0
0.7971342872151065,0.0,0.40517069075,0.6794538259999999,0.0,1357.0
0.8729205461484436,0.0,0.38132448466666663,0.6368843346666667,0.0,1357.0
0.9474039407472639,0.002494523,0.355217805,0.5761889010000001,0.0,1357.0
0.9446356282973014,0.07299267549999999,0.341170561,0.5560911795000001,0.0,1357.0
0.9375699295700296,0.17271345049999998,0.332141692,0.5947030395,0.0,1357.0
0.953703224795379,0.065854335,0.2995246465,0.604222715,0.0,1357.0
0.9645615161683937,0.0,0.3202817475,0.6118436945,0.0,1357.0
0.9209306207048232,0.0,0.3359597685,0.63645328925,0.0,1357.0
0.8052921478371289,0.0,0.357481112,0.62185806075,0.0,1357.0
0.8392336682616076,0.0,0.34357926033333336,0.639529715,0.0,1357.0
0.9405285548725532,0.0,0.3560091095,0.6578037075,0.0,1357.0
0.9513959065591141,0.077001489,0.36711014366666667,0.699162717,0.0,1357.0
0.9518027266732936,0.19077996275,0.3196919545,0.6986067395,0.0,1357.0
0.9706549487881411,0.062579755,0.2543368425,0.6912286089999999,0.0,1357.0
0.9804184495823021,0.0,0.267932474,0.7154792754999999,0.0,1357.0
0.9654650554027228,0.0,0.25390908349999997,0.7233715755,0.0,1357.0
0.9053747889322352,0.0,0.22298057300000002,0.6864490809999999,0.0,1357.0
0.8253258201972558,0.0,0.19670508250000002,0.6218544145,0.0,1357.0
0.8226253422403053,0.0,0.15726315525,0.535516616,0.0,1357.0
0.9198748874291863,0.0,0.129124611,0.4588673445,0.0,1357.0
0.9727366990324118,0.0030922735,0.118307995,0.446248716,0.0,1357.0
0.9654611591917481,0.065265922,0.08441948499999999,0.3939840265,0.0,1357.0
0.9619123015373905,0.1277356615,0.0569147085,0.30769662,0.0,1357.0
0.9590385519224809,0.087475894,0.0433648125,0.216890503,0.0,1357.0
0.9711776750566263,0.031499921,0.046791927,0.1548733565,0.0,1357.0
0.9794891377705247,0.0,0.0642284535,0.15757442500000002,0.0,1357.0
0.961889721458255,0.0,0.061045024999999996,0.1386375445,0.0,1357.0
0.8748399783406894,0.0,0.04151396433333333,0.09282592966666665,0.0,1357.0
0.8062981902766848,0.0,0.02169048975,0.087174548,0.0,1357.0
0.8242590551080211,0.0,0.0271488205,0.09323491975,0.0,1357.0
0.8931252056274085,0.057755642333333336,0.016886743666666666,0.07920547033333333,0.0,1357.0
0.8951548712350041,0.19531945225,0.00795245975,0.07463731400000001,0.0,1357.0
0.915263396144804,0.0720220025,0.022165058,0.087945069,0.0,1357.0
0.9274104685330552,0.0,0.04155604533333333,0.10235329633333334,0.0,1357.0
0.8900042780081794,0.0,0.035005843,0.06539747333333333,0.0,1357.0
0.8155334018459145,0.0,0.0240108375,0.0535473125,0.0,1357.0
0.8151374726569101,0.0,0.033307524,0.0642193805,0.0,1357.0
0.8787010631845329,0.0056786125,0.0398140525,0.070068213,0.0,1357.0
0.9014512679041126,0.0899134045,0.0185909265,0.0410432695,0.0,1357.0
0.8997094891873462,0.17006034575,0.012869410250000001,0.02811527625,0.0,1357.0
0.9194161936983439,0.0603344485,0.037812485,0.050951421999999996,0.0,1357.0
0.9314128245534598,0.0,0.06258248166666666,0.085766689,0.0,1357.0
0.8927616365916893,0.0,0.05740758766666667,0.071416176,0.0,1357.0
0.8478646344476232,0.0,0.08040523150000001,0.0801712275,0.0,1357.0
0.8494892870538966,0.0,0.09382157199999999,0.10479319925000001,0.0,1357.0
0.9451389663597194,0.0,0.117903466,0.1484363525,0.0,1357.0
0.9919932067287334,0.0084992775,0.1170654655,0.159447047,0.0,1357.0
0.9794143081985864,0.1397720985,0.078876707,0.131266663,0.0,1357.0
0.9708897648233363,0.30272396,0.0896093645,0.17565462599999998,0.0,1357.0
0.9829432611949367,0.14002992949999998,0.1700846405,0.251440787,0.0,1357.0
0.994548344574361,0.0,0.21271067500000002,0.3079534945,0.0,1357.0
0.9804169471198175,0.0,0.17924011750000002,0.2860350145,0.0,1357.0
0.9168660318609069,0.0,0.146434435,0.2298976665,0.0,1357.0
0.8516183572071818,0.0,0.17619454,0.225143651,0.0,1357.0
0.8531221747527097,0.0,0.1478858415,0.20990579524999997,0.0,1357.0
0.9460971957286771,0.0,0.1074975625,0.168725393,0.0,1357.0
0.9930620371567952,0.009932533,0.077584813,0.116431033,0.0,1357.0
0.9816249682234344,0.10880472249999999,0.0400225455,0.07785199749999999,0.0,1357.0
0.976085432810457,0.2153720155,0.037974121,0.075803535,0.0,1357.0
0.9705528448015146,0.2289487745,0.029917365,0.045945378,0.0,1357.0
0.9834012981064533,0.1034891515,0.053379367,0.046796285,0.0,1357.0
0.9965353142163872,0.0,0.07325312033333334,0.06115351900000001,0.0,1357.0
0.934290235912664,0.0,0.053082251,0.058638291,0.0,1357.0
0.8518609661332596,0.0,0.07375470849999999,0.064619205,0.0,1357.0
0.8526970460212644,0.0,0.08619065725,0.0612274965,0.0,1357.0
0.9460971957286771,0.0,0.1082373765,0.0707065865,0.0,1357.0
0.9930620371567952,0.017640099,0.120849936,0.07972359500000001,0.0,1357.0
0.981446250529747,0.1607627335,0.096460799,0.0648692055,0.0,1357.0
0.9782790983777279,0.29752980100000004,0.0900745335,0.056032273,0.0,1357.0
0.9728142984373946,0.3368998675,0.10665991999999999,0.064111714,0.0,1357.0
0.9859604728430635,0.1712456615,0.160700816,0.084540826,0.0,1357.0
0.9992894493519825,0.00064176,0.181523556,0.11114515550000001,0.0,1357.0
0.9488524108699037,0.0,0.17246174524999996,0.15493152799999999,0.0,1357.0
0.8518609661332596,0.0,0.2006680645,0.170942497,0.0,1357.0
0.8526970460212644,0.0,0.19949198975000001,0.18029501625,0.0,1357.0
0.9460971957286771,0.0,0.19104009649999998,0.1870213565,0.0,1357.0
0.9930620371567952,0.03338908,0.183083216,0.1677263595,0.0,1357.0
0.9814175674392464,0.2575946485,0.13982463950000001,0.14693641200000002,0.0,1357.0
0.97297168716615,0.44498687,0.12812959833333334,0.092575577,0.0,1357.0
0.9704039372015024,0.351748,0.110084621,0.063161793,0.0,1357.0
0.9943433850572436,0.07377713150000001,0.127223692,0.05271798,0.0,1357.0
0.9962160920000784,0.0,0.1099838265,0.043519903,0.0,1357.0
0.9520846750441596,0.0,0.0810487885,0.051586347500000004,0.0,1357.0
0.8764418157237992,0.0,0.08465679749999999,0.066809983,0.0,1357.0
0.8459984764717786,0.0,0.12344332025,0.117723234,0.0,1357.0
0.9227579320327367,0.0,0.14132734266666666,0.21501604499999996,0.0,1357.0
0.9930620371567952,0.0280558855,0.148957952,0.273718986,0.0,1357.0
0.9812212459872365,0.2420536135,0.10779619400000001,0.2905465585,0.0,1357.0
0.9735365852369161,0.3914483955,0.07780227649999999,0.29844253249999997,0.0,1357.0
0.9721228071168481,0.372045874,0.0991354625,0.29167272099999997,0.0,1357.0
0.9890274301924746,0.12760014166666667,0.21629442966666668,0.3718180793333333,0.0,1357.0
0.9961233301038435,0.0,0.26898824450000003,0.47546817750000003,0.0,1357.0
0.952370191060026,0.0,0.23769781,0.42101712300000005,0.0,1357.0
0.869015865820639,0.0,0.22089268,0.36151170499999996,0.0,1357.0
0.8302323099552821,0.0,0.21529103049999998,0.317208965,0.0,1357.0
0.830169432931962,0.0,0.21132737219999997,0.3129721306,0.0,1357.0
0.8901508070739839,0.0701790515,0.196072053,0.28003965249999996,0.0,1357.0
0.9084462683623449,0.383471074,0.1273944685,0.2497013065,0.0,1357.0
0.9081816895957437,0.534483638,0.12352480299999999,0.23924881850000002,0.0,1357.0
0.9087056832347891,0.5048942240000001,0.1470611725,0.288610861,0.0,1357.0
0.9269290378909203,0.272498503,0.257588283,0.421054574,0.0,1357.0
0.9391700771257261,0.003367611,0.350948465,0.536245753,0.0,1357.0
0.9352525653222967,0.0,0.35322531700000004,0.578943342,0.0,1357.0
0.8950590340737965,0.0,0.3293692143333333,0.5667495213333332,0.0,1357.0
0.8361629867476614,0.0,0.3693268255,0.6029724795,0.0,1357.0
0.8282690710506486,0.0,0.39816190949999997,0.58005501425,0.0,1357.0
0.8613233416831212,0.02651547625,0.44189956675,0.6868780400000001,0.0,1357.0
0.9079048585383209,0.2607611365,0.39316334799999997,0.720619392,0.0,1357.0
0.9018789320019225,0.362101894,0.29999677999999996,0.6915137929999999,0.0,1357.0
0.9001587475100585,0.2998952735,0.3244086275,0.7372452065,0.0,1357.0
0.9187793456190902,0.12590036300000002,0.39255608399999997,0.8121788985,0.0,1357.0
0.93183078673268,0.002947768,0.436994969,0.845365422,0.0,1357.0
0.9290974945386412,0.0,0.4194113435,0.844672157,0.0,1357.0
0.8772432744181697,0.0,0.36291702550000005,0.81276514625,0.0,1357.0
0.8274698657373827,0.0,0.33709465650000003,0.75979704625,0.0,1357.0
0.9090009009608303,0.0,0.35929838900000005,0.750030385,0.0,1357.0
0.9831652145443868,0.0483231525,0.3612001435,0.766885262,0.0,1357.0
0.9733929350051106,0.214409589,0.396088976,0.753333961,0.0,1357.0
0.9734166889807564,0.3297940925,0.403789926,0.7279513395,0.0,1357.0
0.9724390248250177,0.383370798,0.438561352,0.7508703640000001,0.0,1357.0
0.9761452396332845,0.2623510235,0.4636102055,0.825748955,0.0,1357.0
0.9970384172910881,0.068160138,0.48288076550000003,0.858880719,0.0,1357.0
0.9868981565742149,0.0,0.5253510306666667,0.8837285896666666,0.0,1357.0
0.91714225299234,0.0,0.4895199005,0.8859009025,0.0,1357.0
0.8494804457322295,0.0,0.44364142233333337,0.8920873886666666,0.0,1357.0
0.8729050229432306,0.0,0.38155410474999996,0.84258402825,0.0,1357.0
0.9844139516727214,0.07155518633333334,0.34668991233333335,0.7818599983333333,0.0,1357.0
0.981433951032967,0.479585512,0.271671173,0.689399297,0.0,1357.0
0.9802984595394704,0.675197813,0.20566793700000002,0.614205298,0.0,1357.0
0.9798291560350539,0.662385247,0.19241433400000002,0.576840798,0.0,1357.0
0.9908118504264372,0.38525000600000003,0.229741231,0.6174084049999999,0.0,1357.0
0.9986407713345529,0.0042064355,0.2984011865,0.6540734685,0.0,1357.0
0.9804332369268662,0.0,0.291818372,0.6293935745,0.0,1357.0
0.8958537404404098,0.0,0.24552902833333334,0.5649823756666666,0.0,1357.0
0.8459751684517577,0.0,0.18220883075,0.45680598625,0.0,1357.0
0.9005780076968184,0.0,0.16008358550000001,0.4068199815,0.0,1357.0
0.9844139516727214,0.07846837366666666,0.15880245166666665,0.38808191133333336,0.0,1357.0
0.981433951032967,0.47214488,0.10458167,0.35976750550000003,0.0,1357.0
0.9801260325868032,0.66290670825,0.08485730775,0.31438820325,0.0,1357.0
0.9910178425348126,0.3708184705,0.147292069,0.38683787000000003,0.0,1357.0
0.9992179060650288,0.0054788755,0.21125178249999998,0.4664975805,0.0,1357.0
0.9804332369268662,0.0,0.21634534700000002,0.4688969595,0.0,1357.0
0.89306029712225,0.0,0.20645239866666665,0.42919040499999994,0.0,1357.0
0.836923908654065,0.0,0.19833513149999998,0.41495891,0.0,2133.0
0.8624803337711594,0.0,0.1871129655,0.31790402599999995,0.0,2909.0
0.9785407353690524,0.07225722266666666,0.16133480366666667,0.22759022966666664,0.0,2909.0
0.9790532120047839,0.40811681450000004,0.081915173,0.18771868,0.0,2909.0
0.9718925680275545,0.5921471925,0.0347969005,0.105599049,0.0,2909.0
0.9820346518531228,0.3517448525,0.0379423075,0.118134403,0.0,2909.0
0.9947887312773509,0.004858471333333334,0.04296543333333333,0.14385477366666669,0.0,2909.0
0.9292842080671481,0.0,0.027163738333333336,0.15146884233333333,0.0,2909.0
0.8429121388881673,0.0,0.028682705000000003,0.19267387149999998,0.0,2909.0
0.8420480330416098,0.0,0.031677386,0.197770575,0.0,2909.0
0.9383625391792807,0.0,0.028963607,0.1985954875,0.0,2909.0
0.9873997890738999,0.0711614595,0.0267054445,0.190517501,0.0,2909.0
0.9786443258744292,0.2818149085,0.0203483165,0.187361205,0.0,2909.0
0.9661605839268739,0.434895754,0.011733361250000001,0.16539607174999998,0.0,2909.0
0.9767316223548579,0.2409563945,0.0258649565,0.1923966545,0.0,2909.0
0.9918738581867378,0.004887494333333333,0.07343637966666666,0.240901107,0.0,2909.0
0.9476971557110296,0.0,0.084587317,0.2268635705,0.0,2909.0
0.8620620824163673,0.0,0.0742204235,0.148856927,0.0,2909.0
0.8179434343595215,0.0,0.06502166375,0.08677725674999999,0.0,2909.0
0.8224382059944264,0.0,0.07377738733333333,0.11761028566666666,0.0,2909.0
0.8890185700822109,0.11937332333333334,0.06648167566666667,0.11527531533333334,0.0,2909.0
0.9011180097828966,0.3977018295,0.0269012915,0.079844253,0.0,2909.0
0.8954632255559762,0.4383832825,0.0258404855,0.0504319285,0.0,2909.0
0.9079577962168809,0.256271434,0.04596321166666667,0.046999145,0.0,2909.0
0.9313431748194125,0.006171884,0.117346986,0.09637748700000001,0.0,2909.0
0.8995231199080289,0.0,0.11898415725,0.11272932249999999,0.0,2909.0
0.8237105878890377,0.0,0.09646521366666666,0.087956631,0.0,2909.0
0.816460084504655,0.0,0.105998236,0.11278878975000001,0.0,2909.0
0.8513898316003846,0.0040391175,0.11449773099999999,0.136844843,0.0,2909.0
0.8985152698866827,0.15287604300000002,0.0863346465,0.131779653,0.0,2909.0
0.9002683156652822,0.3190065635,0.040943840999999995,0.09649846549999999,0.0,2909.0
0.8932357126914259,0.339774343,0.033929977,0.088722636,0.0,2909.0
0.8975297188970786,0.2229868765,0.05706006,0.1328157365,0.0,2909.0
0.925919638826376,0.04965359799999999,0.131100568,0.2000221995,0.0,2909.0
0.9293086036478375,0.0,0.1689252475,0.2121379785,0.0,2909.0
0.8895879120781155,0.0,0.15165795,0.168232057,0.0,2909.0
0.8429035011356819,0.0,0.143472922,0.1362757265,0.0,2909.0
0.8421436118205363,0.0,0.12376410625,0.115260222,0.0,2909.0
0.9383625391792807,0.0,0.140337795,0.159104073,0.0,2909.0
0.986999447221981,0.07820779,0.1331728915,0.206374872,0.0,2909.0
0.9730620709450069,0.3029732125,0.0727897085,0.2311036735,0.0,2909.0
0.9631612108163716,0.4197619425,0.039083792,0.1920110975,0.0,2909.0
0.9597040361988993,0.359713877,0.052729279,0.234591885,0.0,2909.0
0.9740207701851911,0.15726361900000002,0.093574954,0.32451465300000004,0.0,2909.0
0.9841805754192515,0.003749713333333333,0.19245413233333333,0.45809125733333333,0.0,2909.0
0.9393088448233906,0.0,0.214894089,0.5215947455000001,0.0,2909.0
0.8568428019151642,0.0,0.22659925,0.5157945685,0.0,2909.0
0.8155128403685812,0.0,0.24479923850000002,0.46834012049999996,0.0,2909.0
0.8395439706359632,0.0,0.24090926950000002,0.50691573,0.0,2909.0
0.961605848584881,0.03755516766666667,0.277654718,0.60615933,0.0,2909.0
0.9636020663222118,0.201681057,0.206268365,0.58499715,0.0,2909.0
0.957693187428124,0.3767990136666666,0.16708882566666663,0.48625493066666664,0.0,2909.0
0.965998156457065,0.22597908566666666,0.23439754066666665,0.5237730513333333,0.0,2909.0
0.981974281372397,0.012160889,0.3307144705,0.621674947,0.0,2909.0
0.9661357501540118,0.0,0.3265205875,0.6213253489999999,0.0,2909.0
0.9055649607921661,0.0,0.2956452715,0.535649209,0.0,2909.0
0.828204890017442,0.0,0.27575718600000004,0.4530914466666667,0.0,2909.0
0.8572026072917386,0.0,0.3077918435,0.50222444425,0.0,2909.0
0.9769703817548822,0.10489133266666667,0.32366335933333334,0.5671262456666667,0.0,2909.0
0.9709869398514193,0.517054492,0.168829361,0.45735117049999996,0.0,2909.0
0.961215364650049,0.637674916,0.1066118415,0.307798412,0.0,2909.0
0.956543033638959,0.5394956715,0.1388789255,0.35008166949999997,0.0,2909.0
0.9690690724376911,0.29982077549999997,0.2536901655,0.418915205,0.0,2909.0
0.9811714379699191,0.016626042333333334,0.3740966753333333,0.5302234096666667,0.0,2909.0
0.9395584014661253,0.0,0.3537199165,0.5553406695,0.0,2909.0
0.8617031458169973,0.0,0.3307275355,0.4575367965,0.0,2909.0
0.8234868820835186,0.0,0.286501663,0.38091088133333334,0.0,2909.0
0.8588149056402363,0.0,0.2739019833333333,0.434831567,0.0,2909.0
0.964444170701296,0.059782845,0.300579602,0.50963079,0.0,2909.0
0.9628555087824819,0.312531191,0.1678496175,0.44714803049999996,0.0,2909.0
0.9568561526354877,0.3963601665,0.1285461905,0.388235733,0.0,2909.0
0.9520519078567182,0.324833579,0.151346902,0.443242093,0.0,2909.0
0.9648415394115071,0.137058752,0.260530507,0.5443621224999999,0.0,2909.0
0.9706023398839699,0.003979077333333333,0.37739638999999997,0.611679899,0.0,2909.0
0.924051767211724,0.0,0.36641207600000003,0.5696813545,0.0,2909.0
0.843463125581885,0.0,0.33820982499999996,0.4847384345,0.0,2909.0
0.7958235285958942,0.0,0.35975040425,0.51232748975,0.0,2909.0
0.8458739563763813,0.0,0.3806341775,0.544901548,0.0,2909.0
0.9315675221257677,0.012755252333333333,0.3926065166666666,0.582468644,0.0,2909.0
0.9420626043954686,0.076465163,0.301346545,0.5809108805000001,0.0,2909.0
0.9391279835832124,0.12342386,0.23673665766666666,0.48756154566666665,0.0,2909.0
0.9411486904794899,0.082454228,0.28820714150000004,0.4439487155,0.0,2909.0
0.9574776503375233,0.022372502500000002,0.31889779549999997,0.47774412850000003,0.0,2909.0
0.9539880833666751,0.0,0.3449014995,0.5534232729999999,0.0,2909.0
0.9125358787087785,0.0,0.314725865,0.580313481,0.0,2909.0
0.8291487859693278,0.0,0.26219146,0.510741658,0.0,2909.0
0.7805673899451249,0.0,0.2525766195,0.48560936450000003,0.0,2909.0
0.7763159508525752,0.0,0.25341728475,0.50800991875,0.0,2909.0
0.8175065699455056,0.0047862635,0.24571687650000001,0.475227772,0.0,2909.0
0.8652465103859794,0.0457543715,0.230056132,0.4655812305,0.0,2909.0
0.8745705798770174,0.1319387466666667,0.19221898133333334,0.44927074,0.0,2909.0
0.8738955504099588,0.1430566205,0.169049956,0.386682849,0.0,2909.0
0.8958470431341667,0.06585816850000001,0.16663473950000002,0.367256999,0.0,2909.0
0.9065637659226633,0.0038872439999999998,0.22483069833333333,0.3833539756666666,0.0,2909.0
0.8510306131720654,0.0,0.184758263,0.3294782415,0.0,2909.0
0.7822032856455263,0.0,0.1532948683333333,0.25342724766666663,0.0,2909.0
0.7841703742325241,0.0,0.15157908525,0.23806377075,0.0,2909.0
0.8458731582518032,0.0333769245,0.155131618,0.2385893795,0.0,2909.0
0.8703835912459412,0.1383577,0.1564529535,0.23422199249999998,0.0,2909.0
0.8669757864536137,0.199458982,0.16608701633333334,0.22946655366666668,0.0,2909.0
0.8734783085123791,0.1712173465,0.1673437075,0.2250861925,0.0,2909.0
0.9025309897783863,0.0760455835,0.1829800825,0.243115019,0.0,2909.0
0.9053316939564802,0.0,0.2219408845,0.2626522355,0.0,2909.0
0.8551663929776713,0.0,0.17915727799999998,0.2505096865,0.0,2909.0
0.7936433357966693,0.0,0.12098823524999999,0.28554812225,0.0,2909.0
0.8436234410800494,0.0,0.1189598205,0.40175700950000004,0.0,2909.0
0.926792100909092,0.018356814,0.132141677,0.459596725,0.0,2909.0
0.9389903737341166,0.1067360525,0.1404085165,0.507511955,0.0,2909.0
0.9389016487288643,0.1467892495,0.16184384000000002,0.4962545385,0.0,2909.0
0.9395968958929996,0.0825780935,0.1988613695,0.519684876,0.0,2909.0
0.9579864339667361,0.0139668195,0.283632804,0.6151775275,0.0,2909.0
0.951485100914556,0.0,0.3390426525,0.628123907,0.0,2909.0
0.8909262351733508,0.0,0.29612929000000004,0.5340960936666667,0.0,2909.0
0.7886761702823004,0.0,0.21091970399999999,0.3177073365,0.0,2909.0
0.7748140931358687,0.0,0.223109987,0.335086879,0.0,2909.0
0.8122244616485647,0.0,0.194591293,0.35322243366666667,0.0,2909.0
0.9156726577344687,0.0028648035,0.16744313449999998,0.402977049,0.0,2909.0
0.9266924850828719,0.0314133865,0.13603890000000002,0.46838152099999997,0.0,2909.0
0.9277534758830266,0.0659463925,0.1148254055,0.5273749145,0.0,2909.0
0.9296109023197138,0.0616751095,0.17342958849999998,0.69197768075,0.0,2909.0
0.9477722197496478,0.01327736,0.2693517805,0.7940001095,0.0,2909.0
0.944589951374468,0.0,0.318086947,0.8303540460000001,0.0,2909.0
0.8896443708209621,0.0,0.3649582946666667,0.832875709,0.0,2909.0
0.792355861594499,0.0,0.408694112,0.8376713185,0.0,2909.0
0.7944401939421591,0.0,0.50466294125,0.88460747875,0.0,2909.0
0.8940092629732057,0.0,0.5739435385,0.9187910425,0.0,2909.0
0.9455322667083093,0.038528648,0.6117079085,0.922544732,0.0,2909.0
0.950828066817279,0.1537728615,0.6609056735000001,0.9192153715,0.0,2909.0
0.951111188459411,0.2536149185,0.6431441255,0.9039149980000001,0.0,2909.0
0.9498180106207867,0.299343681,0.669589989,0.901066704,0.0,2909.0
0.9653895218055004,0.23582683399999999,0.623292017,0.9068064385,0.0,2909.0
0.9758423074324393,0.048231792,0.5992181215000001,0.907419507,0.0,2909.0
0.9598238852491008,0.0,0.562509118,0.874482559,0.0,2909.0
0.8750888462766296,0.0,0.4981165573333333,0.7986696289999999,0.0,2909.0
0.8194476042303134,0.0,0.46230916774999997,0.6905560777499999,0.0,2909.0
0.8839411402549936,0.0,0.471202761,0.684917266,0.0,2909.0
0.9728378018984191,0.13905622833333334,0.4432419206666667,0.6749396103333334,0.0,2909.0
0.9676779684960528,0.4445159835,0.4048695295,0.6179105725,0.0,2909.0
0.9591859573726309,0.701565076,0.378765365,0.5187982595,0.0,2909.0
0.957888695437066,0.675607756,0.40380567300000003,0.5398471975,0.0,2909.0
0.9761348648474275,0.3664170363333333,0.43980997699999996,0.6607103836666667,0.0,2909.0
0.9860875047018464,0.000735259,0.4987672575,0.736357961,0.0,2909.0
0.9427019875284648,0.0,0.454614774,0.7124284009999999,0.0,2909.0
0.8661572790096037,0.0,0.4211565405,0.676351025,0.0,2909.0
0.8316376228903412,0.0,0.3977935166666667,0.5927765623333333,0.0,2909.0
0.8931577615864231,0.00042751325,0.39770226625,0.600635059,0.0,2909.0
0.9860460997619196,0.25017289649999996,0.3458836445,0.6684484155,0.0,2909.0
0.9698263798057583,0.540242194,0.281461345,0.64191732,0.0,2909.0
0.9608713560752512,0.716387729,0.2509497505,0.6197296625,0.0,2909.0
0.95788864854373,0.7114193209999999,0.303878611,0.5832740825,0.0,2909.0
0.9742253850883928,0.37746175266666665,0.40213725499999997,0.640959496,0.0,2909.0
0.9834708696849406,0.0009680735,0.495565979,0.7327523555,0.0,2909.0
0.9404641471882227,0.0,0.43957177950000004,0.7006417365,0.0,2909.0
0.855404283808906,0.0,0.3698076205,0.5895455485000001,0.0,2909.0
0.812894155175027,0.0,0.30258428600000004,0.4250402323333333,0.0,2909.0
0.8186476476858051,0.000559372,0.28334283824999995,0.399783207,0.0,2909.0
0.8789432022393842,0.2430344915,0.2232908875,0.458895363,0.0,2909.0
0.895265636420784,0.567891327,0.130648917,0.398853649,0.0,2909.0
0.8867335582243105,0.65003187575,0.16315199,0.350893049,0.0,2909.0
0.9047528688775537,0.285132688,0.28393791,0.463959526,0.0,2909.0
0.9193374677070163,0.032547096666666664,0.3977245016666666,0.6754932533333333,0.0,2909.0
0.8814129795203041,0.0,0.41079623299999996,0.7846753670000001,0.0,2909.0
0.8070160408103124,0.0,0.453153648,0.8239898325,0.0,2909.0
0.7945658641747767,0.0,0.46909151925,0.85841889725,0.0,2909.0
0.81403124291768,0.034104718,0.5156186326666666,0.9024910730000001,0.0,2909.0
0.8707613061253889,0.33212359199999997,0.497714501,0.9039922125,0.0,2909.0
0.8746591014693992,0.5703496585,0.48763376150000004,0.9026219575,0.0,2909.0
0.8662537970620496,0.634921538,0.567653038,0.9042795715,0.0,2909.0
0.8715725527094649,0.474319618,0.6635987999999999,0.9137320595,0.0,2909.0
0.9008605666189187,0.205792459,0.6988000089999999,0.919935838,0.0,2909.0
0.905109553033686,0.001352942,0.6700623655,0.8873559865,0.0,2909.0
0.8808714912280979,0.0,0.6005628519999999,0.9063094615,0.0,2909.0
0.820110013241759,0.0,0.549764625,0.923227365,0.0,2909.0
0.7848942100752437,0.0,0.46148052,0.9013809397500001,0.0,2909.0
0.839116870508674,0.0,0.422979518,0.8805963784999999,0.0,2909.0
0.9223120069404489,0.08430775650000001,0.372319183,0.8569370875,0.0,2909.0
0.9299847442785437,0.3011229,0.279395626,0.82850747,0.0,2909.0
0.9266741763613986,0.4885834555,0.2434861095,0.8101890815,0.0,2909.0
0.9262384227463046,0.5584726496666667,0.16982666800000001,0.6755701416666667,0.0,2909.0
0.9333779338769537,0.371912669,0.1823928795,0.61297848,0.0,2909.0
0.9541875032177035,0.1699959845,0.190461875,0.618701238,0.0,2909.0
0.9528312163275329,0.0011857373333333335,0.24267453633333333,0.773011633,0.0,2909.0
0.8926630847231587,0.0,0.288405812,0.785545299,0.0,2909.0
0.8111474312433605,0.0,0.33242254299999996,0.808698108,0.0,2909.0
0.8073793905415304,0.0,0.368773052,0.791199307,0.0,2909.0
0.9019388795047578,0.0021285605,0.369327225,0.7466660265,0.0,2909.0
0.9527915639478823,0.1828787905,0.33275073850000003,0.706056436,0.0,2909.0
0.9524812613651119,0.41793532899999997,0.2936751355,0.6575002415,0.0,2909.0
0.9497964161353658,0.6201353,0.2590158476666667,0.5200182126666667,0.0,2909.0
0.9581507391499245,0.5432780945,0.268031288,0.4621456015,0.0,2909.0
0.977076570046864,0.286747586,0.2676925585,0.479596845,0.0,2909.0
0.9719925207563415,0.0019552316666666667,0.24078324933333337,0.5256915863333332,0.0,2909.0
0.9078683358199129,0.0,0.1761666995,0.5831148294999999,0.0,2909.0
0.8362041568040786,0.0,0.23964232466666666,0.6185800760000001,0.0,2909.0
0.8623340550115616,0.0,0.40578755375000003,0.69045781825,0.0,2909.0
0.9739601178234123,0.077070014,0.5623870793333333,0.7687629683333334,0.0,2909.0
0.9611015248245409,0.192850495,0.5983837725000001,0.797968728,0.0,2909.0
0.9521055498731844,0.32908327899999995,0.5388753553333333,0.7364739683333333,0.0,2909.0
0.9487462696796725,0.225160503,0.5718026835000001,0.7403227649999999,0.0,2909.0
0.9651976130164052,0.1628309245,0.5068882695,0.7656899705,0.0,2909.0
0.9631361428894519,0.002912902,0.4813613905,0.8058449025,0.0,2909.0
0.9052040675944046,0.0,0.4064441013333333,0.760954125,0.0,2909.0
0.8043135444078707,0.0,0.35745738250000003,0.686489497,0.0,2909.0
0.7997087663734656,0.0,0.3116021895,0.5851132205,0.0,2909.0
0.8927969701993044,0.002437856,0.3092273925,0.60650159,0.0,2909.0
0.9358902584194645,0.10864646850000001,0.3002210875,0.6843093665,0.0,2909.0
0.931941575365128,0.215205542,0.25508059299999997,0.815953476,0.0,2909.0
0.9274135353572276,0.32326283833333336,0.30087024366666665,0.8756932040000001,0.0,2909.0
0.9305803277852563,0.3534152745,0.4068001075,0.8948004075,0.0,2909.0
0.9495343256333786,0.18320914900000002,0.47754617,0.860545712,0.0,2909.0
0.9465488325334935,0.002572366,0.5060048613333333,0.7760774906666666,0.0,2909.0
0.8599049549902015,0.0,0.4408859576666666,0.6755236156666667,0.0,2909.0
0.7971892121290374,0.0,0.3860514185,0.531981693,0.0,2909.0
0.8239162432511573,0.0,0.30213814075,0.4225880245,0.0,2909.0
0.9409601148687154,0.08728087450000001,0.218292397,0.31224871499999995,0.0,2909.0
0.9523918480698949,0.4264967743333334,0.112180823,0.14709291833333335,0.0,2909.0
0.944554383300173,0.6700361923333333,0.06465996333333333,0.065943242,0.0,2909.0
0.9429253492411053,0.6204018035000001,0.055880259,0.031323824,0.0,2909.0
0.9624700011684633,0.32315566549999997,0.08707677850000001,0.038317518,0.0,2909.0
0.9733077779574808,0.0053982015,0.1045826455,0.0722337925,0.0,2909.0
0.9338897690118491,0.0,0.092989261,0.1689699705,0.0,2909.0
0.8498057390724348,0.0,0.1285897375,0.3447045465,0.0,2909.0
0.7994554073064283,0.0,0.20403326966666668,0.5708936023333333,0.0,2909.0
0.7962829852813129,0.00153434025,0.32756463324999996,0.721230342,0.0,2909.0
0.853750713801763,0.066142434,0.4225003915,0.8250923800000001,0.0,2909.0
0.8744257408470413,0.1593959955,0.462849741,0.8698317285,0.0,2909.0
0.8667987748436963,0.222819378,0.4906401035,0.853410936,0.0,2909.0
0.8679283515244162,0.142599973,0.5391109789999999,0.812631944,0.0,2909.0
0.888455550141654,0.0673992465,0.53807604,0.7462648255,0.0,2909.0
0.8988480435476345,0.009910150666666666,0.513000002,0.7361763513333334,0.0,2909.0
0.8577303957479452,0.0,0.4568517429999999,0.66816515,0.0,2909.0
0.7817105572524751,0.0,0.4000851635,0.584004105,0.0,2909.0
0.7689038962264181,0.0,0.29971052825,0.54953165425,0.0,2909.0
0.8117156468613353,0.0051641725,0.21146235400000002,0.586772772,0.0,2909.0
0.8564036839637328,0.1043938325,0.165293626,0.65048816,0.0,2909.0
0.8639908878570212,0.2330261435,0.1458721485,0.6929407814999999,0.0,2909.0
0.8537390559100264,0.42675938633333327,0.19739778,0.7041980919999999,0.0,2909.0
0.8663274058441416,0.474436649,0.25089068800000003,0.7098586835,0.0,2909.0
0.8898411616231614,0.2715063195,0.2931902085,0.7123755755000001,0.0,2909.0
0.8864051744569538,0.005615926333333333,0.36583657700000005,0.7235584353333334,0.0,2909.0
0.813238547181002,0.0,0.308746756,0.638333669,0.0,2909.0
0.8280019103369692,0.0,0.272631974,0.6960245117499999,0.0,2909.0
0.9535255400055719,0.0189722565,0.2855375415,0.659489538,0.0,2909.0
0.9652049833983304,0.3535643105,0.2077319255,0.603388992,0.0,2909.0
0.9587182970107068,0.605153253,0.159741762,0.532449491,0.0,2909.0
0.9510749946195994,0.798304989,0.1536796735,0.432963229,0.0,2909.0
0.9425343022736197,0.8593083575,0.1800599875,0.3652249015,0.0,2909.0
0.9537516243452986,0.670130288,0.229785711,0.405097052,0.0,2909.0
0.9647012226706443,0.3554340805,0.30018357900000003,0.46939664150000004,0.0,2909.0
0.956599179030114,0.0140132785,0.367645455,0.5043212715000001,0.0,2909.0
0.9000185714492037,0.0,0.3169517965,0.45559440799999995,0.0,2909.0
0.8210351937506375,0.0,0.284904476,0.418585882,0.0,2909.0
0.8264072317947357,0.0,0.23420374850000003,0.31545582,0.0,2909.0
0.9349249872345555,0.0,0.21336560799999998,0.277308075,0.0,2909.0
0.9786506164591382,0.16726948649999998,0.18175305949999998,0.26078456,0.0,2909.0
0.959837405223105,0.546715308,0.0837122475,0.22056800450000003,0.0,2909.0
0.9473114602110448,0.777737501,0.0918656695,0.21805241949999998,0.0,2909.0
0.9438064021829706,0.7588529135,0.10967535049999999,0.2131377635,0.0,2909.0
0.9565279174157985,0.5594523485,0.123674309,0.252898716,0.0,2909.0
0.9694258500678732,0.252205656,0.1983802325,0.349403959,0.0,2909.0
0.9599842476406011,0.0117208985,0.2776396615,0.3975048645,0.0,2909.0
0.9033554277704926,0.0,0.24475142300000002,0.38826325,0.0,2909.0
0.8231955450415472,0.0,0.19927612866666666,0.331499341,0.0,2909.0
0.8536250904624816,0.0,0.17670417175,0.29553729300000003,0.0,2909.0
0.9655419973631352,0.02152953,0.17056021799999999,0.353474449,0.0,2909.0
0.9597185887641615,0.3237120885,0.096130961,0.3048176975,0.0,2909.0
0.9458192376680798,0.618466749,0.0586941735,0.2515013735,0.0,2909.0
0.9340523372658733,0.7615112835,0.0825545665,0.17994760999999998,0.0,2909.0
0.9332712762347825,0.6393658280000001,0.08579311049999999,0.182583035,0.0,2909.0
0.954737034654895,0.40076539899999997,0.07444862899999999,0.2171593725,0.0,2909.0
0.9598260448435333,0.1309385515,0.1359148025,0.2670029065,0.0,2909.0
0.9257907765643791,0.0,0.16650369799999998,0.3269744925,0.0,2909.0
0.847243559723478,0.0,0.1582549275,0.333876815,0.0,2909.0
0.8091197612077288,0.0,0.207835573,0.34944160166666666,0.0,2909.0
0.8782834455150209,0.0,0.29578419125,0.36374564275,0.0,2909.0
0.9686109887370459,0.22206414733333335,0.30788099133333335,0.36128055266666664,0.0,2909.0
0.9471364986735686,0.6312979495,0.22816297000000002,0.345046961,0.0,2909.0
0.9358542518403745,0.8036261805,0.24065716850000002,0.32797175850000004,0.0,2909.0
0.9337323643393595,0.7337299255,0.32200249999999997,0.386007288,0.0,2909.0
0.9485141292219164,0.4951757615,0.336454128,0.41572619050000004,0.0,2909.0
0.9569401364118516,0.156768576,0.3712630155,0.422912485,0.0,2909.0
0.9289383060436512,0.0,0.3809667955,0.4117925025,0.0,2909.0
0.8493148887053854,0.0,0.3464392395,0.35679467,0.0,2909.0
0.8093988615899903,0.0,0.3033892653333334,0.2740735106666667,0.0,2909.0
0.8285559719830375,0.0,0.2395919675,0.182831067,0.0,2909.0
0.9287162120141932,0.0,0.1871159875,0.1401031965,0.0,2909.0
0.9717132638545454,0.19186741499999999,0.1061210065,0.118171617,0.0,2909.0
0.9537692287288657,0.426629837,0.033425438,0.106380918,0.0,2909.0
0.9386434546462663,0.6712167035000001,0.020345007,0.0978764765,0.0,2909.0
0.9233071820057049,0.8513648615,0.028089329,0.09596009999999999,0.0,2909.0
0.9239684408799305,0.7974191995,0.026840563499999998,0.11016856850000001,0.0,2909.0
0.9401922921389905,0.5489659375,0.027498375499999998,0.1281379905,0.0,2909.0
0.9503896528911318,0.1710665395,0.063037415,0.145216234,0.0,2909.0
0.9255781649926983,0.0,0.079682242,0.179116313,0.0,2909.0
0.8456183908215756,0.0,0.08781752849999999,0.219632398,0.0,2909.0
0.7993265916251453,0.0,0.1065906165,0.21819563,0.0,2909.0
0.8008346342602437,0.0,0.11262770550000001,0.18775129275,0.0,2909.0
0.8410215934077079,0.052725805,0.1086189255,0.18271185099999998,0.0,2909.0
0.8799392689032682,0.4024656815,0.06204180149999999,0.1438797455,0.0,2909.0
0.8725646759564162,0.7352266925,0.023582647499999998,0.09842838300000001,0.0,2909.0
0.8608995509748624,0.8861971016666667,0.029529350333333333,0.08679490966666666,0.0,2909.0
0.876729303448132,0.7076918885,0.030864581,0.11200110799999999,0.0,2909.0
0.8936479316874788,0.367992232,0.0471529835,0.1444702235,0.0,2909.0
0.9022740158603904,0.035700838,0.073903055,0.1846695215,0.0,2909.0
0.8638551247717032,0.0,0.06325465499999999,0.202649087,0.0,2909.0
0.7233969023376445,0.0,0.0535502485,0.189214928,0.0,2909.0
0.711048266187148,0.0,0.05288393425,0.20197719075,0.0,4469.0
0.735808678332978,0.0,0.0810037775,0.2496132915,0.0,4989.0
0.793429245782313,0.300184149,0.09755302666666667,0.23951297866666665,0.0,4989.0
0.8090545553988202,0.705864279,0.0480089555,0.2437756985,0.0,4989.0
0.799330159582768,0.8582755575000001,0.045038705,0.20797934499999998,0.0,4989.0
0.8007831833609524,0.768143943,0.0568090265,0.23569232099999998,0.0,4989.0
0.8163093930821427,0.46643139050000004,0.0825005265,0.295248686,0.0,4989.0
0.8170723804836846,0.117990587,0.1927670405,0.3615428175,0.0,4989.0
0.7961010875942025,0.0,0.2609998175,0.403663803,0.0,4989.0
0.7290301973807349,0.0,0.25763690625,0.43734828299999995,0.0,4989.0
0.7360196934991914,0.0,0.33233013625,0.5273157485,0.0,4989.0
0.8351736015504935,0.018971935666666665,0.42136789799999996,0.6549074773333333,0.0,4989.0
0.8402136327959943,0.0990937155,0.449935084,0.71473384,0.0,4989.0
0.84013711350085,0.147452686,0.400230373,0.7626469094999999,0.0,4989.0
0.8388675017519054,0.14684207999999999,0.4500127215,0.8248997755,0.0,4989.0
0.8444132027006958,0.081376767,0.5069315626666667,0.8557483650000001,0.0,4989.0
0.8411284386232231,0.0185461395,0.4841507045,0.8710129019999999,0.0,4989.0
0.8261684724989189,0.0,0.4519776845,0.8794736385,0.0,4989.0
0.7605893704398142,0.0,0.4053693005,0.8818070795,0.0,4989.0
0.7189411722706371,0.0,0.40459362200000004,0.8740250334999999,0.0,4989.0
0.7423853921101051,0.0,0.4076707425,0.84436759525,0.0,4989.0
0.8399201833655486,0.0283023405,0.431450302,0.772035303,0.0,4989.0
0.8370798580700283,0.2111429225,0.46056286599999996,0.6897201035,0.0,4989.0
0.8368342917375624,0.39936330200000003,0.5148904905,0.5931122645,0.0,4989.0
0.8269763859046743,0.5237190625,0.6211585575,0.477685991,0.0,4989.0
0.8255495570565841,0.5081254135,0.6207854740000001,0.46227931099999997,0.0,4989.0
0.8320580726047233,0.39223716350000004,0.5513254759999999,0.46149005200000004,0.0,4989.0
0.8354347379294048,0.1626601955,0.49847131850000004,0.44735191750000003,0.0,4989.0
0.8274916948978982,0.0,0.5119310945,0.4725383945,0.0,4989.0
0.7639609187636749,0.0,0.4888243015,0.475372397,0.0,4989.0
0.7222025537676849,0.0,0.42189499325,0.40097293424999997,0.0,4989.0
0.7723261324949937,0.0,0.33888673199999997,0.42463455650000004,0.0,4989.0
0.8426558693080777,0.060403992,0.297646132,0.4971259005,0.0,4989.0
0.8362322766535105,0.32272433050000005,0.201700202,0.5667360269999999,0.0,4989.0
0.8263286466918308,0.613982248,0.16316077099999998,0.5706990215000001,0.0,4989.0
0.8167807151883615,0.6666131925000001,0.16307002450000002,0.5886186959999999,0.0,4989.0
0.8180107996065514,0.4155918395,0.2426278575,0.672186424,0.0,4989.0
0.82836406288132,0.17333540549999998,0.35114667200000005,0.7940872560000001,0.0,4989.0
0.8262902463642507,0.0347390225,0.527711107,0.8772619269999999,0.0,4989.0
0.8083924980873943,0.0,0.6110666124999999,0.8716861685,0.0,4989.0
0.7432595561082944,0.0,0.5714089375,0.759360027,0.0,4989.0
0.7012224232558988,0.0,0.4265998226666667,0.524912781,0.0,4989.0
0.7097113595311775,0.0,0.2908859195,0.29337486749999997,0.0,4989.0
0.8097816306331885,0.0,0.17725037700000001,0.1912890535,0.0,4989.0
0.8211445746451396,0.031889766,0.110932552,0.15075227800000002,0.0,4989.0
0.8253191541532368,0.071483768,0.059979856,0.130447481,0.0,4989.0
0.8234209563055919,0.122228188,0.040477623500000004,0.17051111400000002,0.0,4989.0
0.8190375679627385,0.171493836,0.0550429515,0.2317978485,0.0,4989.0
0.8144646648919023,0.195932377,0.100821771,0.280308187,0.0,4989.0
0.8203811173723712,0.1469952705,0.192519048,0.356471879,0.0,4989.0
0.8171428911793803,0.035470091,0.3169594775,0.5036137375,0.0,4989.0
0.8035157709044629,0.0,0.381673047,0.6213680655,0.0,4989.0
0.7395082508565161,0.0,0.4118443865,0.5968448745,0.0,4989.0
0.7007203058791198,0.0,0.43198613766666666,0.4880198193333333,0.0,4989.0
0.7572411065329954,0.0,0.40440328849999996,0.46000073825,0.0,4989.0
0.8202853508637897,0.0169307665,0.3421530505,0.4547817155,0.0,4989.0
0.8258521606914553,0.035611931,0.296292648,0.475614951,0.0,4989.0
0.8258300970642598,0.06215702049999999,0.258698469,0.48975607649999997,0.0,4989.0
0.8239445587500076,0.1712418463333333,0.19246074166666668,0.5810569183333333,0.0,4989.0
0.8277648645236488,0.21881060600000002,0.2053901595,0.7849932005,0.0,4989.0
0.8330562519697038,0.13039714,0.263153056,0.817002284,0.0,4989.0
0.8311716209893989,0.0463201885,0.34020645699999996,0.835095396,0.0,4989.0
0.8030850871884389,0.0,0.4913970423333333,0.8991846413333334,0.0,4989.0
0.7082161326884882,0.0,0.6191712465,0.9251982400000001,0.0,4989.0
0.6954849702459627,0.0,0.62261739,0.8960136009999999,0.0,4989.0
0.7155609158542872,0.0015483475,0.5678328447500001,0.758155401,0.0,4989.0
0.7758722203163069,0.2730624465,0.4333125745,0.6028296635,0.0,4989.0
0.7967720643307518,0.549445932,0.364774331,0.5955504,0.0,4989.0
0.7893829888460193,0.74367308,0.399943795,0.689821003,0.0,4989.0
0.782854498612491,0.7740976495,0.4893699605,0.8135218635,0.0,4989.0
0.790851418231351,0.4929451616666667,0.540818328,0.8731720106666666,0.0,4989.0
0.8103716750990566,0.1803221415,0.507382326,0.886918136,0.0,4989.0
0.8058649638476734,0.028405566,0.5043081895,0.8840791065,0.0,4989.0
0.7344716306843774,0.0,0.44860436274999993,0.8216722605000001,0.0,4989.0
0.6908248446323584,0.0,0.3597628805,0.612963532,0.0,4989.0
0.703421088851169,0.00129571875,0.24909875975,0.29288228499999996,0.0,4989.0
0.7686080643018829,0.133556543,0.11972859949999999,0.167349547,0.0,4989.0
0.7896630358484229,0.396527558,0.057234552999999994,0.1758823015,0.0,4989.0
0.7773626821708174,0.6454139999999999,0.0518306285,0.13255667799999998,0.0,4989.0
0.7679557948801627,0.6425336215,0.038889310499999996,0.083227987,0.0,4989.0
0.7740789903876271,0.455574374,0.0262275865,0.101497403,0.0,4989.0
0.7937473882014056,0.188042826,0.033419911999999996,0.107917577,0.0,4989.0
0.7956380746744951,0.0192873425,0.1049380375,0.177465656,0.0,4989.0
0.7574962259758649,0.0,0.1699351025,0.268488658,0.0,4989.0
0.7090775393025236,0.0,0.22168223433333334,0.38819001366666667,0.0,4989.0
0.7066120498440372,0.0,0.19921736499999998,0.319629433,0.0,4989.0
0.8095467209676325,0.0016842915,0.157391512,0.2113375205,0.0,4989.0
0.8206723606276707,0.048310584,0.125806009,0.225069396,0.0,4989.0
0.8114812220728731,0.18265173966666667,0.10208401833333335,0.342429744,0.0,4989.0
0.805489408250036,0.2691694575,0.1350307225,0.504538932,0.0,4989.0
0.8059574443838924,0.29153315599999996,0.26676196750000003,0.6268392979999999,0.0,4989.0
0.8172066889377209,0.2382113025,0.410068055,0.6657425859999999,0.0,4989.0
0.8210441603817191,0.1072768285,0.49208320099999997,0.6960802835,0.0,4989.0
0.8100183713272031,0.000973266,0.5416262275,0.7694584715,0.0,4989.0
0.7467033045384346,0.0,0.5638371775,0.818425198,0.0,4989.0
0.7097645240692761,0.0,0.619394927,0.8578517029999999,0.0,4989.0
0.7345553443551259,0.0,0.55698852,0.821391419,0.0,4989.0
0.8353357789225107,0.07366703349999999,0.460246853,0.702386114,0.0,4989.0
0.8293062375351534,0.3591345495,0.327442794,0.5352569855,0.0,4989.0
0.8247485913674857,0.640495889,0.229473885,0.382348898,0.0,4989.0
0.8111664441985326,0.8408547543333333,0.14479804933333335,0.31615278500000005,0.0,4989.0
0.813280773848486,0.7385496300000001,0.1232808875,0.33199008649999995,0.0,4989.0
0.816218227122442,0.437894476,0.1093018655,0.3296973635,0.0,4989.0
0.815602973737024,0.084608615,0.162623416,0.32294863149999997,0.0,4989.0
0.7957789078672979,0.0,0.136537803,0.322551626,0.0,4989.0
0.7275356631526179,0.0,0.100895743,0.3673366265,0.0,4989.0
0.7220625774724413,0.0,0.09259488475,0.36870610824999994,0.0,4989.0
0.8248439827293794,0.0106785645,0.1274798765,0.3349346495,0.0,4989.0
0.8285442358315336,0.2953338245,0.1177527325,0.33737263100000003,0.0,4989.0
0.8208235688147454,0.560350762,0.067963609,0.342152788,0.0,4989.0
0.8125829919432304,0.7727602585,0.0814573995,0.3636075905,0.0,4989.0
0.809059453251451,0.8955551063333332,0.12242017266666667,0.41992669666666665,0.0,4989.0
0.8118379840719432,0.703325321,0.14607811650000002,0.4779025415,0.0,4989.0
0.8162408075141997,0.387466758,0.17135818549999998,0.454012737,0.0,4989.0
0.8166708181545415,0.07200197,0.2242181695,0.3909098085,0.0,4989.0
0.8003896013397244,0.0,0.2128292295,0.29801220500000003,0.0,4989.0
0.7253901463080231,0.0,0.17249430600000001,0.19372061266666665,0.0,4989.0
0.7435815123102976,0.0,0.11455133475000001,0.11921628975000001,0.0,4989.0
0.8399301825878883,0.09208797599999999,0.07070775,0.094155354,0.0,4989.0
0.8195910897101987,0.40312744050000004,0.022872373,0.10388514600000001,0.0,4989.0
0.8091959050435632,0.6765861074999999,0.0223489385,0.10912385399999999,0.0,4989.0
0.8040990868018639,0.7774136483333334,0.02760734366666667,0.08333654966666666,0.0,4989.0
0.8047478742370775,0.6769225755,0.041429767500000006,0.095893704,0.0,4989.0
0.8098703084324829,0.4005554275,0.062209468500000004,0.0920596095,0.0,4989.0
0.809394761653523,0.049354343999999994,0.11491738666666666,0.11844817033333334,0.0,4989.0
0.7554755974435622,0.0,0.10921410849999999,0.108760885,0.0,4989.0
0.7165944364340241,0.0,0.08638830066666665,0.10737577300000001,0.0,4989.0
0.7747102051704309,0.0094124885,0.06133761625,0.1647976955,0.0,4989.0
0.8248296646307971,0.31102594299999997,0.053260424,0.210551436,0.0,4989.0
0.8097749173832114,0.65862862,0.020084873,0.195213812,0.0,4989.0
0.8033241906813418,0.8841654999999999,0.023923884,0.18855738049999998,0.0,4989.0
0.7947804002489656,0.9203537785,0.032237375,0.19658962000000002,0.0,4989.0
0.7975781936013847,0.759521918,0.0426211185,0.2156342105,0.0,4989.0
0.8045239022858249,0.4476542045,0.0786729545,0.25811769900000003,0.0,4989.0
0.8069981081733937,0.0924262405,0.1707709005,0.35345866049999997,0.0,4989.0
0.7863986616186737,0.0,0.26278560900000003,0.47406857700000005,0.0,4989.0
0.7101706869473001,0.0,0.337729942,0.5513163569999999,0.0,4989.0
0.7040750012590704,0.0,0.38329954025,0.5805914565,0.0,4989.0
0.7315057995955377,0.023866123,0.35785601499999997,0.5675576524999999,0.0,4989.0
0.7674690751907676,0.321077983,0.253656065,0.5611823149999999,0.0,4989.0
0.7766136133366354,0.593911189,0.144073865,0.561183089,0.0,4989.0
0.7623127468047464,0.803133359,0.137663472,0.553747604,0.0,4989.0
0.7397441072464216,0.930690878,0.14034159,0.48980401733333334,0.0,4989.0
0.7439933205207276,0.752034619,0.15114555000000002,0.4671470555,0.0,4989.0
0.755555449604405,0.41266199000000003,0.185371005,0.43005151,0.0,4989.0
0.7743037603592504,0.05243845833333333,0.189580368,0.31323197033333333,0.0,4989.0
0.7152307089261316,0.0,0.116429837,0.109726906,0.0,4989.0
0.7087793599496937,0.0,0.10407228875,0.11039219774999999,0.0,4989.0
0.756248138059715,0.21238164766666667,0.159398861,0.169669573,0.0,4989.0
0.7655570291157666,0.6112229545000001,0.0735739475,0.1838479525,0.0,4989.0
0.7438481215583461,0.8248037564999999,0.041415153499999996,0.19077424799999998,0.0,4989.0
0.7474785445434206,0.8603305235,0.033317199000000006,0.1942990855,0.0,4989.0
0.7612633983694238,0.6671983655,0.050879964,0.23617189500000002,0.0,4989.0
0.7810389937239817,0.3776509785,0.1333348245,0.254639293,0.0,4989.0
0.7768701334313466,0.054544196666666676,0.23847196033333332,0.28708564933333336,0.0,4989.0
0.711515210487832,0.0,0.20437061099999998,0.21935960325,0.0,4989.0
0.7195001395848922,0.0,0.1264192485,0.12870462900000001,0.0,4989.0
0.8188798191973703,0.11067303666666665,0.06677944200000001,0.09347725800000001,0.0,4989.0
0.810510301804091,0.2934323075,0.021857683000000003,0.0556114275,0.0,4989.0
0.8064816724896176,0.4050411865,0.019555199000000002,0.040930043,0.0,4989.0
0.800306916508767,0.469807898,0.024313786,0.04244472366666666,0.0,4989.0
0.8033901008281565,0.313866687,0.0370816415,0.043098961,0.0,4989.0
0.8046723409524774,0.1354761105,0.065497975,0.0522086285,0.0,4989.0
0.7947236443065763,0.0035980135,0.074771964,0.07273094150000001,0.0,4989.0
0.7299380437679727,0.0,0.066842492,0.08390297199999999,0.0,4989.0
0.6921524953253644,0.0,0.06543297433333332,0.09050112700000001,0.0,4989.0
0.7548155939039407,0.007646051,0.0764630875,0.1191016515,0.0,4989.0
0.8170785303883858,0.0880873405,0.087892254,0.15270754450000001,0.0,4989.0
0.81256764125339,0.1837608165,0.056009317,0.1789502865,0.0,4989.0
0.8102240817629405,0.245302055,0.0516833575,0.2400328085,0.0,4989.0
0.8086392383163707,0.267992981,0.071926642,0.267145788,0.0,4989.0
0.8104260835610473,0.231741632,0.11456764,0.3490557865,0.0,4989.0
0.8144924563837752,0.135977603,0.15900106149999998,0.439868876,0.0,4989.0
0.8063769396625766,0.033092342,0.201155615,0.4731453965,0.0,4989.0
0.7548794578860925,0.0,0.19653525866666666,0.41058906433333336,0.0,4989.0
0.6974335155927036,0.0,0.1869005625,0.320030864,0.0,4989.0
0.7229745782966236,0.0,0.1734447555,0.282602666,0.0,4989.0
0.8209209625220849,0.17865470133333336,0.11489593366666666,0.19456480466666667,0.0,4989.0
0.8080806933547617,0.5319365119999999,0.0359297695,0.121997092,0.0,4989.0
0.7961627257581108,0.705369516,0.020757871,0.1386885355,0.0,4989.0
0.7894871351937385,0.688382702,0.028584042,0.18035712,0.0,4989.0
0.7932737661333686,0.48993769400000003,0.0437846415,0.2781008535,0.0,4989.0
0.805980353029002,0.22473441249999998,0.092256019,0.3160072275,0.0,4989.0
0.8026745741719482,0.07972498,0.122145449,0.383538942,0.0,4989.0
0.795299042107888,0.005587914,0.1432856355,0.414951217,0.0,4989.0
0.7291144273471126,0.0,0.154370593,0.47750574700000004,0.0,4989.0
0.6886390811132355,0.0,0.18050503799999998,0.545738838,0.0,4989.0
0.7504472512879328,0.01399885775,0.24256828474999997,0.6114977880000001,0.0,4989.0
0.8151665781000568,0.2593114635,0.2041762245,0.667577987,0.0,4989.0
0.8086477822821843,0.515344324,0.12113176,0.643677806,0.0,4989.0
0.7991019156486087,0.7466101285,0.1095360955,0.5621588755,0.0,4989.0
0.7828104413854818,0.885823683,0.1237736755,0.4874018815,0.0,4989.0
0.7754312244430812,0.820798793,0.144548148,0.43617997649999996,0.0,4989.0
0.777495980855019,0.5919773715000001,0.212340093,0.411140561,0.0,4989.0
0.7815480352665423,0.268617315,0.2995191655,0.3577134005,0.0,4989.0
0.7905793907188499,0.015677903,0.296713384,0.2637139765,0.0,4989.0
0.7287522744901396,0.0,0.23598991349999998,0.263450485,0.0,4989.0
0.6962466671428987,0.0,0.208536459,0.412498551,0.0,4989.0
0.7232042187143279,0.0,0.1935213315,0.55383466975,0.0,4989.0
0.8234481372462303,0.030077717500000004,0.20382186800000002,0.627497099,0.0,4989.0
0.8097321040800944,0.11944285199999999,0.19984508550000002,0.634859218,0.0,4989.0
0.800823367823655,0.2522467,0.192612048,0.585930201,0.0,4989.0
0.7844111522864543,0.423306079,0.190534074,0.483719807,0.0,4989.0
0.7730933218520607,0.6132534110000001,0.18352645899999998,0.375143707,0.0,4989.0
0.7722683911673045,0.551924243,0.168867443,0.3234426665,0.0,4989.0
0.7762648866669946,0.26853339600000004,0.16924204650000002,0.29898295799999997,0.0,4989.0
0.7778492377335366,0.066116126,0.174769504,0.311732169,0.0,4989.0
0.7817940242642765,0.00553588,0.161848679,0.335296219,0.0,4989.0
0.7103819839424625,0.0,0.122274435,0.411197825,0.0,4989.0
0.666715895707596,0.0,0.09970391933333334,0.5784225353333333,0.0,4989.0
0.6791985070047174,0.004264331,0.20115026425,0.6577396529999999,0.0,4989.0
0.7528658866966456,0.08346042749999999,0.28192885300000003,0.6428436824999999,0.0,4989.0
0.7786236330332307,0.180474904,0.299418771,0.616943468,0.0,4989.0
0.7718568761965354,0.3581545485,0.31504027749999997,0.5820758075,0.0,4989.0
0.7630741073201525,0.4784938776666667,0.28113664200000005,0.5528458399999999,0.0,4989.0
0.7633503359545193,0.39914196049999995,0.241659806,0.5451754825,0.0,4989.0
0.7805553955676507,0.19155363450000001,0.220512633,0.550767054,0.0,4989.0
0.7793237617936404,0.050497977,0.22523617,0.570635981,0.0,4989.0
0.7291116969044703,0.0,0.214147788,0.5892256413333333,0.0,4989.0
0.6803430942422808,0.0,0.1898557505,0.5879216695,0.0,4989.0
0.6818960627252817,0.00028009075,0.1629911575,0.57347060625,0.0,4989.0
0.7445456920267602,0.087798198,0.100930023,0.48277135066666665,0.0,4989.0
0.784063928079298,0.283139547,0.06162195200000001,0.3768487345,0.0,4989.0
0.7834075042206332,0.3356247375,0.043445266499999996,0.265443245,0.0,4989.0
0.7814457437065718,0.3737073655,0.038232188,0.20262767450000002,0.0,4989.0
0.7899629637495438,0.329710083,0.038502355,0.1906956305,0.0,4989.0
0.7994348927224311,0.20617878550000002,0.030998606999999997,0.145297819,0.0,4989.0
0.7992809615956478,0.111212717,0.03328234,0.091964645,0.0,4989.0
0.782117189689103,0.016466368,0.0412878225,0.06381031699999999,0.0,4989.0
0.7349725510827039,0.0,0.056155011000000005,0.055761174999999996,0.0,4989.0
0.7086068590097631,0.0,0.07575448800000001,0.12350152566666667,0.0,4989.0
0.7186027030493062,0.0,0.0874987495,0.217635795,0.0,4989.0
0.8135564316346429,0.029123141,0.1014101445,0.3233966095,0.0,4989.0
0.8191501563614209,0.21784577833333332,0.069338968,0.463118742,0.0,4989.0
0.8113371338573095,0.5248328529999999,0.0924156985,0.529132162,0.0,4989.0
0.8065405095582571,0.4872051103333333,0.11719209666666668,0.5438104383333333,0.0,4989.0
0.8093194158380593,0.4208482405,0.1548032915,0.5660559869999999,0.0,4989.0
0.8152783996363848,0.265913512,0.183782881,0.6108050495,0.0,4989.0
0.8047931442299622,0.041991280666666665,0.37676751399999997,0.714086791,0.0,4989.0
0.7404911495590378,0.0,0.4736180975,0.8092518344999999,0.0,4989.0
0.6977048780534932,0.0,0.5271717853333334,0.8488992213333333,0.0,4989.0
0.7555472227938538,0.006462913000000001,0.554854817,0.85184207025,0.0,4989.0
0.8172433054428007,0.063560856,0.5209978165,0.8552375785,0.0,4989.0
0.8116403009416642,0.161063513,0.4900717256666667,0.8414925489999999,0.0,4989.0
0.8060784434150029,0.18238128850000002,0.492450848,0.806182736,0.0,4989.0
0.8115751891278424,0.142499084,0.503736088,0.8075742265,0.0,4989.0
0.809808529901189,0.081518535,0.4498423965,0.8072821370000001,0.0,4989.0
0.7975697437348654,0.0126494595,0.42508909100000003,0.7595416305,0.0,4989.0
0.7342343736947338,0.0,0.367259973,0.6517209065,0.0,4989.0
0.6940324629197182,0.0,0.2830524716666667,0.47995404766666666,0.0,4989.0
0.7006201500500844,0.0,0.23254905199999998,0.398894784,0.0,4989.0
0.8016549879990982,0.012788538,0.1953847575,0.42106012000000004,0.0,4989.0
0.8139650514108493,0.11230334566666667,0.15258816366666667,0.44100393,0.0,4989.0
0.8098760356719158,0.2659566165,0.139128753,0.41654581199999996,0.0,4989.0
0.8090706573199029,0.37437417949999996,0.0983837075,0.3326519615,0.0,4989.0
0.8087456768103519,0.38079517733333335,0.13550174733333334,0.39541160599999997,0.0,4989.0
0.8102604478576064,0.18298468566666667,0.163007923,0.4251841596666666,0.0,4989.0
0.7984219260128863,0.0278710335,0.196895022,0.38330395399999995,0.0,4989.0
0.7370709434592875,0.0,0.174405103,0.335190828,0.0,4989.0
0.7008671009864503,0.0,0.159059957,0.33754110033333334,0.0,4989.0
0.7577307368917541,0.02066862275,0.11689836850000002,0.261809329,0.0,4989.0
0.8172742419144058,0.2291112775,0.047114337,0.1631238985,0.0,4989.0
0.8114440731721189,0.413222674,0.046203533,0.134935545,0.0,4989.0
0.8070871148512843,0.5681025074999999,0.0721818885,0.15900516450000002,0.0,4989.0
0.8046880202082918,0.6977784635,0.0774907305,0.2133663895,0.0,4989.0
0.8037530749437535,0.6079298870000001,0.110595027,0.224559713,0.0,4989.0
0.8103689993653063,0.469903744,0.1293610175,0.227180386,0.0,4989.0
0.8067107611290687,0.2308291885,0.129938864,0.252102204,0.0,4989.0
0.7981726041494537,0.042730981,0.17537199,0.3114917095,0.0,4989.0
0.7426709665863305,0.0,0.1904315405,0.315527282,0.0,4989.0
0.7043024702026973,0.0,0.1961809785,0.257555638,0.0,4989.0
0.7295851038884063,0.00172536575,0.12298233,0.14710226475000002,0.0,4989.0
0.8257717451853364,0.1614301225,0.061371760500000004,0.1066431425,0.0,4989.0
0.8134286485446178,0.4548068715,0.021232484000000003,0.1240988445,0.0,4989.0
0.8057279796598869,0.733911115,0.035445832999999996,0.15896468,0.0,4989.0
0.798378032912553,0.7917654089999999,0.036300924,0.18012054300000002,0.0,4989.0
0.7963485315358407,0.665475662,0.042214532,0.2271854075,0.0,4989.0
0.80939798499723,0.382631889,0.045325064666666665,0.2843102453333333,0.0,4989.0
0.8032531169529923,0.1274968585,0.068492651,0.3132071625,0.0,4989.0
0.7542857986734731,0.0,0.09087365399999998,0.23519229100000003,0.0,4989.0
0.6923325584409644,0.0,0.07832117033333334,0.23177558733333334,0.0,4989.0
0.7004976835701802,0.028956586,0.06102201025,0.19413875649999998,0.0,4989.0
0.7590543345937323,0.2700976015,0.026740955500000003,0.17816402650000002,0.0,4989.0
0.7731724780115902,0.5598661993333334,0.02084901833333333,0.17902875166666665,0.0,4989.0
0.7662405632624438,0.691044166,0.0385176045,0.2044071275,0.0,4989.0
0.7660075780993958,0.588754554,0.043600015000000006,0.23682483399999998,0.0,4989.0
0.7768523257391162,0.447874487,0.0455437945,0.3104887745,0.0,4989.0
0.7804450292878489,0.213222964,0.066693804,0.3728385065,0.0,4989.0
0.7714953104441287,0.042083311,0.1007897325,0.3573956545,0.0,4989.0
0.7212980404024567,0.0,0.13118337,0.3296715315,0.0,4989.0
0.6919594911079409,0.0,0.12882262133333333,0.3269850543333333,0.0,4989.0
0.7018084423457036,0.0315359695,0.09208376474999999,0.2175052425,0.0,4989.0
0.7564243909354564,0.2529407325,0.0435828375,0.143850449,0.0,4989.0
0.7769962262771285,0.3982070773333333,0.03411303266666667,0.08542644966666667,0.0,4989.0
0.7747233495288139,0.4541706045,0.024564964,0.0269189375,0.0,4989.0
0.7786222715633764,0.398656095,0.02389029,0.0270901,0.0,4989.0
0.7914505854310057,0.2545895255,0.023357878,0.0381539635,0.0,4989.0
0.791421010429255,0.1504321715,0.0352764245,0.038913005,0.0,4989.0
0.7734454751740718,0.038131212500000004,0.06903994100000001,0.0460347455,0.0,4989.0
0.7275837575832316,0.0,0.097717741,0.0475750865,0.0,4989.0
0.7010994290175502,0.0,0.08911251425000001,0.04852846025,0.0,4989.0
0.7555838275755996,0.006424321,0.087840984,0.0539557305,0.0,4989.0
0.8265619604208527,0.080207368,0.07066436450000001,0.0558296555,0.0,4989.0
0.8159126188752241,0.2491089365,0.044732907,0.039730134,0.0,4989.0
0.8078083690595477,0.5599959965,0.028313763500000002,0.0285269165,0.0,4989.0
0.795455648760007,0.6452328053333334,0.017969674,0.037874258333333334,0.0,4989.0
0.7936333601773089,0.459557554,0.026538946,0.1011631705,0.0,4989.0
0.7973971762585015,0.260470134,0.046289421,0.172608155,0.0,4989.0
0.7953136576144278,0.054585005,0.130725577,0.306532497,0.0,4989.0
0.7046940104880772,0.0,0.2099569645,0.447760029,0.0,4989.0
0.6320794261000803,0.0,0.27908614233333334,0.574365959,0.0,3714.3333333333335
0.6654286993744931,0.01173382775,0.32110197375,0.6660252755,0.0,1165.0
0.7729421608709441,0.080646626,0.2799481855,0.7283104405,0.0,1165.0
0.7765379860569485,0.19157786866666668,0.35137448666666665,0.7576971866666665,0.0,1165.0
0.7751081999066773,0.20980271799999997,0.43662037400000003,0.6741361490000001,0.0,1165.0
0.7761082569850374,0.1285783405,0.461287896,0.6481017364999999,0.0,1165.0
0.7749061825816659,0.05327932533333333,0.5036118396666667,0.5824820993333333,0.0,1165.0
0.7591981255055458,0.0061335235,0.5644924579999999,0.7044857885,0.0,1165.0
0.6902892323877714,0.0,0.553995596,0.770193853,0.0,1165.0
0.6403696853147723,0.0,0.524226095,0.7661662915,0.0,1165.0
0.6439279316402354,0.000857325,0.4885502485,0.76697241275,0.0,1165.0
0.7598980823237236,0.026191907666666667,0.43120930566666665,0.7079339803333333,0.0,1165.0
0.7760810994910669,0.092580683,0.3553069425,0.6346089795000001,0.0,1165.0
0.7748657086307693,0.18327297650000002,0.281846952,0.565735331,0.0,1165.0
0.772468092690971,0.262493845,0.2812532475,0.504393925,0.0,1165.0
0.7721574143362684,0.2424477605,0.2721163505,0.5004545485,0.0,1165.0
0.773032630620917,0.08309598233333333,0.226332341,0.467204923,0.0,1165.0
0.758351482893614,0.009984795,0.2005316485,0.4035049085,0.0,1165.0
0.6874582957633565,0.0,0.188457508,0.36990808,0.0,1165.0
0.6374631922717117,0.0,0.16901239299999998,0.3489305405,0.0,1165.0
0.6467232373011813,0.001130093,0.13315069075,0.26403127625,0.0,1165.0
0.7532654773173224,0.049095695,0.097033756,0.189130807,0.0,1165.0
0.7746768744814023,0.16484889949999998,0.067563718,0.208238066,0.0,1165.0
0.7672440392818256,0.278895473,0.07564341833333334,0.3087409506666667,0.0,1165.0
0.7629767054846347,0.3062786915,0.0972380715,0.355894575,0.0,1165.0
0.7614180804148271,0.22114513400000002,0.14064946550000001,0.42541193749999995,0.0,1165.0
0.7661022413640932,0.06526348666666668,0.2404784293333333,0.542917568,0.0,1165.0
0.7544263893756253,0.007321613,0.4045940175,0.686130523,0.0,1165.0
0.6799628912024267,0.0,0.4992909425,0.7864038280000001,0.0,1165.0
0.621283883700316,0.0,0.5780668459999999,0.863219104,0.0,1165.0
0.6575493247695064,0.00479587225,0.61026819225,0.8635491985000001,0.0,1165.0
0.7718725557649722,0.050103392499999996,0.6148416845,0.7902557375,0.0,1165.0
0.7749956975833183,0.1098690195,0.553751047,0.7503389045,0.0,1165.0
0.7732236159239159,0.1782205535,0.489572825,0.675674857,0.0,1165.0
0.7718691050406894,0.236878454,0.4165368375,0.6111851405,0.0,1165.0
0.7719581120312021,0.23146645249999998,0.3477761365,0.533134621,0.0,1165.0
0.7727903348381161,0.10029873433333332,0.24351391199999997,0.4078619353333333,0.0,1165.0
0.7586832391775901,0.012665850499999999,0.179457379,0.30026759000000003,0.0,1165.0
0.6813989680416145,0.0,0.167498892,0.272780287,0.0,1165.0
0.6226929517703534,0.0,0.148117508,0.202947849,0.0,1165.0
0.6147031404205121,0.00236619625,0.14384121049999998,0.17424695899999998,0.0,1165.0
0.6559108080546673,0.1257903016666667,0.12413728266666664,0.14727333866666667,0.0,1165.0
0.7212844735351166,0.31242623150000004,0.097747222,0.1520559715,0.0,1165.0
0.7086727140308564,0.45883711549999995,0.0690531695,0.28248109050000003,0.0,1165.0
0.6959213655703076,0.6074569665,0.08833483750000001,0.42966313050000005,0.0,1165.0
0.6909071849536077,0.5939199,0.1156628205,0.5002891905,0.0,1165.0
0.6955927544744788,0.334772213,0.121623193,0.5082156056666667,0.0,1165.0
0.7061039389778845,0.0613890775,0.185627889,0.5126261845,0.0,1165.0
0.6488983601492324,0.0,0.22979620774999998,0.57218215475,0.0,1165.0
0.6268724761494663,0.0,0.2802440683333333,0.6613331840000001,0.0,1165.0
0.6232988163908795,0.099122862,0.31507713049999997,0.747020136,0.0,1165.0
0.6541098948092002,0.3450622505,0.22809859000000002,0.784728227,0.0,1165.0
0.6866249621054171,0.553734256,0.209790978,0.798333577,0.0,1165.0
0.6873851327805786,0.6925979115,0.282749907,0.8280787034999999,0.0,1165.0
0.6888641404688454,0.7640815405000001,0.3160956625,0.777760689,0.0,1165.0
0.6918044104691818,0.7187187115,0.3726911425,0.7041907599999999,0.0,1165.0
0.6965989142515818,0.5596328645,0.3659433355,0.6179726475,0.0,1165.0
0.699862936468689,0.28069771099999996,0.383689115,0.5217878215,0.0,1165.0
0.695874890522896,0.0564889805,0.4159054985,0.508592989,0.0,1165.0
0.6665860553548184,0.0,0.372439769,0.46210068,0.0,1165.0
0.6268249760449927,0.0,0.32380832449999997,0.33996726899999996,0.0,1165.0
0.6361588178675692,0.0,0.19615888366666667,0.244707746,0.0,1165.0
0.7045804986032986,0.0978948,0.12398436,0.285076377,0.0,1165.0
0.7659192051067854,0.3201335535,0.067478671,0.4311797865,0.0,1165.0
0.7577214418510095,0.4902781655,0.0927761315,0.5550934455000001,0.0,1165.0
0.7592219498211956,0.5579349785000001,0.156905864,0.633452822,0.0,1165.0
0.7625699086087084,0.570948107,0.25278373,0.7621481115,0.0,1165.0
0.7627892796984581,0.5114968545,0.35228126299999996,0.7650968245,0.0,1165.0
0.7619379661976415,0.34260824749999996,0.3781235595,0.7078831055,0.0,1165.0
0.7629291275059611,0.191336685,0.441004258,0.74627388,0.0,1165.0
0.7396347893974045,0.0700336835,0.5345717185000001,0.72957256,0.0,1165.0
0.6685354929254316,0.0,0.577092913,0.681078249,0.0,1165.0
0.6193111070454519,0.0,0.5053211346666666,0.6936509423333334,0.0,1165.0
0.6194609692062112,0.000545779,0.3768821215,0.5668645885,0.0,1165.0
0.6899132306781979,0.11553709949999999,0.24241382849999998,0.39644800449999995,0.0,1165.0
0.7651041326517388,0.3112395225,0.100677398,0.2635561325,0.0,1165.0
0.7592174899523227,0.500797301,0.072655104,0.2074052915,0.0,1165.0
0.7577234135594759,0.7752565345,0.07332113700000001,0.188894699,0.0,1165.0
0.7594392088350932,0.869856177,0.06962375500000001,0.170976244,0.0,1165.0
0.7599526161472325,0.7483772280000001,0.051737309999999995,0.1525570415,0.0,1165.0
0.759678812836202,0.491419223,0.035785409000000004,0.15440547799999998,0.0,1165.0
0.7602940896682879,0.252214233,0.049967433,0.186787161,0.0,1165.0
0.7385879288098662,0.083162413,0.1009725065,0.265274169,0.0,1165.0
0.675889124863728,0.0,0.1894907595,0.42772270599999995,0.0,1165.0
0.6307877033095673,0.0,0.3179725393333333,0.6978326653333333,0.0,1165.0
0.6375300174638223,0.000602188,0.3695892455,0.7987928975,0.0,1165.0
0.7010306555636411,0.1250291825,0.3505402515,0.809456774,0.0,1165.0
0.7637984674303683,0.38762691000000005,0.242222234,0.8074728615,0.0,1165.0
0.7576733236611055,0.674706571,0.2092082235,0.8000345744999999,0.0,1165.0
0.7580292797200414,0.8785810545,0.237766805,0.8005517200000001,0.0,1165.0
0.7593973577832303,0.9178316165,0.26705044099999997,0.814165779,0.0,1165.0
0.7598825987694313,0.778041125,0.27492299600000003,0.80507885,0.0,1165.0
0.7589971562986969,0.498514401,0.26998241450000005,0.7855479919999999,0.0,1165.0
0.7449186968353357,0.143559268,0.3791881393333334,0.7982283376666667,0.0,1165.0
0.676018621123627,0.0,0.4346377445,0.80605503,0.0,1165.0
0.6297618894932857,0.0,0.4571621363333333,0.826236486,0.0,1165.0
0.6375184691982845,0.000896069,0.4181756055,0.8238160685,0.0,1165.0
0.7216237173301504,0.20337937900000003,0.295471877,0.789462162,0.0,1165.0
0.7624439331004739,0.5780185335,0.152012315,0.670176497,0.0,1165.0
0.7579141015587247,0.843773297,0.16862207099999998,0.5676309150000001,0.0,1165.0
0.7601049038189012,0.9507926033333334,0.20595354133333332,0.45441154533333333,0.0,1165.0
0.7617649995026774,0.7966397285,0.21013326300000001,0.42166237100000004,0.0,1165.0
0.7606345074640396,0.5118565804999999,0.191808782,0.409505351,0.0,1165.0
0.7617463625278523,0.265621476,0.244959974,0.429368312,0.0,1165.0
0.7387351698207181,0.094437744,0.3416268185,0.48618430999999995,0.0,1165.0
0.6683644038396397,0.0,0.3872045165,0.6198585025,0.0,1165.0
0.6226861683366833,0.0,0.3908828355,0.7866468135,0.0,1165.0
0.6339041009908589,0.02357586925,0.31522483525,0.75683415075,0.0,1165.0
0.7413611000346794,0.265447793,0.1827087585,0.669909755,0.0,1165.0
0.7645505402516524,0.497707111,0.083486447,0.583011152,0.0,1165.0
0.759833095663005,0.7164049145,0.07757298,0.5006672249999999,0.0,1165.0
0.764097714752873,0.9158612125000001,0.090851737,0.3984641255,0.0,1165.0
0.7717156203384644,0.9439897155,0.105222324,0.36417670150000003,0.0,1165.0
0.7714568629105905,0.790531411,0.10538813250000001,0.3664153215,0.0,1165.0
0.767032789388414,0.4263884723333333,0.09710420833333333,0.34907896633333335,0.0,1165.0
0.743116469221765,0.0955780135,0.143607923,0.32982196100000005,0.0,1165.0
0.6599349462380439,0.0,0.141972311,0.344756096,0.0,1165.0
0.6004310937930368,0.0,0.12348590366666666,0.3468566073333334,0.0,1165.0
0.6050607212366265,0.06730735275,0.09019486875,0.33133508324999994,0.0,1165.0
0.6618295604969543,0.48320778966666666,0.033648736000000005,0.273266873,0.0,1165.0
0.7021599036783869,0.8166835775,0.024398322,0.2254952555,0.0,1165.0
0.717907491524106,0.8696190954999999,0.022452887249999998,0.17222214775,0.0,1165.0
0.7194035042991063,0.606713362,0.0192078465,0.1579218795,0.0,1165.0
0.7217447166217794,0.325718085,0.0303416335,0.1326239245,0.0,1165.0
0.7015555642479823,0.0948049025,0.050330315,0.1101118005,0.0,1165.0
0.6527817432953661,0.0,0.048766463999999995,0.0976474675,0.0,1165.0
0.5999802395650525,0.0,0.03260688266666666,0.07094103,0.0,1165.0
0.6052312468677246,0.07570513625,0.01800576675,0.063833519,0.0,1165.0
0.6492220651600449,0.409386462,0.012347542,0.062337602500000006,0.0,1165.0
0.6985141528248955,0.699486853,0.0066507155,0.055713780000000004,0.0,1165.0
0.7204198510803078,0.881012193,0.007821424,0.0397032245,0.0,1165.0
0.737264346374274,0.8683267656666667,0.011833831666666664,0.026744366000000002,0.0,1165.0
0.7432882626454631,0.602814879,0.0205481175,0.039129269,0.0,1165.0
0.7362538989831522,0.3098467855,0.051456601000000005,0.0540749675,0.0,1165.0
0.7101340235488842,0.091501499,0.099963422,0.0847879985,0.0,1165.0
0.6422009052699736,0.0,0.10124770375,0.12992104175,0.0,1165.0
0.617090526328971,0.001490877,0.06110427066666666,0.133523511,0.0,1165.0
0.6879443817674715,0.149133923,0.044259987,0.110583946,0.0,1165.0
0.7655590474049467,0.40966261049999997,0.020035442,0.086378834,0.0,1165.0
0.7816939151201621,0.7004543590000001,0.008997163,0.079114943,0.0,1165.0
0.8161425056392535,0.898028019,0.017101591,0.09901035799999999,0.0,1165.0
0.8327988084931037,0.927694889,0.041627111,0.136183203,0.0,1165.0
0.8325577958161825,0.776143334,0.0644632985,0.2032134545,0.0,1165.0
0.8189320842170776,0.5044321355,0.0853015635,0.2520913275,0.0,1165.0
0.7696460445420777,0.15729206433333334,0.14222327166666668,0.25098229,0.0,1165.0
0.6707056630556487,0.0,0.159634904,0.19176487450000002,0.0,1165.0
0.6198156030398047,0.0,0.133059199,0.14283213966666666,0.0,1165.0
0.6528376541573169,0.07294260375,0.10161926249999999,0.12241839674999999,0.0,1165.0
0.7661483878455307,0.3935498565,0.0317814415,0.1023031955,0.0,1165.0
0.7891482905130973,0.6632617615,0.016468714,0.09102838499999999,0.0,1165.0
0.8224514600311119,0.8567342465000001,0.0235825005,0.09810349500000001,0.0,1165.0
0.8389016300965788,0.8787239325,0.035587267,0.1462455925,0.0,1165.0
0.8366859943761623,0.7149292535,0.0461732195,0.2018829815,0.0,1165.0
0.8241565286124377,0.453873442,0.0633062115,0.251034869,0.0,1165.0
0.7778149526609138,0.15044656633333334,0.12922974666666667,0.3150766543333334,0.0,1165.0
0.6732891082198449,0.0,0.16751240150000002,0.3227581645,0.0,1165.0
0.6200088731528637,0.0,0.18637394099999996,0.29671133200000005,0.0,1165.0
0.6178280544630734,0.003314011,0.1575768435,0.180919629,0.0,1165.0
0.7126114527801602,0.21690394433333335,0.084410657,0.09084535766666667,0.0,1165.0
0.7720173558213757,0.555765699,0.0148920255,0.032124921,0.0,1165.0
0.79225234893206,0.7965431315,0.021121296999999997,0.0206386795,0.0,1165.0
0.815480495533786,0.8191255420000001,0.0307685475,0.043732756,0.0,1165.0
0.810584520824795,0.7375752655,0.036291727499999996,0.052061317999999995,0.0,1165.0
0.7909808833332335,0.5470669100000001,0.035314414,0.058055486999999996,0.0,1165.0
0.7771228196311164,0.287345625,0.0389562405,0.08617873549999999,0.0,1165.0
0.7480913338403445,0.092720038,0.0574625795,0.1204441325,0.0,1165.0
0.6707851869631396,0.0,0.08371070850000001,0.314395902,0.0,1165.0
0.6221587242859775,0.0,0.1369775545,0.588709496,0.0,1165.0
0.6265347304766782,0.0302027795,0.18000165625000003,0.65822719775,0.0,1165.0
0.7404223757925066,0.249720037,0.1428639155,0.659125828,0.0,1165.0
0.7647219344567504,0.5424499425,0.1233291275,0.63724777,0.0,1165.0
0.7647648418591616,0.7815402645,0.12298667699999999,0.6400693645,0.0,1165.0
0.7779130349708402,0.85275473,0.16427316333333333,0.6932881853333334,0.0,1165.0
0.7675357597028705,0.628894033,0.19031929749999998,0.7187772029999999,0.0,1165.0
0.762486863949553,0.38532751249999997,0.2087194195,0.6961473825,0.0,1165.0
0.752789335826655,0.12357048266666666,0.23766098333333333,0.6337032653333333,0.0,1165.0
0.6707283841274143,0.0,0.278478275,0.530568642,0.0,1165.0
0.6200477431432554,0.0,0.31530927933333336,0.5199078540000001,0.0,1165.0
0.6177831521243635,0.002720861,0.31333285050000004,0.573424158,0.0,1165.0
0.7125399093889991,0.16714532566666665,0.28478500733333334,0.581636249,0.0,1165.0
0.7662354462616229,0.4667185975,0.3021772325,0.5702595155000001,0.0,1165.0
0.7577524955559545,0.6890640065,0.3371489755,0.5959881255,0.0,1165.0
0.7580019346527271,0.787958662,0.3483582905,0.6063280435,0.0,1165.0
0.7581711458167246,0.5873451494999999,0.37823688200000005,0.566929848,0.0,1165.0
0.7594861765751547,0.327926587,0.33425066400000003,0.5239631385000001,0.0,1165.0
0.7379660090678068,0.122894275,0.2882462895,0.49228693749999997,0.0,1165.0
0.6639414647193638,0.000521555,0.28674848249999996,0.47900686400000003,0.0,1165.0
0.6024578878403111,0.0,0.27961889833333337,0.503516282,0.0,1165.0
0.607061527658824,0.089492455,0.16929310150000002,0.34676875775000005,0.0,1165.0
0.6507922857013484,0.423798208,0.07005125400000001,0.15827055699999998,0.0,1165.0
0.6855351000161733,0.7119345365,0.1177849775,0.10849692,0.0,1165.0
0.6880854262929086,0.815157549,0.1293712475,0.1800754075,0.0,1165.0
0.6907943539600673,0.8150888009999999,0.140553853,0.2657395965,0.0,1165.0
0.6949935090150565,0.7011652694999999,0.15582665099999998,0.36246384649999996,0.0,1165.0
0.7014396975882861,0.405087292,0.1550039006666667,0.4701162443333333,0.0,1165.0
0.6955365154008591,0.125441304,0.19731950650000002,0.5295119909999999,0.0,1165.0
0.6597599609412774,0.000568754,0.2439367,0.507984486,0.0,1165.0
0.6085592072313993,0.0,0.23970279433333333,0.37202765,0.0,1165.0
0.6128612174052604,0.07193508900000001,0.150563209,0.191286734,0.0,1165.0
0.6479949850415792,0.349110123,0.0378202105,0.09372207199999999,0.0,1165.0
0.6862054899607786,0.6032683784999999,0.0797659325,0.182733869,0.0,1165.0
0.6917788723584135,0.7884590615,0.162418009,0.3121336285,0.0,1165.0
0.7050769358423954,0.7923943019999999,0.214250023,0.4288711255,0.0,1165.0
0.7096068377241485,0.574104821,0.2241665305,0.538522689,0.0,1165.0
0.708410717523956,0.2857586025,0.17677184099999999,0.638300442,0.0,1165.0
0.7031359406353676,0.069266862,0.256959235,0.7521873683333333,0.0,1165.0
0.6602418687491578,0.0006547395,0.387384824,0.778635572,0.0,1165.0
0.619467431816518,0.0,0.4418819813333333,0.7495813443333333,0.0,1165.0
0.6181949955047954,0.0078040235,0.4014456635,0.6508731084999999,0.0,1165.0
0.6879012398983806,0.1621981925,0.34155924449999997,0.58909887,0.0,1165.0
0.7630705943840441,0.412103679,0.1991879685,0.5619712295,0.0,1165.0
0.7646485135606247,0.7130202035,0.229626186,0.5372977210000001,0.0,1165.0
0.7751092794954786,0.9041364574999999,0.2990069325,0.473813848,0.0,1165.0
0.788864886573083,0.930996662,0.3489555245,0.5033824175,0.0,1165.0
0.7903502082927267,0.7825474515,0.31649629700000004,0.5841774135,0.0,1165.0
0.7802791040962138,0.513882205,0.228652152,0.583976028,0.0,1165.0
0.7571056719094441,0.1869174126666667,0.206232033,0.5275542463333334,0.0,1165.0
0.669035732588831,0.001015179,0.198324987,0.4369195135,0.0,1165.0
0.6193312147828665,0.0,0.14939754066666666,0.3324120566666666,0.0,1165.0
0.6187215476442511,0.0087352695,0.096721486,0.317346858,0.0,1165.0
0.6878483332736298,0.17767522600000002,0.0854083215,0.379320389,0.0,1165.0
0.7649486290350893,0.425550556,0.049476142,0.3671852865,0.0,1165.0
0.7664221677098932,0.63857335,0.061000263,0.328444771,0.0,1165.0
0.775958903273089,0.8071926895,0.084373859,0.306524254,0.0,1165.0
0.7920734598171779,0.896536125,0.11319978366666668,0.31589384133333337,0.0,1165.0
0.7901270344660525,0.608431225,0.12939146,0.360698168,0.0,1165.0
0.7775801290706811,0.310784658,0.1225440225,0.371180915,0.0,1165.0
0.7563013732504399,0.086188504,0.15834377366666666,0.337628716,0.0,1165.0
0.6707476313408516,0.0008882545,0.200935668,0.31882529800000003,0.0,1165.0
0.6222755690051924,0.0,0.24086357949999998,0.4624827975,0.0,1165.0
0.626595089249701,0.0213183945,0.246309525,0.5669437305,0.0,1165.0
0.7403895148183933,0.190996899,0.217891462,0.5648240445,0.0,1165.0
0.7658927757100112,0.370750427,0.190388902,0.553146243,0.0,1165.0
0.7613593762106394,0.6198809995000001,0.20994018949999999,0.5705809625,0.0,1165.0
0.7706567888201201,0.8499122415,0.243613315,0.612685301,0.0,1165.0
0.7861018555632395,0.8934316680000001,0.268837376,0.6562184385000001,0.0,1165.0
0.7867586079878783,0.7489773705,0.27353967,0.675774098,0.0,1165.0
0.7770110684347922,0.48311879,0.2499363415,0.59989753,0.0,1165.0
0.7571731778885855,0.18810074833333335,0.24935873100000003,0.5022702819999999,0.0,1165.0
0.6714333719752971,0.0015792585,0.2777371845,0.492632131,0.0,1165.0
0.6220833081096685,0.0,0.2537118755,0.4317910615,0.0,1165.0
0.6266859737555994,0.039632359,0.1670030685,0.33212923299999997,0.0,1165.0
0.7413126298321335,0.266489172,0.050294178999999994,0.26426960850000003,0.0,1165.0
0.7612034033480081,0.5434737555,0.034454426999999996,0.248189685,0.0,1165.0
0.7590928605954527,0.7395796103333332,0.051778247666666666,0.2657210536666667,0.0,1165.0
0.7625681363532312,0.71202610825,0.07348036875,0.31286325025,0.0,1165.0
0.7626688204096446,0.417638878,0.06884560249999999,0.3071207415,0.0,1165.0
0.7498614903719943,0.16122281266666666,0.05434164833333333,0.2752671713333333,0.0,1165.0
0.6685594816803797,0.001824433,0.0605732735,0.2541621475,0.0,1165.0
0.6223081012674412,0.0,0.09170394066666666,0.31560737633333336,0.0,1165.0
0.6263551329233281,0.0117404975,0.11563549249999999,0.38457472449999996,0.0,1165.0
0.6889024470097536,0.17955945,0.103517019,0.4411224535,0.0,1165.0
0.7631736374878788,0.4252316705,0.0537395295,0.4583911215,0.0,1165.0
0.7609085924477081,0.71391044,0.08510366999999999,0.5054676455,0.0,1165.0
0.7644001070551101,0.9019770275,0.1330145995,0.5537077054999999,0.0,1165.0
0.773924402441518,0.9295264675,0.1729783965,0.5796345380000001,0.0,1165.0
0.7734789001187056,0.7227166276666667,0.20048802633333332,0.599891269,0.0,1165.0
0.7691878747661093,0.3576159355,0.1926253455,0.5855687924999999,0.0,1165.0
0.7453389588721666,0.13491414000000002,0.3149703755,0.5788679050000001,0.0,1165.0
0.6593706273312392,0.001625203,0.3799918835,0.5450733034999999,0.0,1165.0
0.5976215797326524,0.0,0.3527556836666667,0.4630675833333333,0.0,1165.0
0.59095749065511,0.0128563845,0.306380031,0.32540018150000005,0.0,1165.0
0.6041220206130637,0.1621910445,0.2068298305,0.21300310849999998,0.0,1165.0
0.6495476480926516,0.3787511405,0.114432977,0.2173770465,0.0,1165.0
0.6954631176387791,0.614089952,0.15226490799999998,0.2459834885,0.0,1165.0
0.7116035719134195,0.800893938,0.19551701700000002,0.2133886255,0.0,1165.0
0.72601388905457,0.8495160705,0.2142683615,0.1810669755,0.0,1165.0
0.7304083329703113,0.7248826425,0.22572715399999999,0.150574345,0.0,1165.0
0.7296127659546718,0.46222180449999994,0.2204491695,0.145348642,0.0,1165.0
0.7162267364080283,0.13127713133333332,0.2584629823333333,0.23392715333333333,0.0,1165.0
0.6555597733262923,0.002298299,0.333536685,0.4118146665,0.0,1165.0
0.5968180634003826,0.0,0.3604798603333334,0.6065998789999999,0.0,1165.0
0.5960310440968131,0.06432451,0.2531892915,0.62216282225,0.0,1165.0
0.648116125221631,0.361593318,0.13796040199999998,0.509052022,0.0,1165.0
0.6872953282907321,0.669267963,0.14352228649999998,0.385220884,0.0,1165.0
0.6921079294619712,0.8770085635,0.1601768425,0.37186405,0.0,1165.0
0.6985291280554259,0.9209484290000001,0.153621059,0.386953538,0.0,1165.0
0.7072191034607278,0.7905497455,0.13303067699999999,0.3950800405,0.0,1165.0
0.7092688377487993,0.5258435785,0.110329998,0.348511429,0.0,1165.0
0.7056295187852695,0.20180008633333332,0.11123009099999999,0.31815816133333336,0.0,1165.0
0.6603944849868006,0.002889979,0.150158909,0.3176425315,0.0,1165.0
0.6195114501533204,0.0,0.12014656066666667,0.36512617500000005,0.0,1165.0
0.6201704402133236,0.0151888825,0.086639261,0.40411941500000004,0.0,1165.0
0.7119430422553698,0.235715385,0.06469438433333334,0.393195159,0.0,1165.0
0.7646957864199923,0.5624862245,0.0664587735,0.350455368,0.0,1165.0
0.7630573557700556,0.804002415,0.093683797,0.3705183875,0.0,1165.0
0.7750450479737803,0.8832010865,0.14178056075,0.43819728775,0.0,1165.0
0.7754567622412274,0.649956983,0.20475179799999998,0.5075349055,0.0,1165.0
0.7721400215979577,0.36361749649999997,0.20972584100000002,0.5245580415,0.0,1165.0
0.7474632176128704,0.1534950075,0.29521418450000003,0.5573662175,0.0,1165.0
0.669233133838057,0.0032276005,0.37544514149999997,0.5791450245,0.0,1165.0
0.6195948390720863,0.0,0.37943054033333334,0.594650652,0.0,1165.0
0.6192033147408613,0.015971306,0.3547922155,0.5723008705,0.0,1165.0
0.7121433384907437,0.23768125066666665,0.2849873646666667,0.5461038020000001,0.0,1165.0
0.7661637150887031,0.5622196695,0.284492426,0.5185320025,0.0,1165.0
0.7785746853523173,0.8207604023333334,0.44010609766666664,0.5667603993333333,0.0,1165.0
0.8042236459229374,0.885333469,0.6391939456666667,0.6608652886666667,0.0,1165.0
0.8096391542978933,0.6452094595,0.7190544514999999,0.709520967,0.0,1165.0
0.8010776656952783,0.363569696,0.7192905745,0.7695393225,0.0,1165.0
0.7633852861830611,0.154587888,0.7355390705,0.8418675935,0.0,1165.0
0.6788221654747693,0.003975512,0.716344101,0.875052662,0.0,1165.0
0.6219526538032065,0.0,0.638487039,0.8704496036666667,0.0,1165.0
0.6182348748169297,0.0162020635,0.4949761645,0.7779162065,0.0,1165.0
0.7124437984749168,0.23125690033333335,0.40295815933333334,0.6577631,0.0,1165.0
0.7634837756313512,0.500988271,0.3661441465,0.4995366825,0.0,1165.0
0.7614983552409381,0.6574849935,0.3897576875,0.4704695765,0.0,1165.0
0.7693734068951721,0.7472725036666666,0.3982771583333333,0.48041299033333335,0.0,1165.0
0.7700976342451433,0.6214688595,0.467822872,0.48298466500000004,0.0,1165.0
0.7666075748942677,0.43415404550000003,0.49327525549999995,0.4912843335,0.0,1165.0
0.7535837604164227,0.18334612466666667,0.42957222899999997,0.5366215316666666,0.0,1165.0
0.6713012234283156,0.0046379555,0.356022635,0.609713626,0.0,1165.0
0.622279582762129,0.0,0.291863768,0.6496683025000001,0.0,1165.0
0.6264270400713067,0.049477876,0.16746150375,0.469548923,0.0,1165.0
0.7400770057478544,0.28138908,0.055469481,0.269541808,0.0,1165.0
0.7617177497773557,0.5353560165,0.0426470545,0.16081084550000002,0.0,1165.0
0.7577837602809114,0.758085374,0.045883298,0.09723456550000001,0.0,1165.0
0.7604799429645983,0.8918661745,0.03560922225,0.08438309499999999,0.0,1165.0
0.7615788413996831,0.6578961435,0.0391232735,0.07946178000000001,0.0,1165.0
0.7631737078278829,0.35992510600000005,0.0451723705,0.11631319100000001,0.0,1165.0
0.7412059956366301,0.16132946250000002,0.058170426,0.215508017,0.0,1165.0
0.6697158632171836,0.005326978,0.1259547405,0.405746561,0.0,1165.0
0.6228117680729857,0.0003303345,0.287974803,0.62600875375,0.0,1226.0
0.6404208546977366,0.0895544895,0.3523143515,0.710071277,0.0,1287.0
0.7371240138980919,0.2412702745,0.27800174099999997,0.6806353185,0.0,1287.0
0.7665788214637629,0.444451346,0.298534927,0.627415504,0.0,1287.0
0.7603455644831805,0.6065215424999999,0.341593956,0.5462708464999999,0.0,1287.0
0.7620231235578936,0.7636004105,0.3317712465,0.4872689995,0.0,1287.0
0.7705835558099603,0.7691391245,0.3713868215,0.4508754495,0.0,1287.0
0.7762947671006737,0.6307154005,0.3926592165,0.479030181,0.0,1287.0
0.7710634687753286,0.42765437100000003,0.3429258205,0.476632061,0.0,1287.0
0.7543165317322075,0.15175352633333336,0.2758996963333334,0.41882804799999995,0.0,1287.0
0.665348717788043,0.004711127,0.289632884,0.4127671015,0.0,1287.0
0.6005416635482338,0.0,0.25325816966666664,0.460267215,0.0,1287.0
0.5978487907525106,0.09599064625,0.12617695175,0.37636596699999997,0.0,1287.0
0.6529179524926202,0.404429182,0.031270899000000005,0.278118777,0.0,1287.0
0.7022940705145485,0.66290887,0.060085096,0.2902838655,0.0,1287.0
0.720113210241832,0.765146461,0.1300474545,0.3528585745,0.0,1287.0
0.7307469430279614,0.73957316025,0.1636298865,0.41927772499999993,0.0,1287.0
0.7280967427511397,0.3905259833333334,0.19544391866666666,0.40178011566666666,0.0,1287.0
0.7129189778185374,0.148030236,0.228325416,0.3983778425,0.0,1287.0
0.6600159957420652,0.00517551,0.285955594,0.407627888,0.0,1287.0
0.6004844539284501,0.0,0.3097127986666666,0.5734677733333333,0.0,1287.0
0.597878729568393,0.0792947665,0.22831169524999997,0.5981671120000001,0.0,1287.0
0.6513443518796601,0.3479036045,0.119696354,0.3707112145,0.0,1287.0
0.6966047352776867,0.6287578785,0.1629846995,0.3105130325,0.0,1287.0
0.7118495133925733,0.7627288125,0.24083557749999998,0.337735045,0.0,1287.0
0.7241674946919989,0.6962618453333334,0.29923903933333335,0.46708278499999994,0.0,1287.0
0.7268736764938182,0.4124039605,0.34785618,0.5714788749999999,0.0,1287.0
0.727204376427246,0.181053669,0.3439323145,0.5733977575,0.0,1287.0
0.7091348115926457,0.050210216,0.354612226,0.5987721095,0.0,1287.0
0.6689969327300284,0.002799781,0.392980128,0.628512901,0.0,1287.0
0.623783611390193,0.00027614275,0.480265881,0.67449314475,0.0,1287.0
0.641419245489138,0.062318452,0.5375648645,0.8475862085,0.0,1287.0
0.7374522963237394,0.195068305,0.6377093094999999,0.9044648845000001,0.0,1287.0
0.7596368445509991,0.355864503,0.6843792369999999,0.8900828475,0.0,1287.0
0.7577967641155978,0.617571382,0.7742321495,0.9106240475,0.0,1287.0
0.7584721769617296,0.73097981825,0.8141441469999999,0.9156323365,0.0,1287.0
0.7527624209275425,0.5164199335,0.8563630170000001,0.914562862,0.0,1287.0
0.7501640002201937,0.26562250600000004,0.845957181,0.9281143935,0.0,1287.0
0.7375651976572837,0.108499074,0.8193984590000001,0.9268110335,0.0,1287.0
0.6725252523537208,0.00367612,0.806747245,0.936205328,0.0,1287.0
0.6226864382078318,0.00026124025,0.8111045452499999,0.936132127,0.0,1287.0
0.6431401104658313,0.053277081500000004,0.7828925075,0.9370723135000001,0.0,1287.0
0.7409397033875328,0.1671880015,0.8162594145,0.9369081605,0.0,1287.0
0.7688175537152551,0.3141676395,0.7723693505,0.9326992835000001,0.0,1287.0
0.7657971026754795,0.45503145,0.7178832534999999,0.911753841,0.0,1287.0
0.7657402763930862,0.5263571684999999,0.6210820315000001,0.827535915,0.0,1287.0
0.7679343883849155,0.5216205730000001,0.599442902,0.758799228,0.0,1287.0
0.7623814033379378,0.4302647265,0.5907738975000001,0.7531066005,0.0,1287.0
0.7583463189994571,0.24498191600000002,0.554534317,0.7186496195000001,0.0,1287.0
0.7458158437785203,0.13679155,0.42721140950000003,0.706208165,0.0,1287.0
0.6793815082483343,0.008051833,0.382906625,0.70475323,0.0,1287.0
0.6355406536564766,0.0,0.420715744,0.691709913,0.0,1287.0
0.6462522908105837,0.04806660875,0.32111867974999997,0.67212070375,0.0,1287.0
0.7411169658246939,0.261338443,0.2785855025,0.58943499,0.0,1287.0
0.7653343714284101,0.4803942665,0.3268620115,0.5392586455,0.0,1287.0
0.7628915481243826,0.621098522,0.4078071165,0.510111866,0.0,1287.0
0.7633846916797684,0.6131416396666666,0.38715171633333334,0.4342887483333333,0.0,1287.0
0.7618381387261652,0.5235822155,0.314593002,0.3625295885,0.0,1287.0
0.7600541102078692,0.33100951633333336,0.24446104199999996,0.408738985,0.0,1287.0
0.749323484066295,0.130848847,0.16818722549999998,0.4541744305,0.0,1287.0
0.6873396202970432,0.0057368165,0.2063527295,0.5059897074999999,0.0,1287.0
0.6469310365224139,0.0,0.253993327,0.565766012,0.0,1287.0
0.6517483402615913,0.004983251,0.2628254306666667,0.5821330203333334,0.0,1287.0
0.7204440669032094,0.10357807266666667,0.26658742933333335,0.5556521053333333,0.0,1287.0
0.7648768512814559,0.1853674995,0.407500535,0.6678411785,0.0,1287.0
0.7576807646956569,0.30684301199999997,0.4992377095,0.752603265,0.0,1287.0
0.7567123870877586,0.37267567900000004,0.41042593499999996,0.680392688,0.0,1287.0
0.7586409892197492,0.307267025,0.42278895250000004,0.6550737055,0.0,1287.0
0.7538869275007775,0.2558468335,0.38516051100000004,0.5119226095,0.0,1287.0
0.7393347207120685,0.12617576233333333,0.308515677,0.38146652166666667,0.0,1287.0
0.6687827020877677,0.0082293755,0.2508426225,0.2901999865,0.0,1287.0
0.6245442284273884,0.0,0.275892301,0.31283011250000003,0.0,1287.0
0.6372266156731108,0.049940362749999995,0.18094825774999998,0.2147744105,0.0,1287.0
0.7402096941934441,0.282266067,0.078727101,0.1101202295,0.0,1287.0
0.7642871119348937,0.5098750365,0.079349384,0.08585203050000001,0.0,1287.0
0.7554382843119246,0.5908813279999999,0.10888502966666667,0.128832633,0.0,1287.0
0.7559205719037227,0.57576429975,0.096057491,0.17640045975000002,0.0,1287.0
0.7507835962411444,0.4187998725,0.088098325,0.19048470099999998,0.0,1287.0
0.7389874257480784,0.18507636933333335,0.07032473033333332,0.15845359800000003,0.0,1287.0
0.6649589147444495,0.009237526,0.0830946325,0.14983896000000002,0.0,1287.0
0.6135540466395756,0.0,0.07242132966666666,0.14807180033333334,0.0,1287.0
0.6145967408948931,0.06894242625,0.0479916135,0.14263950525,0.0,1287.0
0.6497845297792963,0.21395126650000001,0.024689935,0.2051920645,0.0,1287.0
0.6862271861526348,0.3923684566666667,0.046532833999999995,0.25075311966666664,0.0,1287.0
0.692819008441574,0.41763980475,0.066934455,0.29710451125000004,0.0,1287.0
0.6997830760754606,0.274689767,0.05356199433333333,0.28683714433333335,0.0,1287.0
0.7019784164642773,0.107575438,0.031786309,0.2088692125,0.0,1287.0
0.6856685400056275,0.03474191,0.035208001,0.1470839,0.0,1287.0
0.6205535770878491,0.0,0.0421291195,0.1362555995,0.0,1287.0
0.608944315809181,0.00544847025,0.04360921625,0.1633058255,0.0,1287.0
0.6059849160319517,0.10709372349999999,0.0264688905,0.1464441755,0.0,1287.0
0.6486097457343473,0.2695091105,0.016922404000000002,0.182195312,0.0,1287.0
0.6894636754164615,0.49361278666666664,0.026593695333333334,0.24667352533333334,0.0,1287.0
0.707945114841614,0.5949349846666666,0.041393722333333334,0.2838395413333334,0.0,1287.0
0.7159019438886509,0.4532695565,0.051783277,0.3018117505,0.0,1287.0
0.7174844870607804,0.3070900625,0.0474762865,0.3223390195,0.0,1287.0
0.7119104944245334,0.1629499355,0.080199978,0.34090665600000003,0.0,1287.0
0.6773633752751644,0.036674686666666664,0.18133257300000002,0.3690859323333333,0.0,1287.0
0.6265221611087496,0.0,0.2244274385,0.43643776850000005,0.0,1287.0
0.6301081280389926,0.03890718825,0.18873972375,0.38973158975,0.0,1287.0
0.7384070518343687,0.22594492600000002,0.0998043865,0.3861010325,0.0,1287.0
0.7655428830636235,0.46022461333333337,0.085780776,0.30101170466666666,0.0,1287.0
0.7785501334605079,0.655166202,0.16245393900000002,0.27248572299999996,0.0,1287.0
0.7909668702497498,0.5953811096666667,0.2585407606666667,0.3013746533333333,0.0,1287.0
0.7750620769761151,0.342212307,0.267926295,0.3727709855,0.0,1287.0
0.7550458758745848,0.153340497,0.27753636333333337,0.4031012596666667,0.0,1287.0
0.674678710011621,0.0112881745,0.314442866,0.47886260550000004,0.0,1287.0
0.6251947763947453,0.0,0.348594807,0.5662155403333333,0.0,1287.0
0.6225540431738454,0.028747216500000002,0.31661196550000004,0.5319570220000001,0.0,1287.0
0.7106585179045503,0.170290209,0.267398335,0.49963951133333334,0.0,1287.0
0.7586854219060682,0.42444614599999997,0.279546913,0.4763287125,0.0,1287.0
0.7577273097704504,0.6317686155,0.349045355,0.442671481,0.0,1287.0
0.761879426589063,0.6838317942500001,0.3355799805,0.41267844600000003,0.0,1287.0
0.7620844093965375,0.44782960400000005,0.27446813150000005,0.458682817,0.0,1287.0
0.7618131645859174,0.270871311,0.2357622055,0.47250896099999995,0.0,1287.0
0.7416771064102148,0.1276042015,0.174999595,0.444148641,0.0,1287.0
0.6682481930870648,0.0095707045,0.147586557,0.35156147449999997,0.0,1287.0
0.6243017605877277,0.0,0.122441559,0.29864850099999996,0.0,1287.0
0.63050138140046,0.04706017525,0.06002159324999999,0.20217290125,0.0,1287.0
0.7369346401627391,0.25013859800000005,0.016270279999999998,0.09704050550000001,0.0,1287.0
0.7591885723951423,0.4813391215,0.0167152195,0.0479609685,0.0,1287.0
0.7582481584297633,0.5657170730000001,0.026267531,0.048842759,0.0,1287.0
0.758499170016402,0.5325290395,0.0266226595,0.079069815,0.0,1287.0
0.7596506384862929,0.49629141,0.03545176966666667,0.14761950533333335,0.0,1287.0
0.7584327593613813,0.30719760533333335,0.03043005266666667,0.11511105433333334,0.0,1287.0
0.7375480631449431,0.13404561199999998,0.025089826,0.077567953,0.0,1287.0
0.6680306992938652,0.012457573,0.030418491,0.05863283,0.0,1287.0
0.6223206980888127,0.0,0.041509056,0.05867415633333334,0.0,1287.0
0.6209432861884594,0.031979338,0.044219645,0.099070036,0.0,1287.0
0.6860929878458344,0.1920015865,0.034477481,0.1338637375,0.0,1287.0
0.760199990061489,0.4194892855,0.025317185,0.1674201465,0.0,1287.0
0.7593820067807677,0.5488279925,0.0456585625,0.2231863455,0.0,1287.0
0.761638859867767,0.629170829,0.07220637299999999,0.2758187965,0.0,1287.0
0.7680344268764037,0.5345338675,0.10344833149999999,0.361401981,0.0,1287.0
0.768104773132801,0.328160043,0.132026027,0.4348009405,0.0,1287.0
0.765541959785942,0.244658233,0.153331861,0.5352239345,0.0,1287.0
0.762578710800492,0.111687183,0.252874679,0.6248917935,0.0,1287.0
0.6910063315338458,0.012928715666666667,0.44196147666666663,0.782844483,0.0,1287.0
0.626741344593893,0.0,0.5554051744999999,0.879490965,0.0,1287.0
0.6304043355635176,0.017948692750000002,0.53366820075,0.88817695825,0.0,1287.0
0.739318876808541,0.1441092015,0.4652844095,0.8671277915,0.0,1287.0
0.7641135818946536,0.313234621,0.4471534695,0.8614838065,0.0,1287.0
0.7618206130191951,0.5252296336666666,0.5633693093333333,0.8305958563333333,0.0,1287.0
0.7686436951090407,0.5661213062499999,0.6524620514999999,0.8311759325,0.0,1287.0
0.7644901545566444,0.35862537066666667,0.5028515873333333,0.8208999766666666,0.0,1287.0
0.7465742074971358,0.148182492,0.375311624,0.818665414,0.0,1287.0
0.6627591461658136,0.014762948,0.37078675149999996,0.8043606515,0.0,1287.0
0.6041750912707038,0.0,0.32897365850000004,0.690685014,0.0,1287.0
0.5927943436722947,0.05310881275,0.25751886525,0.5206399625,0.0,1287.0
0.622834113622917,0.260729353,0.1017132435,0.402773914,0.0,1287.0
0.6781165673882745,0.508633908,0.1089589625,0.3879477765,0.0,1287.0
0.7064122075361556,0.657763189,0.222791871,0.39638181266666667,0.0,1287.0
0.7185345398340092,0.586787508,0.2543338985,0.4129411715,0.0,1287.0
0.7246199762021073,0.45210490400000003,0.22913680000000003,0.44165581400000004,0.0,1287.0
0.7257698720779244,0.2640503925,0.1206053845,0.385082189,0.0,1287.0
0.702723236345391,0.10343575433333334,0.10938792000000001,0.30314866366666665,0.0,1287.0
0.6193753894620508,0.000556851,0.1245829515,0.22262015699999999,0.0,1287.0
0.5925342128792901,0.01296262175,0.08224337749999999,0.0956894885,0.0,1287.0
0.6042609291470473,0.1249216055,0.033317843,0.045173585,0.0,1287.0
0.6543884865550775,0.309277664,0.0118481785,0.044017893,0.0,1287.0
0.7007067858009082,0.5135911950000001,0.018240771000000003,0.034892439,0.0,1287.0
0.7162149690985078,0.7015293490000001,0.028346424500000002,0.042780148000000004,0.0,1287.0
0.7282595227546278,0.6631838274999999,0.030473932000000002,0.078504583,0.0,1287.0
0.7325407599048963,0.5172012185,0.03231602,0.1749442575,0.0,1287.0
0.7352546635802457,0.3416179655,0.0492481075,0.3529091485,0.0,1287.0
0.7300215107797741,0.18467366600000001,0.0868280265,0.47714535599999996,0.0,1287.0
0.7055431409477932,0.059837062999999996,0.18312549849999998,0.5477797360000001,0.0,1287.0
0.6433633780791777,0.0,0.2671983095,0.6123803335,0.0,1287.0
0.6235262738456389,0.00697844725,0.32437020475,0.71571453225,0.0,1287.0
0.7147987655508959,0.09274022133333333,0.29156757133333333,0.70927698,0.0,1287.0
0.7663629473663875,0.2838357845,0.3372913455,0.7248766550000001,0.0,1287.0
0.7613094979575254,0.494480594,0.505824751,0.7652984835000001,0.0,1287.0
0.7687049571883945,0.617721465,0.443246495,0.760474219,0.0,1287.0
0.7694565298140948,0.5927792373333333,0.49163893733333336,0.8342108873333333,0.0,1287.0
0.7607628770333865,0.338047089,0.467651812,0.871326492,0.0,1287.0
0.7589697643380466,0.1319922505,0.378517923,0.87275158,0.0,1287.0
0.6903689045824114,0.021057878333333335,0.3274605643333333,0.872056498,0.0,1287.0
0.62330078802119,0.00052077725,0.29600711675,0.87631386575,0.0,1287.0
0.6409182074198003,0.044654185500000006,0.267049694,0.8632173354999999,0.0,1287.0
0.738303492591216,0.1012742495,0.308938925,0.866414764,0.0,1287.0
0.7631720643727682,0.1523262915,0.4296013305,0.8852335325,0.0,1287.0
0.7567068792049305,0.148960113,0.530000334,0.9113464535,0.0,1287.0
0.7546261379489387,0.18602818525,0.53069976575,0.9077191995,0.0,1287.0
0.7537034219974877,0.27464036199999997,0.5289497885,0.8727448955,0.0,1287.0
0.7510403588265064,0.1988642325,0.46090216500000003,0.787961836,0.0,1287.0
0.7341350629878198,0.113798753,0.46502647399999997,0.8433274390000001,0.0,1287.0
0.6676313900332043,0.009624509,0.5233916205,0.8956716155,0.0,1287.0
0.6229854154403526,0.00048999425,0.5793607042500001,0.9130870645,0.0,1287.0
0.6407305941540665,0.095209651,0.5883979515,0.8698257715,0.0,1287.0
0.7373658012529234,0.257533373,0.5767847935,0.8356189915,0.0,1287.0
0.7629621760534182,0.51066682,0.6816737829999999,0.873178326,0.0,1287.0
0.7591230849135956,0.6501393275,0.7470026965,0.856794908,0.0,1287.0
0.7620876367522299,0.7226915275000001,0.7148577225,0.7931965495000001,0.0,1287.0
0.7594171448952756,0.6027004415,0.6789165914999999,0.77820596,0.0,1287.0
0.760011202805458,0.3035117975,0.555418792,0.800660555,0.0,1287.0
0.7395953092726082,0.1331297535,0.431152738,0.809668725,0.0,1287.0
0.6686515392387082,0.018366817,0.382863309,0.7205429045,0.0,1287.0
0.6252162848361049,0.0,0.355049913,0.632456471,0.0,1287.0
0.6180342813194888,0.002410215,0.263364366,0.471562492,0.0,1287.0
0.6393256650253314,0.11432515400000001,0.1589852785,0.2804021765,0.0,1287.0
0.7372703633103158,0.261572957,0.063043164,0.1447917635,0.0,1287.0
0.7597203353220907,0.5210844935,0.094234471,0.1744976505,0.0,1287.0
0.7578416432264752,0.646152355,0.1537274125,0.262214758,0.0,1287.0
0.7563681983383431,0.563352155,0.13306389600000001,0.29921707200000003,0.0,1287.0
0.7552331057508246,0.42659800049999996,0.1169152485,0.33247773999999997,0.0,1287.0
0.7521820236713721,0.2789813735,0.108594935,0.3221402995,0.0,1287.0
0.7510842988201756,0.131708854,0.08172821150000001,0.26481438749999997,0.0,1287.0
0.7335279071436569,0.049265236000000004,0.111975445,0.323534619,0.0,1287.0
0.6682065533678361,0.008126615,0.184892726,0.44431882749999996,0.0,1287.0
0.626741344593893,0.0,0.27210295149999997,0.5679002115,0.0,1287.0
0.6301677122747853,0.00642695975,0.50131414325,0.7156972914999999,0.0,1287.0
0.7368355876817951,0.0613832035,0.6182034175,0.767582502,0.0,1287.0
0.7636382929248342,0.19114334249999998,0.6319652915,0.802602705,0.0,1287.0
0.7565907853730733,0.30821283499999996,0.6784752384999999,0.8444348865,0.0,1287.0
0.7587225548630883,0.4039676015,0.589882688,0.9187881995,0.0,1287.0
0.763162863587629,0.386138806,0.6508222055,0.8311549,0.0,1287.0
0.7610071756826701,0.29875208799999997,0.6413407345,0.7928282715,0.0,1287.0
0.7581090621661248,0.13839786399999998,0.6017389879999999,0.735653315,0.0,1287.0
0.7399846896509334,0.052580512999999995,0.5851326635,0.7489281385,0.0,1287.0
0.6613643332739225,0.0052722375,0.573108715,0.686729558,0.0,1287.0
0.5991618105267004,0.0,0.5514539173333334,0.6583311293333334,0.0,1287.0
0.5969874193188978,0.040291864250000003,0.53802024875,0.5851052842500001,0.0,1287.0
0.6473634652957805,0.1890330465,0.5143035055,0.537868137,0.0,1287.0
0.6858285965483698,0.375892547,0.530085365,0.5472074239999999,0.0,1287.0
0.6919092137404341,0.5254730169999999,0.47423942466666663,0.565715741,0.0,1287.0
0.6961005994033129,0.4242710625,0.45096515049999997,0.5661245005,0.0,1287.0
0.6981045861159247,0.2627523535,0.3479769475,0.4706414205,0.0,1287.0
0.6949347657330889,0.10030721833333334,0.24766401466666665,0.400644272,0.0,1287.0
0.6548672259365576,0.003364794,0.2036685715,0.3915569485,0.0,1287.0
0.6018422821869429,0.00082049675,0.15363641374999998,0.28167743875,0.0,1287.0
0.5992953361225444,0.0969366215,0.08930846249999999,0.18268969200000001,0.0,1287.0
0.6220907487690732,0.264891182,0.0349544265,0.15141524150000002,0.0,1287.0
0.669941454551638,0.47736842349999997,0.032224946000000004,0.1301082665,0.0,1287.0
0.6901231193101702,0.4290249305,0.049806791,0.1728359095,0.0,1287.0
0.6915118995307001,0.371721987,0.049392277,0.2273340855,0.0,1287.0
0.6942781230388563,0.38474219249999997,0.086195384,0.320326266,0.0,1287.0
0.6992697936038024,0.32827265299999997,0.104523783,0.35983004949999997,0.0,1287.0
0.7051219790799488,0.2313235165,0.126716475,0.387663621,0.0,1287.0
0.6959365441095012,0.09104123533333332,0.197646698,0.40063359033333334,0.0,1287.0
0.6387182745894397,0.000667639,0.23145210900000002,0.3882329285,0.0,1287.0
0.622258821441029,0.01125335675,0.21268587525,0.33025569250000003,0.0,1287.0
0.6874259509285612,0.112035687,0.16022298299999999,0.337320186,0.0,1287.0
0.7596336054719726,0.23614201099999999,0.09557423300000001,0.30841453249999995,0.0,1287.0
0.7573298939584884,0.42634280399999996,0.06752081566666666,0.274054973,0.0,1287.0
0.758461403374102,0.5214758355,0.047381479000000004,0.239596298,0.0,1287.0
0.7598352080514793,0.5200144605,0.047409154999999994,0.26426198749999996,0.0,1287.0
0.7580423304480637,0.4033498895,0.0501544945,0.256660841,0.0,1287.0
0.7605723531608135,0.22879292550000002,0.060748114500000006,0.2354559175,0.0,1287.0
0.7436981338484955,0.12716158700000002,0.108128603,0.2945616255,0.0,1287.0
0.6697613522540509,0.018106987999999997,0.154991247,0.361902462,0.0,1287.0
0.6261781054843046,0.0,0.194126372,0.4330873625,0.0,1287.0
0.6295559326382781,0.042690043999999996,0.1827562055,0.51772016725,0.0,1287.0
0.7374912131032596,0.2152332125,0.091625242,0.40385467249999996,0.0,1287.0
0.7669102485565205,0.341116775,0.079367553,0.321396182,0.0,1287.0
0.7605714374902732,0.4523482975,0.10038575450000001,0.275986992,0.0,1287.0
0.7642235258218095,0.614316658,0.1370320305,0.2572645235,0.0,1287.0
0.770570786754576,0.486938533,0.15082150766666666,0.3066870606666667,0.0,1287.0
0.7677449051275712,0.3202392153333333,0.15549772233333334,0.3512316223333334,0.0,1287.0
0.7535521201279485,0.13767858966666666,0.16633483466666668,0.4494539956666667,0.0,1287.0
0.6718837330729602,0.0172610285,0.256158506,0.546598107,0.0,1287.0
0.6265221611087496,0.0,0.309213244,0.6407109225000001,0.0,1287.0
0.629721411702346,0.050117840250000004,0.300535467,0.591256769,0.0,1287.0
0.7377610967566477,0.263467947,0.2068210565,0.524561281,0.0,1287.0
0.7669755953580591,0.464330129,0.206388152,0.48394281,0.0,1287.0
0.7612234486860233,0.66022083,0.241613886,0.455404661,0.0,1287.0
0.7692008548415054,0.8409135320000001,0.2969653695,0.4544137655,0.0,1287.0
0.7855501882909057,0.8482478600000001,0.3326413205,0.46456454150000004,0.0,1287.0
0.7929002763434918,0.724759391,0.32638535199999996,0.490806101,0.0,1287.0
0.7906045999510221,0.491986025,0.233688787,0.49169586649999997,0.0,1287.0
0.765541318285106,0.21225929300000002,0.143389712,0.45959406066666664,0.0,1287.0
0.6609872057074561,0.010614232333333334,0.14433021733333332,0.43539390266666667,0.0,1287.0
0.6214594987850053,0.0099797325,0.131127858,0.45162988049999997,0.0,1287.0
0.6876867507175276,0.157193238,0.1209934295,0.4790032045,0.0,1287.0
0.7663671955900042,0.3287485925,0.09278333150000001,0.465947411,0.0,1287.0
0.7731298680171366,0.5348661985,0.1251167735,0.460654992,0.0,1287.0
0.795570333811844,0.6317178640000001,0.1547523515,0.4384180765,0.0,1287.0
0.8190969528497497,0.5736144076666667,0.22548075933333334,0.43121669533333334,0.0,1287.0
0.8162581299125065,0.415023657,0.240991494,0.43309302,0.0,1287.0
0.7896443675071665,0.20616148866666664,0.215470504,0.43101905333333335,0.0,1287.0
0.7532363249808398,0.040708121,0.2278685455,0.424555773,0.0,1287.0
0.678366076825051,0.0019112605,0.21273743550000002,0.4931846445,0.0,1287.0
0.6269093899999792,0.0,0.2163108593333333,0.7300590479999999,0.0,1287.0
0.6226594099050019,0.004411229,0.29541072349999997,0.899926,0.0,1287.0
0.7105454914179025,0.04358048166666667,0.415677178,0.9082897353333333,0.0,1287.0
0.7597771616044842,0.1742165695,0.588688353,0.9210133325000001,0.0,1287.0
0.757042531699881,0.29584631100000003,0.6632079390000001,0.9062520705,0.0,1287.0
0.7566197970295482,0.388601025,0.643408305,0.889383885,0.0,1287.0
0.7547108021476076,0.43530250400000003,0.6816452740000001,0.8713728705,0.0,1287.0
0.7519637320662166,0.425735345,0.6947936754999999,0.8410349115,0.0,1287.0
0.7498123864841685,0.271357569,0.6699583205,0.823367669,0.0,1287.0
0.7336940668019718,0.137902696,0.594745698,0.8084275905,0.0,1287.0
0.6600323324424497,0.0162751435,0.5803096135,0.7948533375,0.0,1287.0
0.5992840538255875,0.0,0.6072282746666667,0.8323512759999999,0.0,1287.0
0.5979580304199159,0.10051338224999999,0.545417815,0.8657376262500001,0.0,1287.0
0.6473590523202437,0.3684850985,0.536012819,0.854431715,0.0,1287.0
0.6810804972649628,0.500302637,0.546537866,0.845944562,0.0,1287.0
0.6874968136368989,0.561191542,0.54644321,0.8409152545,0.0,1287.0
0.6919283983252159,0.5687784509999999,0.456122414,0.7044865523333333,0.0,1287.0
0.6961805222167818,0.39376360050000003,0.4586783955,0.6625090499999999,0.0,1287.0
0.698134919956059,0.21916931933333336,0.3906592016666666,0.623464149,0.0,1287.0
0.6920707730582832,0.11365046549999999,0.273633603,0.5187107795,0.0,1287.0
0.6559246253324215,0.0095476135,0.2597513165,0.474290487,0.0,1287.0
0.608215433258751,0.0,0.3015454055,0.500155296,0.0,1287.0
0.5986074360656086,0.0524216385,0.28220079975,0.4528702565,0.0,1346.0
0.6414636156405883,0.33199971133333334,0.2800422966666667,0.4350676746666667,0.0,1346.0
0.701401046641877,0.569551124,0.4199660085,0.5031812645,0.0,1346.0
0.7150614274221301,0.5817385665,0.3896750415,0.5690357109999999,0.0,1346.0
0.7265218160988458,0.664937586,0.39849864775,0.65524262675,0.0,1346.0
0.7423948161075236,0.466730696,0.3858805315,0.6903757935,0.0,1346.0
0.7433042157583597,0.22156860466666664,0.36362351366666673,0.6782374476666667,0.0,1346.0
0.6791676296187156,0.018075564,0.41786124,0.656979569,0.0,1346.0
0.6265377468279899,0.0,0.398863835,0.6184626280000001,0.0,1346.0
0.6295759896214719,0.04941335975,0.396602923,0.6091728087499999,0.0,1346.0
0.7360473904228366,0.23007383999999997,0.349231847,0.596852241,0.0,1346.0
0.7701127970490177,0.383898168,0.353687023,0.609265469,0.0,1346.0
0.7679971998200894,0.525895254,0.369454462,0.644238021,0.0,1346.0
0.7657825966909311,0.587133862,0.3488565375,0.662407527,0.0,1346.0
0.7667770205249449,0.5453693550000001,0.33001166049999997,0.619655801,0.0,1346.0
0.7671734192725534,0.3968652985,0.3026695395,0.566220113,0.0,1346.0
0.7674123426950462,0.23024028800000002,0.243121167,0.4798701865,0.0,1346.0
0.7577513295792077,0.08771915899999999,0.20732661866666666,0.3622733596666667,0.0,1346.0
0.6743782422118921,0.010766742,0.20944915,0.311432188,0.0,1346.0
0.6267731260521501,0.0,0.19175879950000002,0.29086523799999997,0.0,1346.0
0.6302900494853934,0.022604640500000002,0.170969057,0.25909293375,0.0,1346.0
0.7361475699069548,0.087012145,0.109403836,0.2529044025,0.0,1346.0
0.7668295982710995,0.1326529285,0.09387013550000001,0.208310805,0.0,1346.0
0.7660854823110625,0.1665763935,0.10293922850000001,0.31454101300000004,0.0,1346.0
0.7661282956141795,0.17736811549999998,0.0778027245,0.32194236,0.0,1346.0
0.7677873818407434,0.1751953085,0.0675626385,0.3298453775,0.0,1346.0
0.7647943699675764,0.1209991725,0.051593203500000004,0.317887978,0.0,1346.0
0.7648414083602642,0.0682496385,0.0351237965,0.2490252435,0.0,1346.0
0.7467191250995013,0.0375367325,0.033747930999999995,0.139600332,0.0,1346.0
0.658764512435769,0.0022808593333333333,0.04115526333333333,0.11751755433333333,0.0,1346.0
0.6200585247027501,0.0029178425,0.020792837249999998,0.1484092555,0.0,1346.0
0.7088263398299187,0.07375049900000001,0.018088117333333334,0.27745458166666664,0.0,1346.0
0.7710341754462158,0.2053605255,0.03267567,0.293421295,0.0,1346.0
0.7782461214624465,0.30814035300000003,0.037226897,0.3255393793333333,0.0,1346.0
0.783432525254217,0.35435908650000003,0.045642017,0.4106170555,0.0,1346.0
0.7858627204954904,0.3631757375,0.053826714,0.506022299,0.0,1346.0
0.7864422964930369,0.30683283,0.064775375,0.572738558,0.0,1346.0
0.7871587388197854,0.134505734,0.0863347935,0.5679463255,0.0,1346.0
0.7009297717416164,0.030421473,0.15370880333333334,0.5779739996666667,0.0,1346.0
0.6266050650253727,0.0,0.1786004695,0.588588122,0.0,1346.0
0.6299420856921731,0.01691313275,0.19207549075,0.5998011367499999,0.0,1346.0
0.7364137683693803,0.127308378,0.2077563925,0.573681671,0.0,1346.0
0.7752643370001919,0.25178616200000004,0.2886587805,0.5894536815,0.0,1346.0
0.7800138919569548,0.3184293835,0.413253168,0.6533770695,0.0,1346.0
0.7837247779667287,0.38986254350000005,0.45906867500000004,0.706885413,0.0,1346.0
0.7876082315570739,0.25920654666666665,0.5342573643333334,0.7437396683333333,0.0,1346.0
0.7876131609845508,0.06834335133333333,0.521551566,0.6923942583333332,0.0,1346.0
0.7695637820637663,0.0244504845,0.5126540509999999,0.6726161580000001,0.0,1346.0
0.6828719433711423,0.0028955235,0.503962855,0.69797409,0.0,1346.0
0.6246490004468375,0.0,0.48166693599999993,0.7385784940000001,0.0,1346.0
0.6221153006191995,0.010971232,0.440578119,0.721078648,0.0,1346.0
0.7091162217195714,0.08309859400000001,0.42810214,0.6869501853333334,0.0,1346.0
0.772799614195645,0.2126292235,0.342133576,0.6712580955,0.0,1346.0
0.776468930826194,0.32865662149999997,0.2732752725,0.6854531615,0.0,1346.0
0.7813500709846624,0.39344240233333333,0.2305342996666667,0.6535373816666666,0.0,1346.0
0.7902779137745308,0.428576975,0.239701177,0.6434500765,0.0,1346.0
0.7975596977233973,0.2548117386666667,0.19760599566666667,0.6125292376666667,0.0,1346.0
0.7782922991019007,0.0965143485,0.2292988675,0.6219713179999999,0.0,1346.0
0.6786949460426426,0.0090025755,0.335908581,0.6308603675,0.0,1346.0
0.6091438530654915,0.0,0.4072800286666667,0.694793937,0.0,1346.0
0.606973495143095,0.0738906565,0.33111429525,0.699403044,0.0,1346.0
0.6848481625595865,0.330450914,0.248615768,0.6829550313333334,0.0,1346.0
0.7348925579292309,0.5447836735,0.32414086200000003,0.73070079,0.0,1346.0
0.7503396310818853,0.5520874165,0.31039932924999997,0.68851188875,0.0,1346.0
0.7624955017020384,0.3663304645,0.307878102,0.707390114,0.0,1346.0
0.7663391461847835,0.23549451,0.2958492185,0.7668118195,0.0,1346.0
0.7521065604141539,0.0916852685,0.3182241595,0.8212435455,0.0,1346.0
0.6804728956214858,0.0052151645,0.3163617935,0.8406313695000001,0.0,1346.0
0.6134794988965864,0.0,0.30748764100000003,0.8374010025,0.0,1346.0
0.597753024129301,0.003422998,0.31839080833333333,0.8458340456666665,0.0,1346.0
0.6126629945691571,0.09299378999999999,0.273277853,0.797361539,0.0,1346.0
0.6648583129076853,0.24349386150000002,0.23581464400000002,0.7405733425000001,0.0,1346.0
0.712302855655915,0.3539682785,0.23159818599999998,0.7024023075000001,0.0,1346.0
0.7263412795689674,0.391007482,0.220219463,0.6252580745,0.0,1346.0
0.7300981241742126,0.35958186550000004,0.2029505245,0.5665573625,0.0,1346.0
0.7366802485044439,0.3125427035,0.1752927835,0.5127265315,0.0,1346.0
0.7477098713496938,0.205694374,0.11387433000000001,0.42132526866666664,0.0,1346.0
0.744270644896045,0.0945697335,0.101539189,0.3162889305,0.0,1346.0
0.6688354678240956,0.005306805,0.11001931433333334,0.22155969133333334,0.0,1346.0
0.6220310001721379,0.00679765675,0.10148765200000001,0.16156752525,0.0,1346.0
0.6868248515150497,0.1177892495,0.070750425,0.153302243,0.0,1346.0
0.7720610610357428,0.290046139,0.052789617,0.1360473155,0.0,1346.0
0.7814290784402131,0.446878792,0.072684255,0.11288630899999999,0.0,1346.0
0.7864666372606268,0.6227881895,0.0845838665,0.13164204200000001,0.0,1346.0
0.795815947037646,0.641085961,0.0957164375,0.2064878555,0.0,1346.0
0.8015824121208865,0.5133378505,0.11914174550000001,0.2894257215,0.0,1346.0
0.8017467957722572,0.3077991746666667,0.111138562,0.298541513,0.0,1346.0
0.7793078477585239,0.141053496,0.1133547435,0.27697832099999997,0.0,1346.0
0.6853653961595261,0.010200271,0.1268208565,0.256433134,0.0,1346.0
0.6249147214934198,0.0,0.13482135466666664,0.21795847233333332,0.0,1346.0
0.6224337950300927,0.017642702,0.1324778565,0.111741642,0.0,1346.0
0.7132352658667109,0.22060945433333334,0.08238986333333333,0.10435903933333333,0.0,1346.0
0.7823349648423186,0.48338942549999997,0.07215906050000001,0.109239732,0.0,1346.0
0.7873580883308099,0.6205219319999999,0.116654442,0.1139759805,0.0,1346.0
0.7878470145079735,0.68688361,0.0959894845,0.13669831999999998,0.0,1346.0
0.7909945205405777,0.6616717445,0.10093993849999999,0.178463315,0.0,1346.0
0.7896504077856689,0.52028842,0.08847793649999999,0.218845185,0.0,1346.0
0.7927671417859661,0.298967539,0.065008082,0.2298961195,0.0,1346.0
0.7733871232951484,0.143240395,0.086581231,0.2224073275,0.0,1346.0
0.6790512306675525,0.009302947,0.1109781435,0.178760216,0.0,1346.0
0.6267120512335181,0.0,0.142789689,0.1216914265,0.0,1346.0
0.630275484884175,0.036036797,0.11351052149999999,0.09294715375000001,0.0,1346.0
0.7396750204408208,0.193961563,0.041619447,0.085826987,0.0,1346.0
0.7789609755640096,0.42360586050000004,0.024167764,0.078320261,0.0,1346.0
0.78358516525115,0.6196862535,0.0441726325,0.0718301825,0.0,1346.0
0.7932558329754128,0.6308349983333333,0.04999089366666667,0.08537165266666667,0.0,1346.0
0.7989798601106388,0.5182538114999999,0.042815818,0.14274774699999998,0.0,1346.0
0.7998329655621337,0.30355565733333334,0.040784295000000005,0.18070814733333332,0.0,1346.0
0.7791449506259034,0.1324851645,0.07677481050000001,0.159972493,0.0,1346.0
0.6674746271741729,0.005789945,0.10404759433333334,0.13234208233333333,0.0,1346.0
0.6224438059288729,0.008135345,0.09792300699999999,0.13578966175,0.0,1346.0
0.6895716161645123,0.154383826,0.0654841095,0.1292298825,0.0,1346.0
0.7760269961483821,0.338478061,0.0188705775,0.0718059585,0.0,1346.0
0.785024035057428,0.5278355965,0.025274704500000002,0.046164539500000004,0.0,1346.0
0.8010229752480273,0.6941471395000001,0.029012829999999996,0.040857522,0.0,1346.0
0.8284571694956782,0.6276041006666667,0.026870659666666668,0.04102613333333333,0.0,1346.0
0.834839717455346,0.4501696205,0.022404343,0.0392490325,0.0,1346.0
0.8352562081216837,0.27401333099999997,0.0212954245,0.040310980499999996,0.0,1346.0
0.7948417329809455,0.1245016885,0.0345932455,0.0345207605,0.0,1346.0
0.6896699646201723,0.006305266,0.0434327215,0.0352500395,0.0,1346.0
0.6268586118324858,0.0,0.04829807066666667,0.086897398,0.0,1346.0
0.6559645515222606,0.07701481099999999,0.037443768,0.10137376475,0.0,1346.0
0.7819954158237712,0.3221621105,0.011223243,0.0808914065,0.0,1346.0
0.8179854028010354,0.5471939635,0.016956345,0.0912934655,0.0,1346.0
0.8550547358806412,0.7139844165,0.023433448,0.1109286985,0.0,1346.0
0.8660868155198662,0.6172098115,0.024326183,0.119659444,0.0,1346.0
0.8632600101983502,0.4997330205,0.0216303245,0.1139403,0.0,1346.0
0.8486415487531181,0.2789017246666667,0.020051744,0.11155586966666665,0.0,1346.0
0.8004875271301162,0.114994214,0.033910474,0.109482702,0.0,1346.0
0.6866956369277886,0.005006234,0.044698139,0.081603872,0.0,1346.0
0.61260619184806,0.0,0.057791479666666666,0.095652165,0.0,1346.0
0.6085639838439152,0.06074399925,0.03490054925,0.08202762125,0.0,1346.0
0.6797697150427714,0.2822019345,0.008814851,0.0673692595,0.0,1346.0
0.7551437473729142,0.6001111815,0.008834250500000002,0.064269676,0.0,1346.0
0.7844621103367846,0.7521478500000001,0.0089809705,0.069217975,0.0,1346.0
0.7918713952862082,0.7525608189999999,0.011884621000000001,0.070141226,0.0,1346.0
0.7985517270794692,0.588289063,0.0259412585,0.1564354025,0.0,1346.0
0.8034624891330244,0.40265418799999997,0.036851411,0.22043437,0.0,1346.0
0.7977183696622395,0.2134833435,0.040554076,0.199537075,0.0,1346.0
0.7551079049205001,0.065913069,0.052943975,0.1831357885,0.0,1346.0
0.6364254388076895,0.0,0.073671164,0.1778403795,0.0,1346.0
0.6040385886462154,0.00537828575,0.0788619115,0.1831838905,0.0,1346.0
0.6191456434092917,0.167562107,0.0653490925,0.256071848,0.0,1346.0
0.6839562889283427,0.389217382,0.025485496,0.2632678945,0.0,1346.0
0.7628423973432207,0.6767197835,0.029194025,0.24329691,0.0,1346.0
0.7861732347235171,0.8190218765,0.0316948215,0.227781899,0.0,1346.0
0.7922902803262803,0.778902902,0.0433484785,0.23628580999999999,0.0,1346.0
0.7994379752819228,0.5753042696666667,0.055952755666666666,0.27558374166666666,0.0,1346.0
0.8088073459238619,0.269431982,0.0430853275,0.2270589015,0.0,1346.0
0.7961478912075881,0.11687590950000001,0.057327302999999996,0.1612093165,0.0,1346.0
0.6866144152731207,0.002672775666666667,0.0831328,0.17411824866666667,0.0,1346.0
0.6299577767651082,0.004610886,0.09403166125000001,0.21322876675,0.0,1346.0
0.6956300050816683,0.1630629945,0.0520330415,0.202938431,0.0,1346.0
0.8029168304601394,0.3903695135,0.0111773125,0.125521775,0.0,1346.0
0.8701388230380536,0.6493224475,0.013612945999999999,0.089873228,0.0,1346.0
0.8898620988724268,0.762296707,0.022915294,0.08039635,0.0,1346.0
0.8965710668628526,0.726805325,0.029475884,0.09070998150000001,0.0,1346.0
0.8933578934867065,0.5956547606666667,0.033426329666666664,0.16246401133333332,0.0,1346.0
0.893458698632134,0.33456758200000003,0.050001461999999997,0.2069961685,0.0,1346.0
0.8580725580800024,0.1543402455,0.099848072,0.2067669485,0.0,1346.0
0.6948270283979089,0.0033306480000000003,0.127691678,0.202911513,0.0,1346.0
0.6323012069862615,0.0047599125,0.12007214000000002,0.165447191,0.0,1346.0
0.6979476744487073,0.1708295515,0.0891810385,0.16592995500000002,0.0,1346.0
0.8140037412266234,0.396731521,0.0293792015,0.16178585,0.0,1346.0
0.8794236316566926,0.6700033245,0.0446931615,0.16039383499999998,0.0,1346.0
0.8940503862404943,0.7803532835,0.0819346085,0.1681145015,0.0,1346.0
0.8995144349495854,0.8024800519999999,0.09347354,0.169782416,0.0,1346.0
0.8961190391760291,0.6641782494999999,0.09831827600000001,0.2171508405,0.0,1346.0
0.8936056974649574,0.387341643,0.09574876466666667,0.28804560566666665,0.0,1346.0
0.8679323884153985,0.1466179985,0.1799606375,0.33221398599999996,0.0,1346.0
0.7269359011370482,0.0041433175,0.2592665075,0.34422552100000003,0.0,1346.0
0.6462466260955986,0.0,0.30252380700000003,0.459437014,0.0,1346.0
0.6350098767400725,0.008190594,0.27492831549999996,0.4786110255,0.0,1346.0
0.7318355371735041,0.216791913,0.175393571,0.4497465926666666,0.0,1346.0
0.8512909666927846,0.539610904,0.099333829,0.3365957435,0.0,1346.0
0.8860621357405511,0.7962038556666666,0.162021378,0.305453406,0.0,1346.0
0.8955393693918108,0.833280354,0.171332114,0.2712870665,0.0,1346.0
0.8949664597509055,0.736018862,0.1903797525,0.26680018299999997,0.0,1346.0
0.891466002271712,0.529051598,0.215382974,0.2810991975,0.0,1346.0
0.8821075848709812,0.24937568100000002,0.2216826535,0.3307515545,0.0,1346.0
0.749163833828257,0.04483691866666666,0.29221033366666666,0.47159547733333335,0.0,1346.0
0.6400560964470172,0.0,0.3536452015,0.568050065,0.0,1346.0
0.6372300778393676,0.03697145475,0.26397770575,0.50249425725,0.0,1346.0
0.7520774315243391,0.257606837,0.131087422,0.3593877415,0.0,1346.0
0.807479804961262,0.45079535,0.091647676,0.25681931,0.0,1346.0
0.8406621397311531,0.6298695084999999,0.11358967,0.1990342635,0.0,1346.0
0.874160833201844,0.7981232005000001,0.16008831,0.159499593,0.0,1346.0
0.8892272693949754,0.7646951835,0.161398824,0.14159927849999998,0.0,1346.0
0.8906056986931461,0.6285287310000001,0.174317893,0.1763388815,0.0,1346.0
0.8839428143470877,0.35355407099999997,0.17477136166666665,0.22601933333333335,0.0,1346.0
0.8385627382099795,0.1279477895,0.217722899,0.299557486,0.0,1346.0
0.7193173850002226,0.0030069485,0.2739527005,0.300385455,0.0,1346.0
0.6503373706355182,0.0,0.2888593145,0.352946085,0.0,1346.0
0.6447053432756101,0.028274452250000002,0.24350487625000003,0.3565043425,0.0,1346.0
0.7506651086607974,0.175086069,0.119338812,0.251050635,0.0,1346.0
0.7878701814832604,0.337347399,0.09948222266666666,0.15694754566666666,0.0,1346.0
0.7973401855368101,0.468511681,0.170515205,0.15295693900000001,0.0,1346.0
0.8127238723419914,0.471798256,0.170606269,0.12792926599999999,0.0,1346.0
0.8252345601382609,0.41201706800000004,0.165949139,0.0966998295,0.0,1346.0
0.8076833870647911,0.23266299000000001,0.142106484,0.12676520066666666,0.0,1346.0
0.7804530099083862,0.074204715,0.175856377,0.179833339,0.0,1346.0
0.6886552612940854,0.0018338405,0.2074455995,0.2111287435,0.0,1346.0
0.6214705032754192,0.0,0.21691075299999998,0.2949779616666667,0.0,1346.0
0.6179359680338308,0.035473962,0.180065447,0.23706148275,0.0,1346.0
0.6729399119916,0.153551674,0.135395866,0.12859221599999998,0.0,1346.0
0.7252486717185918,0.2572268035,0.136047755,0.113594991,0.0,1346.0
0.7471506968189975,0.3083708075,0.13280563974999998,0.14520064000000002,0.0,1346.0
0.7635143366436463,0.29669060599999997,0.129976327,0.144913105,0.0,1346.0
0.7703739491632484,0.1981294955,0.1443995975,0.18038944699999998,0.0,1346.0
0.7677165348677252,0.07785781133333335,0.151030267,0.17753708633333334,0.0,1346.0
0.6591020349483816,0.00048384175,0.18268534025,0.2283403135,0.0,1346.0
0.6143517355974248,0.0211562514,0.1554371994,0.19498536139999997,0.0,1346.0
0.6922960827200998,0.211954537,0.167280695,0.23026597333333335,0.0,1346.0
0.7513396764890152,0.41230486050000004,0.16607078050000001,0.30173890849999996,0.0,1346.0
0.7741387506297408,0.5911039405,0.179672414,0.34590244800000003,0.0,1346.0
0.7930598868785055,0.6301221850000001,0.2102768815,0.42126629250000003,0.0,1346.0
0.7993814227524041,0.514265143,0.18980154049999998,0.48471482850000003,0.0,1346.0
0.7915527832043041,0.290424852,0.16137232099999999,0.500408352,0.0,1346.0
0.7691312832630182,0.1208365475,0.1880990155,0.518417991,0.0,1346.0
0.6722482956221576,0.000960803,0.23048942166666667,0.5819431636666668,0.0,1346.0
0.6243891474760072,0.00134313575,0.17498101025,0.48441683025,0.0,1346.0
0.7165740626342422,0.16626921933333336,0.11300854766666668,0.27927118833333336,0.0,1346.0
0.7910496330278525,0.424917675,0.0895141615,0.2691873705,0.0,1346.0
0.8243040278492595,0.621300891,0.084020702,0.305406105,0.0,1346.0
0.8623294467513323,0.6767645760000001,0.09223178733333333,0.3223653913333333,0.0,1346.0
0.8738170125130122,0.524823696,0.0689689295,0.3080813635,0.0,1346.0
0.8694973276207906,0.33016104500000004,0.044691084666666665,0.267225319,0.0,1346.0
0.8119189163426244,0.119579662,0.051612385499999996,0.23834480149999998,0.0,1346.0
0.6929032616983084,0.0013640805,0.0737716695,0.22610108299999998,0.0,1346.0
0.631352757587246,0.0,0.05636330166666667,0.16332190700000002,0.0,1346.0
0.6251810293632083,0.002838,0.0356363845,0.1352998045,0.0,1346.0
0.718655014858142,0.15652622800000002,0.028826305666666663,0.17329259166666666,0.0,1346.0
0.8071135442480583,0.45269504650000003,0.020982712,0.1489226525,0.0,1346.0
0.8546327052355923,0.6855058345,0.0375108945,0.1383293215,0.0,1346.0
0.8771452310818157,0.7371695524999999,0.030919191,0.1091482235,0.0,1346.0
0.8822195942932753,0.6666859455,0.04822269,0.100902438,0.0,1346.0
0.8768424864543144,0.4962243125,0.054796794999999995,0.0931700625,0.0,1346.0
0.8729281196306173,0.297102067,0.053191402,0.070740746,0.0,1346.0
0.8196903303897309,0.12181153350000001,0.0898526815,0.0679946575,0.0,1346.0
0.7097893575295161,0.0011271115,0.11942075099999999,0.10009109,0.0,1346.0
0.6387350181155658,0.0,0.15043283999999998,0.211177217,0.0,1346.0
0.6628076044887145,0.06948676349999999,0.08127315625,0.227635555,0.0,1346.0
0.7960452473223535,0.37009662200000004,0.035088247,0.2658065235,0.0,1346.0
0.8551555724967076,0.6165570119999999,0.0586627915,0.2901102785,0.0,1346.0
0.8791786755628386,0.7186761054999999,0.1056320945,0.29859410649999996,0.0,1346.0
0.8906395453651812,0.7122602275000001,0.11827117549999999,0.2977306825,0.0,1346.0
0.8916540614305465,0.577116384,0.114239184,0.299229794,0.0,1346.0
0.887969362535311,0.31912098733333333,0.11068124033333333,0.2729215473333333,0.0,1346.0
0.834840750046604,0.0965858365,0.15067413000000002,0.2638398435,0.0,1346.0
0.7103194541799265,0.0007781375,0.17468471200000002,0.2856758545,0.0,1346.0
0.6361220134765233,0.0,0.165351805,0.32988409599999996,0.0,1346.0
0.6304021175399885,0.0013771675,0.1299159725,0.312539264,0.0,1346.0
0.7231303672852741,0.154074787,0.08314091933333333,0.22626628533333334,0.0,1346.0
0.8256733967296765,0.41280885700000003,0.0497332645,0.134478451,0.0,1346.0
0.8644937097801212,0.5918480660000001,0.051976382,0.141203769,0.0,1346.0
0.8879180130819364,0.6630734277499999,0.054766534000000006,0.24554013375,0.0,1346.0
0.8881352955425019,0.455810858,0.06462355550000001,0.29798797850000003,0.0,1346.0
0.8823630094331567,0.2458151125,0.0722231145,0.310993327,0.0,1346.0
0.8323865429163368,0.10322656150000001,0.0940293675,0.3028537645,0.0,1346.0
0.6940137633162379,0.000491249,0.12199699533333334,0.33046079,0.0,1346.0
0.6348134965150815,0.00089750275,0.1378214105,0.38231853,0.0,1346.0
0.6979017158532358,0.12396368499999999,0.126756747,0.3740781235,0.0,1346.0
0.7988125034217677,0.3407706565,0.0968962015,0.322104463,0.0,1346.0
0.8480642890779536,0.548334264,0.10133073,0.315943778,0.0,1346.0
0.8779243672977763,0.685079832,0.1093998855,0.35220589849999995,0.0,1346.0
0.8922559827279264,0.7011013020000001,0.125191506,0.4385618585,0.0,1346.0
0.8952393477040179,0.6082383245,0.1415482075,0.458297672,0.0,1346.0
0.8917508139496724,0.48076254350000003,0.15292145699999998,0.4390584875,0.0,1346.0
0.889603623117191,0.291577582,0.1745178645,0.4260863735,0.0,1346.0
0.8529603106802806,0.1081012195,0.25343614,0.47782984949999996,0.0,1346.0
0.7267151920241124,0.0005783665,0.3158417735,0.5544607655,0.0,1346.0
0.6429241894751201,0.0,0.3238765835,0.6259217845,0.0,1346.0
0.6270900945747323,0.000968343,0.3003888786666667,0.6581470556666668,0.0,1346.0
0.6380821777414283,0.125558258,0.2536988145,0.6736357135,0.0,1346.0
0.6932748032263869,0.3449867805,0.23770405049999999,0.598361895,0.0,1346.0
0.7609219714290822,0.42905433299999995,0.24168679199999998,0.5545577564999999,0.0,1346.0
0.7846239745655248,0.613772722,0.24484076100000002,0.556355494,0.0,1346.0
0.7922417397837305,0.6787474915,0.265359346,0.5832066410000001,0.0,1346.0
0.7979781603066161,0.6126322934999999,0.2974251735,0.6408564864999999,0.0,1346.0
0.8048665965967268,0.37999653499999997,0.3218954155,0.6892572685,0.0,1346.0
0.8096632837328492,0.209884907,0.321234902,0.711999277,0.0,1346.0
0.7977247543462427,0.0963794885,0.3466584235,0.751897367,0.0,1346.0
0.6925446533522902,0.0,0.38267664175,0.804403779,0.0,1346.0
0.6435433786703295,0.0004773213333333333,0.3660985366666667,0.7564805019999999,0.0,1346.0
0.6426062817311222,0.0768033205,0.324479957,0.7596948290000001,0.0,1346.0
0.7061432782142582,0.265886247,0.3317857543333333,0.7536139126666667,0.0,1346.0
0.7626010561003254,0.46673046549999997,0.3428382605,0.7060252495,0.0,1346.0
0.7889709225659303,0.61325756175,0.30747877575,0.738942394,0.0,1346.0
0.801548283463591,0.4806405965,0.283319847,0.6843035485,0.0,1346.0
0.8071632586871185,0.2770284595,0.26334208950000004,0.5850054060000001,0.0,1346.0
0.7952573554953231,0.0817679715,0.33419388,0.5542233845,0.0,1346.0
0.7013236119888145,0.0,0.37581464425,0.604225244,0.0,1346.0
0.6524613944927126,0.000669631,0.342547977,0.5894381843333334,0.0,1346.0
0.7053806192744828,0.0996569325,0.262895291,0.5315494175,0.0,1346.0
0.8024223414828411,0.3097357435,0.1544835175,0.42497934000000004,0.0,1346.0
0.8445655216345885,0.455967955,0.139005969,0.363413907,0.0,1346.0
0.8712589638417099,0.6467122665,0.1558829545,0.3455141485,0.0,1346.0
0.8866026068641963,0.8024430965,0.1545700265,0.305442651,0.0,1346.0
0.8918575184851796,0.7345612015,0.1573526175,0.308072163,0.0,1346.0
0.8902579342747593,0.527880138,0.14260551700000001,0.3379521705,0.0,1346.0
0.8833415189194318,0.246436415,0.1318110245,0.3237109535,0.0,1346.0
0.8400316291299446,0.0707305375,0.2214659015,0.289213669,0.0,1346.0
0.7283806860687252,0.0,0.263339963,0.2478439625,0.0,1346.0
0.6523952498792179,0.0,0.2617048536666667,0.2713921696666667,0.0,1346.0
0.6733482699466806,0.05038931125,0.1837878705,0.27334441375,0.0,1346.0
0.7984344599763462,0.308908706,0.0625831725,0.209863963,0.0,1346.0
0.8506924254670613,0.6075194715000001,0.066590966,0.155906278,0.0,1346.0
0.8764079218458056,0.795739778,0.08290399749999999,0.1366196995,0.0,1346.0
0.8844385631920125,0.734712322,0.06914693999999999,0.13155844849999998,0.0,1346.0
0.8883935834117718,0.571400881,0.0668849335,0.1218944825,0.0,1346.0
0.8779482310038283,0.30970878966666665,0.070699473,0.19777769333333337,0.0,1346.0
0.8235337638524642,0.08433059799999999,0.1300156825,0.2597084615,0.0,1346.0
0.7167324608202098,0.0,0.171976563,0.3129326725,0.0,1346.0
0.6476849562116834,0.0,0.18204837833333334,0.3355225193333333,0.0,1291.3333333333333
0.667714951300611,0.0546549175,0.10434281025,0.23426236225,0.0,1182.0
0.78696668903806,0.342437072,0.025696998,0.195743643,0.0,1182.0
0.8318971471805692,0.5455065554999999,0.039847678,0.198123341,0.0,1182.0
0.8583498583834073,0.685888276,0.06467008299999999,0.188077483,0.0,1182.0
0.8642689086504814,0.6225001693333333,0.072246482,0.20861379366666666,0.0,1182.0
0.8615709031707215,0.368829063,0.0765364865,0.23346229200000002,0.0,1182.0
0.8583980703599831,0.18606033500000002,0.061595801,0.227242875,0.0,1182.0
0.8184830136240204,0.0588819575,0.087138588,0.2586095425,0.0,1182.0
0.7166182686694375,0.0,0.11425313449999999,0.328447011,0.0,1182.0
0.6539453545340874,0.0,0.135706736,0.479007847,0.0,1182.0
0.6414352610326958,0.0,0.11546441933333333,0.370757526,0.0,1182.0
0.7256013024147631,0.140092882,0.07384986,0.3094192556666666,0.0,1182.0
0.8226565136475236,0.4266604675,0.0560098125,0.35298067499999997,0.0,1182.0
0.8529620945027807,0.6151450414999999,0.0794263445,0.39443901,0.0,1182.0
0.8622068121327668,0.6058865765,0.09778537600000001,0.3850506635,0.0,1182.0
0.8603677177079097,0.40982798750000005,0.1172896775,0.450717461,0.0,1182.0
0.8563796952087848,0.309670657,0.11149713850000001,0.4862731905,0.0,1182.0
0.8438972209444119,0.1906050475,0.0711714135,0.42713201,0.0,1182.0
0.8024905050107602,0.062307603999999996,0.076263352,0.336808662,0.0,1182.0
0.7082316947109626,0.0,0.097122003,0.2916803905,0.0,1182.0
0.6489961295242969,0.0,0.11647059533333333,0.37648598699999997,0.0,1182.0
0.6713476631494142,0.0245622,0.07999686725,0.30280784824999996,0.0,1182.0
0.7852231501017726,0.188997448,0.052027516499999996,0.2907277835,0.0,1182.0
0.8223707940103715,0.35258109299999996,0.06259674166666666,0.32294470433333333,0.0,1182.0
0.8532514127866386,0.46284759150000004,0.07197543375,0.34362018475,0.0,1182.0
0.848948315161527,0.3635851706666666,0.10201503866666667,0.3527550506666666,0.0,1182.0
0.8235456878899343,0.143359354,0.1004940155,0.320551708,0.0,1182.0
0.7175682359536347,0.005980881666666667,0.11454385333333333,0.30435242833333337,0.0,1182.0
0.6200916206437388,0.0,0.1228124275,0.32166135,0.0,1182.0
0.6039633015203669,0.0041702325,0.10511082249999999,0.29956640725,0.0,1182.0
0.6331902875045247,0.1174396125,0.0813704045,0.238612488,0.0,1182.0
0.6997810419467536,0.2868346075,0.064457024,0.15074754299999998,0.0,1182.0
0.7325593262270951,0.3985617505,0.063141152,0.157775898,0.0,1182.0
0.7341327624007572,0.4115147565,0.08380634249999999,0.19559772549999999,0.0,1182.0
0.7434811336858125,0.422001846,0.0917087905,0.176455158,0.0,1182.0
0.7522817101502184,0.2965647595,0.095503747,0.1536401935,0.0,1182.0
0.7460805869844194,0.133747987,0.085731528,0.23159331500000002,0.0,1182.0
0.7293511445944592,0.0356133375,0.09077719100000001,0.24343684850000002,0.0,1182.0
0.6724862883682423,0.0,0.10996172800000001,0.1818319275,0.0,1182.0
0.614870837648789,0.0,0.11770491150000001,0.23026214750000001,0.0,1182.0
0.6020622167782796,0.006748369,0.10106944375,0.28561564424999997,0.0,1182.0
0.6437878497203577,0.20827473866666665,0.062090369666666666,0.20744601266666665,0.0,1182.0
0.7076719295847517,0.514317691,0.0413806735,0.132042623,0.0,1182.0
0.7228761946709616,0.6145884415,0.0581820915,0.1106868805,0.0,1182.0
0.7389530156265596,0.6046394125,0.101799234,0.16328140600000002,0.0,1182.0
0.74735076207864,0.436125904,0.113099036,0.25492838100000004,0.0,1182.0
0.743029653400531,0.19850245033333333,0.087571191,0.32154097600000003,0.0,1182.0
0.7249904776359938,0.0303575505,0.1046002625,0.494798918,0.0,1182.0
0.6536784990960249,0.0,0.1855752225,0.599326367,0.0,1182.0
0.6300322775522369,0.00356533875,0.2645540625,0.64445171675,0.0,1182.0
0.7355545683473208,0.1378291465,0.3006449155,0.658924734,0.0,1182.0
0.7637721083735982,0.33303794350000004,0.314251109,0.6427852075,0.0,1182.0
0.762401753482637,0.460177986,0.36308536950000003,0.6273277905,0.0,1182.0
0.7650423069144868,0.5072040215,0.3316893845,0.6791562680000001,0.0,1182.0
0.7688252054571962,0.4003174555,0.381843526,0.813821924,0.0,1182.0
0.7661938065423941,0.26490043750000003,0.39362007499999996,0.8061569015000001,0.0,1182.0
0.7678183886523524,0.162115191,0.36848769049999996,0.7543918195,0.0,1182.0
0.7504105525632039,0.0492645185,0.3088600415,0.6465052465000001,0.0,1182.0
0.6735608932416954,0.0,0.281117992,0.5077729095,0.0,1182.0
0.6239747064340188,0.0,0.268753456,0.4053949786666666,0.0,1182.0
0.6533034836002003,0.038657534,0.17766353324999998,0.25064102675,0.0,1182.0
0.7602304335278219,0.302613044,0.097715699,0.16460217500000002,0.0,1182.0
0.7643120394944279,0.5124518085,0.1016666125,0.129299362,0.0,1182.0
0.7714591162916948,0.6408389675,0.134607479,0.1335354615,0.0,1182.0
0.7840525673871039,0.6250511835,0.164542321,0.15111405249999998,0.0,1182.0
0.7942444828850725,0.5115554984999999,0.157361234,0.2169011785,0.0,1182.0
0.7923215453638595,0.3739209275,0.099724521,0.26422955449999996,0.0,1182.0
0.7806731794353361,0.17601990099999998,0.054836464,0.276369486,0.0,1182.0
0.6944401908888821,0.004357596666666667,0.07533450300000001,0.3260909026666667,0.0,1182.0
0.623509315084311,0.0,0.10729847166666666,0.3117060783333333,0.0,1182.0
0.6519300894114549,0.04128107275,0.11771996500000001,0.36322417875,0.0,1182.0
0.7637191548555113,0.31388916,0.071720532,0.4854954845,0.0,1182.0
0.7747984138800543,0.618175993,0.106514914,0.5988683269999999,0.0,1182.0
0.794519107454727,0.7557533985,0.167084019,0.6491158015,0.0,1182.0
0.8071557476251854,0.6559650459999999,0.2003997865,0.6982161445,0.0,1182.0
0.8185753531676092,0.5071011195,0.224376183,0.718382882,0.0,1182.0
0.8122971004680539,0.367626357,0.17980575199999999,0.7041754265,0.0,1182.0
0.7986627039105054,0.1606267765,0.249218439,0.706023924,0.0,1182.0
0.7069239169969105,0.002934028333333333,0.4210041246666667,0.7752067016666667,0.0,1182.0
0.6332531773453565,0.0,0.5138023373333334,0.860537931,0.0,1182.0
0.6301624897795897,0.0,0.544438017,0.8826177405,0.0,1182.0
0.6955681090044123,0.0381238005,0.5660304620000001,0.8848081965,0.0,1182.0
0.7781244494077575,0.194970862,0.504806847,0.89506212,0.0,1182.0
0.8130757677506547,0.398201224,0.5596688750000001,0.885540335,0.0,1182.0
0.8426248390498006,0.542213822,0.59783521,0.8425354684999999,0.0,1182.0
0.8537133926461546,0.5376850559999999,0.6427529715,0.8486658954999999,0.0,1182.0
0.8509468643313147,0.5291232325,0.6468809055,0.8084692405,0.0,1182.0
0.8428657576274277,0.350138263,0.587763131,0.7504308504999999,0.0,1182.0
0.828799707287045,0.163018114,0.4982025955,0.7276823,0.0,1182.0
0.7382685188117987,0.0027567013333333334,0.3898899986666667,0.6773617986666666,0.0,1182.0
0.6525504013790179,0.0,0.2670230373333333,0.4929962376666666,0.0,1182.0
0.6702328856929037,0.0324982495,0.170171151,0.40301098199999996,0.0,1182.0
0.7848697756772929,0.2586254195,0.1111041005,0.5130868504999999,0.0,1182.0
0.8263669535453613,0.472448125,0.144474751,0.550641593,0.0,1182.0
0.8526522611659921,0.659270327,0.2024610055,0.5463677245,0.0,1182.0
0.8580082910756798,0.6123089770000001,0.297573187,0.538274798,0.0,1182.0
0.8407795947202423,0.37798782649999996,0.38341911149999996,0.584274627,0.0,1182.0
0.8220712573038802,0.14021917266666667,0.4621635673333333,0.7156461113333332,0.0,1182.0
0.7858356574134363,0.020481133,0.5583602384999999,0.8549861670000001,0.0,1182.0
0.7018335223085796,0.0,0.5750178705,0.905507229,0.0,1182.0
0.636630186867124,0.0,0.5165566595,0.9131328875,0.0,1182.0
0.6145113137885415,0.00167270325,0.4857541915,0.9128280594999999,0.0,1182.0
0.634768934371893,0.16067670350000002,0.5125552185,0.9086529405,0.0,1182.0
0.6906296495582785,0.382945168,0.6005898519999999,0.9140487305,0.0,1182.0
0.7168378748511113,0.568961049,0.686755888,0.9086544495,0.0,1182.0
0.7292042083902912,0.628644509,0.671485353,0.8314281475,0.0,1182.0
0.7348143485982582,0.543121655,0.6877413379999999,0.7851473250000001,0.0,1182.0
0.7360632344305713,0.44023532249999997,0.644549809,0.730590055,0.0,1182.0
0.7326499288415198,0.1952628905,0.513495585,0.671574042,0.0,1182.0
0.7244331531516089,0.035232008,0.40899446500000003,0.653783929,0.0,1182.0
0.6365311223345927,0.0,0.298056901,0.51515190275,0.0,1182.0
0.597257913054587,0.003178319,0.15481600175000002,0.34854416224999996,0.0,1182.0
0.624186863974,0.136560375,0.10774820800000001,0.282263508,0.0,1182.0
0.6759924027468648,0.285326364,0.1131258195,0.24342139699999998,0.0,1182.0
0.6948907475838598,0.374560801,0.1100410885,0.2077599965,0.0,1182.0
0.7002811878234811,0.42250546,0.09599052525000001,0.22689753624999998,0.0,1182.0
0.7085235482048742,0.26914705650000004,0.0918321705,0.3477344055,0.0,1182.0
0.7064935306888438,0.12284033450000001,0.09479080749999999,0.4404299255,0.0,1182.0
0.6995283869050005,0.023540213499999997,0.114647106,0.45895537,0.0,1182.0
0.6452148661782644,0.0,0.1785457795,0.56514417275,0.0,1182.0
0.6202711829280898,0.0,0.22143543966666668,0.6234165313333334,0.0,1182.0
0.7065454513030504,0.08218076133333334,0.2484170636666667,0.6916266556666667,0.0,1182.0
0.7587450180215061,0.305435188,0.3077565525,0.7627747165000001,0.0,1182.0
0.7596549181805481,0.377600116,0.366817641,0.731968407,0.0,1182.0
0.7620039622113649,0.4357536503333333,0.3350965443333333,0.6156527963333334,0.0,1182.0
0.7630974464460862,0.427263557,0.42213323700000005,0.5661125945000001,0.0,1182.0
0.7631109664200904,0.2579908765,0.42152482150000004,0.4691063045,0.0,1182.0
0.7603197919057322,0.09302057350000001,0.3523668425,0.404513039,0.0,1182.0
0.6878136727416969,0.000646848,0.2707963486666667,0.3281470306666667,0.0,1182.0
0.6231122593298034,0.0,0.224727237,0.296089701,0.0,1182.0
0.6515390775827091,0.02215707975,0.16526752625,0.2050746015,0.0,1182.0
0.7574449390469383,0.2026795645,0.108506913,0.10562474250000001,0.0,1182.0
0.7611512010611635,0.4558275823333333,0.12262344733333334,0.07723781866666667,0.0,1182.0
0.7658874863501288,0.44037847,0.10736128066666667,0.078418005,0.0,1182.0
0.767489198684343,0.30122393766666666,0.068764171,0.06472443133333333,0.0,1182.0
0.7686046138902225,0.1510272295,0.029686206,0.04502594,0.0,1182.0
0.745494884841462,0.031385053,0.031710538999999996,0.056681511,0.0,1182.0
0.671004135387621,0.0,0.044163958,0.086120271,0.0,1182.0
0.6259849994770799,0.0,0.061399889,0.162377076,0.0,1182.0
0.6208769067956627,0.0,0.061281856,0.132889988,0.0,1182.0
0.7068863302166059,0.077288152,0.06329031766666667,0.15776454633333334,0.0,1182.0
0.761356184024949,0.26858636199999997,0.048381857,0.1801627245,0.0,1182.0
0.7607933439463874,0.39377841150000004,0.037651070499999995,0.137679721,0.0,1182.0
0.761585108225102,0.443363482,0.023917311,0.08516280400000001,0.0,1182.0
0.7663563359270532,0.31991040833333334,0.019616214333333337,0.08700570666666667,0.0,1182.0
0.7672592572114215,0.196909655,0.0222416395,0.08158861549999999,0.0,1182.0
0.767226043912044,0.0998913255,0.03764707,0.059956787,0.0,1182.0
0.6914906258999046,0.0005240339999999999,0.060095530333333334,0.08635565266666667,0.0,1182.0
0.6253504754315569,0.0,0.081628066,0.09761704,0.0,1182.0
0.6193048163982185,0.0,0.06875699866666667,0.123136173,0.0,1182.0
0.6836176555803357,0.0552417585,0.06363521899999999,0.1908136375,0.0,1182.0
0.7582062367252743,0.28506810650000003,0.050699402000000005,0.280365186,0.0,1182.0
0.7643001390078332,0.5642875836666666,0.07443822666666668,0.39403144766666665,0.0,1182.0
0.7764592604824506,0.5564051376666668,0.14390888966666668,0.5149891386666666,0.0,1182.0
0.7798197063400873,0.370671438,0.199530367,0.57962767,0.0,1182.0
0.7759796762914712,0.1970665233333333,0.20869768366666666,0.6092944736666667,0.0,1182.0
0.751997039152266,0.0288101935,0.334973889,0.712734064,0.0,1182.0
0.6740708032488381,0.0,0.40944761900000004,0.794279452,0.0,1182.0
0.6261750776753878,0.0,0.4474623345,0.8292099184999999,0.0,1182.0
0.6299088137292324,0.00067804975,0.46200895275,0.85096315875,0.0,1182.0
0.7358902677356073,0.11875522799999999,0.4761694015,0.8524968715000001,0.0,1182.0
0.7683151779040912,0.295727489,0.503210533,0.8532279515000001,0.0,1182.0
0.7759920693665083,0.406614402,0.5947757725,0.855711288,0.0,1182.0
0.8015527899131775,0.49919730833333337,0.6084141623333333,0.842659642,0.0,1182.0
0.808334709553747,0.44057011749999997,0.626754801,0.8485405454999999,0.0,1182.0
0.8006007570296345,0.29090296,0.5634906635,0.857846162,0.0,1182.0
0.7710792263951177,0.05877397333333334,0.5651526563333333,0.8814115546666667,0.0,1182.0
0.6751656410336503,0.0,0.557377551,0.8663360525,0.0,1182.0
0.6118904302666593,0.0,0.48944987300000004,0.7673728400000001,0.0,1182.0
0.6068411353416349,0.01669160725,0.45710062500000004,0.6879075885,0.0,1182.0
0.6749408399040105,0.2510867473333333,0.3675413316666667,0.569430919,0.0,1182.0
0.7175991253234889,0.5122843125,0.3168361855,0.6062824019999999,0.0,1182.0
0.7243605300674391,0.6496751045,0.355931591,0.649645474,0.0,1182.0
0.7320137147601684,0.6739739570000001,0.4391984705,0.729074784,0.0,1182.0
0.7394129770405844,0.5039927025,0.4610117565,0.7732829435,0.0,1182.0
0.739410817446152,0.209578555,0.4408781705,0.8237235295,0.0,1182.0
0.7241444218160062,0.0202265,0.4988489355,0.8709884999999999,0.0,1182.0
0.670086583486638,0.0,0.5385767349999999,0.8939414555,0.0,1182.0
0.6076749151896661,0.0,0.633053393,0.9235539266666667,0.0,1182.0
0.60528186467564,0.0077322225,0.6746544907500001,0.91923021225,0.0,1182.0
0.6689472421544657,0.166736048,0.6072893643333334,0.8844330583333333,0.0,1182.0
0.7004969912682302,0.4652074315,0.512803307,0.8480912439999999,0.0,1182.0
0.7184710707979536,0.64296183175,0.498876415,0.7485187930000001,0.0,1182.0
0.7292041383629095,0.5082656425,0.5350828535,0.686595337,0.0,1182.0
0.7287212210978169,0.266721814,0.4998522485,0.6794952745,0.0,1182.0
0.7140503852150935,0.044989158,0.4708816135,0.6709712050000001,0.0,1182.0
0.6533879209445407,0.0,0.448928307,0.6246172686666667,0.0,1182.0
0.6198424512774348,0.0,0.32993141275,0.494747069,0.0,1182.0
0.6834703673635256,0.0419983965,0.263532624,0.4465573905,0.0,1182.0
0.7573721518360926,0.257503723,0.2677955385,0.378819535,0.0,1182.0
0.7618874773932933,0.471935238,0.2692720085,0.342222475,0.0,1182.0
0.7624283710779993,0.5201872325000001,0.286534226,0.346029533,0.0,1182.0
0.7630908507420711,0.421987432,0.1955451615,0.391981268,0.0,1182.0
0.7621943064303575,0.17776495250000002,0.107636656,0.465050482,0.0,1182.0
0.7551846827542368,0.044891430499999996,0.0867873215,0.464000149,0.0,1182.0
0.6865142984176577,0.0,0.13981421100000002,0.5410870600000001,0.0,1182.0
0.6255163300956146,0.0,0.235660754,0.713325567,0.0,1182.0
0.6290090066573575,0.0,0.2908149,0.7778643175000001,0.0,1182.0
0.7330346151969145,0.110442333,0.314622155,0.7899761835000001,0.0,1182.0
0.7559126967931913,0.39721187700000005,0.336742262,0.7768711669999999,0.0,1182.0
0.7583583837169352,0.5823030220000001,0.44183373049999997,0.76986798,0.0,1182.0
0.761301834023317,0.659888732,0.5869185705,0.827688765,0.0,1182.0
0.7600353556870819,0.45251665500000005,0.660212049,0.842555953,0.0,1182.0
0.7557297777692233,0.2331059635,0.576788487,0.7850445675,0.0,1182.0
0.7341677829693029,0.030564639,0.4707989885,0.728861779,0.0,1182.0
0.6691193405932625,0.0,0.4454429255,0.7111125615,0.0,1182.0
0.6235347121295042,0.0,0.44892416150000003,0.6856689235,0.0,1182.0
0.6180128511587378,0.0,0.389459451,0.5558845530000001,0.0,1182.0
0.6407001038256599,0.0005834895,0.3252901295,0.373269846,0.0,1182.0
0.7358173629787994,0.170537624,0.239316777,0.2756201145,0.0,1182.0
0.756557220061054,0.4805580735,0.182145862,0.2284684775,0.0,1182.0
0.7596409989879437,0.6408665060000001,0.2857246985,0.372950008,0.0,1182.0
0.7614879571126205,0.606908367,0.320208357,0.605426733,0.0,1182.0
0.7663307200775544,0.467919209,0.335097942,0.7734930790000001,0.0,1182.0
0.7654083248244178,0.224310423,0.31955737600000006,0.7899718063333333,0.0,1182.0
0.7646122959615228,0.0302492855,0.311827178,0.8318754585,0.0,1182.0
0.6968339493828634,0.0,0.4219985663333334,0.9126021876666667,0.0,1182.0
0.6304512838480552,0.0,0.5104724943333333,0.8397415406666666,0.0,1182.0
0.6604129928486406,0.002202891,0.5200124305,0.6558763855,0.0,1182.0
0.7643779727752885,0.0493153055,0.49377903199999995,0.654466325,0.0,1182.0
0.7640978396975614,0.08961516666666668,0.49795324900000004,0.6144079683333333,0.0,1182.0
0.7684171649700001,0.314995754,0.464491724,0.5601313800000001,0.0,1182.0
0.7741714005838423,0.4464624315,0.3968104725,0.54794042,0.0,1182.0
0.7706369785740291,0.379899168,0.31324017849999997,0.5842910115,0.0,1182.0
0.7716676903471489,0.212706154,0.23288870150000002,0.6040429935,0.0,1182.0
0.7531621997468076,0.019347574,0.2001277855,0.613700708,0.0,1182.0
0.6782151740699045,0.0,0.1774993805,0.5688933185,0.0,1182.0
0.6295052677963466,0.0,0.1518187865,0.5097105785,0.0,1182.0
0.6314792338485739,0.0,0.23321094599999997,0.58000340175,0.0,1182.0
0.7364239320310182,0.06714751050000001,0.333626894,0.668556739,0.0,1182.0
0.767368144475407,0.2609125055,0.373057337,0.750326228,0.0,1182.0
0.7751986147393433,0.440134609,0.4432355655,0.8460100545,0.0,1182.0
0.7975463655311518,0.5298187705,0.45767915699999995,0.8374776875000001,0.0,1182.0
0.8071633055804546,0.5523357815000001,0.5674068735,0.806222268,0.0,1182.0
0.7967600933999457,0.3236012355,0.5690913675,0.76234751,0.0,1182.0
0.780857060710558,0.0987147575,0.5970258829999999,0.80187637,0.0,1182.0
0.7572442049320138,0.0046011855,0.594865919,0.7850708705,0.0,1182.0
0.6736859999727256,0.0,0.5606584375,0.7384312625,0.0,1182.0
0.6117019797047805,0.0,0.5465481943333333,0.743426174,0.0,1182.0
0.6070753058431673,0.00345215825,0.531576665,0.8100831495,0.0,1182.0
0.669384279292269,0.16132163666666666,0.5183810986666667,0.7929355696666667,0.0,1182.0
0.6997872856381268,0.39850000350000003,0.4977467075,0.7658300730000001,0.0,1182.0
0.7023528685054081,0.4936631035,0.41570640999999997,0.711843609,0.0,1182.0
0.706389501887087,0.351322305,0.41599059250000003,0.7197082595,0.0,1182.0
0.7146510156952453,0.1710378395,0.36351322750000004,0.7184193055,0.0,1182.0
0.7208145597920881,0.1075804335,0.291540687,0.693753962,0.0,1182.0
0.7051965032199587,0.007005087,0.234520901,0.6514747225,0.0,1182.0
0.6593455123234102,0.0,0.2150475705,0.599328734,0.0,1182.0
0.6071129435131623,0.0,0.21262197500000002,0.542535421,0.0,1182.0
0.5957189810600549,0.0,0.1342452,0.30278361524999997,0.0,1182.0
0.623655687745209,0.08328467749999999,0.111633641,0.261848731,0.0,1182.0
0.6757574224286826,0.2443021885,0.10615007400000001,0.308329984,0.0,1182.0
0.6967309218059332,0.2922517865,0.14537854249999999,0.3677982905,0.0,1182.0
0.7011676156795152,0.324021559,0.1071854475,0.1894207765,0.0,1182.0
0.7052582586172069,0.260993147,0.14952163400000001,0.15196693249999998,0.0,1182.0
0.711694221108558,0.16085329199999998,0.17742948,0.198783712,0.0,1182.0
0.7087203392154882,0.0838344415,0.19742864799999998,0.275770615,0.0,1182.0
0.7004377005847207,0.0054600665,0.2175966385,0.395060556,0.0,1182.0
0.6534156965968867,0.0,0.2211449103333333,0.371029165,0.0,1182.0
0.6202655730991494,0.0,0.2237609155,0.311527635,0.0,1182.0
0.6517513250432673,0.0073488295,0.22651260499999998,0.3268679525,0.0,1182.0
0.7555918393541536,0.254558428,0.19792877433333333,0.261250543,0.0,1182.0
0.7595719438613966,0.5282995695,0.180558584,0.286385766,0.0,1182.0
0.7609878343699388,0.544441659,0.1260910825,0.2437669285,0.0,1182.0
0.7634187889706326,0.42129253133333333,0.11107557266666666,0.1774701486666667,0.0,1182.0
0.7613930902266377,0.21014190666666666,0.09336016166666666,0.22760303933333334,0.0,1182.0
0.7340993380813678,0.006081063,0.097789796,0.28629638,0.0,1182.0
0.6691193405932625,0.0,0.1056561895,0.3437327515,0.0,1182.0
0.6214503798652099,0.0,0.08689249399999999,0.2779422183333333,0.0,1182.0
0.6515791329636889,0.00925531925,0.06418422124999999,0.37023094975,0.0,1182.0
0.7552989452450132,0.211905275,0.0482355055,0.408958094,0.0,1182.0
0.753509400507296,0.282694579,0.039269708,0.377629703,0.0,1182.0
0.7596542376019321,0.4057839395,0.0475357395,0.36729339250000004,0.0,1182.0
0.7635399797954873,0.44890543325,0.0344113495,0.23219139475,0.0,1182.0
0.7632237033143368,0.28239665150000004,0.035007475499999996,0.2021793425,0.0,1182.0
0.7656556357973966,0.1099407785,0.0394011365,0.1768374915,0.0,1182.0
0.7403989506954569,0.002948768,0.0578447715,0.205751962,0.0,1182.0
0.6472076215930274,0.0,0.0744517425,0.22470685899999998,0.0,1182.0
0.6276411636235685,0.0,0.07832349425,0.24581585174999998,0.0,1182.0
0.7331742513591613,0.11463909500000001,0.093350971,0.309590722,0.0,1182.0
0.7595476499871425,0.44083418100000005,0.059150430000000004,0.3259769595,0.0,1182.0
0.7643877372183262,0.7371213093333333,0.080902992,0.33712141933333334,0.0,1182.0
0.7751747672896476,0.731913722,0.09520600700000001,0.286250858,0.0,1182.0
0.7758867494349011,0.501711416,0.115895338,0.272671565,0.0,1182.0
0.7696939747418083,0.23221040133333334,0.15836381400000002,0.3371797383333333,0.0,1182.0
0.7405208417941287,0.0036895915,0.297759761,0.4235389945,0.0,1182.0
0.6681840433160823,0.0,0.32626247350000004,0.4435815115,0.0,1182.0
0.6247059049577359,0.0,0.3253816095,0.4555985105,0.0,1182.0
0.6194496555949265,0.0,0.277727147,0.48285675833333336,0.0,1182.0
0.6834489136623201,0.013486299,0.266672007,0.37921108049999996,0.0,1182.0
0.7553180283317744,0.2186998765,0.2339423105,0.297512346,0.0,1182.0
0.7568150391011715,0.366580063,0.22277998766666665,0.22284721933333332,0.0,1182.0
0.7609937338642259,0.29943932300000003,0.14791209533333335,0.13266496233333333,0.0,1182.0
0.7623618506925725,0.1629652435,0.162436368,0.15514840800000002,0.0,1182.0
0.7624375721757608,0.098949446,0.11957606850000001,0.16970757050000002,0.0,1182.0
0.7596996325395052,0.016949222,0.102731994,0.16626471399999998,0.0,1182.0
0.6882947906573847,0.0,0.07656146533333334,0.13999831533333332,0.0,1182.0
0.6238840567595263,0.0,0.045698495000000006,0.13106615,0.0,1182.0
0.6524772618012249,0.00200117475,0.0379197345,0.18551591850000002,0.0,1182.0
0.7554308824593605,0.0754930895,0.032300655,0.236220736,0.0,1182.0
0.7585231822180181,0.1655065175,0.0290579245,0.242080456,0.0,1182.0
0.7611066508288822,0.31046426299999996,0.041664958,0.20441333150000002,0.0,1182.0
0.7652759257628148,0.41820842599999997,0.0529329305,0.24192335399999998,0.0,1182.0
0.7670957967335249,0.34390739400000003,0.051571586,0.2822613095,0.0,1182.0
0.765124060443792,0.1857519005,0.058085265,0.289865502,0.0,1182.0
0.7639977934947249,0.036313133,0.0934583715,0.3000777585,0.0,1182.0
0.6857740785643878,0.0,0.10418335699999999,0.286785795,0.0,1182.0
0.595921925726837,0.0,0.075741286,0.27305847533333333,0.0,1330.6666666666667
0.5941715990739547,0.0019854485,0.060020510750000006,0.2122747025,0.0,1628.0
0.6448805278690545,0.09519651,0.0447684155,0.186107122,0.0,1628.0
0.6842989832392445,0.1707818865,0.039152139,0.159684716,0.0,1628.0
0.6873317803565138,0.24725337999999997,0.030692581,0.1253681245,0.0,1628.0
0.6909967079271272,0.23683917825,0.024404276250000002,0.0820810445,0.0,1628.0
0.6994539177865047,0.14074641933333334,0.0321523,0.11305446166666666,0.0,1628.0
0.6958787870464929,0.0010642855,0.050266568,0.1483008815,0.0,1628.0
0.6385021894095281,0.0,0.04700661266666667,0.11347382700000001,0.0,1628.0
0.5901861233831684,0.0,0.036665902,0.1054095615,0.0,1628.0
0.593912665389662,0.00226205,0.02918930275,0.140606,0.0,1628.0
0.6449769283755382,0.086609786,0.0215160555,0.108218498,0.0,1628.0
0.6841141862934822,0.2262237685,0.0141504895,0.061128908499999995,0.0,1628.0
0.6875489690304073,0.356386408,0.0202013685,0.045912885,0.0,1628.0
0.6929598532013996,0.420999799,0.0268840295,0.059923761000000006,0.0,1628.0
0.6986081824043128,0.421359392,0.0273756985,0.095227427,0.0,1628.0
0.7016673157569286,0.24869197199999998,0.0316982775,0.133968154,0.0,1628.0
0.6969909159673877,0.030243086,0.05464743466666667,0.21096919166666664,0.0,1628.0
0.6629232403289902,0.0,0.0672808775,0.27767205500000003,0.0,1628.0
0.6201293011794532,0.0,0.07625890366666667,0.32908404733333335,0.0,1628.0
0.6521590724940068,0.00250553025,0.11317605975,0.40634325099999996,0.0,1628.0
0.7656057103383245,0.1840187465,0.1151841765,0.4397777275,0.0,1628.0
0.7616222414947442,0.43620419250000003,0.0954319985,0.40144722450000003,0.0,1628.0
0.7657414502895966,0.641999869,0.110196854,0.38913921949999997,0.0,1628.0
0.7702047379992509,0.5846170555000001,0.127085648,0.3899361765,0.0,1628.0
0.7686529508114868,0.41648354933333326,0.13229593766666667,0.37718334133333337,0.0,1628.0
0.7658305976474951,0.1420537155,0.1592738595,0.37601293049999995,0.0,1628.0
0.7445424058459829,0.0007047165,0.206447871,0.38931508800000003,0.0,1628.0
0.674449152126188,0.0,0.211785376,0.4211353385,0.0,1628.0
0.6202135507889283,0.0,0.194006488,0.45371057,0.0,1628.0
0.6519728792210107,0.00217267125,0.14528320025,0.37310147225,0.0,1628.0
0.7637598087726106,0.18778187300000002,0.08423736833333334,0.297677851,0.0,1628.0
0.7593052995996572,0.409019996,0.07289567799999999,0.215118229,0.0,1628.0
0.7625133561833972,0.47583342800000006,0.05434202566666666,0.11014759033333334,0.0,1628.0
0.7636964572304137,0.3037578505,0.0405581795,0.0630358315,0.0,1628.0
0.7640304746068428,0.12535143099999999,0.050795928,0.10545465866666666,0.0,1628.0
0.7452199782865472,0.0,0.0750761495,0.20754567000000002,0.0,1628.0
0.6750167334336381,0.0,0.07079580599999999,0.238729276,0.0,1628.0
0.6201828178344012,0.0,0.06787755433333333,0.21771498966666666,0.0,1628.0
0.6171631806441026,0.0,0.0719405885,0.260484108,0.0,1628.0
0.7122295286506687,0.019503542333333335,0.07766255733333334,0.2664811383333333,0.0,1628.0
0.7638229488779662,0.11883395399999999,0.072511674,0.311355468,0.0,1628.0
0.7593244217641985,0.19674139,0.05953896333333333,0.28202245000000004,0.0,1628.0
0.7617701749638572,0.22299271975,0.0510254915,0.27674251375,0.0,1628.0
0.762481246127904,0.095670828,0.05954946333333333,0.30049876633333333,0.0,1628.0
0.7429879824190782,0.0,0.072856591,0.2531353165,0.0,1628.0
0.6746316015915517,0.0,0.067481839,0.18900181300000002,0.0,1628.0
0.6201532115287435,0.0,0.05012842666666667,0.14120594066666667,0.0,1628.0
0.6519682434864967,0.0004136645,0.042805234,0.12152883699999999,0.0,1628.0
0.7652813478829417,0.0438983835,0.0367334405,0.14104866900000002,0.0,1628.0
0.7598937478163689,0.1514341685,0.0300366495,0.12161601,0.0,1628.0
0.7604636062642136,0.2621655825,0.022585033,0.0942701,0.0,1628.0
0.7634565712440446,0.2910965485,0.0211389465,0.0770448955,0.0,1628.0
0.7638282068714173,0.2462703795,0.0250421295,0.0848593005,0.0,1628.0
0.7640635392022416,0.11978908433333334,0.03394896533333333,0.13181242466666668,0.0,1628.0
0.7450893318894279,0.0,0.056105961999999995,0.1652894145,0.0,1628.0
0.6490233613077322,0.0,0.056845310999999996,0.14800317624999998,0.0,1628.0
0.6259989655786514,0.0,0.0577003975,0.18575634675,0.0,1628.0
0.7409497729498764,0.0349944415,0.075375966,0.2564400415,0.0,1628.0
0.7638843288159043,0.1401382765,0.0772488385,0.2664786725,0.0,1628.0
0.7615571763658435,0.23069896099999998,0.074102537,0.2796284465,0.0,1628.0
0.7654867059934148,0.2941282945,0.042725569500000005,0.174084833,0.0,1628.0
0.7701577230532312,0.278801452,0.046352589,0.179682436,0.0,1628.0
0.7675173025900407,0.213149001,0.063133152,0.28201108166666666,0.0,1628.0
0.7637556541272514,0.028831575,0.136736705,0.4225677935,0.0,1628.0
0.689994554247716,0.0,0.17946380966666667,0.4358799566666667,0.0,1628.0
0.600409209850684,0.0,0.2017593565,0.40622564650000004,0.0,1628.0
0.5867813150124846,0.0,0.184937655,0.326835459,0.0,1628.0
0.6011233518404678,0.0016038665,0.212816618,0.3902608385,0.0,1628.0
0.6450563112903991,0.135191859,0.19411866649999998,0.4187239785,0.0,1628.0
0.6855463903683634,0.3973557535,0.17616680350000002,0.3870173765,0.0,1628.0
0.7016812815302468,0.5479600215,0.166429513,0.398045333,0.0,1628.0
0.7155038785518821,0.5261396352500001,0.14662929075,0.421896043,0.0,1628.0
0.71216178768381,0.24308430450000001,0.148033735,0.4174909705,0.0,1628.0
0.7045502195762636,0.0293878315,0.23821736450000003,0.484052099,0.0,1628.0
0.6715975209515732,0.0,0.25357165433333334,0.4484179593333333,0.0,1628.0
0.6007238078942914,0.0,0.22161667200000001,0.37798783999999996,0.0,1628.0
0.5893482828536023,0.0,0.20231868025,0.34307722725,0.0,1628.0
0.6190642185710096,0.046485547,0.23324085049999999,0.30481602350000003,0.0,1628.0
0.670129748802397,0.172024241,0.2274023125,0.2864707795,0.0,1628.0
0.6874100134467767,0.25404139049999996,0.21916096000000002,0.272738456,0.0,1628.0
0.6904130245422833,0.3344582075,0.1495849555,0.194791881,0.0,1628.0
0.6938044537648611,0.364940474,0.151073141,0.1857640665,0.0,1628.0
0.6977913026800979,0.2653039165,0.1360154005,0.1555123225,0.0,1628.0
0.7019315656449334,0.087973706,0.18994319850000002,0.232129767,0.0,1628.0
0.6965087108557573,0.0,0.2439504485,0.33838581850000005,0.0,1628.0
0.6433955466888164,0.0,0.2353959625,0.37934732125,0.0,1628.0
0.6163785828863507,0.0,0.19585719999999998,0.34505751133333334,0.0,1628.0
0.6867655839655858,0.0010451575,0.177827659,0.3270858475,0.0,1628.0
0.763725429704901,0.14230637266666665,0.17670371866666668,0.39939662800000003,0.0,1628.0
0.7593265419682287,0.2875502475,0.208934825,0.481621177,0.0,1628.0
0.7607053232790412,0.329537446,0.19006783,0.45965903750000003,0.0,1628.0
0.7628121652095219,0.3462664645,0.253390946,0.5420192835,0.0,1628.0
0.7615765645719108,0.2673489215,0.2671245925,0.606933296,0.0,1628.0
0.7627536019979643,0.089043341,0.33770033850000003,0.717451836,0.0,1628.0
0.7308204110779416,0.0,0.44630802166666667,0.834105503,0.0,1628.0
0.6371487349393744,0.0,0.481232846,0.843221902,0.0,1628.0
0.616394066722003,0.0,0.4676635155,0.7787814639999999,0.0,1628.0
0.6297353346099447,0.0,0.444736996,0.6628866479999999,0.0,1628.0
0.7407350024090076,0.015259207,0.44472457750000005,0.5841627789999999,0.0,1628.0
0.7637877876294126,0.0764491835,0.49498055350000003,0.612575103,0.0,1628.0
0.7592764286231903,0.1151173495,0.5056715515,0.690483724,0.0,1628.0
0.7588505255264573,0.142656836,0.4367291975,0.5359086245,0.0,1628.0
0.759894921400257,0.192963975,0.504245578,0.7087959079999999,0.0,1628.0
0.7600519271667687,0.10829472400000001,0.485770144,0.7573953105,0.0,1628.0
0.7593405080541691,0.017173945,0.45241739950000004,0.7956250215,0.0,1628.0
0.7415979579620339,0.0,0.4425974995,0.788959512,0.0,1628.0
0.6743247022144835,0.0,0.44185681050000003,0.7386654340000001,0.0,1628.0
0.6229036616609496,0.0,0.400417935,0.6400385655,0.0,1628.0
0.6260640774914703,0.0,0.362717926,0.556932694,0.0,1628.0
0.7411782279040475,0.0105714985,0.3295924295,0.5249265000000001,0.0,1628.0
0.7636130136652801,0.110087938,0.3376936855,0.5377208815000001,0.0,1628.0
0.7598035209738764,0.2504372445,0.383948508,0.556063105,0.0,1628.0
0.7591585747281233,0.3145671985,0.4085557875,0.621986983,0.0,1628.0
0.7598652291651663,0.345220144,0.4794454955,0.6881987315,0.0,1628.0
0.7599217503282536,0.21999022349999997,0.587002068,0.75363599,0.0,1628.0
0.7590186568932384,0.0621936325,0.5957565955,0.7887625995,0.0,1628.0
0.7301456474439942,0.0,0.6090326103333333,0.7978220236666665,0.0,1628.0
0.6385521383777928,0.0,0.6023315975000001,0.8426792034999999,0.0,1628.0
0.6159216884840715,0.0,0.603678136,0.8396370559999999,0.0,1628.0
0.6519664361391729,0.0,0.64814285025,0.88777478575,0.0,1628.0
0.7667670916426093,0.111394265,0.6713693629999999,0.8978983334999999,0.0,1628.0
0.7609815672318978,0.29659007800000003,0.695186179,0.8608004499999999,0.0,1628.0
0.7598134023376317,0.4126135945,0.5962038515,0.7414023805000001,0.0,1628.0
0.7595628134162613,0.424737088,0.5659457754999999,0.67838753,0.0,1628.0
0.7603952082696146,0.351994848,0.5674151195,0.7243382915000001,0.0,1628.0
0.7593921001024015,0.225416037,0.4650932695,0.725114408,0.0,1628.0
0.759753548308846,0.008975526,0.385707535,0.7318836325,0.0,1628.0
0.682594032360192,0.0,0.3320944635,0.6845477094999999,0.0,1628.0
0.6174332753487647,0.0,0.27935062275,0.6232048904999999,0.0,1628.0
0.6882148284535134,0.0,0.2873188325,0.7056458210000001,0.0,1628.0
0.7703256196407102,0.1329155795,0.305949971,0.798793308,0.0,1628.0
0.7622327536512735,0.3476780275,0.31430308900000004,0.8572679974999999,0.0,1628.0
0.7599827782535497,0.38597525099999996,0.275509016,0.830314563,0.0,1628.0
0.7598160311780461,0.3129112085,0.290442001,0.8003190099999999,0.0,1628.0
0.760212923243549,0.2357068765,0.331489669,0.8534396395,0.0,1628.0
0.7589437807405864,0.120322082,0.364323704,0.83271054,0.0,1628.0
0.757062717405282,0.004517986,0.352733872,0.7790286795,0.0,1628.0
0.7176295687898219,0.0,0.336675063,0.7080858990000001,0.0,1628.0
0.6196009106128127,0.0,0.30551527749999996,0.6879595885,0.0,1628.0
0.590354325277527,0.0,0.262726394,0.6900997074999999,0.0,1628.0
0.5941376817492932,0.0,0.28601095825,0.77389097475,0.0,1628.0
0.657478423098017,0.04560173766666667,0.44663166499999996,0.8988088366666668,0.0,1628.0
0.6855109236878815,0.094580997,0.5358679765000001,0.9196419325,0.0,1628.0
0.6858239649456799,0.117062184,0.5216620313333333,0.8365824363333333,0.0,1628.0
0.6911787898008406,0.10679205933333334,0.578231362,0.7905517746666666,0.0,1628.0
0.6994851512492375,0.0316194895,0.46274639549999996,0.716060277,0.0,1628.0
0.697853441352212,0.0,0.3523434143333333,0.64095213,0.0,1628.0
0.62228897137071,0.0,0.29334176,0.6328228775,0.0,1628.0
0.5953903114205013,0.0,0.26390709,0.603363407,0.0,1628.0
0.6075533291321448,0.0,0.29376382424999997,0.67095578,0.0,1628.0
0.672180789643016,0.22589413066666666,0.32245125933333335,0.6795850703333333,0.0,1628.0
0.6873461456610543,0.4820747595,0.3894721385,0.685617923,0.0,1628.0
0.6868170115745202,0.5501511975,0.329067579,0.744558925,0.0,1628.0
0.6884769193723304,0.449294896,0.40370388,0.7053542225,0.0,1628.0
0.6929900853350985,0.277887122,0.3928691325,0.7038967395,0.0,1628.0
0.7053605896717867,0.046826947333333334,0.3464277486666667,0.7336390363333333,0.0,1628.0
0.6716256681033475,0.0,0.35942227675,0.7012101015000001,0.0,1628.0
0.6232264907459292,0.0,0.30336864,0.5236301823333334,0.0,1628.0
0.6395989050223481,0.0,0.28691262,0.4901623945,0.0,1628.0
0.7442844934360231,0.019029501,0.29053173099999996,0.5615360965,0.0,1628.0
0.7714870012576174,0.072945966,0.271960807,0.5757294825,0.0,1628.0
0.768890481918731,0.0962231385,0.25055167899999997,0.535884869,0.0,1628.0
0.7614541570212989,0.13663023150000003,0.2070073135,0.49920445850000006,0.0,1628.0
0.7594505926613329,0.1617915695,0.2054474515,0.5414818235000001,0.0,1628.0
0.7602463475629384,0.036024244,0.214322069,0.6033075155000001,0.0,1628.0
0.7452430516835772,0.0,0.2844591695,0.6358896455,0.0,1628.0
0.6770060500350257,0.0,0.349149638,0.712685309,0.0,1628.0
0.6196946115012071,0.0,0.369161754,0.7022422496666666,0.0,1628.0
0.65302092510014,0.0,0.3723737215,0.59781456125,0.0,1628.0
0.7695836395158157,0.18569788333333334,0.34710631799999997,0.593389098,0.0,1628.0
0.7603089479781007,0.3704838865,0.3713765355,0.644917095,0.0,1628.0
0.7595218073823126,0.438332026,0.323857203,0.640412043,0.0,1628.0
0.7604154411809738,0.2710269885,0.32091614150000003,0.720626827,0.0,1628.0
0.7590368555716834,0.09077747000000001,0.26938574433333334,0.681688988,0.0,1628.0
0.7550541773497477,0.0006889155,0.273251326,0.6267915495,0.0,1628.0
0.7163728433296015,0.0,0.244270653,0.5716905944999999,0.0,1628.0
0.6376762962234201,0.0,0.18942171800000002,0.5132751775,0.0,1628.0
0.6167486848671705,0.0,0.1874453305,0.5620083730000001,0.0,1628.0
0.6867695742758545,0.0,0.24102044299999997,0.692280807,0.0,1628.0
0.7651732115375762,0.085858743,0.290898682,0.754609307,0.0,1628.0
0.7605329902693572,0.191101238,0.34169748099999997,0.784109273,0.0,1628.0
0.7623063627459876,0.2164241655,0.36755842299999997,0.772978049,0.0,1628.0
0.7635768426468921,0.164018934,0.35553747550000003,0.68915212875,0.0,1628.0
0.7622710132988457,0.0884264,0.3778048765,0.6474721685,0.0,1628.0
0.7596334175860066,0.0011330715,0.3741731095,0.601182375,0.0,1628.0
0.693889470132483,0.0,0.3590100913333334,0.5771978866666667,0.0,1628.0
0.618713379325321,0.0,0.36946197025,0.698193317,0.0,1628.0
0.6371749768878534,0.0,0.422443456,0.8553280809999999,0.0,1628.0
0.740768074715755,0.010877279,0.498175638,0.9261550525,0.0,1628.0
0.7639851891912609,0.101321771,0.6373975025,0.930172918,0.0,1628.0
0.7606512902763605,0.2616031645,0.759896503,0.933779539,0.0,1628.0
0.7628739205025625,0.39202581533333336,0.7606934256666666,0.928934526,0.0,1628.0
0.7624951728234421,0.3920932825,0.859172066,0.9298850814999999,0.0,1628.0
0.7607171060112589,0.1640351125,0.8553917685,0.9308068780000001,0.0,1628.0
0.748729676149697,0.0006837203333333333,0.8106919753333334,0.932394575,0.0,1628.0
0.6753320354712673,0.0,0.7598347415,0.9344861870000001,0.0,1628.0
0.622946545366595,0.0,0.7164561445,0.9252443635,0.0,1628.0
0.6257551362378742,0.0,0.64958703425,0.87325900125,0.0,1628.0
0.7422310742696112,0.0225561935,0.590800969,0.8470361630000001,0.0,1628.0
0.7695726311488857,0.201442305,0.6078444695,0.8794838549999999,0.0,1628.0
0.7609898063910274,0.21858106249999998,0.69405662,0.915562611,0.0,1628.0
0.7594967388301483,0.230439183,0.6574973645,0.9173045015000001,0.0,1628.0
0.7629258412209765,0.21001795299999998,0.592134269,0.8999554095,0.0,1628.0
0.763919529142238,0.08392946433333333,0.5957216286666668,0.9110149146666666,0.0,1628.0
0.7652992101798566,0.0006501835,0.703144548,0.9289611815000001,0.0,1628.0
0.7259217373969472,0.0,0.752719471,0.9362134615,0.0,1628.0
0.6265783065936914,0.0,0.7510479729999999,0.9367532875,0.0,1628.0
0.5978820274047695,0.0,0.7420800465,0.9341062499999999,0.0,1628.0
0.5948183875713048,0.0,0.78254570675,0.9364916379999999,0.0,1628.0
0.6578239025604531,0.038098727,0.8276313216666665,0.9341951233333333,0.0,1628.0
0.6880875621280509,0.1597994085,0.8029824720000001,0.9328469399999999,0.0,1628.0
0.6877722366437536,0.30974465949999996,0.806984789,0.93676034325,0.0,1628.0
0.699514585466773,0.21178300933333336,0.8401460806666666,0.934820127,0.0,1628.0
0.7063142499625028,0.0005764895,0.8067358315,0.936811611,0.0,1628.0
0.6566153889152871,0.0,0.73480066575,0.93619007375,0.0,1628.0
0.5906068158330888,0.0,0.63987229075,0.92185348475,0.0,1628.0
0.6074578911113818,0.0,0.6122256555000001,0.88524103,0.0,1628.0
0.6726615007329624,0.14020805366666667,0.5526231193333333,0.8302504246666667,0.0,1628.0
0.7026662457279069,0.41237077450000004,0.4622975635,0.8034814845,0.0,1628.0
0.6924222222508029,0.5268642456666667,0.41715889300000003,0.75842362,0.0,1628.0
0.6941139585356756,0.4227100455,0.498059027,0.752468262,0.0,1628.0
0.7082900934832221,0.1759447385,0.466276598,0.761498682,0.0,1628.0
0.717955386501731,0.0,0.41841857299999996,0.7372805769999999,0.0,1628.0
0.6791629937435218,0.0,0.39198912799999996,0.701198922,0.0,1628.0
0.6407765645666588,0.0,0.35038029099999995,0.7247436125,0.0,1628.0
0.7168080181767225,0.0,0.31803415150000003,0.7301985825,0.0,1628.0
0.7794643133138053,0.125084338,0.31482642650000003,0.763667777,0.0,1628.0
0.7779005477965089,0.409796861,0.273532871,0.7883999575,0.0,1628.0
0.774188746428817,0.584064362,0.2697874425,0.8125596315,0.0,1628.0
0.7726345340219241,0.596355202,0.29765015699999997,0.83116229,0.0,1628.0
0.7746907230213805,0.44974174,0.327431107,0.8619918049999999,0.0,1628.0
0.7782729108958334,0.1757784765,0.342874954,0.8801885545,0.0,1628.0
0.7752556758010386,0.0,0.3682463335,0.9040447875,0.0,1628.0
0.7443446760307828,0.0,0.383460071,0.9089261424999999,0.0,1628.0
0.6589409450692982,0.0,0.41340330550000004,0.9146815829999999,0.0,1628.0
0.6408544336083233,0.0,0.416470935,0.9010008105,0.0,1628.0
0.6813319199498468,0.0,0.4387622525,0.88727267,0.0,1628.0
0.7800590289811802,0.14418537150000002,0.382533977,0.8462225345000001,0.0,1628.0
0.7814748022563826,0.439559343,0.324609516,0.810476432,0.0,1628.0
0.7786196424103398,0.604570339,0.3648627735,0.758168857,0.0,1628.0
0.7745589502463313,0.6028467525000001,0.38801862249999997,0.8092508815,0.0,1628.0
0.7701038779365166,0.48270973549999996,0.5286588365,0.910296919,0.0,1628.0
0.7741295964253153,0.196597854,0.4822526073333333,0.9187726276666667,0.0,1628.0
0.7730341015085551,0.0,0.531533821,0.9227048635,0.0,1628.0
0.7384050097858983,0.0,0.5696541725,0.9259130280000001,0.0,1628.0
0.6485076179884306,0.0,0.5657736195,0.926819854,0.0,1628.0
0.6238315768328706,0.0,0.50359501775,0.92208266125,0.0,1628.0
0.6881532843888996,0.0,0.5405764415000001,0.9315971285,0.0,1628.0
0.7726950377839313,0.016128939,0.645939106,0.9192722363333333,0.0,1628.0
0.7758961384186287,0.035263247,0.7392946405,0.887068497,0.0,1628.0
0.7744050430351492,0.02188799575,0.6824393455000001,0.9348454134999999,0.0,1628.0
0.7723196545453557,0.08757907233333333,0.6687462786666667,0.9266927596666666,0.0,1628.0
0.7685146680951236,0.0,0.680841938,0.894196202,0.0,1628.0
0.6844271766459592,0.0,0.66023359825,0.880768536,0.0,1628.0
0.6172197838705278,0.0,0.720322143,0.9151034419999999,0.0,1628.0
0.6891419806708583,0.0,0.771456827,0.9250109375,0.0,1628.0
0.7746775473486697,0.12657679266666666,0.808293794,0.9040313746666667,0.0,1628.0
0.7747837434562077,0.352656342,0.863319409,0.9334575304999999,0.0,1628.0
0.7719249456251605,0.351074547,0.78955193,0.922983479,0.0,1628.0
0.7698472560311624,0.3485200625,0.7337793065,0.8419163695,0.0,1628.0
0.774859722852744,0.24212307,0.6359017675,0.6757105345000001,0.0,1628.0
0.7757722052714866,0.025093902,0.44941875600000003,0.489716862,0.0,1628.0
0.7295416567436982,0.0,0.25155062225,0.249081165,0.0,1628.0
0.6413982612527499,0.0,0.16972330975000002,0.2690936645,0.0,1628.0
0.712087333883804,0.00151122,0.2115134335,0.4902368935,0.0,1628.0
0.7818982878453354,0.195733722,0.22924863550000002,0.512673843,0.0,1628.0
0.7790666006149228,0.376104691,0.265028699,0.471880037,0.0,1628.0
0.7763933034422997,0.5066556725,0.2969064265,0.4467069585,0.0,1628.0
0.7752834904269572,0.518389181,0.3214784745,0.4485401865,0.0,1628.0
0.7763531189795971,0.4035639435,0.3282058455,0.51948856,0.0,1628.0
0.780506667451757,0.1541001965,0.3251621055,0.5424828745,0.0,1628.0
0.7795584838858527,0.0,0.305443291,0.5055727915,0.0,1628.0
0.7501418428063262,0.0,0.23637777999999998,0.3951626795,0.0,1628.0
0.6525511521934304,0.0,0.1913164505,0.28406896849999996,0.0,1628.0
0.6377623689415903,0.0,0.153098821,0.1954786175,0.0,1628.0
0.6423183599308094,0.0,0.14316712275000001,0.24783368125,0.0,1628.0
0.70290495844301,0.16570294866666666,0.148558055,0.43648577400000005,0.0,1628.0
0.7251390329107418,0.37889653300000004,0.19253884999999998,0.6884126905,0.0,1628.0
0.7139200439372801,0.437898769,0.252850811,0.7976486075,0.0,1628.0
0.7108686332918537,0.3746276075,0.36407575049999996,0.882983313,0.0,1628.0
0.7218102744433301,0.171684632,0.473542853,0.9154856474999999,0.0,1628.0
0.7334523028938083,0.0043927125,0.602005561,0.928153868,0.0,1628.0
0.6944141445064554,0.0,0.63516140125,0.92779574125,0.0,1628.0
0.6074013231174831,0.0,0.598587656,0.9217280219999999,0.0,1628.0
0.5922157771632226,0.0,0.578516214,0.9188724720000001,0.0,1628.0
0.6270643925978063,0.0007942445,0.5141939440000001,0.9220793855,0.0,1628.0
0.6858948353653662,0.074246668,0.475735963,0.9098985635,0.0,1628.0
0.7067777324408143,0.179899958,0.47912855499999996,0.886274925,0.0,1628.0
0.7021008786195738,0.3345835936666666,0.38836128233333334,0.8233238549999999,0.0,1628.0
0.7038361006580012,0.3098114875,0.4266469625,0.839413244,0.0,1628.0
0.7140044972722481,0.1178642935,0.4563049515,0.8472107824999999,0.0,1628.0
0.7146456639151222,0.0,0.448055645,0.8400599209999999,0.0,1628.0
0.68208895736861,0.0,0.402075631,0.8098286497499999,0.0,1628.0
0.6493364220627376,0.0,0.32024063599999997,0.664813833,0.0,1722.5
0.7031070423044549,0.0,0.27837481325,0.5027693725,0.0,1817.0
0.7979386329758614,0.071486339,0.2766015645,0.4249307595,0.0,1817.0
0.7921708539413471,0.22527857299999998,0.250215733,0.3605102355,0.0,1817.0
0.7831933201590863,0.2956961925,0.203898841,0.270261659,0.0,1817.0
0.7787553823616121,0.34489546950000005,0.12222632,0.1815117065,0.0,1817.0
0.7806184420947492,0.2646133275,0.1163588415,0.2255329245,0.0,1817.0
0.79187059716163,0.0846314685,0.119586322,0.260775192,0.0,1817.0
0.7946860417909521,0.0,0.11691662750000001,0.2154685875,0.0,1817.0
0.7377694059431591,0.0,0.08799392,0.16326568166666666,0.0,1817.0
0.6621148104712947,0.0,0.0797054345,0.1455947085,0.0,1817.0
0.680178284174175,0.0,0.07358061725000001,0.10219647450000001,0.0,1817.0
0.7951493363832977,0.000715185,0.080779194,0.11422097750000001,0.0,1817.0
0.8023927195877542,0.147517651,0.0746688135,0.123534474,0.0,1817.0
0.7958046804447463,0.336603584,0.065781753,0.10237368699999999,0.0,1817.0
0.7909151845190527,0.43753270725,0.0764491555,0.090525223,0.0,1817.0
0.797970523987372,0.13966344933333333,0.095357637,0.07328126233333333,0.0,1817.0
0.7990217346091697,0.0,0.095590177,0.104664424,0.0,1817.0
0.7712691323177301,0.0,0.0823716295,0.149032911,0.0,1817.0
0.6814715207857804,0.0,0.0897725045,0.2371714145,0.0,1817.0
0.6665478426005822,0.0,0.12055865875,0.389768608,0.0,1817.0
0.7602720260410925,0.0,0.162204087,0.5604840325,0.0,1817.0
0.8025756775852946,0.05895323066666667,0.16340633033333332,0.6066651740000001,0.0,1817.0
0.8009163644991919,0.21632750950000001,0.142082601,0.57287714,0.0,1817.0
0.7985331606009594,0.2518028545,0.15536314525,0.61727661925,0.0,1817.0
0.802367557248918,0.1438958305,0.200895001,0.73538022,0.0,1817.0
0.8023113806997464,0.002361542,0.2550974596666667,0.7775916923333334,0.0,1817.0
0.7738894287663083,0.0,0.24708790600000002,0.6779457045,0.0,1817.0
0.6837945419329423,0.0,0.2491849005,0.5655807465,0.0,1817.0
0.6705556520554412,0.0,0.24686628424999998,0.49574936550000004,0.0,1817.0
0.7649077874404386,0.0,0.22248997850000002,0.391731765,0.0,1817.0
0.8076284308886361,0.0724423515,0.1942308055,0.341056647,0.0,1817.0
0.8135525351110462,0.26189567,0.1746965485,0.2851305405,0.0,1817.0
0.8064611110122843,0.3998218435,0.175989261,0.24871135500000002,0.0,1817.0
0.8027398890860185,0.3334781023333333,0.18915727133333335,0.25952696066666664,0.0,1817.0
0.8087250837581726,0.11742283400000002,0.22647545,0.322660252,0.0,1817.0
0.8125127160268368,0.0,0.2127279435,0.381087427,0.0,1817.0
0.7879326176675394,0.0,0.201804786,0.49913703350000005,0.0,1817.0
0.6935149243046803,0.0,0.252271224,0.663573305,0.0,1817.0
0.6754740424042694,0.0,0.37852035475,0.8374986847499999,0.0,1817.0
0.7624963229606623,0.0,0.543506014,0.9180834744999999,0.0,1817.0
0.7999558345431715,0.005409949,0.6744090285,0.9358694805,0.0,1817.0
0.7966193067878566,0.0139594545,0.769610731,0.9347344635,0.0,1817.0
0.7890704563288125,0.0524886375,0.734615369,0.923787883,0.0,1817.0
0.7818513552752759,0.24551826875,0.648529296,0.84966827375,0.0,1817.0
0.7924276396607547,0.1079210315,0.654672772,0.7816521245000001,0.0,1817.0
0.7965454163331267,0.0,0.666522344,0.8580522115,0.0,1817.0
0.7374283234083182,0.0,0.639253937,0.8821197686666666,0.0,1817.0
0.647907867852506,0.0,0.59936130625,0.9042010645,0.0,1817.0
0.6540713535931973,0.0,0.565605363,0.9138976686666668,0.0,1817.0
0.7220287381991324,0.116067967,0.5329838053333332,0.912068203,0.0,1817.0
0.7427122308462493,0.3520504585,0.5476407425,0.8686500085,0.0,1817.0
0.7363155685134918,0.4545288396666667,0.455671841,0.7240654536666667,0.0,1817.0
0.7422763988671803,0.30653397849999997,0.495727762,0.6744893505,0.0,1817.0
0.7553753241727719,0.056488861,0.4568127125,0.602614598,0.0,1817.0
0.7595604896951529,0.0,0.3767998065,0.4772078285,0.0,1817.0
0.7268324825739034,0.0,0.283217076,0.327551614,0.0,1817.0
0.6588295108719252,0.0,0.204106933,0.24299827674999996,0.0,1817.0
0.658976834102426,0.0,0.1127976475,0.1504386785,0.0,1817.0
0.7311095887338953,0.078002632,0.06494624466666667,0.17495315366666667,0.0,1817.0
0.7555464598392776,0.290513474,0.038802344,0.191805921,0.0,1817.0
0.7497360316283221,0.43069482299999995,0.0350741865,0.292371394,0.0,1817.0
0.7478886980443354,0.45285947550000005,0.0548025165,0.3339737865,0.0,1817.0
0.7601528344354613,0.293655577,0.1135608265,0.341183165,0.0,1817.0
0.7741035268567392,0.0015555136666666667,0.15071235933333332,0.29536781500000003,0.0,1817.0
0.7445903127032527,0.0,0.142542593,0.1792610985,0.0,1817.0
0.6940415233374719,0.0,0.139137961,0.1561202175,0.0,1817.0
0.682458996590515,0.0,0.165252952,0.2748658625,0.0,1817.0
0.6904380224418214,0.0,0.2115187865,0.488476209,0.0,1817.0
0.7787800048018402,0.0,0.27630319550000004,0.70127514,0.0,1817.0
0.8154855184353125,0.0395481435,0.3789006755,0.8151817985,0.0,1817.0
0.8107146038766382,0.1806924615,0.43084895,0.8765383845,0.0,1817.0
0.7994672841379402,0.205854181,0.510138863,0.912035629,0.0,1817.0
0.7959809568713629,0.10448023,0.661288241,0.932802753,0.0,1817.0
0.7977706658399635,0.022048386333333333,0.7759107153333332,0.9316683960000001,0.0,1817.0
0.7951242678311334,0.0,0.7672081675,0.8883154795,0.0,1817.0
0.7444418040092186,0.0,0.62785733375,0.8232052855,0.0,1817.0
0.6443929514384111,0.0,0.4641284265,0.7989202805,0.0,1817.0
0.7068666606505225,0.0,0.4359367463333333,0.8790710446666666,0.0,1817.0
0.7884300406045583,0.0049010755,0.47045681,0.9183954649999999,0.0,1817.0
0.7861070897974003,0.0513987085,0.5408176065,0.9292897785,0.0,1817.0
0.7822301692824148,0.06529283633333334,0.5597587453333334,0.9256073683333333,0.0,1817.0
0.7805493163155759,0.041362689499999994,0.6220088195,0.9322743364999999,0.0,1817.0
0.7807991077376126,0.018091964999999998,0.6300580309999999,0.931618914,0.0,1817.0
0.7780457470715127,0.0,0.644798258,0.9255010765,0.0,1817.0
0.7692952367461867,0.0,0.646452084,0.890345546,0.0,1817.0
0.6933815784145203,0.0,0.6043119855,0.8379987495,0.0,1817.0
0.6476274335111473,0.0,0.5550720435000001,0.835163977,0.0,1817.0
0.6581733100692284,0.0,0.53470884075,0.83685843025,0.0,1817.0
0.774890330758375,0.0,0.558608263,0.8949107224999999,0.0,1817.0
0.7818230359207512,0.1106727075,0.5418485035,0.8726494005000001,0.0,1817.0
0.7704116923588804,0.39642364350000003,0.4722675835,0.791918904,0.0,1817.0
0.7655852423350409,0.591414045,0.3725359975,0.6341070795,0.0,1817.0
0.765376668279587,0.5924867,0.35180907549999996,0.527005988,0.0,1817.0
0.7726865249761345,0.2797371105,0.35080736749999997,0.480952494,0.0,1817.0
0.7891586179887888,0.001558324,0.352622724,0.451165348,0.0,1817.0
0.7936576774982309,0.0,0.317842485,0.3896859225,0.0,1817.0
0.7663717495581712,0.0,0.290781581,0.3488479745,0.0,1817.0
0.6792380227684491,0.0,0.254651486,0.37070497,0.0,1817.0
0.6681117606775315,0.0,0.21683345925000003,0.41779719925,0.0,1817.0
0.7637595503382257,0.0,0.1780194315,0.4358977,0.0,1817.0
0.8023724395746442,0.062476779,0.173069888,0.403435273,0.0,1817.0
0.7909784652002088,0.1967311175,0.1438160965,0.3625861285,0.0,1817.0
0.7795328757477025,0.2154854505,0.1044629125,0.3399231575,0.0,1817.0
0.7759691138280629,0.14467439599999998,0.1275588715,0.454553211,0.0,1817.0
0.7802835639650867,0.047562627,0.1983931695,0.5592412485,0.0,1817.0
0.7821651668863769,0.0,0.25387100900000004,0.6352202725,0.0,1817.0
0.7386640021493854,0.0,0.26385197450000003,0.7114537857500001,0.0,1817.0
0.6448722186825431,0.0,0.24390647866666668,0.74036183,0.0,1817.0
0.690096443254449,0.0,0.259645344,0.77295877975,0.0,1817.0
0.7902329411896036,0.010328518,0.2497687355,0.7895504125,0.0,1817.0
0.7878239883169018,0.1370693445,0.238074322,0.7791160075,0.0,1817.0
0.7817045717870721,0.317872943,0.1625991925,0.729438213,0.0,1817.0
0.7739564890503432,0.422399676,0.152537386,0.700602374,0.0,1817.0
0.7756209266402005,0.25831543566666665,0.23624857166666668,0.7310257,0.0,1817.0
0.7834846099950994,0.0,0.33383756350000005,0.7243839155,0.0,1817.0
0.73569171619285,0.0,0.3663911405,0.79093975175,0.0,1817.0
0.6308408129824629,0.0,0.313620908,0.7748320785,0.0,1817.0
0.6224611401911937,0.0,0.330073206,0.80291658875,0.0,1817.0
0.6632214781942828,0.0,0.330075805,0.7872328395,0.0,1817.0
0.71792480235539,0.058019605,0.3430317685,0.8443266315,0.0,1817.0
0.7188269094672386,0.133892647,0.3487321205,0.8889450815,0.0,1817.0
0.7081318438970258,0.21006851966666665,0.3434519683333333,0.8865978736666668,0.0,1817.0
0.7110780054718859,0.16769117500000003,0.47522448100000003,0.9033886765000001,0.0,1817.0
0.7210338843011239,0.0283482015,0.5386694085,0.920162625,0.0,1817.0
0.7266068443461127,0.0,0.571746659,0.9227577014999999,0.0,1817.0
0.67518837382875,0.0,0.58400359725,0.9292494725,0.0,1817.0
0.6193936274371115,0.0,0.5956198505,0.9284572715,0.0,1817.0
0.6211350541516564,0.0,0.6146844506666667,0.9282399326666667,0.0,1817.0
0.6621370388504104,0.0,0.640775222,0.9257391335,0.0,1817.0
0.7110920650318759,0.155950243,0.6507859165000001,0.9249123315000001,0.0,1817.0
0.7091178177603129,0.443995176,0.642425943,0.924703876,0.0,1817.0
0.7065385973730652,0.6022896225,0.5771437189999999,0.9158935615,0.0,1817.0
0.7045577537722427,0.6296383830000001,0.6065682754999999,0.9141957475,0.0,1817.0
0.7098913677294707,0.440964696,0.6905939569999999,0.91629222,0.0,1817.0
0.7175700902203462,0.0619402425,0.751269637,0.9177942575,0.0,1817.0
0.7192043076603571,0.0,0.7628226235,0.9286188162500001,0.0,1817.0
0.6605093345821433,0.0,0.757120079,0.931398873,0.0,1817.0
0.6411654636630457,0.0,0.7608445079999999,0.9306363105,0.0,1817.0
0.6901053861262403,0.0,0.77017211975,0.9289394035,0.0,1817.0
0.7864629441499008,0.10391825733333332,0.7360609983333334,0.9276151096666667,0.0,1817.0
0.769500360077358,0.4304452875,0.5677409135,0.8992043540000001,0.0,1817.0
0.7635988206155938,0.48498321533333333,0.398055604,0.6563344346666667,0.0,1817.0
0.7652399350232515,0.20072557000000002,0.34602160600000004,0.505081253,0.0,1817.0
0.7758503677091233,0.0,0.336421689,0.500870179,0.0,1817.0
0.7744452507882087,0.0,0.33570734449999995,0.501643375,0.0,1817.0
0.698387543944003,0.0,0.3498971785,0.480328953,0.0,1817.0
0.6453574675885073,0.0,0.34917318766666666,0.4553259703333334,0.0,1817.0
0.6910607167054797,0.0,0.296022073,0.41269735874999997,0.0,1817.0
0.7914911925589765,0.0078963475,0.27489801999999997,0.4640888615,0.0,1817.0
0.7859372683947907,0.1246375275,0.296175132,0.393655164,0.0,1817.0
0.7811253478021676,0.2470662715,0.2273043005,0.275305183,0.0,1817.0
0.7774291322162403,0.3258970375,0.15545670849999998,0.249185159,0.0,1817.0
0.7804345452926227,0.14985927766666665,0.140166026,0.198093076,0.0,1817.0
0.7893923074897429,0.0,0.1435839555,0.185380116,0.0,1817.0
0.7466877192256032,0.0,0.11488037424999999,0.133540811,0.0,1817.0
0.6480083760589095,0.0,0.09642162800000001,0.2019707215,0.0,1817.0
0.7086207859137161,0.0,0.14705949766666668,0.40161507366666666,0.0,1817.0
0.791637799571926,0.0018808545,0.192483037,0.603970506,0.0,1817.0
0.7902043518857749,0.0224342925,0.23197178499999999,0.7271505855,0.0,1817.0
0.7824682400798523,0.047705984,0.28422906400000003,0.7425395046666666,0.0,1817.0
0.7777714507552099,0.0908857285,0.3502219695,0.7653044975000001,0.0,1817.0
0.781023196922205,0.049555681500000004,0.401988017,0.7741768245,0.0,1817.0
0.783505641343659,0.0,0.44079672950000004,0.796755259,0.0,1817.0
0.7361111528548642,0.0,0.43597301,0.82893324475,0.0,1817.0
0.6474254082663724,0.0,0.36130872449999996,0.7177583175,0.0,1817.0
0.6438108836853024,0.0,0.3400398283333333,0.5726244566666666,0.0,1817.0
0.7342760134139625,0.0,0.29210788600000004,0.469517176,0.0,1817.0
0.784499853636624,0.006909082333333334,0.261444678,0.45965117299999997,0.0,1817.0
0.7792223855915881,0.0376864175,0.2606256055,0.528444744,0.0,1817.0
0.7780936618485459,0.124098533,0.21218236033333335,0.563763248,0.0,1817.0
0.7841182581773141,0.12787385733333334,0.29934403299999995,0.7132955746666667,0.0,1817.0
0.7919093732611424,0.0,0.4169495835,0.72989386,0.0,1817.0
0.7541767391025298,0.0,0.4750898105,0.7489023095,0.0,1817.0
0.665689127351409,0.0,0.502203864,0.7634874563333334,0.0,1817.0
0.7164278384272252,0.0,0.5320477545,0.75527387575,0.0,1817.0
0.8048285717284567,0.0053403775,0.543452323,0.751680915,0.0,1817.0
0.8017142317892718,0.34982055850000005,0.48629158100000003,0.7127375585,0.0,1817.0
0.7937160762704905,0.5805447125000001,0.4781172225,0.642348532,0.0,1817.0
0.790990483336973,0.5285974305000001,0.419955915,0.5154517385,0.0,1817.0
0.7926905287041497,0.338991,0.3658144815,0.467131074,0.0,1817.0
0.8014225661813263,0.0181626475,0.34564563699999995,0.440237974,0.0,1817.0
0.8004461223986042,0.0,0.256222719,0.295785417,0.0,1817.0
0.721495395070969,0.0,0.1702291035,0.1714791635,0.0,1817.0
0.660918337945838,0.0,0.11152727033333333,0.109399858,0.0,1817.0
0.6649451717144773,0.0,0.0577699765,0.11810099624999999,0.0,1817.0
0.738628347843456,0.014293756999999999,0.037885934333333336,0.07879679433333332,0.0,1817.0
0.7613160230089143,0.0818703265,0.0209565645,0.0763487515,0.0,1817.0
0.7510547238184248,0.129354395,0.025661141,0.102487776,0.0,1817.0
0.7489825502354329,0.08831257199999999,0.057043262000000004,0.10682369933333334,0.0,1817.0
0.7656563163760126,0.0058759605,0.1089326395,0.145305529,0.0,1817.0
0.7653411315717233,0.0,0.1344319525,0.2154931665,0.0,1817.0
0.7011581330654267,0.0,0.18274319575,0.29591933,0.0,1817.0
0.6524922840709816,0.0,0.2369558213333333,0.4597131383333333,0.0,1817.0
0.6759072924362599,0.0,0.402032674,0.71546495725,0.0,1817.0
0.7463335468328565,0.033599414,0.5502451115,0.850421969,0.0,1817.0
0.7490310906737754,0.1024564795,0.619604317,0.8979184229999999,0.0,1817.0
0.7396117554949843,0.11618477233333334,0.6815801616666667,0.9196058263333334,0.0,1817.0
0.7437825165308373,0.053301188,0.7312706364999999,0.928770807,0.0,1817.0
0.74936732996067,0.0017680125,0.704625508,0.9097766055000001,0.0,1817.0
0.7405475297294951,0.0,0.6320680613333334,0.8733263399999999,0.0,1817.0
0.6760141773026959,0.0,0.5536865586666667,0.8015369153333333,0.0,1817.0
0.6432577533408865,0.0,0.5485784465,0.8737220585000001,0.0,1817.0
0.7347882709015039,0.0,0.5919236905,0.8916997280000001,0.0,1817.0
0.7917701674755125,0.040229040333333334,0.5395319346666666,0.7785083456666667,0.0,1817.0
0.7956232401239727,0.3643916435,0.48266136000000004,0.760434294,0.0,1817.0
0.793018247471899,0.5259420295,0.404126953,0.8063114395,0.0,1817.0
0.7925923206158755,0.39591239050000004,0.44403702899999997,0.8693919295,0.0,1817.0
0.7979885349882656,0.1184728945,0.469817333,0.911716137,0.0,1817.0
0.7996337961215194,0.0,0.515092169,0.919089491,0.0,1817.0
0.7961333852230397,0.0,0.483812475,0.9044193655,0.0,1817.0
0.7224579198695017,0.0,0.450376244,0.8627265715,0.0,1817.0
0.6704751581332439,0.0,0.38645764999999993,0.7740286476666668,0.0,1817.0
0.6736075555498287,0.0,0.318787378,0.602005103,0.0,1817.0
0.7776725075878425,0.0,0.24728735500000001,0.45253129833333333,0.0,1817.0
0.8103310210777499,0.052217822,0.17304506349999998,0.3324519495,0.0,1817.0
0.8083071062604625,0.2295403215,0.10295299299999999,0.225163365,0.0,1817.0
0.8032768709286382,0.2668412455,0.07263652200000001,0.2234358325,0.0,1817.0
0.8031719033222952,0.19487364699999998,0.0954464585,0.25944988750000003,0.0,1817.0
0.8071171590990169,0.050663644,0.1209890045,0.370382088,0.0,1817.0
0.8059434076453258,0.0,0.136858731,0.423834451,0.0,1817.0
0.7621509882423233,0.0,0.15872993625,0.43381860099999997,0.0,1817.0
0.6702378382544264,0.0,0.1936928315,0.458729096,0.0,1817.0
0.6848160876219915,0.0,0.20419212474999998,0.5074778825,0.0,1817.0
0.7981257536427322,0.0,0.180290079,0.538648926,0.0,1817.0
0.8089999121575274,0.0253782075,0.155022626,0.5151434685,0.0,1817.0
0.807817757730653,0.1572272425,0.13930471049999998,0.48755701100000004,0.0,1817.0
0.804050389427157,0.22807354533333335,0.10403252299999999,0.4398348556666667,0.0,1817.0
0.8099484554474223,0.089612947,0.09543843299999999,0.45451586299999996,0.0,1817.0
0.8148896060500037,0.0,0.0945980655,0.506146097,0.0,1817.0
0.7708010846168508,0.0,0.09186985,0.514183887,0.0,1817.0
0.6814535331273474,0.0,0.10528916566666667,0.37555179899999996,0.0,1817.0
0.7274471260333315,0.0,0.11297067025,0.2795554685,0.0,1817.0
0.8135732844743455,0.0006494545,0.11491986500000001,0.25006814,0.0,1817.0
0.8189401117309509,0.10009223249999999,0.09550562600000001,0.2663349155,0.0,1817.0
0.8134337658580609,0.181106515,0.0668682355,0.2972635335,0.0,1817.0
0.809679057087958,0.183045205,0.0658212275,0.34024392049999996,0.0,1817.0
0.8158621065200005,0.06448270433333332,0.09098489,0.485068509,0.0,1817.0
0.8162836205046944,0.0,0.118869923,0.5904496085,0.0,1817.0
0.80713645320579,0.0,0.1158585125,0.5659791415,0.0,1817.0
0.7306769723871849,0.0,0.12005254800000001,0.5364783355,0.0,1817.0
0.6742041881125705,0.0,0.12811694433333334,0.483190901,0.0,1817.0
0.6765914841838185,0.0,0.12789729049999998,0.45410531,0.0,1817.0
0.7783438127861584,0.0,0.1326616733333333,0.453933133,0.0,1817.0
0.8156673811087322,0.019769751,0.1319356915,0.4018960825,0.0,1817.0
0.8163318793746063,0.17188831799999998,0.12119299,0.3182068165,0.0,1817.0
0.8165030620907591,0.19110224575,0.08159620825,0.23473615775,0.0,1817.0
0.8221747230729832,0.047751443,0.11989833450000001,0.279367504,0.0,1817.0
0.8195299679982306,0.0,0.1378563275,0.2871186255,0.0,1817.0
0.7722525354362357,0.0,0.12203372725,0.27785874025,0.0,1817.0
0.6745690712037711,0.0,0.1271150305,0.36047475399999995,0.0,1817.0
0.6688009945528846,0.0,0.14604669466666664,0.432217549,0.0,1817.0
0.6831896632291741,0.0,0.1791091585,0.5962117655,0.0,1817.0
0.7475931517523201,0.025274588666666667,0.219842074,0.6879521373333333,0.0,1817.0
0.7772117325223349,0.2110370935,0.265570735,0.7564674085,0.0,1817.0
0.7712923463947678,0.30172964999999996,0.3444390905,0.823019891,0.0,1817.0
0.776326595483529,0.192019624,0.32640688100000004,0.8362497504999999,0.0,1817.0
0.7887005810772721,0.035707262000000003,0.3801609185,0.8782610445,0.0,1817.0
0.7883252840182271,0.0,0.423131366,0.879742052,0.0,1817.0
0.7395574954243499,0.0,0.42274328175,0.82957586225,0.0,1817.0
0.6677931606836873,0.0,0.40885900666666664,0.8062891219999999,0.0,1817.0
0.6690380094166033,0.0,0.3577316715,0.7695981275,0.0,1817.0
0.7071860549132707,0.0,0.29504277850000005,0.723735603,0.0,1817.0
0.7618721970434569,0.20737488099999998,0.269144147,0.658760989,0.0,1817.0
0.7774127014165616,0.4834803486666666,0.2015861996666667,0.4973713286666667,0.0,1817.0
0.777556867787685,0.431269032,0.147710456,0.35877677750000003,0.0,1817.0
0.7897251901516489,0.1013338345,0.15225085,0.3506427095,0.0,1817.0
0.7985318227340841,0.0,0.140478729,0.346555447,0.0,1817.0
0.773451613355439,0.0,0.08546463324999999,0.298523965,0.0,1817.0
0.7038282378960483,0.0,0.058727329499999995,0.265531497,0.0,1817.0
0.7040372671920079,0.0,0.0759650432,0.3027664522,0.0,1817.0
0.8189005060362217,0.024802876666666668,0.10741598266666667,0.44720659699999993,0.0,1817.0
0.8284840529241515,0.2638323185,0.0979060925,0.51814447,0.0,1817.0
0.8231185874500228,0.4092926616666667,0.11225428933333333,0.5552956673333334,0.0,1817.0
0.8235892524242935,0.23387180550000003,0.1555589285,0.6070847955,0.0,1817.0
0.831146458963185,0.0009248105,0.20503003050000002,0.6782013,0.0,1817.0
0.8272469110588984,0.0,0.2461229216666667,0.7131191633333334,0.0,1817.0
0.7970058473057556,0.0,0.27967260650000003,0.73257673,0.0,1817.0
0.697680326161684,0.0,0.3177909925,0.7419223525,0.0,1817.0
0.6817358294467664,0.0,0.38699240825000003,0.810636197,0.0,1817.0
0.7678061126022404,0.0,0.4590709275,0.838677898,0.0,1817.0
0.8095216993088041,0.0072452895,0.520802994,0.891726174,0.0,1817.0
0.8189821265968675,0.083006336,0.5503469205,0.9125463094999999,0.0,1817.0
0.8165250557426765,0.12016329266666666,0.6251624733333333,0.9298489419999999,0.0,1817.0
0.8168452166593638,0.022381876999999998,0.7551258605,0.934843757,0.0,1817.0
0.8183572494484199,0.0,0.805418435,0.9294836485,0.0,1817.0
0.8078532475451806,0.0,0.82070781975,0.9005433302500001,0.0,1817.0
0.7245958155049272,0.0,0.7234985265,0.8474389015,0.0,1817.0
0.6656642428816403,0.0,0.72640306925,0.90071203625,0.0,1817.0
0.72829491086272,0.0,0.6909338796666665,0.9016979493333334,0.0,1817.0
0.8006981197873724,0.0015208775,0.65387663,0.8967328565,0.0,1817.0
0.8002916280307523,0.010263411,0.614776843,0.897528825,0.0,1817.0
0.7980651951718327,0.02146081866666667,0.578306219,0.8999320829999999,0.0,1817.0
0.795797842145873,0.021010951,0.6489190716666667,0.9237787220000001,0.0,1817.0
0.7950093951017448,0.0,0.6705367154999999,0.9315945274999999,0.0,1817.0
0.7733339825163399,0.0,0.690242942,0.93632404475,0.0,1817.0
0.6976504221771295,0.0,0.6832821806666667,0.9360215653333334,0.0,1929.6666666666667
0.7215474210388704,0.0,0.70640258375,0.9255138119999999,0.0,2155.0
0.8420487683812214,0.006419665000000001,0.6690929963333332,0.8611151823333333,0.0,2155.0
0.8315536547450891,0.1381038495,0.599288496,0.6756098935,0.0,2155.0
0.8276844957024508,0.260337504,0.43038395466666673,0.46271904666666663,0.0,2155.0
0.8302799116932458,0.096309207,0.361809857,0.384980452,0.0,2155.0
0.8446034524035644,0.0,0.313299718,0.38381890750000003,0.0,2155.0
0.8409124317656032,0.0,0.24154649000000003,0.439453501,0.0,2155.0
0.7789036875385681,0.0,0.156426953,0.38317624466666667,0.0,2155.0
0.7129824232516138,0.0,0.1396997675,0.4780263025,0.0,2155.0
0.7604695445236584,0.0,0.19231606899999998,0.593701289,0.0,2155.0
0.8406682269029915,0.0012307496666666667,0.26755033,0.7001158693333333,0.0,2155.0
0.8287277416474454,0.018063166500000002,0.30487069349999996,0.768080683,0.0,2155.0
0.8276325515373691,0.014427787000000001,0.34719898125,0.78006871125,0.0,2155.0
0.8325832398276567,0.001048384,0.430479897,0.8598348915,0.0,2155.0
0.8309416247033782,0.0,0.49384684199999995,0.8853385696666667,0.0,2155.0
0.8041456712670594,0.0,0.5190567775,0.8901806130000001,0.0,2155.0
0.7242992914347534,0.0,0.4935308225,0.8914149395,0.0,2155.0
0.6806152544108189,0.0,0.4892897775,0.8802370850000001,0.0,2155.0
0.6774591811220445,0.0,0.47097251674999996,0.86778490525,0.0,2155.0
0.7316026459013355,0.0,0.448020972,0.8115323105,0.0,2155.0
0.7729495078062014,0.009913789000000001,0.467751428,0.776618544,0.0,2155.0
0.7805198354131193,0.062246326500000004,0.4408498025,0.7612974285,0.0,2155.0
0.7800912797166815,0.145194998,0.451618912,0.6999815380000001,0.0,2155.0
0.7988116428769488,0.060927795,0.449852019,0.6370520316666667,0.0,2155.0
0.8220498504960105,0.0,0.42632724349999995,0.511178884,0.0,2155.0
0.8050435771528349,0.0,0.3861729203333333,0.48480376033333333,0.0,2155.0
0.7345320833847522,0.0,0.30890665925,0.49496056450000003,0.0,2155.0
0.7146254308995558,0.0,0.24979885766666665,0.634396091,0.0,2155.0
0.7556484934859002,0.00261175725,0.23234548449999998,0.688309674,0.0,2155.0
0.7974793286937847,0.0793082735,0.22497567400000001,0.7629438735,0.0,2155.0
0.7896913903729496,0.078252991,0.22232535250000002,0.82469331,0.0,2155.0
0.7846581973221146,0.08158964199999999,0.2914037985,0.8614286245,0.0,2155.0
0.8048960778118055,0.0166032835,0.37149799650000004,0.8683989315,0.0,2155.0
0.8180518760847115,0.0,0.4447949283333334,0.8773069910000001,0.0,2155.0
0.7675513920653488,0.0,0.47217231825,0.88707392825,0.0,2155.0
0.7182974000777054,0.0,0.5078340375,0.82508922625,0.0,2155.0
0.804090229796981,0.0,0.5324158216666667,0.76071539,0.0,2155.0
0.8418505847427366,0.004700786,0.5468547285,0.8046957484999999,0.0,2155.0
0.8350003140009039,0.0616675395,0.5248296225,0.803562955,0.0,2155.0
0.8343163651087221,0.061394563333333325,0.45372287766666664,0.7687049676666667,0.0,2155.0
0.8383033236501576,0.016757848,0.40505840633333334,0.6975904003333332,0.0,2155.0
0.8447134901173924,0.0,0.35544654200000003,0.6695279505,0.0,2155.0
0.8097961833547619,0.0,0.283525437,0.63151521775,0.0,2155.0
0.722417500627497,0.0,0.18796411899999999,0.5315690245,0.0,2155.0
0.7138204865714188,0.0,0.174182988,0.53994178725,0.0,2155.0
0.8316087675449861,0.0,0.17908556,0.5162067775,0.0,2155.0
0.8421945936301567,0.000973337,0.185488306,0.534161294,0.0,2155.0
0.8367143020073531,0.0142193015,0.180163631,0.57201875,0.0,2155.0
0.8347154242715912,0.023554329,0.13438803,0.5093356926666667,0.0,2155.0
0.8360169424547435,0.009167983000000001,0.157036214,0.555999056,0.0,2155.0
0.8439090039892518,0.0,0.1753972105,0.6081403645000001,0.0,2155.0
0.8366874965260245,0.0,0.18011699199999998,0.622298187,0.0,2155.0
0.7961674668827919,0.0,0.1687296276666667,0.5870165416666667,0.0,2155.0
0.7092989292024903,0.0,0.1555849445,0.49730407350000005,0.0,2155.0
0.6979126657598067,0.0,0.143551182,0.36930031875,0.0,2155.0
0.8182794158893794,0.0,0.10423858450000001,0.221463942,0.0,2155.0
0.8352428760336456,0.00072507,0.0796862435,0.14498792500000002,0.0,2155.0
0.8287381163290952,0.014019199500000001,0.0526385755,0.0991479705,0.0,2155.0
0.8277602326083365,0.022238198,0.023442596666666666,0.04655035166666666,0.0,2155.0
0.8305067942617582,0.005524254333333333,0.023187626666666666,0.055644986,0.0,2155.0
0.8364683602155769,0.0,0.033115662000000004,0.0884807295,0.0,2155.0
0.8014228126839624,0.0,0.04674196275,0.11988326499999999,0.0,2155.0
0.7084582017159575,0.0,0.0542219105,0.1310208155,0.0,2155.0
0.7016958344081312,0.0,0.059283920749999997,0.12113809025,0.0,2155.0
0.8228496894945567,0.0,0.06783912950000001,0.12861462699999998,0.0,2155.0
0.8407533056908538,0.000763908,0.0752221075,0.150474467,0.0,2155.0
0.8347377069427693,0.0122277935,0.0759736825,0.1378368015,0.0,2155.0
0.8340823002526653,0.01770723633333333,0.056926217333333334,0.10178492633333332,0.0,2155.0
0.8382502451873822,0.003946712666666667,0.076306038,0.094646536,0.0,2155.0
0.8364017929368142,0.0,0.10186789025,0.1036305975,0.0,2155.0
0.7900094856902913,0.0,0.099047391,0.092151505,0.0,2155.0
0.7231548567568431,0.0,0.086515443,0.0904807865,0.0,2155.0
0.7161707827585135,0.0,0.0877111785,0.10367944675,0.0,2155.0
0.8354399487168976,0.0,0.08443885300000001,0.1027947105,0.0,2155.0
0.8427088225135422,0.0005488725,0.079173507,0.086667855,0.0,2155.0
0.8381993417417366,0.0094003675,0.07815026550000001,0.07771896549999999,0.0,2155.0
0.836481199298343,0.0118420125,0.07679631825,0.07906335275000001,0.0,2155.0
0.8437702359789649,0.000733821,0.106591383,0.11855443499999999,0.0,2155.0
0.8473752390244776,0.0,0.13293593599999998,0.168921076,0.0,2155.0
0.8125958075793283,0.0,0.17422982625,0.27565940375,0.0,2155.0
0.721083082288244,0.0,0.22634861950000001,0.379892056,0.0,2155.0
0.7050112607875049,0.0,0.28375882750000003,0.42520819,0.0,2155.0
0.7096691954402452,0.0,0.3392884903333333,0.5046583823333334,0.0,2155.0
0.7535177565871434,0.0,0.3885441795,0.575460424,0.0,2155.0
0.7969872103309306,0.002773096,0.42288173549999997,0.6439727305,0.0,2155.0
0.8063557207406731,0.013809429,0.4167037535,0.6688628785,0.0,2155.0
0.8071718493899568,0.008354982249999999,0.432329599,0.7036431425,0.0,2155.0
0.8254009311292099,0.0,0.4655484565,0.7480179659999999,0.0,2155.0
0.8080734169158195,0.0,0.471951369,0.80021318525,0.0,2155.0
0.7231160217280386,0.0,0.41939887775,0.75809922975,0.0,2155.0
0.7020218634526744,0.0,0.4554246275,0.81738705825,0.0,2155.0
0.7493686679838563,0.0,0.4701990995,0.8186666524999999,0.0,2155.0
0.7975611997690519,0.005164015666666666,0.47596073433333336,0.8368007033333335,0.0,2155.0
0.8039769765550021,0.0119347775,0.422895148,0.8309120320000001,0.0,2155.0
0.8179283182926721,0.000641178,0.49917349450000004,0.884318839,0.0,2155.0
0.8257173836166816,0.0,0.517374742,0.8975563875,0.0,2155.0
0.7895355816369942,0.0,0.5086154265,0.889899764,0.0,2155.0
0.7269184377461113,0.0,0.4452841205,0.8837101315,0.0,2155.0
0.7195920919458372,0.0,0.49533076725,0.8930520839999999,0.0,2155.0
0.8356626060916319,0.0,0.5110696724999999,0.8811634585,0.0,2155.0
0.8422677797469804,0.0,0.534109253,0.8993921415,0.0,2155.0
0.8390237325278846,0.009590236,0.56373922,0.91602808,0.0,2155.0
0.8381980271652183,0.0117008415,0.5589450067499999,0.91171512375,0.0,2155.0
0.8440566442187039,0.0,0.608939239,0.9049476590000001,0.0,2155.0
0.8378322128765728,0.0,0.630526894,0.85957202675,0.0,2155.0
0.7874713416769963,0.0,0.621970161,0.8661412345,0.0,2155.0
0.7146935473257241,0.0,0.5503904765000001,0.81601985,0.0,2155.0
0.7058280229657575,0.0,0.536225291,0.7593918605,0.0,2155.0
0.8309259139769251,0.0,0.4543736515,0.6674477495,0.0,2155.0
0.8421945936301567,0.0,0.3793147435,0.626762713,0.0,2155.0
0.8360408840037332,0.0076500605,0.30312435449999997,0.6359132925,0.0,2155.0
0.8343626681096943,0.0207019115,0.270617954,0.606637918,0.0,2155.0
0.8341197306176427,0.0323940855,0.250790138,0.5775316239999999,0.0,2155.0
0.8401544358991566,0.001089786,0.22230638,0.5092636420000001,0.0,2155.0
0.8345166927105273,0.0,0.220100568,0.4668639965,0.0,2155.0
0.7862917926438683,0.0,0.2002494195,0.391507653,0.0,2155.0
0.7152469283931764,0.0,0.1731943685,0.29197212699999997,0.0,2155.0
0.7062712136034177,0.0,0.14219566625000002,0.2051892475,0.0,2155.0
0.8237654344389937,0.0,0.11471427149999999,0.1981411315,0.0,2155.0
0.8407533056908538,0.0,0.09622461800000001,0.160799478,0.0,2155.0
0.8346228807940944,0.0242469205,0.08293523650000001,0.108281143,0.0,2155.0
0.8332582068744747,0.06221782,0.0525774865,0.065124938,0.0,2155.0
0.8324991153712851,0.0474028605,0.051030892,0.085332113,0.0,2155.0
0.8399983926965213,0.0014884855,0.055655236,0.127248105,0.0,2155.0
0.8448270957888431,0.0,0.0565047635,0.20748005349999998,0.0,2155.0
0.8298181195633848,0.0,0.0686025335,0.30104062099999995,0.0,2155.0
0.7902130368442185,0.0,0.094456467,0.4085957765,0.0,2155.0
0.7264779114314897,0.0,0.11465109300000001,0.534001164,0.0,2155.0
0.7154243780910591,0.0,0.22935339224999998,0.6571354632499999,0.0,2155.0
0.8317658433388796,0.0,0.34518852200000005,0.7268088045,0.0,2155.0
0.8406982400969152,0.0,0.42381590999999996,0.8003258845000001,0.0,2155.0
0.834650390300707,0.0146943265,0.479762813,0.857888962,0.0,2155.0
0.8311610820247621,0.021485593749999997,0.5185932015,0.907460374,0.0,2155.0
0.8364231997446837,0.0007481,0.5659279815,0.9146387635,0.0,2155.0
0.8391210955982447,0.0,0.556951232,0.8939380405,0.0,2155.0
0.8009475826434351,0.0,0.515626689,0.8709971522500001,0.0,2155.0
0.7002945825401746,0.0,0.4662697316666667,0.8593466040000001,0.0,2155.0
0.6893762572763787,0.0,0.448813717,0.8860354865,0.0,2155.0
0.7840528332202154,0.0,0.439530551,0.9045701623333334,0.0,2155.0
0.8356475367618073,0.0,0.445473281,0.9152618275,0.0,2155.0
0.8286358713498385,0.035822568,0.47899699149999997,0.9256779175000001,0.0,2155.0
0.8278329964767218,0.11221191333333334,0.5170455696666667,0.9268344386666666,0.0,2155.0
0.8309915738175334,0.026943345000000004,0.6322531956666667,0.9248132940000001,0.0,2155.0
0.8365027233395524,0.0,0.6442762,0.894358941,0.0,2155.0
0.8027949864111148,0.0,0.6645937102499999,0.8831526492499999,0.0,2155.0
0.6996990298788562,0.0,0.6456830835,0.880806478,0.0,2155.0
0.681222973600258,0.0,0.635569562,0.8842028230000001,0.0,2155.0
0.6948191574035703,0.0,0.63881753075,0.86333835125,0.0,2155.0
0.7800508058699922,0.022598118666666667,0.6340137603333333,0.797849432,0.0,2155.0
0.7958879129898678,0.2876882895,0.6238169445,0.807887588,0.0,2155.0
0.7935335092591645,0.32635242249999996,0.645264692,0.817275121,0.0,2155.0
0.8065610713482125,0.050377293999999996,0.7038054736666667,0.836377249,0.0,2155.0
0.8245313798721687,0.0,0.7567347170000001,0.85738112,0.0,2155.0
0.7932772160760957,0.0,0.783764878,0.8914518539999999,0.0,2155.0
0.7281335706930612,0.0,0.7465590875,0.9063842975,0.0,2155.0
0.7027282710744591,0.0,0.7672274517500001,0.92408823625,0.0,2155.0
0.7470674173805399,0.0,0.60814048125,0.8804249184999999,0.0,2155.0
0.8045552611100759,0.07514819,0.500202036,0.840934429,0.0,2155.0
0.807077428668014,0.08597759966666667,0.3678917643333333,0.7347281826666667,0.0,2155.0
0.8173709944335316,0.016388344,0.2991843065,0.6347455289999999,0.0,2155.0
0.8369758292682714,0.0,0.255907442,0.5972691225,0.0,2155.0
0.8345392258963269,0.0,0.2035162365,0.5003501295,0.0,2155.0
0.7951334067170692,0.0,0.14650004433333333,0.36434866800000004,0.0,2155.0
0.7464542174543041,0.0,0.0951768935,0.2181727205,0.0,2155.0
0.74271093987271,0.0,0.07621127675,0.166733144,0.0,2155.0
0.8567382097681312,0.0,0.0720086255,0.179519727,0.0,2155.0
0.8573369388798205,0.0,0.07439640950000001,0.199096778,0.0,2155.0
0.8613159478545279,0.094069755,0.081424108,0.23321318200000002,0.0,2155.0
0.8616507556441866,0.19568813699999998,0.10647504799999999,0.30470829,0.0,2155.0
0.8630720760884117,0.075897694,0.13466731166666668,0.35105842400000004,0.0,2155.0
0.870196987343633,0.0,0.19779680875,0.40453813024999996,0.0,2155.0
0.8324115171607921,0.0,0.30697100000000005,0.4461620476666666,0.0,2155.0
0.7591211366517971,0.0,0.427723438,0.473527888,0.0,2155.0
0.7534813983080336,0.0,0.46254041275,0.47502655025,0.0,2155.0
0.8649314196809845,0.0,0.445895536,0.4148937025,0.0,2155.0
0.8611212226516745,0.0,0.399231194,0.42503956499999995,0.0,2155.0
0.8625198845485819,0.10115926,0.352025482,0.502175834,0.0,2155.0
0.857766104710663,0.24446858533333335,0.33085706366666673,0.5145178353333333,0.0,2155.0
0.8579268892463944,0.0358366175,0.336615485,0.5250252455,0.0,2155.0
0.8660893974669447,0.0,0.3580439235,0.510651506,0.0,2155.0
0.8488368299025213,0.0,0.33193723825,0.44368782300000004,0.0,2155.0
0.7763446688004556,0.0,0.306461935,0.3788640975,0.0,2155.0
0.739546111285488,0.0,0.2742565845,0.31467655825,0.0,2155.0
0.8057002356865944,0.0,0.23632873599999998,0.2677025915,0.0,2155.0
0.868292076558633,0.0,0.21559161733333335,0.22811578533333335,0.0,2155.0
0.8644205702440111,0.0887770545,0.249093946,0.28978597,0.0,2155.0
0.8641419081581299,0.2171182705,0.326513103,0.39717518500000004,0.0,2155.0
0.8636040659791062,0.107728291,0.375464731,0.4146931395,0.0,2155.0
0.8701788665081258,0.0006966565,0.4293511,0.405842673,0.0,2155.0
0.8646503161717214,0.0,0.45018013925,0.35872990875,0.0,2155.0
0.8218067254306152,0.0,0.458849534,0.4118936465,0.0,2155.0
0.757527561353448,0.0,0.474808167,0.432868856,0.0,2155.0
0.7456731797135701,0.0,0.466031113,0.56471971475,0.0,2155.0
0.8566475130544123,0.0,0.4288922815,0.5788587119999999,0.0,2155.0
0.8550997556715266,0.0,0.3888880105,0.5182815625,0.0,2155.0
0.858298266647797,0.0936637325,0.3392776415,0.42927481,0.0,2155.0
0.85653387643336,0.238529412,0.2624874526666667,0.261388134,0.0,2155.0
0.8613426126558485,0.0452140185,0.22059861050000001,0.14653036749999998,0.0,2155.0
0.8720982363843385,0.0,0.149846317,0.0736513125,0.0,2155.0
0.8656089211563004,0.0,0.0904087955,0.041499532,0.0,2155.0
0.8299955070494418,0.0,0.074076741,0.05392900566666667,0.0,2155.0
0.7505106613946961,0.0,0.1203488875,0.24417070725,0.0,2155.0
0.7878979567187768,0.0,0.20345062466666666,0.4042206,0.0,2155.0
0.8717894828447661,0.0,0.294387358,0.41852204699999995,0.0,2155.0
0.8612089459110632,0.014222738333333334,0.400042059,0.49376125333333337,0.0,2155.0
0.8589540099278458,0.075890592,0.48743488425000003,0.6432641772500001,0.0,2155.0
0.8629927556979988,0.0,0.571103465,0.7312720180000001,0.0,2155.0
0.8566173278140495,0.0,0.5930373689999999,0.7399459374999999,0.0,2155.0
0.8090183612463863,0.0,0.5819051989999999,0.731245068,0.0,2155.0
0.7342462112400509,0.0,0.5629185843333334,0.608432486,0.0,2155.0
0.7337039720813283,0.0,0.5705060759999999,0.58324616925,0.0,2155.0
0.798593319905362,0.0037208775,0.5460654025,0.650067084,0.0,2155.0
0.8278134519595346,0.237356067,0.48379517949999995,0.6393235245,0.0,2155.0
0.82604034552443,0.22460047866666666,0.43329786266666664,0.6505946306666667,0.0,2155.0
0.8416531366001746,0.0,0.408682049,0.630056628,0.0,2155.0
0.850100174826047,0.0,0.347649076,0.5263273845,0.0,2155.0
0.8160242645615424,0.0,0.28200605575,0.44623749925,0.0,2155.0
0.7483593317563821,0.0,0.29380555199999997,0.4705329836666667,0.0,2155.0
0.7392046377644326,0.0,0.344360022,0.5736976335,0.0,2155.0
0.7555995696684842,0.0,0.3726131316666666,0.641569822,0.0,2155.0
0.8041229501952938,0.0,0.34987220500000005,0.6344888615,0.0,2155.0
0.8294397475519892,0.096842329,0.320723287,0.5970502575000001,0.0,2155.0
0.8296805722387369,0.24613660499999998,0.284301771,0.49349958733333327,0.0,2155.0
0.8343572225428995,0.0288294735,0.278534334,0.457554688,0.0,2155.0
0.8511193380210067,0.0,0.2566427135,0.4533644015,0.0,2155.0
0.8427540614526176,0.0,0.21011886899999999,0.414269944,0.0,2155.0
0.7952398452110503,0.0,0.17658928499999998,0.3547101595,0.0,2155.0
0.7558088008558862,0.0,0.19298859666666668,0.39023058566666663,0.0,2155.0
0.7558984334035008,0.0,0.18549912300000002,0.47352209133333334,0.0,2155.0
0.8662778479246159,0.0,0.18561889833333334,0.6005765740000001,0.0,2155.0
0.8629540733851584,0.006578296,0.199658221,0.644455283,0.0,2155.0
0.8652328025260092,0.139418314,0.2320283005,0.7026756725,0.0,2155.0
0.86386066412517,0.1557882655,0.267476793,0.7870329655,0.0,2155.0
0.8645924805884271,0.018182098,0.31832590949999995,0.803392753,0.0,2155.0
0.8722108715721494,0.0,0.41365443666666674,0.8165358103333333,0.0,2155.0
0.8393792191845275,0.0,0.45425555175,0.7745969770000001,0.0,2155.0
0.7556266877720526,0.0,0.4088746876666667,0.720150567,0.0,2155.0
0.7471165564383679,0.0,0.349426013,0.696918857,0.0,2155.0
0.8366194583596233,0.0,0.2953067523333333,0.6985839899999999,0.0,2155.0
0.8648930659341181,0.0,0.24001600350000002,0.636097404,0.0,2155.0
0.8663664164103337,0.059432516500000004,0.1883880435,0.55320944,0.0,2155.0
0.8664159898567638,0.179227121,0.127089693,0.49007008399999996,0.0,2155.0
0.8655893453768893,0.0790751505,0.116949867,0.476088952,0.0,2155.0
0.870891013717922,0.0,0.114302159,0.466120833,0.0,2155.0
0.8737908175829179,0.0,0.10263204549999999,0.3755730915,0.0,2155.0
0.8414374503887654,0.0,0.10709935925,0.23714650050000002,0.0,2155.0
0.7607337243842816,0.0,0.1517808295,0.252369744,0.0,2155.0
0.7554218692475653,0.0,0.20521800275000002,0.34696012224999995,0.0,2155.0
0.8685784375924137,0.0,0.28199297700000003,0.4218086695,0.0,2155.0
0.8666979380192151,0.002458212333333333,0.3312596513333333,0.5050318163333333,0.0,2155.0
0.867884786990057,0.1182884765,0.352646299,0.6188068015,0.0,2155.0
0.8666278029912443,0.1592108115,0.3526199675,0.7013616659999999,0.0,2155.0
0.8678827211822964,0.020977124,0.421808219,0.7612625945,0.0,2155.0
0.8760458240103469,0.0,0.515183101,0.7987569526666668,0.0,2155.0
0.8417090004750026,0.0,0.58898721825,0.88566155775,0.0,2155.0
0.7597080827186468,0.0,0.6136780639999999,0.9266227570000001,0.0,2155.0
0.7495971465410066,0.0,0.6657293107500001,0.9346908202499999,0.0,2155.0
0.8590859002488572,0.0,0.721364306,0.930967563,0.0,2155.0
0.8587248506357683,0.0,0.760239881,0.9123076944999999,0.0,2155.0
0.8605344641581687,0.014774947,0.8077385109999999,0.8939086494999999,0.0,2155.0
0.8591016031076506,0.03810224625,0.8492766375,0.8691360215,0.0,2155.0
0.8642379563393494,0.0,0.890373992,0.875254032,0.0,2155.0
0.8623327640901262,0.0,0.8944619713333334,0.9143536353333334,0.0,2155.0
0.8374098774248402,0.0,0.8827514705,0.9271569045,0.0,2155.0
0.7788303291668902,0.0,0.8078399755000001,0.9324407425,0.0,2155.0
0.738248567677285,0.0,0.78545271325,0.9374311035,0.0,2155.0
0.798163121066432,0.0,0.781292328,0.9371467425,0.0,2155.0
0.8616487839357201,0.0,0.7654040355,0.9366765615,0.0,2155.0
0.8504641816371095,0.0011588786666666667,0.8044603663333333,0.9356521223333333,0.0,2155.0
0.8507801882210597,0.009966622750000001,0.79108773525,0.93746645625,0.0,2155.0
0.8569938219036506,0.0,0.8261306515,0.937410914,0.0,2155.0
0.8562175646258963,0.0,0.8261578796666668,0.937425998,0.0,2155.0
0.8167444738299693,0.0,0.8218773229999999,0.9374394316666667,0.0,2155.0
0.7649251218747016,0.0,0.7865655597499999,0.937432158,0.0,1837.5
0.7708140997059378,0.0,0.80778667625,0.9372461762500001,0.0,1520.0
0.8183689387065878,0.0,0.8066564965,0.9370461175,0.0,1520.0
0.8457078670580704,0.0355770635,0.7966390910000001,0.936643282,0.0,1520.0
0.8471322859013141,0.09382610933333334,0.7717655773333334,0.9352158596666666,0.0,1520.0
0.8534449645619151,0.0085606925,0.7824583190000001,0.9330768675,0.0,1520.0
0.8732440870325803,0.0,0.733924653,0.9261446166666666,0.0,1520.0
0.8471832831857353,0.0,0.641541967,0.8955861835,0.0,1520.0
0.7786918195388847,0.0,0.49017851199999996,0.8240357885,0.0,1520.0
0.77735458431694,0.0,0.39283960575,0.77017716225,0.0,1520.0
0.8323890073174531,0.0039274455000000005,0.32088251700000003,0.780507261,0.0,1520.0
0.8459131551411618,0.018467861000000002,0.26124386450000003,0.7459150825,0.0,1520.0
0.853806295847642,0.00550272525,0.28290905349999995,0.72666967025,0.0,1520.0
0.871081607930499,0.0,0.30224231300000004,0.7614327505,0.0,1520.0
0.8444168721042353,0.0,0.31277187325,0.8167192910000001,0.0,1520.0
0.7850388227146144,0.0,0.3307182083333334,0.832887799,0.0,1520.0
0.8045090563245907,0.0,0.38956955300000007,0.86965665075,0.0,1520.0
0.8865790876678525,0.0,0.420035192,0.8955101105000001,0.0,1520.0
0.8807206431818434,0.004904077,0.4487540923333333,0.9063879593333334,0.0,1520.0
0.8837990862723444,0.023823654,0.429105203,0.8920502290000001,0.0,1520.0
0.8867000401182494,0.00401723475,0.47567798625,0.903981854,0.0,1520.0
0.8942687715281146,0.0,0.49403730633333326,0.9049466906666667,0.0,1520.0
0.8751607026026528,0.0,0.49750663100000003,0.8969682065,0.0,1520.0
0.8136277867230082,0.0,0.47722756,0.8748291324999999,0.0,1520.0
0.7748138114632307,0.0,0.493963914,0.8774861785000001,0.0,1520.0
0.7931656880920508,0.0,0.52993455325,0.8749344880000001,0.0,1520.0
0.8730393312409557,0.0,0.5202489755,0.8791047025000001,0.0,1520.0
0.8633063285178123,0.0011426033333333332,0.49861905133333334,0.8592486883333333,0.0,1520.0
0.8628418294961844,0.0063933515,0.4474160065,0.7938502595,0.0,1520.0
0.8619955780788819,0.0018842206666666668,0.4744080173333334,0.8069270963333333,0.0,1520.0
0.8699781323932014,0.0,0.4184107735,0.749479268,0.0,1520.0
0.857185543119402,0.0,0.376267664,0.602289595,0.0,1520.0
0.7901104160930297,0.0,0.34799223199999996,0.5660996045,0.0,1520.0
0.7590733942338255,0.0,0.355908248,0.5637409074999999,0.0,1520.0
0.7819901581429425,0.0,0.34055259625,0.59794208325,0.0,1520.0
0.8698922710076654,0.0,0.32228697900000003,0.703657909,0.0,1520.0
0.8640116375329427,0.0005776715,0.334950468,0.746679843,0.0,1520.0
0.8679068978232105,0.02368331,0.338124056,0.7750376205,0.0,1520.0
0.8680835493965151,0.026687128499999997,0.3648024855,0.7917551235,0.0,1520.0
0.8696116841066538,0.002421432,0.400874734,0.8065329569999999,0.0,1520.0
0.8810768262045254,0.0,0.4301633456666667,0.8482971816666667,0.0,1520.0
0.8569315503670847,0.0,0.4757683685,0.857186771,0.0,1520.0
0.7787583632146684,0.0,0.5368657116666666,0.8428339060000001,0.0,1520.0
0.7992608343506056,0.0,0.5234891082500001,0.8163937975,0.0,1520.0
0.885229388666141,0.0,0.4977066355,0.7633117125,0.0,1520.0
0.8796936087841303,0.001338181,0.480586477,0.6917864840000001,0.0,1520.0
0.8822630175223822,0.124142222,0.4501119145,0.6297024095,0.0,1520.0
0.8816482805889043,0.0831292485,0.3720576965,0.4798958589999999,0.0,1520.0
0.896151524586625,0.0,0.29103408999999997,0.3669851353333333,0.0,1520.0
0.8833648660693365,0.0,0.2560672103333333,0.37963642566666667,0.0,1520.0
0.8177519949727193,0.0,0.20647236400000002,0.43076977699999996,0.0,1520.0
0.7784209737905536,0.0,0.21109048333333333,0.568149481,0.0,1520.0
0.8045683742583387,0.0,0.21842218866666666,0.6538444896666666,0.0,1520.0
0.8772127368525424,0.0,0.228578325,0.695464858,0.0,1520.0
0.8713484400782046,0.0,0.2603914825,0.7608400575,0.0,1520.0
0.8747029004704382,0.0104464695,0.2806945045,0.7796759995,0.0,1520.0
0.875003673389473,0.011892518500000001,0.281551141,0.7564860925000001,0.0,1520.0
0.8797437455758366,0.0008725055,0.303556035,0.734734432,0.0,1520.0
0.8907295849469521,0.0,0.329060684,0.741256967,0.0,1520.0
0.884359680889565,0.0,0.3475444923333333,0.7180135413333333,0.0,1520.0
0.848115083001608,0.0,0.34803726599999996,0.653408984,0.0,1520.0
0.7712186044356018,0.0,0.336630494,0.5829879953333333,0.0,1520.0
0.7587957297255112,0.0,0.37171790374999997,0.68824413975,0.0,1520.0
0.7876995618518653,0.0,0.3650299305,0.727684593,0.0,1520.0
0.8285467393104297,0.001109006,0.3878754863333333,0.7541907870000001,0.0,1520.0
0.8338181126806936,0.005950738,0.3811761265,0.783040643,0.0,1520.0
0.8424774335996507,0.0008934575,0.5105354492499999,0.8321661375,0.0,1520.0
0.8526242119170826,0.0,0.58107981225,0.87041241925,0.0,1520.0
0.7918899382659466,0.0,0.598466805,0.9022935310000001,0.0,1520.0
0.7481201577671643,0.0,0.61574458975,0.9147238050000001,0.0,1520.0
0.7596240758082372,0.0,0.60145815375,0.90535850575,0.0,1520.0
0.8200410049043404,0.001327621,0.6216162369999999,0.9066721113333333,0.0,1520.0
0.8271451043760218,0.0116236475,0.6029093965000001,0.9225690234999999,0.0,1520.0
0.8340213823182939,0.00226023175,0.63700387825,0.9252358645000001,0.0,1520.0
0.8504765751289762,0.0,0.5973587819999999,0.908929264,0.0,1520.0
0.823465600324545,0.0,0.5324529560000001,0.88921518825,0.0,1520.0
0.7657653683919184,0.0,0.4524138756666667,0.8376282176666666,0.0,1520.0
0.7833965660373963,0.0,0.36742301200000005,0.78117473375,0.0,1520.0
0.8713486748575066,0.0,0.28507362999999997,0.604831249,0.0,1520.0
0.8644026688693164,0.0014180080000000001,0.23921600099999998,0.48964183499999997,0.0,1520.0
0.8660105306914018,0.0111999145,0.17499981850000002,0.4031213695,0.0,1520.0
0.8690727309723973,0.003761123333333333,0.17125813766666667,0.3837964606666666,0.0,1520.0
0.882371740972314,0.0,0.14687684299999998,0.363280085,0.0,1520.0
0.8705228050555421,0.0,0.12330303275,0.36858112425,0.0,1520.0
0.8021426230464114,0.0,0.112784946,0.38346943,0.0,1520.0
0.7667719505737711,0.0,0.1208416785,0.497162227,0.0,1520.0
0.8192759517992454,0.0,0.11890614799999999,0.5672201675,0.0,1520.0
0.8776340162663492,0.0,0.1217984305,0.57839093,0.0,1520.0
0.8717531009105736,0.003702018,0.13020390133333334,0.574439726,0.0,1520.0
0.8730967440026708,0.037132532499999996,0.09454768150000001,0.4171147255,0.0,1520.0
0.8754746041968552,0.012524840666666667,0.113197604,0.47792637466666665,0.0,1520.0
0.8878930151823985,0.0,0.123486657,0.5540045025,0.0,1520.0
0.8761424042746184,0.0,0.11867106024999999,0.5237680845,0.0,1520.0
0.8059096785192528,0.0,0.09951885399999999,0.47162503,0.0,1520.0
0.7704107297950041,0.0,0.10561895499999999,0.4313815055,0.0,1520.0
0.796301305413498,0.0,0.12115221025,0.44493796675,0.0,1520.0
0.88049058416296,0.0,0.10560581299999999,0.42206582000000004,0.0,1520.0
0.8770914015962131,0.005373676666666667,0.10333122733333333,0.306864302,0.0,1520.0
0.8792962712319357,0.014910737750000002,0.0904217165,0.196944753,0.0,1520.0
0.8876907786049895,0.0,0.089903804,0.20885904049999998,0.0,1520.0
0.8912231741974445,0.0,0.08742818866666667,0.248152738,0.0,1520.0
0.8733743734972941,0.0,0.078522171,0.2382844915,0.0,1520.0
0.8147402288913874,0.0,0.07361300100000001,0.2090647355,0.0,1520.0
0.77864481647251,0.0,0.07274552100000001,0.22662758924999998,0.0,1520.0
0.8306851829726418,0.0,0.07711209,0.2926380555,0.0,1520.0
0.8863146967872175,0.0,0.0807279135,0.321752078,0.0,1520.0
0.8813493854874564,0.003047993666666667,0.08587703533333331,0.36015110666666666,0.0,1520.0
0.8836225516197576,0.01560476775,0.0921034825,0.38229315225,0.0,1520.0
0.8920019662163189,0.0,0.1010682095,0.384039139,0.0,1520.0
0.8942768460395312,0.0,0.09336703125,0.34472335925,0.0,1520.0
0.8569729787536793,0.0,0.0926051815,0.355876213,0.0,1520.0
0.789020961246357,0.0,0.09494297466666667,0.35805574333333334,0.0,1520.0
0.8094372931797944,0.0,0.0884063845,0.320063728,0.0,1520.0
0.8938423286369805,0.0,0.081825906,0.299039766,0.0,1520.0
0.888577887352262,0.0028636443333333334,0.08134458433333334,0.277183791,0.0,1520.0
0.890863400083094,0.0157179855,0.079970979,0.3087632445,0.0,1520.0
0.898317164924795,0.0,0.07499376699999999,0.266893113,0.0,1520.0
0.9026998957188704,0.0,0.07020296,0.24388796999999998,0.0,1520.0
0.8866556072756192,0.0,0.0720743825,0.26330068900000003,0.0,1520.0
0.8209937888107107,0.0,0.07286621700000001,0.2672359695,0.0,1520.0
0.7834430643751648,0.0,0.073802144,0.27290931949999997,0.0,1520.0
0.7809004254793059,0.0,0.07134180550000001,0.2898966015,0.0,1520.0
0.82677102763789,0.0,0.07394375225,0.3014462805,0.0,1520.0
0.8540976797829494,0.039452962,0.0730120995,0.298322034,0.0,1520.0
0.852128924658895,0.0662384635,0.077859028,0.31840762050000004,0.0,1520.0
0.8645559890280357,0.0022703800000000002,0.08610275866666667,0.31505088766666667,0.0,1520.0
0.8800756897457787,0.0,0.086639581,0.305788726,0.0,1520.0
0.8537852648117046,0.0,0.08390837975000001,0.3213084465,0.0,1520.0
0.7895433743715653,0.0,0.09334818750000001,0.3405193385,0.0,1520.0
0.7786211800428262,0.0,0.09748855074999999,0.42915366174999997,0.0,1520.0
0.796435394563033,0.0,0.09639112100000001,0.466031052,0.0,1520.0
0.8418831174634981,0.0,0.09706638649999999,0.4828745895,0.0,1520.0
0.8516063396956622,0.015486692,0.097663814,0.518787785,0.0,1520.0
0.8510246982029774,0.0322887205,0.0969438255,0.501290016,0.0,1520.0
0.8565318418878234,0.001851626,0.13138207,0.5719506169999999,0.0,1520.0
0.8755000637352339,0.0,0.159741346,0.643304076,0.0,1520.0
0.8619199349596683,0.0,0.187318951,0.6662203097499999,0.0,1520.0
0.7941159254297595,0.0,0.24966133175000002,0.6660698375,0.0,1520.0
0.805630816511449,0.0,0.3354206635,0.7318942737499999,0.0,1520.0
0.8884707601514865,0.0,0.32500065300000003,0.7196585895000001,0.0,1520.0
0.882004948697095,0.001657082,0.30219751833333336,0.7138413803333333,0.0,1520.0
0.8834672358890742,0.021475903,0.27335959099999996,0.6665979305,0.0,1520.0
0.8828265384921821,0.012576055,0.249646343,0.617704378,0.0,1520.0
0.8904280607966749,0.0,0.23270881799999998,0.574072495,0.0,1520.0
0.8956179076013797,0.0,0.200114434,0.520335583,0.0,1520.0
0.8692220927083166,0.0,0.15393923599999998,0.42938395850000005,0.0,1520.0
0.7827291100004078,0.0,0.11138822233333334,0.2776042056666667,0.0,1520.0
0.802906315254793,0.0,0.07902636425000001,0.207867217,0.0,1520.0
0.8861981809153368,0.0,0.0551079955,0.182805047,0.0,1520.0
0.8802104199272165,0.0,0.0506938,0.15641346,0.0,1520.0
0.8838772956033171,0.020467741499999997,0.058880427,0.1892367465,0.0,1520.0
0.8835673684798566,0.02217192925,0.0710788985,0.21991636025,0.0,1520.0
0.8948936959867277,0.0,0.0788905605,0.216944197,0.0,1520.0
0.8919177013925615,0.0,0.07874716600000001,0.2360979815,0.0,1520.0
0.8624423012957481,0.0,0.09079142933333334,0.24733312866666668,0.0,1520.0
0.7801689024120211,0.0,0.09685904775000001,0.26796014325,0.0,1520.0
0.8118088001606143,0.0,0.09810609733333335,0.21285093933333332,0.0,1520.0
0.8834696771561447,0.0,0.099059824,0.2031696475,0.0,1520.0
0.8838521804704391,0.015161501499999999,0.09299832050000001,0.2539857775,0.0,1520.0
0.8834136255516616,0.026122313,0.0896606625,0.29703307850000005,0.0,1520.0
0.8882025822692462,0.001687666,0.107526932,0.3834164793333333,0.0,1520.0
0.8927421626750246,0.0,0.109195196,0.48572565425,0.0,1520.0
0.8565287906947631,0.0,0.1067277655,0.5075285755000001,0.0,1520.0
0.7880239399383601,0.0,0.10296852699999999,0.501676429,0.0,1520.0
0.8079300488255853,0.0,0.10292921325,0.5292184375,0.0,1520.0
0.8918683158320975,0.0,0.11064409250000001,0.5204925045,0.0,1520.0
0.8861596861758404,0.0026454430000000004,0.113515344,0.5155582923333334,0.0,1520.0
0.8889801071259753,0.0377654115,0.0997545045,0.52453443,0.0,1520.0
0.8933807476834424,0.006872264,0.09951490049999999,0.47130273824999996,0.0,1520.0
0.9019945713852503,0.0,0.111203079,0.499892891,0.0,1520.0
0.8858392436907223,0.0,0.1184770775,0.5319256335,0.0,1520.0
0.8066672086306657,0.0,0.132186424,0.562903618,0.0,1520.0
0.8138534721567571,0.0,0.1372578795,0.53311962575,0.0,1520.0
0.8997548842812304,0.0,0.16061452450000002,0.5129870205,0.0,1520.0
0.8949416417133628,0.0018869893333333333,0.18072292533333334,0.5355983273333335,0.0,1520.0
0.8957029705497153,0.018287715,0.1750920075,0.488732359,0.0,1520.0
0.902026219749799,0.0034584485,0.19996002725,0.454252802,0.0,1520.0
0.9114619309672736,0.0,0.20805047699999998,0.49350758925,0.0,1520.0
0.870510200439456,0.0,0.21563562400000003,0.48826749849999995,0.0,1520.0
0.7957778751718325,0.0,0.194087208,0.3732716333333333,0.0,1520.0
0.7895936518432796,0.0,0.220896094,0.4470636185,0.0,1520.0
0.812351837808641,0.0,0.2201567095,0.429290814,0.0,1520.0
0.8519993269009754,0.002234934666666667,0.20436981933333334,0.39390153833333336,0.0,1520.0
0.857843750800567,0.019497017999999998,0.187633625,0.35702702,0.0,1520.0
0.8660837407238269,0.0030473655000000004,0.17214221525,0.2961115895,0.0,1520.0
0.8839852678220067,0.0,0.155746104,0.2546767875,0.0,1520.0
0.8570709048566932,0.0,0.128813312,0.208936597,0.0,1520.0
0.7920954921821494,0.0,0.08870957166666667,0.162154431,0.0,1520.0
0.7847628129158156,0.0,0.06717249825,0.1226091785,0.0,1520.0
0.8301121324954176,0.0,0.04828993825,0.11050186449999999,0.0,1520.0
0.858187290129383,0.017467311,0.0372768345,0.0935254615,0.0,1520.0
0.8583145718775427,0.024763206666666666,0.038319884,0.08874209933333334,0.0,1520.0
0.874412690119019,0.0,0.048279606,0.136280278,0.0,1520.0
0.8863272779566358,0.0,0.050622282000000005,0.187329173,0.0,1520.0
0.8604423357909029,0.0,0.058063995,0.24846031075000002,0.0,1520.0
0.8234196889350316,0.0,0.0968221435,0.42348574,0.0,1520.0
0.822192585213587,0.0,0.10136920399999999,0.49190560800000005,0.0,1520.0
0.9136470531939753,0.0,0.123745413,0.47171027050000003,0.0,1520.0
0.9118420400120407,0.0,0.143395953,0.4491635743333333,0.0,1520.0
0.9041273190702533,0.03231145033333333,0.179833268,0.471826276,0.0,1520.0
0.9030705688865741,0.016480577,0.213222986,0.512526573,0.0,1520.0
0.9113498277583073,0.0,0.24038948,0.507711283,0.0,1520.0
0.9144568755753343,0.0,0.2722916613333333,0.5289666026666667,0.0,1520.0
0.879649027289625,0.0,0.32490897599999996,0.5780844046666667,0.0,1520.0
0.8006853041512745,0.0,0.33621309,0.6172406635000001,0.0,1520.0
0.7819146714390561,0.0,0.3751950035,0.7162661445,0.0,1520.0
0.8150316440889186,0.0,0.412853234,0.8116782210000001,0.0,1520.0
0.8857630529615519,0.0,0.458421438,0.8376982230000001,0.0,1520.0
0.8775934562401292,0.0022931683333333335,0.5085292873333334,0.8765976073333334,0.0,1520.0
0.875286231686329,0.039877475499999995,0.527289463,0.857555318,0.0,1520.0
0.8755967223113768,0.01560258375,0.5290145045,0.8553195905,0.0,1520.0
0.879702950874522,0.0,0.47968850949999997,0.8564387105,0.0,1520.0
0.8469330223614056,0.0,0.436039971,0.880060867,0.0,1520.0
0.7678658651330054,0.0,0.4237452463333333,0.8506837909999999,0.0,1520.0
0.7882702770409583,0.0,0.4410005135,0.87118964225,0.0,1520.0
0.8734472313607662,0.0,0.4203366505,0.8624229155,0.0,1520.0
0.8694142674347304,0.010214767,0.4033998406666666,0.7900462243333334,0.0,1520.0
0.870670046066394,0.16406066349999998,0.3028408975,0.674461515,0.0,1520.0
0.873264241684172,0.0749845815,0.264055761,0.6038033309999999,0.0,1520.0
0.8867813245578837,0.0,0.201912971,0.483872905,0.0,1520.0
0.8949589955823083,0.0,0.1216913785,0.3284510775,0.0,1520.0
0.8719017739396985,0.0,0.06377092549999999,0.17223253349999998,0.0,1520.0
0.7904709492541784,0.0,0.06920387850000001,0.14057578199999998,0.0,1520.0
0.8001228441588321,0.0,0.07840975160000001,0.1895744054,0.0,1520.0
0.8874632393213588,0.0,0.082469546,0.199332382,0.0,1520.0
0.8813174944759458,0.0014961563333333334,0.08983601533333334,0.218996399,0.0,1520.0
0.8807058711557689,0.0241774445,0.081674068,0.2989734125,0.0,1520.0
0.8826360147759202,0.0072368805,0.09855888825,0.29911021375,0.0,1520.0
0.890229611116664,0.0,0.09449635533333334,0.24920069433333328,0.0,1520.0
0.8427561191321999,0.0,0.085101418,0.2219420165,0.0,1520.0
0.7783973608075379,0.0,0.074956842,0.2121759775,0.0,1520.0
0.7833661147034037,0.0,0.08534189866666668,0.2811089976666667,0.0,1520.0
0.8728074412978212,0.0,0.08757385499999999,0.37917970666666667,0.0,1520.0
0.8758008838602271,0.0,0.0822656905,0.386573463,0.0,1520.0
0.8801130574821008,0.016202157999999998,0.0721557475,0.3673952085,0.0,1520.0
0.8788445564799742,0.027743071666666664,0.05525090233333333,0.267008844,0.0,1520.0
0.8893286225671894,0.0,0.05608731333333333,0.17934306333333336,0.0,1520.0
0.8828765814972163,0.0,0.0550181215,0.128444035,0.0,1520.0
0.8117849836605204,0.0,0.096841681,0.241251775,0.0,1520.0
0.774195670698806,0.0,0.134703338,0.35673477649999996,0.0,1520.0
0.7708195924786909,0.0,0.2094007505,0.5098948935000001,0.0,1520.0
0.7871349379508036,0.0,0.36579352774999996,0.69245220825,0.0,1520.0
0.8385301588042969,0.001832503,0.5055561836666667,0.8041765660000001,0.0,1520.0
0.8418413836449751,0.0410663925,0.547352255,0.7984372230000001,0.0,1520.0
0.8454182198956162,0.014286037,0.5559011645,0.739050098,0.0,1520.0
0.8642129818864793,0.0,0.5537768435,0.6979853655,0.0,1520.0
0.8399739110926122,0.0,0.5320466835,0.6539523105,0.0,1520.0
0.7750181449022092,0.0,0.440716167,0.6247288166666666,0.0,1520.0
0.7679054235175692,0.0,0.34993471433333334,0.502546209,0.0,1520.0
0.7876754247055607,0.0,0.24649958566666666,0.3078757966666667,0.0,1520.0
0.8381954454265547,0.0026708533333333335,0.17764891633333332,0.22097443566666666,0.0,1520.0
0.8453294009473806,0.0478572725,0.129303141,0.205092429,0.0,1520.0
0.8483384446100409,0.010786356666666668,0.09887860966666667,0.19216508666666665,0.0,1520.0
0.8694938067649185,0.0,0.10054123000000001,0.21837673400000002,0.0,1520.0
0.8660543299008556,0.0,0.12200339766666667,0.29631557366666667,0.0,1520.0
0.8262162621228488,0.0,0.17406871699999998,0.400249443,0.0,1520.0
0.7882379596648162,0.0,0.21736546766666667,0.45550016299999996,0.0,1520.0
0.8087420228816133,0.0,0.24673227525,0.441684607,0.0,1520.0
0.8945627375147076,0.0,0.2920032445,0.4673469135,0.0,1520.0
0.8884837482508533,0.002088595,0.3824163356666667,0.5883930126666667,0.0,1520.0
0.8882375405217586,0.0159342395,0.515025148,0.742095089,0.0,1520.0
0.8850743314740499,0.0063886425,0.6115285054999999,0.8343825455,0.0,1520.0
0.8903969367517259,0.0,0.7542646105,0.8446781114999999,0.0,1520.0
0.8937138418342938,0.0,0.844550576,0.862848127,0.0,1520.0
0.8635072901696237,0.0,0.881477505,0.933615815,0.0,1520.0
0.7786910919106216,0.0,0.791167744,0.9347361860000001,0.0,1520.0
