Demand,Avail_Sol,Avail_Wind_On,Avail_Wind_Off,Hyd_In,HydRoR_In
0.6947656253301114,0.0,0.7716809596,0.8804501082,1116.0,3161.0
0.8971729190449815,0.027301139000000002,0.8305863426,0.936986385,1116.0,3161.0
0.9210759157967014,0.31911100919999996,0.6406050422,0.9100126474,1116.0,3161.0
0.9297754766574675,0.0553579875,0.4637661345,0.771976242,1116.0,3161.0
0.8778061963571002,0.0,0.4279283348,0.6899175762,1116.0,3161.0
0.7182433900007946,0.0,0.4674406914285715,0.5997111228571429,1116.0,3161.0
0.9126412615340872,0.0190334788,0.4673999766,0.6174789874,1116.0,3161.0
0.9293395783096934,0.1883546316,0.42248965620000006,0.6505882424,1116.0,3161.0
0.9246026759111994,0.0180177078,0.420959483,0.8057047668000001,1116.0,3161.0
0.7854361939896125,0.0,0.5115554133333333,0.8597261126666668,1116.0,3161.0
0.7008148475658363,0.0,0.7277961838333334,0.9092692561666667,1116.0,3161.0
0.8910048138489244,0.0004911775,0.88044334525,0.8901153545,1116.0,3161.0
0.9254659790666622,0.0730977495,0.834874178,0.663525523,1116.0,3161.0
0.9208151908804391,0.17565130275,0.8514800295,0.7071584255000001,1116.0,3161.0
0.8862662616636315,0.011717155285714284,0.8979668265714286,0.8422111978571429,1116.0,3161.0
0.7069926791767754,0.0,0.849262173,0.8637402978571428,1116.0,3161.0
0.8920122036510099,0.0006004995,0.6579420855,0.75881913375,1116.0,3161.0
0.9247505760806993,0.0460604025,0.47205616650000004,0.611222858,1116.0,3161.0
0.9123600923536387,0.057093554166666664,0.43713188833333333,0.5256801453333334,1116.0,3161.0
0.8633792571683225,0.0,0.582380854,0.5932561498,1116.0,3161.0
0.7046188888362411,0.0,0.7586445077142858,0.7404836555714286,1116.0,3161.0
0.895551640743934,0.0189569662,0.7032694643999999,0.7223332764,1116.0,3161.0
0.9148419744634583,0.10699683,0.38417713849999996,0.4903824186666666,1116.0,3161.0
0.8820214612146667,0.00038442816666666666,0.26450257716666664,0.48383921300000005,1116.0,3161.0
0.7011388118885409,0.0,0.2568840202857143,0.35726932614285717,1116.0,3161.0
0.7591391529612606,0.0182876034,0.16038703599999998,0.147488812,1116.0,3161.0
0.8000678610283211,0.1796700275,0.073063529,0.20202956625000001,1116.0,3161.0
0.8166900256583532,0.04728927324999999,0.07555065824999999,0.39489457149999996,1116.0,3161.0
0.7854365633969204,0.0,0.15357356025,0.672597998,1116.0,3161.0
0.700153218198642,0.0,0.22694372133333332,0.6938809749999999,1116.0,3161.0
0.6925146522166458,0.0,0.28655930124999995,0.6850481844999999,1116.0,3161.0
0.7626960398766617,0.0137281106,0.35753447639999997,0.5732258708,1116.0,3161.0
0.8156531829696236,0.22436119125,0.32575608349999996,0.49559110325000005,1116.0,3161.0
0.8229281614657602,0.17755113,0.391183885,0.49474081999999997,1116.0,3161.0
0.8122482985890902,0.0008062805,0.44566119349999994,0.5203748208333333,1116.0,3161.0
0.7353724943406126,0.0,0.3937283875714286,0.5840949927142857,1116.0,3161.0
0.9316988336530955,0.0321513942,0.42712089200000003,0.6218096338000001,1116.0,3161.0
0.9476839539885918,0.378565719,0.35976540266666673,0.641312062,1116.0,3161.0
0.9434438251028241,0.33244953866666666,0.45548724033333327,0.6722623853333333,1116.0,3161.0
0.9026459334207995,0.0012815341666666668,0.6088896316666667,0.7601240735,1116.0,3161.0
0.7397036892293591,0.0,0.6192234382857144,0.8305616941428572,1116.0,3161.0
0.9299124176919451,0.0241327296,0.5579724662000001,0.8198515456,1116.0,3161.0
0.9402902604887231,0.2482239014,0.36793075340000003,0.7049922185999999,1116.0,3161.0
0.8958403764522309,0.015445805000000002,0.3207020424285714,0.6637451528571428,1116.0,3161.0
0.7159699733765258,0.0,0.18318894900000002,0.4831137851428572,1116.0,3161.0
0.9115858242468663,0.024826453800000002,0.16139863219999998,0.45042694240000003,1116.0,3161.0
0.9260550464103224,0.24847112783333333,0.08585361816666666,0.40219435566666667,1116.0,3161.0
0.9239527012009628,0.0012818725,0.1044001155,0.46741278175,1116.0,3161.0
0.7893614846712134,0.0,0.07897991166666667,0.32231571766666667,1116.0,3161.0
0.724037481338068,0.0,0.034555068333333334,0.13871366333333335,1116.0,3161.0
0.9173938643949362,0.0013214755,0.01950623475,0.0878407435,1116.0,3161.0
0.9336150784943887,0.11478722171428571,0.015598725857142856,0.11916249485714285,1116.0,3161.0
0.8907907515933139,0.0009530163333333333,0.040608638999999995,0.24333170033333337,1116.0,3161.0
0.7276685802721141,0.0,0.043879994,0.28199235657142857,1116.0,3161.0
0.9173704131066569,0.00107693075,0.056808306249999996,0.3279621625,1116.0,3161.0
0.9405265355807254,0.052515779428571434,0.06071220271428572,0.31784441900000004,1116.0,3161.0
0.8943887091778673,0.0005227405,0.10243172966666668,0.409835923,1116.0,3161.0
0.7052163889969244,0.0,0.1283534837142857,0.4019191935714286,1116.0,3161.0
0.7626935653337603,0.016570101799999997,0.19878760639999998,0.5133689566,1116.0,3161.0
0.8180426162924958,0.13820677285714283,0.21038343114285712,0.5433741484285715,1116.0,3161.0
0.8017055919840981,0.0,0.29811535299999997,0.7114304779999999,1116.0,3161.0
0.7062313439712496,0.0,0.266137881,0.663032905125,1116.0,3161.0
0.7904725249166582,0.1026713998,0.27039469380000003,0.690049541,1116.0,3161.0
0.8179168790275387,0.3914707314,0.2027845118,0.5543896831999999,1116.0,3161.0
0.8125361617746218,0.0033372968333333333,0.2742627733333333,0.6937903545,1116.0,3161.0
0.7342269555241618,0.0,0.33222090314285707,0.840846132142857,1116.0,3161.0
0.9266095894595526,0.0269541406,0.4615533784,0.9295707664,1116.0,3161.0
0.9368480263560094,0.17532697133333333,0.5684250610000001,0.9349864308333333,1116.0,3161.0
0.8898209700291023,0.0007437733333333334,0.7922759453333333,0.9367669133333334,1116.0,3161.0
0.7207371144018027,0.0,0.7851478247142857,0.936662437,1116.0,3161.0
0.9136693330307197,0.0180966242,0.6670412562,0.9055169856,1116.0,3161.0
0.9339147067534928,0.17470772216666666,0.6403599641666667,0.8477225831666667,1116.0,3161.0
0.8956931179764287,0.0027787395,0.6104990765,0.8698595986666667,1116.0,3161.0
0.7328691811308387,0.0,0.5056339725714286,0.8328343761428573,1116.0,3161.0
0.9215940230012454,0.0017111095,0.61853958575,0.77983483625,1116.0,3161.0
0.9513223203580794,0.116143945,0.6092151695,0.7789086924999999,1116.0,3161.0
0.9453315865449223,0.23576018459999998,0.6995041772,0.8389956606,1116.0,3161.0
0.9499316310918646,0.0122133965,0.739814203,0.895325141,1116.0,3161.0
0.8697116182523316,0.0,0.7152503549999999,0.8900917422500001,1116.0,3161.0
0.7295013553985431,0.0,0.6553511322857143,0.8972507641428571,1116.0,3161.0
0.910251519615344,0.0078574116,0.7578358284000001,0.6601267452,1116.0,3161.0
0.9308642208520327,0.11523821,0.8393055831428572,0.8408160124285715,1116.0,3161.0
0.8837903009882029,0.0,0.6233543204,0.571103396,1116.0,3161.0
0.733795084924888,0.0,0.337804025,0.44102846028571424,1116.0,3161.0
0.9268638050964798,0.0220119878,0.3522749912,0.46143921460000004,1116.0,3161.0
0.9414091793613228,0.26688702000000003,0.30175743299999996,0.5879603058333333,1116.0,3161.0
0.9491126822653475,0.0157161665,0.2675657575,0.624172758,1116.0,3161.0
0.8728806587127947,0.0,0.28165556999999997,0.641187357,1116.0,3161.0
0.7175378152644889,0.0,0.33545737475000004,0.6255990535,1116.0,3161.0
0.7323810828507907,0.0019390725714285714,0.3533513091428571,0.5663328528571429,1116.0,3161.0
0.8146268198381812,0.1923020355,0.245098719,0.4308957805,1116.0,3161.0
0.828921240507167,0.05561913519999999,0.1159779464,0.2313673594,1116.0,3161.0
0.7955456509436255,0.0,0.122071598,0.21688502275,1116.0,3161.0
0.708262117785076,0.0,0.13203598449999998,0.37859173150000003,1116.0,3161.0
0.7501640852801029,0.0024136018,0.20665424259999998,0.2820951962,1116.0,3161.0
0.8170685086322517,0.25419841299999996,0.16479083466666666,0.076218562,1116.0,3161.0
0.8183439880553031,0.268936462,0.09997982925,0.07875954574999999,1116.0,3161.0
0.8397443991519491,0.012323561,0.07839529549999999,0.251442333,1116.0,3161.0
0.7943666004156089,0.0,0.14217004625000002,0.51744446125,1116.0,3161.0
0.7266758704099765,0.0,0.25732572171428575,0.6808413712857143,1116.0,3161.0
0.9202696713558935,0.009017410399999998,0.389132244,0.7257761694,1116.0,3161.0
0.9291329823457959,0.07822114549999999,0.25398350933333336,0.5823737931666667,1116.0,3161.0
0.9391754746696939,0.0083196275,0.2436766595,0.5957181970000001,1116.0,3161.0
0.8658541116576074,0.0,0.26086802575,0.550757293,1116.0,3161.0
0.7285499426158778,0.0,0.26074892414285716,0.4433137678571429,1116.0,3161.0
0.9137329009915692,0.00368010475,0.22198694349999998,0.47778372925,1116.0,3161.0
0.9311058914432927,0.15526644433333334,0.2149591643333333,0.6884055143333333,1116.0,3161.0
0.9232275808916914,0.19270184575,0.2956805195,0.8107131915,1116.0,3161.0
0.9276139878909587,0.011839465,0.398186507,0.892493846,1116.0,3161.0
0.856809784116215,0.0,0.534622834,0.9289070365000001,1116.0,3161.0
0.7010219049858689,0.0,0.5956761047142857,0.9357404592857143,1116.0,3161.0
0.8769338542997107,0.00224973725,0.55300316175,0.92337886875,1116.0,3161.0
0.8942796391294031,0.06392953,0.5318584195,0.9104163679999999,1116.0,3161.0
0.8840524137668377,0.14245920766666667,0.5859187313333333,0.8769578498333334,1116.0,3161.0
0.8494850132156625,0.0,0.716434868,0.9274272847999999,1116.0,3161.0
0.7008336352762272,0.0,0.6177830682857143,0.9129318284285715,1116.0,3161.0
0.8942314993476751,0.0163745378,0.41133299260000006,0.8943504864000001,1116.0,3161.0
0.9103543145118199,0.1503540415,0.19653800933333332,0.8124066951666666,1116.0,3161.0
0.8585367579233402,0.0016445605714285713,0.15453481771428573,0.6032561017142858,1116.0,3161.0
0.7067097315166575,0.0,0.11953226483333335,0.3625962366666666,1116.0,3161.0
0.9051464735823274,0.00282710775,0.0772178335,0.21784425125,1116.0,3161.0
0.9311670434869762,0.11771233,0.04568764,0.1153917805,1116.0,3161.0
0.9237552720285975,0.16832070999999998,0.027634779400000004,0.088607528,1116.0,3161.0
0.9303613896780799,0.0138777105,0.031348325,0.088126885,1116.0,3161.0
0.8604190211618588,0.0,0.0405913875,0.099203708,1116.0,3161.0
0.6965601387182326,0.0,0.048513595374999996,0.22477444375,1116.0,3161.0
0.7555120074713159,0.005554277666666666,0.06048885366666667,0.3856974526666667,1116.0,3161.0
0.8031488435798674,0.14854511633333334,0.08950189233333333,0.6584637303333334,1116.0,3161.0
0.801412124611323,0.20763343266666667,0.14807714,0.785542546,1116.0,3161.0
0.8218324754185534,0.05060397733333333,0.23777350966666666,0.8468374793333333,1116.0,3161.0
0.78407133340841,0.0,0.4716527385,0.9265377109999999,1116.0,3161.0
0.6843215454231995,0.0,0.6785093895714285,0.9359359917142857,1116.0,3161.0
0.7293479987747387,0.002249162,0.6843471824999999,0.9287318075,1116.0,3161.0
0.7829533115857815,0.11927220066666666,0.5707050176666667,0.9318152710000001,1116.0,3161.0
0.7773470217365965,0.1041345375,0.6235874295,0.936589575,1116.0,3161.0
0.7722547755231922,0.0027997758333333333,0.6640685136666667,0.9249923731666668,1116.0,3161.0
0.6945924263402612,0.0,0.6473153501428571,0.9332884627142857,1116.0,3161.0
0.8843915773980484,0.0139649996,0.7116212801999999,0.9371697217999999,1116.0,3161.0
0.9034092083460984,0.09654325516666666,0.7208370315,0.9336966306666667,1116.0,3161.0
0.9087483472820329,0.0128597105,0.7602701155,0.9223322785000001,1116.0,3161.0
0.8507827327703412,0.0,0.776456829,0.913988552,1116.0,3161.0
0.7240454149628505,0.0,0.6068487095714286,0.8200772818571428,1116.0,3161.0
0.9242595301045584,0.044309562,0.390316205,0.6885877734,1116.0,3161.0
0.9292325117656254,0.2679851865,0.30036068666666665,0.6649215738333333,1116.0,3161.0
0.9368312688076883,0.0341937015,0.166863444,0.6305906645,1116.0,3161.0
0.8423310398276301,0.0,0.19515300840000002,0.7295578506,1116.0,3161.0
0.7084151358144471,0.0,0.3407932843333334,0.8209622406666668,1116.0,3161.0
0.8978064730811752,0.017908732,0.6232714386,0.9137188752000001,1116.0,3161.0
0.9205505482140879,0.102666356,0.6767134228333332,0.9318474996666666,1116.0,3161.0
0.930929252666668,0.0189931875,0.6818389364999999,0.919047892,1116.0,3161.0
0.8604865590692542,0.0,0.6168243057499999,0.9201837454999999,1116.0,3161.0
0.7707681892371351,0.0,0.4398936657142857,0.915263707,1070.2857142857142,3031.0
0.9505271691391929,0.01109051825,0.37482071399999994,0.88235312575,1052.0,2979.0
0.9687048053177586,0.2829883386666667,0.3638679123333333,0.8384300843333333,1052.0,2979.0
0.9604195287102669,0.27928073075,0.375067785,0.8810559625,1052.0,2979.0
0.9740300026628146,0.0526072585,0.328021651,0.8835901104999999,1052.0,2979.0
0.9146442466610762,0.0,0.392773265,0.8769770117500001,1052.0,2979.0
0.7837552124417849,0.0,0.3875929312857143,0.7497172844285716,1052.0,2979.0
0.9504466131039546,0.01875743875,0.36036951349999996,0.580613295,1052.0,2979.0
0.9697357852120356,0.21552435999999997,0.3038361285,0.531187496,1052.0,2979.0
0.9613704139418001,0.28644403525,0.306763285,0.5525032652499999,1052.0,2979.0
0.9693469461296138,0.11634670750000001,0.228918768,0.5998743289999999,1052.0,2979.0
0.9244017334035821,0.0,0.2177191986,0.44897266180000006,1052.0,2979.0
0.7712480996953309,0.005074143363636364,0.13838742054545453,0.2007217197272727,1052.0,2979.0
0.8511615774739736,0.2014354305,0.07066048650000001,0.147948499,1052.0,2979.0
0.852458304765715,0.2565294208,0.0568998362,0.1298569522,1052.0,2979.0
0.8742837662618517,0.037519734,0.0665487145,0.213419911,1052.0,2979.0
0.8182441045280795,0.0,0.06837075983333334,0.3936397698333333,1052.0,2979.0
0.7856688962168884,0.008060393888888889,0.0995858048888889,0.6516504757777778,1052.0,2979.0
0.8612883344328226,0.2822537325,0.11956401250000001,0.8320857175,1052.0,2979.0
0.8568866163622949,0.352405044,0.165287269,0.9030975933333334,1052.0,2979.0
0.8691071396975408,0.185491855,0.16610236933333333,0.8689726676666667,1052.0,2979.0
0.8541435109014721,0.00031818039999999997,0.20774821999999998,0.8644153431999999,1052.0,2979.0
0.813273846406347,0.0,0.212410846375,0.6733894965,1052.0,2979.0
0.9837288199245655,0.1049155945,0.231348463,0.54277510025,1052.0,2979.0
0.9792997110864781,0.49392010675,0.233856953,0.42662014049999997,1052.0,2979.0
0.9797658441741147,0.29701324300000004,0.20121356766666665,0.34818926433333336,1052.0,2979.0
0.9429578724845984,0.0004287444,0.2360447818,0.3564902386,1052.0,2979.0
0.8109742811087165,0.0,0.166800325,0.27489074950000003,1052.0,2979.0
0.8685627312450116,0.0,0.1214041866,0.17599444420000002,1052.0,2979.0
0.9923408142632527,0.12343176333333332,0.10179196333333333,0.15338825200000003,1052.0,2979.0
0.985120232318842,0.43238819600000006,0.069256307,0.13566348983333334,1052.0,2979.0
0.9936466850044916,0.07315835999999999,0.1136062625,0.1291266645,1052.0,2979.0
0.9110715207224391,0.0,0.11806195099999998,0.11876906620000001,1052.0,2979.0
0.8098935826252037,0.0,0.07127026133333332,0.06413283299999999,1052.0,2979.0
0.9684256750137815,0.03010817675,0.06603774425,0.045108458250000004,1052.0,2979.0
0.9865175845042498,0.3794239625,0.032474602,0.043968415999999996,1052.0,2979.0
0.9820086308283671,0.5198145070000001,0.0338095214,0.031139771599999994,1052.0,2979.0
0.9913601839001488,0.09399682999999999,0.0787791695,0.021928309,1052.0,2979.0
0.9341175433462661,0.0,0.06707675575,0.030351022,1052.0,2979.0
0.8183733877749436,0.0,0.032984550571428566,0.12624296342857141,1052.0,2979.0
0.9698791012732465,0.02683444725,0.02269116575,0.1314784695,1052.0,2979.0
0.9862702843179469,0.331913102,0.012665338,0.16947489,1052.0,2979.0
0.9792066445380863,0.4275622672,0.0169181472,0.320574271,1052.0,2979.0
0.9830724146770777,0.0376806685,0.04830891375,0.49188512575000004,1052.0,2979.0
0.8549911317887735,0.0,0.07714040825,0.619030923,1052.0,2979.0
0.8130903078214647,0.0,0.10469509299999999,0.6759287385999999,1052.0,2979.0
0.9722766772671209,0.07737562919999999,0.1493686118,0.7253964589999999,1052.0,2979.0
0.9818425698709315,0.3874730572,0.1283236224,0.7000044888000001,1052.0,2979.0
0.9865685497879154,0.1679633305,0.1286214995,0.6466145645,1052.0,2979.0
0.9226285418705579,0.00036049283333333335,0.12964086166666666,0.5014322206666667,1052.0,2979.0
0.771215813271658,0.0,0.0766935545,0.22183190949999998,1052.0,2979.0
0.7902250122548719,0.014190928333333333,0.0657088795,0.2037943065,1052.0,2979.0
0.8558263840268164,0.242722698,0.06468629033333334,0.27619466833333334,1052.0,2979.0
0.8526987681109155,0.223908516,0.08751804599999999,0.42817367275000007,1052.0,2979.0
0.8744395234729241,0.0383389075,0.1223945575,0.571910672,1052.0,2979.0
0.8396863020094902,0.0,0.23091737150000002,0.710988014,1052.0,2979.0
0.7611623992947651,0.0,0.3200074785,0.75466541325,1052.0,2979.0
0.7730845780565679,0.007228295142857143,0.5146235424285714,0.8605045020000001,1052.0,2979.0
0.841122116411,0.15384185233333333,0.5402862353333333,0.9301612870000001,1052.0,2979.0
0.8437641954686468,0.21743196950000002,0.49657502325,0.92632749725,1052.0,2979.0
0.8363596842557757,0.01590397214285714,0.4307599591428572,0.9120225234285714,1052.0,2979.0
0.8015713419385657,0.0,0.415364357,0.9285003572857142,1052.0,2979.0
0.9745053992683709,0.048533551333333334,0.39408652000000005,0.9200326703333334,1052.0,2979.0
0.9724985598224164,0.376235327,0.3464452713333333,0.8840739316666667,1052.0,2979.0
0.9643334248776341,0.40045962675,0.2963922075,0.83632559325,1052.0,2979.0
0.9775673161387333,0.091190209,0.276837032,0.7834477565,1052.0,2979.0
0.9232803924386163,0.0,0.262750196,0.7685881467500001,1052.0,2979.0
0.8049502932569536,0.0,0.223797632,0.7582615537142858,1052.0,2979.0
0.9549861384934001,0.0007608726666666668,0.22072982166666666,0.7457385996666667,1052.0,2979.0
0.986127914586791,0.34967510749999997,0.2034020865,0.7494779515000001,1052.0,2979.0
0.9637247296776135,0.68267516225,0.1503803435,0.67156915225,1052.0,2979.0
0.9630134662297333,0.4334090953333333,0.14242285233333332,0.6354073613333333,1052.0,2979.0
0.9706687742944337,0.004131693,0.20208033866666666,0.6516642133333334,1052.0,2979.0
0.8635993485400492,0.0,0.21596360166666664,0.6520269753333333,1052.0,2979.0
0.823344599951649,0.0,0.145075652,0.5449276944285714,1052.0,2979.0
0.9803434783394992,0.001579363,0.149802936,0.5892624815,1052.0,2979.0
0.9881761174881207,0.3799784985,0.138879153,0.63171546,1052.0,2979.0
0.9671988815628151,0.7207287867999999,0.137819742,0.6808533882,1052.0,2979.0
0.9714555312183082,0.386810413,0.1942444925,0.747671503,1052.0,2979.0
0.9320064332415248,0.0019195940000000002,0.3476228876,0.8241613682000001,1052.0,2979.0
0.7920497088058125,0.0,0.4509424285714285,0.8728268174285715,1052.0,2979.0
0.9588978031379429,0.0088419645,0.5028765555,0.900169768,1052.0,2979.0
0.9762783725152584,0.1157264395,0.420987117,0.8945922079999999,1052.0,2979.0
0.9597785792480267,0.1328002432,0.3892674198,0.8797916685999999,1052.0,2979.0
0.9626462012410978,0.0253164055,0.3841764705,0.8517782465,1052.0,2979.0
0.9067837707275487,0.0,0.33477661725,0.85628534825,1052.0,2979.0
0.8006848943224063,0.0,0.2544876665,0.8241372281250001,1052.0,2979.0
0.9743936363245876,0.1250635885,0.24999615725000002,0.7814042752500001,1052.0,2979.0
0.9516920197452933,0.505927471,0.2090213992,0.6969746118,1052.0,2979.0
0.9528141550906275,0.2947102375,0.18011209649999999,0.596164425,1052.0,2979.0
0.9091350473591602,0.0030699390000000003,0.16384644216666666,0.45109229716666666,1052.0,2979.0
0.769258838888535,0.0,0.13588210314285715,0.2587819864285715,1052.0,2979.0
0.8243749859504536,0.03540527975,0.11446292475,0.1271633965,1052.0,2979.0
0.8415858427724661,0.1957801916,0.0604058996,0.059901261,1052.0,2979.0
0.8569297024664624,0.08846655966666667,0.083658564,0.04237876699999999,1052.0,2979.0
0.8272772127696315,0.0,0.0849037228,0.1283313352,1052.0,2979.0
0.7760842924995741,0.0,0.07145662085714286,0.24094578142857145,1052.0,2979.0
0.8190635610687077,0.055867949,0.08031186,0.2780883,1052.0,2979.0
0.8415120788495568,0.42516099683333336,0.05903319683333333,0.2722032273333333,1052.0,2979.0
0.8499266914842758,0.2118555865,0.07468793800000001,0.280818997,1052.0,2979.0
0.8409356141057522,0.0044596784,0.1618876524,0.40224732979999994,1052.0,2979.0
0.7940644624182782,0.0,0.14838742885714287,0.38631377028571423,1052.0,2979.0
0.9668442315907162,0.052867243200000004,0.07859799780000001,0.29379835,1052.0,2979.0
0.9689122662957065,0.36632514149999995,0.016659768833333335,0.16641897033333333,1052.0,2979.0
0.9367651927325018,0.028065947999999997,0.026820739166666673,0.10746026866666668,1052.0,2979.0
0.8013207112632126,0.0,0.035583351,0.08520429828571428,1052.0,2979.0
0.9556679492755733,0.002105152,0.06476285733333333,0.12465575133333333,1052.0,2979.0
0.9875767705907409,0.2580275345,0.051265197,0.13002344999999998,1052.0,2979.0
0.9676307085537833,0.51147806825,0.0537636525,0.14287728475,1052.0,2979.0
0.9660294499967831,0.2554047936666667,0.09454975266666665,0.18949881133333335,1052.0,2979.0
0.9787893687594764,0.0108365375,0.1699051055,0.34775747700000004,1052.0,2979.0
0.886881795144004,0.0,0.1777833435,0.36506686775,1052.0,2979.0
0.8061959727796348,0.0,0.1447656598333333,0.180658113,1052.0,2979.0
0.967457085903872,0.05708319575,0.14117589549999998,0.09274441549999998,1052.0,2979.0
0.9809877426910318,0.4736319915,0.097835905,0.061209354,1052.0,2979.0
0.966897070942611,0.6008017375,0.13753589775,0.06075188275,1052.0,2979.0
0.9756087179289542,0.20359085866666668,0.20979294699999998,0.12714234633333332,1052.0,2979.0
0.9084544490813566,0.0,0.2677955722,0.20741778719999998,1052.0,2979.0
0.8088525854298835,0.0,0.2697027865,0.20146007883333336,1052.0,2979.0
0.9597053568426485,0.003782063,0.304205337,0.24405288866666666,1052.0,2979.0
0.9894317770049895,0.26910618999999997,0.3118595595,0.236208748,1052.0,2979.0
0.9717114270840496,0.48587168319999996,0.33766455860000005,0.1977678604,1052.0,2979.0
0.9758659436168168,0.2578126985,0.360895462,0.2999331555,1052.0,2979.0
0.9590267620250537,0.0109381235,0.36783468425,0.406504424,1052.0,2979.0
0.8166017755339112,0.0,0.2924090738333333,0.41624170266666666,1052.0,2979.0
0.8572902431153118,0.0,0.28483400833333333,0.3874329243333334,1052.0,2979.0
0.9853566074828546,0.071232558,0.3205583713333333,0.42591362933333327,1052.0,2979.0
0.98608165858349,0.39925570899999996,0.294971745,0.44800646899999996,1052.0,2979.0
0.9796211601017557,0.5481982866,0.3039501918,0.47539096559999994,1052.0,2979.0
0.9886991548220394,0.1804382275,0.36377663800000004,0.55213729,1052.0,2979.0
0.91208803277508,0.0,0.39803275039999997,0.6687248001999999,1052.0,2979.0
0.7931608196859914,0.0024692244444444443,0.4008696706666666,0.7638185274444445,1052.0,2979.0
0.8591545439234793,0.3223398155,0.5174139025,0.8796600855,1052.0,2979.0
0.8553277364679548,0.5971395310000001,0.538429413,0.85075099375,1052.0,2979.0
0.8580861712605132,0.526203163,0.594035988,0.8324000485,1052.0,2979.0
0.8811340820041869,0.187883183,0.568227969,0.849358474,1052.0,2979.0
0.8516063211162437,0.0,0.572307546,0.8251869315,1052.0,2979.0
0.79298811915508,0.0031273434000000004,0.3713709683,0.6143284447999999,1052.0,2979.0
0.8610854439865616,0.3698083295,0.3177218495,0.6151273635,1052.0,2979.0
0.8642115055527236,0.6725031985,0.25016068950000003,0.56748178625,1052.0,2979.0
0.8691657528392627,0.5112124885,0.30266110749999997,0.6583099164999999,1052.0,2979.0
0.8878118836499409,0.1669323915,0.315222559,0.7862259455,1052.0,2979.0
0.856302373075971,0.0,0.3443205355,0.8418710282499999,1052.0,2979.0
0.8117922141519333,0.0,0.29281912499999996,0.7992636261428572,1052.0,2979.0
0.9618939901972358,0.012490259333333335,0.284795946,0.7238560873333334,1052.0,2979.0
0.9932175910200246,0.3209821595,0.3814363135,0.7097401635,1052.0,2979.0
0.9867463826869196,0.440708159,0.4074391272,0.6721821294,1052.0,2979.0
0.9929889871075976,0.227172933,0.4472102985,0.6909240495,1052.0,2979.0
0.9691418626036333,0.01503637375,0.31184613925,0.7337110545,1052.0,2979.0
0.8272525587424149,0.0,0.21008571962500003,0.6927183545,1052.0,2979.0
0.9605754860353758,0.010470493666666665,0.18662629099999997,0.6034366000000001,1052.0,2979.0
0.9985626388158566,0.230528288,0.18750375,0.592031628,1052.0,2979.0
0.9902907033466648,0.46933465649999995,0.159731526,0.5496247725,1052.0,2979.0
0.9864575254378107,0.6135777896666667,0.190749697,0.5013727389999999,1052.0,2979.0
0.9887064026729597,0.439559764,0.2413485915,0.5473450595,1052.0,2979.0
0.9964523920570885,0.120718943,0.257710636,0.6268768405,1052.0,2979.0
0.918752723797555,0.0,0.27892290839999995,0.7081172272,1052.0,2979.0
0.8189224838212551,0.0,0.2547577581666666,0.7540869615,1052.0,2979.0
0.9615253557282183,0.022076322,0.3024236516666667,0.8203527793333333,1052.0,2979.0
0.9969683203992334,0.331549694,0.33676561,0.868209439,1052.0,2979.0
0.9900966487829672,0.6440983138,0.3467447868,0.9033259714000001,1052.0,2979.0
0.9932251004608089,0.4953542606666666,0.44222125166666665,0.9150050683333334,1052.0,2979.0
0.9333173142682222,0.016393074833333333,0.5880481386666666,0.9266872500000001,1052.0,2979.0
0.7934976061782294,0.0,0.5884769968333333,0.8865233588333333,1065.3333333333333,3016.5
0.9360466046027259,0.018291523333333334,0.582052581,0.8819426196666668,1068.0,3024.0
0.9805452454296253,0.39848753366666667,0.5124134803333333,0.8920855653333333,1068.0,3024.0
0.9791493703211062,0.70030306,0.492487163,0.899088359,1068.0,3024.0
0.982783735956423,0.4883774413333333,0.5548052603333333,0.9115441403333334,1068.0,3024.0
0.9087294509493548,0.016227124166666666,0.5788819336666666,0.9078634105,1068.0,3024.0
0.7938736422705871,0.0,0.4531987065,0.776991069,1068.0,3024.0
0.9389821399862784,0.02557515,0.434616469,0.7395581956666667,1068.0,3024.0
0.9803644828567066,0.352670579,0.3844615955,0.7652748835000001,1068.0,3024.0
0.9790200959906437,0.6416277275,0.3033635605,0.8351847210000001,1068.0,3024.0
0.980577021859515,0.49285075,0.30206742750000004,0.8900599415,1068.0,3024.0
0.9874446031956884,0.158474969,0.282978076,0.9104607465,1068.0,3024.0
0.8928669665049899,0.0,0.2900396612,0.887847925,1068.0,3024.0
0.7698014303120294,0.008433658888888888,0.24216031411111116,0.737867340111111,1068.0,3024.0
0.8330548720277584,0.33796574749999997,0.22232906949999998,0.6951525025,1068.0,3024.0
0.8403952648916131,0.6145295805,0.212896883,0.6490140476666667,1068.0,3024.0
0.8378041588504406,0.06260085533333333,0.28437258433333334,0.8010863708333332,1068.0,3024.0
0.7689588734568874,0.0070828109,0.2728902808,0.6764483828000001,1068.0,3024.0
0.8277328602683904,0.341277622,0.18813237500000002,0.636202395,1068.0,3024.0
0.815870338293392,0.6694706109999999,0.1373519405,0.5344676587499999,1068.0,3024.0
0.8188812746906434,0.45265076833333334,0.23239505699999996,0.6493193346666667,1068.0,3024.0
0.8132309971249627,0.015929276,0.4491172464,0.8106767290000001,1068.0,3024.0
0.7608127007614521,0.0,0.3579790801428572,0.8744789491428573,1068.0,3024.0
0.9307422733576054,0.013319135000000001,0.2712305366666667,0.8676299036666667,1068.0,3024.0
0.9624651000816362,0.2641313715,0.1960232725,0.7993546555,1068.0,3024.0
0.9365311106776097,0.60078265575,0.121314317,0.611275115,1068.0,3024.0
0.9240617021512598,0.395290516,0.12084852533333333,0.423649084,1068.0,3024.0
0.9204110716579907,0.02306843925,0.23074359125,0.33523438375000003,1068.0,3024.0
0.7822380934139415,0.0,0.179622694,0.42632980875000004,1068.0,3024.0
0.7699460274050224,0.0,0.136317128,0.41265552525,1068.0,3024.0
0.9312171464520276,0.025359190333333333,0.1264311506666667,0.43930503566666673,1068.0,3024.0
0.9578686776263737,0.3546532363333334,0.06265383066666667,0.41478906266666665,1068.0,3024.0
0.9394885586310227,0.46182556075,0.05628970375,0.36112025725,1068.0,3024.0
0.9474591356173222,0.15367053966666666,0.08568382866666667,0.39138020433333337,1068.0,3024.0
0.8683327423203044,0.0,0.11299749560000001,0.3165732866,1068.0,3024.0
0.7656910913509353,0.0,0.11322870483333332,0.20383537816666664,1068.0,3024.0
0.9294719026144769,0.014518664,0.14209732,0.18332931433333333,1068.0,3024.0
0.9647447685868742,0.17350048750000002,0.142516184,0.21060444550000001,1068.0,3024.0
0.9508856554017664,0.3611320295,0.190773988,0.21313682250000002,1068.0,3024.0
0.9503367196770902,0.278428291,0.206691509,0.16664094899999998,1068.0,3024.0
0.9620686439619235,0.125606863,0.198718095,0.156588342,1068.0,3024.0
0.871909765999239,0.0,0.27221026220000005,0.2370016714,1068.0,3024.0
0.7660621419911968,0.0,0.360494637,0.38590840633333334,1068.0,3024.0
0.9290910498661852,0.019735296333333333,0.39081346499999997,0.5509255283333333,1068.0,3024.0
0.9598163041960746,0.24675748150000001,0.410294846,0.624859461,1068.0,3024.0
0.9482386139799802,0.43949719075,0.44485007425,0.69555063775,1068.0,3024.0
0.94911125158531,0.24081873474999999,0.41271558025,0.74455198,1068.0,3024.0
0.913634925479604,0.0,0.5397734523333333,0.755248818,1068.0,3024.0
0.7707935091349118,0.0,0.5360278746666666,0.8181914983333334,1068.0,3024.0
0.8681675306903651,0.0163673012,0.4523052188,0.7290789228,1068.0,3024.0
0.9595190084202894,0.267327761,0.3490420935,0.5845252465,1068.0,3024.0
0.9387974842315081,0.3992934268,0.2804445596,0.4224860006,1068.0,3024.0
0.9375164803685627,0.20049718049999998,0.1339241435,0.27779347899999995,1068.0,3024.0
0.877741015895792,0.010356724,0.12504954349999997,0.273654221,1068.0,3024.0
0.7046401240909846,0.0,0.19740861733333329,0.48001832466666666,1068.0,3024.0
0.7401751437043862,0.0268575865,0.26060825475000005,0.6876944445,1068.0,3024.0
0.7876699755674514,0.161980668,0.217396508,0.75793745,1068.0,3024.0
0.7792494387729209,0.2471881975,0.19565084824999998,0.7342322237500001,1068.0,3024.0
0.7915443323384953,0.111348375,0.2180473785,0.661714143,1068.0,3024.0
0.768779775558791,0.004816275333333333,0.28070747333333335,0.6015513120000001,1068.0,3024.0
0.7011468048823551,0.0,0.23065869649999998,0.46317425349999997,1068.0,3024.0
0.7002583993545962,0.015085019,0.20673640871428572,0.2423152124285714,1068.0,3024.0
0.7763518808136131,0.3391364356666666,0.18298128533333333,0.2530782306666666,1068.0,3024.0
0.7652860410431116,0.49732393675,0.170676345,0.484024028,1068.0,3024.0
0.7697859193292584,0.237424272,0.154850672,0.491224355,1068.0,3024.0
0.7803464328246823,0.032605571,0.218809248,0.529845971,1068.0,3024.0
0.7460419204760825,0.0,0.18915376099999998,0.4566691066,1068.0,3024.0
0.7401589055246233,0.0,0.113943727,0.17794102816666668,1068.0,3024.0
0.9281206141616105,0.061309885,0.171122745,0.20586278375,1068.0,3024.0
0.9140623335224474,0.23620026828571428,0.2752065102857143,0.1745139892857143,1068.0,3024.0
0.9271127395124333,0.036435354,0.3537087305,0.183075181,1068.0,3024.0
0.8117312222341981,0.0,0.4344942532,0.2484773788,1068.0,3024.0
0.7116733649965991,0.0,0.48324199425000003,0.31558691624999996,1068.0,3024.0
0.8610436308131388,0.01126571125,0.5092611505,0.58695806,1068.0,3024.0
0.9492885210277006,0.1360187085,0.550558914,0.6225980915,1068.0,3024.0
0.942931559239713,0.19884567733333333,0.4626227936666667,0.49326791266666664,1068.0,3024.0
0.9468831016461843,0.1582418245,0.431034101,0.5192828017500001,1068.0,3024.0
0.9016924631997659,0.008543126199999999,0.3586583028,0.45385026040000004,1068.0,3024.0
0.759021268637909,0.0,0.22361174999999997,0.22611904900000002,1068.0,3024.0
0.9281982697308564,0.014411712333333333,0.13518936066666665,0.13092270733333333,1068.0,3024.0
0.9567519870619596,0.166866343,0.1033306625,0.11055491149999999,1068.0,3024.0
0.940261597276481,0.29284863224999996,0.055535817,0.18307189624999998,1068.0,3024.0
0.9321100803597765,0.22670496099999998,0.055731222999999996,0.34215989999999996,1068.0,3024.0
0.9418125911422638,0.129148684,0.0715475265,0.49607062050000006,1068.0,3024.0
0.8863486940017224,0.00069954275,0.21485733549999997,0.6669681889999999,1068.0,3024.0
0.7499946911508063,0.0,0.3563291275,0.8057875983333332,1068.0,3024.0
0.8847953458271633,0.031164314749999998,0.47358844775,0.9042053339999999,1068.0,3024.0
0.9549084754675176,0.2937036705,0.47364454349999996,0.9159646539999999,1068.0,3024.0
0.943399684740689,0.472585611,0.4600187375,0.8887270895,1068.0,3024.0
0.9413594300065563,0.26649109433333334,0.5585044859999999,0.8968682600000001,1068.0,3024.0
0.9514339909500356,0.033212219,0.5701321905,0.88674138,1068.0,3024.0
0.8444145530523249,0.0,0.528972642,0.8852776365,1068.0,3024.0
0.750530362236752,0.0,0.4262401266666666,0.8380048090000001,1068.0,3024.0
0.9011185989110784,0.000613201,0.41047810399999995,0.8329775660000001,1068.0,3024.0
0.9612031620766244,0.06707857149999999,0.3892459715,0.8313531425,1068.0,3024.0
0.9539742553220095,0.154739228,0.3874110385,0.816108309,1068.0,3024.0
0.9491714723779148,0.22199177125000003,0.39542366824999997,0.7991433987500001,1068.0,3024.0
0.9563779204054532,0.1485612895,0.3972610165,0.8316913045000001,1068.0,3024.0
0.9650497738622459,0.034410815,0.41088803100000004,0.8939027820000001,1068.0,3024.0
0.8562587018743734,0.0,0.4201879625,0.9189543225,1068.0,3024.0
0.7615469713582329,0.0,0.4816677168571428,0.934261059,1068.0,3024.0
0.797749137421508,0.07344155566666667,0.5979220253333333,0.9369955050000001,1068.0,3024.0
0.8425748654421451,0.33258619966666664,0.6831407581666666,0.9363525644999999,1068.0,3024.0
0.8607184866532349,0.19405651499999998,0.7843558165,0.9346583275,1068.0,3024.0
0.8336726382098142,0.0160597714,0.7711962324,0.9370796382,1068.0,3024.0
0.7659214263445979,0.0005401721111111111,0.6728673385555555,0.9368046971111111,1068.0,3024.0
0.8228152135243115,0.2479011246666667,0.7169462679999999,0.9346126159999999,1068.0,3024.0
0.841981264838935,0.5747499644,0.6249347023999999,0.9228637804,1068.0,3024.0
0.8579161957344876,0.3659873455,0.6503937035,0.9231657055,1068.0,3024.0
0.8327358977210849,0.0309383052,0.5357230482,0.8974751032,1068.0,3024.0
0.7869641816060253,0.0,0.3138764765714286,0.6721566814285715,1068.0,3024.0
0.9411856689393732,0.06977536033333333,0.221346262,0.5220471426666666,1068.0,3024.0
0.9817851786234184,0.4706411115,0.191187478,0.4560981195,1068.0,3024.0
0.9738977892023174,0.7435063427999999,0.12262315680000002,0.3961241804,1068.0,3024.0
0.9737824408866477,0.38365422433333335,0.132934401,0.42536720499999997,1068.0,3024.0
0.9120614193094287,0.002062052,0.13702523875,0.604489556,1068.0,3024.0
0.7892024498540322,0.0,0.15612898516666665,0.6984181636666666,1068.0,3024.0
0.9137682857155989,0.0351834985,0.22625395725,0.84077441725,1068.0,3024.0
0.9785028751647953,0.329786292,0.278792515,0.8715332575,1068.0,3024.0
0.9592172438986706,0.5798067818,0.35219988900000004,0.6922683569999999,1068.0,3024.0
0.9544687635637258,0.40533664,0.33557356400000005,0.548262202,1068.0,3024.0
0.9651126952829783,0.099631952,0.2843604245,0.553602716,1068.0,3024.0
0.8617202907715831,0.0,0.21529195099999998,0.43262858299999996,1068.0,3024.0
0.7840844577519007,0.0,0.11952871279999999,0.2183794844,1068.0,3024.0
0.913100523844639,0.04817086425,0.1034180145,0.19901373775,1068.0,3024.0
0.9746830072973043,0.46462139666666663,0.07046719400000001,0.287414706,1068.0,3024.0
0.9579528961406458,0.58551054225,0.102560764,0.4009993765,1068.0,3024.0
0.9552147732265923,0.3388208195,0.13001190899999998,0.5764972455,1068.0,3024.0
0.9635393353181176,0.07491844750000001,0.1576140565,0.6616269685,1068.0,3024.0
0.8766016121949022,0.0,0.221394352,0.7935974516666665,1068.0,3024.0
0.7711782835217901,0.0,0.3158077795714286,0.9018746327142857,1068.0,3024.0
0.9305284419815624,0.024395299999999998,0.4368296383333334,0.904625562,1068.0,3024.0
0.971529993524292,0.1401763015,0.4165396935,0.853525333,1068.0,3024.0
0.9614261799739081,0.1901225195,0.34188518125,0.6594032757500001,1068.0,3024.0
0.9564608308047022,0.097475556,0.256219549,0.40981335533333335,1068.0,3024.0
0.9580854325563659,0.0164276585,0.20422732300000002,0.2614317995,1068.0,3024.0
0.8678738851094954,0.0,0.16959928133333335,0.16658844799999997,1068.0,3024.0
0.7606560399006933,0.0,0.102474217,0.2438186862857143,1068.0,3024.0
0.9279017432590465,0.012405047333333334,0.085918846,0.41589943933333334,1068.0,3024.0
0.9639910497558271,0.1061849275,0.0711773645,0.4877238685,1068.0,3024.0
0.9541377865242909,0.19817443499999998,0.07941532379999999,0.50520826,1068.0,3024.0
0.9569005424875565,0.1118038395,0.0745839535,0.489856694,1068.0,3024.0
0.9265413916232348,0.0146464025,0.07376680849999999,0.50076877125,1068.0,3024.0
0.8012530281526116,0.0,0.08296180950000001,0.47429437,1068.0,3024.0
0.7352677087572653,0.0,0.09157478371428573,0.3410584770000001,1068.0,3024.0
0.7603919688151388,0.068868382,0.09817181050000001,0.23249139000000002,1068.0,3024.0
0.8086382462292607,0.303086892,0.064287891,0.20985078,1068.0,3024.0
0.7945917444485844,0.49781906979999996,0.061047741,0.06342147299999999,1068.0,3024.0
0.8002412526881962,0.2675185535,0.0460996,0.039104597500000005,1068.0,3024.0
0.8175761889399338,0.0662305045,0.08319908749999999,0.0910211655,1068.0,3024.0
0.777436799311651,0.0,0.11365121775,0.169734963,1068.0,3024.0
0.74579446326958,0.0,0.0521478986,0.10372576659999999,1068.0,3024.0
0.7790735769778454,0.05675284,0.033320957250000005,0.0950387745,1068.0,3024.0
0.8163184518383636,0.428957887,0.0112641975,0.083392232,1068.0,3024.0
0.7845110681792212,0.6250223616000001,0.0144014644,0.0863178498,1068.0,3024.0
0.7997757819156057,0.2452522405,0.033454421,0.09355928,1068.0,3024.0
0.7987592050399361,0.052711809,0.0613026065,0.1529301225,1068.0,3024.0
0.7488670132965821,0.0,0.06465732733333335,0.1625676248888889,1068.0,3024.0
0.9379783509112276,0.02714259175,0.06268830125,0.12056537475,1068.0,3024.0
0.9565439260180737,0.22204893450000002,0.038126180999999995,0.0813986555,1068.0,3024.0
0.936888992322935,0.4364339306000001,0.065982041,0.10914676699999999,1068.0,3024.0
0.9361648920484305,0.282015721,0.086182605,0.11805062200000001,1068.0,3024.0
0.9293934241087058,0.08441831,0.072619294,0.07125509499999999,1068.0,3024.0
0.8217460564231595,0.0,0.05559563466666667,0.051332151,1068.0,3024.0
0.766817145794076,0.0,0.045378461833333335,0.08579015133333334,1068.0,3024.0
0.942134769217772,0.047391290249999996,0.047459967,0.18021279499999998,1068.0,3024.0
0.9509838155621514,0.4300187143333334,0.048089557,0.280525831,1068.0,3024.0
0.943333831701793,0.4864693857499999,0.10623383225000001,0.31916209425,1068.0,3024.0
0.9518052877145443,0.20056612749999997,0.11068918350000001,0.28133254100000005,1068.0,3024.0
0.9328407641485779,0.039256647000000006,0.146208105,0.323828268,1068.0,3024.0
0.8175539069627655,0.0,0.226739448,0.4304728633333334,1068.0,3024.0
0.7400022096610702,0.0,0.2564815685,0.5842687940000001,1068.0,3024.0
0.8897393672477676,0.0,0.2673096565,0.6610368314999999,1068.0,3024.0
0.9598282606645474,0.019581269000000002,0.2822645415,0.5772301774999999,1068.0,3024.0
0.9533268515607023,0.08174296349999999,0.2914268415,0.5483931515,1068.0,3024.0
0.948593384020501,0.152941432,0.31619525075,0.5402065005000001,1068.0,3024.0
0.9545917907791541,0.0857697605,0.339443394,0.591293089,1068.0,3024.0
0.9584715481436408,0.029514570500000004,0.3754414895,0.7261040830000001,1068.0,3024.0
0.8484261551880476,0.000932151,0.5030826215,0.73604273525,1068.0,3024.0
0.7639249273942585,0.0,0.5140019635,0.5901239504999999,1068.0,3024.0
0.936792514180957,0.02481883625,0.42442976925,0.3984905555,1068.0,3024.0
0.9558848431751807,0.287736208,0.413771322,0.2919004325,1068.0,3024.0
0.943521580701471,0.476211556,0.247232026,0.2323782995,1068.0,3024.0
0.9369077623015226,0.43575466350000003,0.20158279499999998,0.158551063,1068.0,3024.0
0.936359011832844,0.2152328835,0.1328007145,0.15865786050000003,1068.0,3024.0
0.8897590796126778,0.0135086075,0.1192125175,0.2532248405,1068.0,3024.0
0.7707498573205698,0.0,0.14807081374999997,0.46174279475,1068.0,3024.0
0.7856883321964944,0.0,0.1405867902,0.510811583,1068.0,3024.0
0.9563805057042657,0.06610809633333332,0.14645888799999998,0.4965373423333333,1068.0,3024.0
0.9498042187112156,0.3362068615,0.1107332945,0.45982894799999996,1068.0,3024.0
0.9178891575719474,0.60336614025,0.169568424,0.49111215500000005,1068.0,3024.0
0.9071128967314765,0.43527403249999996,0.2698653125,0.6352000095,1068.0,3024.0
0.9227722657269475,0.19328312949999998,0.31600912999999997,0.7360589694999999,1068.0,3024.0
0.838909524109257,0.00423858325,0.44171445825,0.81598462425,1068.0,3024.0
0.7293536711211652,0.0,0.31382593012500004,0.747859687375,1068.0,3024.0
0.7955949888577465,0.045845192,0.206277147,0.6368955384999999,1068.0,3024.0
0.810510487195645,0.23892122233333335,0.14276752666666667,0.5264040716666667,1068.0,3024.0
0.7975473272485918,0.3115192124,0.132728827,0.4337892556,1068.0,3024.0
0.8180947950431872,0.1351509555,0.166101873,0.48294589899999996,1068.0,3024.0
0.770976326149341,0.0059880255,0.18861431025,0.5235070064999999,1068.0,3024.0
0.6374420180128682,0.0,0.2249466895,0.37227190075,851.5,2412.0
0.6287518834345932,0.0,0.3309334015,0.389279547,635.0,1800.0
0.6878081672621851,0.0583131895,0.41031488,0.521076957,635.0,1800.0
0.7508330980433031,0.164540568,0.419098482,0.4631668605,635.0,1800.0
0.749801437220005,0.33281007725,0.41006538375,0.371608029,635.0,1800.0
0.7588786911151425,0.30845262,0.46777292800000003,0.4368325275,635.0,1800.0
0.7600459928005939,0.1706141235,0.426196361,0.39277339,635.0,1800.0
0.7021682595031457,0.005660075833333333,0.30939664866666666,0.28955579633333334,635.0,1800.0
0.6971831212595693,0.0,0.2125149305,0.3105316953333333,635.0,1800.0
0.8586456170870701,0.17621641066666668,0.131722975,0.38175323766666674,635.0,1800.0
0.8551635772842967,0.47793718425,0.107746815,0.4394411975,635.0,1800.0
0.8362189500136136,0.38704651999999995,0.1420085573333333,0.5163748446666666,635.0,1800.0
0.8314012793142884,0.16816976,0.161732051,0.601160225,635.0,1800.0
0.7940758096992552,0.0053077743333333335,0.3179936976666667,0.6941258659999999,635.0,1800.0
0.6517808484782347,0.0,0.42038410080000005,0.7365465840000001,635.0,1800.0
0.6746155119148322,0.0,0.41224277725,0.7507483054999999,635.0,1800.0
0.8297490712154112,0.0880760095,0.399773969,0.7872674829999999,635.0,1800.0
0.8386161520157291,0.39251950199999996,0.311743029,0.7656956905000001,635.0,1800.0
0.8209942237345695,0.6714426901999999,0.23989860299999996,0.6496532056000001,635.0,1800.0
0.8129240622045628,0.424691927,0.21989345,0.5203726710000001,635.0,1800.0
0.8030501448846061,0.104884122,0.256888695,0.5658363575,635.0,1800.0
0.7594335744742272,0.0,0.3439601346666667,0.693375183,635.0,1800.0
0.6297933654714819,0.0,0.3492978225,0.7743330888333334,635.0,1800.0
0.7722375254502054,0.07561379975,0.26078737074999997,0.8184281285,635.0,1800.0
0.8321049104249638,0.406169055,0.1538646465,0.718073547,635.0,1800.0
0.8262832194948484,0.5528962995,0.11874954199999999,0.5104257215,635.0,1800.0
0.8180891859953212,0.479449367,0.24510806125,0.465120328,635.0,1800.0
0.8124645922018221,0.186126277,0.368412566,0.462416852,635.0,1800.0
0.7709692171575674,0.0075949485,0.37800740075,0.6597066172499999,635.0,1800.0
0.6383966733917465,0.0,0.41752517266666667,0.7098498903333333,635.0,1800.0
0.639119350934436,0.0,0.49262495900000003,0.83344915025,635.0,1800.0
0.8082702271813297,0.08490811966666667,0.507414449,0.839312127,635.0,1800.0
0.852871352134179,0.358212069,0.6101053155,0.845071065,635.0,1800.0
0.8508388683202259,0.5142474825,0.5699015622500001,0.82399404125,635.0,1800.0
0.8488723992713347,0.3902205025,0.6805681100000001,0.7503411280000001,635.0,1800.0
0.8472550908836924,0.22510324950000002,0.6053659945,0.690574606,635.0,1800.0
0.7881301612416169,0.01522115475,0.422975469,0.5988844369999999,635.0,1800.0
0.6704356585091955,0.0,0.2223206438,0.6023029720000002,635.0,1800.0
0.7622779973238097,0.0309386755,0.18899589849999998,0.6029925665,635.0,1800.0
0.8663499359128584,0.42463061999999996,0.1489616555,0.579208087,635.0,1800.0
0.854073692390012,0.765720401,0.131688103,0.5217551725,635.0,1800.0
0.8380740949556027,0.9369433924999999,0.154268979,0.5373009154999999,635.0,1800.0
0.8208328718365614,0.8047652653333334,0.18788875900000002,0.5832923996666667,635.0,1800.0
0.815824082124388,0.393576056,0.23522069299999998,0.6392696765,635.0,1800.0
0.7916518325163692,0.026710065,0.4184958796666667,0.7189721106666668,635.0,1800.0
0.6858327425605739,0.0,0.522307183,0.7892013405,635.0,1800.0
0.5958387960350369,0.0,0.4773654315,0.8238967821666666,635.0,1800.0
0.6328208209924752,0.0684880355,0.43756994650000003,0.8475588765,635.0,1800.0
0.6929737298345904,0.434055894,0.320827223,0.852000066,635.0,1800.0
0.6979920523321216,0.7750549165,0.21768993749999999,0.734636963,635.0,1800.0
0.6877838621061465,0.88626218425,0.19871376125,0.5912589105,635.0,1800.0
0.6844039216116321,0.4799183986666667,0.22384174999999998,0.48955879666666663,635.0,1800.0
0.673572779593281,0.027928624666666665,0.35168242066666666,0.48072875966666667,635.0,1800.0
0.6244194881859316,0.0,0.33905878899999997,0.45600680950000005,635.0,1800.0
0.5889287652810058,0.0003194028,0.23869721240000003,0.253130679,635.0,1800.0
0.6565759867391436,0.2373301495,0.16156511699999998,0.19261442550000002,635.0,1800.0
0.695329846099624,0.5809802345,0.08977026299999999,0.1761916345,635.0,1800.0
0.6878666803192715,0.8468574675,0.07170892100000001,0.13574521350000002,635.0,1800.0
0.686210963624249,0.7033256560000001,0.08143718350000001,0.2112198535,635.0,1800.0
0.6836767238833625,0.37676428900000003,0.088947045,0.3077879475,635.0,1800.0
0.6739246411588291,0.030143117,0.14524808199999997,0.39989102866666665,635.0,1800.0
0.6406266503256295,0.0,0.09795042999999999,0.281411194375,635.0,1800.0
0.8009898321842583,0.148069649,0.08449318700000001,0.423468172,635.0,1800.0
0.8274612776273652,0.5434217825000001,0.043715618,0.3884346485,635.0,1800.0
0.8175671407254963,0.7753939155,0.048617247,0.40643559274999996,635.0,1800.0
0.8084720096266041,0.5797898735,0.068507448,0.4210777405,635.0,1800.0
0.8056821832218468,0.24981177400000001,0.10501206599999999,0.50567483,635.0,1800.0
0.7883619736619858,0.023097592,0.20929796950000001,0.6183063225000001,635.0,1800.0
0.6931654950451029,0.0,0.2582989395,0.6969809039999999,635.0,1800.0
0.651619200893096,0.00038915416666666664,0.21718107333333328,0.7253902053333334,635.0,1800.0
0.8177782949480089,0.194322234,0.1918361295,0.8021260115,635.0,1800.0
0.8231640592945524,0.5159559655,0.1526556115,0.7042294265,635.0,1800.0
0.8139123033303356,0.7208716500000001,0.1901236858,0.6530104222,635.0,1800.0
0.8054368218715672,0.34571572933333333,0.310335317,0.7490341283333333,635.0,1800.0
0.7454122164108067,0.013522816400000002,0.37610100539999997,0.7610503584,635.0,1800.0
0.6331476156540682,0.0,0.26561769749999997,0.7557135013333335,635.0,1800.0
0.7842183656916736,0.0557262235,0.256638618,0.7488322565000001,635.0,1800.0
0.8424910932766254,0.3591644276666666,0.19918556299999998,0.7269016696666667,635.0,1800.0
0.8255419834051256,0.5881544612,0.1991746934,0.7217478368,635.0,1800.0
0.8163334552543152,0.355445965,0.24752792899999998,0.7809997065000001,635.0,1800.0
0.8073158796400335,0.15037108999999999,0.312893195,0.806818237,635.0,1800.0
0.7605506805113942,0.0,0.4207537286666667,0.8149039103333333,635.0,1800.0
0.6317144171511986,0.0,0.40151843200000004,0.7889626321666666,635.0,1800.0
0.7516734740402455,0.036515581666666665,0.42966235833333327,0.8191711606666666,635.0,1800.0
0.843277004010315,0.2709389865,0.3737746155,0.8340785255000001,635.0,1800.0
0.8243527812129952,0.5451126214,0.30525268720000004,0.7965362074,635.0,1800.0
0.8102647102621442,0.3038182953333333,0.2834077506666666,0.7565413116666667,635.0,1800.0
0.7994962587849578,0.078965304,0.2754168555,0.7257254435,635.0,1800.0
0.7564443042464172,0.0,0.3282362566666666,0.7046078126666666,635.0,1800.0
0.6370509301437323,0.0,0.2542772821428571,0.5961815601428572,635.0,1800.0
0.8006000235181218,0.07281159599999999,0.231631271,0.494770647,635.0,1800.0
0.8295002472239629,0.307236559,0.1734025856666667,0.446306244,635.0,1800.0
0.8183640000113075,0.36034148975,0.22742195625,0.37054434175,635.0,1800.0
0.8129236005558965,0.17581274549999998,0.272251362,0.41052480550000003,635.0,1800.0
0.802999872571049,0.0613892685,0.25379831750000004,0.4063432105,635.0,1800.0
0.7303511877893748,0.0,0.2452678975,0.37321812525000003,635.0,1800.0
0.591941003662268,0.0,0.24500484150000001,0.32010611166666664,635.0,1800.0
0.6282732555258806,0.0469467795,0.21441445050000002,0.32433127149999996,635.0,1800.0
0.6981370381828551,0.2972102876666667,0.19703722366666665,0.411338283,635.0,1800.0
0.6950250022852934,0.4849888216,0.17219393599999996,0.40343758240000005,635.0,1800.0
0.6904038516783216,0.3188829125,0.133551208,0.424420398,635.0,1800.0
0.6865450984996362,0.1323165195,0.09068698950000001,0.375923756,635.0,1800.0
0.6756336156942941,0.0003473866666666667,0.09302360966666667,0.3446913173333333,635.0,1800.0
0.5978350817297737,0.0,0.08221038542857143,0.2292694257142857,635.0,1800.0
0.6249672466236571,0.045695586,0.065384525,0.14575074,635.0,1800.0
0.6859540384112304,0.24788419300000003,0.034453194,0.128164251,635.0,1800.0
0.6912979628509275,0.5397950311666666,0.020930254666666665,0.09184775483333334,635.0,1800.0
0.6875472718043549,0.293486191,0.038623443,0.12203438300000001,635.0,1800.0
0.6711365843918269,0.0121519824,0.0833526876,0.2469733924,635.0,1800.0
0.6500664167085562,0.0004907181428571428,0.07321187814285714,0.33702983414285714,635.0,1800.0
0.8304861864914947,0.17867232633333333,0.05609698666666666,0.353286512,635.0,1800.0
0.8256354559591031,0.4802921943999999,0.047484537199999996,0.36297797800000003,635.0,1800.0
0.8131897357095188,0.28936212149999996,0.069007326,0.3482278355,635.0,1800.0
0.7694818371855163,0.018254626,0.07035053725,0.26443893425,635.0,1800.0
0.6424200953824661,0.0,0.06945532014285714,0.4022039082857143,635.0,1800.0
0.788377069208827,0.06712707350000001,0.0676884145,0.5689940874999999,635.0,1800.0
0.8330697372473755,0.36020109,0.0419681115,0.5684821005,635.0,1800.0
0.820927230990172,0.6829346679999999,0.0503047715,0.5312696955,635.0,1800.0
0.8137338241231988,0.734187386,0.05845943175,0.471595514,635.0,1800.0
0.8054223263906642,0.51491884,0.0363592235,0.33546034599999996,635.0,1800.0
0.7956440147530452,0.198949724,0.031937182,0.3185765505,635.0,1800.0
0.7548390138583095,0.000764963,0.058345133333333334,0.3731410286666667,635.0,1800.0
0.6305498542718548,0.0,0.08609099583333335,0.5495457793333333,635.0,1800.0
0.7195010415049093,0.0083856535,0.071585702,0.46915101400000003,635.0,1800.0
0.8175258702295258,0.28691888050000003,0.051931942,0.3765739005,635.0,1800.0
0.8184714927325447,0.649690813,0.03008471,0.30953930399999996,635.0,1800.0
0.8146175591924477,0.8906473324,0.06877540060000001,0.21203714359999998,635.0,1800.0
0.8083140366344961,0.605728812,0.0894404915,0.146822497,635.0,1800.0
0.7949597728863543,0.23473489349999999,0.1104806225,0.160405469,635.0,1800.0
0.7533859877716834,0.0009379369999999999,0.184412167,0.2782992696666667,635.0,1800.0
0.6349552182968781,0.0,0.22337319614285714,0.5439695362857143,635.0,1800.0
0.7752297579512412,0.1091878415,0.191325529,0.483630648,635.0,1800.0
0.8188998944097153,0.394501492,0.128711847,0.46403819,635.0,1800.0
0.8172918653922498,0.6632283625,0.07806526750000001,0.43300699249999997,635.0,1800.0
0.8184158652281773,0.91746442,0.06624808874999999,0.277794348,635.0,1800.0
0.8119151948284796,0.7621536394999999,0.089106873,0.21141884,635.0,1800.0
0.8061735523851945,0.428706676,0.11495358550000001,0.247468241,635.0,1800.0
0.7841506660581122,0.0743052335,0.220598771,0.3298942585,635.0,1800.0
0.7118479955960021,0.0,0.2641330706666667,0.4154209836666667,635.0,1800.0
0.6453268354695171,0.003636111,0.2019039394285714,0.4306215001428571,635.0,1800.0
0.8092824641839426,0.29764889,0.1350898595,0.39646135,635.0,1800.0
0.8186462388490595,0.7278625773333333,0.070579554,0.3623116096666667,635.0,1800.0
0.818436108174218,0.902719687,0.08496234750000001,0.39839250049999997,635.0,1800.0
0.8123403649649862,0.60201879,0.091655489,0.472332248,635.0,1800.0
0.7962487165098292,0.233078214,0.108858545,0.522007979,635.0,1800.0
0.7515202252417756,0.0012902843333333334,0.13644212,0.46777500766666663,635.0,1800.0
0.5970375894311314,0.003769383375,0.10770988950000002,0.41586489575,635.0,1800.0
0.6516383589702943,0.2894650615,0.049409237,0.249553543,635.0,1800.0
0.6899625702353457,0.6377027455,0.0282835235,0.1901856945,635.0,1800.0
0.6869662338334275,0.8531939860000002,0.04130541880000001,0.1609796868,635.0,1800.0
0.6860748955796616,0.562913849,0.0578032995,0.18872714899999998,635.0,1800.0
0.6777017225132469,0.223098851,0.08492796,0.19227988899999998,635.0,1800.0
0.650708976790131,0.0008878646,0.1200288474,0.3206264914,635.0,1800.0
0.588352686757844,0.005691670833333333,0.085270734,0.3216414361666667,635.0,1800.0
0.6488803392638485,0.2708357805,0.073559382,0.3119381095,635.0,1800.0
0.6873563993576285,0.6488692763333334,0.03981817666666667,0.3335261196666666,635.0,1800.0
0.689736613042324,0.821693661,0.06362411933333334,0.35824411966666664,635.0,1800.0
0.6906214220882024,0.6358747465,0.099276735,0.4359649115,635.0,1800.0
0.68579165672407,0.34906168049999997,0.115158692,0.5212451725,635.0,1800.0
0.6669310938527861,0.027631595499999998,0.20756689225,0.7083753745,635.0,1800.0
0.6331460922702818,0.0,0.258707311,0.700226922142857,635.0,1800.0
0.7898287254836651,0.15524533033333335,0.24379310033333335,0.633214795,635.0,1800.0
0.8212302972085828,0.480472514,0.2230832845,0.767706093,635.0,1800.0
0.8157947955041729,0.6012661592,0.28774355739999996,0.7597636042,635.0,1800.0
0.807406514894017,0.3030354116666667,0.311814466,0.8127168996666666,635.0,1800.0
0.7676773574389895,0.02229539825,0.21350112875,0.81810101125,635.0,1800.0
0.6388527754155191,0.0,0.23678029514285712,0.8722929084285713,635.0,1800.0
0.8030161991810002,0.09695982566666667,0.315544355,0.8978610806666666,635.0,1800.0
0.8375070167366067,0.2813661545,0.4424068525,0.9026249725,635.0,1800.0
0.8236786796873771,0.33870498033333335,0.3664869293333333,0.7921509358333334,635.0,1800.0
0.8127984036248772,0.168511785,0.2098415205,0.6808514335,635.0,1800.0
0.7927492114962899,0.026243716,0.14201859300000003,0.6403341755,635.0,1800.0
0.6946447729007871,0.0,0.16966934725,0.60653783975,635.0,1800.0
0.6309269445426426,0.0,0.3714835884,0.6842177654,635.0,1800.0
0.7950781062870349,0.109102302,0.5391119619999999,0.7176713389999999,635.0,1800.0
0.8290447014005886,0.3883676805,0.6506111685,0.7218238379999999,635.0,1800.0
0.8256216438154387,0.572993683,0.6343331585,0.686670966,635.0,1800.0
0.8198643517143505,0.5697454183333334,0.6560282906666667,0.7385796883333334,635.0,1800.0
0.8178602821603939,0.32620831,0.4792078583333333,0.7393838439999999,635.0,1800.0
0.7739976650519668,0.028693403500000002,0.23893270475,0.745710086,635.0,1800.0
0.6418012938972921,0.0,0.2850768527142857,0.721699878,635.0,1800.0
0.808771029266337,0.12888029666666667,0.38770677200000003,0.7574998296666667,635.0,1800.0
0.8480174425116587,0.3970261725,0.4372839675,0.780581492,635.0,1800.0
0.834471890402163,0.5767435221666667,0.437246609,0.82423663,635.0,1800.0
0.8262896365107317,0.301003649,0.3632697415,0.8429745825,635.0,1800.0
0.7774502098242899,0.03140670125,0.204782316,0.81992207875,635.0,1800.0
0.6525920293716457,0.0,0.150129919,0.7093212791666667,635.0,1800.0
0.7494249585900649,0.0247089685,0.1438497855,0.513849913,635.0,1800.0
0.8393785500405464,0.242760952,0.0945410025,0.4525623265,635.0,1800.0
0.8376369222851786,0.553323774,0.09504473599999999,0.3567877115,635.0,1800.0
0.8206160671293764,0.6390007322000001,0.0853888448,0.1537045644,635.0,1800.0
0.8103707795390431,0.3941041905,0.068318363,0.1003745585,635.0,1800.0
0.8000142647118043,0.15936716950000002,0.07415463550000001,0.1578904255,635.0,1800.0
0.7584024870939121,0.0026280626666666668,0.17569319066666667,0.29133491966666664,635.0,1800.0
0.5988978989060142,0.007361573375,0.22376826862500002,0.372657037375,635.0,1800.0
0.6559104638807856,0.226321407,0.156379155,0.2445616195,635.0,1800.0
0.6982659428850722,0.496821008,0.1600647375,0.20466611099999998,635.0,1800.0
0.6917036438797513,0.643815268,0.14332816075,0.2332134805,635.0,1800.0
0.6907067329721411,0.43783427399999997,0.134101117,0.236281659,635.0,1800.0
0.6879594468457411,0.234620823,0.073148758,0.186773723,635.0,1800.0
0.669971082639065,0.0153991198,0.0631493162,0.092380197,635.0,1800.0
0.5952239228749617,0.0063344877142857145,0.05733748728571429,0.06637944642857144,635.0,1800.0
0.6575442989261346,0.21759761,0.054598774,0.0347495255,635.0,1800.0
0.700893757451852,0.5037694385,0.0542070885,0.058179656499999996,635.0,1800.0
0.6933023018932595,0.641833986,0.08171797075,0.21176411724999997,635.0,1800.0
0.6883356600194129,0.521653297,0.14188543399999998,0.5047613555,635.0,1800.0
0.6859828445589138,0.299983826,0.2069786125,0.71881525,635.0,1800.0
0.670665942882421,0.027116489,0.42436064674999996,0.861017607,635.0,1800.0
0.6267486368889666,0.0,0.5005925700000001,0.9261152395,635.0,1800.0
0.7439807120072004,0.06424220533333333,0.534103121,0.907858776,635.0,1800.0
0.8244802859233773,0.29873138,0.497432645,0.8490182264999999,635.0,1800.0
0.8224667527374647,0.4648096965,0.481352415,0.6991943015,635.0,1800.0
0.8235440347557219,0.56188441625,0.5203859169999999,0.5464517145000001,635.0,1800.0
0.828113389674819,0.444539625,0.5006380765,0.5800895395,635.0,1800.0
0.8151856961433935,0.13099892533333332,0.3878328736666667,0.631156968,635.0,1800.0
0.7434648681736051,0.0,0.4178137885,0.6457137875000001,635.0,1800.0
0.6362657998681996,0.0,0.5408906334285714,0.7550822175714285,515.0,1459.2857142857142
0.7956714669964325,0.11903361566666666,0.5777806426666667,0.8502910383333333,467.0,1323.0
0.841232171508796,0.3116658715,0.5999055365,0.804784775,467.0,1323.0
0.8291065796212695,0.4065563434,0.5097481596000001,0.8252556188,467.0,1323.0
0.8208042498401884,0.341108229,0.392377964,0.798715185,467.0,1323.0
0.8053277207814006,0.11810142066666666,0.22589513633333333,0.771090588,467.0,1323.0
0.7357569182418918,0.0,0.16074346299999998,0.7525339835,467.0,1323.0
0.6562928005818529,0.0,0.14415275285714285,0.7063835384285715,467.0,1323.0
0.7840394110493775,0.132852168,0.152646618,0.6786302995,467.0,1323.0
0.8358846769418922,0.404805337,0.108852324,0.6600105255,467.0,1323.0
0.824931123294902,0.6725660485,0.14104670775,0.6507274885000001,467.0,1323.0
0.8139146791584132,0.5476165056666668,0.140513471,0.600825837,467.0,1323.0
0.8074043299337466,0.24714006300000002,0.1449759805,0.581195756,467.0,1323.0
0.7883370449654119,0.0526488585,0.16205203899999998,0.636239738,467.0,1323.0
0.6736203991602607,0.0,0.15205866980000002,0.5800469693999999,467.0,1323.0
0.6333927463236236,0.0,0.13485970275,0.45683569025,467.0,1323.0
0.7697916433750331,0.110162432,0.146475283,0.329481384,467.0,1323.0
0.8314859900218203,0.3946262775,0.12270917249999999,0.299510865,467.0,1323.0
0.8190581444573044,0.6353524085,0.11663725216666666,0.29080422333333333,467.0,1323.0
0.8089990483575056,0.35524127833333335,0.16190637333333333,0.17233879,467.0,1323.0
0.7630855784247511,0.03730783425,0.23819230624999999,0.1120789485,467.0,1323.0
0.6499262497862555,0.0,0.1960051802857143,0.070493469,467.0,1323.0
0.7818208173702068,0.131927569,0.156034504,0.0445758575,467.0,1323.0
0.8277244738166557,0.505577987,0.13138561633333334,0.026090452,467.0,1323.0
0.8159868746225222,0.7830117928,0.14738872660000002,0.028131629599999996,467.0,1323.0
0.8077712408702222,0.535596042,0.21301934849999998,0.08286855100000001,467.0,1323.0
0.7906440732517414,0.166602066,0.24827448499999996,0.10300401600000002,467.0,1323.0
0.7369707993829762,0.0,0.323318113,0.15819693299999998,467.0,1323.0
0.5986823552561621,0.0,0.26410301642857137,0.19724150614285715,467.0,1323.0
0.621794513106426,0.1621373325,0.2057316205,0.143892238,467.0,1323.0
0.6778461466306787,0.4814091035,0.16398586650000002,0.1162722445,467.0,1323.0
0.6915526416830826,0.748209243,0.174177766,0.10721396350000001,467.0,1323.0
0.6901515769210889,0.8529244072500001,0.2151761345,0.15867820375,467.0,1323.0
0.6895511799635516,0.5693879315,0.2422216925,0.268150255,467.0,1323.0
0.6762689087728337,0.176300888,0.2692425506666667,0.33980916066666667,467.0,1323.0
0.6428578352236188,0.0,0.31236050975,0.42239780725,467.0,1323.0
0.5826244580064869,0.000206377,0.25471396679999997,0.3086918936,467.0,1323.0
0.6180405291538307,0.1751919355,0.162474304,0.218864367,467.0,1323.0
0.6730656839853418,0.5045685295,0.0880355275,0.18635438650000002,467.0,1323.0
0.6904760521378248,0.807080038,0.0902962205,0.1463501055,467.0,1323.0
0.6940219425355979,0.8653734100000001,0.1616969884,0.18380755980000002,467.0,1323.0
0.6922243504347253,0.4478776455,0.2092425305,0.2868294305,467.0,1323.0
0.6724556501367511,0.1066976965,0.2809778665,0.4188683675,467.0,1323.0
0.6501589309048055,0.0,0.33566602925,0.54138984825,467.0,1323.0
0.6263546628770513,0.000255109,0.2494786114,0.4913215931999999,467.0,1323.0
0.7640035371368364,0.1801037545,0.175151633,0.3471762645,467.0,1323.0
0.8161225782529866,0.523481005,0.097458986,0.2469038115,467.0,1323.0
0.8197832414024472,0.818833985,0.110090135,0.1512483305,467.0,1323.0
0.8225817471666776,0.91067785625,0.15737681675,0.18197793674999999,467.0,1323.0
0.8143492974612588,0.5276985673333333,0.19802454833333336,0.27089011366666665,467.0,1323.0
0.7601956337467984,0.0540223205,0.30156520750000004,0.434894149,467.0,1323.0
0.619175825562449,0.0,0.3143843512,0.5381481555999998,467.0,1323.0
0.6546954287505979,0.0007669485,0.261166345,0.5293093455,467.0,1323.0
0.7614769604986855,0.1814349975,0.19954906449999998,0.494725694,467.0,1323.0
0.8182090660681666,0.6002774793333333,0.12062081666666667,0.4111589113333333,467.0,1323.0
0.8284677210993957,0.91192269175,0.19655088275,0.41036028525,467.0,1323.0
0.8241293938310753,0.742537833,0.21864316649999999,0.44104922599999996,467.0,1323.0
0.8171252596032226,0.42906955300000005,0.2138136405,0.4370165105,467.0,1323.0
0.7607279733179133,0.054067925,0.2819868965,0.5085642850000001,467.0,1323.0
0.6201670334796173,0.0,0.259084197,0.5469294908333334,467.0,1323.0
0.7301110888306804,0.11017097633333334,0.1311276663333333,0.37232429466666667,467.0,1323.0
0.8163522436590807,0.4951553195,0.0532199305,0.3030172875,467.0,1323.0
0.8225181793383907,0.756836351,0.061371553499999995,0.3179474055,467.0,1323.0
0.826484078753259,0.73473670575,0.12004430799999999,0.40124005625000003,467.0,1323.0
0.8181522691422196,0.43533409749999996,0.128800994,0.3896665265,467.0,1323.0
0.7927457953624405,0.13421133100000002,0.14498356733333334,0.4178125986666667,467.0,1323.0
0.6708584096597155,0.0,0.1697330152,0.5209680962000001,467.0,1323.0
0.6266929246827292,0.0004912825,0.158222693,0.42546760875,467.0,1323.0
0.7801054260397956,0.21392721699999998,0.134490049,0.3245248703333333,467.0,1323.0
0.819290118438136,0.518815017,0.116714214,0.35840837400000003,467.0,1323.0
0.8151540952924439,0.5715351792,0.1625052246,0.5014301626,467.0,1323.0
0.8075641491891137,0.2699498785,0.29190114349999996,0.542050309,467.0,1323.0
0.790563748151305,0.07708829433333333,0.27295009766666667,0.395874161,467.0,1323.0
0.7372947087238344,0.0,0.20878349699999998,0.304702825,467.0,1323.0
0.6224393312971677,0.0,0.1329330374,0.23547301340000004,467.0,1323.0
0.684252134667465,0.019496721666666668,0.10595635566666667,0.23727395266666665,467.0,1323.0
0.8126010529626118,0.198535767,0.071253388,0.20534505349999999,467.0,1323.0
0.8255473200371954,0.354279774,0.043976536499999996,0.136353536,467.0,1323.0
0.8159752413412564,0.39650911359999996,0.026054985200000002,0.0794684888,467.0,1323.0
0.8075074601910794,0.2363443315,0.024288803,0.138981886,467.0,1323.0
0.7895470639000662,0.083265206,0.04883770466666667,0.20684424866666665,467.0,1323.0
0.658833999812497,0.0,0.0978724424,0.3294769926,467.0,1323.0
0.5809014043819711,0.000462716,0.0758284005,0.31916599875,467.0,1323.0
0.6299708274166164,0.17215100133333336,0.052324204000000006,0.259498639,467.0,1323.0
0.68843278917549,0.47620792599999995,0.0357977045,0.23190076399999998,467.0,1323.0
0.6910250685598808,0.6374321997500001,0.059108359,0.24318032,467.0,1323.0
0.6910899711813804,0.43144506866666665,0.09341440500000002,0.294410974,467.0,1323.0
0.6810625745147924,0.162940864,0.1486629535,0.4773006305,467.0,1323.0
0.6636540680801385,0.009365937666666666,0.280906147,0.6675874496666667,467.0,1323.0
0.5904397275035492,0.0003969761428571429,0.23719211514285715,0.650824662,467.0,1323.0
0.6143975695181996,0.1371822715,0.170636952,0.5793306855,467.0,1323.0
0.6720207857759397,0.3875236415,0.1124903,0.497003846,467.0,1323.0
0.6903331837068032,0.6345085763999999,0.1455863342,0.4456342426,467.0,1323.0
0.6906412497824277,0.4863649095,0.2627436145,0.555790831,467.0,1323.0
0.687288176544339,0.252169878,0.3033322505,0.6776209790000001,467.0,1323.0
0.6730063171267774,0.0646742195,0.335566017,0.6547777695,467.0,1323.0
0.6511533372275535,0.0,0.32948028425,0.65475126,467.0,1323.0
0.6252508918692656,0.0007870424000000001,0.2902337696,0.6640121698,467.0,1323.0
0.7620602882204854,0.145091168,0.24190589150000003,0.6129381375,467.0,1323.0
0.818009068576027,0.375865938,0.179841233,0.5555922805,467.0,1323.0
0.8161233628016413,0.6281405171666666,0.2676580235,0.64183236,467.0,1323.0
0.8106086624902409,0.43921765349999997,0.3510775945,0.737719751,467.0,1323.0
0.7896439155587873,0.15148208433333335,0.35301752966666666,0.7903705163333333,467.0,1323.0
0.6708666081953666,0.0,0.32085211999999996,0.7100445028,467.0,1323.0
0.6303885112389593,0.00102739775,0.2405637465,0.5130141340000001,467.0,1323.0
0.7632417624868515,0.1602423645,0.16699026449999999,0.35197986049999996,467.0,1323.0
0.8169821510574509,0.497480106,0.12599892599999998,0.237443517,467.0,1323.0
0.8186024751299318,0.706771446,0.153166455,0.215842562,467.0,1323.0
0.8118147115114898,0.5374017766666667,0.16693842300000003,0.30028954299999994,467.0,1323.0
0.8036962097653593,0.246193502,0.15342169649999998,0.438294932,467.0,1323.0
0.7831833924646283,0.0708638425,0.15467678699999998,0.545800515,467.0,1323.0
0.6710661659293162,0.0,0.1414663086,0.5269440524,467.0,1323.0
0.6301615114148,0.0008044155,0.13729095225,0.4978693905,467.0,1323.0
0.7635550078429403,0.0951723335,0.1267737565,0.5228586390000001,467.0,1323.0
0.8176475892746966,0.29042506633333337,0.10882672066666667,0.6372280983333334,467.0,1323.0
0.8160241102163555,0.51008858825,0.14188107375,0.72239066,467.0,1323.0
0.808887393341635,0.453107788,0.2211355605,0.7065814589999999,467.0,1323.0
0.8042932480880014,0.2605353205,0.2256783495,0.720870479,467.0,1323.0
0.7598829536037753,0.0377015625,0.27503789525,0.8011542035000001,467.0,1323.0
0.6207425103195792,0.0,0.28686944200000003,0.8054953963999999,467.0,1323.0
0.6830107549303301,0.02612935133333334,0.31485040933333336,0.7546837750000001,467.0,1323.0
0.8129756733986739,0.17609140150000002,0.28801194350000003,0.6959296225,467.0,1323.0
0.8281813428340297,0.3567068055,0.24484822299999998,0.6762800095,467.0,1323.0
0.8163941146297233,0.6077481309999999,0.23271115179999996,0.6817070138,467.0,1323.0
0.8079753777347418,0.4357866405,0.2730539245,0.7155589805,467.0,1323.0
0.7916261655575227,0.149440243,0.2574772166666666,0.6868311563333332,467.0,1323.0
0.6742308622261188,0.0,0.19839644439999998,0.5649707916,467.0,1323.0
0.6341415256962147,0.00133872525,0.1355010175,0.40674005825,467.0,1323.0
0.7695734263918947,0.121540498,0.0959450885,0.30668018799999996,467.0,1323.0
0.836666602075622,0.23831972899999998,0.07882725800000001,0.25966186550000003,467.0,1323.0
0.8268077988612468,0.5196904068,0.0627363766,0.2485214628,467.0,1323.0
0.8130712326841608,0.5315786149999999,0.06750242449999999,0.247639966,467.0,1323.0
0.8088565553432888,0.3089729055,0.0710426335,0.210722595,467.0,1323.0
0.7629625399415161,0.042324341249999994,0.08881431325,0.19990297325,467.0,1323.0
0.6109150989096186,0.0,0.055849735333333324,0.10432778466666666,467.0,1323.0
0.5865787635243879,0.00129204825,0.03846872325,0.07749666675,467.0,1323.0
0.6206841544749081,0.118037629,0.027393945500000003,0.06445187349999999,467.0,1323.0
0.6840895219681749,0.2780741785,0.0200592055,0.0559550675,467.0,1323.0
0.7002068838894977,0.4308033325,0.026045424499999997,0.056858929,467.0,1323.0
0.6934347576115997,0.4943297582499999,0.045446285,0.0671134575,467.0,1323.0
0.6883092693801615,0.297904458,0.060505792999999995,0.08606624166666667,467.0,1323.0
0.6741361338021814,0.08198182400000001,0.1013277145,0.1180001505,467.0,1323.0
0.6458626819513402,0.0,0.1393931075,0.16752332475,467.0,1323.0
0.5894201360019622,0.019518695833333332,0.14821848249999997,0.17254563833333333,467.0,1323.0
0.6618522888402237,0.3606464486666667,0.11019701333333333,0.17524122966666666,467.0,1323.0
0.6906514864190599,0.7573103022500001,0.13932829075,0.169899043,467.0,1323.0
0.6903630423339084,0.7412560135,0.18931972349999998,0.2663448225,467.0,1323.0
0.689788532333619,0.5313205875,0.2312120765,0.4592695035,467.0,1323.0
0.6762845272784656,0.17776431366666667,0.285355609,0.661790142,467.0,1323.0
0.641865707198349,0.0,0.388860456,0.6701565774,467.0,1323.0
0.6306337802539821,0.00239687575,0.34395636350000003,0.5841961394999999,467.0,1323.0
0.7612069937936954,0.1846158435,0.2837713355,0.565007034,467.0,1323.0
0.8168735119473564,0.5692306336666667,0.23301134066666665,0.5170565853333334,467.0,1323.0
0.8198923641444777,0.8380839337999999,0.26257826079999996,0.6514616472,467.0,1323.0
0.8137021556212218,0.5343334675,0.2451660645,0.740504635,467.0,1323.0
0.7905610089696037,0.18176803166666666,0.248926648,0.8063030213333334,467.0,1323.0
0.7075982646610063,0.0,0.286891813,0.7557600713333334,467.0,1323.0
0.6248512750767646,0.0017654984999999998,0.17003410583333334,0.4532775541666667,467.0,1323.0
0.7607188097741607,0.174864281,0.08187744400000001,0.28925572,467.0,1323.0
0.8159739303650941,0.464811984,0.0426067705,0.21479219700000002,467.0,1323.0
0.8206240719780594,0.72506507075,0.0502392995,0.22360423675,467.0,1323.0
0.8149422579425832,0.6098709885,0.040767937500000004,0.388959575,467.0,1323.0
0.8076607245656349,0.3957713225,0.05881937449999999,0.5406612160000001,467.0,1323.0
0.7891454063619633,0.13073585133333335,0.10920283266666668,0.6705090153333333,467.0,1323.0
0.7348855041878013,0.0,0.18559893649999998,0.660226003,467.0,1323.0
0.6267619332543054,0.0014237791428571428,0.14255203800000002,0.4642278174285715,467.0,1323.0
0.7590744725696299,0.131372967,0.1165173655,0.49083652749999995,467.0,1323.0
0.8163111118565538,0.3551856285,0.0830628245,0.427765448,467.0,1323.0
0.8167481458887687,0.6138833695,0.12703128733333333,0.39572234233333337,467.0,1323.0
0.8099362382328761,0.404336141,0.199403992,0.5339596879999999,467.0,1323.0
0.7898998180526503,0.134001284,0.257359529,0.624730519,467.0,1323.0
0.7347807579944333,0.0005774915,0.3188630185,0.659132314,467.0,1323.0
0.620038874628872,0.0,0.28222214100000004,0.664995178,467.0,1323.0
0.6987067166139371,0.051159000999999996,0.2536427675,0.6763942685,467.0,1323.0
0.8015663891694214,0.23081204849999998,0.1933172675,0.6828426354999999,467.0,1323.0
0.8183003169641742,0.46801386566666664,0.20033677633333333,0.6576432423333333,467.0,1323.0
0.8172846404083489,0.5616568117499999,0.24079372500000001,0.7464547565,467.0,1323.0
0.8086056547613573,0.37471426350000003,0.2315049105,0.7699731165,467.0,1323.0
0.7889844481743755,0.116574319,0.22526515833333335,0.786133525,467.0,1323.0
0.7347630082163155,0.0005264755,0.245915692,0.7783897835,467.0,1323.0
0.6267810714439829,0.0019139654285714285,0.2073541202857143,0.698109623,467.0,1323.0
0.7588013432564398,0.139657554,0.143457831,0.611030576,467.0,1323.0
0.8177530893064228,0.4568402616666667,0.10832322999999999,0.5487272683333333,467.0,1323.0
0.8234118119827137,0.64303906,0.109839817,0.5419343235999999,467.0,1323.0
0.8152400617638855,0.400299964,0.1102041525,0.5322318914999999,467.0,1323.0
0.7932229151691322,0.15559780833333334,0.13133903366666666,0.5490976626666667,467.0,1323.0
0.6781878175808518,0.00034957375,0.1625379475,0.570799017,467.0,1323.0
0.5814049492830996,0.023147908999999998,0.10511046966666669,0.45613527783333335,467.0,1323.0
0.6438933621473684,0.3214379255,0.046752854999999996,0.406534855,467.0,1323.0
0.6947789483404989,0.6895262893333333,0.042756772666666665,0.34478852699999996,467.0,1323.0
0.7110250614677908,0.7427510245,0.05178120075,0.436359754,467.0,1323.0
0.7100408458985036,0.458197858,0.0584565015,0.532395309,467.0,1323.0
0.6874295230039955,0.16918167333333334,0.11477767166666668,0.607948598,467.0,1323.0
0.6341840796053041,0.0003328252,0.1770897552,0.6810639502,467.0,1323.0
0.5776828184974713,0.00307686775,0.1435876205,0.622418714,467.0,1323.0
0.6141644415482646,0.165656847,0.1001606055,0.5864605995,467.0,1323.0
0.6739415987990931,0.4039365605,0.05904635,0.5846344735,467.0,1323.0
0.7040086551071764,0.6659100666666667,0.06030824516666666,0.5676570443333333,467.0,1323.0
0.6947314688964277,0.3996063675,0.0597011555,0.5861970595,467.0,1323.0
0.6792621952004311,0.12668957166666667,0.10394982199999998,0.629255453,467.0,1323.0
0.6324389330010342,0.00023163171428571428,0.1685225818571429,0.5295405055714286,467.0,1323.0
0.6729082647838364,0.04089126566666667,0.11871687266666668,0.335627505,467.0,1323.0
0.8029370436126122,0.29713862,0.064561907,0.284164441,467.0,1323.0
0.8294265696875711,0.5902181805,0.04881739,0.21965707950000002,467.0,1323.0
0.8429584034634161,0.793945685,0.064916103,0.19006867325000001,467.0,1323.0
0.8394345467312843,0.6249306325,0.110458005,0.2863935405,467.0,1323.0
0.8321260074044667,0.3204238355,0.1389551675,0.513349389,467.0,1323.0
0.8009979724012772,0.0964867525,0.19907803000000002,0.71183084,467.0,1323.0
0.6873306704921267,0.0003733462,0.2524673978,0.7311296834000001,467.0,1323.0
0.6288865667154552,0.00474552225,0.209986737,0.5282141057499999,467.0,1323.0
0.779086033759027,0.24645845733333335,0.138890139,0.6344170623333333,467.0,1323.0
0.8311460850352137,0.5950792105,0.11821978450000001,0.628533997,467.0,1323.0
0.8401623676686831,0.7813446452500001,0.1399051465,0.65404663625,467.0,1323.0
0.8278100464009271,0.551726544,0.19537539199999998,0.7234257470000001,467.0,1323.0
0.8129783047629313,0.271935656,0.1855498495,0.7358777405,467.0,1323.0
0.7625016155632032,0.04192435975,0.17791411699999998,0.6589537657500001,467.0,1323.0
0.6289219515057661,0.0028791114285714285,0.124811649,0.4652028322857143,467.0,1323.0
0.7768440195018734,0.22470736633333332,0.06011214933333334,0.3115060436666666,467.0,1323.0
0.8268784115542316,0.5212918205,0.0298767535,0.2073353775,467.0,1323.0
0.8340618743829984,0.695798815,0.0391742738,0.19105235839999998,467.0,1323.0
0.8242817813051491,0.46191398499999997,0.055026954,0.248410317,467.0,1323.0
0.8009123229307958,0.15723588833333332,0.070898069,0.306811623,467.0,1323.0
0.7408485255596124,0.0011554485,0.10054060100000001,0.3534641205,467.0,1323.0
0.6237227201858141,0.0,0.07293093416666666,0.3093614038333333,467.0,1323.0
0.695962384641314,0.070367213,0.051377617,0.27331118,467.0,1323.0
0.8019019089908073,0.3003533265,0.020869177,0.27395162549999996,467.0,1323.0
0.8246820688105265,0.5581370999999999,0.0236607925,0.277781414,467.0,1323.0
0.8310545508753847,0.704274116,0.0446101778,0.29776857479999996,467.0,1323.0
0.8270984287351842,0.3951374595,0.06441665999999999,0.44833520250000003,467.0,1323.0
0.8016015815122229,0.117859792,0.08335228933333333,0.50559172,467.0,1323.0
0.6771050765356321,0.00045366319999999994,0.12825392959999998,0.4247882796,473.8,1342.4
0.6238436273910397,0.00441144425,0.12934979824999998,0.31451581525,501.0,1420.0
0.7553068935112104,0.12120702800000001,0.093497304,0.1888020275,501.0,1420.0
0.8153031217123584,0.317234544,0.08498186299999999,0.2378806045,501.0,1420.0
0.8175482136272874,0.497225116,0.07074360633333333,0.24679003983333334,501.0,1420.0
0.8071388869217175,0.3272998195,0.086439157,0.23945961449999997,501.0,1420.0
0.7853468513298006,0.10413923433333333,0.07782578,0.2571697863333333,501.0,1420.0
0.7305779678581639,0.000757791,0.09294844399999999,0.268050778,501.0,1420.0
0.5888995065557138,0.0023542794285714287,0.1163482657142857,0.21327435157142854,501.0,1420.0
0.6122362652454542,0.0963214065,0.10261811700000001,0.1999347215,501.0,1420.0
0.6702864520363588,0.2348006715,0.1028004565,0.17979248,501.0,1420.0
0.6889199341265023,0.42300847866666663,0.088192011,0.239196717,501.0,1420.0
0.6873394185520797,0.298231615,0.09486768400000001,0.2107338755,501.0,1420.0
0.6735163979191494,0.12000190866666667,0.07124042833333334,0.18144350366666664,501.0,1420.0
0.6583001645726128,0.001208956,0.0580822955,0.16226472749999998,501.0,1420.0
0.5887267280538949,0.0020399212857142857,0.06098317614285715,0.16997845214285714,501.0,1420.0
0.6265081303505076,0.171961577,0.036228271666666666,0.102219888,501.0,1420.0
0.6875297755518865,0.42135195599999997,0.034896409,0.13282101400000002,501.0,1420.0
0.6899965005838031,0.5722514925,0.03323596200000001,0.12893562475,501.0,1420.0
0.6928722615787376,0.5074564850000001,0.0417753125,0.180126059,501.0,1420.0
0.6851167084780173,0.2528978903333333,0.06132372366666666,0.19645570766666665,501.0,1420.0
0.6594766415004514,0.0201852585,0.1066952415,0.183075146,501.0,1420.0
0.6196334165811038,0.003582988666666667,0.09233925966666667,0.2209383465,501.0,1420.0
0.7747048889359308,0.20746694766666665,0.053023698,0.20080609966666665,501.0,1420.0
0.819454877632498,0.4720687385,0.060660431,0.24200473299999997,501.0,1420.0
0.8227600137768156,0.5762246654000001,0.0772936092,0.2990497556,501.0,1420.0
0.8141261714703596,0.42820542549999996,0.1252378845,0.39170623849999997,501.0,1420.0
0.790225550900217,0.17314838666666665,0.15404198933333335,0.4853074963333334,501.0,1420.0
0.7306570930476615,0.0016829,0.16823892099999999,0.4715864165,501.0,1420.0
0.6244140276316605,0.0027727687142857145,0.12224893785714284,0.36405895442857145,501.0,1420.0
0.7562822683262647,0.1319459845,0.068009889,0.305274959,501.0,1420.0
0.8160858933676796,0.3197404053333333,0.04052297433333333,0.21730990799999997,501.0,1420.0
0.8133320592095267,0.6184853568333333,0.0548862155,0.15246104900000002,501.0,1420.0
0.8028594879622989,0.4078812495,0.1059671935,0.203490204,501.0,1420.0
0.7548518898681794,0.07478971150000001,0.18017601675,0.2370414145,501.0,1420.0
0.6173334126852046,0.0,0.1994697418,0.23420855440000002,501.0,1420.0
0.6762196362893192,0.053308600000000005,0.20228125033333333,0.28489922633333337,501.0,1420.0
0.7992040408130958,0.326871737,0.12970029249999998,0.29229020650000004,501.0,1420.0
0.8192195333623244,0.6814303986666667,0.11090826633333334,0.2798295786666667,501.0,1420.0
0.8259204168338153,0.7819581855,0.115103792,0.3341805285,501.0,1420.0
0.8198101552214268,0.5204977980000001,0.10980461,0.40994544450000003,501.0,1420.0
0.7950486383214143,0.197449018,0.14976126833333334,0.5134064043333333,501.0,1420.0
0.6869572387599543,0.00122818625,0.22963276700000002,0.58086563075,501.0,1420.0
0.6189096442041914,0.0060312864,0.16803921119999998,0.35025796220000005,501.0,1420.0
0.7560207494936023,0.1791766595,0.10790404249999999,0.263978022,501.0,1420.0
0.8179531640161786,0.48744039433333336,0.06628973666666667,0.23201897233333332,501.0,1420.0
0.8280065478019777,0.6861668381999999,0.0406958158,0.14598809519999997,501.0,1420.0
0.8186197253686218,0.43770216700000003,0.0381344865,0.1982382185,501.0,1420.0
0.7912453128092313,0.151971475,0.06043000133333334,0.2794817033333334,501.0,1420.0
0.686876775037879,0.00101147625,0.10191117875,0.2727673325,501.0,1420.0
0.6366134057551941,0.021519270000000004,0.058845652,0.20321425916666666,501.0,1420.0
0.7988941883924312,0.244087791,0.014989668,0.1545894055,501.0,1420.0
0.8197736549293051,0.5182943086666666,0.020757666,0.12082797733333334,501.0,1420.0
0.8236586830312866,0.6247100247499999,0.040980669,0.1836572555,501.0,1420.0
0.8169865366645463,0.39918231049999997,0.075009522,0.348338168,501.0,1420.0
0.7919180448323733,0.13520392133333334,0.11364007833333334,0.4358752273333333,501.0,1420.0
0.732251319333395,0.0016639975,0.1611588715,0.4243925505,501.0,1420.0
0.5910718382343172,0.015572751874999999,0.11365063425000001,0.33844730037500004,501.0,1420.0
0.6423589644682874,0.247192124,0.0407025815,0.283537744,501.0,1420.0
0.6887820195977182,0.4682188665,0.029434023,0.2833598865,501.0,1420.0
0.7018789499510221,0.6051968638333334,0.0372703815,0.26197934166666664,501.0,1420.0
0.701763186052131,0.3046814885,0.057533592999999994,0.41113287249999997,501.0,1420.0
0.656360585779729,0.032279019666666665,0.07654545933333333,0.3775910005,501.0,1420.0
0.5799213550400028,0.01698803133333333,0.052242790000000004,0.39436377316666665,501.0,1420.0
0.6422293129756147,0.19909955000000001,0.032153266,0.34354843999999995,501.0,1420.0
0.6927756356296488,0.43684159959999996,0.0330411404,0.2800709502,501.0,1420.0
0.6938577926644504,0.4018407955,0.092112425,0.38931622625,501.0,1420.0
0.6691274364771849,0.0833102014,0.0975780376,0.34478187299999996,501.0,1420.0
0.6184976600593343,0.0,0.11062766483333332,0.4080271306666667,501.0,1420.0
0.7468851215993688,0.13787242049999998,0.088046739,0.39449440550000003,501.0,1420.0
0.8179796160207888,0.51011459675,0.07513941925,0.31578385200000003,501.0,1420.0
0.8150530515235891,0.6314680896666667,0.11483408766666665,0.5124857286666666,501.0,1420.0
0.8073939890699027,0.386978982,0.12932909450000002,0.605404126,501.0,1420.0
0.7636881865567795,0.07333158540000001,0.176218732,0.6704913718000001,501.0,1420.0
0.6183776183707915,0.0,0.14717146533333336,0.5841733341666666,501.0,1420.0
0.7487395506710894,0.095024595,0.13217139725,0.57627350375,501.0,1420.0
0.8193316504687361,0.26431506866666665,0.10382001033333334,0.42022863466666666,501.0,1420.0
0.8138594361403305,0.376003704,0.123051027,0.483971154,501.0,1420.0
0.8031254231123532,0.2078712616666667,0.15593323333333334,0.5163476913333334,501.0,1420.0
0.7555383710457376,0.03080238175,0.14935607375,0.5710656889999999,501.0,1420.0
0.6199062148085753,0.0,0.166201489,0.600741413,501.0,1420.0
0.7005051490280603,0.0238127255,0.2099620225,0.612141891,501.0,1420.0
0.8026261754323192,0.11173325449999999,0.2473303095,0.5387312639999999,501.0,1420.0
0.8203240984411662,0.21889730075000002,0.2232689475,0.44759782649999996,501.0,1420.0
0.811904969459654,0.25594965325,0.2343484635,0.44564116649999996,501.0,1420.0
0.8022347974479359,0.1554569465,0.1930748085,0.4412969215,501.0,1420.0
0.7556768974606098,0.031394309,0.1160471025,0.42221741925,501.0,1420.0
0.6188093114118419,0.0,0.084575931,0.5975250683999999,501.0,1420.0
0.6792591945614282,0.028182922333333336,0.09478884633333333,0.6854791926666666,501.0,1420.0
0.8005022638067476,0.204923246,0.08846879199999999,0.712713129,501.0,1420.0
0.817809286055963,0.4161648313333333,0.11018247799999999,0.7345130759999999,501.0,1420.0
0.8133742530028298,0.468350395,0.130056626,0.74237598725,501.0,1420.0
0.7982683898218472,0.22665112450000002,0.128902926,0.724425221,501.0,1420.0
0.7453947293891022,0.015418232666666665,0.10626639066666665,0.5100698170000001,501.0,1420.0
0.6195581116199331,0.0,0.07381787775,0.2398894605,501.0,1420.0
0.6554804928632745,0.02042042625,0.031257942,0.10807892449999999,501.0,1420.0
0.7992611917912026,0.18936325250000002,0.009358348499999999,0.071787935,501.0,1420.0
0.8177849422911162,0.4178076546666667,0.01108141,0.056196021000000006,501.0,1420.0
0.8152722149472512,0.43662636225,0.018439475,0.036646871,501.0,1420.0
0.8067816085238287,0.24513548500000001,0.020880675666666664,0.056292350666666664,501.0,1420.0
0.7801589146493373,0.0878101065,0.0370916095,0.060035018999999995,501.0,1420.0
0.6756511541678969,0.00129175975,0.060796839000000005,0.106415379,501.0,1420.0
0.5797396460044665,0.016589809666666667,0.05312987516666665,0.18141633566666668,501.0,1420.0
0.6563458362760674,0.24509327766666666,0.02840490633333333,0.19064846433333335,501.0,1420.0
0.6904656418444077,0.49345409725000006,0.05121652025,0.220636803,501.0,1420.0
0.691081861674658,0.3922027653333333,0.08418143666666666,0.287701579,501.0,1420.0
0.6783286177065422,0.16098013849999998,0.06646930200000001,0.34876080575,501.0,1420.0
0.6394566709702065,0.0014251035,0.07721517274999999,0.4589826265,501.0,1420.0
0.5793994406976722,0.019110163666666666,0.11489391300000001,0.5846839205000001,501.0,1420.0
0.6416100234523818,0.22383060300000002,0.1340057935,0.5114714355,501.0,1420.0
0.6872783665930318,0.3955247015,0.17119581699999997,0.5406339195000001,501.0,1420.0
0.6888700354180635,0.4937207956,0.1853204868,0.46991347240000003,501.0,1420.0
0.6853821205588124,0.25209392933333336,0.18043307266666664,0.493514168,501.0,1420.0
0.669127367067496,0.0698755585,0.111607717,0.48085063,501.0,1420.0
0.6320558533995874,0.002548016222222222,0.09853075211111112,0.518532619111111,501.0,1420.0
0.7562060058224667,0.114208187,0.10174551300000001,0.6124763135,501.0,1420.0
0.8159990740337438,0.27946316499999996,0.147711018,0.6461936563333334,501.0,1420.0
0.8160019978086301,0.29773212525,0.18208685549999998,0.59963775125,501.0,1420.0
0.8051753491595841,0.17331814875,0.18516796925,0.62198621075,501.0,1420.0
0.7548626806157738,0.034506302499999995,0.14868948125,0.6781411655,501.0,1420.0
0.61794656240711,0.0,0.21055824233333334,0.8063192915,501.0,1420.0
0.7468628356342808,0.108897383,0.187623596,0.7559505065,501.0,1420.0
0.817735500812596,0.297944601,0.19784440650000001,0.574617852,501.0,1420.0
0.8135652486773828,0.2752134158333333,0.15389147383333332,0.385681828,501.0,1420.0
0.802811015846556,0.203247905,0.12921185400000001,0.380674587,501.0,1420.0
0.7796767088640391,0.09176824850000001,0.09267112250000001,0.3827474745,501.0,1420.0
0.6691257838611252,0.0011475482,0.075860741,0.4697163984,501.0,1420.0
0.6224245588115993,0.00584629425,0.072671937,0.59211405375,501.0,1420.0
0.7554060303253064,0.1306938365,0.068080592,0.627125294,501.0,1420.0
0.8152259816452665,0.3783748735,0.0843890875,0.689080719,501.0,1420.0
0.8204883038559723,0.5183036615,0.119431059,0.7469782985,501.0,1420.0
0.8260358082875096,0.5040147514,0.1472314854,0.7968418276,501.0,1420.0
0.8200044592676197,0.359680282,0.1304171535,0.8128845915,501.0,1420.0
0.7921388778246208,0.1474234975,0.1018904615,0.7826921195000001,501.0,1420.0
0.6879492099605541,0.0022613965,0.1128317935,0.63822229275,501.0,1420.0
0.607671342120413,0.0,0.10794677725,0.41846479849999996,501.0,1420.0
0.69404808056609,0.0613164345,0.148811437,0.575309242,501.0,1420.0
0.7991204843929327,0.2090661895,0.19447889000000002,0.6169965675,501.0,1420.0
0.8178100091840246,0.358492637,0.390347981,0.7167062755,501.0,1420.0
0.815227551582138,0.5410718529999999,0.5827710967999999,0.8531261312,501.0,1420.0
0.8062902395814184,0.3775585856666666,0.6746873173333334,0.9165408993333334,501.0,1420.0
0.7836049158086554,0.136347407,0.5954218085,0.9083771285,501.0,1420.0
0.6863057382892765,0.002170921,0.48066596149999996,0.8624725915,501.0,1420.0
0.6441518649195984,0.017126787333333334,0.44126807216666664,0.8864907321666665,501.0,1420.0
0.8068013362438873,0.191728497,0.483792412,0.8739861470000001,501.0,1420.0
0.8247244934281628,0.33779482549999995,0.5041492335,0.8386364774999999,501.0,1420.0
0.8185460476665272,0.49120520925,0.4113606935,0.82115055375,501.0,1420.0
0.8072900969099971,0.367347776,0.48499285275,0.8768046555,501.0,1420.0
0.7818781529414989,0.10487761100000001,0.4226109725,0.8516285695,501.0,1420.0
0.657523063418891,0.0011241732,0.35210220259999997,0.7535378682000001,501.0,1420.0
0.5845307710261489,0.0162229436,0.33580095959999995,0.7668725224000001,501.0,1420.0
0.6457113219686699,0.1640299955,0.35295022200000004,0.698330101,501.0,1420.0
0.6939633928912806,0.2660389615,0.40076313750000003,0.6371238260000001,501.0,1420.0
0.6900797342807279,0.297192053,0.3624203906,0.5779026237999999,501.0,1420.0
0.6857358903605562,0.16676766733333334,0.38583834699999997,0.5585277823333333,501.0,1420.0
0.6703180971742073,0.05840042349999999,0.2722315915,0.5247662065,501.0,1420.0
0.6120499474844696,0.0007616092857142857,0.17602218085714286,0.49444276585714286,501.0,1420.0
0.5899862831134891,0.020661579333333333,0.139338536,0.48653624833333337,501.0,1420.0
0.6449650123170216,0.1302177105,0.162769046,0.5297235819999999,501.0,1420.0
0.6936304583687072,0.2550542135,0.18181631250000002,0.48901756,501.0,1420.0
0.6903994122729729,0.24938749183333334,0.17520654116666667,0.43778579133333334,501.0,1420.0
0.6818941257202278,0.09660687833333333,0.18117994633333334,0.473679436,501.0,1420.0
0.6600072039230446,0.0072947870000000005,0.13849478525000003,0.49612353100000006,501.0,1420.0
0.6227140221803305,0.0029599961666666665,0.10564356166666666,0.4397271636666667,501.0,1420.0
0.7592242976119107,0.09482394350000001,0.107277447,0.4125033975,501.0,1420.0
0.8182075579495756,0.19006872366666663,0.09829614633333333,0.3574945866666666,501.0,1420.0
0.8136047343859216,0.3592433698333333,0.10689236633333332,0.34372143166666663,501.0,1420.0
0.8037570539327964,0.23942936450000002,0.144571636,0.417609039,501.0,1420.0
0.7550442780558368,0.0517069865,0.1258720305,0.45225283825,501.0,1420.0
0.6201557233082304,0.0,0.09148818566666668,0.3533330463333333,501.0,1420.0
0.7022449994526331,0.0528033725,0.058787901000000004,0.2563047095,501.0,1420.0
0.8026514733152638,0.175470112,0.0343647755,0.189993706,501.0,1420.0
0.8196122504481993,0.347166325,0.0296947295,0.1388180315,501.0,1420.0
0.8148608986121533,0.5739140685999999,0.0483387424,0.17110062580000002,501.0,1420.0
0.8063913078301354,0.38959955166666665,0.10955662399999999,0.22867491866666667,501.0,1420.0
0.7797036458814441,0.136595658,0.126304222,0.23439178700000002,501.0,1420.0
0.7306011884878132,0.004775943,0.1553942115,0.2249121765,501.0,1420.0
0.6197405246503536,0.0,0.12234678183333332,0.15274701433333335,501.0,1420.0
0.6993371775709257,0.07934296699999999,0.088978952,0.123164575,501.0,1420.0
0.7990610712369394,0.3112576755,0.0546837565,0.114037452,501.0,1420.0
0.8187392437669677,0.618501765,0.09245418966666667,0.13680319433333332,501.0,1420.0
0.8228066578897743,0.6944673087500001,0.1609360745,0.19039902225,501.0,1420.0
0.816119254581433,0.447432233,0.219924796,0.3289146445,501.0,1420.0
0.8001348448247545,0.2313618685,0.200641631,0.445385626,501.0,1420.0
0.7242050103581466,0.028186532,0.226113632,0.4750630735,501.0,1420.0
0.6202463354963511,0.004213785833333333,0.19991548166666664,0.342871637,501.0,1420.0
0.7749185669814285,0.23578388866666666,0.14804806833333334,0.2501656083333333,501.0,1420.0
0.825905644573603,0.5530513435,0.19468659900000002,0.19923418399999998,501.0,1420.0
0.8339261246870892,0.62175260825,0.24578808950000003,0.29985507499999997,501.0,1420.0
0.8283096324465664,0.3958744165,0.289861296,0.4544514555,501.0,1420.0
0.819683481544925,0.2333880265,0.26456795600000005,0.523625984,501.0,1420.0
0.7904145613971301,0.109269635,0.235149508,0.521772272,501.0,1420.0
0.6930427797159344,0.00252297675,0.2443933715,0.5193790905000001,501.0,1420.0
0.6195310941636449,0.0052482936,0.19493841699999997,0.4621132288,501.0,1420.0
0.7747731811235591,0.22657392966666667,0.12314283466666669,0.38177869566666667,501.0,1420.0
0.8261018412799058,0.5575555375,0.106099429,0.3543925985,501.0,1420.0
0.8374811805397232,0.7361108941666666,0.137149347,0.4433312086666667,501.0,1420.0
0.8217544888298702,0.3906494065,0.183090488,0.5131021825,501.0,1420.0
0.7611381977031259,0.082827308,0.21342879725,0.49483912675,501.0,1420.0
0.5893223024896105,0.0037361337142857143,0.19726269757142859,0.3590531242857142,501.0,1420.0
0.6266654571228578,0.267556359,0.13447330633333332,0.27086909366666667,501.0,1420.0
0.6887030329359611,0.6298686490000001,0.1358728435,0.25633894,501.0,1420.0
0.7001288991345949,0.7894521680000001,0.15151861800000002,0.3411911944,501.0,1420.0
0.7004723187268436,0.4916401286666667,0.20461811066666669,0.4586977736666667,501.0,1420.0
0.6745336978124119,0.170095911,0.253910513,0.5341844915,501.0,1420.0
0.6603681020762004,0.005367486,0.3247448715,0.6224624125,501.0,1420.0
0.5883539870627309,0.0,0.3021646396666666,0.5884956206666666,472.3333333333333,1338.0
0.5897363437306986,0.081845938,0.232860316,0.513793984,458.0,1297.0
0.6411824528422324,0.33875297000000004,0.17469704749999998,0.48702512649999996,458.0,1297.0
0.6889632589535143,0.6463771300000001,0.207702243,0.477942735,458.0,1297.0
0.6989089840167719,0.81174402125,0.1983561125,0.46607098124999996,458.0,1297.0
0.7021176639581941,0.6548360823333333,0.21114566433333334,0.4649117956666666,458.0,1297.0
0.6863334827941603,0.31870996949999997,0.2195027175,0.499993405,458.0,1297.0
0.6654618564413363,0.0710864995,0.25994597350000004,0.5410152605,458.0,1297.0
0.6281892371090749,0.00323544,0.239916997125,0.4747060905,458.0,1297.0
0.7536887310901059,0.20995112999999999,0.114087601,0.364025566,458.0,1297.0
0.8132514569431407,0.522197306,0.074676246,0.31065750599999997,458.0,1297.0
0.8260208930255746,0.84701673375,0.08586028975000001,0.30818559425000003,458.0,1297.0
0.8255983771203447,0.8194305755,0.073991501,0.3952179395,458.0,1297.0
0.820122038829942,0.6277656380000001,0.086699905,0.5123804940000001,458.0,1297.0
0.7957346654726458,0.25864406766666664,0.11329903966666666,0.554927479,458.0,1297.0
0.6831327739145716,0.002639824,0.16551309925,0.5314304235,458.0,1297.0
0.6354658159154501,0.028672038,0.11461961583333335,0.42598926433333334,458.0,1297.0
0.7966686239178211,0.34367490300000003,0.0316758835,0.289291794,458.0,1297.0
0.8238189412340038,0.6450769295000001,0.031461816000000004,0.276565945,458.0,1297.0
0.8360478510209842,0.8234081293333332,0.03710450866666666,0.32367121283333333,458.0,1297.0
0.8262227909106328,0.456925566,0.0510369405,0.3815002045,458.0,1297.0
0.7951157143592059,0.16862024850000001,0.0678036365,0.38323739199999995,458.0,1297.0
0.6890970767839746,0.0023197215,0.08048945325000001,0.33124917724999997,458.0,1297.0
0.6341326930890478,0.024562577,0.044458435666666664,0.16928612916666666,458.0,1297.0
0.7970212704738988,0.305214266,0.0160788595,0.109291162,458.0,1297.0
0.826921574544609,0.5754019225,0.015973605000000002,0.08353456149999999,458.0,1297.0
0.837535176863376,0.7362058463333333,0.02898046166666667,0.08636053416666667,458.0,1297.0
0.8276511958455252,0.386974684,0.043478594999999995,0.154289367,458.0,1297.0
0.763300783092346,0.07349754175,0.05544053925,0.1322541985,458.0,1297.0
0.6362323318596268,0.017111387750000002,0.04264089675,0.11964323600000001,458.0,1297.0
0.7968461704156928,0.2654326865,0.0266986165,0.167362912,458.0,1297.0
0.823338420648611,0.469760479,0.039796342,0.2050373735,458.0,1297.0
0.8356953030913555,0.5784566908,0.1009929238,0.2870325288,458.0,1297.0
0.8219263419922638,0.314396795,0.19063688999999998,0.35184639933333334,458.0,1297.0
0.7600067766908993,0.0522629455,0.170146389,0.33475002750000005,458.0,1297.0
0.6354331702626528,0.008060290250000001,0.13772126825,0.417208521875,458.0,1297.0
0.7967109103391229,0.1365297935,0.182492435,0.490345583,458.0,1297.0
0.8156160671459467,0.2955245965,0.180736599,0.429920309,458.0,1297.0
0.819999095062564,0.5573451438,0.19417878,0.3974314448,458.0,1297.0
0.8159584500557967,0.4214036603333333,0.2558476273333333,0.48413134966666665,458.0,1297.0
0.7577690365226961,0.07423090475,0.21585888975,0.5049889485,458.0,1297.0
0.5881531606482405,0.002146359,0.16562223285714286,0.4454906725714286,458.0,1297.0
0.6256624835387424,0.2163869496666667,0.12845240533333332,0.418800394,458.0,1297.0
0.6881016548507308,0.5566509525,0.13960191,0.41814207150000005,458.0,1297.0
0.7040069623953998,0.7695853098333333,0.18583929483333336,0.4275941330000001,458.0,1297.0
0.7033416012853014,0.4434317205,0.229474452,0.467030574,458.0,1297.0
0.6771760998805159,0.1646446085,0.1977183225,0.5121774915,458.0,1297.0
0.6410922484658608,0.001862988,0.18741801375,0.48539674175,458.0,1297.0
0.5750214661957,0.0027453988,0.1386825116,0.3337056748,458.0,1297.0
0.6252453306234126,0.20178461633333333,0.08276213133333332,0.224974597,458.0,1297.0
0.6875398393602494,0.49755819,0.07904365099999999,0.1980767705,458.0,1297.0
0.6977294072490446,0.6941816160000001,0.1050069672,0.17307934679999998,458.0,1297.0
0.7036024045017734,0.44127490666666663,0.13607603833333334,0.22355047399999997,458.0,1297.0
0.6772949951249668,0.150733809,0.136883553,0.2542783055,458.0,1297.0
0.6284134027247853,0.0011170864285714286,0.14809266614285715,0.33943956942857145,458.0,1297.0
0.6684338384513197,0.04258700866666667,0.11745182733333333,0.4501707213333333,458.0,1297.0
0.7966977074523918,0.24286256050000002,0.110550262,0.4731886985,458.0,1297.0
0.817104547275707,0.4676335296666667,0.14004077066666668,0.5061047336666666,458.0,1297.0
0.8195334253469051,0.46538219525,0.21322536325000002,0.58159250075,458.0,1297.0
0.8077105198753775,0.2537113186666667,0.26210229166666665,0.7019521983333333,458.0,1297.0
0.777436995338346,0.0679242375,0.2297251415,0.7459964035,458.0,1297.0
0.6662651602895039,0.000715733,0.14269337540000002,0.6530119272,458.0,1297.0
0.6204820255666731,0.001344382,0.114944057,0.555101908,458.0,1297.0
0.7538878822815918,0.0695581225,0.109705491,0.476573721,458.0,1297.0
0.8130587685015769,0.20950891249999998,0.112795745,0.507047588,458.0,1297.0
0.8145123792548054,0.334836076,0.13792926560000002,0.5707110822,458.0,1297.0
0.8025669468695111,0.28756338825,0.17712621075,0.5815794265,458.0,1297.0
0.7514924808086966,0.048621446,0.1303458985,0.493247989,458.0,1297.0
0.6239869121320091,0.0005895965714285714,0.09510070957142856,0.38462753800000005,458.0,1297.0
0.7546294603823868,0.088926143,0.0919085345,0.41259971100000004,458.0,1297.0
0.8135913467955365,0.27710337133333335,0.10052144033333332,0.4191979663333334,458.0,1297.0
0.8131225301692787,0.388425043,0.0861291966,0.3538152068,458.0,1297.0
0.8031846669198409,0.281140463,0.115864934,0.499010551,458.0,1297.0
0.7823348068763284,0.116380555,0.08842940866666667,0.5251225036666667,458.0,1297.0
0.7015964421330505,0.0014583513333333332,0.08144407566666667,0.45057289433333336,458.0,1297.0
0.6176414878789149,0.00081379,0.0935706,0.37246441216666665,458.0,1297.0
0.7527442857414751,0.097182891,0.134993303,0.405661201,458.0,1297.0
0.8126613430190868,0.256802304,0.1525431665,0.326428071,458.0,1297.0
0.8156869750554654,0.4923591266,0.1493595984,0.25446824079999997,458.0,1297.0
0.8093442314830093,0.36182289474999996,0.15786258425,0.36049750824999993,458.0,1297.0
0.7778338206444291,0.10917874899999999,0.1230157785,0.345963047,458.0,1297.0
0.6825375819380399,0.00129830225,0.1176390725,0.273150385,458.0,1297.0
0.6345264947234059,0.019413567833333333,0.10216295850000001,0.2975644688333333,458.0,1297.0
0.7963873009207649,0.2521159505,0.06669863349999999,0.234696805,458.0,1297.0
0.8169799662076489,0.5820881573333333,0.059823064,0.16833221766666664,458.0,1297.0
0.8257635518979283,0.7672702785,0.08462676525,0.231798336,458.0,1297.0
0.819895558567661,0.5218891274999999,0.1045600015,0.3134717735,458.0,1297.0
0.7911819450949807,0.204961814,0.106767341,0.36039348066666665,458.0,1297.0
0.7290090165883555,0.002648633,0.1298100915,0.336368621,458.0,1297.0
0.5879591928750606,0.0013466975714285716,0.09732778228571426,0.2257397248571429,458.0,1297.0
0.6254795050301317,0.2157527813333333,0.04751258133333333,0.17473418566666665,458.0,1297.0
0.6883458620241103,0.5107228484999999,0.0434231845,0.160167115,458.0,1297.0
0.6993886505687025,0.6892161880000001,0.048376233750000004,0.14603570175,458.0,1297.0
0.7063151141483329,0.572196462,0.0662286105,0.201154456,458.0,1297.0
0.7022279416504056,0.3792114125,0.0706126935,0.2330259255,458.0,1297.0
0.675685003852115,0.147946878,0.07793884300000001,0.206841875,458.0,1297.0
0.6512053254844531,0.0016435973333333333,0.104672439,0.1660925506666667,458.0,1297.0
0.579964195196673,0.0014286181666666668,0.07360158666666668,0.17308526716666664,458.0,1297.0
0.6106706838120661,0.17278336,0.032081231,0.126888917,458.0,1297.0
0.6711378078038753,0.4459799205,0.015308179,0.0817783885,458.0,1297.0
0.7029375513267233,0.73200752675,0.018317893249999998,0.04121576575,458.0,1297.0
0.7129096125681671,0.65490215,0.029214686333333333,0.05061117833333334,458.0,1297.0
0.7073496717921566,0.384630067,0.037632355000000006,0.108253512,458.0,1297.0
0.6831152547122323,0.14037811449999998,0.054017029,0.184007619,458.0,1297.0
0.6314304138191137,0.0014530382222222224,0.07061688188888889,0.2376236702222222,458.0,1297.0
0.752886540143316,0.165464152,0.0339186105,0.182155677,458.0,1297.0
0.8185961816180468,0.43677534900000003,0.013098684,0.121268208,458.0,1297.0
0.8406246383289525,0.7477355891666667,0.015758012333333335,0.07548194466666668,458.0,1297.0
0.8341311391149024,0.5497834875000001,0.026048618000000003,0.170757049,458.0,1297.0
0.8029955483845465,0.2065919936666667,0.04276055266666667,0.22794990333333331,458.0,1297.0
0.733770090420536,0.0020969565,0.071341462,0.247819415,458.0,1297.0
0.6242496509651311,0.0007308471428571429,0.04325477785714286,0.20539517014285716,458.0,1297.0
0.7526251595069879,0.162453193,0.042624969,0.1727395285,458.0,1297.0
0.8152612508742781,0.4270295715,0.032916335,0.21817527850000001,458.0,1297.0
0.8346765198465826,0.7167762505,0.07014895325,0.23504443,458.0,1297.0
0.8354651847857155,0.6654541375,0.14544127750000002,0.3004531915,458.0,1297.0
0.8191858032936065,0.41879938833333324,0.1909493183333333,0.394829057,458.0,1297.0
0.7570828208014063,0.06561933925,0.2021751725,0.40643385275000005,458.0,1297.0
0.6227728856740941,0.0005054188571428571,0.21894762071428572,0.3552944277142857,458.0,1297.0
0.7530810751795449,0.13510191249999998,0.18320858150000002,0.3852182415,458.0,1297.0
0.813241116410703,0.39181325600000005,0.1641318365,0.3340924745,458.0,1297.0
0.8248807276430496,0.6473740060000001,0.15786616616666663,0.2224901153333333,458.0,1297.0
0.8204835027761239,0.4779919165,0.1821985385,0.218889785,458.0,1297.0
0.7948551499760473,0.19760836333333334,0.16603837033333332,0.23021570133333333,458.0,1297.0
0.7303585740520433,0.001696759,0.19973645950000002,0.249987375,458.0,1297.0
0.6227408874609447,0.0007343867142857142,0.16508262971428572,0.23536572114285717,458.0,1297.0
0.7718385690373392,0.23074196433333335,0.085807933,0.244740343,458.0,1297.0
0.8201318259142298,0.5618731985000001,0.0754110325,0.21378937650000002,458.0,1297.0
0.8282946110021243,0.7175657500000001,0.0717365758,0.2050748518,458.0,1297.0
0.8208975013242185,0.43571002866666664,0.068647153,0.28670891533333337,458.0,1297.0
0.7586848488833191,0.07561047100000001,0.11340166575,0.2963057235,458.0,1297.0
0.6226947960528394,0.0007609192857142858,0.09054103042857142,0.195161044,458.0,1297.0
0.7527846102387967,0.151612095,0.041808054,0.1108006835,458.0,1297.0
0.8147238099694085,0.43139901,0.0197890665,0.100597247,458.0,1297.0
0.8295770796357459,0.6917655738333334,0.018004764499999996,0.1098837345,458.0,1297.0
0.8198767698314895,0.4295949595,0.0291677095,0.1868834925,458.0,1297.0
0.7932290397743863,0.16393641566666667,0.06159410266666667,0.231570588,458.0,1297.0
0.7305161082625046,0.001117498,0.123086716,0.2694292025,458.0,1297.0
0.5881627165815236,0.0005838378571428572,0.11688791271428571,0.27831031742857143,458.0,1297.0
0.6109130907544905,0.111399136,0.0662140535,0.206424958,458.0,1297.0
0.6715117587002388,0.2830319755,0.038810292999999996,0.171209367,458.0,1297.0
0.7070392882380179,0.5474264613333334,0.03384231183333333,0.16822841866666668,458.0,1297.0
0.7092293298474981,0.3485495735,0.0400859705,0.1648668205,458.0,1297.0
0.6833011723066904,0.13453047266666668,0.05789991033333333,0.21471231733333332,458.0,1297.0
0.6042627851014083,0.0005348845555555556,0.08597273311111112,0.11388309322222225,458.0,1297.0
0.6259677042722521,0.140682953,0.056805307666666666,0.08943205233333333,458.0,1297.0
0.6924396821965509,0.397951025,0.047497778500000004,0.0950378345,458.0,1297.0
0.7105299296855394,0.5718715355,0.05205867175,0.10852552200000001,458.0,1297.0
0.7093672212883253,0.3992873472499999,0.062129207250000006,0.11165492775,458.0,1297.0
0.6818553018296263,0.112592724,0.055768259,0.0812712965,458.0,1297.0
0.6336910710821396,0.0003177555714285714,0.057733322857142846,0.09969570371428571,458.0,1297.0
0.6669669630814545,0.03136858966666667,0.048886945999999994,0.08189308099999999,458.0,1297.0
0.7970921323842538,0.2483843405,0.022908413500000002,0.069934737,458.0,1297.0
0.828977825090193,0.5504544273333333,0.024095180999999997,0.06306178366666666,458.0,1297.0
0.8413091036185741,0.6527035600000001,0.03343596275,0.06703246875,458.0,1297.0
0.834720006620698,0.379715931,0.048395507000000004,0.066900758,458.0,1297.0
0.8094719520160764,0.16820587366666664,0.04435462133333334,0.06649111633333334,458.0,1297.0
0.7156048645821134,0.0007059996666666668,0.04245573433333333,0.06905391166666668,458.0,1297.0
0.6189477971366759,0.0005006998333333333,0.03210462733333334,0.11104086149999999,458.0,1297.0
0.7533181037658743,0.1674516325,0.024374555,0.123037865,458.0,1297.0
0.8298904712523836,0.46900217349999995,0.009517641,0.105292385,458.0,1297.0
0.8504437831943161,0.7759092623999999,0.0176662578,0.06138199400000001,458.0,1297.0
0.841434831296427,0.65316142,0.022155072499999998,0.04075287,458.0,1297.0
0.8319678955532122,0.4028741875,0.028559968999999998,0.0459449035,458.0,1297.0
0.7778478083007525,0.06767457724999999,0.07185126925,0.044791596249999996,458.0,1297.0
0.6362724871125988,0.0003650287142857143,0.05689426228571428,0.059309027714285714,458.0,1297.0
0.7810336140423453,0.21304353899999998,0.019373444333333333,0.08503890799999998,458.0,1297.0
0.8401175425111228,0.5510077325,0.013139017999999999,0.1070564445,458.0,1297.0
0.8530963090552829,0.7358254649999999,0.0447165484,0.1662553412,458.0,1297.0
0.8341163664680497,0.43939910866666665,0.078135107,0.2777724533333333,458.0,1297.0
0.804703230215371,0.12287192599999999,0.10096124549999999,0.29842765800000004,458.0,1297.0
0.7490697959990451,0.000697994,0.121640004,0.2750943655,458.0,1297.0
0.6480069287284087,0.013799781,0.07453563125000001,0.241866222375,458.0,1297.0
0.8113578115628819,0.296095307,0.0285555265,0.25902360300000005,458.0,1297.0
0.8481850176634633,0.602171751,0.0391694145,0.236262322,458.0,1297.0
0.8526218051251377,0.7533371823333334,0.08012148200000001,0.19728358783333333,458.0,1297.0
0.832544483469609,0.3879511315,0.1357732665,0.3115695845,458.0,1297.0
0.8079430629909131,0.130816144,0.161721353,0.4410198915,458.0,1297.0
0.7344105692309113,0.0004296156666666667,0.20952161866666666,0.4988334266666667,458.0,1297.0
0.6502337742875365,0.015669672285714288,0.14821611228571427,0.5723607477142857,458.0,1297.0
0.8180184858111321,0.29746166500000004,0.081271321,0.5525238845,458.0,1297.0
0.8550717569221788,0.608405626,0.075289392,0.5037619369999999,458.0,1297.0
0.8580061925346625,0.7773927377500001,0.09791076850000001,0.54139529325,458.0,1297.0
0.8414138728446645,0.6176043474999999,0.1067956685,0.5846414355,458.0,1297.0
0.832361028001371,0.3754045845,0.1295314865,0.656919469,458.0,1297.0
0.8075484537972718,0.1224479655,0.17853053,0.7306864005,458.0,1297.0
0.7068150468281593,0.00030897875,0.21991768550000002,0.81681578175,458.0,1297.0
0.593149536119148,0.00034531760000000003,0.14747873360000002,0.5437796934,458.0,1297.0
0.6210256754306904,0.15251197,0.117612367,0.48683310150000003,458.0,1297.0
0.6830478553325774,0.3559566035,0.1008214295,0.57095133,458.0,1297.0
0.7128195352363154,0.60367408775,0.1334963555,0.5263838255,458.0,1297.0
0.715438890055383,0.4823110846666667,0.20096792566666666,0.6624743756666667,458.0,1297.0
0.7075951717806452,0.2648638145,0.1958594275,0.6344240215,458.0,1297.0
0.6764100318647936,0.0810276975,0.15610800200000002,0.5841024145,458.0,1297.0
0.6409987665165207,0.00025116,0.1161828975,0.5573510552500001,458.0,1297.0
0.5750361278789606,0.00025697,0.10278665680000001,0.49412742620000005,458.0,1297.0
0.6263715619711175,0.162050203,0.08411277733333333,0.464251741,458.0,1297.0
0.6933892978114005,0.4386522115,0.0762176435,0.442704915,458.0,1297.0
0.7123440426886996,0.6325143646666668,0.110199741,0.5041147593333333,458.0,1297.0
0.7096016881056737,0.2839255905,0.09774861,0.444652076,458.0,1297.0
0.6896803700064017,0.0879570375,0.07587473,0.43029664450000005,458.0,1297.0
0.6429513326569871,0.0001182968888888889,0.10146695188888889,0.45800065255555567,458.0,1297.0
0.7783092172499854,0.19705840533333333,0.05410187233333333,0.4145540853333333,458.0,1297.0
0.8376112088190126,0.539348738,0.0321570855,0.321895379,458.0,1297.0
0.8531471817440905,0.7211443125,0.037982408499999995,0.19385279625000001,458.0,1297.0
0.8420266072219607,0.5864362065,0.0366020205,0.16071731849999998,458.0,1297.0
0.8315329389952297,0.36297488,0.0273587405,0.135254956,458.0,1297.0
0.8035465461178384,0.10707799400000001,0.058484522000000004,0.179894161,458.0,1297.0
0.7019404559750604,0.0,0.1406149955,0.35052440924999995,458.0,1297.0
0.6231699221199362,0.0002086418,0.12513870300000002,0.2494997444,458.0,1297.0
0.7579885115233058,0.14477365050000002,0.08356575499999999,0.24494157100000002,458.0,1297.0
0.8319925471943049,0.3901668865,0.046371417,0.283686589,458.0,1297.0
0.8509025361226797,0.6466222193333334,0.06714657733333333,0.271002693,458.0,1297.0
0.8330980510360962,0.41386678600000004,0.08537756433333332,0.293757738,458.0,1297.0
0.8020929354308911,0.11879114400000002,0.14346172000000001,0.2463924965,458.0,1297.0
0.6851572804296289,0.0,0.16766548879999998,0.1798896464,438.2,1241.2
0.6244924272501603,0.0,0.11978253550000001,0.10000557925,359.0,1018.0
0.7535949723338394,0.125680458,0.0786466365,0.0917947965,359.0,1018.0
0.8261762575204448,0.3532175255,0.0496788465,0.0862630485,359.0,1018.0
0.8379867528838136,0.6278684880000001,0.038770875999999996,0.06123094799999999,359.0,1018.0
0.8463379514074314,0.7214080597500001,0.056978234,0.0720864215,359.0,1018.0
0.832336622594994,0.40333122666666665,0.093431946,0.07746073666666665,359.0,1018.0
0.770257068579288,0.046334629249999995,0.12924113975,0.05315349725,359.0,1018.0
0.6418214543906842,0.00768903,0.1043875225,0.041329716375,359.0,1018.0
0.7996058521236187,0.21814103499999998,0.0422374045,0.046353293500000003,359.0,1018.0
0.83551051782309,0.5264053089999999,0.02853648933333333,0.02942241766666667,359.0,1018.0
0.850824626806847,0.7083581537499999,0.03429423075,0.044066483000000004,359.0,1018.0
0.8359294098028598,0.44737273899999996,0.06778003966666667,0.052286350333333335,359.0,1018.0
0.8045637692353597,0.11615361699999999,0.1027834835,0.047167776,359.0,1018.0
0.7034771848473438,0.0,0.12708105075,0.03348158875,359.0,1018.0
0.6226090207667233,0.0,0.0750501358,0.0207650518,359.0,1018.0
0.7782580983043683,0.21870921866666668,0.03905933433333333,0.014823904,359.0,1018.0
0.8453207286213161,0.6023123695,0.0317514635,0.011461471,359.0,1018.0
0.8575334966787495,0.8045205235999999,0.04111402,0.0194604524,359.0,1018.0
0.8382514104634382,0.52254709,0.0469816225,0.053943983,359.0,1018.0
0.8181330187573819,0.18367287766666665,0.08551230866666666,0.09956890266666667,359.0,1018.0
0.7075062828212773,0.0,0.11386690099999999,0.11374946725000001,359.0,1018.0
0.5922519717725403,0.011276172000000001,0.06414214983333333,0.08687952416666667,359.0,1018.0
0.6565079409519341,0.2371677875,0.0199706835,0.10002411450000001,359.0,1018.0
0.7176329475332446,0.4992631575,0.020312356,0.099488782,359.0,1018.0
0.7295645537563972,0.73180709975,0.0419669855,0.174332797,359.0,1018.0
0.7200295493589534,0.56338886,0.091264839,0.37125032300000005,359.0,1018.0
0.7114220715327624,0.3024558855,0.129223055,0.41272701450000004,359.0,1018.0
0.6866166063204369,0.0833811575,0.1482653695,0.429925222,359.0,1018.0
0.6510518341740625,0.0,0.15800710874999999,0.5219699879999999,359.0,1018.0
0.5783932587437011,0.0,0.16239095625,0.50919216875,359.0,1018.0
0.6022124077196048,0.068398691,0.14456468833333333,0.407971925,359.0,1018.0
0.6714366037886932,0.334801421,0.12223677150000001,0.335415745,359.0,1018.0
0.6949471698446239,0.5763335414999999,0.106090287,0.3031946415,359.0,1018.0
0.7070055886034248,0.70658579425,0.13516356000000002,0.3866480295,359.0,1018.0
0.7076483064484957,0.43828766066666663,0.183023686,0.4429634603333333,359.0,1018.0
0.6797791700125009,0.11181051750000001,0.16018830750000002,0.3929912035,359.0,1018.0
0.6506871504852727,0.0,0.146209737,0.29394256875,359.0,1018.0
0.6337996046062576,0.012827432,0.10554769516666668,0.2979340486666666,359.0,1018.0
0.796990063620588,0.2827065235,0.050529974500000005,0.27872498749999997,359.0,1018.0
0.8303054851182315,0.6176114395,0.034340796,0.222474701,359.0,1018.0
0.848632484911349,0.836092484,0.023421944,0.07173403116666667,359.0,1018.0
0.8344474082200445,0.442721966,0.019589668499999997,0.044539140000000005,359.0,1018.0
0.8047636591309928,0.117806162,0.056894595,0.0594629755,359.0,1018.0
0.6967561277489168,0.0,0.1413817345,0.1273073295,359.0,1018.0
0.6377101537158489,0.013412371166666666,0.130799836,0.16125919400000002,359.0,1018.0
0.8081356589701814,0.284535469,0.0693458945,0.1024799525,359.0,1018.0
0.8562522618257676,0.6546884496666666,0.039217223333333336,0.08360632833333333,359.0,1018.0
0.8579080477846601,0.7817292147499999,0.054048353,0.09273600574999999,359.0,1018.0
0.8388360770657923,0.5054331035,0.06374398,0.118571966,359.0,1018.0
0.8185480016919958,0.151316957,0.08820934633333333,0.2603571416666666,359.0,1018.0
0.7734186532315173,0.0,0.1801165295,0.3938489895,359.0,1018.0
0.6580771079339586,0.0,0.24281003783333335,0.6056581493333334,359.0,1018.0
0.728777612184103,0.08474498766666666,0.24635335366666666,0.6005455496666666,359.0,1018.0
0.8251325825640163,0.2919188495,0.163837517,0.5735613075,359.0,1018.0
0.8353906303488423,0.5605327695,0.1437001175,0.5559294379999999,359.0,1018.0
0.8418960090346863,0.67027493,0.20404793924999998,0.562292498,359.0,1018.0
0.8275500967760427,0.427760916,0.199878523,0.6518729205,359.0,1018.0
0.8043393198295232,0.174114181,0.1229441855,0.5839307524999999,359.0,1018.0
0.7050754502772124,0.005274338,0.0764510548,0.3546142248,359.0,1018.0
0.6168536491240868,0.0,0.0600353526,0.1565523996,359.0,1018.0
0.7525463577698223,0.120992676,0.061347921,0.07869319699999999,359.0,1018.0
0.8160328354755704,0.3641261065,0.0545928195,0.0745299795,359.0,1018.0
0.8306344342617829,0.586358788,0.13437847516666668,0.18578738583333332,359.0,1018.0
0.8193916791562845,0.33061408400000003,0.364484299,0.5485962775000001,359.0,1018.0
0.799819822137871,0.12453035500000001,0.456248608,0.717048428,359.0,1018.0
0.7202548527319709,0.002633193,0.47948807424999995,0.80495696225,359.0,1018.0
0.6323167567322573,0.005532290428571429,0.46178824685714287,0.867609026,359.0,1018.0
0.7962713369630716,0.166050804,0.387826643,0.879405156,359.0,1018.0
0.8159696522440365,0.42390214266666665,0.32270590299999996,0.8748515413333333,359.0,1018.0
0.8139468708401183,0.5525288532499999,0.256874347,0.86976756975,359.0,1018.0
0.8057880371952639,0.304620363,0.18899050433333334,0.7453803436666666,359.0,1018.0
0.7761355872008812,0.068478026,0.105703998,0.608629414,359.0,1018.0
0.6728376916994014,0.0,0.15188474025,0.53089415225,359.0,1018.0
0.5780722037868201,0.005656876833333334,0.22808180716666668,0.7246353356666666,359.0,1018.0
0.6402907728756599,0.1980546955,0.2339230915,0.738538249,359.0,1018.0
0.6875028391972937,0.45570418450000005,0.320850857,0.7274532575,359.0,1018.0
0.6899196377378953,0.6118492995,0.348186522,0.72634578375,359.0,1018.0
0.68958871137045,0.4898542005,0.4027816755,0.6710572105,359.0,1018.0
0.685947459669181,0.308144081,0.3345232955,0.5992134665,359.0,1018.0
0.6682108973629179,0.0844581445,0.205937754,0.5136418005,359.0,1018.0
0.6379154178912825,0.0,0.11873875924999999,0.45418686250000007,359.0,1018.0
0.5792670193903299,0.007220858,0.10108898533333334,0.5381958916666666,359.0,1018.0
0.6404778292366355,0.2271435735,0.0947279915,0.6209019570000001,359.0,1018.0
0.6893565759948586,0.5063959,0.09688572549999999,0.6325451915,359.0,1018.0
0.7062579401375036,0.7274681522499999,0.075318122,0.57015787125,359.0,1018.0
0.7132570888580259,0.6227391855,0.069765228,0.5198118055,359.0,1018.0
0.7066867572321928,0.348538131,0.046809083,0.3713353355,359.0,1018.0
0.6689671551124969,0.036722705,0.04337512375,0.17250553375,359.0,1018.0
0.6235020058511456,0.0,0.0991300042857143,0.07074926328571428,359.0,1018.0
0.7717243437463983,0.1362028683333333,0.10705758700000001,0.1339403623333333,359.0,1018.0
0.821767414793683,0.4150297344,0.12167647499999998,0.1353258536,359.0,1018.0
0.812798450021728,0.29594036575,0.20206500275,0.261000487,359.0,1018.0
0.7894120189060405,0.09019761899999999,0.1787117455,0.3113423285,359.0,1018.0
0.741453327732438,0.003983605,0.17442176233333337,0.275239099,359.0,1018.0
0.6225435497235161,0.0,0.2169835362857143,0.47242824871428574,359.0,1018.0
0.7527608818950363,0.0445423165,0.231434466,0.5356707765,359.0,1018.0
0.8129029652250598,0.240408934,0.2708294665,0.511940525,359.0,1018.0
0.8169619927304287,0.4882307803333334,0.2272387876666667,0.49125216766666663,359.0,1018.0
0.813070240288661,0.5317177385,0.28437121574999996,0.5690387862499999,359.0,1018.0
0.8017019266328783,0.258901267,0.29223485699999996,0.57540555,359.0,1018.0
0.7516504191688694,0.027562633,0.20878104125000002,0.51117794,359.0,1018.0
0.6350181562725274,0.0027568305,0.150411788375,0.47917250999999994,359.0,1018.0
0.79652228427326,0.159618396,0.099005009,0.36235135350000003,359.0,1018.0
0.816285352324943,0.41619342,0.089290666,0.32846370733333335,359.0,1018.0
0.8150618226273113,0.4148662405,0.08424885474999999,0.39308038850000004,359.0,1018.0
0.808699090396698,0.25445666899999997,0.077518664,0.41107133549999997,359.0,1018.0
0.7925896689649976,0.120217405,0.053453762,0.4080635105,359.0,1018.0
0.7416307355921005,0.003386926,0.049716004,0.4152688163333333,359.0,1018.0
0.6221684411736449,0.0,0.07790270585714286,0.5500546592857143,359.0,1018.0
0.7719806461369284,0.17942414266666665,0.088016155,0.6683017333333333,359.0,1018.0
0.8189161439125192,0.5805393565,0.104078109,0.6975307805,359.0,1018.0
0.832625842800039,0.713075731,0.10236152139999999,0.6602617326000001,359.0,1018.0
0.8283765550433442,0.4356927586666666,0.058955970333333337,0.49266046100000005,359.0,1018.0
0.7594221909516284,0.0415116515,0.083451152,0.3479283095,359.0,1018.0
0.6242505808337727,0.0,0.09701762699999998,0.21540522557142858,359.0,1018.0
0.771898951224704,0.15566806633333333,0.05228504266666667,0.08686188566666668,359.0,1018.0
0.8164760095786563,0.446868508,0.031288424999999995,0.1188628875,359.0,1018.0
0.822049722817977,0.571054529,0.0536789445,0.184230237,359.0,1018.0
0.8096574077409308,0.263135046,0.120920413,0.257436426,359.0,1018.0
0.7526956406317598,0.0279064845,0.14785970874999999,0.2281574845,359.0,1018.0
0.5872159465328826,0.0,0.09464567185714286,0.40157109014285713,359.0,1018.0
0.6254194456985678,0.15973889033333333,0.06720462333333334,0.5158156673333334,359.0,1018.0
0.6878027892043554,0.5265252645,0.0608215045,0.6053421255,359.0,1018.0
0.6932342100406053,0.676030496,0.079431956,0.6029220235,359.0,1018.0
0.6957513001797807,0.46812393566666666,0.09161297366666667,0.6459862143333334,359.0,1018.0
0.6813937081767394,0.171034162,0.081903228,0.5974544105,359.0,1018.0
0.6604216831038502,0.0023976436666666664,0.079789831,0.5512126586666667,359.0,1018.0
0.592616125914923,0.018143506666666667,0.06933897366666668,0.5376196306666667,359.0,1018.0
0.6706462307163543,0.3788149425,0.06658645199999999,0.6466756595,359.0,1018.0
0.6922089549653838,0.6120424170000001,0.08757811,0.673843006,359.0,1018.0
0.7046297742570831,0.652331155,0.1103795558,0.6534468134,359.0,1018.0
0.7056588243958631,0.33987959749999996,0.121587266,0.6698921805,359.0,1018.0
0.6686170823720112,0.031231346,0.12745936175,0.6529960895,359.0,1018.0
0.62756273281635,0.0,0.15479673114285714,0.558572445,359.0,1018.0
0.7717398858076949,0.11523002066666665,0.14040584933333333,0.41894168433333334,359.0,1018.0
0.816760148533155,0.3632310405,0.15577013499999998,0.33904331899999995,359.0,1018.0
0.8153477006904373,0.41177631449999996,0.1532358375,0.2910669995,359.0,1018.0
0.8038904677461072,0.21664788000000001,0.1353161725,0.3058683075,359.0,1018.0
0.7542304189638618,0.021949577499999998,0.11073704350000001,0.24053044950000002,359.0,1018.0
0.6259787484555428,0.0,0.05756514042857143,0.15789604257142859,359.0,1018.0
0.752804898918876,0.068835387,0.0263658885,0.113962952,359.0,1018.0
0.8145672528545335,0.339407649,0.014969681666666667,0.08967038766666667,359.0,1018.0
0.823725943717498,0.60158027075,0.01745782,0.0783146765,359.0,1018.0
0.8194150225166513,0.4343719023333334,0.025006084666666668,0.05623908033333333,359.0,1018.0
0.7982736987815096,0.1650901105,0.0497951815,0.0621918695,359.0,1018.0
0.7000134059326067,0.0009648976,0.11578212239999999,0.153735552,359.0,1018.0
0.6053794169259363,0.0,0.0969865265,0.269351597,359.0,1018.0
0.6910112997972719,0.0090485915,0.0885541195,0.257617809,359.0,1018.0
0.7965295781896251,0.24162549300000002,0.053511837500000006,0.2437744295,359.0,1018.0
0.8206264266182417,0.5590681635,0.028631244,0.256786827,359.0,1018.0
0.8336314140444134,0.7729599269999999,0.02684859525,0.2407953265,359.0,1018.0
0.8300771739478398,0.4404277353333333,0.029444053999999997,0.24282257933333332,359.0,1018.0
0.8049286029185401,0.1653969415,0.039548916499999996,0.245531913,359.0,1018.0
0.7019201528821308,0.0009237596000000001,0.0870412894,0.2765698287999999,359.0,1018.0
0.615700205661001,0.0,0.06548955339999998,0.2721150794,359.0,1018.0
0.7717511343927855,0.151838378,0.04482703033333333,0.3373477763333333,359.0,1018.0
0.8205754616659822,0.494765112,0.0536703415,0.44555531800000003,359.0,1018.0
0.8332029663017981,0.64573495275,0.10665620075000001,0.56079419325,359.0,1018.0
0.8326345954333958,0.5020393455,0.15163397350000002,0.6041654535000001,359.0,1018.0
0.819088289485542,0.245495731,0.124298478,0.5146967895,359.0,1018.0
0.7835732937035293,0.042689078,0.09961917449999999,0.3738289295,359.0,1018.0
0.68884182472425,0.0,0.12514973925,0.3506234595,359.0,1018.0
0.6344522015228968,0.0012995161666666667,0.18496485133333332,0.6509358408333333,359.0,1018.0
0.7965090353210841,0.1180742075,0.19803062999999999,0.713604709,359.0,1018.0
0.8158686300607643,0.3079677225,0.228056422,0.780867152,359.0,1018.0
0.8144531970225669,0.45259048325,0.27732408525,0.80945172375,359.0,1018.0
0.8052496731035304,0.3900259265,0.3323691855,0.847799801,359.0,1018.0
0.7928641289840584,0.1313873866666667,0.24353157866666666,0.8292993446666667,359.0,1018.0
0.7410962184621175,0.0007157326666666666,0.14578650833333331,0.7244238740000001,359.0,1018.0
0.5889082142433049,0.00073820125,0.17595854987499998,0.5719615066249999,359.0,1018.0
0.6433702090533067,0.1072103505,0.203403891,0.464178479,359.0,1018.0
0.692350793452597,0.3022698995,0.2652939795,0.437430672,359.0,1018.0
0.6901501919750899,0.42197917925,0.25990320749999996,0.5084306395,359.0,1018.0
0.6909064539611434,0.320313489,0.309893827,0.5966732676666667,359.0,1018.0
0.6806397586870621,0.12761087499999998,0.231193735,0.573153079,359.0,1018.0
0.6483186255216609,0.0004553286,0.1938339234,0.6052805166,359.0,1018.0
0.5837153862355949,0.0012445791666666668,0.15911874183333333,0.5080681821666667,359.0,1018.0
0.6453905286071764,0.19576165950000002,0.1428977025,0.389689482,359.0,1018.0
0.6909896029727681,0.49598880450000005,0.11742882900000001,0.360620141,359.0,1018.0
0.6894095028710985,0.5925339387499999,0.09975148824999999,0.48178786249999994,359.0,1018.0
0.6866362877541131,0.30811333966666665,0.10504878566666666,0.5856084436666666,359.0,1018.0
0.6765241263608026,0.08945612,0.08455428849999999,0.619277015,359.0,1018.0
0.6506815738688057,0.0,0.22322256819999997,0.6867192874,359.0,1018.0
0.634312178511318,0.0007166475,0.41604456050000005,0.8605297701666667,359.0,1018.0
0.7964218775110741,0.0819304635,0.4519308745,0.9074479305,359.0,1018.0
0.8158844876758812,0.2557537165,0.39245870974999997,0.8976523947499999,359.0,1018.0
0.8102889002545707,0.33558422866666665,0.38760496333333333,0.8805132233333334,359.0,1018.0
0.8024428120949709,0.242658816,0.3237467935,0.8180662034999999,359.0,1018.0
0.7884766448045699,0.08449854,0.25058456,0.7738971729999999,359.0,1018.0
0.6831588181737142,0.0001919675,0.18690187449999998,0.6633266551666667,359.0,1018.0
0.6198140907514516,0.0,0.11279418000000001,0.41503495650000005,359.0,1018.0
0.7721345568638042,0.11721756866666666,0.06786986566666667,0.245852847,359.0,1018.0
0.8158995598585939,0.4557211745,0.0507866715,0.200495527,359.0,1018.0
0.8125219432387311,0.5188865736666667,0.03188630633333333,0.15134565566666666,359.0,1018.0
0.8019125726441707,0.274371291,0.015893906,0.051493303000000004,359.0,1018.0
0.7509576712680843,0.023457521,0.08194939975,0.07043089375,359.0,1018.0
0.6369054889635363,0.0006892,0.13756055675,0.17950147512500003,359.0,1018.0
0.7969572411626484,0.22848941099999998,0.091529137,0.21622973750000002,359.0,1018.0
0.8177085565042573,0.6098737146666667,0.05252692466666667,0.168302838,359.0,1018.0
0.8217070787049036,0.7191293519999999,0.0845003805,0.22484537425,359.0,1018.0
0.8105647143988652,0.38322122999999997,0.110756466,0.2782540355,359.0,1018.0
0.7824986580180373,0.068715116,0.16888710966666665,0.3913468873333333,359.0,1018.0
0.681940589813405,0.0,0.26065668175,0.6161940884999999,359.0,1018.0
0.6160633775415453,0.0,0.28088290660000004,0.5949844552,359.0,1018.0
0.7530576238912656,0.022760413,0.25327925549999997,0.536011769,359.0,1018.0
0.813924065683222,0.17220181133333332,0.246830764,0.504217467,359.0,1018.0
0.8125623951727363,0.39600928280000003,0.24524965940000004,0.455476466,359.0,1018.0
0.7955064462674407,0.21130532724999998,0.218792231,0.44957043474999997,359.0,1018.0
0.7410789530892167,0.0,0.19352652933333334,0.4351008576666667,359.0,1018.0
0.6244851860557679,0.0,0.158599774,0.40054659942857146,359.0,1018.0
0.7574752834778822,0.036045113499999996,0.122112055,0.397831097,359.0,1018.0
0.8181961711681504,0.18623359849999999,0.1040441285,0.358951289,359.0,1018.0
0.8133798696178011,0.40128647066666673,0.0735147735,0.256375122,359.0,1018.0
0.8024488131962267,0.251284346,0.07738565450000001,0.238313966,359.0,1018.0
0.7884341277246381,0.088298512,0.08645803399999999,0.253635498,359.0,1018.0
0.7416606653168563,0.0,0.11440273266666667,0.203311269,359.0,1018.0
0.5957182984725788,0.000345759375,0.10481769075,0.126334177,390.5,1105.75
0.6486250065564549,0.155406063,0.09402431750000001,0.12754460299999998,401.0,1135.0
0.6887573676252192,0.403852204,0.08841073999999999,0.072063645,401.0,1135.0
0.6879335071617864,0.5087000406,0.09820456699999999,0.06815335460000001,401.0,1135.0
0.6870712291778844,0.2696804865,0.0934139165,0.112790218,401.0,1135.0
0.678202232187625,0.097561805,0.099281796,0.0958107475,401.0,1135.0
0.6356714301440766,0.0,0.12478409166666667,0.08995615733333333,401.0,1135.0
0.6026407696943272,0.03471153171428572,0.14868183257142856,0.11368384414285715,401.0,1135.0
0.6867571526553529,0.3167864215,0.165020213,0.121323303,401.0,1135.0
0.6883920722933725,0.3820495898,0.17875495400000002,0.14784114739999998,401.0,1135.0
0.6879070508820377,0.199799521,0.1708970695,0.308552788,401.0,1135.0
0.6786234784761711,0.0677023955,0.1639412175,0.4469594155,401.0,1135.0
0.6372236855976787,0.0,0.15633205779999998,0.454562167,401.0,1135.0
0.7769962219408871,0.06895263033333333,0.12245357466666666,0.4789057366666667,401.0,1135.0
0.8154043129127304,0.3023403135,0.092202106,0.48594921,401.0,1135.0
0.8167761368879697,0.4248739653333333,0.09500108666666666,0.5139948176666667,401.0,1135.0
0.8120756610989792,0.35363498099999996,0.11531963533333334,0.569843217,401.0,1135.0
0.8039292913053027,0.1624851485,0.1044506435,0.5583586885,401.0,1135.0
0.7576938933429257,0.0093688045,0.13068182625,0.5829275925,401.0,1135.0
0.6262917928564548,0.0,0.09081628085714286,0.4466826132857143,401.0,1135.0
0.7588241946997185,0.038136758,0.0746357345,0.3118601175,401.0,1135.0
0.8144410095640578,0.1980336015,0.0543558145,0.31014932900000003,401.0,1135.0
0.817668516905694,0.5172236081666667,0.03768601433333333,0.2674194945000001,401.0,1135.0
0.812005491385452,0.384284384,0.040255901,0.246969212,401.0,1135.0
0.7956863472397918,0.1224318985,0.070234019,0.312113722,401.0,1135.0
0.7244816016386466,0.0,0.09895144950000001,0.36254978675,401.0,1135.0
0.6365755402736102,0.00020696614285714286,0.055142158571428575,0.2114425077142857,401.0,1135.0
0.8058991075003447,0.21824672199999998,0.037230898666666665,0.16276828366666665,401.0,1135.0
0.8193397445098416,0.6183954964,0.030872154399999997,0.1230994916,401.0,1135.0
0.8147046677334209,0.466083285,0.037195749,0.17306450799999998,401.0,1135.0
0.7674061393446499,0.0479581568,0.11650410280000001,0.2846362888,401.0,1135.0
0.6556193233358585,0.011374202222222221,0.08911036188888889,0.2516833878888889,401.0,1135.0
0.8149359180338474,0.30783505400000005,0.053179073,0.29826963133333334,401.0,1135.0
0.8114487387856201,0.48453681200000004,0.05740248283333333,0.29097361866666666,401.0,1135.0
0.8009944180710935,0.163906399,0.08495066800000001,0.3612045955,401.0,1135.0
0.7573557073596444,0.00613038425,0.13533946025,0.29710303625,401.0,1135.0
0.6191564274588753,0.0,0.11407000216666667,0.2769287655,401.0,1135.0
0.750402076601088,0.04085602675,0.10957957925,0.33920909050000003,401.0,1135.0
0.8172685062348601,0.2667754185,0.110571585,0.438300313,401.0,1135.0
0.8110550833786704,0.4564129563333333,0.17466280866666664,0.5222885331666667,401.0,1135.0
0.8013119335944938,0.2254226445,0.21490697949999998,0.7516785429999999,401.0,1135.0
0.759432300991139,0.00919393425,0.176019757,0.74362245925,401.0,1135.0
0.5938136543045603,0.0,0.20094271187499999,0.7239356485000001,401.0,1135.0
0.646799198740967,0.1814524595,0.1888761665,0.7785574455,401.0,1135.0
0.6895151491633733,0.487327795,0.19731025800000002,0.8207502675,401.0,1135.0
0.6878839823677783,0.5810288412,0.1735352508,0.7561505233999999,401.0,1135.0
0.6852272405796277,0.2852526436666667,0.11033156799999999,0.7269901466666666,401.0,1135.0
0.667214829154682,0.00486456525,0.06232752625000001,0.64367617275,401.0,1135.0
0.596573167184104,0.00878741588888889,0.10874355000000001,0.6193368783333333,401.0,1135.0
0.6721929080179747,0.26707695600000003,0.0691775775,0.5285554535,401.0,1135.0
0.6891078290000889,0.5936001186666666,0.04985337666666667,0.50356197,401.0,1135.0
0.6929467932590603,0.6766662046666667,0.055296643666666666,0.48843645533333335,401.0,1135.0
0.6931083671991404,0.433425576,0.0432790535,0.4461044435,401.0,1135.0
0.6698052156867474,0.047483293999999995,0.0618525994,0.477534174,401.0,1135.0
0.6262280470489008,0.0,0.11731483942857143,0.517676992,401.0,1135.0
0.7781048954608746,0.090614554,0.11383339033333333,0.37459555233333336,401.0,1135.0
0.8156597381818413,0.3760556225,0.070954631,0.391357914,401.0,1135.0
0.81592396248116,0.5025275624,0.1069680632,0.46515308,401.0,1135.0
0.8079988750884659,0.2296683565,0.11697478,0.515221971,401.0,1135.0
0.7773162188672946,0.01988214025,0.09115498525,0.47912962,401.0,1135.0
0.6505704364727739,0.0,0.131598401,0.5428091345,401.0,1135.0
0.6452282253373223,0.0,0.1915326012,0.7154233716,401.0,1135.0
0.8009347275282129,0.1048212345,0.2810940745,0.8356641149999999,401.0,1135.0
0.8155745658256431,0.363951249,0.354405222,0.8682034350000001,401.0,1135.0
0.8212113544790537,0.5479352243333334,0.3704879363333333,0.9053267071666666,401.0,1135.0
0.8117046412794829,0.22429717100000002,0.299368976,0.8446263835,401.0,1135.0
0.7605703464794534,0.00415788,0.24576439774999997,0.6396477327500001,401.0,1135.0
0.6404926362862008,0.0,0.17600045787500002,0.5020494921249999,401.0,1135.0
0.8011051650343111,0.147095896,0.1515457365,0.561790625,401.0,1135.0
0.815531864152526,0.386237167,0.1322763025,0.5229971385,401.0,1135.0
0.8160546018953503,0.507143973,0.11700984625,0.40147625675000004,401.0,1135.0
0.806044939651732,0.3651197985,0.117262182,0.393325485,401.0,1135.0
0.8017379345660373,0.1597844585,0.1069234355,0.383382689,401.0,1135.0
0.7587881175026892,0.0019477455,0.11273118174999999,0.28109487099999997,401.0,1135.0
0.6269116495385803,0.0,0.054626383428571436,0.09995186871428573,401.0,1135.0
0.7623145592022276,0.024329943,0.042814044499999995,0.05840177,401.0,1135.0
0.8224154028018114,0.20456460466666668,0.031209434666666664,0.08361828666666667,401.0,1135.0
0.8154026049120869,0.3519194868,0.0286569714,0.1249165128,401.0,1135.0
0.8055632187135255,0.200447677,0.036414361500000006,0.148440465,401.0,1135.0
0.7949700670219413,0.0483459145,0.0448497075,0.149109445,401.0,1135.0
0.7069776916683155,0.0,0.0499583674,0.1833624026,401.0,1135.0
0.6673957142468498,0.006510192857142856,0.045211644,0.33495063614285714,401.0,1135.0
0.8252321584911653,0.18949983650000002,0.0381002745,0.429500767,401.0,1135.0
0.8156068345040268,0.45362126700000005,0.03965684475,0.5007073639999999,401.0,1135.0
0.8072684844835746,0.34765435,0.055076223333333334,0.553068647,401.0,1135.0
0.8016958791347717,0.13132533700000001,0.0550975615,0.5488716680000001,401.0,1135.0
0.7594722788377033,0.00175349675,0.0780875425,0.585838251,401.0,1135.0
0.5940660569000308,0.0,0.1427586878,0.7025700471999999,401.0,1135.0
0.6143227562001545,0.0521560964,0.17840703200000002,0.6706663928000001,401.0,1135.0
0.689118877636846,0.41955785199999995,0.17274349900000002,0.6073893370000001,401.0,1135.0
0.6883355830227341,0.5710778166666667,0.16574360466666668,0.5727746420000001,401.0,1135.0
0.6870947111764604,0.3762808403333333,0.18823654166666667,0.5547905886666666,401.0,1135.0
0.684669364292255,0.166189312,0.12605535499999998,0.4554487545,401.0,1135.0
0.6632232784189154,0.0013744998,0.07770136220000001,0.31643447319999995,401.0,1135.0
0.5884953872669841,0.0,0.07877674742857144,0.3539155434285714,401.0,1135.0
0.647646930616164,0.16680480450000001,0.093326117,0.58260032,401.0,1135.0
0.6875837185191609,0.506968283,0.061817066500000004,0.606382747,401.0,1135.0
0.6884403483824202,0.7098511337500001,0.07639608,0.6451612252500001,401.0,1135.0
0.6882830483103529,0.45269217033333337,0.07297174,0.6430000046666667,401.0,1135.0
0.6785148776987129,0.07359175400000001,0.070143997,0.6178029995000001,401.0,1135.0
0.636937422888641,0.0,0.11920020825,0.722505132375,401.0,1135.0
0.7106683641020843,0.0198728485,0.11783645525,0.56995703825,401.0,1135.0
0.8167697506928515,0.351003968,0.074261785,0.47709469849999997,401.0,1135.0
0.816889730629395,0.666520242,0.038333809999999996,0.415492194,401.0,1135.0
0.8221361173114149,0.7356368198000001,0.0453195164,0.37639451859999995,401.0,1135.0
0.8114389676088238,0.2780079005,0.023976360500000002,0.258465641,401.0,1135.0
0.7812551701626544,0.0034154475,0.04725933,0.30400150849999996,401.0,1135.0
0.6866378533606119,0.0,0.14915291325,0.47625127525,401.0,1135.0
0.6383207105342771,0.0,0.23370895483333332,0.6998872585,401.0,1135.0
0.8009621033272649,0.181309617,0.250325496,0.7856787654999999,401.0,1135.0
0.820759747969257,0.563883471,0.180428493,0.799946797,401.0,1135.0
0.8378859998022764,0.8060522840000001,0.18441013574999998,0.8290905577500001,401.0,1135.0
0.8302261909116343,0.523493482,0.22030593166666668,0.8634760166666666,401.0,1135.0
0.7693782821650137,0.0344923172,0.2505505556,0.8709679336,401.0,1135.0
0.6259131494820147,0.0,0.16860229014285713,0.7360125417142858,401.0,1135.0
0.7589600088872503,0.0308729875,0.134363683,0.7371363005,401.0,1135.0
0.8147317043935866,0.311001406,0.110022742,0.7088187535,401.0,1135.0
0.8241729878702911,0.6912222591666667,0.1977481501666667,0.7387718879999999,401.0,1135.0
0.8201694955174625,0.4017161715,0.2241182165,0.748185012,401.0,1135.0
0.780534666340046,0.041996651249999996,0.23002144325,0.81381311875,401.0,1135.0
0.6428079689786147,0.0,0.2583035538,0.8559617643999999,401.0,1135.0
0.6562165888613019,0.0,0.1909660475,0.81364509275,401.0,1135.0
0.8011010101963143,0.12651322,0.182039134,0.7472342485,401.0,1135.0
0.8161134374105503,0.445681279,0.1631651045,0.7820177325,401.0,1135.0
0.8229732913512089,0.6375892718,0.24572621679999998,0.8062556942000001,401.0,1135.0
0.8142938390844598,0.3068555196666667,0.17236414499999997,0.7169235930000001,401.0,1135.0
0.7586360533152443,0.00076442425,0.19553243525,0.66570821475,401.0,1135.0
0.6305940562786765,0.0,0.4286354654285714,0.870810883,401.0,1135.0
0.7860777692017618,0.1324902935,0.580123529,0.92767236425,401.0,1135.0
0.8133905765748921,0.3923421936,0.6399463221999999,0.9358380172,401.0,1135.0
0.806761696541991,0.23966079066666665,0.6883233643333334,0.9361144153333334,401.0,1135.0
0.800682303141136,0.044535413,0.6357793035,0.9354916470000001,401.0,1135.0
0.7232059761980775,0.0,0.60815619975,0.929623081,401.0,1135.0
0.5935628108818922,0.005082023375,0.498186511625,0.894966068625,401.0,1135.0
0.679746162961376,0.2120538755,0.43296047849999997,0.870432109,401.0,1135.0
0.6934740133574611,0.4156002722,0.42068523760000004,0.8611848651999999,401.0,1135.0
0.6982364907164745,0.20220057933333335,0.37211420199999995,0.8134961713333334,401.0,1135.0
0.6753096291579136,0.007580039,0.22944249799999997,0.6142318295,401.0,1135.0
0.588087449555302,0.0,0.20927845814285712,0.3896066661428571,401.0,1135.0
0.6502810462398405,0.0223481635,0.20909568550000002,0.28907265849999997,401.0,1135.0
0.7024768349057242,0.071137899,0.2138162575,0.28008788500000004,401.0,1135.0
0.7046208737061468,0.11972327333333332,0.26169874033333335,0.31087828033333337,401.0,1135.0
0.7103507675830386,0.09670289725,0.43080826375000003,0.5982419502499999,401.0,1135.0
0.6877870290822785,0.0051257098,0.5602646802000001,0.849978533,401.0,1135.0
0.6355699639681914,0.0,0.5035481425714285,0.9050329577142858,401.0,1135.0
0.776404030763538,0.0174710975,0.528360163,0.9048784240000001,401.0,1135.0
0.8387512278305198,0.2698876445,0.52482215,0.8856450935,401.0,1135.0
0.832574767025587,0.5260570065,0.511079179,0.8654952415,401.0,1135.0
0.8232314817069295,0.5891768187499999,0.5082091799999999,0.84762830125,401.0,1135.0
0.8197265984698576,0.309234518,0.5092840235,0.846482484,401.0,1135.0
0.7931503301681102,0.02973608925,0.3681453805,0.7895301702499999,401.0,1135.0
0.6644227518895556,0.0,0.23891017274999998,0.56172583825,401.0,1135.0
0.7008207258811403,0.006870933333333333,0.17929096783333331,0.3234204923333333,401.0,1135.0
0.8424332189495197,0.315454146,0.1114648045,0.18944709999999998,401.0,1135.0
0.8324039142676735,0.6319833020000001,0.0967005225,0.140593828,401.0,1135.0
0.8192692753156885,0.565557042,0.08748635075,0.15647520999999998,401.0,1135.0
0.8142396424810675,0.23812677966666665,0.07785771699999999,0.25103579400000003,401.0,1135.0
0.7470172726627299,0.0,0.14579567759999998,0.5137107536000001,401.0,1135.0
0.6834757606711506,0.002601517625,0.26151692375,0.7955109834999999,401.0,1135.0
0.8399678331295632,0.255952901,0.279284187,0.8600703585,401.0,1135.0
0.8171820103532562,0.5961061206666667,0.26725441316666665,0.8489531018333333,401.0,1135.0
0.8035123081140719,0.25735374633333336,0.29380431833333337,0.8458854356666666,401.0,1135.0
0.7405817950217152,0.0,0.31415615139999997,0.7915227478,401.0,1135.0
0.6268818968967168,0.0,0.23263154166666666,0.6118967165,401.0,1135.0
0.7880214525914807,0.06205959666666666,0.17728722066666666,0.5774847793333334,401.0,1135.0
0.8201029273042507,0.39935112149999996,0.141756606,0.6540621664999999,401.0,1135.0
0.8129474580154648,0.6752675008000001,0.1400997452,0.723040774,401.0,1135.0
0.8034133937839227,0.3244562656666667,0.14036087433333333,0.7122891116666666,401.0,1135.0
0.7594955110665652,0.0,0.20844314225000002,0.7195376195,401.0,1135.0
0.6311607057055516,0.0,0.231758117,0.7767007285714287,401.0,1135.0
0.7867026254191636,0.06667654333333334,0.20705335133333333,0.8172482833333333,401.0,1135.0
0.826362067628865,0.381560362,0.18233092350000002,0.78657911,401.0,1135.0
0.8190449599967511,0.5541424434,0.2050893566,0.6708639614,401.0,1135.0
0.8121966106192375,0.29662694,0.296823993,0.7164607275,401.0,1135.0
0.8087314051405264,0.0425761445,0.3238070045,0.713722474,401.0,1135.0
0.7254282629174458,0.0,0.28622731775000004,0.5175874777499999,401.0,1135.0
0.6121764565657758,0.0,0.17175596371428573,0.2263485427142857,401.0,1135.0
0.6745994120915833,0.1201029225,0.132909167,0.1716663925,401.0,1135.0
0.7072067018845939,0.48682415599999995,0.106756611,0.237712174,401.0,1135.0
0.6983142539374613,0.66707525625,0.09922686350000001,0.34558139775,401.0,1135.0
0.6951726807441274,0.4927195865,0.1089071945,0.479969692,401.0,1135.0
0.6986720014958874,0.198267001,0.104154247,0.4701576545,401.0,1135.0
0.6787563427386676,0.0,0.1519440114,0.49767616200000003,401.0,1135.0
0.620131410286821,0.0,0.16953695366666668,0.6216628413333333,401.0,1135.0
0.6605230592288135,0.09040077566666667,0.135467761,0.5972350186666667,401.0,1135.0
0.7060865794997762,0.5442729525,0.06012577449999999,0.5050398604999999,401.0,1135.0
0.6917135046024697,0.7602412006,0.0581745704,0.4219436666,401.0,1135.0
0.6917921864148228,0.28890687,0.052442336,0.36247967133333336,401.0,1135.0
0.6785751956463235,0.0,0.08823637999999999,0.4208541932,401.0,1135.0
0.6516650416556283,0.0,0.12552902300000002,0.515720318,591.8333333333334,1677.5
0.8303547423349725,0.004027619,0.1694092355,0.580302819,630.0,1786.0
0.8762125423433815,0.1472687935,0.1767485655,0.63489764,630.0,1786.0
0.8623286857176974,0.34904660249999997,0.213616034,0.696947697,630.0,1786.0
0.8604022866462602,0.40915132874999993,0.332181001,0.765232579,630.0,1786.0
0.8656786652800503,0.24881543700000003,0.3761095105,0.8189397439999999,630.0,1786.0
0.8589662870439871,0.0307224605,0.33735552150000003,0.8097057480000001,630.0,1786.0
0.7360963755916812,0.0,0.27606256,0.6750601310000001,630.0,1786.0
0.6842750165448684,0.0,0.30259877649999994,0.80127957,630.0,1786.0
0.8689431036312405,0.0542548545,0.3916887235,0.9177860355,630.0,1786.0
0.8765166243214206,0.158332906,0.4782265435,0.9307341505,630.0,1786.0
0.8644979761146824,0.11723147083333334,0.6352723521666667,0.9196621933333334,630.0,1786.0
0.8537944927116959,0.036610936,0.6622183804999999,0.899191123,630.0,1786.0
0.792885095113395,0.0,0.63983508525,0.89566368975,630.0,1786.0
0.6508047960873578,0.0,0.6289996764285715,0.9114379937142856,630.0,1786.0
0.838176301915603,0.03726971766666667,0.599240414,0.847844127,630.0,1786.0
0.8599280211848815,0.285631152,0.5628016725,0.762996019,630.0,1786.0
0.843707636713201,0.41254689483333334,0.5115669365000001,0.6876151540000001,630.0,1786.0
0.8446964072933237,0.108972283,0.312473735,0.712564515,630.0,1786.0
0.7700277076359575,0.0,0.2070717986,0.6345268814,630.0,1786.0
0.649563150417361,0.0,0.15093150033333333,0.4870633521666666,630.0,1786.0
0.8388550659712348,0.037243095999999996,0.133461057,0.4591092083333333,630.0,1786.0
0.8607553714868756,0.259651174,0.11615392199999999,0.475573195,630.0,1786.0
0.8392475366014566,0.4819337105,0.1297636375,0.580070547,630.0,1786.0
0.8274239311450582,0.3519205045,0.132923515,0.7037934969999999,630.0,1786.0
0.8306507916924992,0.11718518650000001,0.12538283849999998,0.7005315915,630.0,1786.0
0.7912428121294373,0.0,0.151613236,0.68729926175,630.0,1786.0
0.6517139029336378,0.0,0.1799114065714286,0.708934356142857,630.0,1786.0
0.8396874329879648,0.07141303533333333,0.16332884233333334,0.6084693906666666,630.0,1786.0
0.8450880623331882,0.491000521,0.09539860850000001,0.5802589925,630.0,1786.0
0.8226226637209572,0.7172128034999999,0.07259156333333334,0.39327241283333336,630.0,1786.0
0.8172016606347612,0.18488327899999998,0.13464098349999998,0.289813634,630.0,1786.0
0.7833830750657599,0.0,0.22499751775000001,0.27325987949999997,630.0,1786.0
0.6166699673552087,0.0,0.20665394175000001,0.18527297299999998,630.0,1786.0
0.6333538300811953,0.03457273016666667,0.16669840533333333,0.10577856183333334,630.0,1786.0
0.7061818159957431,0.4939791295,0.104843114,0.0809369495,630.0,1786.0
0.6974665374063657,0.751708693,0.074121785,0.047107168666666664,630.0,1786.0
0.6965163290165117,0.5940473046666667,0.07761292566666667,0.093493158,630.0,1786.0
0.6957194467532124,0.14036186,0.095832812,0.25034785400000004,630.0,1786.0
0.6817139939235436,0.0,0.1597219055,0.5537542315,630.0,1786.0
0.6100421326571669,0.0,0.245529090125,0.7573672153750001,630.0,1786.0
0.6827060805528802,0.065602435,0.245901615,0.6998907635,630.0,1786.0
0.7298684281085286,0.321023131,0.1914029095,0.49561612349999995,630.0,1786.0
0.7223721628147552,0.53064028475,0.11765616675,0.2320776575,630.0,1786.0
0.7235398336865773,0.39765786000000003,0.0926844215,0.088437341,630.0,1786.0
0.7298528631802127,0.07484264233333333,0.10224877666666667,0.027084993,630.0,1786.0
0.7059016618679231,0.0,0.09949741966666666,0.05603877533333334,630.0,1786.0
0.6684188773780179,0.0,0.07829480225,0.3514144855,630.0,1786.0
0.7046206890024928,0.0,0.093049673,0.5245988006666666,630.0,1786.0
0.8657352626443042,0.1164179115,0.0978929125,0.6228983899999999,630.0,1786.0
0.8627401909874004,0.5127812985,0.059428702,0.6259258409999999,630.0,1786.0
0.8395495411604973,0.60299096225,0.0641449245,0.65576651175,630.0,1786.0
0.835211560377231,0.286950766,0.06616470799999999,0.628395027,630.0,1786.0
0.8235117894414665,0.006007222,0.09080184175,0.59000002825,630.0,1786.0
0.6771306801141707,0.0,0.08918716362500001,0.600167096625,630.0,1786.0
0.853707889012648,0.03881599,0.08803266566666666,0.5812263913333333,630.0,1786.0
0.8585402710487017,0.37743229833333336,0.06158311733333335,0.6176659586666666,630.0,1786.0
0.8249578293222708,0.6004159554999999,0.056871011750000006,0.5378103307500001,630.0,1786.0
0.8183858126622354,0.2808521765,0.056665002500000006,0.463264494,630.0,1786.0
0.8173604186173988,0.006409973,0.09710906833333333,0.4947586706666667,630.0,1786.0
0.730071618808696,0.0,0.12984236266666668,0.4456023206666666,630.0,1786.0
0.6306360654645912,0.0,0.10614284733333335,0.3042010113333333,630.0,1786.0
0.7289479696003988,0.0005653104,0.0899585568,0.1186041018,630.0,1786.0
0.8625386851557322,0.278074945,0.1122048085,0.2159828275,630.0,1786.0
0.8306746124985553,0.6230059265000001,0.077519865,0.261093625,630.0,1786.0
0.8220628411409241,0.7506713970000001,0.14945587225,0.34278690075,630.0,1786.0
0.8173476314243577,0.385277111,0.2928451975,0.6195008355,630.0,1786.0
0.782105039507631,0.004130248,0.4682993558,0.8474202641999999,630.0,1786.0
0.6460178506799059,0.0,0.4216357322857142,0.855135812142857,630.0,1786.0
0.8095435674333835,0.001286193,0.396330631,0.8628065695,630.0,1786.0
0.8376010992766111,0.30394059949999996,0.323316089,0.8666010585,630.0,1786.0
0.8277305059596141,0.6145495864999999,0.176377959,0.7566913115,630.0,1786.0
0.8222722407339581,0.71292921975,0.1504640785,0.601378395,630.0,1786.0
0.817315870460085,0.339959397,0.2040731225,0.730148433,630.0,1786.0
0.7796473349514632,0.0027231606,0.321408461,0.8052688226000001,630.0,1786.0
0.6458891851203145,0.0,0.3010236425714286,0.8303788025714285,630.0,1786.0
0.8100916723230227,0.0009322475,0.2466307875,0.824143752,630.0,1786.0
0.834876686687228,0.36810648500000004,0.17568266066666668,0.7952117486666667,630.0,1786.0
0.8241856445445719,0.7222438375000001,0.1074135075,0.67552473575,630.0,1786.0
0.8186546714767077,0.515081042,0.118966877,0.6511669695,630.0,1786.0
0.8144419328613905,0.1230290155,0.166049409,0.69671394,630.0,1786.0
0.7706255261879287,0.0,0.26783214525000004,0.799156156,630.0,1786.0
0.6130485316992415,0.0,0.26145173850000003,0.829782843,630.0,1786.0
0.6259898783988359,0.032464152833333336,0.20766326499999999,0.793489541,630.0,1786.0
0.6978876756565304,0.560789979,0.139668949,0.7762582876666667,630.0,1786.0
0.7011019913240075,0.7313088727500001,0.138949278,0.7425347840000001,630.0,1786.0
0.6995080767256902,0.36403161949999996,0.232384011,0.8198932290000001,630.0,1786.0
0.6768343017698307,0.0016217831666666667,0.38483957900000004,0.8868661294999999,630.0,1786.0
0.5967940514677019,0.0,0.32421434899999996,0.8173500530000002,630.0,1786.0
0.6442239075469571,0.05037188675,0.32400036025,0.7444113815,630.0,1786.0
0.6996304573678608,0.507578552,0.24349670950000002,0.781231861,630.0,1786.0
0.6977966866596994,0.7388969982000001,0.22022637579999998,0.7464451682,630.0,1786.0
0.6973228135499762,0.352187557,0.2972553785,0.7392427795000001,630.0,1786.0
0.68526345989463,0.00173560725,0.37492696375,0.64704238625,630.0,1786.0
0.6602092672736339,0.0,0.3310858623333333,0.4796774006666667,630.0,1786.0
0.6417063491276795,0.0,0.2309978322,0.29846012439999997,630.0,1786.0
0.8196633539281994,0.06211687966666667,0.21071516966666667,0.334293188,630.0,1786.0
0.8301785807830997,0.4668979945,0.123843271,0.34952514349999997,630.0,1786.0
0.8229337750207488,0.680130798,0.06828260859999999,0.25885018499999995,630.0,1786.0
0.8171749317403729,0.311736481,0.091292653,0.21925064849999998,630.0,1786.0
0.7853146442708536,0.0011709556,0.117751919,0.20719130139999997,630.0,1786.0
0.6496512576205651,0.0,0.06343033442857142,0.15965233285714284,630.0,1786.0
0.8356676909113951,0.05294764333333333,0.045411697333333334,0.17726470733333333,630.0,1786.0
0.8391566398680774,0.4292528605,0.0263021125,0.19396604750000002,630.0,1786.0
0.8229152537955631,0.6513702471999998,0.013033438599999999,0.14235287339999997,630.0,1786.0
0.8169413421549123,0.299556335,0.0233318495,0.13383283899999998,630.0,1786.0
0.7892664546854202,0.0009672251999999999,0.04965521120000001,0.2611848384,630.0,1786.0
0.6503951370241012,0.0,0.05349617142857143,0.29432396057142857,630.0,1786.0
0.8383490780439229,0.041983778666666666,0.032696863,0.22266934533333335,630.0,1786.0
0.8418960706762167,0.4400737323333333,0.014348291999999999,0.16576805600000002,630.0,1786.0
0.8233515465386633,0.677168265,0.007655252,0.11593644666666668,630.0,1786.0
0.8194960247901731,0.35850911133333335,0.02390519066666667,0.07987536466666667,630.0,1786.0
0.8189123588132365,0.0012495313333333333,0.07189643566666666,0.06133028566666667,630.0,1786.0
0.7085754748360598,0.0,0.05694760375,0.10070490800000001,630.0,1786.0
0.6475211984444448,0.0,0.0746426128,0.3479732956,630.0,1786.0
0.8374263838703927,0.027387716333333336,0.10188242200000001,0.46972359933333335,630.0,1786.0
0.8552123264555204,0.2430380175,0.0948944075,0.4948255735,630.0,1786.0
0.8379947157433465,0.44570455924999997,0.10146426650000001,0.418029933,630.0,1786.0
0.8340837746687403,0.2642467726666667,0.14391103500000002,0.4139389723333333,630.0,1786.0
0.7980506436010422,0.0005371736,0.197453045,0.384553373,630.0,1786.0
0.651289306565208,0.0,0.11713080342857143,0.18231852771428572,630.0,1786.0
0.8240552085805726,0.0,0.080114837,0.0916636305,630.0,1786.0
0.8749577600584006,0.129791233,0.056542108,0.07618519500000001,630.0,1786.0
0.8618943290047159,0.323464325,0.031435652,0.0495546475,630.0,1786.0
0.8421437249699137,0.38284700675000005,0.02394404075,0.02628079675,630.0,1786.0
0.8433363707694577,0.152912183,0.0299789335,0.0237127325,630.0,1786.0
0.8080121336514182,0.0003689486,0.0495313122,0.0431195522,630.0,1786.0
0.6472482493896485,0.007239376699999999,0.04873895600000001,0.23813390220000002,630.0,1786.0
0.7440311384245837,0.22775366400000002,0.055434532999999994,0.32470359299999996,630.0,1786.0
0.7236722414173175,0.4346035962,0.070771867,0.2843972072,630.0,1786.0
0.7288070262410016,0.193352974,0.081019541,0.1872302595,630.0,1786.0
0.7272636615088315,0.00047804625,0.10318066849999999,0.18213411475,630.0,1786.0
0.651996210374815,0.0,0.080803701,0.18304525849999997,630.0,1786.0
0.6214872150201992,0.0,0.06051279833333333,0.22867096099999998,630.0,1786.0
0.6752993386788404,0.01773820725,0.05176329675,0.30106766075,630.0,1786.0
0.7407777100461083,0.2449654225,0.037088549,0.3833948835,630.0,1786.0
0.7136770808850365,0.4236208808333333,0.06114005433333334,0.5280172596666667,630.0,1786.0
0.7269936136093522,0.0736322565,0.089149773,0.600346848,630.0,1786.0
0.6952601692863559,0.0,0.13041713000000002,0.5909939536666667,630.0,1786.0
0.6510888231156083,0.0,0.134323384,0.769135561,630.0,1786.0
0.8398266021096905,0.025891020666666667,0.16355451366666665,0.7853069993333334,630.0,1786.0
0.8674316343037418,0.2649364556666667,0.16951695666666666,0.748336767,630.0,1786.0
0.8548682205654723,0.32044058774999995,0.19371662174999998,0.64340134175,630.0,1786.0
0.8606883109147008,0.09076118566666667,0.18234808066666666,0.593015824,630.0,1786.0
0.7993208818369739,0.0,0.18687373075,0.65855545875,630.0,1786.0
0.6638824351918762,0.0,0.3041883018,0.8870670347999999,630.0,1786.0
0.7909185243228383,0.0035805362,0.5280221552,0.9319681195999999,630.0,1786.0
0.8788664160328666,0.073888325,0.639796289,0.9274682974999999,630.0,1786.0
0.8634637004974308,0.145095885,0.7142138726,0.929631412,630.0,1786.0
0.8570260158112447,0.06660492700000001,0.7871789094999999,0.926084842,630.0,1786.0
0.8049753668347959,0.0,0.800472796,0.9303005087999999,630.0,1786.0
0.6399921690069453,0.0,0.7971294031666666,0.9322906268333332,630.0,1786.0
0.8015847626537775,0.0051413585,0.7511437745,0.9313753967499999,630.0,1786.0
0.85629171682401,0.11369558733333333,0.6383067366666667,0.8855335240000001,630.0,1786.0
0.8490345575907986,0.19005696766666666,0.5868654276666666,0.8064948626666667,630.0,1786.0
0.847915650803474,0.11990854349999999,0.4731243945,0.792341535,630.0,1786.0
0.8555774832596268,0.0114787065,0.367476786,0.732223166,630.0,1786.0
0.7939522210266967,0.0,0.3300041125,0.70871105525,630.0,1786.0
0.650223248802101,0.0,0.43072313342857144,0.7965209108571428,630.0,1786.0
0.8329961518418735,0.003785189333333333,0.5250106046666666,0.7904375756666666,630.0,1786.0
0.8640969038397128,0.08284973849999999,0.5396012320000001,0.7589196794999999,630.0,1786.0
0.8592359311583012,0.19388349340000002,0.5199422640000001,0.7305669344,630.0,1786.0
0.8596065814821147,0.107703092,0.42766484,0.69540261,630.0,1786.0
0.8059246824608639,0.0,0.31028384900000006,0.6240135475999999,630.0,1786.0
0.6423892826396302,0.0,0.17333197275,0.586557696,630.0,1786.0
0.698289636845452,0.0,0.172763235,0.689389744,630.0,1786.0
0.8688322181402823,0.07333481125,0.24374302324999997,0.7814920519999999,630.0,1786.0
0.8676480662785111,0.27532884575,0.30335543375,0.8354666085,630.0,1786.0
0.8666853782956907,0.163278972,0.34491381633333335,0.7904638540000001,630.0,1786.0
0.811948469788278,0.0,0.3865715754,0.8346400383999999,630.0,1786.0
0.6249284642847497,0.0,0.3891819736,0.8367760052,630.0,1786.0
0.662146236318774,0.0028432664,0.376782653,0.753748182,630.0,1786.0
0.7561195251855423,0.23123897166666665,0.26876398,0.5518138726666667,630.0,1786.0
0.7455284895769988,0.287350154,0.14640689925,0.38833821025000004,630.0,1786.0
0.7612958361407984,0.10948878649999999,0.092245966,0.403856173,630.0,1786.0
0.7368206695133852,0.0,0.1377007458,0.5465520432000001,630.0,1786.0
0.6521476858624456,0.0010534907,0.2942721784000001,0.5723381056000001,630.0,1786.0
0.7500608903985848,0.16930231950000002,0.448968411,0.6376411085,630.0,1786.0
0.7612796002256437,0.24287371060000001,0.4244120584,0.5598767152,630.0,1786.0
0.7732757300522116,0.0873841525,0.4464423365,0.7191740314999999,630.0,1786.0
0.7558210168170125,0.0,0.4496293617999999,0.8321535927999999,630.0,1786.0
0.6886334983069474,0.0,0.34696210825,0.8156145478750001,630.0,1786.0
0.8623574148687022,0.018085512,0.3524304223333334,0.7919039613333333,630.0,1786.0
0.889144230997168,0.08412985679999999,0.34204605079999995,0.7698047753999999,630.0,1786.0
0.889292023172474,0.028200753666666672,0.42906611433333336,0.835104202,630.0,1786.0
0.8495273548492166,0.0,0.5238164185999999,0.8662421846000001,630.0,1786.0
0.6816718519787214,0.0,0.49477760925000003,0.90568720475,630.0,1786.0
0.8557162520980448,0.07837991975,0.53944199825,0.7177330639999999,630.0,1786.0
0.8729240064620607,0.24900332999999994,0.5583137866000001,0.675703193,630.0,1786.0
0.8505069726373468,0.01265603242857143,0.7045171431428571,0.770961641142857,630.0,1786.0
0.6630962305893706,0.0,0.6086264165,0.8733858345000001,630.0,1786.0
0.7978836132145483,0.06117985840000001,0.4253570554,0.8121409686,630.0,1786.0
0.8748422806163929,0.52828379325,0.19626149375000002,0.70830165,630.0,1786.0
0.8630995468595218,0.364839371,0.14984313866666668,0.47926877166666665,630.0,1786.0
0.844230443609427,0.0045911695,0.28414642149999997,0.5339420555,630.0,1786.0
0.689361365574916,0.0,0.24446034700000002,0.5595122875,779.0,2207.0
0.7076557502266891,0.0,0.24938341950000004,0.6987207845,928.0,2628.0
0.8981215883629168,0.011772258,0.26162836,0.778047664,928.0,2628.0
0.9173694667766019,0.2499929985,0.19676077,0.751193046,928.0,2628.0
0.8890143070886994,0.26916682599999997,0.10547612259999999,0.56677061,928.0,2628.0
0.895609715218217,0.070593408,0.15825545,0.5055935545,928.0,2628.0
0.8357768993771311,0.0,0.26966737049999995,0.5700773428333333,928.0,2628.0
0.6744906576521738,0.0,0.3418394363333334,0.7064249173333333,928.0,2628.0
0.8600823315874871,0.006086005666666667,0.3009488183333333,0.7903892003333333,928.0,2628.0
0.9175792355560066,0.20619812699999998,0.229716062,0.7602216905000001,928.0,2628.0
0.892554599573851,0.3464418036666666,0.1396400675,0.6216663343333333,928.0,2628.0
0.9156025643367152,0.01213620575,0.10715955725000001,0.40957509350000004,928.0,2628.0
0.7858692734635704,0.0,0.10645756966666668,0.26858626333333335,928.0,2628.0
0.6783815639700376,0.0,0.1018794455,0.25079186666666664,928.0,2628.0
0.7221444820339578,0.04293434225,0.08593340275,0.32108422025000005,928.0,2628.0
0.7806087364269367,0.350262468,0.047994474499999995,0.447581286,928.0,2628.0
0.7591151892860444,0.46806317999999997,0.0416883635,0.45865897375,928.0,2628.0
0.7886845979205432,0.10486443999999999,0.08874813,0.4670144916666667,928.0,2628.0
0.7291671513066296,0.0,0.162083829625,0.568460773,928.0,2628.0
0.6804449851489259,0.001706601,0.14602844616666666,0.5755554396666667,928.0,2628.0
0.7618678921895509,0.20346412766666666,0.10047376766666667,0.554164553,928.0,2628.0
0.7484888111525116,0.31366205750000004,0.058703282,0.35662426525,928.0,2628.0
0.7601507161269425,0.11495128299999999,0.09343485,0.3459812255,928.0,2628.0
0.7512039374674245,0.0,0.1695513878,0.4493449806,928.0,2628.0
0.6768258834115812,0.0,0.164512735,0.37209890985714283,928.0,2628.0
0.8774813127486546,0.0640942864,0.1719261404,0.40794868920000005,928.0,2628.0
0.8739173474634013,0.32170728733333337,0.11617482850000001,0.34277985566666674,928.0,2628.0
0.8566659680737015,0.005058411166666666,0.23689744333333332,0.4414031603333333,928.0,2628.0
0.6796772597556278,0.0,0.23100178814285716,0.38898386985714284,928.0,2628.0
0.845897070413466,0.004880275,0.22876640233333334,0.4913504063333334,928.0,2628.0
0.8835504425916569,0.303542099,0.173871893,0.517649676,928.0,2628.0
0.8546549151529685,0.5412530386,0.10322869080000001,0.48121742300000003,928.0,2628.0
0.8421875806700092,0.04034313014285714,0.26141365085714285,0.6153612782857143,928.0,2628.0
0.6756565130815021,0.0,0.22153945616666668,0.6480821418333332,928.0,2628.0
0.8147671121503387,0.0027143385,0.22590454575000002,0.63144558225,928.0,2628.0
0.8976116150565827,0.3304359675,0.200326707,0.6341478865000001,928.0,2628.0
0.8704087941801902,0.4885467855000001,0.13697976383333332,0.6363924306666666,928.0,2628.0
0.8543663719000715,0.0027070615,0.21275070933333332,0.6945316615,928.0,2628.0
0.6814027961741093,0.0,0.186980122,0.6278952822857143,928.0,2628.0
0.8798558760039124,0.07567487180000002,0.15399591,0.599883968,928.0,2628.0
0.8802827266343577,0.3634694908,0.0492879862,0.43910075060000003,928.0,2628.0
0.903038345436333,0.0419737266,0.0717275272,0.322443696,928.0,2628.0
0.7585169965103304,0.0,0.12695533875,0.26004282925,928.0,2628.0
0.6810875952096935,0.0,0.1377322742,0.3619459996,928.0,2628.0
0.883117599940482,0.05348175820000001,0.14189112339999999,0.45699621879999996,928.0,2628.0
0.8867823350985136,0.24731311999999997,0.1291010568333333,0.5250056258333333,928.0,2628.0
0.8603855675962784,0.0027247263333333334,0.21393187883333334,0.6556669675000001,928.0,2628.0
0.6689477547498386,0.0,0.2912198855,0.745373489,928.0,2628.0
0.6416435569685738,0.0,0.37311211040000003,0.8254088423999999,928.0,2628.0
0.7307931614236551,0.07517827933333333,0.4001334556666667,0.88030309,928.0,2628.0
0.7466938955013261,0.19232147599999996,0.29989192385714286,0.8408963425714286,928.0,2628.0
0.7151287720900751,0.0,0.38345696700000004,0.8290343822500001,928.0,2628.0
0.6709015020915297,0.03301020622222222,0.391801327,0.8631230513333334,928.0,2628.0
0.743584751339574,0.3093678614,0.3776118972,0.8535402682000001,928.0,2628.0
0.755759346321661,0.082511833,0.3835828865,0.8715807995,928.0,2628.0
0.7466072259376875,0.0,0.39576690379999996,0.8454180702,928.0,2628.0
0.6740466020452179,0.0,0.2767606494285714,0.6216915609999999,928.0,2628.0
0.867712391104561,0.0581651182,0.237378635,0.49459634040000006,928.0,2628.0
0.8791413226768515,0.23991393533333336,0.23335343866666666,0.337338025,928.0,2628.0
0.8855519732436519,0.00178915825,0.308805915,0.5858102602499999,928.0,2628.0
0.7542771831783828,0.0,0.2495669425,0.7190919265,928.0,2628.0
0.6862106483245066,0.0,0.207276643,0.7348241201666667,928.0,2628.0
0.8914396015002758,0.017862112666666666,0.28731046200000004,0.7466894156666667,928.0,2628.0
0.8957004734238555,0.1910847115,0.31192222000000003,0.7897671895,928.0,2628.0
0.8828820345119859,0.2872498014,0.4062285738,0.861270918,928.0,2628.0
0.8943956030870965,0.002767753,0.413595085,0.86521268725,928.0,2628.0
0.7559632757259758,0.0,0.36341070225,0.8563890177500001,928.0,2628.0
0.6974243126265943,0.0,0.22579802999999998,0.7185731694999999,928.0,2628.0
0.9140827312587981,0.09402402775,0.1548767835,0.71892572325,928.0,2628.0
0.8941971440924384,0.3615647345,0.06455075416666667,0.5817628498333333,928.0,2628.0
0.9100229802939616,0.00294748975,0.11517774175,0.57236551475,928.0,2628.0
0.7590422731551164,0.0,0.12124520700000001,0.47087042425,928.0,2628.0
0.7111501426828547,0.0,0.09523926033333334,0.34860382166666665,928.0,2628.0
0.9203853889021213,0.036069287666666665,0.09886941666666667,0.3497790686666667,928.0,2628.0
0.9024900686132206,0.42094126516666663,0.06233461516666666,0.31004598266666666,928.0,2628.0
0.9058879360224013,0.1420385295,0.1385875215,0.43136117100000004,928.0,2628.0
0.8711261791291541,0.0,0.2208096696,0.5155134554,928.0,2628.0
0.706319094240639,0.0,0.21474072542857142,0.4052641145714285,928.0,2628.0
0.8894800028860166,0.0006821236666666666,0.22449851166666665,0.36807133266666664,928.0,2628.0
0.9394219900864047,0.2912121395,0.19915999099999998,0.40147117649999997,928.0,2628.0
0.9175323561778733,0.5976100550000001,0.1280010425,0.26981338675,928.0,2628.0
0.9117992308707863,0.38080255399999996,0.177368264,0.357344283,928.0,2628.0
0.8646060129336836,0.0014432354285714287,0.36503963157142866,0.5479723674285714,928.0,2628.0
0.6833126287386262,0.0,0.36068153975,0.5600269972499999,928.0,2628.0
0.7173222794117539,0.036301202166666664,0.39760441783333333,0.5968435608333335,928.0,2628.0
0.7926716561773826,0.51732299,0.3207607725,0.6404149455,928.0,2628.0
0.7723014510313534,0.6263063692499999,0.29456783575,0.5198770735,928.0,2628.0
0.7953136194638395,0.1530806665,0.450773017,0.578571905,928.0,2628.0
0.7601068800508212,0.0,0.43887097700000005,0.6028896955714285,928.0,2628.0
0.6987571045882154,0.0,0.314635744,0.48203863566666666,928.0,2628.0
0.7548439226451332,0.05432943166666667,0.2679769696666667,0.49131887433333327,928.0,2628.0
0.8040408237009246,0.379419155,0.207584311,0.563134079,928.0,2628.0
0.790395809712158,0.5050966816,0.18818420260000002,0.6616961608,928.0,2628.0
0.805164823536852,0.1111795255,0.319223606,0.810772304,928.0,2628.0
0.7841051299350934,0.0,0.397618144,0.8848476183999999,928.0,2628.0
0.7252565561923511,0.0,0.420496042875,0.910977293125,928.0,2628.0
0.9284453700792946,0.017071135666666667,0.4664137053333333,0.9280789293333335,928.0,2628.0
0.9347822661130243,0.240741114,0.588573698,0.9282449636666666,928.0,2628.0
0.9413183592932164,0.0695966275,0.6538608125,0.930127851,928.0,2628.0
0.8830187351444947,0.0,0.6748211166000001,0.9275938362,928.0,2628.0
0.7129448424545429,0.0,0.649342017142857,0.9325561854285713,928.0,2628.0
0.9146043934231972,0.032988133600000004,0.639540274,0.9354521142000001,928.0,2628.0
0.9444649042405286,0.19652774839999998,0.562080519,0.9334045765999999,928.0,2628.0
0.9498652933163454,0.03009992666666667,0.5069442143333333,0.9340819886666667,928.0,2628.0
0.8474960760609027,0.0,0.43392605079999996,0.9236850785999999,928.0,2628.0
0.7312638358871347,0.0,0.32859227571428573,0.903605715,928.0,2628.0
0.937676315420953,0.02459545,0.2539015163333333,0.8271042526666665,928.0,2628.0
0.9504085048847779,0.201620895,0.218897963,0.75483678,928.0,2628.0
0.9422532488790014,0.26507772825,0.17854769025,0.639886352,928.0,2628.0
0.9468963046986185,0.0482137435,0.18180064,0.632323459,928.0,2628.0
0.8894242431506243,0.0,0.183433364,0.6382891828,928.0,2628.0
0.7349600069253264,0.0,0.13330813649999998,0.511339249125,928.0,2628.0
0.9405275246384925,0.054762704499999995,0.11776509275,0.47589763625000003,928.0,2628.0
0.945618947694434,0.286419257,0.07549287066666667,0.380028944,928.0,2628.0
0.9418836370934608,0.21873526466666668,0.07869580433333334,0.3487490123333333,928.0,2628.0
0.9017106362055389,0.0007074841666666667,0.10461065166666667,0.3490521878333333,928.0,2628.0
0.7230585350070575,0.0,0.08099985828571428,0.23264648142857144,928.0,2628.0
0.9156064467589159,0.050158894200000005,0.0816492382,0.25367151260000004,928.0,2628.0
0.9260747122679129,0.3372936766666667,0.05362198583333333,0.12794099849999999,928.0,2628.0
0.8906916683565339,0.0005649448333333334,0.14627355633333333,0.21563749716666666,928.0,2628.0
0.7049531285048123,0.0017253941818181817,0.11482304200000003,0.25138516254545457,928.0,2628.0
0.7966022633305169,0.09222703075000001,0.0815309575,0.2229139015,928.0,2628.0
0.7954698072818753,0.07333344233333333,0.073036337,0.19601031699999996,928.0,2628.0
0.7842317148389538,0.00021434283333333332,0.08412705383333334,0.20952834316666666,928.0,2628.0
0.6782161375132099,0.0,0.07060648485714285,0.19439990085714284,928.0,2628.0
0.7175908344373214,0.011058842,0.06644576075,0.33066441825,928.0,2628.0
0.7908613085217027,0.1275362274,0.0720518258,0.43435772000000006,928.0,2628.0
0.8027951661299505,0.046854217000000004,0.12304956466666667,0.5812202126666667,928.0,2628.0
0.7927914283223153,0.0,0.19662870999999998,0.733633191,928.0,2628.0
0.7076509490805597,0.0,0.21392785325,0.6916698918749998,928.0,2628.0
0.9024262391398351,0.00263750275,0.22006405325,0.6345107222499999,928.0,2628.0
0.9393937841151281,0.054977469,0.21931012049999998,0.568786055,928.0,2628.0
0.9337566336767491,0.07276113225,0.17158285825,0.404274533,928.0,2628.0
0.9344895374223029,0.0034043520000000002,0.1433560628,0.37975176920000003,928.0,2628.0
0.7875159421098581,0.0,0.10600184033333333,0.337662175,928.0,2628.0
0.711986310374953,0.0,0.07500103066666668,0.22971405016666666,928.0,2628.0
0.918120794446517,0.0154023078,0.0565865926,0.2070960924,928.0,2628.0
0.9436900699375192,0.1655109846,0.0427211088,0.29194738459999997,928.0,2628.0
0.9463911785375776,0.0368741095,0.053806489,0.42086522449999997,928.0,2628.0
0.9376741612814476,0.0,0.08571797433333334,0.5543959176666666,928.0,2628.0
0.7740563163053874,0.0,0.13815985749999998,0.6559295807500001,928.0,2628.0
0.7129730143951498,0.0,0.19753507119999997,0.7154960872,928.0,2628.0
0.9074932877758677,0.015000799,0.282769076,0.7875668445,928.0,2628.0
0.9356061695708725,0.2307201095,0.29991169766666664,0.8720755496666667,928.0,2628.0
0.9355531273653176,0.0272604545,0.4316255405,0.920334873,928.0,2628.0
0.876486941140693,0.0,0.5169845040000001,0.934578445,928.0,2628.0
0.6984815223019254,0.0,0.5072628567142857,0.9356049875714285,928.0,2628.0
0.8875888655869542,0.01396142425,0.5136331762499999,0.9344207362499999,928.0,2628.0
0.9251443639175175,0.2203624802,0.4711263348,0.9353798506000001,928.0,2628.0
0.9204223815532059,0.101732109,0.5510040174999999,0.9358455299999999,928.0,2628.0
0.8787428352588197,0.00021645866666666666,0.588296947,0.9342151775,928.0,2628.0
0.7036568089796279,0.0,0.437274142625,0.9263922842499999,928.0,2628.0
0.9170623656229134,0.0507492848,0.35345962779999995,0.9140372066,928.0,2628.0
0.9227526154454425,0.11805378366666665,0.24342883166666665,0.8689135033333333,928.0,2628.0
0.8515564178785886,0.0,0.24689309566666665,0.8289004111666668,928.0,2628.0
0.7010030736024695,0.0019907353999999997,0.2569413819,0.7885984945,1265.5,3583.8
0.7928860875088949,0.1356158585,0.265570816,0.7688600226666668,1303.0,3690.0
0.7906353636790808,0.0059691567142857145,0.41314814085714285,0.8044428791428571,1303.0,3690.0
0.6662464744703852,0.0,0.5142316603333333,0.8623673981666666,1303.0,3690.0
0.7139014685278268,0.002097469,0.5637806318333333,0.8714453753333333,1303.0,3690.0
0.7687319104211701,0.01363975942857143,0.5759751354285714,0.8249962988571429,1303.0,3690.0
0.7553992165500668,0.0,0.5782104964,0.8421388524000001,1303.0,3690.0
0.6832044566822734,0.0,0.5327029014285715,0.827082472,1303.0,3690.0
0.8649215028084495,0.019958442,0.6259151976000001,0.9000144964000001,1303.0,3690.0
0.8804054037902805,0.1414397577142857,0.5508774147142858,0.8690896368571428,1303.0,3690.0
0.8496969243365159,0.0,0.4892619328,0.7714318130000001,1303.0,3690.0
0.6937294307107011,0.0,0.5723724065714286,0.8113488832857143,1303.0,3690.0
0.885848207360067,0.00585478725,0.49270108375,0.7793534055,1303.0,3690.0
0.9241753270448565,0.24645996750000002,0.35616817749999996,0.6534532435,1303.0,3690.0
0.9175082818461677,0.3708996935,0.32463595275,0.57805334675,1303.0,3690.0
0.9281498592566442,0.0644295245,0.2764912985,0.5249416984999999,1303.0,3690.0
0.8809901799838901,0.0,0.2127399606,0.47495044780000006,1303.0,3690.0
0.7217469773690871,0.0,0.16300255857142856,0.5389914978571428,1303.0,3690.0
0.9101348126120837,0.00830076575,0.15453951024999998,0.584038689,1303.0,3690.0
0.9342255286474036,0.3082278836666667,0.13306792533333334,0.5933729293333333,1303.0,3690.0
0.9217200813671295,0.292926872,0.13993079633333336,0.6405770813333334,1303.0,3690.0
0.928445077779134,0.023683151,0.2650013225,0.7250131980000001,1303.0,3690.0
0.849907810506746,0.0,0.3857066021666667,0.7964043758333332,1303.0,3690.0
0.6948957201557412,0.0,0.36369777933333336,0.7887785465,1303.0,3690.0
0.880359497183673,0.00165944875,0.32034826075,0.67882137525,1303.0,3690.0
0.9106202037068982,0.0399005875,0.2596409025,0.694422771,1303.0,3690.0
0.9025833351209928,0.028998298500000002,0.3233895826666667,0.8007519023333334,1303.0,3690.0
0.8731446935803994,0.0,0.43457232399999995,0.88412035775,1303.0,3690.0
0.7094071071365624,0.0,0.530666011,0.9112681814,1303.0,3690.0
0.6867150126050688,0.0,0.557336377,0.8719380756666667,1303.0,3690.0
0.8635767742627203,0.00127144425,0.55621323225,0.8437596882499999,1303.0,3690.0
0.890085874174849,0.018696404,0.561280015,0.831956413,1303.0,3690.0
0.8871513005317341,0.03159272775,0.590254195,0.8780006852500001,1303.0,3690.0
0.8968000526087263,0.0118939475,0.6481577860000001,0.9189089619999999,1303.0,3690.0
0.8396667129276411,0.0,0.7494227506666666,0.9288767954999999,1303.0,3690.0
0.6696889979233664,0.0,0.8285071272499999,0.9365157938750001,1303.0,3690.0
0.7683277226450075,0.042705817666666666,0.8417001276666666,0.934834575,1303.0,3690.0
0.7781383798472201,0.15817976716666668,0.8673432553333335,0.9319281621666667,1303.0,3690.0
0.7522889014785639,0.0,0.859840378375,0.911742979625,1303.0,3690.0
0.661951301714759,0.0,0.844695914,0.8574544758571429,1303.0,3690.0
0.7641107528578269,0.019353667333333335,0.8193901669999999,0.90214947,1303.0,3690.0
0.787334714507931,0.1181575918,0.7718235876,0.9213533602,1303.0,3690.0
0.8046397546836768,0.0208145215,0.7600554615,0.927888961,1303.0,3690.0
0.7855807610977198,0.0,0.7925733042,0.9334571698000002,1303.0,3690.0
0.7038241892764948,0.0,0.739339249,0.9300552728571431,1303.0,3690.0
0.9034539413175346,0.00415663575,0.70592164275,0.9302352012499999,1303.0,3690.0
0.934520023931363,0.202011623,0.62510528,0.9233778834999999,1303.0,3690.0
0.927403628081955,0.2712973542,0.6606856677999999,0.9244060042,1303.0,3690.0
0.9312835149930777,0.00026932925,0.673109664,0.9106848032500001,1303.0,3690.0
0.7887792956606966,0.0,0.6331629493333333,0.8824921680000001,1303.0,3690.0
0.7149935386143662,0.0,0.6075529201666666,0.8460923375000001,1303.0,3690.0
0.9096625319417049,0.00298451425,0.5350642275,0.7704075065,1303.0,3690.0
0.9357482470018677,0.23207950966666668,0.3895742705,0.5534094855,1303.0,3690.0
0.937054840981637,0.0575520455,0.3078085445,0.43615147099999996,1303.0,3690.0
0.8606736614404403,0.0,0.2426424766666667,0.33598515633333337,1303.0,3690.0
0.7235265078481913,0.0,0.17790125883333333,0.23826721283333338,1303.0,3690.0
0.9235764327156165,0.022702434599999998,0.12353744019999999,0.295466087,1303.0,3690.0
0.9438393273253763,0.185010547,0.102152835,0.3361206275,1303.0,3690.0
0.9022598332991415,0.0,0.16139151333333335,0.5635439346666667,1303.0,3690.0
0.7324247078212406,0.0,0.20292350214285712,0.615798255142857,1303.0,3690.0
0.9187771904809158,0.00317023,0.2387659965,0.65278872675,1303.0,3690.0
0.9512067787537603,0.19828558471428576,0.25597728057142854,0.5763842032857143,1303.0,3690.0
0.9062074060683795,0.00017785866666666667,0.23230232066666665,0.6068207653333333,1303.0,3690.0
0.7393604207077821,0.0,0.16259009114285713,0.42746269,1303.0,3690.0
0.9209557138512267,0.00267191775,0.1492141705,0.41223908550000005,1303.0,3690.0
0.9572392474527556,0.1569448105,0.116215909,0.346022857,1303.0,3690.0
0.9556447258842068,0.1619790796,0.09145384399999999,0.2363908762,1303.0,3690.0
0.9077201220350739,0.0,0.09036377433333333,0.2841323871666667,1303.0,3690.0
0.7143066091548536,0.0,0.06569680224999999,0.26597790224999995,1303.0,3690.0
0.7830795008018321,0.04322015775,0.08993416850000001,0.455083424,1303.0,3690.0
0.8268285411889028,0.2123231392857143,0.12700808900000002,0.6277558867142857,1303.0,3690.0
0.8094270960267039,0.0,0.2859010476,0.7709282194,1303.0,3690.0
0.7094575377296622,0.0,0.3328452075714286,0.8512376944285714,1303.0,3690.0
0.7761580383056178,0.023247382833333333,0.26824739966666666,0.7920797691666666,1303.0,3690.0
0.8188773892857879,0.0859643975,0.1622647605,0.506186963,1303.0,3690.0
0.8350529408118653,0.0107976465,0.12881922299999998,0.391514828,1303.0,3690.0
0.8041505090379125,0.0,0.11646495080000001,0.3946928354,1303.0,3690.0
0.7183608179685084,0.0,0.08470919285714285,0.34483809014285705,1303.0,3690.0
0.9155535796683324,0.0116787622,0.1333555538,0.4310793396,1303.0,3690.0
0.9335415327392567,0.1286987455,0.150899694,0.4527563565,1303.0,3690.0
0.9337840473665627,0.042469281,0.20358523433333334,0.4827308753333333,1303.0,3690.0
0.858455660094399,0.0,0.24511440816666666,0.46902818616666675,1303.0,3690.0
0.7079800557524666,0.0,0.22485927683333332,0.526771318,1303.0,3690.0
0.9007241511121968,0.00227628825,0.1703062635,0.56512774025,1303.0,3690.0
0.9257405467926983,0.22017683633333332,0.15458714183333333,0.6453838701666667,1303.0,3690.0
0.9343911571751418,0.029142401,0.31415494475,0.729125311,1303.0,3690.0
0.839807828839136,0.0,0.44262863066666663,0.819393512,1303.0,3690.0
0.713099228070547,0.0,0.4693950027142857,0.8756037680000001,1303.0,3690.0
0.9067484509259696,0.0069409438,0.4111251334,0.8914080850000001,1303.0,3690.0
0.9232583877378664,0.06128666566666666,0.25936944016666663,0.8010538929999999,1303.0,3690.0
0.883003261109819,0.0,0.22751549916666666,0.7176685511666667,1303.0,3690.0
0.7074309200636755,0.0,0.22263813999999996,0.6179911865714286,1303.0,3690.0
0.8948444551705126,0.0014125395,0.29752427499999995,0.6637302494999999,1303.0,3690.0
0.9240698357085948,0.10646062214285713,0.3071965808571429,0.6275518517142858,1303.0,3690.0
0.9175511220470255,0.0,0.39823964025,0.6581157022499999,1303.0,3690.0
0.7608931132978587,0.0,0.46538483475,0.70573514975,1303.0,3690.0
0.6919379074788929,0.0,0.5101870364,0.694227325,1303.0,3690.0
0.8837793510662694,0.003435889,0.5747486704,0.7397178924000001,1303.0,3690.0
0.8979978076405363,0.0197060405,0.6992791253333333,0.795167084,1303.0,3690.0
0.8639042306428286,0.0,0.8235738506666666,0.8118095375,1303.0,3690.0
0.6894111878721599,0.0,0.8054903723333334,0.7478744996666666,1303.0,3690.0
0.6584375945967579,0.0,0.7052902556666666,0.5759125746666667,1303.0,3690.0
0.7585297916571173,0.017642522666666667,0.6110529833333334,0.487987395,1303.0,3690.0
0.7820337781109209,0.10646604914285714,0.5203030268571428,0.4435972198571428,1303.0,3690.0
0.7816049914819192,0.0,0.4351278808,0.4911243568,1303.0,3690.0
0.6741690487371459,0.0,0.38915270733333335,0.6384612284444444,1303.0,3690.0
0.766343595783185,0.007962879666666667,0.41554547933333336,0.6694077823333333,1303.0,3690.0
0.7880913866595056,0.031205494,0.39081409057142863,0.39831085399999994,1303.0,3690.0
0.773254956061072,0.0,0.3009553084,0.352682393,1303.0,3690.0
0.701756162799844,0.0,0.40176938728571426,0.5307294972857143,1303.0,3690.0
0.9103397298384944,0.010128192,0.3719899984,0.3818403954,1303.0,3690.0
0.9377717672756363,0.175536792,0.194778043,0.32190346025,1303.0,3690.0
0.9410390829496277,0.081360213,0.194659055,0.43291710966666663,1303.0,3690.0
0.8654523852975092,0.0,0.250355076,0.4657169975,1303.0,3690.0
0.7172344678480211,0.0,0.2783996206666667,0.6549008501666668,1303.0,3690.0
0.9185729796134192,0.0204963262,0.3294355494,0.716445755,1303.0,3690.0
0.934761498529069,0.24863591980000002,0.3124755564,0.7833964391999999,1303.0,3690.0
0.9413710326438068,0.063252802,0.33448265899999996,0.78491387,1303.0,3690.0
0.8639038997890943,0.0,0.37869382399999996,0.779542841,1303.0,3690.0
0.7246921325084207,0.0,0.3461570891666667,0.7568256845000002,1303.0,3690.0
0.8818688742341341,0.0,0.2919389405,0.657889893,1303.0,3690.0
0.9517728189773584,0.03439678366666667,0.267413199,0.6018366940000001,1303.0,3690.0
0.9491915764648089,0.1629369175,0.1955950645,0.5130226760000001,1303.0,3690.0
0.9410477002809299,0.13963793925,0.20458269799999998,0.591486791,1303.0,3690.0
0.9379385346251263,0.00041315475,0.21048385900000002,0.7045947690000001,1303.0,3690.0
0.7922262045412616,0.0,0.19086698366666666,0.7181513643333334,1303.0,3690.0
0.7201358266484004,0.0,0.19112229766666666,0.6545129681666667,1303.0,3690.0
0.9220409453733518,0.020769918199999998,0.1971171782,0.6006731538000001,1303.0,3690.0
0.9399067249735132,0.14151230885714286,0.13920376414285715,0.506460955142857,1303.0,3690.0
0.8623132358977591,0.0,0.14418497766666666,0.45107537299999995,1303.0,3690.0
0.7232176325231124,0.0,0.14478789733333333,0.42015750133333335,1303.0,3690.0
0.9168731117745175,0.001566306,0.149487474,0.33664209475,1303.0,3690.0
0.9481869383605275,0.23519614299999997,0.123546161,0.3760315606,1303.0,3690.0
0.9474668451169088,0.078836732,0.1445894275,0.506232747,1303.0,3690.0
0.8433864958061538,0.0,0.16916599200000002,0.5545621764,1303.0,3690.0
0.6880856936712146,0.0,0.17974908675,0.5832737937499999,1303.0,3690.0
0.7284320859033869,0.0056881082857142854,0.21581232528571426,0.718845504,1303.0,3690.0
0.8017431664737865,0.06024462216666667,0.34264053450000004,0.8907599283333333,1303.0,3690.0
0.8195989090337277,0.0,0.5071484855,0.9119270509999999,1303.0,3690.0
0.7607038895411347,0.0,0.598385214,0.9082191604000001,1303.0,3690.0
0.6673829311648222,0.0,0.659848935,0.8310647436666668,1303.0,3690.0
0.7242520861606621,0.0004177175,0.62857081225,0.6919343414999999,1303.0,3690.0
0.796745317691395,0.103270182,0.4898632996666667,0.7309379926666667,1303.0,3690.0
0.7914697927044267,0.13316145233333332,0.5008653176666668,0.7375346463333333,1303.0,3690.0
0.8082586861856096,0.018842942,0.42636112950000005,0.6081769275,1303.0,3690.0
0.7852159180026067,0.0,0.3052811768,0.42568145739999996,1303.0,3690.0
0.6951765850391292,0.0,0.18624828657142856,0.3874358135714286,1303.0,3690.0
0.8434461947667486,0.0,0.1325557595,0.3316475085,1303.0,3690.0
0.9224191575222035,0.005618469333333333,0.11006373233333333,0.3125067653333333,1303.0,3690.0
0.9154537779210821,0.05076857525,0.1032087525,0.45154971,1303.0,3690.0
0.9151493189133952,0.02354055133333333,0.13629405066666667,0.6515360763333333,1303.0,3690.0
0.9099387928213921,0.0,0.208272261,0.7863941993333333,1303.0,3690.0
0.7615364657855686,0.0,0.2887422685,0.86681052125,1303.0,3690.0
