Demand,Avail_Sol,Avail_Wind_On,Avail_Wind_Off,Hyd_In,HydRoR_In
0.6599634792213459,0.0,0.5659068666,0.7751394142,0.0,0.0
0.8821838056153428,0.0022505654,0.7130672773999999,0.860200782,0.0,0.0
0.9256860911822354,0.107300456,0.8040550994,0.8684786736,0.0,0.0
0.8958124509583227,0.002975879857142857,0.6753840058571429,0.886299285,0.0,0.0
0.6813315792776985,0.0,0.4937318662857143,0.7938937772857143,0.0,0.0
0.9051910393717917,0.013734069800000002,0.38450081180000006,0.6862079722,0.0,0.0
0.9299890730599489,0.342975222,0.3507961444,0.63075298,0.0,0.0
0.8811217280218471,0.00345858125,0.477322496125,0.664114599375,0.0,0.0
0.674118335786925,0.0,0.8024494783333332,0.8878413856666668,0.0,0.0
0.9144291345278655,0.0016351293333333333,0.8507017920000001,0.9174039581666666,0.0,0.0
0.9378595503372265,0.0730089255,0.42482900375,0.69232158325,0.0,0.0
0.9007089019454868,0.0021657585714285714,0.16697590742857144,0.3400447505714285,0.0,0.0
0.6882317960314926,0.0,0.34334354857142857,0.38830271471428573,0.0,0.0
0.9147392962654486,0.03500608,0.4177834771666667,0.4783586023333333,0.0,0.0
0.9395684193131664,0.13978864966666668,0.2923302658333333,0.32892335283333335,0.0,0.0
0.888534476755529,0.0,0.12030688240000001,0.14609239280000003,0.0,0.0
0.6882328606610001,0.0,0.13046153314285713,0.1609529667142857,0.0,0.0
0.9101503352241019,0.0054342378,0.117705091,0.18568207779999998,0.0,0.0
0.9434382171617165,0.11035421249999999,0.12425488166666666,0.17747089000000002,0.0,0.0
0.9020523374056982,0.0,0.10819000416666665,0.1606485158333333,0.0,0.0
0.6666174528120438,0.0,0.08794627828571429,0.11493869757142859,0.0,0.0
0.7533311388631686,0.0060430796,0.1040505206,0.1641683308,0.0,0.0
0.8147799105136627,0.2279780215,0.14205261824999998,0.33627839625,0.0,0.0
0.8315837587743283,0.07546582075,0.28949119925,0.5448856,0.0,0.0
0.8027385236858754,0.0,0.37009276025000004,0.5692598565,0.0,0.0
0.6813904595939574,0.0,0.17614557857142857,0.22358884471428572,0.0,0.0
0.7597025300629058,0.0250680904,0.0824577418,0.10324289499999999,0.0,0.0
0.8218800263605003,0.39733782516666666,0.18116183866666669,0.3522629521666667,0.0,0.0
0.8151166962685822,0.0,0.29259714833333333,0.47464040150000003,0.0,0.0
0.7055376618192863,0.0,0.247020112,0.4342677728571428,0.0,0.0
0.9233842741279885,0.013022003800000001,0.1471863862,0.21647834919999998,0.0,0.0
0.9533837072375314,0.2374257765,0.09366585066666666,0.09798430333333334,0.0,0.0
0.9112440637348768,0.0,0.2589395738333333,0.23542993266666667,0.0,0.0
0.6952074565979526,0.0,0.6316862344285715,0.6019121991428572,0.0,0.0
0.9173701175301398,0.024963765399999997,0.8497218982,0.8762743768,0.0,0.0
0.9402435940781324,0.37256816159999995,0.9122597562000001,0.9292403948000001,0.0,0.0
0.9015241737840516,0.005526820714285715,0.8640991805714286,0.9289338314285717,0.0,0.0
0.6858110610694987,0.0,0.6121705758571429,0.815510563,0.0,0.0
0.9086808343027833,0.0009606781999999999,0.40731777100000005,0.639844978,0.0,0.0
0.9409367000533787,0.021379732,0.25413337249999995,0.49320778083333333,0.0,0.0
0.8764971959381308,0.0,0.27596752814285713,0.4166073282857143,0.0,0.0
0.7647904488455758,0.0,0.1470142367,0.22749979839999995,0.0,0.0
0.939400819961105,0.018009781142857142,0.14063622414285715,0.23845625857142855,0.0,0.0
0.8986822851247318,0.0,0.28706966600000006,0.4507726728333334,0.0,0.0
0.6892137353359732,0.0,0.3828921075714286,0.5050095069999999,0.0,0.0
0.9038895945362446,0.0,0.42790234825,0.57293785375,0.0,0.0
0.9457212272795916,0.06556481014285714,0.4354825614285714,0.5841777485714286,0.0,0.0
0.9015612479630851,0.0,0.4847180123333333,0.66812898,0.0,0.0
0.6988287402383567,0.0008950364166666667,0.5015395552499999,0.7397033404999999,0.0,0.0
0.8227612388745433,0.030556832000000003,0.5531751760000001,0.7710345247142857,0.0,0.0
0.8086563560673087,0.0,0.5786196724,0.7812977772,0.0,0.0
0.6717333007192803,0.0,0.43095673175,0.6641284745,0.0,0.0
0.7827764229702245,0.0159988672,0.43117428319999995,0.7368486396,0.0,0.0
0.8222599013081918,0.1302405288,0.5355626601999999,0.7465710012000001,0.0,0.0
0.8165766143684737,0.0,0.7323798558333333,0.8605195123333335,0.0,0.0
0.7012191456726689,0.0,0.8283524414285715,0.9151314077142857,0.0,0.0
0.9218710653037704,0.004121948,0.9066877962,0.9357306555999999,0.0,0.0
0.9522788932057411,0.031367437166666665,0.9202111901666666,0.9369065441666667,0.0,0.0
0.902205010391731,0.0,0.9269671771666667,0.9129563826666667,0.0,0.0
0.6898232102158607,0.0,0.8567929378571428,0.9255449461428571,0.0,0.0
0.9086838335185012,0.0113734282,0.6734815324000001,0.8857662,0.0,0.0
0.9430211477930337,0.14061090633333334,0.3806052291666666,0.6828091251666666,0.0,0.0
0.9025665761750852,0.0,0.36492984300000003,0.5384807058333333,0.0,0.0
0.6951804624631174,0.0,0.33539833428571425,0.43128678828571426,0.0,0.0
0.9239317845771972,0.04777134466666666,0.22242157850000002,0.32518380583333334,0.0,0.0
0.9478245977418899,0.2200555372,0.2168068448,0.3721478038,0.0,0.0
0.9063016384462065,0.0,0.26775034583333335,0.4271586168333333,0.0,0.0
0.696665637337522,0.0,0.350352678,0.45899886885714286,0.0,0.0
0.9151022244809713,0.0045656839999999995,0.295285293,0.3827697952,0.0,0.0
0.9508798083470611,0.05887140628571429,0.14605268714285713,0.2423888412857143,0.0,0.0
0.8958609868520963,0.0,0.0696289926,0.13303727199999998,0.0,0.0
0.6998594972147262,0.0,0.04662449085714286,0.05605557314285713,0.0,0.0
0.9204709667300307,0.016369582,0.05695981800000001,0.07184204320000001,0.0,0.0
0.9504513591194493,0.2371903285,0.09092752650000001,0.1503107435,0.0,0.0
0.9048239658650564,0.000232331,0.18788354866666668,0.2970962525,0.0,0.0
0.6909705546972291,0.00011273927272727272,0.21894058390909094,0.32651579890909094,0.0,0.0
0.8214100390802261,0.13950166333333336,0.23594081511111112,0.3196045347777778,0.0,0.0
0.7164612714233485,0.0,0.11090661990000002,0.16710322919999998,0.0,0.0
0.7194717192469531,0.0003767724,0.038991091,0.045355861399999996,0.0,0.0
0.8185232415003695,0.27839366085714284,0.03958478428571428,0.02625766057142857,0.0,0.0
0.8161268706927017,0.0003518666666666667,0.18174267016666668,0.20834478899999997,0.0,0.0
0.6964943717729257,0.0,0.3963924924285714,0.5260897434285714,0.0,0.0
0.9201721617780692,0.0037408852,0.521743658,0.7329040294,0.0,0.0
0.9533915709952635,0.056122888625,0.42346257174999996,0.671488975625,0.0,0.0
0.8796269601692446,0.0,0.220968874,0.4812213405,0.0,0.0
0.6945309633786926,0.0,0.16340913114285716,0.32610061128571427,0.0,0.0
0.9273988516582222,0.020419811571428574,0.44287458542857144,0.6677506801428572,0.0,0.0
0.9455734593957693,0.03756802933333333,0.6827548806666667,0.8524905725000002,0.0,0.0
0.8699538140920274,0.0,0.8852751947499999,0.93430792675,0.0,0.0
0.6757992144706402,0.0,0.8941655272857144,0.9369692857142856,0.0,0.0
0.886737035287816,0.009339934333333333,0.8106254945,0.9229085243333333,0.0,0.0
0.9022381875260593,0.023710245833333338,0.8961985688333334,0.8661785683333333,0.0,0.0
0.8667489985588454,0.0,0.9002262496,0.9368193426,0.0,0.0
0.675916746451054,0.0,0.854194559,0.9273833509999999,0.0,0.0
0.8852119789501028,0.035686970199999994,0.8144519133999999,0.9310342408000001,0.0,0.0
0.922456992383311,0.3438170295,0.7042919916666666,0.8803361883333333,0.0,0.0
0.8659781035027809,0.0006968174285714286,0.5233089984285714,0.7401188847142858,0.0,0.0
0.6714172602296845,0.0,0.27087330633333334,0.48194165583333337,0.0,0.0
0.897353909908182,0.00074540625,0.19385255525,0.34098944924999997,0.0,0.0
0.935361232498564,0.204249356,0.184919015,0.3379733878571428,0.0,0.0
0.891969703795375,0.0010123948333333333,0.2176379953333333,0.37534964533333337,0.0,0.0
0.6825003099041564,0.00026778727272727275,0.23531576554545452,0.3826354056363636,0.0,0.0
0.8043149696635835,0.19219515099999998,0.4529601896666667,0.57230495,0.0,0.0
0.80274193476523,0.010208460428571427,0.8413228034285716,0.8960781229999999,0.0,0.0
0.670122432104417,0.0005026219090909091,0.9193439180909092,0.9356083286363638,0.0,0.0
0.7937949628038495,0.30342705,0.9166975832857142,0.9205430198571428,0.0,0.0
0.7965386609882673,0.0013449308333333334,0.7411454955,0.9007561391666666,0.0,0.0
0.6700258094060647,0.0,0.6472791727142857,0.7904066554285715,0.0,0.0
0.8763870731012865,0.0013946782,0.9162579308,0.9111608302,0.0,0.0
0.9205444960265404,0.11259562849999999,0.9017942505,0.9347277535000001,0.0,0.0
0.8885848688593135,0.001475876,0.9106554680000002,0.9366507365,0.0,0.0
0.6805680947199589,0.0,0.9084498354285715,0.9365772240000002,0.0,0.0
0.8991131313949372,0.040630322999999996,0.8377974187999999,0.9331264204,0.0,0.0
0.9273892526936908,0.34172637916666665,0.7291260613333334,0.9102931226666667,0.0,0.0
0.8722531047560549,0.0018166445714285714,0.5818953768571429,0.8447429497142858,0.0,0.0
0.6748664073815623,0.0,0.691240402,0.8669684033333334,0.0,0.0
0.9090326374489136,0.0024495146,0.8238042304000001,0.9170600078,0.0,0.0
0.9307325437494248,0.029295347666666666,0.8457277621666667,0.9271505846666668,0.0,0.0
0.8930804308842489,0.0010533761666666668,0.8003178746666667,0.9155691678333334,0.0,0.0
0.7894544181481393,0.0011947829999999998,0.8157314202727272,0.9165185996363636,0.0,0.0
0.9686622355724703,0.31488023771428575,0.7431951328571429,0.881151866,0.0,0.0
0.9288690435804402,0.0041383285,0.667872671,0.7551093058333332,0.0,0.0
0.7112477125840362,0.0,0.4764032818571429,0.7688275811428572,0.0,0.0
0.9454895182384181,0.024064726166666665,0.49443578983333336,0.6430974933333333,0.0,0.0
0.9788013785818587,0.09471291366666668,0.4487812118333334,0.6354103016666667,0.0,0.0
0.9347276895937398,0.0,0.3900957322,0.5802394932,0.0,0.0
0.7461679914606194,0.0005387342727272728,0.2687169710909091,0.5209022378181818,0.0,0.0
0.8594624342948631,0.09673719714285714,0.36177339557142857,0.6058351415714285,0.0,0.0
0.825006617951656,0.0018060055,0.528796279125,0.70601687825,0.0,0.0
0.7282259314324133,0.0017642695555555557,0.7163082111111111,0.8273115872222222,0.0,0.0
0.859610418826271,0.19839302537500003,0.6123546511249999,0.809792060375,0.0,0.0
0.8468714539550142,0.0,0.4537497204,0.6977011986,0.0,0.0
0.7618476900124255,0.0,0.26330115099999996,0.366852110625,0.0,0.0
0.9861529750853912,0.0597718075,0.15528253475,0.1797109615,0.0,0.0
0.9907153170987797,0.2688216481428572,0.06700006257142857,0.057789826714285716,0.0,0.0
0.9399446976228605,0.0,0.0563447594,0.027642912199999998,0.0,0.0
0.791965202963495,0.0,0.04996621611111111,0.028080279333333333,0.0,0.0
0.9952214489996948,0.06998827666666667,0.051358855,0.041468628333333334,0.0,0.0
0.9894959689708958,0.245034408,0.060178641166666665,0.09079000433333333,0.0,0.0
0.9292629962667124,0.006617372000000001,0.09010473671428572,0.10120752557142856,0.0,0.0
0.8304295950570705,0.0049745642,0.1907151793,0.2806506607,0.0,0.0
0.9869085338101463,0.497409508,0.27494886571428573,0.4195956902857142,0.0,0.0
0.9458285899782083,0.01575912516666667,0.3149661035,0.4432993943333334,0.0,0.0
0.8232353338372338,0.004557923909090909,0.3509704445454545,0.4674112768181818,0.0,0.0
0.981232067342418,0.468297517,0.41507810185714283,0.5944923535714285,0.0,0.0
0.9843261114932235,0.03413858875,0.4897920765,0.6408600197500001,0.0,0.0
0.7745730171087613,0.0,0.5846521677777778,0.7339759348888889,0.0,0.0
0.9651259529125167,0.0525979434,0.6238620438,0.766541715,0.0,0.0
0.9878250680169235,0.25828411957142855,0.5239046662857143,0.7702382532857143,0.0,0.0
0.9148424244302991,0.0,0.48881978149999994,0.7245339055,0.0,0.0
0.7385296578933271,0.0054556573,0.3478668587,0.5355029127,0.0,0.0
0.8555551985395685,0.18610644542857144,0.34186068571428574,0.5581772768571429,0.0,0.0
0.849306174731837,0.010025734,0.479749706,0.6437632878333334,0.0,0.0
0.7209611165412801,0.0013401161818181817,0.7360047828181817,0.8168270085454545,0.0,0.0
0.8524681985054291,0.05757735271428571,0.892447975857143,0.9346497448571428,0.0,0.0
0.8268294990306272,0.006903737285714286,0.9119758457142858,0.8809668914285715,0.0,0.0
0.7221453175979045,0.0,0.9076053877142858,0.9040640751428572,0.0,0.0
0.9587583046480613,0.013043324666666667,0.8983738353333334,0.9311412840000001,0.0,0.0
0.9716555235568044,0.25423539900000003,0.8557935287142856,0.9355352275714285,0.0,0.0
0.9344784720634296,0.023545047166666666,0.6764876675,0.8973807708333333,0.0,0.0
0.7231556618088104,0.0,0.5138382038571429,0.7587152548571429,0.0,0.0
0.9534087341460399,0.0779601138,0.3863457028,0.5753352994,0.0,0.0
0.9766058583828204,0.3986757155714286,0.2910393875714286,0.4654173780000001,0.0,0.0
0.9076156043067819,0.00021552616666666667,0.3690593805,0.4919631020000001,0.0,0.0
0.7529434275349132,0.0,0.32425030214285716,0.4149799535714286,0.0,0.0
0.979360003467684,0.164032849,0.3903379815,0.49364301650000003,0.0,0.0
0.9730297369923883,0.6017890944285714,0.4989137372857142,0.6146131338571429,0.0,0.0
0.9272131438805907,0.0004013708,0.8076378114,0.8387829468,0.0,0.0
0.8032562410172435,0.0016847186363636365,0.8836987612727274,0.9082589299999999,0.0,0.0
0.9835758105246467,0.07288187542857143,0.8857246377142857,0.9331519591428571,0.0,0.0
0.9404151766186443,0.004411931,0.7267229045,0.9013375006666667,0.0,0.0
0.7393511349753124,0.0,0.5085660962499999,0.7095813535000001,0.0,0.0
0.9665770106251748,0.09613457325,0.5529450214999999,0.6815340007499999,0.0,0.0
0.9668309960359972,0.3112170998571429,0.6187650341428572,0.6968909654285714,0.0,0.0
0.8964873026693776,0.0005078481666666667,0.34350033716666667,0.5422261258333333,0.0,0.0
0.6740716865214519,0.0,0.15402814442857143,0.22259098685714288,0.0,0.0
0.8028110464509253,0.05466270225,0.038687069000000004,0.051586272,0.0,0.0
0.8471883478487382,0.21416714674999998,0.04509048775,0.06404304487500001,0.0,0.0
0.8133161245136451,0.0,0.11266195859999999,0.159090505,0.0,0.0
0.715819066557631,0.0045818207,0.261465411,0.39412387320000003,0.0,0.0
0.8482329719958672,0.177204481,0.398891948375,0.6190509196250001,0.0,0.0
0.7671440897544385,0.00049655625,0.2810650321666666,0.420073443,0.0,0.0
0.9539803205144304,0.0429459908,0.10548321860000001,0.1268274902,0.0,0.0
0.9725274919828181,0.20158172516666664,0.09501752899999999,0.12864411733333334,0.0,0.0
0.9346523436632007,0.0072509766666666664,0.13020147683333333,0.292277538,0.0,0.0
0.7213199547652651,0.0,0.21860502042857147,0.43319043885714287,0.0,0.0
0.9506532324713014,0.076932418,0.3106461674,0.46731691160000005,0.0,0.0
0.9751369139219009,0.35862966428571436,0.2277115284285714,0.2747949844285714,0.0,0.0
0.9090411108100432,0.0014998085,0.12961310533333334,0.15005473800000002,0.0,0.0
0.8188402402310194,0.0080829181,0.0387762614,0.064859372,0.0,0.0
0.9769045183264263,0.3083842161666667,0.08839385766666667,0.11089530483333332,0.0,0.0
0.9807705520187352,0.08080435633333333,0.14015643600000002,0.118561285,0.0,0.0
0.8911401278169728,0.0,0.13669039460000001,0.0930557556,0.0,0.0
0.786547014458656,0.00023112822222222222,0.1369798677777778,0.17879326744444443,0.0,0.0
0.9865033928913198,0.1602493455,0.18948682249999999,0.1796838475,0.0,0.0
0.9838497231531924,0.3361971754285714,0.1320223074285714,0.10054972485714285,0.0,0.0
0.9595428909587875,0.00212404075,0.162815708,0.13800934025,0.0,0.0
0.7758114390211018,0.0,0.07152726322222222,0.09431362522222222,0.0,0.0
0.9826825149777972,0.035162768000000004,0.06976695866666666,0.051590815000000005,0.0,0.0
0.9839503454526481,0.3559674968571428,0.06401946585714287,0.055154550428571425,0.0,0.0
0.9938445882138565,0.1138103015,0.074120046,0.066751402,0.0,0.0
0.8983243586492098,0.0,0.1626033262,0.20471821219999997,0.0,0.0
0.725370788505794,0.0003396428888888889,0.27662203566666665,0.4563106482222223,0.0,0.0
0.849568864271548,0.10379118450000001,0.398220861,0.5878233075,0.0,0.0
0.8593469291776104,0.43309495366666667,0.2917785236666667,0.37531643649999996,0.0,0.0
0.8537678432726162,0.03670604633333333,0.21740220966666668,0.2848480315,0.0,0.0
0.7339757485654985,0.00042025550000000003,0.12201328600000001,0.2231800909,0.0,0.0
0.8525442497389493,0.148951771,0.27005648849999997,0.5048317775,0.0,0.0
0.8616538484778498,0.40912850466666667,0.4098357688333334,0.573961897,0.0,0.0
0.88231684958552,0.08994383600000001,0.464689725,0.7251068034999999,0.0,0.0
0.7817696027274454,0.0,0.4968910710909091,0.7836061324545454,0.0,0.0
0.948033493616077,0.0032362296666666665,0.48441179900000003,0.759286615,0.0,0.0
0.995331206497136,0.36621797899999997,0.5315115625,0.742074333,0.0,0.0
0.9889431550952518,0.509506866,0.47555144899999996,0.6612441509999999,0.0,0.0
0.9942329761404203,0.312313456,0.47153811,0.7077438355,0.0,0.0
0.9628034981234566,0.0059844675,0.495656236,0.802985415,0.0,0.0
0.7652480562951827,0.0,0.49402407149999994,0.8346223345000001,0.0,0.0
0.9478985903469903,0.0036116223333333333,0.6344137019999999,0.9091907603333333,0.0,0.0
0.9941468251642497,0.360218138,0.7473486236666668,0.921457846,0.0,0.0
0.9914076606356236,0.45852710280000003,0.7944520232000001,0.9138275653999999,0.0,0.0
0.9318936494674356,0.02222150014285714,0.867148841,0.91998393,0.0,0.0
0.7505985914389456,0.0,0.8182285896666667,0.8827687808333334,0.0,0.0
0.9643538038850382,0.06288181575,0.7776532995000001,0.89750926975,0.0,0.0
0.9927118943600787,0.485424088,0.8164060206,0.9244068825999999,0.0,0.0
0.9947397168705124,0.30389063899999996,0.829961364,0.9201508449999999,0.0,0.0
0.9201641699588085,0.0038649148333333334,0.8304167701666666,0.9271986449999999,0.0,0.0
0.8006902846562068,0.0013259448888888888,0.7904443861111111,0.9083441747777776,0.0,0.0
0.9852902234912745,0.308239879,0.7854485646666668,0.8783909259999999,0.0,0.0
0.9872337177092501,0.14409791466666666,0.7509053673333334,0.8709883753333334,0.0,0.0
0.9115440147623328,0.0021905215,0.7513658646666667,0.9098358705000001,0.0,0.0
0.8008283019346925,0.001445882111111111,0.6666511995555556,0.8070501275555556,0.0,0.0
0.9872505425410535,0.120068228,0.7345885535,0.8387898895,0.0,0.0
0.9846144573735306,0.18581881916666665,0.7123126701666666,0.8298922910000001,0.0,0.0
0.9223805252774518,0.011821430714285713,0.6050155154285715,0.834850411,0.0,0.0
0.720102184362144,0.0015144382222222223,0.42316421611111116,0.6219528146666669,0.0,0.0
0.8467471423638048,0.22724880575,0.483656076875,0.58616916175,0.0,0.0
0.8447243550809175,0.020214695833333334,0.44199431933333333,0.5741011805,0.0,0.0
0.72355924302428,0.0036305160000000003,0.4183711821,0.5410721386999999,0.0,0.0
0.8449116834841298,0.46707422383333336,0.5941276974999999,0.7016008791666667,0.0,0.0
0.8575475887932452,0.4242197026666667,0.6188890816666667,0.733913003,0.0,0.0
0.7732715936502466,0.0063840270000000005,0.6835836439166667,0.8436694516666666,0.0,0.0
0.9547979697190788,0.010788209,0.8006703948,0.8991326216000001,0.0,0.0
0.9828736359241148,0.08782915357142855,0.6330220765714286,0.8119272492857142,0.0,0.0
0.8527431471262291,0.00148304725,0.38737725125,0.641043262375,0.0,0.0
0.802625793914579,0.005493610857142857,0.10147143299999999,0.17300691471428573,0.0,0.0
0.9657512298144507,0.30033977357142855,0.15397818442857145,0.23466749699999997,0.0,0.0
0.9754814655120806,0.18656861033333336,0.366217558,0.4678451636666667,0.0,0.0
0.8886768109872476,0.0003122896,0.5000085254,0.614113258,0.0,0.0
0.7867308376958015,0.0017089030000000001,0.40106607155555557,0.5940583622222222,0.0,0.0
0.9787872055276836,0.09932205949999999,0.30537404349999997,0.553787057,0.0,0.0
0.9756325992229647,0.20263190533333333,0.19238007383333336,0.3149688948333333,0.0,0.0
0.9189529664508608,0.010914623142857143,0.15994214628571427,0.23311740728571426,0.0,0.0
0.7172323476428871,0.0,0.1252752808333333,0.19676000416666664,0.0,0.0
0.9521831198399479,0.0250370382,0.1090579072,0.15939369820000002,0.0,0.0
0.9800508494107528,0.13337613575,0.12857077875,0.15199282375,0.0,0.0
0.9820164033189402,0.108680845,0.1417708785,0.17044865925,0.0,0.0
0.8030716913407093,0.0,0.22473021655555556,0.281477537,0.0,0.0
0.8392872955674762,0.006455834000000001,0.195113364,0.33183216200000004,0.0,0.0
0.9782130719221936,0.1757032747142857,0.16824521442857146,0.34666202199999996,0.0,0.0
0.9286074589501387,0.038861379,0.079599317,0.11679448012499999,0.0,0.0
0.728166539138065,0.00885974,0.1674540879,0.17532169850000004,0.0,0.0
0.8424835920597165,0.1640184675,0.46518227483333324,0.4953795431666667,0.0,0.0
0.8323213301559999,0.022219106000000002,0.683299962375,0.74768051325,0.0,0.0
0.6936900407080906,0.0005207397777777777,0.5204976817777778,0.7066095191111111,0.0,0.0
0.8290973215037022,0.032821836666666666,0.4908705313333333,0.7254295976666668,0.0,0.0
0.8371442444315988,0.08657709666666667,0.40939937300000007,0.7019118509999999,0.0,0.0
0.7975487047712316,0.0015504381428571427,0.6505805425714286,0.8407394748571428,0.0,0.0
0.7164618734188117,0.0,0.37016895600000005,0.5751489053333333,0.0,0.0
0.9522023357580937,0.04523537325,0.14429500825,0.24685083149999998,0.0,0.0
0.9523643366125116,0.12476248571428572,0.063878277,0.042517108428571426,0.0,0.0
0.8643238379343033,0.002454932,0.09554260614285714,0.112573798,0.0,0.0
0.6832302814410601,0.0,0.19747941350000003,0.36494627150000003,0.0,0.0
0.9018692837648379,0.013133280500000002,0.2763045065,0.44917114766666666,0.0,0.0
0.9716847057062611,0.10396713285714287,0.31283435857142855,0.5399125541428572,0.0,0.0
0.9214312610933382,0.005655933199999999,0.30855926899999997,0.480325749,0.0,0.0
0.7180266482953002,0.0,0.21849280871428572,0.31206818228571426,0.0,0.0
0.944698072439601,0.1942270908,0.1431178168,0.1798557268,0.0,0.0
0.9682815894915944,0.41161926983333336,0.08194711366666667,0.0612498635,0.0,0.0
0.9339434613786524,0.0371332585,0.2622886865,0.3232479341666667,0.0,0.0
0.714959618984647,0.0,0.41811778383333337,0.5683711793333334,0.0,0.0
0.8816996122289478,0.01420743875,0.71733753175,0.84255424375,0.0,0.0
0.9798649992036843,0.22348550866666664,0.8490017035,0.88601517,0.0,0.0
0.9826074128975355,0.20756582833333334,0.911285561,0.9184940243333334,0.0,0.0
0.9099472122089435,0.013041410333333335,0.9247493193333334,0.9343865791666666,0.0,0.0
0.7713713673235565,0.000215186875,0.925934006875,0.935642287,0.0,0.0
0.9837388204381269,0.1557876295,0.9249392475,0.936709392,0.0,0.0
0.9847914379206534,0.2802007611666667,0.926488898,0.9334042116666666,0.0,0.0
0.9879945374372783,0.1449190855,0.9167572775,0.932730425,0.0,0.0
0.9111073773948655,0.0131658275,0.9016813720000001,0.9348605775,0.0,0.0
0.7316224970188783,0.050794935,0.906942895,0.9352887648000001,0.0,0.0
0.8476929893054534,0.5398141418333333,0.9281204401666665,0.9312953436666667,0.0,0.0
0.8465018958965672,0.08291464871428571,0.8879874577142857,0.9225513337142858,0.0,0.0
0.7152450667109792,0.00041754455555555555,0.772606525,0.8319343463333332,0.0,0.0
0.8256735030260421,0.34334634,0.6512397833333333,0.6514871023333334,0.0,0.0
0.848416998263739,0.650210440857143,0.5140118917142857,0.46829101528571426,0.0,0.0
0.840141931938217,0.0504375406,0.30132563700000004,0.3252886762,0.0,0.0
0.7962784204800586,0.0249628619,0.1346060977,0.1821724866,0.0,0.0
0.984269899275005,0.5249833945,0.199225607,0.3409504615,0.0,0.0
0.9691974840040485,0.7226650204,0.328107655,0.4650789946000001,0.0,0.0
0.9732259045505495,0.268978414,0.503832594,0.704608152,0.0,0.0
0.9089254250074443,0.00119701325,0.634615575,0.75481407575,0.0,0.0
0.7204773644504409,0.0,0.7001609913333334,0.809506011,0.0,0.0
0.8862585415969437,0.066498341,0.67974449225,0.8600270235,0.0,0.0
0.9732905672615021,0.5606873565,0.5078749170000001,0.7642249834999999,0.0,0.0
0.962598592089398,0.8223198550000002,0.30736559059999996,0.4727695686000001,0.0,0.0
0.9682341630007854,0.53846494,0.22706026,0.41290829100000004,0.0,0.0
0.9086257635447609,0.042061794000000007,0.1792853411666667,0.295136365,0.0,0.0
0.7239464514113381,0.0,0.21175390160000002,0.29339821920000003,0.0,0.0
0.8888889955923782,0.0234242325,0.37138114975,0.5443615015000001,0.0,0.0
0.968935669230634,0.37537582700000005,0.4719263296666667,0.6474384303333333,0.0,0.0
0.9584630017687852,0.35157526116666665,0.5998154996666667,0.7751613645000001,0.0,0.0
0.9181353538288505,0.0078467574,0.6580817098,0.8555246958,0.0,0.0
0.7146478657742018,0.0,0.6374409752857143,0.7289289685714285,0.0,0.0
0.9158678387040107,0.009093969333333334,0.39760192766666663,0.42799746099999997,0.0,0.0
0.9707060842780104,0.09356249950000001,0.25232794950000004,0.324104199,0.0,0.0
0.9686115521623381,0.2348327574285714,0.11312937957142856,0.12845671942857143,0.0,0.0
0.9220256707001946,0.0177782732,0.05633249060000001,0.0732086242,0.0,0.0
0.71806509847812,0.0,0.035834545571428573,0.05651909871428572,0.0,0.0
0.944283834664344,0.0662438466,0.0898346756,0.22308454060000002,0.0,0.0
0.9701000985510868,0.18035443579999996,0.18614948879999998,0.4093942212,0.0,0.0
0.9728516134254022,0.10463005650000001,0.325698074,0.541625347,0.0,0.0
0.8997933779444295,0.011753426666666665,0.4250652675,0.6788696783333333,0.0,0.0
0.668267375031032,0.0,0.3655712741428572,0.6722856312857143,0.0,0.0
0.7866472953212199,0.06172175875,0.232670865,0.51871078975,0.0,0.0
0.8253369945779794,0.16435689260000003,0.1464067284,0.36228988199999995,0.0,0.0
0.8446164492273819,0.0652606395,0.12159506625000001,0.30969350625000003,0.0,0.0
0.7894531296954252,0.0,0.14980100375,0.31332362475,0.0,0.0
0.7001858451227254,0.009325845222222223,0.10516707077777777,0.19564087244444445,0.0,0.0
0.8203350436756746,0.22503243614285715,0.063797625,0.09859004171428573,0.0,0.0
0.8381679747159028,0.11164980075,0.10285641225,0.132889805,0.0,0.0
0.722482239785664,0.0,0.1856385982222222,0.31107058433333334,0.0,0.0
0.9323585916387903,0.027168369249999998,0.187930841,0.298469067,0.0,0.0
0.9576602070877932,0.3834167325714285,0.1642204725714286,0.17654552542857144,0.0,0.0
0.9591362838253321,0.39292518,0.165710879,0.167284861,0.0,0.0
0.8774451891112799,0.0415580482,0.15940579459999998,0.1802049496,0.0,0.0
0.7017281778714178,0.0,0.10751836716666667,0.16394189450000002,0.0,0.0
0.9371440615612321,0.01523022175,0.0972733325,0.19279520825,0.0,0.0
0.9741883629067009,0.14442362100000003,0.10984071499999999,0.23581849566666668,0.0,0.0
0.9713852793668672,0.2488466486666667,0.2124202696666667,0.3664513515,0.0,0.0
0.8875109613637866,0.0164491258,0.4422644362,0.6972222416,0.0,0.0
0.7166726559368711,0.0,0.6813159261666666,0.8518957926666667,0.0,0.0
0.945951667108355,0.03618478925,0.8125882185,0.9012955652500001,0.0,0.0
0.9825038427986492,0.2044775435,0.891289149,0.9164539734999999,0.0,0.0
0.9801772336141245,0.2637456506666667,0.8924910778333334,0.9200140465,0.0,0.0
0.9858207078885997,0.1036714235,0.8742494995000001,0.9244445134999999,0.0,0.0
0.775847938480033,0.0008138737,0.8622567962,0.9248313054999999,0.0,0.0
0.9418516253556144,0.02148704225,0.74411982975,0.90234477775,0.0,0.0
0.9811825465161166,0.1461076155,0.7695092295,0.8847016715,0.0,0.0
0.9802846594072451,0.25816543983333334,0.6604508728333333,0.7683673464999999,0.0,0.0
0.9845566526048037,0.093266845,0.36399391999999997,0.5992153455,0.0,0.0
0.816044362086365,0.0029044825,0.2723012013333333,0.5304169505,0.0,0.0
0.7575532976623859,0.0,0.1619094786,0.30691221659999995,0.0,0.0
0.9721491470747233,0.13323578566666666,0.134064046,0.26303409433333336,0.0,0.0
0.9781537148510092,0.5591564375,0.129893203,0.2412849085,0.0,0.0
0.9682920592579584,0.6204770433333332,0.17931411366666664,0.1991627768333333,0.0,0.0
0.9753639508943339,0.3431902145,0.29147444899999997,0.356958408,0.0,0.0
0.8652305227945676,0.012226880249999999,0.40088211825,0.4754191,0.0,0.0
0.7216573947880355,0.014202947099999998,0.519262377,0.5739490043,0.0,0.0
0.8410961242872315,0.2620898973333334,0.5594609006666666,0.6273820606666667,0.0,0.0
0.8438372273106145,0.370199161,0.456083224,0.5414954828,0.0,0.0
0.8605963846841098,0.10239503,0.35847222450000005,0.5442868944999999,0.0,0.0
0.7945344968128287,0.00443714425,0.26843597975,0.48356712324999995,0.0,0.0
0.6240162401025116,0.0,0.24825764824999996,0.42104562375000004,0.0,0.0
0.7382619742190725,0.132523665,0.34821203775,0.56517766225,0.0,0.0
0.7766281585944627,0.44057275916666666,0.4296866590000001,0.6354250673333334,0.0,0.0
0.7877463257744985,0.30097175600000003,0.39933829249999997,0.6084765495,0.0,0.0
0.7182901238053842,0.011332188833333333,0.35032735866666664,0.4658774095,0.0,0.0
0.6991360139956059,0.0,0.27958766166666665,0.46513871883333335,0.0,0.0
0.8954833613013292,0.30104257266666673,0.17308037433333334,0.3129975133333333,0.0,0.0
0.8974208793606392,0.6588063502857143,0.0916113502857143,0.1526219142857143,0.0,0.0
0.8576404849180062,0.0733582766,0.0698357906,0.085337767,0.0,0.0
0.6876634615498707,0.0,0.47326245077777784,0.5559348923333334,0.0,0.0
0.8972653053545763,0.03864717225,0.537559061,0.76201078575,0.0,0.0
0.8989183920205805,0.10601276357142855,0.3735853625714286,0.6751966082857143,0.0,0.0
0.8221410303327332,0.015369715400000001,0.46531383179999997,0.7961731221999999,0.0,0.0
0.6396170648968128,0.0,0.47762234183333335,0.8109595879999999,0.0,0.0
0.7990935405228026,0.03971859375,0.52623761075,0.85625065675,0.0,0.0
0.8804129028525473,0.4568299645,0.4082593025,0.641138873,0.0,0.0
0.8713669762819408,0.2791535713333333,0.18021345633333333,0.3027913846666667,0.0,0.0
0.8043946360214228,0.009789698999999999,0.347577242,0.43218263325,0.0,0.0
0.6484332417958412,0.0,0.40588906642857153,0.6565447911428571,0.0,0.0
0.840512589869626,0.06961243866666667,0.33802471733333334,0.6113229003333334,0.0,0.0
0.887619941628106,0.26307149150000003,0.43623758783333333,0.6277477738333334,0.0,0.0
0.8908315754585203,0.18542501625000002,0.842885044,0.9053091767500001,0.0,0.0
0.8067950633141162,0.029024382,0.8682232452499999,0.935777874,0.0,0.0
0.6965213739131326,0.016793856555555556,0.7902444808888889,0.9222734210000001,0.0,0.0
0.8929427234558835,0.3941327425,0.6267987135,0.8218871050000001,0.0,0.0
0.8906753744694049,0.79073319675,0.44260801925,0.6670670115,0.0,0.0
0.8801817445965231,0.7004707596666666,0.18299133066666665,0.339558753,0.0,0.0
0.8828375043878706,0.29497402699999997,0.0834402525,0.141341263,0.0,0.0
0.7761024045783932,0.010939265200000001,0.3264331358,0.3068162816,0.0,0.0
0.606282908648068,0.0,0.765280128,0.834527066,0.0,0.0
0.6877444855561201,0.179033977,0.818287404,0.92440029025,0.0,0.0
0.738228370336849,0.6223662924999999,0.48990653366666664,0.7940337521666665,0.0,0.0
0.7427751916313627,0.3323117393333333,0.243144137,0.545036136,0.0,0.0
0.6821515863892188,0.011227206,0.2897033702857143,0.47606882128571426,0.0,0.0
0.6054640675914964,0.00042137679999999995,0.23125058420000003,0.34381028,0.0,0.0
0.7027274824499251,0.3765464805,0.16429013399999998,0.35092754924999997,0.0,0.0
0.7075589349163627,0.7302027938333332,0.09020175966666667,0.24735275583333335,0.0,0.0
0.7124559148986345,0.35488446949999997,0.09453916300000001,0.18964834949999998,0.0,0.0
0.6701480600174498,0.008788483818181819,0.15967663381818184,0.2485509493636364,0.0,0.0
0.8485508808911023,0.2656290236,0.12394043819999997,0.12995554439999998,0.0,0.0
0.8507989194709209,0.6411484238333333,0.11668497550000001,0.24327350133333336,0.0,0.0
0.8618727386608978,0.304912748,0.1625255705,0.3819991655,0.0,0.0
0.7567722682876847,0.011902140666666667,0.3425900278333333,0.5287833015,0.0,0.0
0.6711385688082644,0.00038454783333333333,0.6293413015,0.8097558708333334,0.0,0.0
0.8797297149234937,0.15590254675,0.7661253004999999,0.8981005212500001,0.0,0.0
0.8856694126199699,0.40356188700000006,0.7701736849999999,0.8817084472,0.0,0.0
0.8817499571466928,0.27015247933333336,0.7821493583333332,0.8962961206666665,0.0,0.0
0.7795570137218155,0.0149710608,0.8342672071999999,0.927107007,0.0,0.0
0.697433816374265,0.01953712825,0.8052436795,0.9075785659999999,0.0,0.0
0.8940427063873749,0.520426893,0.748774969,0.8562382796666667,0.0,0.0
0.8834467819597636,0.8469882012,0.7056878722,0.8001968723999999,0.0,0.0
0.8776382263885876,0.5839127465,0.7285864715,0.8609235005,0.0,0.0
0.8199167446457898,0.09206590360000001,0.7743334622000001,0.8974314236,0.0,0.0
0.6944665981417395,0.009218664222222221,0.7806699491111111,0.9044541661111111,0.0,0.0
0.8883284276361347,0.366541334,0.797278711,0.926497606,0.0,0.0
0.8764214908021011,0.6959866428,0.8234662164,0.9184419818,0.0,0.0
0.866229191202602,0.5419455666666667,0.852986567,0.931148666,0.0,0.0
0.8180931089384315,0.062259656,0.8903291202,0.9367082856,0.0,0.0
0.6449499638405257,0.0,0.8786071785714287,0.9357901771428571,0.0,0.0
0.8349729904077899,0.07149782733333333,0.8721911753333332,0.9363969289999999,0.0,0.0
0.8666768164701414,0.5770335262857144,0.703793528142857,0.8915307854285714,0.0,0.0
0.8576588093626232,0.27427793,0.6032401545,0.84605144825,0.0,0.0
0.7513623753752932,0.00037865375,0.61388987375,0.8126385217500001,0.0,0.0
0.6073975447065361,0.014450376374999999,0.417967357625,0.6808864589999999,0.0,0.0
0.7196402234155369,0.42829750166666664,0.2504582256666667,0.5442791493333333,0.0,0.0
0.7305750610921494,0.440563125,0.174076529,0.2722925368,0.0,0.0
0.7405921190988441,0.13191976075,0.120780637,0.17901827474999998,0.0,0.0
0.638367504202135,0.0003267458,0.0987992908,0.14584558330000003,0.0,0.0
0.6810266655284661,0.07306069825,0.06467028025,0.09587419850000001,0.0,0.0
0.7411111736337488,0.22443973033333334,0.04481739033333334,0.06518324199999999,0.0,0.0
0.7485221446401452,0.099928262,0.071648325,0.16115948800000002,0.0,0.0
0.6848229730095463,0.0032652818333333334,0.09810262516666667,0.11839877583333332,0.0,0.0
0.8754260533210592,0.124889814,0.106465584,0.12877069633333335,0.0,0.0
0.8732921308889774,0.39658478659999996,0.09850633820000002,0.10525707340000001,0.0,0.0
0.8606004080204553,0.23639809475,0.09705341825000001,0.08079406475,0.0,0.0
0.8015954309921949,0.015638882,0.133324167,0.10751185025,0.0,0.0
0.6840495968700567,0.007798121333333334,0.17798197588888887,0.2472854987777778,0.0,0.0
0.8843139729533206,0.20796217849999998,0.167754384,0.260138094,0.0,0.0
0.8648794420380383,0.49076107466666663,0.23497563766666665,0.27652228949999996,0.0,0.0
0.8500474341284718,0.18197150024999997,0.22520804174999998,0.311660103,0.0,0.0
0.7825334690862732,0.0014695773333333335,0.40932828699999996,0.49142313,0.0,0.0
0.6609510487728025,0.002035268625,0.5288047255,0.725800499625,0.0,0.0
0.8433846490834638,0.1245180455,0.377421995,0.6457384335,0.0,0.0
0.8528793743703793,0.3738944665,0.23011183549999997,0.47348517949999996,0.0,0.0
0.8404783916023512,0.7404734316,0.2784744184,0.3211055934,0.0,0.0
0.8318179574171098,0.38785692550000006,0.22077829275,0.29488136249999997,0.0,0.0
0.7830968868964714,0.00190118,0.16668288433333334,0.25086964733333333,0.0,0.0
0.6445913524463464,0.0,0.11909514485714286,0.13301878957142857,0.0,0.0
0.8214052435628961,0.21234617433333333,0.11182416833333332,0.10353908933333333,0.0,0.0
0.8461602399116437,0.6351535475000001,0.091155234,0.123872958,0.0,0.0
0.8364122737878006,0.8236057881666666,0.12352888733333332,0.1756687575,0.0,0.0
0.8304141372553926,0.426419607,0.208719005,0.2971787345,0.0,0.0
0.7710508100681939,0.034414945599999996,0.41103617439999995,0.46227376,0.0,0.0
0.6586305466552981,0.006233703714285714,0.405367466,0.5382733548571429,0.0,0.0
0.8371559944416478,0.3195537655,0.341392,0.60279494,0.0,0.0
0.8427609880760842,0.7148908956666666,0.2878524666666667,0.5983586636666667,0.0,0.0
0.8334047473614717,0.7833464965,0.3945945435,0.6692134148333334,0.0,0.0
0.8006250417818295,0.10601831180000001,0.5343411834,0.8413747091999999,0.0,0.0
0.6071941268164106,0.006436444,0.442889878625,0.7695473695,0.0,0.0
0.6697963558093751,0.318158205,0.3334675345,0.6822011745000001,0.0,0.0
0.7128549196044461,0.7822878575714285,0.3254829628571429,0.5783710038571428,0.0,0.0
0.7144780011602822,0.38334832124999996,0.29671118825,0.52106270625,0.0,0.0
0.6402894906987053,0.005327054818181819,0.17596876736363634,0.2904765620909091,0.0,0.0
0.6841338377616923,0.257577773,0.045934924,0.043789689500000006,0.0,0.0
0.7346729327107017,0.5869957663333333,0.043273012666666666,0.055190087,0.0,0.0
0.7196826969255005,0.616060112,0.0917123296,0.1179359592,0.0,0.0
0.723876738196275,0.2780255045,0.2393074105,0.31662583899999996,0.0,0.0
0.7144404082158169,0.0337188675,0.4943568722499999,0.607556813,0.0,0.0
0.6436390785864455,0.0,0.5619589942857143,0.7959895364285714,0.0,0.0
0.8264237615488069,0.129599207,0.4667387376666667,0.7760022763333333,0.0,0.0
0.8570725796403923,0.685757679,0.6813283644285715,0.8104364562857144,0.0,0.0
0.860180702184152,0.41330098800000004,0.8003123916666667,0.8940395263333333,0.0,0.0
0.7019054638980194,0.010203091181818181,0.5982662121818183,0.8420987614545455,0.0,0.0
0.8312758906146867,0.025288113333333334,0.6885764889999999,0.824023555,0.0,0.0
0.8717873184187781,0.338117945625,0.8463879530000001,0.9282422309999999,0.0,0.0
0.8603805196645182,0.19666977449999998,0.6885216855,0.8935153512499999,0.0,0.0
0.7097726318994846,0.00033223825,0.53514985175,0.83301409825,0.0,0.0
0.641357222780184,0.0,0.2002067438,0.4685742672,0.0,0.0
0.8615640307795184,0.09439928319999999,0.1290490024,0.2526606834,0.0,0.0
0.8787445582961981,0.5441873784,0.40639030319999997,0.5484965192000001,0.0,0.0
0.8769613782397391,0.35935835633333335,0.6577653663333334,0.7977677573333333,0.0,0.0
0.7045989340387121,0.010884038363636363,0.41975081300000006,0.6900367851818182,0.0,0.0
0.836780926073469,0.11379618700000001,0.3364319473333333,0.5888524273333333,0.0,0.0
0.8824230562263471,0.3899374195,0.327531015,0.5640455755,0.0,0.0
0.875161641677948,0.6094098258333334,0.5553865996666666,0.6692734995,0.0,0.0
0.8782727686249915,0.310232512,0.6199118865,0.756357014,0.0,0.0
0.804337829425585,0.041936603999999995,0.57961431725,0.8073211617500001,0.0,0.0
0.6652836032651659,0.0135124235,0.563434045625,0.8208782422500001,0.0,0.0
0.8686577322036685,0.44252860299999996,0.466976621,0.7139865617500001,0.0,0.0
0.8632168307576584,0.716097817,0.2710789416,0.4164271566,0.0,0.0
0.860105973502105,0.2549139115,0.12812183975,0.22788923525,0.0,0.0
0.7829107014423412,0.004186697666666667,0.05351312933333333,0.141697489,0.0,0.0
0.6102470869985048,0.00870617775,0.046701296875000006,0.0742766,0.0,0.0
0.6718550176803154,0.241628599,0.048308616,0.0683889,0.0,0.0
0.7252114684163308,0.4521386671666667,0.052142335500000005,0.10227890416666667,0.0,0.0
0.7331581358373158,0.20345589949999998,0.099345506,0.23609087175,0.0,0.0
0.644407320150557,0.012846595166666667,0.07925638874999999,0.18615326641666663,0.0,0.0
0.6726882343984568,0.2206679445,0.028366756,0.0995193645,0.0,0.0
0.7287735657968969,0.5334973553333333,0.026802617166666667,0.057804177166666665,0.0,0.0
0.7329466141778309,0.26560238025,0.063054147,0.09556027624999999,0.0,0.0
0.7164749872954134,0.02077004075,0.2334496615,0.32398065649999996,0.0,0.0
0.6367151126940194,0.0,0.4913120896666667,0.6382912228333334,0.0,0.0
0.8092163205045202,0.063674971,0.7959916899999999,0.879832122,0.0,0.0
0.8650811111870839,0.2559259881666666,0.7821966076666667,0.8539467536666666,0.0,0.0
0.8685819519371185,0.0749251885,0.4899063845,0.7347230825,0.0,0.0
0.8159491159794132,0.0218647904,0.3781127012,0.6438270616,0.0,0.0
0.6144645693759282,0.0,0.4184739327142856,0.6057605947142858,0.0,0.0
0.7926304952090844,0.1750058022,0.44204316860000004,0.6274422601999999,0.0,0.0
0.8391179593314512,0.3415205507142858,0.3828544152857143,0.531171673,0.0,0.0
0.7873727509644958,0.046983576799999996,0.5579360678,0.6921352061999999,0.0,0.0
0.6228145413747643,0.000213422,0.44114183642857147,0.7121636347142858,0.0,0.0
0.78569640777618,0.35585588025000003,0.36028975750000003,0.56301759075,0.0,0.0
0.8270743731604858,0.6398113235714286,0.4919242888571428,0.6409569752857143,0.0,0.0
0.8144790755438148,0.18896864174999997,0.402571143,0.64674689375,0.0,0.0
0.6733658125770466,0.0006155762,0.6222115206,0.7691549082,0.0,0.0
0.6479813199228222,0.028201764666666667,0.42217111783333333,0.6344196153333334,0.0,0.0
0.8281769404008135,0.2985333695,0.344349564,0.5341768565,0.0,0.0
0.8317991819094311,0.7641444163333334,0.465357351,0.6100936758333333,0.0,0.0
0.8228894845338862,0.5275972733333333,0.41911411933333337,0.5567968876666667,0.0,0.0
0.7733408130952532,0.07295585125,0.27968538525000003,0.49698436825000003,0.0,0.0
0.6599025542779279,0.04212966311111111,0.16198931822222218,0.2729251867777778,0.0,0.0
0.8340665536998942,0.374116919,0.08042506866666667,0.15057973233333333,0.0,0.0
0.824816987788177,0.74503477,0.095755315,0.14984183799999998,0.0,0.0
0.7811930985898767,0.1278218184,0.12907582180000002,0.17232789440000001,0.0,0.0
0.5933591426100099,0.027477055777777776,0.1415935561111111,0.199988921,0.0,0.0
0.6676797900758045,0.4474506605,0.06377912,0.1571035555,0.0,0.0
0.6879897311872527,0.7828081972500001,0.08584010162500001,0.144155002375,0.0,0.0
0.664008745010871,0.09772656242857145,0.09549364257142856,0.12048767299999999,0.0,0.0
0.5759171579611381,0.06112402557142856,0.11689235442857142,0.118473277,0.0,0.0
0.6621034854393972,0.5328589699999999,0.062985589,0.12132955349999999,0.0,0.0
0.6874862466279709,0.8074366881428572,0.058564393,0.10615202828571428,0.0,0.0
0.6827927906025766,0.46017753400000005,0.076983888,0.128391239,0.0,0.0
0.6664596483791689,0.05071737566666667,0.1972444416666667,0.24513906,0.0,0.0
0.6388083723838079,0.06305148814285715,0.3146202274285714,0.4264483028571429,0.0,0.0
0.8131519728663991,0.5438990340000001,0.1172515445,0.3094741175,0.0,0.0
0.8212949984243565,0.8669117926666666,0.10736295483333334,0.30243642333333337,0.0,0.0
0.8093206403726532,0.5513918063333333,0.15237164266666667,0.2886087786666666,0.0,0.0
0.7736122275063299,0.07924898475,0.22456926075,0.26053579275,0.0,0.0
0.614324125299545,0.0007296081428571428,0.27749806671428573,0.30692755671428573,0.0,0.0
0.7294372695110614,0.21239195700000002,0.3187813035,0.44305591,0.0,0.0
0.8168387704609291,0.6102154466666666,0.22296963299999997,0.416943697,0.0,0.0
0.8196472337592314,0.8521504996666667,0.39896237233333337,0.5340652363333334,0.0,0.0
0.808303592820167,0.480282929,0.5226990295,0.6550780544999999,0.0,0.0
0.7750399475568188,0.08476157975000001,0.64309393375,0.77661673575,0.0,0.0
0.6127338443424392,0.0,0.6189173263333333,0.8180842261666667,0.0,0.0
0.6946543278917762,0.14892292533333332,0.468840976,0.7231401009999999,0.0,0.0
0.813369003824858,0.5372244660000001,0.35223469249999995,0.6569162115,0.0,0.0
0.8225955380024129,0.8526819273333334,0.5259370611666666,0.7576931123333334,0.0,0.0
0.8114464491891573,0.6013941254999999,0.665714728,0.8565163455,0.0,0.0
0.8030590676031985,0.21765842466666666,0.7010015383333333,0.8713359860000001,0.0,0.0
0.6447412916344909,0.0007613337777777778,0.6322786585555557,0.7986834182222222,0.0,0.0
0.754157694251298,0.24879079599999998,0.38637315966666663,0.6289372636666667,0.0,0.0
0.8217545456440236,0.5879596147142857,0.2943161044285714,0.5688781187142857,0.0,0.0
0.8102870002044222,0.321675398,0.3170457915,0.6178333069999999,0.0,0.0
0.8029668969449043,0.08198677966666666,0.36675540100000004,0.462273503,0.0,0.0
0.6539265294104842,0.0006705802857142857,0.435909487,0.5869416688571428,0.0,0.0
0.6401709120691796,0.03532855233333333,0.3776031693333333,0.5779368426666668,0.0,0.0
0.7900138576263891,0.267534179,0.242785018,0.44075595300000003,0.0,0.0
0.8224820227827562,0.8001344162857142,0.14657366371428573,0.1980676295714286,0.0,0.0
0.8094594756135065,0.6018554945000001,0.085691426,0.083621796,0.0,0.0
0.8038459932980228,0.24279134100000002,0.07755075266666667,0.05532881033333334,0.0,0.0
0.6165807545051517,0.0009193625555555556,0.07125547722222222,0.036400555111111114,0.0,0.0
0.6056632405304322,0.185120319,0.08072155066666666,0.06979048833333333,0.0,0.0
0.6883757093111135,0.5728924951666666,0.058221619499999995,0.0599849395,0.0,0.0
0.6832176353446615,0.3945035122,0.10090351580000001,0.25350941320000003,0.0,0.0
0.6088334371352871,0.010601455300000001,0.2016778432,0.3383692209,0.0,0.0
0.6240654001110999,0.2966431795,0.22095737499999998,0.35141011349999995,0.0,0.0
0.689681937989077,0.7660996221999999,0.3252729404,0.41052818999999996,0.0,0.0
0.6841982108830988,0.578158139,0.45904980375,0.58628161375,0.0,0.0
0.637040722822062,0.03227009263636364,0.5291856420909092,0.6751416179999999,0.0,0.0
0.7717422960439206,0.39186402025,0.28241359899999996,0.46501780025000006,0.0,0.0
0.8263601656084981,0.8511630046666667,0.21008629883333332,0.31281285099999995,0.0,0.0
0.8090793262847059,0.38842596079999997,0.17912009480000002,0.3308794818,0.0,0.0
0.6450326117894062,0.0016589535555555555,0.17861448766666665,0.30337299999999995,0.0,0.0
0.7292077799963705,0.1613618645,0.10279325049999999,0.1300522655,0.0,0.0
0.8177596545644715,0.6032719233333333,0.080296541,0.09442346433333333,0.0,0.0
0.821945527257235,0.8085475455000001,0.051368736,0.09314682933333333,0.0,0.0
0.8059507709570988,0.29128891199999996,0.1213998755,0.26607129525,0.0,0.0
0.6451049605290462,0.0021155166666666668,0.21910163055555554,0.2895302372222222,0.0,0.0
0.7291975159737236,0.1937946855,0.2877827465,0.3464511775,0.0,0.0
0.8189894202610057,0.5173920043333333,0.220519401,0.3854994313333333,0.0,0.0
0.8275236531033326,0.7935199855,0.30534845475,0.48338821425,0.0,0.0
0.8130030184534119,0.58354716975,0.4194835045,0.5131185845,0.0,0.0
0.7757862284750747,0.08884346,0.401552075,0.561526174,0.0,0.0
0.6244855460110414,0.021338992625,0.281303550125,0.48766489200000007,0.0,0.0
0.8040385718696517,0.48111510124999995,0.202689914,0.42644988525000005,0.0,0.0
0.8198421943005634,0.8613043922000001,0.2417038846,0.5338518426000001,0.0,0.0
0.8096893079683294,0.5929701039999999,0.28304222700000004,0.606165446,0.0,0.0
0.8028482088571538,0.24193598500000002,0.32226467266666664,0.49248094800000003,0.0,0.0
0.677655544935946,0.0007896164000000001,0.299328974,0.43370098539999996,0.0,0.0
0.6449999680362705,0.05747849199999999,0.2563131181666667,0.39186506283333333,0.0,0.0
0.8135552197503637,0.4221728125,0.227248979,0.387901243,0.0,0.0
0.8188770327688993,0.5266500998571428,0.1813847162857143,0.2805767425714286,0.0,0.0
0.8074746050829942,0.33362376299999996,0.1116823895,0.2928842845,0.0,0.0
0.7738432829152688,0.06410324675000001,0.0885483305,0.185237814,0.0,0.0
0.5798448433855274,0.003450036142857143,0.06302616714285715,0.09747451399999998,0.0,0.0
0.6245459358919733,0.31075031175,0.042570765,0.038961732,0.0,0.0
0.6881634866118088,0.6952875014999998,0.06000503283333333,0.03875709533333333,0.0,0.0
0.6828204661672554,0.42586881533333326,0.07259626133333333,0.04832639366666667,0.0,0.0
0.6589297302535583,0.051703940000000004,0.08847433466666667,0.069305995,0.0,0.0
0.5650480101965105,0.033444595,0.0723897005,0.08292808450000001,0.0,0.0
0.6410719843286147,0.4573351756666666,0.06097349333333333,0.05133710266666667,0.0,0.0
0.6888182445247498,0.790003141,0.077957337,0.07130119350000001,0.0,0.0
0.6828609813785453,0.5867782235,0.1396216595,0.120175375,0.0,0.0
0.6823071113898073,0.26609306166666663,0.14271109466666665,0.14323337700000002,0.0,0.0
0.627434362689442,0.005614530111111111,0.2345625468888889,0.2710499328888889,0.0,0.0
0.7299474316811297,0.22924333949999998,0.20643940900000002,0.27314581250000003,0.0,0.0
0.8167700692027169,0.4830882876666666,0.22235207199999998,0.3246758143333333,0.0,0.0
0.8199779632143528,0.5745879398,0.3142040358,0.3800063944,0.0,0.0
0.8098519782905417,0.41477966099999997,0.385971092,0.385008751,0.0,0.0
0.7615798741407104,0.07847432883333333,0.3891425341666667,0.4655223465,0.0,0.0
0.6065771142357782,0.005845144333333333,0.29458723183333335,0.3671285853333333,0.0,0.0
0.7712405692052191,0.36025511725000003,0.15191714875,0.236029996,0.0,0.0
0.8239441288831131,0.7899050985,0.09294603975,0.11762728975,0.0,0.0
0.8138468192922818,0.58514546,0.05460250875,0.12073296350000001,0.0,0.0
0.7819726725476452,0.1295481036,0.06813857460000002,0.1694067232,0.0,0.0
0.6143142825356988,0.007065451142857143,0.05887254142857142,0.053671174714285716,0.0,0.0
0.7721980861323967,0.39416521925000003,0.0467785245,0.045066851250000005,0.0,0.0
0.8248070557371848,0.8040180278333334,0.0513495315,0.064130202,0.0,0.0
0.8140051005473246,0.529081724,0.08682466650000001,0.16796350300000001,0.0,0.0
0.8047228036538837,0.24979265699999997,0.104403935,0.21693285366666668,0.0,0.0
0.6473893254870812,0.000979362625,0.14804277412500003,0.21511118012500002,0.0,0.0
0.7227673636400886,0.259088181,0.17427216775,0.21175865724999998,0.0,0.0
0.8252432511210692,0.7611824223333334,0.21627904333333334,0.22810200266666666,0.0,0.0
0.8201794250490427,0.819660027,0.3263270213333333,0.28298725566666666,0.0,0.0
0.8037974695899682,0.27572044133333334,0.31106142566666667,0.3528567516666667,0.0,0.0
0.6449787693647272,0.007600522777777779,0.42223522066666663,0.464645049,0.0,0.0
0.729211826223408,0.25122175599999996,0.3136498175,0.37918285500000004,0.0,0.0
0.8177450242910264,0.6099421816666667,0.2559721206666667,0.32321584233333334,0.0,0.0
0.8240581626838164,0.8481393614,0.22312320840000002,0.3099115792,0.0,0.0
0.8130702719744689,0.6064287660000001,0.2178428455,0.41910878799999995,0.0,0.0
0.803999458738001,0.24199279733333334,0.1793627183333333,0.3971175426666667,0.0,0.0
0.6871976106184099,0.003683381,0.2004120025,0.35379872100000004,0.0,0.0
0.5640087276071504,0.034882471500000005,0.1283926445,0.1907734613333333,0.0,0.0
0.6233107296057004,0.3793468585,0.0803652325,0.152238602,0.0,0.0
0.689303829085146,0.796046578,0.1424714027142857,0.22113915314285718,0.0,0.0
0.6831743206860084,0.5674382689999999,0.15766489849999998,0.30702721899999996,0.0,0.0
0.6821532954051457,0.23939409033333336,0.13716981366666667,0.19496918600000002,0.0,0.0
0.6005345789111698,0.006445929888888889,0.14533638977777777,0.21719866377777775,0.0,0.0
0.6240323791363764,0.21817609599999999,0.1912391005,0.28001702325,0.0,0.0
0.6884316396195634,0.5172548226666668,0.3559195286666667,0.4577042918333334,0.0,0.0
0.6822145108621602,0.24257791339999998,0.4588039026,0.6738169464,0.0,0.0
0.6342066050706772,0.0143905064,0.5210907097999999,0.7143942473,0.0,0.0
0.8033462400011148,0.30537322325,0.41204472225,0.5222902105,0.0,0.0
0.8192215690596881,0.4576280985000001,0.20429236816666665,0.31596642,0.0,0.0
0.805778705306557,0.19949106100000003,0.2111497225,0.364406596,0.0,0.0
0.6457050861067729,0.007520315333333333,0.21237518422222224,0.44802376099999996,0.0,0.0
0.7562018782552166,0.23062570400000001,0.20908625300000003,0.4667234276666667,0.0,0.0
0.8271895800192456,0.4199292008333333,0.2520867576666667,0.38483417266666664,0.0,0.0
0.8168427785492004,0.458208601,0.3945062265,0.5321965405,0.0,0.0
0.7790464356100424,0.09656838474999999,0.5568792017499999,0.701740638,0.0,0.0
0.6157592045959304,0.010769233285714287,0.5448397251428572,0.6877327657142859,0.0,0.0
0.759116746233512,0.3296810593333333,0.458134309,0.7084121940000001,0.0,0.0
0.8308560759166522,0.8330325511428571,0.4492424631428572,0.6400961938571428,0.0,0.0
0.8132398276680994,0.4237226479999999,0.429547014,0.5874975410000001,0.0,0.0
0.6498692305619155,0.0022991192500000004,0.4911882498749999,0.6705856131250001,0.0,0.0
0.7251548980108116,0.257709729,0.48488041975,0.7376805772499999,0.0,0.0
0.8247359203823371,0.7642023567142857,0.42478802,0.5238516731428572,0.0,0.0
0.8086081401548272,0.36098933559999996,0.3716188466,0.44197885579999996,0.0,0.0
0.6445794493574512,0.009551285333333333,0.39466949222222225,0.5497594688888889,0.0,0.0
0.7709715665663368,0.343484204,0.18732040675,0.26467810150000004,0.0,0.0
0.8260656094637179,0.7799533449999999,0.131182649125,0.167742635875,0.0,0.0
0.8068818048404042,0.27504132066666664,0.08635947566666667,0.24437841766666665,0.0,0.0
0.6173388361777927,0.011750144222222224,0.07827688944444443,0.12907807755555556,0.0,0.0
0.6295776744290729,0.39400706500000005,0.03325319125,0.07003300825,0.0,0.0
0.699296404049427,0.784883870625,0.01432469775,0.050286121125,0.0,0.0
0.6854621748642495,0.25221202800000003,0.04771595433333333,0.078491808,0.0,0.0
0.6001062472808885,0.011427793222222224,0.1433058882222222,0.20914956044444447,0.0,0.0
0.6094377739842504,0.27617960433333333,0.13650816733333332,0.25359525433333335,0.0,0.0
0.6950104226264031,0.7118696286666667,0.1796948145,0.32363637949999996,0.0,0.0
0.6872311847898038,0.48518970660000005,0.31602869619999996,0.5195908254000001,0.0,0.0
0.6325380821750302,0.0193674181,0.4015646777,0.6780741673999999,0.0,0.0
0.7529678113735357,0.204446665,0.4268562516666667,0.6608766893333332,0.0,0.0
0.823920988230595,0.7446043884285715,0.3967768821428571,0.534382989,0.0,0.0
0.8066872405309997,0.42842836479999996,0.34201982080000004,0.5014405254,0.0,0.0
0.6439275489163087,0.012807020222222222,0.19735680788888887,0.3871610032222222,0.0,0.0
0.7816699082492263,0.4653251064000001,0.29892061580000007,0.4688323948,0.0,0.0
0.8204600824439595,0.8363988878333334,0.1499836205,0.23283211983333332,0.0,0.0
0.8071290564170366,0.5014103475,0.08384074,0.20705861650000001,0.0,0.0
0.7735118387057317,0.11405375725,0.13532612724999998,0.20375631624999999,0.0,0.0
0.6233605010856065,0.0349003755,0.1564039455,0.31262597812500004,0.0,0.0
0.8079171524604071,0.5887637892,0.09593716060000002,0.2277349212,0.0,0.0
0.8177169220032258,0.7379183821666665,0.08696793216666666,0.16786054716666665,0.0,0.0
0.8020556444219441,0.26169584966666665,0.14555101866666667,0.2260287693333333,0.0,0.0
0.6965932044205602,0.00667756075,0.236204582,0.37032072675,0.0,0.0
0.6379993184470248,0.07861320857142859,0.1654493637142857,0.25375564471428574,0.0,0.0
0.8194438730277082,0.5872161829999999,0.11766184933333335,0.21610160366666664,0.0,0.0
0.8224976850059552,0.8125539681428571,0.07990948471428572,0.17000647257142856,0.0,0.0
0.8037744268882344,0.2823157766666667,0.08667584133333332,0.18469518833333332,0.0,0.0
0.6485936927274708,0.0329313425,0.047432930899999996,0.1212149432,0.0,0.0
0.7889947907878865,0.403244624,0.0151686655,0.032377859999999994,0.0,0.0
0.8322948715529312,0.8061283562857143,0.018600472857142857,0.04573742442857143,0.0,0.0
0.8185973594684592,0.5549892734999999,0.052656088000000004,0.128534851,0.0,0.0
0.7843111566253109,0.12669295780000003,0.0716729948,0.1275660522,0.0,0.0
0.579022798577759,0.0168621225,0.089293587125,0.10114891012499999,0.0,0.0
0.6607319776071268,0.3655795325,0.048107497250000006,0.10811727925,0.0,0.0
0.6948232084536881,0.5594523433333333,0.044947332666666666,0.08083652416666666,0.0,0.0
0.6866514329549509,0.372279444,0.048467587,0.128604575,0.0,0.0
0.6597520199860655,0.06595605816666665,0.06086411566666666,0.11517411983333332,0.0,0.0
0.5802265097805864,0.096465320125,0.046174973625000004,0.09931021775000001,0.0,0.0
0.6868138695641921,0.24732520811111114,0.09079960455555557,0.18547507233333332,0.0,0.0
0.6754795757318863,0.0819890872,0.1845101418,0.3042205732,0.0,0.0
0.6120587868947455,0.0,0.46171898333333333,0.6986604796666667,0.0,0.0
0.7197904351319706,0.12987761725,0.5726838315,0.77420702075,0.0,0.0
0.8228500361304002,0.4863694075,0.6502291185,0.81460078125,0.0,0.0
0.8128445726380786,0.4415273692,0.7978598567999999,0.9048297948,0.0,0.0
0.7797009756006255,0.0832101146,0.7331984674,0.8898777213999999,0.0,0.0
0.6119575865522385,0.0,0.4993710591666667,0.7466878973333332,0.0,0.0
0.7199140609202868,0.15459324,0.33855593424999997,0.509839233,0.0,0.0
0.8203961120277894,0.350120128,0.16760087442857144,0.2668159962857143,0.0,0.0
0.806875952701298,0.30689425533333337,0.21750186033333332,0.286327795,0.0,0.0
0.7733306633402635,0.06928253875000001,0.23972220049999998,0.34242077,0.0,0.0
0.6119240664786838,0.0,0.3225610883333333,0.4490431158333334,0.0,0.0
0.7200104378298853,0.20311464375,0.3543857055,0.421023578,0.0,0.0
0.8230874808664959,0.65671772775,0.44272379900000003,0.4388444085,0.0,0.0
0.8117803698048874,0.6137044574999999,0.5735350308333333,0.6199707103333333,0.0,0.0
0.7729629063184655,0.07572139024999999,0.44781301675,0.60722979025,0.0,0.0
0.6233721081526997,0.009782830125,0.35425805,0.59312330225,0.0,0.0
0.8066879994912058,0.2445543916,0.6114973320000001,0.7162397004,0.0,0.0
0.8202454365766615,0.47546720525,0.7772390497499999,0.7976050245,0.0,0.0
0.8057146293182197,0.09600776075,0.81504006075,0.8335813985,0.0,0.0
0.7644627993478849,0.017356769666666664,0.6659684976666665,0.8364569153333333,0.0,0.0
0.6233971110680969,0.036130103999999996,0.37147834375,0.582572270125,0.0,0.0
0.7817099220255461,0.36700283850000004,0.299601967,0.4204261185,0.0,0.0
0.8208153737535302,0.6550746747142858,0.2806924177142857,0.29702858557142864,0.0,0.0
0.8073206520019173,0.3517150703333333,0.19784569666666665,0.19696619833333331,0.0,0.0
0.7228895759281934,0.051550638833333336,0.10123416699999999,0.13871492066666666,0.0,0.0
0.5630542624625292,0.02501394233333333,0.06967928416666666,0.11153021600000002,0.0,0.0
0.6398667243562041,0.22470170033333337,0.06607149133333334,0.07331547366666667,0.0,0.0
0.686738319735206,0.37209558971428575,0.17643420814285715,0.1839913685714286,0.0,0.0
0.680824722099883,0.07025888425,0.24698355074999997,0.3538348365,0.0,0.0
0.596404487709284,0.018359340600000003,0.1857279044,0.4078470297,0.0,0.0
0.652147243675063,0.32343592075,0.29732345225,0.40978385149999996,0.0,0.0
0.6869914769743932,0.6370268076000001,0.6026913558,0.7051840871999999,0.0,0.0
0.6806159983889662,0.306032569,0.5687759252,0.7158092452,0.0,0.0
0.644346950930704,0.04259950063636364,0.35091430990909095,0.5869759263636364,0.0,0.0
0.8187992833454613,0.21135658000000004,0.5954312052857142,0.6616074634285714,0.0,0.0
0.8079256974144047,0.18492544725,0.58100404475,0.75942462625,0.0,0.0
0.7741494555782236,0.06512722525,0.529100312,0.74623487725,0.0,0.0
0.612117902353759,0.0,0.6231476283333334,0.8535953961666666,0.0,0.0
0.7198763880070416,0.08474744174999999,0.6954177559999999,0.88575372025,0.0,0.0
0.819391897439269,0.6392161211249999,0.673712769625,0.83606714625,0.0,0.0
0.8021712921600975,0.33109073624999996,0.6064963435,0.8155473945,0.0,0.0
0.6761529247808666,0.008308736399999999,0.4334203682,0.7222829918,0.0,0.0
0.6435247414890322,0.024617254333333335,0.24127727266666668,0.43387213750000003,0.0,0.0
0.812041809696156,0.119054715,0.5254857230000001,0.5590245675000001,0.0,0.0
0.820765369547168,0.4429790798571429,0.826272945,0.867417002,0.0,0.0
0.8031025088344945,0.10061096174999999,0.79427506125,0.8914373762500001,0.0,0.0
0.6975406630811943,0.004368973,0.7346924187499999,0.8566987890000001,0.0,0.0
0.5959335621245283,0.0,0.605014441,0.8251655652500001,0.0,0.0
0.7212948612585753,0.102362552,0.5051157505,0.737171585,0.0,0.0
0.825895715456069,0.42769738850000005,0.5505863235,0.7478297110000001,0.0,0.0
0.8207170113131916,0.6596204010000001,0.8167445306,0.8516682502,0.0,0.0
0.8101703543429268,0.429991354,0.885883412,0.9166015123333334,0.0,0.0
0.7285073787378652,0.0643096825,0.7995050125,0.9201608905,0.0,0.0
0.6162143475304358,0.044126078166666666,0.588142454,0.8539435594999999,0.0,0.0
0.8029010682950845,0.492517561,0.48162778199999995,0.70214778925,0.0,0.0
0.8208774184743362,0.8106886502499999,0.67559716325,0.678596852,0.0,0.0
0.8087553480897913,0.4792348975,0.8460571367499999,0.8097503095,0.0,0.0
0.8004392739193175,0.183241396,0.8433647824999999,0.8546371075000001,0.0,0.0
0.6104299653868422,0.028432950000000002,0.8235287076000001,0.8299502177000001,0.0,0.0
0.6530824150880509,0.40028102075,0.669151897,0.6415820025,0.0,0.0
0.6848339247810432,0.41090840725,0.639404091125,0.60173,0.0,0.0
0.6264427605685653,0.026285712444444442,0.6049809584444445,0.6472673339999999,0.0,0.0
0.5861436437172216,0.1042894732,0.38632818879999997,0.40486849080000004,0.0,0.0
0.6854259878021521,0.348206178,0.237475875,0.256868716,0.0,0.0
0.6867076299003215,0.5956298606666667,0.18279432083333336,0.229479181,0.0,0.0
0.6819191500872712,0.32035702866666665,0.1890578496666667,0.302415642,0.0,0.0
0.6471305163779205,0.03015453275,0.26457398225,0.3618820241666667,0.0,0.0
0.8158148649662174,0.44695596066666665,0.2211029826666667,0.282996397,0.0,0.0
0.8186910960705485,0.6544602073749999,0.20298360149999997,0.281914389,0.0,0.0
0.7755231922429561,0.117481036,0.215563963,0.30254739825,0.0,0.0
0.6234552721165667,0.03593414875,0.113044733375,0.171290728375,0.0,0.0
0.8053018042776736,0.5183912455,0.051371563249999995,0.056043250249999996,0.0,0.0
0.8289755793913954,0.8372687376,0.0386172818,0.0626043896,0.0,0.0
0.814310598851493,0.49960907299999996,0.039864966333333335,0.083417056,0.0,0.0
0.7770710748241577,0.11865448675,0.07106771775,0.07703522475,0.0,0.0
0.6236235144827739,0.031217068875000004,0.05364629925000001,0.08126313950000001,0.0,0.0
0.7851737984952257,0.34517730950000003,0.038961383,0.054935576,0.0,0.0
0.827830196450037,0.7360906387142858,0.05916655585714286,0.06405062414285714,0.0,0.0
0.8120472274323633,0.41758794600000004,0.08741436999999999,0.09970684425,0.0,0.0
0.6593860133193397,0.0292139121,0.0568656221,0.0823603424,0.0,0.0
0.7567532566020739,0.32644619333333336,0.03872390233333333,0.08289310866666667,0.0,0.0
0.8330421605145367,0.8301336058333333,0.049628989166666665,0.13736014833333332,0.0,0.0
0.8213264763583632,0.64176102775,0.159436875,0.29460900300000004,0.0,0.0
0.8076103008803469,0.231259614,0.258460274,0.458398513,0.0,0.0
0.6452542045357084,0.016837059777777778,0.41225489355555556,0.6843033581111111,0.0,0.0
0.7574059038148725,0.30624706933333334,0.3841382066666667,0.6654548510000001,0.0,0.0
0.8223894111822503,0.7958387570000001,0.3095698605,0.56484495825,0.0,0.0
0.8077568321501142,0.536118841,0.2509748295,0.5650055615,0.0,0.0
0.7744684297118627,0.136699002,0.2121317035,0.48598075975000005,0.0,0.0
0.5790846114506826,0.014371413,0.17156596242857144,0.18763803642857144,0.0,0.0
0.6050557794439277,0.322489473,0.105654146,0.10333469733333334,0.0,0.0
0.6888317873275428,0.8112909298571429,0.11235123628571429,0.13916795257142858,0.0,0.0
0.6830541999481493,0.5948638253333334,0.18112966933333333,0.38119508599999996,0.0,0.0
0.6746527711572727,0.13840002424999998,0.20062204025,0.444307774,0.0,0.0
0.5805537572951874,0.0,0.21239967849999997,0.35099478133333334,0.0,0.0
0.5924869333451115,0.26504511675,0.1233004445,0.173511904,0.0,0.0
0.6888199666033766,0.7710342249999999,0.10745631783333333,0.13790209083333335,0.0,0.0
0.6848812159467405,0.6614080066666667,0.10796828533333332,0.2693036756666667,0.0,0.0
0.6809507366953816,0.23707843750000002,0.10782794775,0.3294034255,0.0,0.0
0.6171147930271252,0.012207882875,0.099474201875,0.18678806062500003,0.0,0.0
0.7682138292142248,0.40647996875000003,0.10775186349999999,0.1508779735,0.0,0.0
0.8282416564366729,0.86962627525,0.14015254649999997,0.21803716174999999,0.0,0.0
0.8175018493880328,0.7730426745,0.228406371,0.4223533415,0.0,0.0
0.8047904382157728,0.30979161633333335,0.291965759,0.4811718996666667,0.0,0.0
0.6459815860004567,0.0335721934,0.24605840639999998,0.4185822249,0.0,0.0
0.8012844463045176,0.5349443380000001,0.12852668925,0.237332014,0.0,0.0
0.8253410606188426,0.8646159405000001,0.12044816583333333,0.21807366666666664,0.0,0.0
0.8072127232700765,0.38208675550000004,0.143945546,0.22726229225,0.0,0.0
0.6457576240081089,0.0269490228,0.11425546919999999,0.19405733220000002,0.0,0.0
0.7999337294632138,0.37448755025,0.062567252,0.085778518,0.0,0.0
0.8205938884462539,0.6740496313333333,0.095999353,0.10603653216666668,0.0,0.0
0.807806712230745,0.4016560105,0.166177315,0.193825575,0.0,0.0
0.7727390289250602,0.07814917974999999,0.19560972775000002,0.29019785325,0.0,0.0
0.6208652970764402,0.008523220750000001,0.19513772,0.29552772625,0.0,0.0
0.7988929457870182,0.159728408,0.24408223875,0.27107071075,0.0,0.0
0.8180045408984519,0.408579644,0.33099791380000004,0.3634888668,0.0,0.0
0.8054218562939107,0.3666371016666667,0.4225677053333334,0.4511069003333333,0.0,0.0
0.771537643747234,0.060895490499999996,0.439713491,0.5226465607499999,0.0,0.0
0.6206710573875153,0.02088924575,0.6261041453749999,0.5860002915,0.0,0.0
0.7991305962420573,0.45239738025,0.658526863,0.607467461,0.0,0.0
0.8195221388195675,0.8547641734000001,0.6459291110000001,0.5653098086,0.0,0.0
0.8061200249667725,0.5534241616666667,0.7342042110000001,0.7033701763333333,0.0,0.0
0.7710567193076847,0.1058036445,0.69527650075,0.7395768017500001,0.0,0.0
0.5776303691204445,0.009730603,0.7278198998571429,0.7478406768571428,0.0,0.0
0.600831669931675,0.3027306043333333,0.6763274423333333,0.6808701156666667,0.0,0.0
0.6893821785770246,0.7797580665,0.5266942507500001,0.55298872025,0.0,0.0
0.6853336113382074,0.3125493025,0.44422825099999996,0.6465085349999999,0.0,0.0
0.5988014964018674,0.011450792333333333,0.3340610504444445,0.5094925395555555,0.0,0.0
0.6014579826423626,0.27106216866666666,0.16724266533333332,0.22343558900000002,0.0,0.0
0.6917635432852316,0.725457587,0.153827319,0.20860612642857143,0.0,0.0
0.6877138648710849,0.5225051933333333,0.316584481,0.328382059,0.0,0.0
0.6407599938130444,0.05507409,0.5460733003333335,0.693082761888889,0.0,0.0
0.6911635179716601,0.1063128172,0.7474304232,0.8386102386,0.0,0.0
0.8187797153289817,0.6373922494285714,0.6559071604285714,0.6458030902857141,0.0,0.0
0.8020343208309748,0.32336887979999995,0.483528624,0.49898190480000004,0.0,0.0
0.6406606044942005,0.006063590999999999,0.25644454422222224,0.47510600633333333,0.0,0.0
0.76611698005836,0.26914054225,0.27931006724999996,0.452560374,0.0,0.0
0.8217773401395949,0.5917063798000001,0.3595154226,0.342317771,0.0,0.0
0.808406073257718,0.4426560565,0.15655172350000002,0.2359579465,0.0,0.0
0.7727652263183691,0.06574453325,0.12287795025,0.25049087375,0.0,0.0
0.6378760576828987,0.035571007111111115,0.1888982102222222,0.2921292644444444,0.0,0.0
0.8195920653838048,0.473095047,0.14773991666666667,0.247669934,0.0,0.0
0.8313312540515074,0.6392817998,0.139681426,0.2153759752,0.0,0.0
0.8090149347987217,0.30735106700000003,0.09857504080000001,0.28443435679999995,0.0,0.0
0.642425528153826,0.008229795222222221,0.0485828008888889,0.121444016,0.0,0.0
0.7752070412079177,0.35894315125,0.05972039975,0.1254728225,0.0,0.0
0.8398485584420134,0.7349544808000001,0.048120289999999996,0.1092893188,0.0,0.0
0.8217591437267784,0.50254599325,0.11048829000000002,0.23763192475,0.0,0.0
0.7372836511024009,0.07097871716666666,0.13046582133333334,0.29220007616666666,0.0,0.0
0.6144929742788144,0.03547876133333334,0.22080821783333338,0.3841524553333333,0.0,0.0
0.782973817371782,0.3443960565,0.1977048965,0.330109898,0.0,0.0
0.8302881645518415,0.7015102386666667,0.17430466833333336,0.271111893,0.0,0.0
0.8267131513709997,0.8004751798333332,0.3294148261666666,0.45871812116666666,0.0,0.0
0.8027493630353387,0.2821712773333333,0.42800931699999994,0.6258646643333333,0.0,0.0
0.615662938712203,0.0070064328888888895,0.4007740923333334,0.5895099699999999,0.0,0.0
0.6008009158414724,0.1878671146666667,0.37998087099999994,0.46049407333333336,0.0,0.0
0.6865387493631832,0.5076629730000001,0.3289900606666667,0.3942140496666667,0.0,0.0
0.6833154341824081,0.59830159175,0.41473084175,0.42958852150000004,0.0,0.0
0.6681888091828332,0.0762908038,0.3613938802,0.46090805020000003,0.0,0.0
0.5673997651279077,0.0047976505,0.29825940283333335,0.4385921726666668,0.0,0.0
0.6206515522514258,0.2649412635,0.2339274275,0.3125614345,0.0,0.0
0.6913180972625034,0.7289252648571428,0.11481228314285714,0.13409826428571428,0.0,0.0
0.6859323437258439,0.36547887075,0.09261601874999999,0.0927444675,0.0,0.0
0.6242798275011143,0.007357118555555556,0.069012927,0.0853144031111111,0.0,0.0
0.771709880855002,0.3822785595,0.061507375249999996,0.09515283024999999,0.0,0.0
0.834775466554912,0.852374191,0.06359871966666666,0.11340502699999999,0.0,0.0
0.8215788256846019,0.6341181685,0.082821654,0.18327712499999999,0.0,0.0
0.8096859095181389,0.27609566300000005,0.11076768799999999,0.23347443533333334,0.0,0.0
0.6423756785528283,0.004874226111111111,0.11551635244444444,0.19254961122222222,0.0,0.0
0.7748955078868442,0.287914445,0.054459303249999994,0.05443731775,0.0,0.0
0.8367951296485662,0.5917664185,0.03390058633333334,0.04417792,0.0,0.0
0.8145108811565867,0.3095483866666667,0.026628425,0.03904472366666667,0.0,0.0
0.7773590054266891,0.073719021,0.0582514535,0.078464607,0.0,0.0
0.6237295798723198,0.001654105,0.09851555357142858,0.16861492928571428,0.0,0.0
0.7704487172675616,0.2043215095,0.12914589175,0.22516445225,0.0,0.0
0.8279687485689912,0.6226979216666667,0.1966352998333333,0.30607756249999996,0.0,0.0
0.8158897993300473,0.559665002,0.35337708599999995,0.431841535,0.0,0.0
0.8048163154986133,0.27360492033333333,0.39270644466666665,0.5540846583333333,0.0,0.0
0.6419825611302477,0.005212854666666667,0.36067068711111117,0.5786000765555556,0.0,0.0
0.7489986799382046,0.262584331,0.30498629066666666,0.5311697153333333,0.0,0.0
0.824370607791253,0.7905599361428572,0.23542144642857138,0.31482735957142854,0.0,0.0
0.8121439473183482,0.5885980543333333,0.314919433,0.33802346766666663,0.0,0.0
0.7732047630124221,0.11549492524999999,0.3245289325,0.434513928,0.0,0.0
0.6108040431040672,0.0031424144285714284,0.29270220657142854,0.41751844114285713,0.0,0.0
0.7663561735169557,0.36812377775,0.23747390324999998,0.3219860725,0.0,0.0
0.8232263312315562,0.7820777870000001,0.235625914625,0.3317320465,0.0,0.0
0.7824883621062797,0.1743843922,0.20782033860000002,0.33193185419999993,0.0,0.0
0.5778017914799084,0.0028109962857142856,0.14798288285714287,0.30627140457142854,0.0,0.0
0.6236568840574628,0.34447758100000003,0.12100808475,0.2375412905,0.0,0.0
0.6984669534632113,0.7832863748333333,0.16474137783333334,0.19847851966666666,0.0,0.0
0.6892550083657658,0.35538618240000003,0.1996660318,0.2260891928,0.0,0.0
0.6011605690753309,0.05778097208333333,0.15631960716666665,0.27735339749999993,0.0,0.0
0.6955833500325883,0.6453862223333333,0.22092564133333328,0.27130778283333334,0.0,0.0
0.6936896901881808,0.48523298075000004,0.24447653975,0.24646554775,0.0,0.0
0.6424391983229568,0.04366595188888889,0.25729318655555555,0.35392735155555555,0.0,0.0
0.6945474629255564,0.1116130354,0.2711447612,0.43518165379999996,0.0,0.0
0.8277681005082999,0.43600626766666667,0.283113743,0.399936134,0.0,0.0
0.8267538874873739,0.49423269966666666,0.2663040616666667,0.3086067851666667,0.0,0.0
0.8107113695484603,0.2136436793333333,0.2538504113333333,0.3576114526666667,0.0,0.0
0.6481997655953929,0.002816743111111111,0.15392627166666667,0.2579021667777778,0.0,0.0
0.7748931990856021,0.2891898235,0.09055015524999999,0.134756595,0.0,0.0
0.8426023044898843,0.8017815236000001,0.06824866560000001,0.07886046020000001,0.0,0.0
0.8323082315522461,0.6171294097500001,0.06778301175000001,0.07635456775,0.0,0.0
0.7855481277095924,0.10479376975,0.05780199625,0.056100303,0.0,0.0
0.6192320061951374,0.001420958142857143,0.05976944514285715,0.07034459628571428,0.0,0.0
0.7678177032181587,0.23921519633333332,0.04625015366666666,0.042358979,0.0,0.0
0.8494961243952946,0.7108969199999999,0.040428288857142856,0.05771055285714287,0.0,0.0
0.8308037291728826,0.5110886573333334,0.11632621833333334,0.17897947366666667,0.0,0.0
0.787349182529967,0.102085757,0.167550953,0.27859189399999995,0.0,0.0
0.638005098678463,0.02009836425,0.17788012700000003,0.23383443512499996,0.0,0.0
0.8191106762062353,0.48760238575000003,0.123928078,0.160591734,0.0,0.0
0.846608855799701,0.824147632,0.08302088866666667,0.08702572233333333,0.0,0.0
0.8293006822847723,0.45277800700000004,0.1145907465,0.146810292,0.0,0.0
0.7660461695096161,0.0796584658,0.24042921320000002,0.2735806678,0.0,0.0
0.6339178779878026,0.023007316142857143,0.24026085857142856,0.30655292114285715,0.0,0.0
0.8010317084310834,0.3521301115,0.14443446599999998,0.273469896,0.0,0.0
0.8496657441198665,0.7837863828333332,0.23679947083333333,0.2840369878333333,0.0,0.0
0.8332250007814495,0.5768213232499999,0.39793791475,0.3992838765,0.0,0.0
0.7424869753287212,0.062899362,0.5114720465,0.6298702511666667,0.0,0.0
0.5912915602662477,0.0014109556,0.466608582,0.5854190842,0.0,0.0
0.6444556648826354,0.3418754755,0.580594192,0.712862843,0.0,0.0
0.7066488308209616,0.7332139567142857,0.6003885091428571,0.6219032898571429,0.0,0.0
0.6897314248328936,0.18728814,0.32766241874999996,0.47436212049999993,0.0,0.0
0.6104070801750494,0.0014284132222222223,0.21734630244444444,0.36383717044444447,0.0,0.0
0.6077636138494906,0.2532340393333334,0.145848792,0.23327084166666667,0.0,0.0
0.6920887100092383,0.665184308875,0.11687832262499999,0.14071537012500002,0.0,0.0
0.6861250746543492,0.27007860375000003,0.22875814625000002,0.17339954975,0.0,0.0
0.6452754692285646,0.0009237963333333334,0.3761310991111111,0.4436024274444444,0.0,0.0
0.767227889963099,0.16173401733333334,0.20032669999999997,0.41293929566666665,0.0,0.0
0.8380427715879923,0.5043104905,0.10805565,0.2961292205,0.0,0.0
0.8432633245033193,0.6157092541666667,0.1163810705,0.24007645066666664,0.0,0.0
0.8204474943100621,0.23154957475000001,0.074941754,0.13212540849999999,0.0,0.0
0.7195701809708891,0.00132439275,0.17568343250000001,0.28546920975,0.0,0.0
0.6642227910910842,0.04512220928571429,0.35738285228571426,0.49445935742857133,0.0,0.0
0.8337522162938628,0.316082213,0.311050591,0.5545517515,0.0,0.0
0.850791772001083,0.42848564016666674,0.313317087,0.5235263026666667,0.0,0.0
0.8280678076904332,0.28464849099999995,0.32764308366666667,0.5927593863333334,0.0,0.0
0.8088853746877702,0.115011859,0.1760008885,0.346429343,0.0,0.0
0.6561069237651067,0.0008229288888888889,0.14686345766666664,0.2545524421111111,0.0,0.0
0.7730480934330111,0.25369608675,0.09402550674999999,0.18084139575,0.0,0.0
0.8287333782841908,0.6503701011666667,0.069450856,0.08448625716666668,0.0,0.0
0.816344572170058,0.4338216529999999,0.08544454033333333,0.08055918333333333,0.0,0.0
0.7781472683565798,0.0557829635,0.07472704399999999,0.060808944749999996,0.0,0.0
0.6242781962358567,0.011716146875,0.031153262875,0.036676198374999996,0.0,0.0
0.7866168231655593,0.2115590095,0.017471554,0.040042189000000006,0.0,0.0
0.8319194397189319,0.49954178066666666,0.037222945,0.05276629833333333,0.0,0.0
0.8349762213025766,0.8486481805,0.06846750475,0.066932042,0.0,0.0
0.820070597176283,0.5624599683333334,0.068604198,0.0704806,0.0,0.0
0.8067036812946523,0.1791332455,0.060200044,0.0614356135,0.0,0.0
0.6450804192797582,0.0008143653333333333,0.050717624,0.07539141277777778,0.0,0.0
0.7568459758937642,0.26584186,0.029827210333333336,0.05852483333333333,0.0,0.0
0.8380083055534184,0.7062264775714286,0.06691092671428571,0.10181205914285714,0.0,0.0
0.8273234012076807,0.5116997465,0.15222601,0.17298775700000002,0.0,0.0
0.8127518958973105,0.19889875199999998,0.14902536166666666,0.16438236633333334,0.0,0.0
0.6251339401407568,0.006182254399999999,0.20036414489999999,0.32379095220000004,0.0,0.0
0.657941036377719,0.31339806699999995,0.25209200675,0.40272909775,0.0,0.0
0.6948611709812527,0.6136635611666666,0.4064358555,0.5090665850000001,0.0,0.0
0.6848093447488788,0.24896970000000002,0.437953799,0.574811874,0.0,0.0
0.661841923588307,0.020199471333333333,0.5490131005,0.734020937,0.0,0.0
0.5699037707495901,0.04190338428571429,0.6519810004285713,0.8786307547142858,0.0,0.0
0.6606676386359566,0.36679568100000004,0.678364647,0.8534873789999999,0.0,0.0
0.6885871929680865,0.49200519816666666,0.6354898185,0.8270778071666668,0.0,0.0
0.6814970668395844,0.31417117899999997,0.690020852,0.8694490109999999,0.0,0.0
0.6639696373612368,0.03097950183333333,0.5000875201666667,0.7712744533333334,0.0,0.0
0.6152384856585899,0.008023312166666666,0.327460201,0.6249401343333333,0.0,0.0
0.8027114463015441,0.217159901,0.2317170685,0.46727084325,0.0,0.0
0.8233967434259993,0.44298278800000007,0.32796000583333335,0.35244405549999996,0.0,0.0
0.8110683481016119,0.2799391785,0.27037588749999997,0.269433228,0.0,0.0
0.73479037115001,0.028624533666666663,0.1174477975,0.168199417,0.0,0.0
0.6165124621249005,0.0144932125,0.08804695366666666,0.06836559999999998,0.0,0.0
0.7903486850504292,0.2370795315,0.0706148795,0.066395065,0.0,0.0
0.8378843228147059,0.5904517023333333,0.07208513266666666,0.08225453633333334,0.0,0.0
0.8403206894718985,0.7324183831666667,0.158823881,0.1896645916666667,0.0,0.0
0.8175477594943851,0.213671604,0.28283605300000003,0.4580944493333334,0.0,0.0
0.6792209416015509,0.0003059025,0.45999053924999994,0.7080438527499999,0.0,0.0
0.7209418907565347,0.081911241,0.31708037533333333,0.647381972,0.0,0.0
0.8390589810661772,0.26152288925,0.1768840715,0.44607503875,0.0,0.0
0.84557708649771,0.38958628625,0.22374978650000002,0.30168480275,0.0,0.0
0.8179445750973118,0.16746766325,0.43213705700000005,0.44430959400000003,0.0,0.0
0.7292166679614376,0.014755212199999998,0.45608993179999996,0.6259429942000001,0.0,0.0
0.6044968421943,0.0,0.1531264246,0.3456090526,0.0,0.0
0.7706434027489912,0.306798909,0.053847030500000004,0.10429261975,0.0,0.0
0.8276037233431485,0.560312923,0.04774997483333334,0.04758938083333333,0.0,0.0
0.8110402305657368,0.21369298399999997,0.22969047425,0.29632287625,0.0,0.0
0.7471343873276612,0.00738443775,0.62246173575,0.6423471765,0.0,0.0
0.6413389388593108,0.010763221142857143,0.8103693754285715,0.8615403052857143,0.0,0.0
0.785639292601927,0.1966849335,0.8901190910000001,0.8929524010000001,0.0,0.0
0.8202591230443801,0.507487865,0.842051544,0.8980967519999999,0.0,0.0
0.8061954927530847,0.4353123703333333,0.6817365383333334,0.8592359443333333,0.0,0.0
0.7226829538428948,0.044486584833333336,0.33724063750000005,0.6101364158333333,0.0,0.0
0.5764522943748445,0.031939129125,0.29532265962500004,0.413555905625,0.0,0.0
0.6857395175185506,0.393693015,0.3729012348333333,0.5841132534999999,0.0,0.0
0.6820107340972703,0.315242494,0.69380236225,0.6958627525000001,0.0,0.0
0.657239111067366,0.03832096966666667,0.6670685136666666,0.8738202031666668,0.0,0.0
0.5626128474063768,0.010853460333333334,0.4644598701666666,0.7963647690000001,0.0,0.0
0.6508869030005566,0.19595076449999999,0.26789426775,0.6065031369999999,0.0,0.0
0.6861052056826068,0.1728530375,0.18288348399999999,0.456916954,0.0,0.0
0.6854744734086008,0.034428449,0.11925894649999999,0.23775703799999998,0.0,0.0
0.6355036217397534,0.0016423724545454545,0.1768755792727273,0.18383240036363635,0.0,0.0
0.7496537960260593,0.031222256,0.22980536433333332,0.3638467193333333,0.0,0.0
0.8221083865713397,0.1268188548,0.19524806199999997,0.31185682979999996,0.0,0.0
0.8107064317735744,0.10355033050000001,0.194664538,0.28306293625,0.0,0.0
0.7797748584592279,0.0087944988,0.3113563476,0.3469344316,0.0,0.0
0.6146574342192268,0.0,0.15388430300000003,0.24625881371428568,0.0,0.0
0.768211417553511,0.1231128465,0.10341208674999999,0.1931964465,0.0,0.0
0.8189089973052884,0.5176266732857142,0.15532914928571429,0.24453845828571427,0.0,0.0
0.8054538904791574,0.26940769200000003,0.2528361535,0.402175833,0.0,0.0
0.7737221488307668,0.0347874705,0.25218728949999997,0.37965562624999993,0.0,0.0
0.6230192843344098,0.00789781625,0.2404586925,0.446499119375,0.0,0.0
0.7810409071506675,0.208986489,0.139357331,0.2910299755,0.0,0.0
0.8189681148901022,0.4862107152222222,0.25029934988888886,0.2785239098888889,0.0,0.0
0.7808632042733998,0.051946408799999996,0.23970527660000002,0.3484328994,0.0,0.0
0.6194284110478068,0.0,0.33850798028571427,0.5206333215714286,0.0,0.0
0.7565972918156642,0.11892594033333333,0.49495728433333336,0.709708304,0.0,0.0
0.8245487966434261,0.4736916012857143,0.6900792852857144,0.7831842067142857,0.0,0.0
0.8107405081107558,0.30836031133333336,0.5877838946666666,0.71953516,0.0,0.0
0.7752918053649103,0.02836276325,0.43734513375000006,0.60870537675,0.0,0.0
0.6146322361967815,0.0,0.25960288085714284,0.4481091244285715,0.0,0.0
0.7798357478477533,0.15760301459999998,0.186459507,0.3645978948,0.0,0.0
0.8180912587858891,0.4676528233333333,0.289477434,0.3596402816666666,0.0,0.0
0.7833474607448564,0.1348513135,0.2489780885,0.34188428633333334,0.0,0.0
0.5785596851879306,0.0,0.29953783328571426,0.4477737595714286,0.0,0.0
0.6015541919717838,0.09710025100000001,0.4226335583333334,0.6306991386666666,0.0,0.0
0.6867485642045025,0.26561349949999996,0.7099941543333333,0.7824909063333334,0.0,0.0
0.6817672391333556,0.21401012266666666,0.8030583726666666,0.8277935036666667,0.0,0.0
0.6750171494535216,0.034219474,0.6614482862,0.8186017541999998,0.0,0.0
0.5829076686668211,0.007358306111111111,0.42174111266666664,0.6846780802222223,0.0,0.0
0.660595035976447,0.111237188,0.3536593925,0.5051197435,0.0,0.0
0.687078708673629,0.14836794257142857,0.32534981685714287,0.3937122588571428,0.0,0.0
0.680216445780222,0.07613036000000001,0.371114129,0.385751542,0.0,0.0
0.6740305160198743,0.00895646075,0.4403845965,0.47525200875,0.0,0.0
0.622758822267274,0.0,0.40312271585714293,0.669836697,0.0,0.0
0.751294718034193,0.13604461,0.4368179476666667,0.6855105883333333,0.0,0.0
0.8184256252498642,0.683731111875,0.5708975965,0.744268294375,0.0,0.0
0.804634641021927,0.329728571,0.611294512,0.8142544025,0.0,0.0
0.772350526693679,0.033552732999999994,0.49533056225,0.7551956495000001,0.0,0.0
0.6373494594016362,0.02511661788888889,0.31403191411111114,0.5534153163333333,0.0,0.0
0.8142237315998152,0.49358528766666665,0.16273986199999999,0.2835957416666666,0.0,0.0
0.8158725500047354,0.556898113,0.09230435485714286,0.11564903357142857,0.0,0.0
0.8025068511201059,0.204141513,0.033093792999999996,0.054431834,0.0,0.0
0.7148605415853343,0.0010232511999999998,0.0673272086,0.10976312860000001,0.0,0.0
0.5949408983239575,0.0,0.33962339025,0.48052337800000006,0.0,0.0
0.7189114645290156,0.1036430595,0.46907541125,0.6872369334999999,0.0,0.0
0.8268188093536573,0.5756366041666667,0.4922348838333333,0.7192666488333334,0.0,0.0
0.8153435568715625,0.49565268866666673,0.49897100666666666,0.7165311710000001,0.0,0.0
0.7443647988030115,0.06193651471428572,0.3629186151428571,0.6574856007142856,0.0,0.0
0.6586528961987166,0.027604525375,0.18499636525,0.30679990175,0.0,0.0
0.825631806739291,0.3373682376666666,0.20236326100000002,0.22095964633333331,0.0,0.0
0.8119143663647581,0.26028626974999997,0.35630203824999995,0.34750114624999995,0.0,0.0
0.732384019367274,0.013698235833333334,0.2844414693333333,0.4205727651666667,0.0,0.0
0.6161667381866014,0.0016566553333333333,0.2392584381666667,0.41954115616666665,0.0,0.0
0.8003953602826105,0.18904319274999998,0.30179247025,0.5027002192500001,0.0,0.0
0.816469874329938,0.4765379273333334,0.515094234,0.7066145588333335,0.0,0.0
0.8036059044764631,0.2460489426666667,0.5037163116666666,0.7508055913333335,0.0,0.0
0.6268874607595284,0.0017376910000000002,0.3705418456363636,0.5830290102727274,0.0,0.0
0.6527695558905499,0.2727654125,0.23683816024999998,0.35630826325,0.0,0.0
0.687962546818666,0.44888906814285706,0.1289323757142857,0.2528945794285714,0.0,0.0
0.6634186944754595,0.04569817214285714,0.26301192900000003,0.4088701534285714,0.0,0.0
0.56219116799112,0.002160053,0.3532641228333333,0.6067782348333334,0.0,0.0
0.6189074754841153,0.213273668,0.353185989,0.636207634,0.0,0.0
0.6866857760033737,0.6359482121666667,0.41251373183333334,0.6100264506666667,0.0,0.0
0.6800228233038679,0.5136783773333333,0.3025284273333333,0.4890172796666667,0.0,0.0
0.6673094842243266,0.034857214,0.2433307921428571,0.37456437342857146,0.0,0.0
0.6562937022694111,0.007621161125,0.7182765399999999,0.8227688015,0.0,0.0
0.8236589757092796,0.08997253875,0.710595921,0.89683390175,0.0,0.0
0.8119222438246998,0.3072076326,0.5445005895999999,0.8456584348000001,0.0,0.0
0.8028103378428089,0.13628240600000002,0.5600504245,0.7980273234999999,0.0,0.0
0.6955397640498729,0.0008467496666666667,0.49494029100000003,0.7691357708333334,0.0,0.0
0.6644099475309834,0.050100651,0.37285277899999997,0.5762135444285714,0.0,0.0
0.8180437866065972,0.40620313350000004,0.289919073875,0.32273744725,0.0,0.0
0.8046455223500454,0.22620665550000002,0.115294341,0.106667115,0.0,0.0
0.6721120647264595,0.009584663416666667,0.08529779441666664,0.059838077833333336,0.0,0.0
0.7794477393121082,0.12484770249999999,0.135264305,0.1302629825,0.0,0.0
0.8221735461440787,0.4533550366666666,0.14606775533333335,0.17078449566666665,0.0,0.0
0.8147835985038524,0.5158942856666667,0.189535365,0.22739059916666668,0.0,0.0
0.7408501833209026,0.03252638471428571,0.26740373114285715,0.3586764354285714,0.0,0.0
0.6359385534566256,0.002192932285714286,0.1323267407142857,0.193523355,0.0,0.0
0.8141416192204511,0.09797438800000001,0.24950156266666668,0.30201031133333334,0.0,0.0
0.8181671014939849,0.313325617,0.27229615420000003,0.329563095,0.0,0.0
0.8043050942129053,0.24029512025000002,0.324359112,0.41290468225,0.0,0.0
0.7624950280401945,0.0015591166666666667,0.34415785633333335,0.5020997116666667,0.0,0.0
0.6373093328118622,0.015936180555555554,0.35416836822222225,0.5804154102222223,0.0,0.0
0.8100893087589799,0.2786110455,0.3491068875,0.5736845365000001,0.0,0.0
0.8191491187818284,0.5007007971666666,0.269470803,0.46516211383333333,0.0,0.0
0.8042704387461789,0.22341935150000003,0.23776419575,0.4260882845,0.0,0.0
0.7626723743676883,0.0,0.17407960966666666,0.31278105466666667,0.0,0.0
0.5884399971795576,0.0349578463,0.13439631859999998,0.2665679347,0.0,0.0
0.6876764989171312,0.4642043527142858,0.0812230022857143,0.13158261442857141,0.0,0.0
0.6838912267153959,0.258192045,0.08147462475,0.096434031,0.0,0.0
0.6089667660259724,0.024672173615384617,0.059254793384615395,0.05025523230769231,0.0,0.0
0.6869690273723215,0.551950854,0.08378715142857143,0.062721514,0.0,0.0
0.682792253377366,0.21192821475,0.11934752075,0.12525217425,0.0,0.0
0.6347424661297866,0.0002049352,0.21473665020000002,0.2532046436,0.0,0.0
0.7855246644013082,0.167424101,0.31413572380000004,0.3687257392,0.0,0.0
0.8203297663059814,0.40613723799999996,0.27663754749999997,0.2683928626666667,0.0,0.0
0.7906960320973192,0.08541329016666666,0.21068880733333337,0.241173525,0.0,0.0
0.6163992397171111,0.0,0.1356856814285714,0.13433817057142858,0.0,0.0
0.775144656863992,0.15593091025,0.1061641375,0.09260967225,0.0,0.0
0.820100528297811,0.56339683825,0.084108463875,0.05969592025,0.0,0.0
0.766026104718411,0.05449062766666666,0.07502895866666666,0.06981739783333334,0.0,0.0
0.6212769326105801,0.000297257,0.037004504285714286,0.02028480157142857,0.0,0.0
0.8007655289527355,0.20084480400000002,0.02843227333333333,0.019869427999999998,0.0,0.0
0.820571588688674,0.5433449883749999,0.019643492875,0.024332529000000002,0.0,0.0
0.7864005054899719,0.0522523786,0.0710013404,0.0787737104,0.0,0.0
0.6423956833988279,0.012164529333333333,0.1269398531111111,0.12087632066666666,0.0,0.0
0.8202318349970273,0.38312097466666667,0.21739126,0.25298346099999997,0.0,0.0
0.8204311266851424,0.5821033393333334,0.33930014799999997,0.3243978221666667,0.0,0.0
0.8106414642745483,0.2036196455,0.3924837745,0.4520858305,0.0,0.0
0.6816968142060593,0.0033828754,0.5726849677000001,0.7009863256,0.0,0.0
0.7262581232948222,0.01763603975,0.510935961,0.67955579125,0.0,0.0
0.8225324792501543,0.18447207512500002,0.301747632875,0.49629371087499996,0.0,0.0
0.7900906437084453,0.05441449566666667,0.38365554116666667,0.5693976363333334,0.0,0.0
0.5883682814303022,0.0251021188,0.4634532066,0.6888350171,0.0,0.0
0.6898178478908409,0.3276818248571428,0.637932291,0.8387955228571428,0.0,0.0
0.6852037372209723,0.2900434943333333,0.6755141376666667,0.856598929,0.0,0.0
0.612644119617057,0.004294524307692308,0.5582846383846154,0.737097246,0.0,0.0
0.6627737575186283,0.0965820595,0.4626883045,0.6746187735,0.0,0.0
0.6867051648961208,0.39411718062499995,0.327634578625,0.562434026,0.0,0.0
0.6801809216117461,0.023997555400000002,0.38703213840000006,0.5835224532000001,0.0,0.0
0.659579018579407,0.0199879674,0.5007860429000001,0.7722655196999999,0.0,0.0
0.8234253747513767,0.486342132,0.4475593281428572,0.5889116684285715,0.0,0.0
0.8132831881081359,0.152608976,0.47635297350000005,0.615538162,0.0,0.0
0.7989925001921763,0.01612784425,0.35894581475,0.6002193392499999,0.0,0.0
0.6389273645081697,0.0,0.3597233945555556,0.6267739806666667,0.0,0.0
0.8087248988248223,0.01774181975,0.6779869082500001,0.84726202975,0.0,0.0
0.8216169101224414,0.07714002883333333,0.8627004528333333,0.9322701843333333,0.0,0.0
0.7911266954401789,0.03869689566666667,0.7635915998333335,0.9180996988333333,0.0,0.0
0.6265941222429098,0.0,0.628817557875,0.846506815875,0.0,0.0
0.8091533142844172,0.0537261175,0.7030532244999999,0.8799037752500001,0.0,0.0
0.8261127692308992,0.34129502075,0.72897305475,0.8747608675,0.0,0.0
0.815676151660412,0.29186995775,0.6705108982499999,0.8548225602499999,0.0,0.0
0.7775850545001475,0.00370150375,0.51273779725,0.7748207337499999,0.0,0.0
0.6417972698169233,0.010798867222222223,0.30080914333333336,0.6031615384444443,0.0,0.0
0.8236551048412913,0.30811673733333333,0.280452156,0.5313755720000001,0.0,0.0
0.8232231582918388,0.5069566664,0.3420636712,0.5310306702,0.0,0.0
0.8137337547340023,0.18217723575,0.34549855125,0.57572705225,0.0,0.0
0.6730426222777578,0.005071903833333333,0.4106673979166667,0.69920349725,0.0,0.0
0.8187894274587508,0.18255411500000002,0.3652005365,0.6824674825,0.0,0.0
0.8264380184611977,0.32174839624999996,0.41543405499999997,0.6722300965000001,0.0,0.0
0.8161723006990016,0.122204962,0.548171954,0.7473146326,0.0,0.0
0.7802039300418533,0.00158307725,0.56796914475,0.7689412535000001,0.0,0.0
0.5884929633416223,0.0251971029,0.40211331450000004,0.7020800326,0.0,0.0
0.6911580762299548,0.492781066,0.3567108965,0.6301604475,0.0,0.0
0.6806017900941679,0.032641553142857146,0.26627881757142857,0.5482852261428571,0.0,0.0
0.5846636059132382,0.023725258555555555,0.21395090355555557,0.3493144664444444,0.0,0.0
0.6922901677166673,0.1821712,0.34835351449999996,0.533474975,0.0,0.0
0.6877755928488459,0.2316669691428571,0.6743081854285714,0.7683485637142857,0.0,0.0
0.6490313115605949,0.006506511299999999,0.7440801204000002,0.8619347973,0.0,0.0
0.7218586981616645,0.05316815566666666,0.3518409553333333,0.5925008166666667,0.0,0.0
0.8214794181950034,0.3876084265714285,0.2373472042857143,0.2852165365714285,0.0,0.0
0.8110505174419154,0.1369044285,0.2260897115,0.2498054125,0.0,0.0
0.7358798309530702,0.0006686981666666667,0.3074814083333333,0.4920049075,0.0,0.0
0.6202131279855322,0.0,0.4256729021666667,0.6494777305,0.0,0.0
0.807180993835743,0.379467922,0.49634398575,0.76692255425,0.0,0.0
0.8276476217689415,0.805836238,0.572447339,0.850489653,0.0,0.0
0.8181790556374748,0.5430433506666666,0.7745000596666666,0.9077174696666667,0.0,0.0
0.7863838818832031,0.0280823536,0.7468703106,0.8936591302,0.0,0.0
0.6169888592152769,0.0,0.5778309348571428,0.796173282,0.0,0.0
0.7752020349095974,0.14140558274999998,0.5654715770000001,0.7557218545,0.0,0.0
0.8202149644581611,0.45654823562499997,0.700987615125,0.7884771805,0.0,0.0
0.7979025679341579,0.02591375475,0.78753056825,0.8561187102500001,0.0,0.0
0.650805240963346,0.0,0.8171647108,0.8987449350000001,0.0,0.0
0.6840106844035606,0.023762362999999998,0.612282887,0.8285085903333332,0.0,0.0
0.8239545071893434,0.12137604714285713,0.5161699034285714,0.791175823857143,0.0,0.0
0.8129031668532508,0.06108681633333333,0.360564657,0.5269298946666666,0.0,0.0
0.7811603610361036,0.0011405575,0.3616479745,0.39281303599999995,0.0,0.0
0.6175050595803334,0.0,0.7787330034285713,0.8622978015714285,0.0,0.0
0.7754807759027427,0.0420602275,0.908897752,0.9286890897500001,0.0,0.0
0.8229494762307407,0.242226312375,0.9248967943749999,0.86156552975,0.0,0.0
0.7616410926944094,0.02017267,0.9086463001666666,0.8393755351666669,0.0,0.0
0.5743635261348078,0.003969120625,0.86172561,0.9111751118749999,0.0,0.0
0.6693810846977573,0.301380572,0.828912138,0.9315868385,0.0,0.0
0.6978723872743621,0.5016268525,0.895041118375,0.9362233761249998,0.0,0.0
0.6808157839165032,0.021018747,0.8055529818333333,0.9314931051666667,0.0,0.0
0.5828365950344989,0.02643928,0.6677138873333334,0.8986285763333335,0.0,0.0
0.6989894963908879,0.5218110774,0.5093798616,0.7740835504,0.0,0.0
0.6989771841195538,0.3357457535,0.5372302625,0.73729848575,0.0,0.0
0.6896286746196227,0.0207996576,0.7196891576,0.8528238264000001,0.0,0.0
0.6433160188689739,0.0029045293333333335,0.8165381008888889,0.8952313623333334,0.0,0.0
0.8296218167645995,0.3070420455,0.8074248485,0.833417116,0.0,0.0
0.8338400741625195,0.6554452178333333,0.7979635976666666,0.813737389,0.0,0.0
0.8286241693705989,0.39566833349999997,0.8294878735,0.8867941585000001,0.0,0.0
0.8039165691279926,0.04005906975,0.77325687025,0.8545118475,0.0,0.0
0.6570502700824256,0.0,0.6174945519999999,0.7380465039999999,0.0,0.0
0.6627698332514127,0.003798096166666667,0.4115770465,0.5690403549999999,0.0,0.0
0.8327008942411618,0.268551437,0.2274188785,0.442230195,0.0,0.0
0.8297525899732069,0.5280858668333334,0.3109948078333334,0.4664164548333333,0.0,0.0
0.8234798768441705,0.14852398766666666,0.47372986200000006,0.7283843983333332,0.0,0.0
0.7529010088833347,0.0,0.6419429782,0.8366867062000001,0.0,0.0
0.6393531523958864,0.00024889025,0.903088626125,0.92509141225,0.0,0.0
0.8201855667157613,0.05226425950000001,0.935394761,0.910508361,0.0,0.0
0.8256747526497109,0.09590152600000001,0.9321868236666666,0.9298299034999999,0.0,0.0
0.814956952015923,0.05445556866666667,0.8944567073333333,0.9370156526666666,0.0,0.0
0.7573266107561542,0.0,0.7654585016,0.9206070221999999,0.0,0.0
0.6084066904492312,0.0,0.6122299661666667,0.8824993156666667,0.0,0.0
0.7588184106596426,0.016582169,0.6642815459999999,0.8798319506666666,0.0,0.0
0.8267457798719322,0.11792986350000001,0.8486990205,0.9151003965,0.0,0.0
0.8227598542000403,0.37302650119999997,0.9028784049999998,0.9322381838,0.0,0.0
0.8127774379454759,0.18966326199999997,0.8992117773333334,0.9367089643333334,0.0,0.0
0.780016822605659,0.0006592395,0.8687525610000001,0.93570805475,0.0,0.0
0.6156133003251416,0.0,0.828736005,0.9305316525714286,0.0,0.0
0.7638767351620196,0.078017878,0.7852341909999999,0.9182668429999999,0.0,0.0
0.8354902009785666,0.534599894,0.740755085,0.85686171,0.0,0.0
0.8292474829646626,0.6865257886,0.6885101404,0.7766480154,0.0,0.0
0.8256879199255398,0.370857907,0.729072136,0.8370091625,0.0,0.0
0.7633935857175104,0.017122989333333335,0.5365948746666667,0.7346278088333333,0.0,0.0
0.5935168599381639,0.012999366222222222,0.2946566656666667,0.5556681314444444,0.0,0.0
0.7005658714396574,0.226609691,0.39246183349999997,0.6583744985,0.0,0.0
0.6994842830245598,0.350323149,0.6597573785,0.75960871025,0.0,0.0
0.699019063308877,0.11326192625,0.75354666,0.8716966622499999,0.0,0.0
0.6769622530407181,0.000228086,0.7749851418,0.8986319295999999,0.0,0.0
0.582703393554562,0.009102909666666667,0.7337061362222222,0.8936863440000001,0.0,0.0
0.6953150413412333,0.30474854485714287,0.6094396135714286,0.7934644120000002,0.0,0.0
0.6981438454292039,0.11607655766666668,0.3347732726666666,0.5617339913333333,0.0,0.0
0.6820942592212549,0.00023689000000000002,0.2649724118,0.48906165679999997,0.0,0.0
0.625683446960517,0.0,0.24089112999999998,0.45617669983333337,0.0,0.0
0.824622276214969,0.12601118975,0.23361223175,0.45922598625,0.0,0.0
0.8560137878644793,0.5123462221666667,0.3878238371666667,0.5064949098333335,0.0,0.0
0.8542472589331657,0.1575480325,0.549750346,0.56649915525,0.0,0.0
0.6830888166691595,0.0,0.5082777758181819,0.6971915594545455,0.0,0.0
0.85458487530557,0.016891129749999997,0.71016485875,0.88392865825,0.0,0.0
0.8591469821319654,0.25997493033333335,0.9039475871666666,0.936471637,0.0,0.0
0.8154538477914857,0.03728162483333333,0.9083100485000001,0.9262269921666667,0.0,0.0
0.6808594598467549,0.0232582332,0.8413277957,0.9317451313999998,0.0,0.0
0.8553232695444353,0.5348580304999999,0.7562863547500001,0.854030747875,0.0,0.0
0.8534893194437602,0.12694024599999998,0.7626665880000001,0.908567518,0.0,0.0
0.770766022692073,0.0,0.5791261710000001,0.8431570514000001,0.0,0.0
0.626843505521399,0.0,0.2463690425,0.4495509988333333,0.0,0.0
0.8076249006080966,0.007401346,0.17363976366666667,0.25231924666666666,0.0,0.0
0.8629849591692162,0.0997386035,0.2985394655,0.3839997,0.0,0.0
0.8463251047674406,0.34348258225,0.45322560624999997,0.5982217329999999,0.0,0.0
0.8344957769358293,0.166225749,0.5954600720000001,0.7869080854999999,0.0,0.0
0.7928495469622645,0.0,0.65018657175,0.8553222847499999,0.0,0.0
0.6288790692157151,0.0,0.6934618950000001,0.8817411074285716,0.0,0.0
0.7902851653381054,0.009498213,0.5163766263333334,0.7407938123333334,0.0,0.0
0.8460339166634094,0.0941605865,0.4684816115,0.621666705,0.0,0.0
0.8356960762674356,0.21124822783333333,0.40009264000000005,0.5258197096666667,0.0,0.0
0.8304666690888783,0.0702633225,0.3202147785,0.451625123,0.0,0.0
0.6994409236881816,0.0,0.263105117625,0.41426359337500007,0.0,0.0
0.6040323005980169,0.006793024833333334,0.0865944255,0.17897197933333334,0.0,0.0
0.7157047721895087,0.105580296,0.0568855275,0.1518650105,0.0,0.0
0.7154245796440928,0.12234841349999999,0.12151425116666666,0.2398139735,0.0,0.0
0.7120303950248309,0.0066729025,0.2823317135,0.3167880875,0.0,0.0
0.6133159233579758,0.0209697128,0.40632878029999997,0.5328195004,0.0,0.0
0.726359495020235,0.488012851,0.2336092085,0.3734010735,0.0,0.0
0.719477827410023,0.48940975966666667,0.12339195800000001,0.18027056900000002,0.0,0.0
0.7203819628601998,0.03751631133333334,0.18882188366666666,0.28529923183333333,0.0,0.0
0.629078374030233,0.0,0.6087510575714286,0.732038683,0.0,0.0
0.81600487563082,0.024652691999999997,0.7988100975,0.89057671375,0.0,0.0
0.8499364193399709,0.139122416,0.7931296956666666,0.8869015406666666,0.0,0.0
0.8268933169943659,0.010622894666666667,0.6870132911666665,0.8517451103333333,0.0,0.0
0.6841093652948339,0.006208036545454545,0.6268458212727274,0.8320077495454545,0.0,0.0
0.8484001038290857,0.253793072,0.7571566916666667,0.8561815383333333,0.0,0.0
0.8368141337287197,0.22854960766666665,0.7389833808333334,0.847580469,0.0,0.0
0.8277517329205404,0.0024099826666666665,0.6660343126666666,0.8278120640000001,0.0,0.0
0.6746802752894988,0.0,0.5260398828333334,0.7190587773333333,0.0,0.0
0.6841554265527207,0.0,0.250854295,0.3913061906,0.0,0.0
0.8545539917491827,0.3056086525,0.18045859050000002,0.3041551315,0.0,0.0
0.8378139907681253,0.6832369188333333,0.060799021333333335,0.1480478656666667,0.0,0.0
0.8309765340515571,0.353429554,0.15834546700000002,0.2106876675,0.0,0.0
0.8029548026033598,0.0009049682,0.47045784040000005,0.54287147,0.0,0.0
0.6289298179853546,0.0,0.7181075242857143,0.8491147111428571,0.0,0.0
0.8046702337807257,0.1511772905,0.7865908105,0.91120386925,0.0,0.0
0.834421413996993,0.6996710508333334,0.636555956,0.8745240356666667,0.0,0.0
0.8248133040537168,0.35926832750000004,0.5630885370000001,0.8438692015,0.0,0.0
0.7999488855313879,0.000703887,0.5848173619999999,0.8254755564,0.0,0.0
0.6603225040173588,0.0,0.5142898839999999,0.7846210503333333,0.0,0.0
0.8401742648519449,0.3613748233333333,0.522552361,0.810262068,0.0,0.0
0.8293924719517812,0.5837857021666667,0.37757061666666664,0.6507816103333334,0.0,0.0
0.8033460037860225,0.028891767666666665,0.5838555698333333,0.7243584418333332,0.0,0.0
0.6024593255700764,0.0092643192,0.6935991885,0.8340690317,0.0,0.0
0.6961162881436026,0.37704834800000003,0.6229061863333334,0.823643422,0.0,0.0
0.6912923375439619,0.49283277583333335,0.5704236693333334,0.8321388329999998,0.0,0.0
0.6822958109687981,0.0007639318333333332,0.7265068975000001,0.9063071056666668,0.0,0.0
0.5975279923574832,0.01921073988888889,0.6839669843333334,0.893072905111111,0.0,0.0
0.6976179895523877,0.6396583777142857,0.524970673,0.8516694625714286,0.0,0.0
0.6952404530947125,0.337540567,0.6913741725,0.8942397855,0.0,0.0
0.6822896334194694,0.0006225132857142857,0.7131397615714287,0.8754575774285714,0.0,0.0
0.6844444966657753,0.014705808125,0.274036116625,0.4786437238750001,0.0,0.0
0.8438768662146978,0.3446040615,0.138231328,0.350848069,0.0,0.0
0.8319802894104396,0.5161132076,0.0991831684,0.20481513820000002,0.0,0.0
0.8072787750245115,0.06491584599999999,0.1763544981428571,0.27521980914285715,0.0,0.0
0.6795986734280522,0.008601007400000001,0.0993722762,0.094420486,0.0,0.0
0.8383910047290274,0.34306258557142855,0.07358414185714286,0.032495550285714284,0.0,0.0
0.8064887926862209,0.03856100171428572,0.13284480171428573,0.13247047685714283,0.0,0.0
0.6288069890394283,0.0,0.2666199742857143,0.32050914185714285,0.0,0.0
0.7953704948614906,0.011705256999999998,0.32186363566666665,0.39539298633333336,0.0,0.0
0.838995948957792,0.3772658005,0.2384969918333333,0.41514564,0.0,0.0
0.8266987191862674,0.21806794133333332,0.10654160033333333,0.17779731566666668,0.0,0.0
0.759225887628765,0.00026988,0.12402129685714285,0.1251744122857143,0.0,0.0
0.6183716966828552,0.0,0.23109342540000002,0.37320153879999995,0.0,0.0
0.8202560663301325,0.1629378024,0.3771088107999999,0.6316508774,0.0,0.0
0.8468413247212383,0.64460506325,0.38863372,0.6054409745,0.0,0.0
0.8469869111058631,0.3448868236666667,0.37239477233333335,0.5686596489999999,0.0,0.0
0.8088517433119431,0.0,0.2927936102,0.4428340962000001,0.0,0.0
0.6458030000542392,0.0,0.1741530185714286,0.19566366785714287,0.0,0.0
0.8357106608214313,0.06344799825,0.12029659825,0.11569933600000001,0.0,0.0
0.8572571169894947,0.29721007299999996,0.1437803105,0.150213547,0.0,0.0
0.821051012508545,0.019902692714285714,0.16187045214285714,0.2626859834285714,0.0,0.0
0.6068019692722928,0.0037209485,0.32904292319999995,0.5449970147000001,0.0,0.0
0.7192973493435794,0.3219093765,0.33470085650000003,0.560528022,0.0,0.0
0.7140091107692996,0.297950584,0.29871929014285714,0.4288870299999999,0.0,0.0
0.6777852491616383,0.0,0.22946477837499998,0.36030557837500005,0.0,0.0
0.6024439670732303,0.002011175571428571,0.3232995282857143,0.45837000899999997,0.0,0.0
0.7154233679981624,0.076266074,0.47771858300000003,0.670317544,0.0,0.0
0.7055576053591913,0.11159347316666668,0.631550108,0.7857247115,0.0,0.0
0.6881955150867693,0.00265677225,0.713989891375,0.8850355491249999,0.0,0.0
0.6870593031454926,0.00498734325,0.664153015125,0.881467697625,0.0,0.0
0.8648941180185467,0.432858793,0.7838588460000001,0.9080603736666667,0.0,0.0
0.8572175009810579,0.498104063,0.8221174775,0.9150234477500001,0.0,0.0
0.8592574711406016,0.12033210566666667,0.7108464686666668,0.9027938459999999,0.0,0.0
0.7961315737200763,0.0,0.8128833035,0.9079514615000001,0.0,0.0
0.626776137685615,0.0,0.9272716639999998,0.8279951073999999,0.0,0.0
0.7316505962347678,0.000506025,0.9289284785999999,0.82985091,0.0,0.0
0.859830170061019,0.0407209185,0.929850475,0.8908183505,0.0,0.0
0.8532436158660788,0.1893328722857143,0.9106794297142856,0.9348938537142857,0.0,0.0
0.8058409342613325,0.0,0.8873444645999999,0.9370446915999999,0.0,0.0
0.6857943597214395,0.0025982176,0.8196366835000001,0.9128078224999999,0.0,0.0
0.8705761187392174,0.4475683913333333,0.5238211026666667,0.6984664576666666,0.0,0.0
0.8626192390176479,0.46705613579999994,0.5796224170000001,0.6774834588,0.0,0.0
0.8192096820027707,0.004826935833333333,0.6801578326666666,0.8415543576666665,0.0,0.0
0.6800258544773696,0.0010763397,0.8959677846,0.9322946966,0.0,0.0
0.8592205384393498,0.3895108264285715,0.8776305487142857,0.9372937927142857,0.0,0.0
0.8574126092713997,0.1626916775,0.857268598,0.9258826855,0.0,0.0
0.807687393236885,0.0,0.757015001,0.8560059711999999,0.0,0.0
0.6479399037002157,0.0,0.38587508600000003,0.5927656360000001,0.0,0.0
0.8561713909084604,0.02846070775,0.37470397175000003,0.401178476,0.0,0.0
0.8618180122832099,0.11614389742857144,0.4493415364285714,0.6145895335714285,0.0,0.0
0.8087084672323105,0.0,0.5404721874,0.7114487628,0.0,0.0
0.6178751773353032,0.0009688429999999999,0.7744126945,0.8364876156000001,0.0,0.0
0.7531671639796276,0.304452685,0.7299776996666667,0.9052539846666666,0.0,0.0
0.7578531709605841,0.3291535501666667,0.5237603415,0.7964093341666668,0.0,0.0
0.732262690179263,0.0,0.35284460500000003,0.6546024268,0.0,0.0
0.6182882675585668,0.001167473,0.25123026020000006,0.5014121715,0.0,0.0
0.7348277697341703,0.357105145,0.329439987,0.6553572525,0.0,0.0
0.7586945959190714,0.480510752,0.3719007362,0.6449938897999999,0.0,0.0
0.7546472204486553,0.03692362114285714,0.5829555907142857,0.8582268035714286,0.0,0.0
0.6975388144990652,0.006911006,0.7455945303636363,0.9205056845454546,0.0,0.0
0.8791351681805845,0.1117182484,0.8609864725999999,0.9334408416000001,0.0,0.0
0.8762383990794538,0.023901927,0.879030603,0.9366431023333334,0.0,0.0
0.8403542903119392,0.0,0.8927704306,0.9365089464,0.0,0.0
0.646352273625354,0.0,0.8964107641250001,0.93412678075,0.0,0.0
0.8195328395341828,0.01218342625,0.8919406065000001,0.9296173035,0.0,0.0
0.8547546092493141,0.0715333352,0.703387156,0.9035490458,0.0,0.0
0.8377959184962581,0.00976545742857143,0.5961053542857142,0.7799969928571429,0.0,0.0
0.6497661214726415,0.0,0.5143260531666667,0.7911675333333333,0.0,0.0
0.7388940430567833,0.0185066654,0.7418390932,0.9073706503999999,0.0,0.0
0.863931498507396,0.3327641237142857,0.6695864094285715,0.8625858174285713,0.0,0.0
0.8426829751619572,0.0020891521666666665,0.31361526533333334,0.46990159216666666,0.0,0.0
0.6677018497722099,0.0,0.47359693662500013,0.5922554932499999,0.0,0.0
0.8793701760687732,0.12696568875,0.66171546475,0.8056030614999999,0.0,0.0
0.8879467056276308,0.45386223899999995,0.4535810808,0.6901392972,0.0,0.0
0.8550421283730824,0.010753523375,0.33204434950000006,0.5449544095,0.0,0.0
0.6451208887344383,0.0,0.26074597266666666,0.43087207499999997,0.0,0.0
0.8485752494593541,0.0217812468,0.5621304488,0.7305301794,0.0,0.0
0.8914130524885033,0.16747777100000003,0.6366809130000001,0.8239991728333335,0.0,0.0
0.851663847119379,0.000785654,0.5980499301428572,0.8212021875714285,0.0,0.0
0.6474926506208835,0.0212205756,0.3451113987,0.5854322127,0.0,0.0
0.7545467603765367,0.45993928700000003,0.3124839995,0.48245851250000005,0.0,0.0
0.7757235659497889,0.07011107466666668,0.4514875266666667,0.5930275596666666,0.0,0.0
0.6780152138333655,0.00014352528571428573,0.5067742987857142,0.6689734502142857,0.0,0.0
0.753144243262489,0.32110384633333333,0.49596705933333335,0.7459778076666667,0.0,0.0
0.7572018115473808,0.16268505416666668,0.39624585483333324,0.6799707675,0.0,0.0
0.6938507260060033,0.0,0.21306383816666666,0.3787641292500001,0.0,0.0
0.8493455789072366,0.0063918874,0.21671251379999998,0.3261772204,0.0,0.0
0.9003015512255362,0.05247181583333333,0.20162927816666668,0.33549976216666666,0.0,0.0
0.8675156338801484,0.0003452435,0.2655947063333333,0.45043498116666664,0.0,0.0
0.6566623115739835,0.0,0.33663239999999994,0.5564650132857143,0.0,0.0
0.8493919751880978,0.048365868,0.24593564279999997,0.5161790378,0.0,0.0
0.8990650709013341,0.1765000344,0.1088074698,0.2502464622,0.0,0.0
0.8773061910980731,0.010160006999999999,0.1611531947142857,0.16389946057142857,0.0,0.0
0.6594016631352742,0.0,0.3440591128333333,0.3522193163333333,0.0,0.0
0.8197349315416872,0.045460625166666664,0.4204295613333333,0.5247808516666667,0.0,0.0
0.8981171604963678,0.2140686665,0.2232565158333333,0.3961127061666667,0.0,0.0
0.8709531682422601,0.0003261031666666667,0.25701714633333334,0.32549253933333333,0.0,0.0
0.6593505584132552,0.0,0.2297321801428571,0.26034371771428566,0.0,0.0
0.8558520807201442,0.0414131242,0.2241223712,0.330543133,0.0,0.0
0.89626834844194,0.2845371338,0.19093075119999997,0.25864728360000006,0.0,0.0
0.9043729146650479,0.028646676599999997,0.167050096,0.17903693939999996,0.0,0.0
0.6950392767561646,0.0,0.0734628108888889,0.05132257066666667,0.0,0.0
0.8652100038758223,0.010264627600000001,0.1059895202,0.0979556532,0.0,0.0
0.9060380954354788,0.11056104566666665,0.24063677716666668,0.2924686623333333,0.0,0.0
0.8713784976575814,0.0,0.46810706683333336,0.6641535078333333,0.0,0.0
0.6541699242400094,0.0,0.463763399,0.69949047975,0.0,0.0
0.650657270623424,0.00633141775,0.686151031,0.834202992875,0.0,0.0
0.753996767790676,0.03109087514285714,0.7492802898571428,0.8977753314285714,0.0,0.0
0.677101798376534,0.004037967352941176,0.6344127125294117,0.878994006,0.0,0.0
0.7466848265321653,0.1458216802,0.572221065,0.8242743548,0.0,0.0
0.7486323375703543,0.004993316142857142,0.6240724122857143,0.8580445421428571,0.0,0.0
0.651443047580136,0.0,0.49451366257142865,0.7671886545714285,0.0,0.0
0.8494653368226779,0.0215086844,0.32640035519999994,0.5348564577999999,0.0,0.0
0.8980127674226136,0.06539432666666666,0.16054403266666667,0.34724199433333336,0.0,0.0
0.8266136159670977,0.0,0.1637414795,0.32180376225,0.0,0.0
0.7266136197995544,0.003390167888888889,0.37855678133333337,0.5325037672222223,0.0,0.0
0.9005772686831962,0.13204546814285714,0.6363841619999999,0.8006636201428571,0.0,0.0
0.82849557165716,0.0,0.569898062375,0.784844142625,0.0,0.0
0.6539382554150349,0.0,0.4114251563333333,0.6324599731666668,0.0,0.0
0.8824682957766419,0.03080725475,0.28630581825,0.48906676775,0.0,0.0
0.900873152854388,0.08208559733333333,0.34398587033333333,0.5104168791666667,0.0,0.0
0.828123505611293,0.0,0.42935193525000004,0.621577861625,0.0,0.0
0.7264799458564019,0.004909898333333333,0.3684253587777777,0.5706389326666667,0.0,0.0
0.8934070211771158,0.2624149121666667,0.2518684025,0.46825753816666665,0.0,0.0
0.8782342988428133,0.018649268857142857,0.4216802411428571,0.6170269481428571,0.0,0.0
0.6598135084892526,0.0,0.49414294371428574,0.717099266,0.0,0.0
0.8640306029034269,0.081962802,0.46669943059999996,0.690426829,0.0,0.0
0.9082858230982666,0.4050472316666667,0.297553992,0.5300144838333334,0.0,0.0
0.8595111060633658,0.0,0.41027168757142857,0.5563135442857142,0.0,0.0
0.6465453680550705,0.0016775815,0.28431466040000003,0.34558280210000003,0.0,0.0
0.7782047226549436,0.2215340018333333,0.18120091766666668,0.20616846999999996,0.0,0.0
0.7616747016882269,0.011519538111111111,0.13866375644444445,0.10000997855555555,0.0,0.0
0.6225141418589186,0.0,0.11113869916666667,0.13078895566666668,0.0,0.0
0.7196506474748381,0.020063717749999998,0.2474471935,0.5108543255,0.0,0.0
0.7755185288219282,0.11898377740000002,0.40739284319999997,0.644832351,0.0,0.0
0.7765133741447005,0.004696463,0.5191897675714285,0.7928815714285714,0.0,0.0
0.7354055781479478,0.0019196054545454547,0.5829036234545455,0.8425704746363636,0.0,0.0
0.9293155564233592,0.16975869899999999,0.7482683336666667,0.8979115111666666,0.0,0.0
0.8949184108269612,0.0059019692857142855,0.7466797248571427,0.9118479745714286,0.0,0.0
0.6680765087914367,0.0,0.7429737420000001,0.8909880385714286,0.0,0.0
0.8823859776609929,0.0219654448,0.7520331378,0.9038522776000001,0.0,0.0
0.9283998965702229,0.1761248484,0.7871772557999999,0.8986922653999999,0.0,0.0
0.8730596547447331,0.003976631125,0.853676540625,0.9287473079999999,0.0,0.0
0.7390782793090606,0.0005757182,0.8534063493999999,0.9270334149,0.0,0.0
0.9289954125357375,0.10204030783333334,0.7520847485000001,0.8887301351666667,0.0,0.0
0.893668254259408,0.0034141967142857143,0.66172921,0.8156959928571429,0.0,0.0
0.6782913250645393,0.0,0.4082362545,0.5469234638749999,0.0,0.0
0.9089359862374811,0.01551004825,0.31568094725,0.42593366775,0.0,0.0
0.9344471084466272,0.06455699983333334,0.27727846783333326,0.308375833,0.0,0.0
0.8922933833039234,0.0,0.22793518466666665,0.30284100833333333,0.0,0.0
0.6722322762184082,0.0,0.13729120528571429,0.1986134328571429,0.0,0.0
0.8929812559071696,0.004724252,0.137114455,0.2069905108,0.0,0.0
0.945912515899872,0.030256157500000002,0.08643289700000001,0.12114343016666668,0.0,0.0
0.8979401951353857,0.0,0.05975485283333334,0.07179248650000002,0.0,0.0
0.6622061757781047,0.00025190663636363636,0.060844905272727276,0.06507963699999998,0.0,0.0
0.7908152731432069,0.056530903,0.15393789614285716,0.22791621971428572,0.0,0.0
0.7864824152173485,0.0,0.25965966133333335,0.4135596551666667,0.0,0.0
0.6591714420981277,0.00020963363636363638,0.29599820418181816,0.4790239808181818,0.0,0.0
0.7905235533911824,0.0648029512,0.3653816206,0.6108293154,0.0,0.0
0.796939817765926,0.009695115571428572,0.3788564841428571,0.5825247527142857,0.0,0.0
0.6925780296471237,0.0,0.21840593199999997,0.29656237075,0.0,0.0
0.8971657052423554,0.00191431325,0.151558081,0.19701733524999998,0.0,0.0
0.9500310741536011,0.262008556,0.07799863933333334,0.11756840066666667,0.0,0.0
0.9510171238349729,0.0051709188,0.10680776839999999,0.1511458092,0.0,0.0
0.7235335973800449,0.0,0.07276063133333334,0.10099850833333333,0.0,0.0
0.9092378818415826,0.0333093768,0.07209037439999999,0.0929808336,0.0,0.0
0.9528589181419761,0.2052113457142857,0.10307814042857144,0.12463374214285713,0.0,0.0
0.8508139916925582,0.0,0.2609143741428572,0.33417548428571425,0.0,0.0
0.6764118165715032,0.0,0.4232264208,0.549699801,0.0,0.0
0.8907900621115017,0.00121943125,0.6505186002500001,0.7471907417500001,0.0,0.0
0.9448748792354738,0.109890060125,0.8643077652500001,0.895490379375,0.0,0.0
0.8863242452695328,0.0,0.9218131208000001,0.9361160734,0.0,0.0
0.671421230196885,0.0,0.9118990337142856,0.9361269775714286,0.0,0.0
0.8781473597781376,0.0,0.8949455,0.93730991,0.0,0.0
0.9395527918577711,0.010759072857142856,0.8402714907142856,0.9358873599999998,0.0,0.0
0.8891230037766773,0.0,0.8987356121666666,0.9372253855,0.0,0.0
0.6764545174920655,0.0,0.8195451363749999,0.9310408416250001,0.0,0.0
0.9076013032480572,0.039710989200000005,0.7841053184,0.919163715,0.0,0.0
0.9225488887496803,0.11554625416666668,0.7458358381666668,0.8941598385000001,0.0,0.0
0.8480021985524372,0.0,0.6926468478333333,0.8831965760000001,0.0,0.0
0.6610588749820907,0.00021246400000000002,0.5625288204000001,0.7980180969,0.0,0.0
0.7918607387568342,0.21223993716666667,0.4308406306666666,0.6644108435000001,0.0,0.0
0.7928055777179519,0.0016325668571428571,0.4349878248571429,0.6092217812857142,0.0,0.0
0.6736712438392347,0.00030711225,0.587613422,0.7991906713333333,0.0,0.0
0.7940286813738292,0.008244595,0.5072738181428571,0.8089448131428573,0.0,0.0
0.7132867999620024,0.0,0.38723566600000003,0.6185608784166666,0.0,0.0
0.8608699159193323,0.011645789600000001,0.6834928162,0.8579919867999999,0.0,0.0
0.8975841636332861,0.06358453128571429,0.8015892815714285,0.9175939291428571,0.0,0.0
0.8651057448909836,0.0,0.7525671912,0.9032593674000001,0.0,0.0
0.6707854861885503,0.0,0.8328743395714284,0.9142987829999999,0.0,0.0
0.8785332560008872,0.0006262735,0.87228402625,0.9356011715,0.0,0.0
0.9248430218396964,0.368127315,0.8867465124999999,0.9367978781666667,0.0,0.0
0.8954017452974836,0.0025912888571428573,0.8178753409999999,0.9168501697142857,0.0,0.0
0.6815318376657705,0.0,0.397323819,0.6812210531428572,0.0,0.0
0.8962077425784136,0.0004135735,0.22196579174999997,0.39587382,0.0,0.0
0.9300871964376612,0.26614106683333333,0.24293285366666664,0.313934275,0.0,0.0
0.878534238981442,0.001700952875,0.3793925565,0.534070824,0.0,0.0
0.6677079152295233,0.0,0.4002085695,0.5824742313333333,0.0,0.0
0.8886597118709515,0.0,0.30611102375,0.53887442,0.0,0.0
0.9296193707009598,0.006087978500000001,0.34856504474999994,0.555133726375,0.0,0.0
0.8932488389664295,0.0,0.6404226835,0.8166487555,0.0,0.0
0.6836071537146566,0.0,0.64081836325,0.8381360521250001,0.0,0.0
0.8768205009212712,0.010381282333333334,0.28984851800000005,0.43804758299999996,0.0,0.0
0.9033449065390489,0.011717837,0.7047906713333334,0.746776417,0.0,0.0
0.837513262547185,0.0,0.8212487068333333,0.9255123386666667,0.0,0.0
0.6725444110069803,0.0028531645454545453,0.7806291005454546,0.9079703154545453,0.0,0.0
0.7886634913297687,0.076636627,0.8640839226666666,0.9276333881666666,0.0,0.0
0.7572448355252164,0.0,0.895794922875,0.9152189758749999,0.0,0.0
0.6734268527914475,0.009053330299999999,0.5110176214000001,0.7256615480999999,0.0,0.0
0.7961030839078711,0.16978419385714286,0.617104984,0.7340601732857143,0.0,0.0
0.7198907896584649,0.0,0.8268765786666669,0.9088852351666667,0.0,0.0
0.8829774292033521,0.0,0.8641890765,0.9319556670000001,0.0,0.0
0.9267714612659443,0.250198885,0.8267237245714286,0.9225605985714286,0.0,0.0
0.8655644782807347,0.0,0.8379249105714285,0.9293260024285716,0.0,0.0
0.667369620707991,0.0,0.7922781588333333,0.9182147243333333,0.0,0.0
0.8894011922469908,0.0,0.618637441,0.8505333972500001,0.0,0.0
0.930983494817333,0.190717106875,0.506521807375,0.801736768875,0.0,0.0
0.8552268621696548,0.0,0.33131816566666666,0.5579131683333334,0.0,0.0
0.6681403311471588,0.0,0.24751160150000004,0.36835153716666663,0.0,0.0
0.9018013337523711,0.0147364466,0.24709541340000002,0.38767951580000004,0.0,0.0
0.9366641734828849,0.15837067933333335,0.18701739283333332,0.2646914696666667,0.0,0.0
0.8966910139208107,0.0,0.25400019733333334,0.36847445166666665,0.0,0.0
0.6874293387546248,0.0,0.21331655157142856,0.2974193452857143,0.0,0.0
0.9011933043103065,0.0,0.2741311365,0.4520968815,0.0,0.0
0.9435397495218857,0.12266751114285715,0.3378344182857142,0.5512829615714285,0.0,0.0
0.8993768114773065,0.0,0.43538491183333333,0.7000952381666666,0.0,0.0
0.762774570108455,0.0,0.3768258067272727,0.6332129938181819,0.0,0.0
0.9431584742194967,0.17144003071428573,0.3282490248571429,0.5404968685714286,0.0,0.0
0.8979267231210302,0.0,0.3012540341666667,0.5354027688333333,0.0,0.0
0.6915855830480023,0.0029440691666666667,0.22156894908333333,0.4259585355833333,0.0,0.0
0.8135659833867763,0.08295284028571429,0.29655687385714286,0.5652346608571428,0.0,0.0
0.7998278017395193,0.0,0.5250924468,0.7276595096,0.0,0.0
0.6515332393048668,0.0,0.7332897957142857,0.8580301841428571,0.0,0.0
0.7533230982698886,0.0244321325,0.754832863,0.8672541785,0.0,0.0
0.814817263403147,0.097083442,0.549635555,0.756689227,0.0,0.0
0.8101370268902249,0.0004288362857142857,0.20983078685714282,0.37755147228571423,0.0,0.0
0.6893045409899042,0.0,0.061343761,0.08164717257142859,0.0,0.0
0.915349494370157,0.0124514564,0.08076241719999999,0.08962827920000001,0.0,0.0
0.9501773855587702,0.13760611928571428,0.11802572600000001,0.10639666542857142,0.0,0.0
0.8669716849996046,0.0,0.24172162716666667,0.24908977050000003,0.0,0.0
0.7633855085635347,0.0,0.243327451,0.3005515207,0.0,0.0
0.9374122679434403,0.016429310166666666,0.307526609,0.5728733448333333,0.0,0.0
0.8958682419230494,0.00025013414285714284,0.4014149514285714,0.6672752301428572,0.0,0.0
0.6770298618410237,0.0,0.7356867811428571,0.8623048697142855,0.0,0.0
0.8989848604609862,0.0013892804,0.8060210484000001,0.9273622416,0.0,0.0
0.9371109605681816,0.014635768500000002,0.5728193685,0.8607474906666668,0.0,0.0
0.892069860158836,0.0,0.3924430741666667,0.7118114786666667,0.0,0.0
0.7524792489538307,0.0,0.33416450427272726,0.5638773657272728,0.0,0.0
0.9310282298142081,0.04230098142857142,0.350762924,0.6191514535714285,0.0,0.0
0.843562052520013,0.0,0.39581168375,0.68868679425,0.0,0.0
0.775521514303231,0.00048774580000000004,0.43618837509999997,0.7336394637,0.0,0.0
0.9062988952420651,0.005357706583333333,0.5773786794166668,0.83801504175,0.0,0.0
0.6585640065147906,0.0,0.37960092388888883,0.6601335621111112,0.0,0.0
0.7779722384977187,0.0035224650000000002,0.223735261,0.4019067486666666,0.0,0.0
0.8148887035531461,0.05513435700000001,0.09090057257142857,0.13355862885714284,0.0,0.0
0.8000007681164828,0.0,0.07971442200000001,0.08118640699999999,0.0,0.0
0.6860861292019699,0.0007535928333333333,0.12045154666666667,0.1560714875,0.0,0.0
0.8160835393919353,0.03308358871428572,0.10142202557142857,0.15846375014285716,0.0,0.0
0.8044045709160563,0.0,0.1665978976,0.2307823446,0.0,0.0
0.6942466135927551,0.0,0.16938536557142855,0.28592629585714285,0.0,0.0
0.918250146574896,0.0068056854,0.24879636160000002,0.405222481,0.0,0.0
0.9458206217206465,0.19173276628571428,0.5165683719999999,0.5155745602857144,0.0,0.0
0.8622997215075442,0.0,0.6889228765000001,0.7970429061666667,0.0,0.0
0.6643325747528549,0.0,0.8355993303333333,0.9253534915,0.0,0.0
0.8854018798607756,0.0131669544,0.8533771704000002,0.9352861299999999,0.0,0.0
0.9201003062278428,0.16830356742857142,0.8383003394285715,0.9299546402857144,0.0,0.0
0.7552702234371257,0.0,0.81311887575,0.9044497465000001,0.0,0.0
0.8831249891941815,0.009952381,0.6177671229999999,0.720244435,0.0,0.0
0.9179314993173612,0.13659346916666665,0.4878193436666667,0.6483213245,0.0,0.0
0.9126610587654932,0.0,0.65107078925,0.83856734775,0.0,0.0
0.7011096450643753,0.0,0.6795925774444443,0.8780623285555555,0.0,0.0
0.8731985154514812,0.0017974512,0.6337821225999999,0.8715298184,0.0,0.0
0.9154525175889016,0.04004127328571429,0.6104220141428571,0.875955845,0.0,0.0
0.8461939962250641,0.0,0.6408235575,0.8584740466666667,0.0,0.0
0.660458342055752,0.0,0.6509592478333334,0.8460887513333334,0.0,0.0
0.8751419594115062,0.0,0.46100589375,0.670157643,0.0,0.0
0.9210393893372768,0.1512030324,0.396955367,0.5935826198,0.0,0.0
0.9227511446337278,0.02542748175,0.34855730399999996,0.57307953075,0.0,0.0
0.8326649311808328,0.0,0.442341553,0.6343153058,0.0,0.0
0.6364431801828554,0.0,0.49819676125,0.76199487175,0.0,0.0
0.6907309074477547,0.0008253237142857142,0.46291783142857146,0.7264428685714286,0.0,0.0
0.7909321128429947,0.018451473333333333,0.517844933,0.6794763951666667,0.0,0.0
0.7738601745894493,0.0,0.5519534750000001,0.6501118655714286,0.0,0.0
0.6629757695523979,0.0,0.7633353019,0.8347438526,0.0,0.0
0.7943382074098655,0.24400139766666665,0.7452845226666667,0.8019113619999999,0.0,0.0
0.802355656436743,0.2232014554,0.5173247476,0.6409474486,0.0,0.0
0.7243991340785083,0.0,0.1918560475833333,0.21824468841666667,0.0,0.0
0.893207129034448,0.0010766694,0.322465938,0.4922692564,0.0,0.0
0.9191617482665497,0.06754670114285714,0.6006980132857143,0.7814921337142857,0.0,0.0
0.8240114411597768,0.0,0.882394155,0.9303862314285715,0.0,0.0
