Demand,Avail_Sol,Avail_Wind_On,Avail_Wind_Off,Hyd_In,HydRoR_In
0.7835673474010767,0.0,0.3281629336,0.6873952058,11191.0,0.0
0.8904061711236719,0.0009648452,0.3606537842,0.6429176422,11191.0,0.0
0.8922372417053851,0.007393390333333334,0.34326156316666667,0.6568150973333334,11191.0,0.0
0.8771850280217358,0.0,0.29064942628571433,0.6821484472857142,11191.0,0.0
0.7902237685455474,0.0,0.24053842449999996,0.6066730935,11191.0,0.0
0.8937201346693733,0.0026135014,0.21340526720000003,0.5646909096,11191.0,0.0
0.8923408832311356,0.03392186816666667,0.1969647595,0.5018082180000001,11191.0,0.0
0.898567918980175,0.0,0.1889104815,0.49128384975,11191.0,0.0
0.8548343287022879,0.0,0.16007936833333333,0.48526142166666664,11191.0,0.0
0.7934754938325356,0.0,0.12658338966666666,0.542858616,11191.0,0.0
0.8975214374120623,0.0,0.1699876255,0.5946433444999999,11191.0,0.0
0.8994142174247489,0.013601122833333331,0.22485812233333333,0.6414827504999999,11191.0,0.0
0.8911346784402291,0.0,0.2538573527142857,0.594275443,11191.0,0.0
0.7983006606588448,0.0,0.2740070371666667,0.5184148246666667,11191.0,0.0
0.8484965754095456,0.0,0.267711605,0.5209873745,11191.0,0.0
0.9037544031122987,0.0016624504,0.2620247442,0.5297217496,11191.0,0.0
0.8989167541067504,0.00715461025,0.28615262075000003,0.53634580575,11191.0,0.0
0.9055368861809729,0.0,0.31795680325,0.531672421,11191.0,0.0
0.8775523303481414,0.0,0.35330591466666667,0.5494939470000001,11191.0,0.0
0.8020994273400117,0.0,0.3885391495714286,0.47830725014285713,11191.0,0.0
0.9000362277766614,0.0003643162,0.3891439002,0.4001060336,11191.0,0.0
0.9012862933374798,0.014012531333333335,0.37921234533333337,0.43730819600000004,11191.0,0.0
0.9064490849071394,0.0,0.349270851,0.470003688,11191.0,0.0
0.8383755478751779,0.0,0.34311800859999997,0.49845067319999997,11191.0,0.0
0.7882821255266637,0.0,0.38706443275,0.43787014275,11191.0,0.0
0.8193461690102161,0.0,0.44287731150000004,0.44969885225000006,11191.0,0.0
0.8586258041098239,0.05845787950000001,0.5027301596666667,0.5515727898333332,11191.0,0.0
0.8759016411780243,0.0,0.5410976333333334,0.7290698203333333,11191.0,0.0
0.8676725264675368,0.0,0.5842198885000001,0.80240233575,11191.0,0.0
0.8146814814090452,0.0,0.5770422153333333,0.757637908,11191.0,0.0
0.7945846114576276,0.0,0.56657284075,0.6795549925,11191.0,0.0
0.8308514132684672,0.006686208000000001,0.4756900212,0.6406487460000001,11191.0,0.0
0.8589704082143411,0.11690008674999999,0.5689052422499999,0.645757811,11191.0,0.0
0.8669028065998834,0.0129974835,0.5650846775,0.6894658245,11191.0,0.0
0.856625441650879,0.0,0.6667205709999999,0.7750534434999999,11191.0,0.0
0.8055668554502082,0.0,0.5474526662857143,0.7913522925714286,11191.0,0.0
0.9090759049403262,0.005571303,0.4403259306000001,0.5959544192,11191.0,0.0
0.9039358095909177,0.076584226,0.46268439433333336,0.5091782901666667,11191.0,0.0
0.9037589903180558,0.0,0.4019850603333333,0.5431828273333333,11191.0,0.0
0.8090233136875996,0.0,0.3055132815714286,0.3815736481428571,11191.0,0.0
0.9081819215871956,0.0,0.3083365795,0.36839415249999996,11191.0,0.0
0.9065786046063314,0.07787739316666667,0.3069552275,0.4420096295,11191.0,0.0
0.9127214214974029,0.0004684565,0.2918648505,0.4472024295,11191.0,0.0
0.8844240711540595,0.0,0.24574085266666668,0.408113888,11191.0,0.0
0.8072127183126031,0.0,0.21605353742857142,0.47873710971428574,11191.0,0.0
0.9058302965486635,0.0019078982000000002,0.16602960259999996,0.47799590319999996,11191.0,0.0
0.9029494580878046,0.0688162115,0.17822056966666666,0.4608664661666666,11191.0,0.0
0.9045629376424842,0.0,0.140678867,0.4185295085,11191.0,0.0
0.846575092496913,0.0,0.1372889555,0.35681959375,11191.0,0.0
0.8105884946209995,0.0,0.13438837633333334,0.352168126,11191.0,0.0
0.9077311695057713,0.0,0.12419693799999999,0.3560290396666666,11191.0,0.0
0.9023526958695838,0.02944049085714286,0.11661987357142856,0.34225470214285714,11191.0,0.0
0.8987292483389693,0.0,0.16993469716666668,0.44839344766666667,11191.0,0.0
0.8055011543437235,0.0,0.16275013585714285,0.4297394667142858,11191.0,0.0
0.9032826099867413,0.0,0.15956008124999999,0.443253004,11191.0,0.0
0.9060916473135215,0.054276500799999995,0.18090231539999999,0.4437680092,11191.0,0.0
0.9111680554117495,0.00327755725,0.15994082225,0.37150249625,11191.0,0.0
0.8926343838730498,0.0,0.11325245225000001,0.363851107,11191.0,0.0
0.8123416485770786,0.0,0.08642389333333333,0.34822140366666665,11191.0,0.0
0.7868586176521415,0.0,0.083135947,0.3242989725,11191.0,0.0
0.8384538060892378,0.003983097666666667,0.110676138,0.3696572343333333,11191.0,0.0
0.8539403436961198,0.0686781165,0.11816451249999999,0.39044231249999994,11191.0,0.0
0.8682401936719708,0.0066028879999999995,0.1514163575,0.41731767475000003,11191.0,0.0
0.8623975666824304,0.0,0.19416870825,0.47855577099999996,11191.0,0.0
0.7959585148204861,0.0,0.21185575566666662,0.4687095404999999,11191.0,0.0
0.8024145452211995,0.0,0.30860766575,0.5818921969999999,11191.0,0.0
0.8517590115278411,0.03172906,0.3445184275,0.63023752575,11191.0,0.0
0.8590273949167075,0.03573984175,0.40690921074999997,0.66802989425,11191.0,0.0
0.8690844613072967,0.0,0.5608433845,0.7978653596666666,11191.0,0.0
0.8083973196817194,0.0,0.6562135075714286,0.8627528544285715,11191.0,0.0
0.9088491380061727,0.0014289670000000002,0.7650547962,0.9295900548,11191.0,0.0
0.9125123169886268,0.01537723,0.7768824109999999,0.9361780511666667,11191.0,0.0
0.9008407313351444,0.0,0.8325091638333334,0.9373369856666667,11191.0,0.0
0.80501726968059,0.0,0.8543594817142858,0.9325464668571427,11191.0,0.0
0.9013704475498681,0.0,0.8547469322500001,0.8896808967500001,11191.0,0.0
0.9022605168668429,0.012388763285714284,0.7686576585714285,0.9009198814285716,11191.0,0.0
0.8958079267102043,0.0,0.6368363884999999,0.8003073990000001,11191.0,0.0
0.8050829085451462,0.0,0.5090419895714285,0.6948147722857143,11191.0,0.0
0.9048454148977789,0.0015062666,0.4367211426,0.599707073,11191.0,0.0
0.9082949280304916,0.021528333666666667,0.37449325316666665,0.5037776208333333,11191.0,0.0
0.9071676367650049,0.0,0.31169553499999997,0.42858893316666674,11191.0,0.0
0.8153023716049111,0.0,0.25729310175000003,0.34054065975000003,11191.0,0.0
0.8438318740527396,0.0,0.23994434739999998,0.31312627280000005,11191.0,0.0
0.9080167560330773,0.004497572333333333,0.21002196733333334,0.2813464376666666,11191.0,0.0
0.9088021430243716,0.03622218933333334,0.181002951,0.26283094116666667,11191.0,0.0
0.9041552622138677,0.0,0.163449827,0.26843068633333333,11191.0,0.0
0.8122784273831869,0.0,0.13252349457142856,0.16161354385714286,11191.0,0.0
0.9108586781958267,0.0,0.11465346525,0.10579135299999999,11191.0,0.0
0.9123421708057871,0.06827705916666667,0.12248718800000001,0.07055363416666667,11191.0,0.0
0.9172879132299026,0.0012326449999999999,0.17172895500000002,0.11082472039999999,11191.0,0.0
0.8758865221806819,0.0,0.18416748366666666,0.1548922566666667,11191.0,0.0
0.7887121975821332,0.0,0.20052823783333332,0.200678354,11191.0,0.0
0.8130891127852574,0.0,0.1936468955,0.25497539025,11191.0,0.0
0.8514541120367287,0.0531037734,0.15022659740000002,0.255081838,11191.0,0.0
0.8643964541660418,0.00770224775,0.13249482099999998,0.27446189849999997,11191.0,0.0
0.8628726092667764,0.0,0.10315949325,0.23841988549999998,11191.0,0.0
0.8013492212540022,0.0,0.07338401416666666,0.16351549866666668,11191.0,0.0
0.8177762050882393,0.0,0.0635967484,0.1158045956,11191.0,0.0
0.8598140875453698,0.09504670450000001,0.056216691166666666,0.068582934,11191.0,0.0
0.8774580376687372,0.0024006356666666667,0.062428649999999995,0.10001636333333334,11191.0,0.0
0.8604031325216448,0.0,0.06600277600000001,0.17746971220000002,11191.0,0.0
0.8075007097379528,0.0,0.0614286595,0.2613933575,11191.0,0.0
0.9130110456020024,0.0,0.05398971525,0.2592328145,11191.0,0.0
0.9155893991415625,0.07051614725,0.049900860000000005,0.28342381824999996,11191.0,0.0
0.9186427516370816,0.021673169799999996,0.054226963399999994,0.27569614719999996,11191.0,0.0
0.9031082407846447,0.0,0.069280334,0.27382138675,11191.0,0.0
0.8140624966202161,0.0,0.11422937742857144,0.239342628,11191.0,0.0
0.9122307842738056,0.0,0.180787061,0.32961638725,11191.0,0.0
0.913773874664078,0.04843393266666667,0.23038354400000002,0.4914858546666667,11191.0,0.0
0.9125481885619102,0.039870231250000006,0.285686832,0.620631711,11191.0,0.0
0.897785497649965,0.0,0.39360026633333334,0.7340283091666667,11191.0,0.0
0.7974197386609964,0.0,0.5500329632857143,0.8632374567142858,11191.0,0.0
0.8908244929085674,0.0,0.47504125100000005,0.92698716525,11191.0,0.0
0.8888420702704635,0.039917891999999996,0.3985247162857143,0.897028479,11191.0,0.0
0.8673210973509645,0.0,0.6166485512857143,0.909005039,11191.0,0.0
0.7562947009107257,0.0,0.683775535,0.9128283214999999,11191.0,0.0
0.8254746605260159,0.0,0.60817308575,0.90525571275,11191.0,0.0
0.8944042527293815,0.012973446333333333,0.5470415023333334,0.921601705,11191.0,0.0
0.8875653451216844,0.09100931466666666,0.5443847831666667,0.8533351246666666,11191.0,0.0
0.8932461510721206,0.0,0.5456268157499999,0.85950631225,11191.0,0.0
0.8508535261680903,0.0,0.47946010366666664,0.8218431976666666,11191.0,0.0
0.7841970687932323,0.0,0.37815422624999995,0.67986442,11191.0,0.0
0.8466520984693455,0.0,0.29846626175,0.557928635,11191.0,0.0
0.8995786577413903,0.006257915,0.24372448766666666,0.49057924933333336,11191.0,0.0
0.8934132911534901,0.105645227,0.205421654,0.39361204666666677,11191.0,0.0
0.8880333600328697,0.0,0.17816058950000002,0.33511103783333335,11191.0,0.0
0.7950648642592594,0.0,0.20124747875000001,0.36778578500000003,11191.0,0.0
0.7752263005315445,0.0,0.19677095849999998,0.40863436475,11191.0,0.0
0.8212245672672394,0.015811554000000002,0.14731037700000002,0.41956574574999994,11191.0,0.0
0.8430651377999965,0.194432193,0.0769632975,0.37839148825,11191.0,0.0
0.8553284555080738,0.032836328750000005,0.11618343525,0.42296809725,11191.0,0.0
0.8481794370833935,0.0,0.26495623575000005,0.51107933425,11191.0,0.0
0.7801815402296073,0.0,0.4120778425714286,0.6525893748571429,11191.0,0.0
0.7929999112558859,0.00051359675,0.37718340875000006,0.716690284,11191.0,0.0
0.8301553337885618,0.06475205375,0.33361094,0.6564404515,11191.0,0.0
0.8375735073821728,0.029687061199999996,0.3017018526,0.6338973496,11191.0,0.0
0.8394718546551614,0.0,0.275788189,0.62678868125,11191.0,0.0
0.7912136109380982,0.0,0.22338238042857142,0.561106161,11191.0,0.0
0.8935208527137485,0.0009726372,0.196121943,0.3580873494,11191.0,0.0
0.8945561528530338,0.033573807666666663,0.21287842233333332,0.4561553288333334,11191.0,0.0
0.8903536250970814,0.0,0.18900776116666665,0.5589138626666666,11191.0,0.0
0.8020897770860499,0.0,0.15498135042857145,0.6255845528571429,11191.0,0.0
0.9021723527889698,0.0105792258,0.11481042859999999,0.6144833615999999,11191.0,0.0
0.9000659180451878,0.1604661775,0.11172555875,0.53705503025,11191.0,0.0
0.9050061866056291,0.040723022,0.11333142225,0.438479604,11191.0,0.0
0.8758208943026412,0.0,0.128298564,0.3604915920000001,11191.0,0.0
0.7939543846492062,0.0,0.20268902924999999,0.412530016,11191.0,0.0
0.8510806348809005,0.0,0.315282582,0.51744837575,11191.0,0.0
0.9010501742902629,0.0028349413333333333,0.418673888,0.6893456163333332,11191.0,0.0
0.8997721434385193,0.032799638,0.5190254941666667,0.7885979183333333,11191.0,0.0
0.8899395585131998,0.0,0.5620476913333333,0.861802104,11191.0,0.0
0.8141350743352717,0.0,0.539305412,0.85164044175,10057.5,0.0
0.8466000511615943,0.0,0.5137455398,0.854056469,8924.0,0.0
0.949621503697049,0.011722847,0.49280683499999994,0.839824864,8924.0,0.0
0.9466147866673181,0.0657686175,0.48813478600000004,0.7676588963333334,8924.0,0.0
0.9422020101003857,0.0,0.456640285,0.7067817383333335,8924.0,0.0
0.8186129131527378,0.0,0.380623736,0.64281383,8924.0,0.0
0.9232063904823997,0.0008654864,0.3340772622,0.5879871299999999,8924.0,0.0
0.9633613104487254,0.15528622233333333,0.31186691800000005,0.5738090373333332,8924.0,0.0
0.9620716180394289,0.12951908275,0.29650216825000003,0.57681787925,8924.0,0.0
0.9628219392805026,0.0,0.32612667216666663,0.6433477834999999,8924.0,0.0
0.8279966922680912,0.0,0.328131566375,0.63291453325,8924.0,0.0
0.8724326232700993,0.01073495675,0.31888841575000004,0.6205077815000001,8924.0,0.0
0.8997364249024132,0.10084918066666666,0.2953061955,0.6428230738333333,8924.0,0.0
0.9150882204574216,0.0,0.30128390149999995,0.7080674288333334,8924.0,0.0
0.8230848384903464,0.0,0.25603958475,0.7497301619999999,8924.0,0.0
0.8711422134621353,0.023399358250000002,0.2087669715,0.720179456,8924.0,0.0
0.8968832440444447,0.22494051725000003,0.17002478624999998,0.65579860475,8924.0,0.0
0.9120603801974112,0.04578329125,0.14623467549999997,0.58697706325,8924.0,0.0
0.913465464671979,0.0,0.133109033,0.53603690625,8924.0,0.0
0.8490375505326775,0.0,0.132125263875,0.418654369375,8924.0,0.0
0.9756419473997541,0.006747443333333333,0.12380267233333332,0.35278736466666666,8924.0,0.0
0.9680853157743291,0.18259338214285714,0.10778237771428571,0.281669187,8924.0,0.0
0.9748986134898502,0.00034194166666666665,0.08618334550000001,0.2557232813333334,8924.0,0.0
0.8541671785425706,0.0,0.07691672075,0.23174616199999998,8924.0,0.0
0.8752460850112251,0.0,0.0779377882,0.4125673022000001,8924.0,0.0
0.971719977263191,0.015195586333333335,0.11759999566666668,0.511471444,8924.0,0.0
0.9663749262212392,0.117994902,0.14383059625,0.48160919324999996,8924.0,0.0
0.973280306376425,0.022402235,0.15800257774999998,0.46940429375000003,8924.0,0.0
0.9600889777513657,0.0,0.11558831825,0.349968556,8924.0,0.0
0.8396814783855043,0.0,0.08620666642857142,0.36014544671428567,8924.0,0.0
0.9544482921008297,0.031552864,0.0797320342,0.3327454128,8924.0,0.0
0.9640385427606639,0.29768190975,0.07237152675,0.291330572,8924.0,0.0
0.9697344355988416,0.0409106125,0.0975565465,0.282027533,8924.0,0.0
0.9557764094099919,0.0,0.10920776674999999,0.32359102875,8924.0,0.0
0.832528346431885,0.0,0.11787342883333334,0.346069397,8924.0,0.0
0.9179169093321038,0.0,0.15843362375,0.38152158975,8924.0,0.0
0.9630181490787475,0.060507533,0.198684834,0.3907420575,8924.0,0.0
0.9529810855590412,0.16429601666666668,0.21232503733333333,0.4099754596666667,8924.0,0.0
0.9704381987717124,0.0007682665,0.27736189525,0.5270025965,8924.0,0.0
0.9024179686622024,0.0,0.271477213,0.5447025537500001,8924.0,0.0
0.8147521607733978,0.0,0.31543920575,0.57997386025,8924.0,0.0
0.9308975217366644,0.0285286895,0.3523108526666667,0.5897713035,8924.0,0.0
0.9569284021091323,0.22097450375,0.360807247,0.569970361,8924.0,0.0
0.9672845621486554,0.053606174250000006,0.42775939975,0.5809847925,8924.0,0.0
0.9559401404291625,0.0,0.41722847575,0.61935658875,8924.0,0.0
0.8304372049825238,0.0,0.3446616411666667,0.5256781615,8924.0,0.0
0.8317085788482432,0.0,0.32436381075,0.5151271405,8924.0,0.0
0.8893501636701913,0.06341682875,0.34268853075,0.5526093519999999,8924.0,0.0
0.8945941521219394,0.07418011925,0.35689531900000004,0.482642797,8924.0,0.0
0.9114901340574305,0.0005327353333333334,0.41393395083333334,0.5303113134999999,8924.0,0.0
0.8188619752880764,0.0,0.44407011637500005,0.54217561775,8924.0,0.0
0.8648680877537855,0.023144987,0.42515484249999996,0.592827161,8924.0,0.0
0.8909297140364396,0.13402722116666665,0.439401663,0.6672578643333335,8924.0,0.0
0.8947434766929623,0.00020548257142857142,0.4357142849999999,0.7139419444285714,8924.0,0.0
0.8100320297313927,0.0,0.427994527,0.7526882138333333,8924.0,0.0
0.9270243259851126,0.0,0.44057228966666667,0.7917454453333335,8924.0,0.0
0.9483119210464594,0.10268936275,0.42209828725,0.78021390125,8924.0,0.0
0.9474720134947634,0.13459013625,0.411446439,0.7686766975,8924.0,0.0
0.9578450013593145,0.0015717335,0.3861449615,0.7611496325,8924.0,0.0
0.9356769685914259,0.0,0.33537543849999996,0.7951138950000001,8924.0,0.0
0.8177097811413699,0.0,0.29101307816666666,0.7794316006666667,8924.0,0.0
0.9054553832573277,0.0,0.2352001725,0.67107875075,8924.0,0.0
0.950946777774869,0.0734105595,0.1995105075,0.6390012865,8924.0,0.0
0.9497730976151529,0.17890892483333334,0.15796476483333335,0.5673108556666666,8924.0,0.0
0.9594666448865572,0.00232487775,0.16463529075000002,0.5510549295,8924.0,0.0
0.914176481170771,0.0,0.16499838133333333,0.4797190816666666,8924.0,0.0
0.8299555675884853,0.0,0.2164297495714286,0.4211412978571429,8924.0,0.0
0.9553911868902251,0.045566162,0.294486914,0.42722225275,8924.0,0.0
0.9474733434029224,0.214385077,0.3121745345,0.45166441425000003,8924.0,0.0
0.9582585842000905,0.06575720575,0.33211572874999995,0.47676652099999994,8924.0,0.0
0.9520903325038936,0.0,0.36968304025,0.5927288575,8924.0,0.0
0.8387126763464468,0.0,0.38825170425,0.6482729604999999,8924.0,0.0
0.8617064434620602,0.0,0.4446159528,0.6695104344,8924.0,0.0
0.9616659087088836,0.042554518000000006,0.4896774576666667,0.7555127926666666,8924.0,0.0
0.9533491662422207,0.171250496,0.49921171774999995,0.7971614884999999,8924.0,0.0
0.9595116636946288,0.0494320225,0.51419102625,0.844332553,8924.0,0.0
0.9435021392450421,0.0,0.5157025930000001,0.88148716025,8924.0,0.0
0.8228854030383674,0.0,0.43217397166666666,0.8118542525,8924.0,0.0
0.9054820028706392,0.0,0.34487581125,0.6765411557500001,8924.0,0.0
0.9516715755568332,0.08070411250000001,0.30513977449999996,0.564639903,8924.0,0.0
0.9475935464637643,0.22780030316666666,0.21837905666666668,0.4149289303333333,8924.0,0.0
0.9565909788461466,0.00160862,0.18955698125,0.3353732225,8924.0,0.0
0.9095037784688218,0.0,0.13486393633333335,0.255634549,8924.0,0.0
0.8103122850154411,0.0,0.09035004375,0.23206260099999998,8924.0,0.0
0.8118770748704913,0.0,0.0643837565,0.1242697685,8924.0,0.0
0.8800351176149331,0.05770350233333333,0.05209104333333333,0.10577329166666667,8924.0,0.0
0.8877650846801165,0.21775486516666664,0.029762582166666666,0.06527184800000001,8924.0,0.0
0.908820920941868,0.0021628455,0.04592693783333333,0.05908460033333333,8924.0,0.0
0.8126134597577168,0.0,0.05891504225,0.104070018375,8924.0,0.0
0.8624734118878792,0.041721375000000005,0.06649724625,0.17741439025,8924.0,0.0
0.8838450003184256,0.16868544183333334,0.06727820233333333,0.21536213933333334,8924.0,0.0
0.9074182139224822,0.0025720966666666666,0.08684647566666666,0.28113296000000004,8924.0,0.0
0.8722419051319219,0.0,0.08391664360000001,0.26908817960000003,8924.0,0.0
0.8057137796306199,0.0,0.08400561050000001,0.2111658575,8924.0,0.0
0.9265042967350942,0.02436108133333333,0.09309319133333332,0.22016463833333333,8924.0,0.0
0.9568039919034429,0.1481913845,0.09537406866666666,0.2919987596666666,8924.0,0.0
0.9712147125257712,0.00184547725,0.11866562900000001,0.36479347849999993,8924.0,0.0
0.9023532934651898,0.0,0.10851293625000001,0.3743999845,8924.0,0.0
0.8154395073143597,0.0,0.0888148305,0.30032594749999997,8924.0,0.0
0.9182941050748739,0.000351531,0.07345268675,0.22064162475000001,8924.0,0.0
0.9648504767824853,0.116206972,0.0599976385,0.1745545475,8924.0,0.0
0.9621378244609731,0.24142777866666665,0.04644321966666667,0.1305484895,8924.0,0.0
0.9630769167980038,0.0037011606666666665,0.05865489683333333,0.10395926466666666,8924.0,0.0
0.8358642342292478,0.0,0.047555176166666664,0.061909856166666666,8924.0,0.0
0.9204099883654762,0.00052772325,0.057525369500000006,0.05415642525,8924.0,0.0
0.9647548784657132,0.13728694549999998,0.0552152505,0.040204272,8924.0,0.0
0.9631072920866501,0.343794274,0.058601186750000006,0.044022546749999995,8924.0,0.0
0.9692676134330473,0.11303945075,0.08017334599999999,0.07499845175,8924.0,0.0
0.9593647360985016,0.0,0.09106053300000001,0.11944649799999998,8924.0,0.0
0.8401202269301807,0.0,0.07870761533333333,0.15958169166666666,8924.0,0.0
0.926764625568453,0.0008663975,0.06387036224999999,0.130093551,8924.0,0.0
0.9708395235510465,0.2297623705,0.054645324499999995,0.102617182,8924.0,0.0
0.9646813588677887,0.42512661820000003,0.0560636496,0.0762441636,8924.0,0.0
0.9749672055333698,0.053341267,0.111536427,0.07864127274999999,8924.0,0.0
0.9409036700082188,0.0,0.12878692875,0.12279018449999998,8924.0,0.0
0.8416115461018533,0.0,0.140001992,0.2004313885714286,8924.0,0.0
0.9658654547981488,0.03975599775,0.1290772275,0.3104941155,8924.0,0.0
0.9640983100101348,0.15621872625,0.12270238625,0.36089580125,8924.0,0.0
0.9679731820205942,0.05525751733333333,0.140169937,0.41308187933333335,8924.0,0.0
0.9520952325142306,0.0,0.16155602883333334,0.5051978865000001,8924.0,0.0
0.8201136178768137,0.0,0.14291573085714288,0.49366464842857144,8924.0,0.0
0.8775842770721165,0.06692688075,0.133985337,0.42429752725000003,8924.0,0.0
0.9008661823426628,0.2564429131666666,0.12030371416666667,0.368801534,8924.0,0.0
0.9196068308585081,0.0037488815,0.1787597588333333,0.47472325283333333,8924.0,0.0
0.8332854294169652,0.0,0.17950508600000004,0.54767077,8924.0,0.0
0.8426147321677158,0.00162719075,0.2055220915,0.692307091,8924.0,0.0
0.8990155439669559,0.2092768325,0.1935854665,0.751882237,8924.0,0.0
0.9013273146806601,0.48028737299999996,0.18660246275000003,0.7521112782500001,8924.0,0.0
0.9112149762954811,0.2580470203333333,0.20798236699999997,0.7960267176666666,8924.0,0.0
0.9135455894410683,0.0,0.26925823116666664,0.8308747408333333,8924.0,0.0
0.8481352438945418,0.0,0.3164235317142857,0.8209170672857143,8924.0,0.0
0.9781899498886605,0.10221319400000001,0.3253439123333333,0.7647226156666668,8924.0,0.0
0.9682228566326261,0.49669380916666667,0.26846420383333336,0.7092210269999999,8924.0,0.0
0.978547263451976,0.06280522699999999,0.3895150824,0.8534146964000001,8924.0,0.0
0.8982785124468183,0.0,0.41688910300000004,0.8684323017999999,8924.0,0.0
0.836105865763495,0.0,0.41778145850000004,0.8556195135,8924.0,0.0
0.9717143293057884,0.084625944,0.4367124298,0.8094013064000001,8924.0,0.0
0.9801081244300787,0.3818003266666666,0.3865031546666667,0.759113836,8924.0,0.0
0.9974027880557526,0.02237566525,0.31540594475,0.7590736215,8924.0,0.0
0.9480574672860707,0.0,0.29416517133333336,0.727030199,8924.0,0.0
0.8562077967652283,0.0,0.279526693,0.6869687871666667,8924.0,0.0
0.9729939139604592,0.005697941333333334,0.26870565733333335,0.6860373293333333,8924.0,0.0
0.9870379723961547,0.305202122,0.2408048525,0.6901786114999999,8924.0,0.0
0.9807622751212824,0.46715535750000003,0.2329934298333333,0.6671390066666666,8924.0,0.0
0.9963473849056124,0.0262183765,0.27203914325,0.69161675875,8924.0,0.0
0.946523475752996,0.0,0.27642107699999996,0.6805733006666667,8924.0,0.0
0.8357075629928387,0.0,0.2772296993333333,0.6614553711666666,10271.5,0.0
0.9686759717707497,0.091926513,0.24095659699999997,0.6429076796,10541.0,0.0
0.9689297146265479,0.3647857481666667,0.16586795750000002,0.5575171893333333,10541.0,0.0
0.9723318814282395,0.0178120665,0.1773086585,0.5801800618333335,10541.0,0.0
0.8350513814267898,0.0,0.176424251,0.5736083636666667,10541.0,0.0
0.9231558446051443,0.00421408275,0.1700024385,0.5766953605,10541.0,0.0
0.9692572412120741,0.244832757,0.15089368749999998,0.5667900495,10541.0,0.0
0.966058827636099,0.3837609655,0.12678811966666667,0.48432222183333334,10541.0,0.0
0.980196179516169,0.027396892000000003,0.14302721666666665,0.5219909303333333,10541.0,0.0
0.9407844258732143,0.0,0.11518551625000001,0.44707965075,10541.0,0.0
0.808943147545714,0.0,0.08495466785714285,0.31682815471428577,10541.0,0.0
0.8598504506349715,0.037789200333333335,0.07562368133333335,0.32683919933333333,10541.0,0.0
0.8948997887216633,0.213328436,0.042098923428571425,0.22354256328571434,10541.0,0.0
0.9131753810294683,0.005346163333333334,0.0577758985,0.18842050816666667,10541.0,0.0
0.8191591401416143,0.0,0.06324815633333333,0.1417356658888889,10541.0,0.0
0.8822007101423829,0.14321570925,0.06541284975,0.17192800525,10541.0,0.0
0.8928844775498087,0.29312964075,0.07836010275000001,0.17694124425,10541.0,0.0
0.9138120997825344,0.044799176249999996,0.1255545495,0.266456995,10541.0,0.0
0.8816290246788931,0.0,0.1382448234,0.3038721002,10541.0,0.0
0.8112747369721595,0.0,0.13890211074999997,0.32908526375,10541.0,0.0
0.914559358410553,0.006298848,0.18561751375,0.43565420225,10541.0,0.0
0.9625231839467177,0.142268946,0.1943832185,0.5013607714999999,10541.0,0.0
0.9615043860037197,0.23438275516666662,0.21902472716666666,0.5094323408333333,10541.0,0.0
0.9735000328985324,0.013251925999999999,0.2608932956666667,0.5556229569999999,10541.0,0.0
0.9319762883766995,0.0,0.24014354725,0.546315761,10541.0,0.0
0.8136168667065203,0.0,0.21879833116666667,0.44555665133333333,10541.0,0.0
0.9338197620476709,0.011491218999999999,0.22429935766666667,0.41039894000000005,10541.0,0.0
0.9519908946529239,0.1832809834,0.18788892559999998,0.3123436746,10541.0,0.0
0.9544176155788673,0.10948568539999999,0.2280308774,0.3600573518,10541.0,0.0
0.9460522048823857,0.0,0.25692698125,0.52055359375,10541.0,0.0
0.8225944663853155,0.0,0.22916062099999995,0.49674992571428567,10541.0,0.0
0.939044998256484,0.0478766356,0.23642849060000004,0.582686473,10541.0,0.0
0.9490873870239066,0.1991239055,0.18717160983333334,0.4684342088333333,10541.0,0.0
0.9681332704531974,0.017208314666666665,0.24275089366666666,0.5612455976666667,10541.0,0.0
0.9292093975279379,0.0,0.20635860575,0.478424921,10541.0,0.0
0.8132701028295787,0.0,0.1603454785,0.35316523333333333,10541.0,0.0
0.9437678805960108,0.0861760726,0.1529115042,0.36016959379999997,10541.0,0.0
0.9577846860163434,0.2810110085,0.12457604233333332,0.3794319083333333,10541.0,0.0
0.9696885384177207,0.022771586333333333,0.17621115666666665,0.43915225333333335,10541.0,0.0
0.9292944303757622,0.0,0.15683191175,0.3777697085,10541.0,0.0
0.8117213707923092,0.0,0.14993987333333333,0.39145271333333337,10541.0,0.0
0.9413220497675067,0.055479380200000004,0.1332875904,0.4252350268000001,10541.0,0.0
0.9521060769792019,0.2396052172,0.0793770806,0.33498362560000006,10541.0,0.0
0.9637317605842856,0.02798620983333333,0.0944843425,0.29134953133333336,10541.0,0.0
0.8625480604121334,0.0,0.06801422725,0.18265401225,10541.0,0.0
0.7999506001895004,0.0,0.05884319375000001,0.17743496525,10541.0,0.0
0.8430578481990819,0.04677859125,0.04875353,0.155416063,10541.0,0.0
0.8885711515661722,0.3703149833333333,0.027274481333333333,0.16939070366666667,10541.0,0.0
0.8882000568115197,0.376793105,0.028225824249999996,0.18353139849999997,10541.0,0.0
0.9145914020209025,0.04503125533333333,0.04616545133333333,0.25351192133333333,10541.0,0.0
0.8936638442697649,0.0,0.050266663749999996,0.2752199955,10541.0,0.0
0.8033696316019305,0.0,0.06948736885714285,0.2986891448571428,10541.0,0.0
0.8592583640300361,0.14181848600000002,0.09350083749999999,0.3814888625,10541.0,0.0
0.8774085346483382,0.45052376259999993,0.09374413020000001,0.41401494679999995,10541.0,0.0
0.8967763062828759,0.10382810575000001,0.16189026375,0.53122167625,10541.0,0.0
0.8738537131834571,0.0,0.20937898175,0.58388995625,10541.0,0.0
0.7978659907971859,0.0,0.22186768425,0.528830251,10541.0,0.0
0.8528012498073063,0.00065520225,0.23532523675,0.5588231095,10541.0,0.0
0.943079465484273,0.17425802125,0.192800572,0.46650445850000005,10541.0,0.0
0.9404901353810415,0.32224658824999997,0.10401826025,0.30420313675,10541.0,0.0
0.9508836982511781,0.06132525049999999,0.08679175624999999,0.268217498,10541.0,0.0
0.9222013995496124,0.0,0.07331247733333333,0.21162803600000002,10541.0,0.0
0.8103160308044111,0.0,0.16635032128571428,0.37055037942857144,10541.0,0.0
0.9267791563598932,0.0666055585,0.26137081325,0.6210604185,10541.0,0.0
0.9454720379253483,0.3330540846666667,0.24323540083333337,0.6824975665,10541.0,0.0
0.957082051074477,0.11620578200000001,0.30636342325,0.73787441825,10541.0,0.0
0.8989453127332425,0.0,0.29689524720000005,0.7038535774,10541.0,0.0
0.802340440625053,0.0,0.26730937425,0.6850821192500001,10541.0,0.0
0.9065581986763243,0.02693322725,0.231804542,0.67048268725,10541.0,0.0
0.9554489472732556,0.2747267015,0.17250150749999998,0.6126963255,10541.0,0.0
0.953542168458631,0.4811741166666667,0.11370639149999999,0.48246785099999995,10541.0,0.0
0.9695389110568653,0.065162827,0.1296837845,0.46137339525,10541.0,0.0
0.923949153779445,0.0,0.14227824033333333,0.516553602,10541.0,0.0
0.8179258083685341,0.0,0.1539338136666667,0.544683005,10541.0,0.0
0.9395669518260149,0.05512179933333333,0.16538953533333334,0.6700288933333334,10541.0,0.0
0.9611535843854924,0.5106436933333333,0.11167251300000001,0.6247090110000001,10541.0,0.0
0.9654980349364548,0.3806139723333333,0.15876369999999998,0.6819231536666667,10541.0,0.0
0.9508998085463453,0.005972845166666667,0.2403531135,0.7895882846666668,10541.0,0.0
0.8345959365738491,0.0,0.23602018728571433,0.7729805078571428,10541.0,0.0
0.9660652105261756,0.34963103125,0.20453058775,0.8036112335,10541.0,0.0
0.9635392017033932,0.77968251025,0.17356807999999999,0.72499677675,10541.0,0.0
0.968853571119957,0.46146636333333335,0.21225638566666669,0.769569927,10541.0,0.0
0.953757688032681,0.0110702585,0.2679601595,0.7958542248333332,10541.0,0.0
0.8132534432554844,0.0,0.3211311668571429,0.7156444811428571,10541.0,0.0
0.8692843298945021,0.1696063055,0.31458939350000004,0.7089602975,10541.0,0.0
0.8942014665962953,0.3689196983333333,0.33577957016666665,0.5965875945000001,10541.0,0.0
0.9179078993584788,0.068682529,0.48161486133333337,0.6688830636666667,10541.0,0.0
0.8856983948720506,0.0,0.5600396386,0.6355286016000001,10541.0,0.0
0.8171784574365419,0.0023970137142857143,0.6306917947142858,0.6430538848571429,10541.0,0.0
0.8812190006904553,0.32488813175000003,0.5812492185,0.60278974375,10541.0,0.0
0.8785934283268035,0.49495588949999997,0.5948082707500001,0.58548079375,10541.0,0.0
0.9056504728929662,0.17152523875,0.594929788,0.6123196215,10541.0,0.0
0.895538724606811,0.0,0.56029186775,0.64455825975,10541.0,0.0
0.819282948551945,0.0,0.5621758815,0.6818003539999999,10541.0,0.0
0.9390886856542315,0.04566281,0.5244042443333333,0.7238413976666666,10541.0,0.0
0.9495552956552655,0.46038267059999993,0.5376290422000001,0.6607676502,10541.0,0.0
0.948489796065936,0.450503635,0.5784684445,0.705696483,10541.0,0.0
0.9646881802982623,0.020175031333333333,0.49709563166666665,0.7616399746666667,10541.0,0.0
0.8955591790784005,0.0,0.43239619649999994,0.7478715875,10541.0,0.0
0.8082822565653207,0.0,0.34101314125,0.7252555227499999,10541.0,0.0
0.9112723579557752,0.06657961125,0.261347224,0.7737447725,10541.0,0.0
0.954424684991229,0.40215292550000004,0.1591632925,0.6773680129999999,10541.0,0.0
0.9468654767823691,0.5165957513333334,0.14326167766666667,0.493135398,10541.0,0.0
0.9502662492271119,0.24361909250000002,0.15488520125,0.42701370349999995,10541.0,0.0
0.9720381874071572,0.016106207,0.3004709093333333,0.49397505466666664,10541.0,0.0
0.8876462821882342,0.0,0.4273305982,0.491977025,10541.0,0.0
0.8172022759803426,0.0,0.48607271,0.5747215662499999,10541.0,0.0
0.9366958713908012,0.06426732633333333,0.46946139066666664,0.6394314720000001,10541.0,0.0
0.9443880472730344,0.45120078380000006,0.3926426616,0.540962578,10541.0,0.0
0.9428716342736756,0.29683951550000004,0.3477327725,0.6635024295,10541.0,0.0
0.953358498722182,0.0213348995,0.37371169400000004,0.795950471,10541.0,0.0
0.8947473947745621,0.0,0.3490639392,0.7588569624000001,10541.0,0.0
0.8025982226980629,0.0,0.32135606,0.5956757787500001,10541.0,0.0
0.9045303704390142,0.06309979099999999,0.351071373,0.559480101,10541.0,0.0
0.948717646251414,0.3338276,0.31906690400000004,0.5339387154999999,10541.0,0.0
0.943178081165474,0.5216872624000001,0.301380368,0.46447249039999994,10541.0,0.0
0.9541623962455708,0.15520563980000002,0.157810691,0.38585238439999997,10541.0,0.0
0.9162953462920519,0.0,0.10181951333333333,0.26196754066666667,10541.0,0.0
0.8143473704202794,0.0,0.059336255000000004,0.13301225949999998,10541.0,0.0
0.9392438158659573,0.158676671,0.0755231452,0.05910149459999999,10541.0,0.0
0.9455386714800174,0.5329073396666667,0.12799493833333334,0.08526175766666666,10541.0,0.0
0.9476387427109977,0.30627183675,0.20258698225000002,0.20416554375,10541.0,0.0
0.9365666016151608,0.005998464166666666,0.30222353816666664,0.42117795933333335,10541.0,0.0
0.795061567587691,0.0,0.31908194314285715,0.5777743832857143,10541.0,0.0
0.8503720119740868,0.15227101075,0.29783433475,0.68974782775,10541.0,0.0
0.874585603185767,0.3410919335,0.23512585433333336,0.641088579,10541.0,0.0
0.8955546576596065,0.058067410333333326,0.27927350633333337,0.635356061,10541.0,0.0
0.8581207812144381,0.0,0.29798104859999996,0.6024938503999999,10541.0,0.0
0.7827271278778795,0.0,0.29207795000000003,0.5548752235000001,10541.0,0.0
0.8212790758890358,0.06475414,0.29312672325000005,0.60699812175,10541.0,0.0
0.8664044810784302,0.40618613800000003,0.2206871285,0.561099683,10541.0,0.0
0.8529050807239434,0.6238797135999999,0.2281071228,0.49714584019999997,10541.0,0.0
0.8782629921785187,0.16435172,0.2846676804,0.6128481194,10541.0,0.0
0.8313888536165417,0.0,0.32485301349999995,0.62722426325,10541.0,0.0
0.8400280616840119,0.00028826,0.315353087,0.5850797323333333,10541.0,0.0
0.9522530643536316,0.23287413866666665,0.252036461,0.583991297,10541.0,0.0
0.9449522827384788,0.6118364669999999,0.173036508,0.4425160453333334,10541.0,0.0
0.9558541163491102,0.218894291,0.21210418874999998,0.39503077475000004,10541.0,0.0
0.8926373818733233,0.0,0.27183081575,0.4192846565,10541.0,0.0
0.8077014851015929,0.0,0.27329279524999994,0.41855441225,10541.0,0.0
0.9111646223083478,0.029188961250000003,0.2583685315,0.3770539875,10541.0,0.0
0.9566580475039439,0.39926292874999997,0.16452822525,0.30551294875,10541.0,0.0
0.9496828907594392,0.5731591942500001,0.15625339875,0.2527795975,10541.0,0.0
0.9642074960997176,0.36238772750000003,0.194359889,0.26452898599999997,10541.0,0.0
0.9529979132528758,0.03935949725,0.24659880675,0.36479495675000007,10541.0,0.0
0.830381025354244,0.0,0.20092682828571426,0.40592200714285714,10541.0,0.0
0.9452483945567337,0.11020080399999999,0.13182207775,0.35381926524999996,10541.0,0.0
0.9521613664185867,0.6626624885,0.07368944566666667,0.2615257846666667,10541.0,0.0
0.9597178265179265,0.4116902265,0.1160449615,0.30858770425,10541.0,0.0
0.9321052761847843,0.0012798565,0.21437599975000002,0.49029953475,10541.0,0.0
0.8286588924023058,0.0,0.27450649471428573,0.6123502734285714,10541.0,0.0
0.957173990733482,0.12146136766666667,0.27658727766666663,0.6632414696666666,10541.0,0.0
0.9547749709535404,0.42138171700000004,0.2240668595,0.635492646,10541.0,0.0
0.9477294571870276,0.614102917,0.23156335675,0.6134418765,10541.0,0.0
0.9577101865934627,0.35158933649999996,0.21057829825000002,0.63050384825,10541.0,0.0
0.9297993566340413,0.0015186605,0.21305231375,0.63580250075,10541.0,0.0
0.8271531978003692,0.0,0.151825159,0.5104191491428571,10541.0,0.0
0.9570341150157097,0.14849889266666666,0.11287443200000001,0.39667235533333334,10541.0,0.0
0.9494067094916694,0.5140546155,0.0696168815,0.3104959265,10541.0,0.0
0.9425616526166593,0.6675794355,0.06679437725,0.20289916225000001,10541.0,0.0
0.9516254202853673,0.3895251,0.09633182124999999,0.19768373074999998,10541.0,0.0
0.8911343779415964,0.0013668666666666668,0.13371638666666666,0.24938332533333338,10541.0,0.0
0.8055076489825197,0.0014278025,0.10975583066666666,0.22402484533333333,10541.0,0.0
0.8718338877147396,0.36230561,0.04959478075,0.17916778149999998,10541.0,0.0
0.8741131008676936,0.6381726440000001,0.04596877840000001,0.23306625639999998,10541.0,0.0
0.8978331116615729,0.22645022875,0.07365266349999999,0.4067619785,10541.0,0.0
0.8458153460548963,0.0,0.0819586795,0.44215353150000003,10541.0,0.0
0.7260458835194207,0.0,0.07524982583333333,0.4109835101666666,13716.0,0.0
0.7642474732150695,0.12100894566666669,0.10210387633333333,0.478294728,14351.0,0.0
0.8090635935487408,0.3938708015,0.08543844349999999,0.4882624605,14351.0,0.0
0.8092151633928437,0.49116739183333324,0.0827599735,0.48293490833333336,14351.0,0.0
0.8178332280590394,0.0868697265,0.109867279,0.45798900200000003,14351.0,0.0
0.7677532048599309,0.0,0.12530407524999998,0.47069325075,14351.0,0.0
0.7443895147965789,0.0,0.15461079625000002,0.541104775,14351.0,0.0
0.8577516754576763,0.21755692240000002,0.1439874336,0.5925573972,14351.0,0.0
0.8562649770107545,0.76425432125,0.08413667550000001,0.563874251,14351.0,0.0
0.8553769074851437,0.6080313973333333,0.12119518833333336,0.6213202666666667,14351.0,0.0
0.860917652341441,0.14221890075000002,0.19553858175,0.54725732675,14351.0,0.0
0.7894291618678736,0.0,0.237860631,0.43271426350000003,14351.0,0.0
0.744450297286682,0.0,0.2259917165,0.37206197575,14351.0,0.0
0.8550524916934729,0.1172682765,0.18509471425,0.43584357375,14351.0,0.0
0.8664650704189538,0.482968551,0.12709218249999998,0.401294206,14351.0,0.0
0.8605978544941563,0.6836215135,0.15188806975000002,0.3866828645,14351.0,0.0
0.8642508805848728,0.31933354875000003,0.17137135825,0.473018869,14351.0,0.0
0.8273915859744497,0.00261196075,0.26882386025000005,0.5765864920000001,14351.0,0.0
0.73179091352534,0.0,0.30134742574999995,0.552075502,14351.0,0.0
0.7808032756112614,0.00431282125,0.3396070705,0.61746735725,14351.0,0.0
0.8551399181004772,0.10414792950000001,0.3834003335,0.7108052305,14351.0,0.0
0.8505666905150017,0.2464677535,0.37859876075,0.70604265375,14351.0,0.0
0.8480216780563659,0.19827856575,0.36268175375,0.6782784845000001,14351.0,0.0
0.8505288041708712,0.0939538345,0.3125922755,0.5996110809999999,14351.0,0.0
0.815832176572014,0.003984082,0.22950215875000002,0.46581548675000006,14351.0,0.0
0.7218329029241106,0.0,0.128450476,0.3605803543333333,14351.0,0.0
0.7372745386162985,0.0,0.10342338350000001,0.409812277,14351.0,0.0
0.8543942631813799,0.08107334199999999,0.10938278266666668,0.4492827323333333,14351.0,0.0
0.8520005463069075,0.2737354855,0.1225423075,0.4217080315,14351.0,0.0
0.8498718489241586,0.40894828775000003,0.12967925824999998,0.479570109,14351.0,0.0
0.8510718342264496,0.1679188315,0.157163033,0.57550144425,14351.0,0.0
0.8194644946269708,0.00163984575,0.19588618949999997,0.6791788665,14351.0,0.0
0.7432832056909123,0.0,0.36925514857142855,0.7446302037142856,14351.0,0.0
0.859593555069006,0.066937603,0.5849873506666666,0.794617456,14351.0,0.0
0.8582553056950686,0.2761974505,0.681540692,0.834015663,14351.0,0.0
0.8516811112095547,0.50026465,0.7623548913333332,0.8866735026666667,14351.0,0.0
0.8495439354163042,0.5216446403333334,0.6542501216666666,0.8439227736666667,14351.0,0.0
0.8525067780713611,0.259426059,0.4446164965,0.7324690215,14351.0,0.0
0.8355366591677361,0.014755607666666665,0.383545996,0.6377384603333334,14351.0,0.0
0.7413941209108567,0.0,0.2991567815,0.492362025,14351.0,0.0
0.7148121793436308,0.0,0.30068136700000003,0.430509846,14351.0,0.0
0.7494006843399342,0.15590213333333333,0.29556187433333336,0.6026758069999999,14351.0,0.0
0.7812835163102961,0.530002199,0.24460572875,0.7342227487499999,14351.0,0.0
0.7750146694334146,0.5320680786666666,0.28635575566666666,0.7716060656666667,14351.0,0.0
0.7881769526779866,0.18229111175,0.261055405,0.7574362187499999,14351.0,0.0
0.7558565050278933,0.0,0.24859969075,0.69452646625,14351.0,0.0
0.7057394015045076,0.0,0.13629396366666666,0.41347158183333327,14351.0,0.0
0.7315535371199504,0.1378157035,0.069453097,0.3128230155,14351.0,0.0
0.7673300111794583,0.5554297182500001,0.04531787175,0.27283019249999996,14351.0,0.0
0.7511545798998752,0.6928331167499999,0.10004002325,0.29300300925,14351.0,0.0
0.7747230910709539,0.2181348315,0.18233254399999999,0.33708610299999997,14351.0,0.0
0.7338310602878804,0.0,0.19801146674999998,0.33241749762499995,14351.0,0.0
0.8149663989808711,0.056949838,0.2346239465,0.14876815375,14351.0,0.0
0.848337695990323,0.36614814100000004,0.2888032383333334,0.22826697433333332,14351.0,0.0
0.84123220555677,0.6434071477500001,0.376541206,0.35594040475,14351.0,0.0
0.8469947079412129,0.39359962249999997,0.30288123675,0.4748992675,14351.0,0.0
0.8349376496804204,0.033799412,0.29983415599999996,0.5930047315,14351.0,0.0
0.7673881585504133,0.0,0.2962968675,0.695544799,14351.0,0.0
0.761487521254291,0.014564451833333332,0.22482010183333334,0.8009274595,14351.0,0.0
0.8546546725347284,0.4480420675,0.152311957,0.65029954775,14351.0,0.0
0.8488130996518842,0.7267900772,0.16813240280000002,0.584708206,14351.0,0.0
0.8495959334215513,0.3100071205,0.207232215,0.626146731,14351.0,0.0
0.7999907351568297,0.0,0.24870310175,0.6728298145,14351.0,0.0
0.7298645225667708,0.0,0.189879568,0.58917629475,14351.0,0.0
0.8187234009438844,0.083263419,0.186162674,0.566483955,14351.0,0.0
0.8547432273039304,0.51302139,0.125868982,0.5852997136666667,14351.0,0.0
0.8477823835697132,0.7453747556666667,0.12299859066666667,0.5916752426666667,14351.0,0.0
0.8484175144554689,0.563815401,0.12866746475000002,0.6143049815,14351.0,0.0
0.8368205088760501,0.07766255,0.165237411,0.61662855875,14351.0,0.0
0.7428402573247949,0.0,0.15421233442857143,0.5361395554285714,14351.0,0.0
0.8452510154282715,0.20612215475,0.136941307,0.5325701635,14351.0,0.0
0.849382396377554,0.689623589,0.10557387,0.5140419205,14351.0,0.0
0.8438773957188047,0.8790650661999999,0.12594929,0.533375868,14351.0,0.0
0.8411571388336659,0.3143836892,0.18853804319999998,0.5780399448,14351.0,0.0
0.7522507849983634,0.0,0.2187124166,0.5812623402,14351.0,0.0
0.7791927938928636,0.073197504,0.228027737,0.5995610378333333,14351.0,0.0
0.8456526545799472,0.5962037325,0.19622811925000003,0.60394595225,14351.0,0.0
0.8281245075509782,0.68366185725,0.25784754849999997,0.6572263435000001,14351.0,0.0
0.8337741484937029,0.27153368275,0.36286091125000003,0.760434889,14351.0,0.0
0.7766018157045208,0.0003234295,0.40407344949999996,0.8038533292500001,14351.0,0.0
0.6842496286213755,0.0,0.34688526625,0.7683799195000001,14351.0,0.0
0.705949327973143,0.10893491724999999,0.24072193799999997,0.6790781754999999,14351.0,0.0
0.7630332229848958,0.6061229186666667,0.09480458166666667,0.5283568733333334,14351.0,0.0
0.7488715611787116,0.8234488424,0.079277102,0.3963726824,14351.0,0.0
0.7690267121216285,0.30859372380000005,0.1357846608,0.2676098108,14351.0,0.0
0.7279871879607686,0.0,0.172824563,0.31379110625000006,14351.0,0.0
0.6985618523010227,0.057583997857142855,0.157629604,0.40549566328571424,14351.0,0.0
0.7728781546256414,0.5604511317499999,0.06731747425,0.34416546425,14351.0,0.0
0.7803675579073941,0.72520181925,0.04308665375,0.270087604,14351.0,0.0
0.7914731310143459,0.256755964,0.0770059632,0.20653637419999998,14351.0,0.0
0.7226966275343099,0.0,0.050618073375,0.11989466524999999,14351.0,0.0
0.836802327213175,0.27392492160000004,0.031157348600000002,0.137337651,14351.0,0.0
0.8442329040600361,0.7429364810000001,0.0111490688,0.0933724906,14351.0,0.0
0.8433004830353559,0.4682652895,0.017712117,0.092482907,14351.0,0.0
0.8118349452377136,0.03515898725,0.035838141500000004,0.09053563675,14351.0,0.0
0.7253514334192495,0.0022487975714285714,0.08784671014285715,0.10272044271428572,14351.0,0.0
0.8504687467542531,0.2910476715,0.060254968,0.198569062,14351.0,0.0
0.843631241473508,0.6463544483333333,0.0512739145,0.2777855085,14351.0,0.0
0.8373408845424142,0.31051921575,0.093049576,0.42175813349999997,14351.0,0.0
0.7997697030957496,0.0015525060000000002,0.11792076466666666,0.428995201,14351.0,0.0
0.7032236439423233,0.0,0.16620824583333335,0.42810473016666667,14351.0,0.0
0.820414245153931,0.11629809733333334,0.17589491133333335,0.47920088466666666,14351.0,0.0
0.8413607097529431,0.46950394424999997,0.15178980025,0.48891700574999997,14351.0,0.0
0.8217351510469245,0.6002922485,0.227888918,0.54844529725,14351.0,0.0
0.8182536332224043,0.3236599193333334,0.32415409199999995,0.5915241456666667,14351.0,0.0
0.7969495005687735,0.02550218975,0.419295218,0.6266072109999999,14351.0,0.0
0.7107613030434878,0.0019286551428571428,0.37445032485714286,0.6059755051428571,14351.0,0.0
0.8439446482967211,0.147213173,0.192855463,0.5106806686666667,14351.0,0.0
0.8297011565737388,0.326431825,0.10122034599999999,0.3135752045,14351.0,0.0
0.8167540221504834,0.41121951775,0.056998811499999996,0.130244158,14351.0,0.0
0.8139588193911014,0.22154767,0.09016944575000001,0.12872927325,14351.0,0.0
0.8178082163200415,0.031243755,0.190522986,0.252368503,14351.0,0.0
0.7411528762989373,0.0,0.2567915775,0.43113217724999997,14351.0,0.0
0.6921344333958936,0.0,0.28633399724999997,0.5656484325000001,14351.0,0.0
0.819775951029732,0.1089531715,0.26371951875,0.5948625795,14351.0,0.0
0.8157357077538006,0.41921641466666665,0.16361386033333333,0.48332166066666665,14351.0,0.0
0.8063041858440535,0.46012383825,0.15990262175,0.48689810624999996,14351.0,0.0
0.8067727769569389,0.21206432433333333,0.2085719956666667,0.5845655956666667,14351.0,0.0
0.7885135297431203,0.01385012975,0.31072112225000004,0.70619515575,14351.0,0.0
0.6730994104474849,0.0030824262857142857,0.34105631000000003,0.7764051558571429,14351.0,0.0
0.7229049240881292,0.16679839333333332,0.33856075966666666,0.7151861973333333,14351.0,0.0
0.7564968261895282,0.37811355150000003,0.37134494149999997,0.641741706,14351.0,0.0
0.747911669600224,0.46084734899999996,0.4130555782,0.5456010296,14351.0,0.0
0.7614000546036911,0.19898319199999998,0.38017038375,0.5532004070000001,14351.0,0.0
0.7329689503838945,0.0011984178,0.37772905679999996,0.5688392796,14351.0,0.0
0.6915932045609987,0.0,0.32275251675000005,0.510023326,14351.0,0.0
0.7145060257479438,0.09416089566666667,0.20936586533333332,0.37926892366666665,14351.0,0.0
0.76564968845575,0.46194526199999997,0.07467618349999999,0.173958224,14351.0,0.0
0.7563362744144034,0.56440148875,0.03600186175,0.0811326265,14351.0,0.0
0.7754619561050466,0.29347088,0.05734991833333334,0.13475660533333333,14351.0,0.0
0.7669225936771946,0.0218993235,0.17721713675,0.31662440075,14351.0,0.0
0.7185607037535858,0.003202022142857143,0.30193396685714285,0.5579171951428571,14351.0,0.0
0.8471477363614661,0.12018451533333334,0.347920108,0.6885273856666666,14351.0,0.0
0.8442748957822431,0.285092754,0.4039255036,0.7456129004000001,14351.0,0.0
0.8429090709718823,0.18283880225,0.47975547900000004,0.7919280594999999,14351.0,0.0
0.835796972061089,0.03468322433333334,0.435588382,0.7724838243333334,14351.0,0.0
0.7374589922927406,0.0,0.37810384939999997,0.7793018206,14351.0,0.0
0.7172916219970136,0.00235190375,0.32798254250000003,0.83775413225,14351.0,0.0
0.8480564551940818,0.1532532808,0.27618302520000004,0.8557675092,14351.0,0.0
0.8441734415008288,0.31471843525,0.24157004825,0.7927117997500001,14351.0,0.0
0.8469479483270486,0.21525917725000002,0.23679557725,0.7946785595,14351.0,0.0
0.8095481018400121,0.01884956725,0.28069179774999997,0.7932009839999999,14351.0,0.0
0.7075840437484741,0.0,0.32634457866666666,0.742406671,14351.0,0.0
0.7221678441051256,0.00380106875,0.29359630950000004,0.673891207,14351.0,0.0
0.8500278430382945,0.14036046833333335,0.24445818066666666,0.5590063403333334,14351.0,0.0
0.8481130452854827,0.4051192125,0.23052182675,0.3572335825,14351.0,0.0
0.8454399880045932,0.4455919013333333,0.21356485700000002,0.3796780423333333,14351.0,0.0
0.8455423398985782,0.300961376,0.21897802766666666,0.44053925600000005,14351.0,0.0
0.8105743465864946,0.03461734775,0.264369565,0.55511518225,14351.0,0.0
0.7237968308867246,0.0049145391428571435,0.26093423328571425,0.5513952508571428,14351.0,0.0
0.8502084017840978,0.15602226800000002,0.193654294,0.497874003,14351.0,0.0
0.8496846816027196,0.38809479199999997,0.16702651433333335,0.38765791799999993,14351.0,0.0
0.8453593554183974,0.5422673560000001,0.12409026475,0.341648598,14351.0,0.0
0.8468086609135737,0.38390907575,0.12415060625,0.44504316774999997,14351.0,0.0
0.831182473143285,0.080420423,0.12450445500000001,0.518011448,14351.0,0.0
0.7551122565027455,0.0,0.13764844375,0.52746062525,14351.0,0.0
0.708612980224085,0.000727587,0.1144364625,0.5168165875,14351.0,0.0
0.8339821005334819,0.19170284124999998,0.09616351025,0.48761580075,14351.0,0.0
0.8454082347253826,0.6459909021666667,0.070259127,0.42111860383333327,14351.0,0.0
0.8432396279952665,0.48101294833333336,0.07917146466666668,0.470970879,14351.0,0.0
0.8189588502615799,0.08764484780000001,0.0720238736,0.37921414519999996,14351.0,0.0
0.6977568262195832,0.009612614714285716,0.06730305671428571,0.2001177652857143,14351.0,0.0
0.7177013849432536,0.19720662,0.0351875095,0.0997091415,14351.0,0.0
0.7659907466632837,0.492382559,0.022454229333333336,0.07939803333333334,14351.0,0.0
0.7632495847225989,0.6744143742500001,0.04195448825,0.17123544699999999,14351.0,0.0
0.776858630750497,0.39862467349999997,0.04364154975000001,0.27748115425,14351.0,0.0
0.7655223569323678,0.043961047,0.05321300875,0.19933054975,14351.0,0.0
0.6876729826148464,0.007853685714285715,0.064570685,0.12589078942857143,14351.0,0.0
0.7154288304818388,0.151331574,0.050226688000000005,0.099308988,14351.0,0.0
0.76660261855474,0.4203782166666667,0.033542561000000005,0.077626352,14351.0,0.0
0.76938924634523,0.57461566075,0.0292453175,0.07455293399999999,14351.0,0.0
0.773237349968988,0.3748912715,0.03523766825,0.08626109125,14351.0,0.0
0.762732122436723,0.051347963,0.07997807950000001,0.114449149,14351.0,0.0
0.70774156911994,0.0,0.10869211775000001,0.26976449125,14351.0,0.0
0.7638393138793557,0.04114344,0.1156206325,0.38880039075,14351.0,0.0
0.8485960423264276,0.4176837525,0.1030382215,0.47553613075,14351.0,0.0
0.8410159928220455,0.5621132809999999,0.15723513466666664,0.5578404563333333,14351.0,0.0
0.8452158369172675,0.43724983949999996,0.20599943075,0.58937973875,14351.0,0.0
0.8366169167887074,0.14196304633333331,0.26317987033333334,0.609053545,14351.0,0.0
0.7116690358297657,0.0,0.2444217848,0.5701710092000001,12673.8,0.0
0.6530148423854976,0.019989655749999998,0.27663357525,0.63000290875,5965.0,0.0
0.8116432914605392,0.26883418039999996,0.300365865,0.6440001124,5965.0,0.0
0.8318008698499085,0.3902236302,0.3866596458,0.6927883372000001,5965.0,0.0
0.8222431139157141,0.13827805899999998,0.3654557786,0.6849526664,5965.0,0.0
0.72114759535919,0.0,0.3059447895,0.7313488377499999,5965.0,0.0
0.6467970989384206,0.0007038745,0.25378903625,0.71448746675,5965.0,0.0
0.7503593929207054,0.06338226200000001,0.21909146766666665,0.6130757933333334,5965.0,0.0
0.8311117292317474,0.21725822,0.2020604715,0.5364130460000001,5965.0,0.0
0.8317682815505293,0.3725661431666667,0.2056630363333333,0.47224961633333334,5965.0,0.0
0.8208279280625227,0.1563547412,0.1737900158,0.39513400660000003,5965.0,0.0
0.7262099370121293,0.0002719785,0.210198884,0.3849778965,5965.0,0.0
0.6606047885345409,0.000947087,0.2352961405,0.36527020725,5965.0,0.0
0.77389257641381,0.1294160685,0.280597174,0.42820882450000003,5965.0,0.0
0.8326350182642996,0.35394471,0.3848218856666667,0.539796886,5965.0,0.0
0.8315161730373267,0.30794048625000003,0.41088376575,0.59193986125,5965.0,0.0
0.8280458737300266,0.16995434666666667,0.3269109843333333,0.6108581343333334,5965.0,0.0
0.7917594525071244,0.0173676685,0.25955660124999996,0.6258542869999999,5965.0,0.0
0.6780464902259256,0.004686095142857143,0.23852825714285714,0.6613913282857142,5965.0,0.0
0.810780847888933,0.21626018225,0.18386911975,0.53118551775,5965.0,0.0
0.8305745985855268,0.4977594213333334,0.10105822516666667,0.36474979966666665,5965.0,0.0
0.8186430223810361,0.2363259076,0.09346256080000001,0.31210719880000004,5965.0,0.0
0.7145641649521054,0.000576391,0.1832076005,0.33897559424999996,5965.0,0.0
0.6412062513023634,0.04919565714285714,0.14484915571428572,0.2870156912857143,5965.0,0.0
0.7133066366215578,0.392024832,0.0915479335,0.24745023475,5965.0,0.0
0.7120105935957771,0.46028542625,0.14696673100000002,0.3923471345,5965.0,0.0
0.7119589904172644,0.25193982000000004,0.15944392566666665,0.434458423,5965.0,0.0
0.6915400338173643,0.02526397633333333,0.31057580366666665,0.43587462666666665,5965.0,0.0
0.6190965951350866,0.014927196399999999,0.34776644360000003,0.463796943,5965.0,0.0
0.6588385544915639,0.18141225633333335,0.31862582599999995,0.5382594963333334,5965.0,0.0
0.7097699777899393,0.38906096199999995,0.358713835,0.4813144715,5965.0,0.0
0.7111126959084944,0.6949625380000001,0.392782687,0.40948982075,5965.0,0.0
0.7111023599953128,0.503521228,0.30331137775,0.44311641949999997,5965.0,0.0
0.7110237100375649,0.14453950599999998,0.2132134205,0.44349602499999996,5965.0,0.0
0.6859403841774379,0.001246855,0.16318563775,0.34424299625,5965.0,0.0
0.6455861564169345,0.0091413392,0.2554660948,0.2501656644,5965.0,0.0
0.7790240419029808,0.11647203649999999,0.3573578455,0.3534568915,5965.0,0.0
0.8234732343504534,0.34063608825,0.38377346425,0.436142389,5965.0,0.0
0.8215428661635849,0.50943324575,0.4806686735,0.45223162875,5965.0,0.0
0.8161102357102497,0.3905661086666667,0.39215330966666667,0.47404090099999996,5965.0,0.0
0.806713767448126,0.1344787995,0.2988517725,0.4625228525,5965.0,0.0
0.6944261124207387,0.0011689658,0.25402330819999996,0.4142172166,5965.0,0.0
0.6465221870658238,0.01882050775,0.16056419475,0.27449535225000005,5965.0,0.0
0.7785320266560211,0.223451897,0.1040768755,0.152638477,5965.0,0.0
0.8238237136591344,0.7274551385,0.12313504625,0.09740646975,5965.0,0.0
0.8233372593095936,0.81410786375,0.18011339725000003,0.19310121800000002,5965.0,0.0
0.8161499515144571,0.3788044183333333,0.22810446800000003,0.24972419666666665,5965.0,0.0
0.7817596469476477,0.04762157325,0.34801518774999995,0.42172587224999997,5965.0,0.0
0.6488867392299813,0.030595872857142856,0.3796058535714285,0.6580846822857144,5965.0,0.0
0.7780711280719808,0.3414530195,0.282864295,0.6373744370000001,5965.0,0.0
0.8237229896464666,0.7699065485000001,0.27961065074999997,0.6298698442499999,5965.0,0.0
0.8226917883452636,0.91059490375,0.43091696949999997,0.73708691575,5965.0,0.0
0.8163514642837678,0.617978448,0.42019804400000005,0.789939187,5965.0,0.0
0.7882749978644032,0.1565946546,0.4725482754,0.8420958196000001,5965.0,0.0
0.6452608412022226,0.00034678119999999996,0.41457973919999996,0.8058646531999999,5965.0,0.0
0.6878337041496297,0.16500044666666666,0.2946084706666667,0.7283657793333335,5965.0,0.0
0.8198299277276228,0.6404210565,0.21776453424999997,0.65901608025,5965.0,0.0
0.8237871248511753,0.9305312259999999,0.41262313766666664,0.6686171753333333,5965.0,0.0
0.8195061646562408,0.69483312975,0.49861545625000003,0.67780449175,5965.0,0.0
0.8095264506544296,0.240815557,0.4932211233333333,0.6360564436666666,5965.0,0.0
0.7090015271206689,0.00402385025,0.475611746,0.58771825125,5965.0,0.0
0.6361282008999709,0.01551715075,0.3285984735,0.5463808274999999,5965.0,0.0
0.7111797284552903,0.180788122,0.20333291450000002,0.5005510744999999,5965.0,0.0
0.820614532969855,0.3908579943333333,0.12177894566666665,0.4713742576666667,5965.0,0.0
0.8216972082240073,0.3874559481666667,0.12734967483333334,0.34994650566666663,5965.0,0.0
0.8161147811702462,0.11762929,0.125401434,0.3213020386666667,5965.0,0.0
0.7833402006815195,0.014776231249999999,0.10464189674999999,0.266023381,5965.0,0.0
0.6225230579807496,0.0036142285714285717,0.10356638785714287,0.19623226242857145,5965.0,0.0
0.6579542970216795,0.092912391,0.07427403333333332,0.11222349100000001,5965.0,0.0
0.710640115431914,0.2604834816666666,0.07075915083333334,0.13297177016666664,5965.0,0.0
0.710852979486232,0.18398006975,0.08350110425,0.18364940775,5965.0,0.0
0.7086091360259595,0.02965451675,0.09730830425,0.192749769,5965.0,0.0
0.6200983501173266,0.008256655857142857,0.0663877692857143,0.22882753457142857,5965.0,0.0
0.6695428929687713,0.19693024250000002,0.02914080425,0.18336983375,5965.0,0.0
0.7153751898819274,0.45938918519999994,0.0534195856,0.19969134679999997,5965.0,0.0
0.7161103260566296,0.35099344500000007,0.08503390975,0.34099791150000003,5965.0,0.0
0.6902507442704017,0.05239289333333333,0.1510370405,0.4460692533333334,5965.0,0.0
0.6438744364665212,0.0354173888,0.101403198,0.33459386999999996,5965.0,0.0
0.7782497283617323,0.262613419,0.057102219,0.245113739,5965.0,0.0
0.8276792517213927,0.61231231175,0.0509831875,0.2266077425,5965.0,0.0
0.8336690240554144,0.71276459025,0.07056839225,0.26666958100000004,5965.0,0.0
0.8165996236506322,0.29388007639999997,0.07130383939999999,0.2590865908,5965.0,0.0
0.694495840855496,0.0042296304,0.08675308620000001,0.219152607,5965.0,0.0
0.6458987299386134,0.043905868,0.066849237,0.1876649305,5965.0,0.0
0.8017428898450811,0.414538643,0.021363216750000004,0.17168010525000002,5965.0,0.0
0.8328752231680054,0.7735481620000001,0.044671186,0.1674820295,5965.0,0.0
0.8286921505502179,0.6014186455,0.042155375999999994,0.20729023675000002,5965.0,0.0
0.7900520555453888,0.142649545,0.0855438644,0.1912508072,5965.0,0.0
0.6447665339004671,0.0013956676,0.0741705842,0.11577476719999999,5965.0,0.0
0.6879106051672901,0.16411878700000002,0.060435800333333324,0.12382072366666667,5965.0,0.0
0.8224901951871569,0.58853243975,0.058236174,0.06559970525,5965.0,0.0
0.8345097777065675,0.6826968887500001,0.19538972075,0.08804375575000001,5965.0,0.0
0.8218090379931118,0.3135658175,0.398156093,0.11398895325,5965.0,0.0
0.8071723692937638,0.0987887345,0.4943560245,0.20575785549999998,5965.0,0.0
0.7090065078805836,0.00507684,0.51187344125,0.45217966049999997,5965.0,0.0
0.6611757601087885,0.07421523133333334,0.4372587823333334,0.6566551056666667,5965.0,0.0
0.8195868454888334,0.51618021425,0.2314525905,0.658424903,5965.0,0.0
0.8225632839850988,0.8328922799999999,0.13948543866666666,0.6124979536666667,5965.0,0.0
0.8186620019100905,0.62316660975,0.14139061075,0.52455651925,5965.0,0.0
0.7879672163414809,0.1366458762,0.1949321266,0.46565432379999994,5965.0,0.0
0.6452438297916189,0.0009139108,0.30534442559999997,0.5712029439999999,5965.0,0.0
0.688117759255614,0.122484276,0.3089609776666667,0.6075548089999999,5965.0,0.0
0.8203395321808871,0.49467939,0.288204993,0.50738709125,5965.0,0.0
0.821600336379468,0.658274735,0.25631055125,0.37845777975,5965.0,0.0
0.8162967987217884,0.4041391785,0.18007517950000002,0.34532467125000005,5965.0,0.0
0.7821178510587662,0.08491706475,0.10331230525,0.26651004875,5965.0,0.0
0.6244431990372468,0.022390018857142858,0.07940893057142857,0.28322726942857146,5965.0,0.0
0.6451753102784068,0.24509093599999998,0.0509034265,0.15716662,5965.0,0.0
0.7029138113210838,0.5225210955,0.13829012625,0.12696405225000001,5965.0,0.0
0.7110489635333211,0.54863277575,0.2691129925,0.28745069175,5965.0,0.0
0.7111558732194886,0.3329601273333333,0.2585237333333333,0.39334810666666664,5965.0,0.0
0.7088250062145459,0.08956310225000001,0.22700411750000002,0.353907584,5965.0,0.0
0.6212090094249438,0.017200868857142858,0.14782255042857145,0.258411853,5965.0,0.0
0.6694982005372433,0.2750229275,0.09890317299999998,0.13579652625,5965.0,0.0
0.7124118458579233,0.51675680025,0.25524029924999997,0.34939668074999997,5965.0,0.0
0.7115267744637795,0.43665493600000005,0.3534959765,0.4781057465,5965.0,0.0
0.7099192182940638,0.18014120833333333,0.3337985306666667,0.5226267509999999,5965.0,0.0
0.674188593129922,0.007370492799999999,0.35587848660000004,0.4776546820000001,5965.0,0.0
0.6459790722920651,0.04443621575,0.29848705125,0.2766720965,5965.0,0.0
0.7780711280719808,0.23263045049999997,0.233870329,0.2284197725,5965.0,0.0
0.8234199710170308,0.4227676805,0.263022014,0.21827823000000002,5965.0,0.0
0.8218311605568156,0.50220041475,0.23104434424999998,0.33208492474999995,5965.0,0.0
0.816572834758392,0.3520411305,0.1542241595,0.376736779,5965.0,0.0
0.8093227136311061,0.15333086733333334,0.12770175666666667,0.3635637299999999,5965.0,0.0
0.6944321472676708,0.0075192552,0.15017503040000002,0.3597482766,5965.0,0.0
0.6459863133841958,0.051409907500000004,0.09228425950000001,0.243543357,5965.0,0.0
0.778061916322806,0.24548167199999998,0.0471347835,0.18173271000000002,5965.0,0.0
0.8238712628939687,0.5449622353333333,0.09543146933333334,0.17331100566666668,5965.0,0.0
0.8243821530759924,0.6076031553333333,0.13420285133333335,0.23333396066666667,5965.0,0.0
0.8194312864778257,0.3997232905,0.22604887349999997,0.271867059,5965.0,0.0
0.8091446372624587,0.178459272,0.328555454,0.23479629266666668,5965.0,0.0
0.7089713775831781,0.017968865249999997,0.33124042975,0.31538459425000004,5965.0,0.0
0.6367254374059965,0.024264332,0.2610995675,0.3931073975,5965.0,0.0
0.7437505758892957,0.2418039173333333,0.1754893133333333,0.38222784866666665,5965.0,0.0
0.8245738012446463,0.57695650725,0.10198086375000001,0.27233425099999997,5965.0,0.0
0.8253689800570226,0.6558196924999999,0.07914695499999999,0.23448625425,5965.0,0.0
0.8134471089875317,0.3458742516,0.078311786,0.2159050314,5965.0,0.0
0.7093711673005717,0.02487,0.076260964,0.20162959325000002,5965.0,0.0
0.6362170781427109,0.013876277749999999,0.06354184474999999,0.181691581,5965.0,0.0
0.7636734069509643,0.23138859174999998,0.04306616125,0.18094892675,5965.0,0.0
0.8253206006627375,0.563486029,0.082656277,0.24019776333333334,5965.0,0.0
0.8254580264409381,0.64064394325,0.11188751875,0.35558309525,5965.0,0.0
0.8128177839308351,0.33105345319999996,0.10800320000000001,0.4210248718,5965.0,0.0
0.6943926795765453,0.015561856199999998,0.1319441886,0.413557737,5965.0,0.0
0.6458947406077168,0.0747258095,0.0976343975,0.37224310275,5965.0,0.0
0.801258466370385,0.48958558075,0.0623750775,0.35574308475000005,5965.0,0.0
0.8259209801050174,0.90560727575,0.15720205875,0.44843890749999993,5965.0,0.0
0.8216392916092387,0.6395170044,0.22979883299999998,0.5162721722,5965.0,0.0
0.7829068041180394,0.10591035800000001,0.31866803075,0.5098106604999999,5965.0,0.0
0.631405265400852,0.0,0.308839228,0.48357599166666665,5965.0,0.0
0.6103990537889612,0.065176764,0.25145682524999996,0.36221862824999995,5965.0,0.0
0.6697257848591639,0.39740280425,0.20034698174999999,0.26142978625,5965.0,0.0
0.7175018225615966,0.711671873,0.18237691825,0.1988051035,5965.0,0.0
0.7165553520352638,0.55926209075,0.21479490524999997,0.22067018625,5965.0,0.0
0.7120284446314402,0.189853485,0.23243854500000002,0.23213372133333332,5965.0,0.0
0.6592077022039958,0.0135827624,0.21437974880000002,0.3664840654,5965.0,0.0
0.6215725354411566,0.12635546616666668,0.15759961400000003,0.5270987873333334,5965.0,0.0
0.7049469102886655,0.4892499512499999,0.106927793,0.44746214449999994,5965.0,0.0
0.7156903601289868,0.677228939,0.12249216500000001,0.5376392967500001,5965.0,0.0
0.7140959405577543,0.43746412749999997,0.13243725550000002,0.6033227435,5965.0,0.0
0.7068674406383438,0.1402449262,0.17570195000000002,0.6231861844,5965.0,0.0
0.6444839453799941,0.0074825846,0.19031285020000002,0.5955360298000001,5965.0,0.0
0.6880175026524652,0.17471575166666667,0.13284810300000002,0.46313846,5965.0,0.0
0.8199556755818856,0.50998135375,0.08988835149999999,0.39543053325,5965.0,0.0
0.8249724908064372,0.7765043229999999,0.1505958915,0.5007907945,5965.0,0.0
0.8171290901976314,0.476076938,0.19942966875,0.57449925125,5965.0,0.0
0.782869558522794,0.08213161625,0.25153959425,0.6128870295,5965.0,0.0
0.6444454545554121,0.0038848422,0.28771148520000006,0.5033767332,5965.0,0.0
0.6882387765686989,0.13822586066666667,0.291775816,0.34523715966666674,5965.0,0.0
0.8253302716415186,0.44205015259999997,0.3673216382000001,0.2988733436,5965.0,0.0
0.8359832366074939,0.6027678609999999,0.4496021786666667,0.37080035933333333,5965.0,0.0
0.8285542894720991,0.41486174625,0.454860454,0.43903660674999995,5965.0,0.0
0.7870709821217431,0.08879928424999999,0.38507378600000003,0.46826613175,5965.0,0.0
0.6452662472651136,0.0025304492000000002,0.2986363888,0.5519420719999999,5965.0,0.0
0.6889354797292196,0.12715188133333333,0.21564148233333333,0.5340035706666667,5965.0,0.0
0.8272994812740652,0.47845448825,0.15660265375000001,0.43204675525,5965.0,0.0
0.8379145865150642,0.7823005621999999,0.1528181068,0.36416639,5965.0,0.0
0.8209900731101287,0.42273300259999996,0.1295040926,0.4353916934,5965.0,0.0
0.710366162452356,0.033729217000000006,0.18579326575,0.5238681115,5965.0,0.0
0.6361537809690608,0.0362400805,0.1992533455,0.5291978695,5965.0,0.0
0.711766761881518,0.252608693,0.16843495149999999,0.45933247850000003,5965.0,0.0
0.8214036270621036,0.61587882425,0.1559121255,0.414665686,5965.0,0.0
0.8292413700511081,0.88387351,0.1867100405,0.44864930625,5965.0,0.0
0.8216866990370563,0.5565680305,0.21311811975,0.51803844975,5965.0,0.0
0.7837340789197562,0.1303587555,0.27144640175,0.65196573375,5965.0,0.0
0.6426229720094598,0.000600004,0.28898849775,0.673304168,5106.0,0.0
0.6698672120708582,0.12472831925,0.2239284865,0.41688692025,4247.0,0.0
0.8145940065916522,0.4502140943333333,0.15414853066666667,0.21134327033333333,4247.0,0.0
0.8286245255337321,0.6597235658333332,0.19958638366666667,0.18369097883333332,4247.0,0.0
0.8159622137441515,0.319024983,0.19143772979999998,0.23603984179999998,4247.0,0.0
0.6771420871747807,0.0166634228,0.225437964,0.2804907404,4247.0,0.0
0.6224632320831142,0.125967965,0.20482492533333332,0.25400721283333333,4247.0,0.0
0.7151927114674201,0.562305442,0.182165069,0.08164183725,4247.0,0.0
0.7258508988057559,0.66535405775,0.21322776075,0.09912445724999999,4247.0,0.0
0.7222411347442139,0.36551087833333334,0.2342192,0.1735421136666667,4247.0,0.0
0.7090001611999036,0.07784542324999999,0.206342441,0.30231487,4247.0,0.0
0.6177524060688375,0.020459494714285712,0.193542979,0.39904778571428573,4247.0,0.0
0.6497093944239661,0.1764928965,0.1712542865,0.175631274,4247.0,0.0
0.714741205777932,0.36828861275,0.214323692,0.1138714535,4247.0,0.0
0.7254404992760234,0.4224959363333333,0.3550113483333333,0.3152021986666667,4247.0,0.0
0.7235643937888002,0.23837978075,0.48137552075,0.6142919095,4247.0,0.0
0.7130698407472527,0.057647266999999995,0.5278235205,0.6944263075,4247.0,0.0
0.6488527920774161,0.0007365555,0.6516331295,0.8038884225,4247.0,0.0
0.6737063213986104,0.11436411799999999,0.6636363897499999,0.8114131097499999,4247.0,0.0
0.8163438363021076,0.46263757475,0.6807619520000001,0.763280178,4247.0,0.0
0.824785476554974,0.6981453009999999,0.684813247,0.64469055875,4247.0,0.0
0.8177103451748761,0.47082625725000005,0.69943148825,0.60446986925,4247.0,0.0
0.7767553437422887,0.11806469150000001,0.6537166,0.6264022925,4247.0,0.0
0.6399993417682736,0.023623005166666666,0.5994071306666667,0.665050574,4247.0,0.0
0.756011556418585,0.29099888625,0.65671651775,0.7816497182500001,4247.0,0.0
0.8168751039123583,0.596291138,0.59806571825,0.60609201925,4247.0,0.0
0.8157013996458429,0.6406286332500001,0.58353493,0.49409032825,4247.0,0.0
0.8028687465428217,0.2950344715,0.47685585875,0.40618297950000004,4247.0,0.0
0.6993487071550905,0.033989606750000005,0.33553732950000004,0.3469442825,4247.0,0.0
0.656997643652141,0.09067998583333332,0.2713799593333333,0.436215496,4247.0,0.0
0.8124255934046958,0.40174181975,0.24263833025,0.2790248555,4247.0,0.0
0.8175636351499918,0.5530335752,0.2677450398,0.1995661082,4247.0,0.0
0.8102661095729798,0.2887610883333333,0.2646076153333334,0.251810786,4247.0,0.0
0.7988129932474242,0.095239243,0.18142377599999998,0.31972034800000004,4247.0,0.0
0.6987914726846154,0.010497602750000001,0.17952393100000003,0.4555204065,4247.0,0.0
0.6573105267510403,0.0412408375,0.2789192653333334,0.3854199395,4247.0,0.0
0.8164165987891027,0.40666961474999996,0.39832332225,0.44778311275000005,4247.0,0.0
0.8254800184343454,0.5370644674000001,0.46427380379999994,0.49771245960000005,4247.0,0.0
0.8131773830679894,0.2589542648,0.36767457979999996,0.46188742180000003,4247.0,0.0
0.700637182810592,0.0302456495,0.21221199799999999,0.41866985049999994,4247.0,0.0
0.6333396108816167,0.028601260500000003,0.13512717225,0.28712185275,4247.0,0.0
0.7590231250810625,0.202580603,0.09010221525,0.14053694974999997,4247.0,0.0
0.824438825373219,0.46422339566666665,0.08371302466666668,0.064883809,4247.0,0.0
0.8268686474109401,0.5682962125,0.0865118815,0.1349903435,4247.0,0.0
0.8096072525261133,0.244997671,0.10463290380000001,0.233495289,4247.0,0.0
0.6759294036307326,0.0097478274,0.13126133160000003,0.33051923580000003,4247.0,0.0
0.6216338336855708,0.07199752033333333,0.07593552883333334,0.2420517205,4247.0,0.0
0.7068972854462129,0.33640771566666666,0.06654236133333334,0.21242012133333332,4247.0,0.0
0.7234981832346619,0.459954403,0.07911817075,0.2837796725,4247.0,0.0
0.7213964125563288,0.2704443688,0.0765318212,0.28660805720000004,4247.0,0.0
0.6916017150483024,0.03846334174999999,0.09790598724999999,0.24223310775,4247.0,0.0
0.6128559629807063,0.00412232625,0.07140831549999999,0.23064659999999998,4247.0,0.0
0.6298326176803919,0.1599002975,0.03150825125,0.17933312675000002,4247.0,0.0
0.7171970390848657,0.4662689261666666,0.04912390716666667,0.22836000666666667,4247.0,0.0
0.7215375084717246,0.38668604875,0.129727002,0.38935915825,4247.0,0.0
0.7101160373285234,0.0979684852,0.165821566,0.3535794644,4247.0,0.0
0.6416381112904929,0.014018166499999998,0.2154828865,0.3509760651666667,4247.0,0.0
0.7700891459558197,0.1821198728,0.194881174,0.34514099299999995,4247.0,0.0
0.8175658594827206,0.398652026,0.247876597,0.37087122299999997,4247.0,0.0
0.814331276091357,0.3628042774,0.2976635324,0.4622212846,4247.0,0.0
0.7803013425712539,0.09210513299999999,0.3208166588,0.49807617860000003,4247.0,0.0
0.6404439850096515,0.0042345683999999995,0.3150164922,0.5815712946,4247.0,0.0
0.6825563022965597,0.07796233633333334,0.263019298,0.5321463553333333,4247.0,0.0
0.8132779160564119,0.27435436875,0.18205949775000002,0.36832481225,4247.0,0.0
0.8192119226728518,0.48563029550000003,0.14885291125,0.19717628725,4247.0,0.0
0.8129339043559878,0.348679551,0.160824486,0.15908321025,4247.0,0.0
0.8013190072021249,0.15511684250000002,0.140814874,0.113406233,4247.0,0.0
0.6993126100274414,0.03409450025000001,0.12545853475000002,0.10520829875,4247.0,0.0
0.633299028610167,0.034081457,0.09778569375,0.1249620115,4247.0,0.0
0.7569073869232315,0.24245673799999998,0.05533308025,0.115214391,4247.0,0.0
0.8188074546620779,0.39460667525,0.047637081250000005,0.159835115,4247.0,0.0
0.8138787188272064,0.316450647,0.05096398233333333,0.1807839895,4247.0,0.0
0.772410280616238,0.1064977485,0.09184685425,0.20849310925,4247.0,0.0
0.6442393588347608,0.035282262999999994,0.2049465122857143,0.3274980214285714,4247.0,0.0
0.7689716982803567,0.171398316,0.321701751,0.41416107150000003,4247.0,0.0
0.8175184712878651,0.23992492575,0.51972897475,0.5087678609999999,4247.0,0.0
0.8177923317104332,0.2111883915,0.62490683025,0.7024767715,4247.0,0.0
0.8093750260414929,0.09608797200000001,0.6304624485,0.794054402,4247.0,0.0
0.7648588131170232,0.015415541333333333,0.6723030786666667,0.8238087040000001,4247.0,0.0
0.6407287252866282,0.0026499265,0.6894545326666667,0.8472287775000001,4247.0,0.0
0.7574043827333158,0.1355259975,0.5951367985,0.7341492212499999,4247.0,0.0
0.8189651240792833,0.5111128935714285,0.49109778371428575,0.6441491124285713,4247.0,0.0
0.8079946609937625,0.35449719760000004,0.3766034414,0.6486281096,4247.0,0.0
0.6910048533292091,0.03598681124999999,0.284874869,0.48794851,4247.0,0.0
0.6081306939106197,0.04475364525,0.26261649725,0.3104385825,4247.0,0.0
0.6469222788561716,0.2824903735,0.2159199155,0.20400180275,4247.0,0.0
0.7114387195088824,0.5816003439999999,0.23278642033333333,0.23771812133333334,4247.0,0.0
0.7146521329454141,0.6016943579999999,0.20471385460000002,0.3292622062,4247.0,0.0
0.7111501350272205,0.24434446439999996,0.13337375759999998,0.292774614,4247.0,0.0
0.6319517125542292,0.018409343666666664,0.13187985566666668,0.27376285883333334,4247.0,0.0
0.6281959354462077,0.19850576,0.11010106775,0.2307612115,4247.0,0.0
0.7035455129736452,0.46528489075,0.180644392,0.26565930875,4247.0,0.0
0.7117864304714511,0.48163285599999994,0.27603795999999997,0.46422536525,4247.0,0.0
0.7115274152126646,0.211118292,0.29464393975,0.5768397654999999,4247.0,0.0
0.6921809511549044,0.03174163225,0.27365330275,0.6512704735,4247.0,0.0
0.6551889490361843,0.023381496285714287,0.21766305128571428,0.6291752757142858,4247.0,0.0
0.8082476460892236,0.147154122,0.232926393,0.676800084,4247.0,0.0
0.818126660152368,0.2298343155,0.26467413100000003,0.72333043,4247.0,0.0
0.8173228579607108,0.268729396,0.36135174366666667,0.7943257266666667,4247.0,0.0
0.8085185568235118,0.160374579,0.37591240824999994,0.820960413,4247.0,0.0
0.7655733112280005,0.048093527,0.3399108263333333,0.8371402059999999,4247.0,0.0
0.643606398160681,0.0040742295,0.34912365775,0.8908596292500001,4247.0,0.0
0.6705096969407216,0.06793677975000001,0.36940123799999997,0.8978985934999999,4247.0,0.0
0.813137794449287,0.22924996450000001,0.5309510550000001,0.92144038525,4247.0,0.0
0.819103727618707,0.412682021,0.5978790225,0.90361658975,4247.0,0.0
0.8122818692578087,0.25963721025000003,0.63392612125,0.87330699125,4247.0,0.0
0.773049924721196,0.06087064824999999,0.543319419,0.86056781775,4247.0,0.0
0.6424390405748457,0.0008787035000000001,0.5552239645,0.8727834735,4247.0,0.0
0.6695194285911015,0.088175002,0.5004569065,0.829668043,4247.0,0.0
0.811821296951917,0.3549399225,0.507455772,0.7526639527500001,4247.0,0.0
0.8172451912979863,0.41143086475,0.46463503175,0.7357712592500001,4247.0,0.0
0.8110819322675114,0.2820967935,0.41126296175,0.669159776,4247.0,0.0
0.79945162191496,0.11117670799999999,0.2849711235,0.645897742,4247.0,0.0
0.6999473217828736,0.0203368875,0.2604929985,0.6507018495,4247.0,0.0
0.6338037371200919,0.0233981515,0.24739525074999996,0.59232328125,4247.0,0.0
0.7563350655322163,0.14987505175,0.21488967674999998,0.48315739274999997,4247.0,0.0
0.8169002969935235,0.2817465435,0.186832059,0.4582745025,4247.0,0.0
0.815762182234341,0.3589709305,0.19351775850000003,0.559904116,4247.0,0.0
0.8098737869612593,0.25980768375,0.25934722975,0.63611840825,4247.0,0.0
0.8005991417696867,0.1008314535,0.3119647225,0.6182343855,4247.0,0.0
0.6994285418882262,0.016208783499999997,0.40701481425,0.65867002625,4247.0,0.0
0.6333880506904929,0.01125619375,0.47826992675,0.8160255455000001,4247.0,0.0
0.757060044557953,0.11789765925000001,0.5447496439999999,0.87844481975,4247.0,0.0
0.8167702213620217,0.32871207666666663,0.6745664506666668,0.8578949109999999,4247.0,0.0
0.809376452475244,0.16264808649999998,0.6940476235,0.7379549449999999,4247.0,0.0
0.7712271955577676,0.02832261025,0.61339932425,0.630299394,4247.0,0.0
0.6172062811078696,0.010136271285714286,0.527308341,0.5397929782857143,4247.0,0.0
0.6431238362228642,0.103323142,0.489141861,0.4327918215,4247.0,0.0
0.7003030556850299,0.251440583,0.5113545436666667,0.37024962733333333,4247.0,0.0
0.7113400263120224,0.3022203928,0.45599838200000004,0.2822120508,4247.0,0.0
0.7105176669161954,0.15517644079999998,0.36913541860000004,0.2923232014,4247.0,0.0
0.6487587127185869,0.008305227,0.2905781038333333,0.32371412783333336,4247.0,0.0
0.6144447853467285,0.075655778,0.24842879,0.20714997349999997,4247.0,0.0
0.6703454581044446,0.259808429,0.18638712400000002,0.1284312015,4247.0,0.0
0.7112227647005109,0.46240193725,0.12779299075,0.10041409600000001,4247.0,0.0
0.7139614482982389,0.3443860644999999,0.12309300916666667,0.20141109599999998,4247.0,0.0
0.6965825465750751,0.039627166400000004,0.0937188658,0.21365143120000002,4247.0,0.0
0.6409522154540733,0.013557006000000002,0.14362207999999999,0.3327948923333333,4247.0,0.0
0.7999678148056627,0.1736543024,0.1512493374,0.2925621832,4247.0,0.0
0.8239013238758703,0.28031965625,0.18653719975,0.24123679874999998,4247.0,0.0
0.8174420699533164,0.16855754575,0.25989241225,0.26294244325,4247.0,0.0
0.8062984194976677,0.0929242425,0.323179718,0.2552749025,4247.0,0.0
0.7015825653823144,0.017034209749999998,0.36742235575,0.30277085325,4247.0,0.0
0.6338037250174947,0.0165279805,0.334967927,0.37016426375000006,4247.0,0.0
0.7382796237919118,0.14889532866666666,0.25942507766666667,0.2759167323333333,4247.0,0.0
0.8254698251940574,0.4325127535,0.16920312725,0.16909717350000003,4247.0,0.0
0.8283946766158081,0.6864675456666666,0.18110787799999997,0.23911556166666667,4247.0,0.0
0.8178276875294058,0.45632964933333336,0.27770032866666666,0.31550126166666664,4247.0,0.0
0.8063767631842703,0.20613699500000002,0.339166013,0.34550267233333337,4247.0,0.0
0.7015312603081534,0.03601516825,0.4156243455,0.40987688375,4247.0,0.0
0.6337742282330912,0.03360249525,0.380849567,0.38521353975,4247.0,0.0
0.7387138222098527,0.18458829333333335,0.3335496443333333,0.33575164300000004,4247.0,0.0
0.8263887694946357,0.45892535225,0.27877194050000004,0.2484614495,4247.0,0.0
0.8311923618507413,0.5553710842499999,0.1933711185,0.21259957950000002,4247.0,0.0
0.8232692716415709,0.38006299600000004,0.14096048900000002,0.2598162465,4247.0,0.0
0.810027169931853,0.169221806,0.12983631033333334,0.27888879400000005,4247.0,0.0
0.721599153296476,0.01837004966666667,0.17742888966666667,0.30178560933333337,4247.0,0.0
0.6351159672220152,0.0038956209999999997,0.1513224275,0.32517354325,4247.0,0.0
0.7153499992803185,0.1013737665,0.083964087,0.30169471324999997,4247.0,0.0
0.8325216250298693,0.3103612875,0.09289430975000001,0.262321038,4247.0,0.0
0.836820218807298,0.31475544475,0.23815459875,0.3521285235,4247.0,0.0
0.8246736065750723,0.20341238566666667,0.3903638246666667,0.4699666296666667,4247.0,0.0
0.783522173758477,0.079729121,0.51614398475,0.6433321335,4247.0,0.0
0.6420500388567559,0.0107761094,0.5720151204,0.8262355654,4247.0,0.0
0.683086631020775,0.13601168266666666,0.5216944413333333,0.852036098,4247.0,0.0
0.8144643256884894,0.35030317425,0.57472558075,0.80082194925,4247.0,0.0
0.8200695524610262,0.471400534,0.5864003179999999,0.6492926115,4247.0,0.0
0.8136362410951072,0.3491228695,0.55845919,0.5695271350000001,4247.0,0.0
0.7742160734248442,0.0858331975,0.40713379275,0.5388793045,4247.0,0.0
0.6170677914678014,0.03614418385714286,0.3235422271428572,0.5819632087142858,4247.0,0.0
0.643351855647913,0.2205539175,0.2516383625,0.577739843,4247.0,0.0
0.701236006921541,0.42595755566666665,0.1773113163333333,0.48841079066666665,4247.0,0.0
0.7141171877592988,0.5644115639999999,0.11718807980000001,0.3180637356,4247.0,0.0
0.7143739997287882,0.4200038666666666,0.092087724,0.321865109,4247.0,0.0
0.7095333993688032,0.233133102,0.076573105,0.32228373200000004,4247.0,0.0
0.6703740482764052,0.048743845499999994,0.091509158,0.363325478,4247.0,0.0
0.6134491978564479,0.049625613750000006,0.08649748625,0.36700300124999996,3378.0,0.0
0.6401415709000254,0.313497379,0.060125037,0.36855302100000004,3378.0,0.0
0.7183499625360462,0.73810494875,0.080342304,0.3998769125,3378.0,0.0
0.7343649754642592,0.89613477325,0.08918973225,0.40980708525,3378.0,0.0
0.7366110432441411,0.6457509445,0.0848948405,0.421382276,3378.0,0.0
0.7305405822715154,0.3196900843333333,0.09976529366666669,0.409235422,3378.0,0.0
0.6845220624134023,0.05210639625,0.14892154424999998,0.4347046935000001,3378.0,0.0
0.6354907329994188,0.05505966775,0.11399681,0.44364920924999995,3378.0,0.0
0.7388410612418418,0.323532904,0.073704911,0.456221977,3378.0,0.0
0.8367609834817327,0.6595857814999999,0.086218339,0.44960612099999997,3378.0,0.0
0.8442511485383425,0.9118549870000001,0.10071410825,0.45656322499999996,3378.0,0.0
0.8419563505856469,0.7094317754999999,0.09449551275000001,0.42185060074999997,3378.0,0.0
0.8291567563664058,0.30525015,0.10981012166666666,0.3671330126666667,3378.0,0.0
0.711110423178496,0.049452161,0.14490700750000002,0.33177581425,3378.0,0.0
0.6591678058119834,0.09909867816666666,0.12474200983333333,0.2801002525,3378.0,0.0
0.8316384031684028,0.4813602935,0.1183724355,0.2403256295,3378.0,0.0
0.8510866551850371,0.5960306264999999,0.1865989605,0.27302271525,3378.0,0.0
0.8485424405138643,0.39049094124999995,0.29484897375,0.2862143325,3378.0,0.0
0.7736320138133747,0.0789613354,0.407903217,0.35732699619999997,3378.0,0.0
0.6369343565712042,0.004764453,0.4350902445,0.5223239525000001,3378.0,0.0
0.7399887681522117,0.16950396519999997,0.332991848,0.4629113856,3378.0,0.0
0.8466695344744807,0.466366909,0.24654132366666667,0.292541415,3378.0,0.0
0.8529257285615813,0.5176341577500001,0.2251445685,0.2675413325,3378.0,0.0
0.8382125131981233,0.28736407199999997,0.16580523825000001,0.37023475524999994,3378.0,0.0
0.7826889795731969,0.06039321633333333,0.15823826500000002,0.4447665793333333,3378.0,0.0
0.6419359397424446,0.007884774166666665,0.1075449545,0.40890934566666665,3378.0,0.0
0.7628276121253057,0.20657430425,0.06379440875,0.32330069824999996,3378.0,0.0
0.839358896687851,0.42876085275,0.06989454375000001,0.29935272475,3378.0,0.0
0.8401063327550315,0.4293453676666667,0.076350132,0.328867933,3378.0,0.0
0.8343302910409651,0.28436859133333336,0.09564166233333334,0.27670124766666665,3378.0,0.0
0.7930332039264211,0.08613883025,0.15042451925,0.30898055275,3378.0,0.0
0.642362723682971,0.0029811274000000002,0.2097862688,0.3693734632,3378.0,0.0
0.6844316663111147,0.059733805333333334,0.18171343199999998,0.328158255,3378.0,0.0
0.8311126359425852,0.23108970150000002,0.11295723499999999,0.29152432175,3378.0,0.0
0.8480896076516009,0.3641022696,0.088809997,0.2383958806,3378.0,0.0
0.8421893505738204,0.19691185366666666,0.13773257000000003,0.28109046866666665,3378.0,0.0
0.7965787241222665,0.04104375875,0.21548952625,0.2988962215,3378.0,0.0
0.6227572841967604,0.011649875142857143,0.28732634014285713,0.41000354899999997,3378.0,0.0
0.6663315644456729,0.12002615333333333,0.3460205603333333,0.450972416,3378.0,0.0
0.7326230438300106,0.219214192,0.3208452196666667,0.4019376226666667,3378.0,0.0
0.7409018759113405,0.23067337049999997,0.33746840899999997,0.39879383025000004,3378.0,0.0
0.7001280899790445,0.05490553966666667,0.26135938249999996,0.46743547850000006,3378.0,0.0
0.6155770346363024,0.055175164199999994,0.1893519286,0.46179944719999994,3378.0,0.0
0.682723111999985,0.40186281549999997,0.0512717295,0.32718069250000004,3378.0,0.0
0.7389465967420557,0.6129032074999999,0.022275165833333332,0.1611542995,3378.0,0.0
0.7410054125807136,0.26436139233333333,0.04776323433333334,0.19797727433333334,3378.0,0.0
0.7158025830849071,0.034347496,0.10657671880000001,0.2651013674,3378.0,0.0
0.6368419858104719,0.00251366125,0.1339749255,0.21410077425000001,3378.0,0.0
0.715749933835298,0.10211435975,0.150225335,0.177143312,3378.0,0.0
0.8388241110592284,0.3451108115,0.13836690275,0.20868145999999999,3378.0,0.0
0.8406302544495726,0.29287472550000004,0.13697734725,0.29652322925,3378.0,0.0
0.8342008923021482,0.262124072,0.14630477166666667,0.31434879266666665,3378.0,0.0
0.7950904565293417,0.10176222075000001,0.16767439374999998,0.30220471625,3378.0,0.0
0.6426079529225011,0.0082635132,0.1692470016,0.2951713764,3378.0,0.0
0.6847071302130155,0.15291525933333333,0.099484073,0.202746631,3378.0,0.0
0.8315053052002397,0.5523170965,0.05653994500000001,0.19601748000000002,3378.0,0.0
0.8484289022122595,0.7521668427499999,0.06410745975,0.18460947525,3378.0,0.0
0.8452686410407626,0.48899930625,0.06330539974999999,0.1997339525,3378.0,0.0
0.8305672485372232,0.2067979745,0.0684317305,0.21166610349999998,3378.0,0.0
0.7134748769897237,0.034729541249999996,0.07760328725,0.217833275,3378.0,0.0
0.6604374228332089,0.079555211,0.057273912,0.2289537108333333,3378.0,0.0
0.8361532780323515,0.5582532485,0.036194290250000004,0.24898087875,3378.0,0.0
0.8551848788751194,0.6917145694,0.0522786232,0.2180869264,3378.0,0.0
0.8454968539433745,0.39499398799999996,0.05658231933333333,0.225183539,3378.0,0.0
0.7726635634355897,0.0963711602,0.11778187500000001,0.18511002399999996,3378.0,0.0
0.6372378345089624,0.0085716465,0.089494204,0.184174059,3378.0,0.0
0.7175961758851801,0.19935615875,0.04947846175000001,0.22653360174999998,3378.0,0.0
0.8446417868227569,0.5225244575,0.0572444265,0.2092928255,3378.0,0.0
0.8595518663774655,0.677124269,0.047467821199999996,0.20345024939999998,3378.0,0.0
0.8500432685363704,0.37537852275,0.05307074,0.2221161875,3378.0,0.0
0.8004655238818202,0.09223068200000001,0.0910177885,0.188182858,3378.0,0.0
0.6488415546261675,0.031292827,0.05487341585714286,0.17047922799999998,3378.0,0.0
0.7787827247738734,0.2233020235,0.020539432,0.162843874,3378.0,0.0
0.8535417510535014,0.50789405775,0.0177451445,0.14487743375,3378.0,0.0
0.8623843657007542,0.625773497,0.03143581375,0.171376441,3378.0,0.0
0.8491391046555986,0.3510476276666667,0.045928996666666666,0.1621464353333333,3378.0,0.0
0.801726666657937,0.08924303350000001,0.05019559625,0.15518142975,3378.0,0.0
0.6237467650482333,0.03363673485714286,0.06336644614285715,0.19216884042857144,3378.0,0.0
0.6527115095805105,0.267990338,0.02513589,0.141927393,3378.0,0.0
0.7208270480364357,0.533406965,0.0204516285,0.12460012499999999,3378.0,0.0
0.7371318542104235,0.60979986125,0.0443161965,0.222582908,3378.0,0.0
0.7400423240733008,0.34584136125,0.0687908525,0.323274487,3378.0,0.0
0.7052613285806989,0.06214597325000001,0.09223721000000001,0.29158919775000003,3378.0,0.0
0.6180822046955965,0.0065520249999999995,0.08245287375,0.19140213675,3378.0,0.0
0.6364257312475707,0.16596060525,0.0396919855,0.166502586,3378.0,0.0
0.7134849953513412,0.40682026400000004,0.0322623185,0.139110955,3378.0,0.0
0.7375239312279765,0.5540154582500001,0.0883320455,0.1615132975,3378.0,0.0
0.7420375729717454,0.3797275626666667,0.11499791166666666,0.17170452633333333,3378.0,0.0
0.7413834102107427,0.19255202725,0.10231005725,0.13939786999999998,3378.0,0.0
0.7033266003757972,0.028625089333333336,0.1311345316666667,0.18488790566666669,3378.0,0.0
0.6453612928900544,0.038915807999999996,0.0806814935,0.20637120966666667,3378.0,0.0
0.813542697563189,0.43703159475000003,0.02381546,0.11560722874999999,3378.0,0.0
0.8718345888782154,0.82435742675,0.06292362025,0.12562452999999998,3378.0,0.0
0.8719263835356429,0.7062435123333333,0.08362048566666667,0.20384729533333332,3378.0,0.0
0.8496157349432633,0.32702155625,0.09649998275,0.21890199200000002,3378.0,0.0
0.7430971989771509,0.043825880000000005,0.16401297866666664,0.21073347533333334,3378.0,0.0
0.6440562958774603,0.0065325985,0.110937649,0.22309815675,3378.0,0.0
0.7221051151631727,0.22159981475,0.065332644,0.24307976399999998,3378.0,0.0
0.8570210846052175,0.5688873145,0.04910989,0.209448268,3378.0,0.0
0.8707711750878748,0.6696734316666667,0.11558995133333334,0.24876862249999998,3378.0,0.0
0.8562826346344513,0.3339250263333333,0.14659849033333333,0.30687302466666666,3378.0,0.0
0.8090048661386766,0.0946852055,0.165356405,0.34131012625,3378.0,0.0
0.6546581444845151,0.0041062888,0.1442073464,0.3456100758,3378.0,0.0
0.6913060021237789,0.16372144333333333,0.09853480266666666,0.3309943806666667,3378.0,0.0
0.8263269713703201,0.4177515635,0.066854812,0.263804931,3378.0,0.0
0.854244071590228,0.6366574876666666,0.17406939633333332,0.2635358106666667,3378.0,0.0
0.8572689298555677,0.565751362,0.233566574,0.35650518774999995,3378.0,0.0
0.8464480269354836,0.2479114595,0.19033709325,0.30883346500000003,3378.0,0.0
0.7908000992744627,0.04097805266666667,0.164128147,0.3525719356666667,3378.0,0.0
0.6472148566832502,0.012879529666666667,0.13513511483333335,0.42925361100000003,3378.0,0.0
0.7444989065647171,0.174997408,0.06909352533333334,0.33807041666666665,3378.0,0.0
0.8499077527054377,0.414749182,0.084071788,0.233781814,3378.0,0.0
0.8571132016049896,0.419555257,0.10334244199999999,0.17205057799999998,3378.0,0.0
0.8424351889970879,0.1829636682,0.0944465046,0.1869585774,3378.0,0.0
0.7135851392265048,0.00941004,0.0960193195,0.23891510800000001,3378.0,0.0
0.6605965037655943,0.05523118433333333,0.05640149533333333,0.21806162599999998,3378.0,0.0
0.8312589873370123,0.3339635346666667,0.02168719566666667,0.13344974966666667,3378.0,0.0
0.8568429759629778,0.5652058841666666,0.047110271333333335,0.1506457045,3378.0,0.0
0.8488795978148972,0.3499467233333333,0.05311293533333333,0.215609778,3378.0,0.0
0.8026118830864568,0.08317275525000001,0.07775392425,0.2644463305,3378.0,0.0
0.625126956869986,0.025139054428571426,0.06507284257142858,0.3210919815714286,3378.0,0.0
0.6844422520822511,0.35947988175,0.040186457749999994,0.2510975525,3378.0,0.0
0.7400016089684673,0.6894625372500001,0.06477518175,0.21637013224999999,3378.0,0.0
0.742465191020646,0.42469310574999997,0.092319793,0.27101378249999997,3378.0,0.0
0.7409480310516131,0.129213451,0.10419781299999999,0.34578709133333335,3378.0,0.0
0.6835395430714142,0.0080579545,0.12078852725,0.323784285,3378.0,0.0
0.617441238258902,0.0165373146,0.10741635840000001,0.27395778660000003,3378.0,0.0
0.6686373713340276,0.191708243,0.081252602,0.23376189366666666,3378.0,0.0
0.7374743548245127,0.44587046183333334,0.07682935083333332,0.271485405,3378.0,0.0
0.7425375064003108,0.31231982975,0.10114615375,0.42956494224999997,3378.0,0.0
0.7188534453775801,0.0617305552,0.1222054972,0.4308308136,3378.0,0.0
0.6605916947191838,0.03798713457142857,0.10706201742857144,0.28947046585714287,3378.0,0.0
0.8345882584247448,0.22862557175,0.10744894425000001,0.21506032725,3378.0,0.0
0.8550255384814174,0.43160202,0.1400923194,0.3412834742,3378.0,0.0
0.8485884989317544,0.304684819,0.130160319,0.3692931643333333,3378.0,0.0
0.8071914815578068,0.082092294,0.11168108225000001,0.327635494,3378.0,0.0
0.6492115860277956,0.0011132668,0.0771315628,0.2488198018,3378.0,0.0
0.6899589199529919,0.10836545133333335,0.05538253866666667,0.16828456466666664,3378.0,0.0
0.8438312551278876,0.41579836974999995,0.06195940250000001,0.1332873705,3378.0,0.0
0.8679699116823656,0.4768571355,0.11528158275,0.199528968,3378.0,0.0
0.8642664027069361,0.3740602755,0.20386449474999999,0.2882034515,3378.0,0.0
0.8437592056117804,0.14096529,0.214246923,0.29601134949999997,3378.0,0.0
0.706323133906355,0.0059364372,0.1943662244,0.3212549302,3378.0,0.0
0.6949546762648603,0.07173267283333333,0.07867036399999999,0.24413674483333336,3378.0,0.0
0.8713749717919453,0.4122816575,0.12257465549999999,0.2676571705,3378.0,0.0
0.8873508649934608,0.38661112175,0.19405944875,0.38543488974999995,3378.0,0.0
0.8675998403023403,0.29041967733333335,0.16969790799999998,0.4418709333333333,3378.0,0.0
0.8126165967902654,0.072214365,0.15551974225,0.41173990275,3378.0,0.0
0.6529136976157071,0.0002864112,0.17221741019999998,0.2627447558,3378.0,0.0
0.6902901859458629,0.063717019,0.140039995,0.18764227200000003,3378.0,0.0
0.8523282745039918,0.471064135,0.08572413375,0.20554513000000002,3378.0,0.0
0.8865955551864609,0.6690843682500001,0.04114258975,0.17612714100000001,3378.0,0.0
0.8756478645727073,0.45333469299999996,0.0462834305,0.18465223000000003,3378.0,0.0
0.7857448932865851,0.09890727120000001,0.1056290366,0.2198017042,3378.0,0.0
0.6491337727301348,0.029775400499999997,0.1283676298333333,0.2948951965,3378.0,0.0
0.784193732412213,0.240511096,0.099631717,0.34028964500000003,3378.0,0.0
0.8679735625997181,0.5263240960000001,0.15095542966666667,0.3468799116666667,3378.0,0.0
0.8926139537050499,0.6134090332500001,0.169554931,0.41347781825,3378.0,0.0
0.8791462018586721,0.42088368225,0.17098841250000002,0.48646480950000004,3378.0,0.0
0.8502515348500959,0.18007114899999999,0.2190138305,0.540816153,3378.0,0.0
0.728537036304737,0.01563655775,0.28299521149999995,0.6353374304999999,3378.0,0.0
0.6339454343279379,0.0012603236666666668,0.21155972366666667,0.5922526960000001,3378.0,0.0
0.6523828626683863,0.20370975874999997,0.15105299849999998,0.54187066975,3378.0,0.0
0.74402635432753,0.6660711257499999,0.21936516499999997,0.5636779574999999,3378.0,0.0
0.7570292180621807,0.67704194775,0.3842691805,0.5677192175,3378.0,0.0
0.7525875411491372,0.33686724733333334,0.37299314066666667,0.5749636326666666,3378.0,0.0
0.712287024721502,0.049982840166666674,0.40577228433333334,0.608891041,3378.0,0.0
0.6329315427319211,0.028100063199999997,0.335723927,0.4916118669999999,3378.0,0.0
0.6735512700735153,0.19900368766666668,0.3500219826666666,0.43564338566666666,3378.0,0.0
0.7405070709880608,0.4311252163333334,0.3584083531666667,0.36494995033333333,3378.0,0.0
0.7433038412797662,0.25545695300000004,0.31212999399999997,0.32501313649999997,3378.0,0.0
0.7090105495904714,0.031171539166666665,0.2534161456666667,0.26212439066666665,3378.0,0.0
0.6482639477090691,0.0072339876,0.20381922240000003,0.24432477879999998,3378.0,0.0
0.7814772761361709,0.1050602005,0.1901793145,0.1857681295,3378.0,0.0
0.8559749658854319,0.29768002466666665,0.20073338433333332,0.17236102200000003,3378.0,0.0
0.8730677943338538,0.47666855,0.2009665125,0.11798518825,3378.0,0.0
0.8664918349682464,0.37216256400000003,0.16584852625,0.12430317,3378.0,0.0
0.8167293851984181,0.063884957,0.13085803125,0.14799668575,3378.0,0.0
0.6639203016259412,0.007766831714285714,0.08435584842857143,0.1404489542857143,3378.0,0.0
0.8242590203666729,0.25322305175000004,0.06796877100000001,0.13833889375,3378.0,0.0
0.8894276208169515,0.5894178306666668,0.12760704933333333,0.19329100683333333,3378.0,0.0
0.8765298734193925,0.31032043766666667,0.16438799566666665,0.3748276666666667,3378.0,0.0
0.8499220415433294,0.1060362805,0.2056387505,0.415303451,3378.0,0.0
0.7192280056076217,0.0044859658,0.2440879972,0.31617545480000003,3339.6,0.0
0.6599786598819956,0.0212901955,0.17968518500000003,0.198436385,3186.0,0.0
0.8168615886567355,0.24366845399999998,0.16747863475,0.20487626525000002,3186.0,0.0
0.8569674876927301,0.5558607968,0.197278756,0.2742055698,3186.0,0.0
0.8513742483163967,0.373507897,0.13765174725,0.32817002225,3186.0,0.0
0.8332236473966472,0.112594081,0.0963629505,0.3101979615,3186.0,0.0
0.7162981863091546,0.00282509275,0.091281748,0.2856014715,3186.0,0.0
0.663501174975695,0.03619438716666667,0.07880810883333332,0.21886291449999998,3186.0,0.0
0.8409992055685968,0.39477293599999996,0.048194257,0.1941356285,3186.0,0.0
0.8596216333240645,0.5529682942499999,0.075108067,0.264117357,3186.0,0.0
0.8490803932839357,0.28553588,0.12617180275,0.4090740445,3186.0,0.0
0.8328620948019123,0.0864109045,0.151491893,0.3929222965,3186.0,0.0
0.697069184726661,0.0020737895999999997,0.1938181662,0.3989407196,3186.0,0.0
0.6898730086993198,0.05275841666666667,0.17121195016666668,0.2732648188333333,3186.0,0.0
0.8495733997631234,0.331599851,0.16348409300000002,0.17587206333333336,3186.0,0.0
0.8622863977348113,0.374481875,0.17058502074999998,0.19785905150000002,3186.0,0.0
0.8508919137696538,0.208325558,0.1809256332,0.2861647314,3186.0,0.0
0.7401571605801637,0.0160693972,0.1552297772,0.3273536388,3186.0,0.0
0.6272069041525713,0.025521866166666667,0.1608149395,0.3325367275,3186.0,0.0
0.7031348676201566,0.3171176865,0.14902624374999998,0.30215296849999995,3186.0,0.0
0.7328967027066176,0.5425636511666667,0.149471528,0.30135221233333337,3186.0,0.0
0.7299572318066441,0.22010168624999998,0.13890490299999997,0.32060145,3186.0,0.0
0.6789753577987527,0.002173327,0.13540409525,0.3810011375,3186.0,0.0
0.6147702650190089,0.00361995325,0.113632417,0.44516690300000006,3186.0,0.0
0.6405441288651361,0.096252469,0.093505457,0.39254125,3186.0,0.0
0.71514046357142,0.3346246035,0.12871484275,0.35240300325,3186.0,0.0
0.7269412506159489,0.40603713300000005,0.19613364325,0.47692610925,3186.0,0.0
0.7254872620847486,0.18046014500000002,0.27697367,0.5981142744,3186.0,0.0
0.6840741834688705,0.0011909115,0.34929610025,0.57775782075,3186.0,0.0
0.636514559981527,0.001516438,0.40669248975,0.60811052175,3186.0,0.0
0.7620783586350486,0.16058805925,0.40859726925,0.61497582,3186.0,0.0
0.8345996219763411,0.39582577750000003,0.34741218125000006,0.5756641220000001,3186.0,0.0
0.8358306272191692,0.35422305975,0.2873292665,0.51717941075,3186.0,0.0
0.8286716236598357,0.19326577649999999,0.19665876799999998,0.3961439785,3186.0,0.0
0.791857118203323,0.0512992785,0.12606946375,0.28186766225000004,3186.0,0.0
0.6469191892781738,0.011207849142857143,0.09204388042857145,0.15735874985714285,3186.0,0.0
0.7752172701245373,0.1975827715,0.039623773,0.06528547,3186.0,0.0
0.8440391345520836,0.47276895350000003,0.0483487945,0.06357758425,3186.0,0.0
0.8574121582879456,0.5292708002500001,0.0801501425,0.15062730149999998,3186.0,0.0
0.8460269972584248,0.30288614225000005,0.07615523199999999,0.26019940799999997,3186.0,0.0
0.793785572277531,0.038630651333333335,0.13857076366666668,0.43352039833333333,3186.0,0.0
0.66337150335447,0.010558150142857143,0.1728357024285714,0.5170315805714286,3186.0,0.0
0.7870341234160274,0.201838026,0.1286038325,0.5561203055,3186.0,0.0
0.8671808496997178,0.63080705,0.20568745225,0.70522829025,3186.0,0.0
0.8724175363495592,0.62420506825,0.390612388,0.793247998,3186.0,0.0
0.849612059886313,0.1775652065,0.36919292225,0.7807444845,3186.0,0.0
0.7989465345511052,0.007842093666666666,0.3956312423333333,0.7820621136666667,3186.0,0.0
0.6717867043194431,0.0,0.375454743,0.7937362406666667,3186.0,0.0
0.6574459779035944,0.00416240425,0.32627086674999994,0.6903912875,3186.0,0.0
0.8080107293857368,0.14101275824999998,0.3090316715,0.53747122625,3186.0,0.0
0.8507966441909078,0.44191375675,0.27249354499999995,0.44885566849999997,3186.0,0.0
0.847915973185388,0.46162635399999996,0.280025276,0.4528389125,3186.0,0.0
0.8378268312716388,0.204673845,0.175912467,0.400025769,3186.0,0.0
0.7860515433970615,0.019015307,0.16550493766666666,0.435972547,3186.0,0.0
0.6608791255829687,0.008214106142857143,0.18043849900000003,0.5735607267142857,3186.0,0.0
0.7790085682897014,0.102447114,0.259411676,0.6970069965,3186.0,0.0
0.8380458081870833,0.25556712125,0.347792828,0.7387503507500001,3186.0,0.0
0.842023395136645,0.226528556,0.5281101512499999,0.7508170005000001,3186.0,0.0
0.8331210857243109,0.14232715,0.6335954003333333,0.8841525306666668,3186.0,0.0
0.8191615848225147,0.0405748735,0.654100423,0.8968657755,3186.0,0.0
0.7009494493985989,0.0,0.61824221525,0.84960602875,3186.0,0.0
0.6113571054184542,0.000310508,0.5741562095,0.8016061837499999,3186.0,0.0
0.6503961727332308,0.10549341925,0.522323083,0.71087274025,3186.0,0.0
0.7184622155352702,0.34873547683333334,0.469214671,0.5898938931666666,3186.0,0.0
0.71910284277126,0.2149061485,0.41322044524999996,0.6201019154999999,3186.0,0.0
0.6851163531997502,0.018111098000000003,0.35499657216666664,0.562420061,3186.0,0.0
0.611054050579622,0.00031083225,0.36209813525,0.599735081,3186.0,0.0
0.6477592973309688,0.0924357435,0.35960074275,0.638261208,3186.0,0.0
0.7148257673132318,0.22685021500000002,0.37386631950000004,0.6189972029999999,3186.0,0.0
0.7181841160222456,0.24449217999999998,0.38535562166666665,0.6184038803333333,3186.0,0.0
0.7158999804576707,0.08670328699999999,0.33969910225,0.5089917022499999,3186.0,0.0
0.6788459831995335,0.0,0.364502162,0.4740908155,3186.0,0.0
0.6563158014970129,0.014268582000000002,0.36122409666666666,0.43706216866666664,3186.0,0.0
0.8216938315009975,0.2724627885,0.35209689025,0.3590829675,3186.0,0.0
0.8331895893106364,0.3193118563333333,0.26444781300000003,0.21846477500000003,3186.0,0.0
0.8315122321168189,0.18415107074999998,0.2403847415,0.20112791824999998,3186.0,0.0
0.7951972635828611,0.040846586399999996,0.1397762314,0.2436301216,3186.0,0.0
0.644351031818303,0.0056574021428571425,0.09339960971428572,0.32288564514285717,3186.0,0.0
0.8068688041189107,0.21763538699999999,0.0487690072,0.259241601,3186.0,0.0
0.8329195732173872,0.374799237,0.042568555,0.28493810199999997,3186.0,0.0
0.8291148290339517,0.2389385848,0.0386616242,0.28473364019999997,3186.0,0.0
0.7871204615732359,0.0349751525,0.0694161315,0.2397135305,3186.0,0.0
0.6424379355585251,0.0,0.0770609436,0.2600552618,3186.0,0.0
0.7360081590758982,0.128370124,0.06842097280000001,0.2502015636,3186.0,0.0
0.833000584329529,0.47888447275,0.11992701749999998,0.1726625155,3186.0,0.0
0.8343520509203338,0.40515174233333334,0.151345243,0.16858219433333332,3186.0,0.0
0.8261918667325064,0.1629944325,0.173994073,0.1558291035,3186.0,0.0
0.7783600993906946,0.008789488333333333,0.2387334626666667,0.24012068466666667,3186.0,0.0
0.6432611266684455,0.0,0.2710137462,0.28643632319999995,3186.0,0.0
0.7164666683356837,0.0330618285,0.316974455,0.39862617674999995,3186.0,0.0
0.8346815118223142,0.15587483533333332,0.44964758499999996,0.5643806370000001,3186.0,0.0
0.8433303618682502,0.191623226,0.5084161816,0.7289071934000001,3186.0,0.0
0.8368846762231579,0.10107856966666666,0.5060074786666666,0.7898945803333334,3186.0,0.0
0.8236019078845918,0.019888478,0.553786444,0.8212920655,3186.0,0.0
0.7173506034632233,0.0,0.61683611725,0.84155100375,3186.0,0.0
0.6407585241111874,0.0,0.613757264,0.8155091912500001,3186.0,0.0
0.7642919922416346,0.0751257165,0.54984567225,0.7471657010000001,3186.0,0.0
0.8399409254244757,0.35077326319999996,0.46963044319999997,0.7266088002,3186.0,0.0
0.8331960124443083,0.37606393225,0.398663455,0.7310805575,3186.0,0.0
0.8187467284539715,0.09065549333333334,0.26110317866666666,0.6433392006666666,3186.0,0.0
0.6813891341212901,0.0,0.2136735668,0.5303581736,3186.0,0.0
0.6115248257685215,0.01342725425,0.19218372425000002,0.41888809024999996,3186.0,0.0
0.6589797521146936,0.276559942,0.23849079099999995,0.3810719353333334,3186.0,0.0
0.7162035309126168,0.5100258225000001,0.38882902750000004,0.4839812625,3186.0,0.0
0.7204482930265308,0.39865932375,0.5969062525,0.7170322625000001,3186.0,0.0
0.7224566462170675,0.09148484450000001,0.5909077859999999,0.86555005875,3186.0,0.0
0.7158508997031192,0.00942434125,0.5609312945,0.8895639725,3186.0,0.0
0.6233701809153426,0.0016988838571428571,0.519138888,0.8833559525714285,3186.0,0.0
0.6611864305325086,0.169870855,0.5152993946666666,0.8326673480000001,3186.0,0.0
0.719579932367247,0.4406736236666666,0.5696856006666666,0.6910084931666667,3186.0,0.0
0.7217762023874906,0.24107666725,0.51096637525,0.60361613225,3186.0,0.0
0.7045475752943828,0.019102567,0.41291984719999997,0.5573178938000001,3186.0,0.0
0.6385739762926761,0.0,0.34950123899999996,0.5649159297499999,3186.0,0.0
0.7144447274707313,0.06010350725,0.29219633600000006,0.551340563,3186.0,0.0
0.8303319998274559,0.2499269845,0.274331261,0.47939997575,3186.0,0.0
0.833006652945659,0.41667208575000003,0.2684093235,0.50380615275,3186.0,0.0
0.8236105392994723,0.24152628574999999,0.27792751974999996,0.52790486725,3186.0,0.0
0.770037054488348,0.005453714666666667,0.30671767,0.556829484,3186.0,0.0
0.6397642221528762,0.0,0.33926306533333334,0.6363075578333334,3186.0,0.0
0.7577007887201188,0.17025932650000003,0.32820296275,0.5355265295,3186.0,0.0
0.8324439341947488,0.4842810663333333,0.37768601799999996,0.35483149883333337,3186.0,0.0
0.8280345182468285,0.31746440200000003,0.30675228475,0.3070904795,3186.0,0.0
0.8092767923103874,0.0615069905,0.18259912350000002,0.24186234299999998,3186.0,0.0
0.7006751175651111,0.0,0.16560503149999997,0.267310439,3186.0,0.0
0.6333033201124129,0.0,0.17482826525,0.2533968075,3186.0,0.0
0.7592268459347914,0.10255431125,0.21145612149999998,0.34813494125,3186.0,0.0
0.8335748519756034,0.2675624135,0.303052408,0.528008928,3186.0,0.0
0.8366326967387285,0.316294348,0.47117631225,0.71584904825,3186.0,0.0
0.8329447178881636,0.14139805933333333,0.5024087490000001,0.7987167133333334,3186.0,0.0
0.7989920724064439,0.0170128454,0.3984386582,0.817243444,3186.0,0.0
0.6502587589732888,0.0007316798571428572,0.3216019131428572,0.6395800920000001,3186.0,0.0
0.8114364370968066,0.2522836034,0.22878886880000002,0.4417557162,3186.0,0.0
0.843333679081904,0.51848970375,0.230883511,0.46545025325,3186.0,0.0
0.8364753728148289,0.278362607,0.196676602,0.50566240775,3186.0,0.0
0.7466756449938039,0.014776620833333335,0.180976463,0.5006359028333334,3186.0,0.0
0.6378996011776245,0.0,0.15491831225,0.4349647375,3186.0,0.0
0.7618364492658399,0.08472923025,0.19496649600000002,0.49960441175000003,3186.0,0.0
0.8329025198379938,0.2102328785,0.257822147,0.559214412,3186.0,0.0
0.832889923199016,0.252762846,0.28486062624999997,0.64203347175,3186.0,0.0
0.8255654477160238,0.114286677,0.27890503325000005,0.7368172527499999,3186.0,0.0
0.780381568975921,0.00796920325,0.22672566024999996,0.7274055185,3186.0,0.0
0.6191615971190908,0.00033628814285714285,0.21190519214285716,0.6017980874285714,3186.0,0.0
0.6576202425117007,0.07812572400000001,0.22145430766666666,0.6990598266666668,3186.0,0.0
0.7161716567386279,0.268933316,0.23467277133333334,0.6555847016666666,3186.0,0.0
0.7174311754708362,0.21861473725,0.230001403,0.58186130725,3186.0,0.0
0.6864696732918348,0.008761301,0.153000095,0.445179602,3186.0,0.0
0.6099472338255266,0.0,0.10331365225,0.2680769045,3186.0,0.0
0.6475605205357827,0.15252887275,0.07652811825,0.24464750749999997,3186.0,0.0
0.7158416799183446,0.5291777418333333,0.10267032833333334,0.3027176518333334,3186.0,0.0
0.7187936467991096,0.35486653975,0.11124101225,0.40865541875,3186.0,0.0
0.7001867191448821,0.0218145924,0.10146284900000002,0.34443062280000003,3186.0,0.0
0.6404677999821785,0.0008479305,0.0969117625,0.2886177575,3186.0,0.0
0.7868560789273921,0.1669221883333333,0.08041838166666666,0.3076809836666667,3186.0,0.0
0.8247906747680578,0.54319233325,0.1402420085,0.4271666625,3186.0,0.0
0.8232248814797871,0.4106208896666666,0.21635423266666665,0.575540327,3186.0,0.0
0.8168742819197007,0.17573408766666668,0.21941641366666664,0.6892447700000001,3186.0,0.0
0.7795267195380609,0.020227096,0.20811949925,0.65514993575,3186.0,0.0
0.6443199255852641,0.0004945291428571428,0.13528035357142856,0.4819031984285714,3186.0,0.0
0.7695030022967939,0.065010697,0.09372321950000001,0.4187892125,3186.0,0.0
0.8280508382219517,0.30096643233333337,0.073748368,0.35089691566666664,3186.0,0.0
0.8312920705243818,0.32189643375,0.06524453425,0.24525593525,3186.0,0.0
0.8252540637320556,0.19951521775,0.0698446855,0.20565265024999999,3186.0,0.0
0.7381527235014502,0.011632877833333334,0.12537967933333333,0.13325858100000001,3186.0,0.0
0.6568594522616746,0.005741949333333333,0.12024543850000001,0.11391423016666664,3186.0,0.0
0.8133547165798776,0.10155194349999999,0.1610024,0.1674613675,3186.0,0.0
0.8310999304786278,0.25146433733333334,0.26145772500000003,0.20733718133333334,3186.0,0.0
0.8329274228504071,0.223481981,0.36016633899999995,0.253438895,3186.0,0.0
0.8260429644779345,0.10826796533333333,0.382929327,0.30396355333333336,3186.0,0.0
0.8124241427657501,0.014611915,0.41646080100000005,0.3781361135,3186.0,0.0
0.7049149111201025,0.0,0.41981037875,0.4363003845,3186.0,0.0
0.6412844001423056,0.0002678798,0.3377520318,0.4037791156,3186.0,0.0
0.8056855400797552,0.061081452,0.2732912712,0.2880848936,3186.0,0.0
0.8285919755259771,0.16301228471428572,0.21674571114285715,0.23199586014285714,3186.0,0.0
0.7909266676979338,0.0384147484,0.2062414852,0.29205927200000004,3186.0,0.0
0.6443402969692206,0.00042950314285714286,0.26394296685714286,0.4785048914285714,3186.0,0.0
0.796779592010098,0.21440511750000002,0.2348953575,0.579286822,3186.0,0.0
0.8277066128073725,0.402747787,0.15874611683333334,0.5061876918333333,3186.0,0.0
0.8177127629392504,0.19045956875,0.121835792,0.44970892125,3186.0,0.0
0.6990702612585188,0.0,0.15056898333333332,0.4636066895,3382.0,0.0
0.6220842876954418,0.060933593499999994,0.1323999475,0.3921371736666666,4362.0,0.0
0.698159142385766,0.44812534299999995,0.0978883225,0.321593893,4362.0,0.0
0.7149413444924826,0.6178936021666667,0.10098905450000001,0.19759977316666666,4362.0,0.0
0.7136505106672384,0.13795965000000002,0.0911446074,0.1622129408,4362.0,0.0
0.6582341744029507,0.0,0.1058842722,0.11535057879999999,4362.0,0.0
0.622359203733431,0.022409884,0.08873842716666668,0.09197109999999999,4362.0,0.0
0.707007184998659,0.31038852499999997,0.053657299500000005,0.08772113625,4362.0,0.0
0.7184697992063374,0.3728882235,0.117074336,0.16853952,4362.0,0.0
0.7162227037880406,0.242797786,0.1338411755,0.260382074,4362.0,0.0
0.7128305463917936,0.06197129766666667,0.21582991333333332,0.3195705596666667,4362.0,0.0
0.6698017607529833,0.0,0.21942020499999998,0.3134201272,4362.0,0.0
0.6451885113584781,0.0,0.185284701,0.3323072955,4362.0,0.0
0.806418703275289,0.20365739900000002,0.14787927175,0.37008084975,4362.0,0.0
0.8301386995066937,0.4810253895,0.17138288425,0.36298533125,4362.0,0.0
0.8240596294483155,0.26424529199999996,0.15484523079999998,0.3853734438,4362.0,0.0
0.783520759427323,0.0054788905,0.13424938275,0.389101873,4362.0,0.0
0.6465454649566682,0.0,0.12628251185714284,0.2494791335714286,4362.0,0.0
0.8106915525850962,0.1803554278,0.10064929920000001,0.124330634,4362.0,0.0
0.828335709010188,0.3475056676,0.0617698058,0.1128015668,4362.0,0.0
0.8210359654764495,0.14931409333333331,0.056617583666666665,0.170458268,4362.0,0.0
0.7838767029110405,0.00707050725,0.07808196225,0.2228010085,4362.0,0.0
0.6419321100477567,0.0,0.085220167,0.2318200718,4362.0,0.0
0.7420539170799066,0.07399512999999999,0.08407178200000001,0.28634909100000006,4362.0,0.0
0.8288063967764475,0.331372404,0.0753377152857143,0.23007917614285714,4362.0,0.0
0.8208363868923995,0.15949725766666667,0.07708496100000001,0.195910405,4362.0,0.0
0.7843196254976419,0.00475707275,0.09198870375000001,0.16857125675,4362.0,0.0
0.6466667608122219,0.0,0.06032461628571428,0.163183338,4362.0,0.0
0.806156121882927,0.112855357,0.0500496645,0.21911827725,4362.0,0.0
0.8273883381162214,0.32362462266666664,0.046633983999999996,0.15542009316666666,4362.0,0.0
0.8209750701927646,0.15674241433333333,0.06274559766666667,0.23787496,4362.0,0.0
0.7416427034028855,0.0030171403333333333,0.10265533416666667,0.3758565425,4362.0,0.0
0.6352029826326907,0.0,0.07928312125,0.37704157650000003,4362.0,0.0
0.7681851991948542,0.057799057,0.11013754425,0.48611938375,4362.0,0.0
0.8285691264690875,0.36792666883333336,0.11759838483333333,0.40683668850000004,4362.0,0.0
0.8204022466194024,0.19389407520000002,0.1484334108,0.4053163882,4362.0,0.0
0.7199305502359066,0.0,0.2010001764,0.48415138620000003,4362.0,0.0
0.6206067439313484,0.016574746285714283,0.18710706657142853,0.4551243657142858,4362.0,0.0
0.706628163928406,0.26433920850000003,0.23227496575,0.46787266875,4362.0,0.0
0.7147886787565645,0.32100036375,0.31970794874999997,0.5952097565,4362.0,0.0
0.7139814351307208,0.11863961999999999,0.30817287425,0.5950983912500001,4362.0,0.0
0.6776820225667404,0.0,0.2821835346,0.45677526139999997,4362.0,0.0
0.6136359380119633,0.0039211655,0.2150327505,0.3699010105,4362.0,0.0
0.6933585602309262,0.2148222815,0.25091761900000004,0.37222611925000004,4362.0,0.0
0.7154695456850674,0.42391741675000005,0.31912018675,0.35020020825000003,4362.0,0.0
0.7142059973455687,0.196895195,0.34488460175,0.3700605935,4362.0,0.0
0.6896981155433206,0.0006755278333333333,0.35429278716666673,0.466706075,4362.0,0.0
0.6435859873765156,0.0,0.3693913096,0.523933684,4362.0,0.0
0.7982497505754099,0.047706637333333336,0.45889169700000004,0.6226366563333333,4362.0,0.0
0.8286384035064883,0.201845006,0.5308050628333334,0.6896382323333334,4362.0,0.0
0.8218267843363894,0.1662004265,0.50939558425,0.7207097572500001,4362.0,0.0
0.7981810861458959,0.0012644289999999999,0.45979012766666666,0.6818290983333334,4362.0,0.0
0.6712829830403456,0.0,0.43065129674999997,0.5926214865,4362.0,0.0
0.6665259785989565,0.0009690046000000001,0.40464917,0.5577328082000002,4362.0,0.0
0.8212734545770259,0.0623609305,0.4205537845,0.625490373,4362.0,0.0
0.8281324377039876,0.25850894750000003,0.36651495525,0.7151271465,4362.0,0.0
0.8252262835485504,0.21070376125,0.41491818975,0.8759354659999999,4362.0,0.0
0.8151588772105804,0.042942122500000006,0.362690358,0.8787639857499999,4362.0,0.0
0.7066821164211023,0.0,0.32907087675,0.7602182075,4362.0,0.0
0.6344686951353969,0.0,0.33591841775,0.6845180222499999,4362.0,0.0
0.7684955919465946,0.055174466500000005,0.337294498,0.6867742517500001,4362.0,0.0
0.829151985188052,0.2745862825,0.361464713,0.7162581539999999,4362.0,0.0
0.827234697252073,0.36332348475,0.40627323000000004,0.7270633200000001,4362.0,0.0
0.8215746355795914,0.17815824225000002,0.46201991675,0.77236179625,4362.0,0.0
0.7990127973530413,0.0008261929999999999,0.48550840599999995,0.8071101593333333,4362.0,0.0
0.6711083960898948,0.0,0.542947045,0.83566189275,4362.0,0.0
0.6448195120258555,0.0,0.48322051425,0.82155643425,4362.0,0.0
0.8072459779786109,0.16635644225,0.37847545725,0.7454426224999999,4362.0,0.0
0.826970064813871,0.4070209956666666,0.27091614183333335,0.5590434245,4362.0,0.0
0.8200086972569449,0.12252092649999999,0.2412632075,0.6299645082499999,4362.0,0.0
0.7464377368940972,0.0,0.260982264,0.6510944439999999,4362.0,0.0
0.6354058452843656,0.0,0.2368529405,0.62208877775,4362.0,0.0
0.7203738136434521,0.0253737065,0.217118387,0.6823184902499999,4362.0,0.0
0.8305975190022907,0.20717324,0.20124916999999998,0.7129068515,4362.0,0.0
0.8276252389125005,0.384531589,0.22301695275,0.6716585289999999,4362.0,0.0
0.8234733310728357,0.28636965175,0.25751077525,0.70462474175,4362.0,0.0
0.7668226755203884,0.015493022833333333,0.31602075150000003,0.6980925378333334,4362.0,0.0
0.6125038515597188,0.0,0.3282261766666667,0.746537161,4362.0,0.0
0.66082561924645,0.06437573166666667,0.31737741266666664,0.8526190796666667,4362.0,0.0
0.7150484338481009,0.27506605300000003,0.31868814619999997,0.7153547926000001,4362.0,0.0
0.7143717913491846,0.267244128,0.39180233,0.6704229533333333,4362.0,0.0
0.7180527587224221,0.040102308200000006,0.3909344132,0.7366114662000001,4362.0,0.0
0.6475727544904253,0.0,0.41605207125,0.71750768825,4362.0,0.0
0.6114146603525177,0.0,0.42387095924999996,0.664838242,4362.0,0.0
0.6649307756059452,0.08967606666666667,0.397129169,0.6020260139999999,4362.0,0.0
0.717001852858038,0.302915672,0.405756665,0.5868935475,4362.0,0.0
0.71515272970126,0.28595739,0.3246146775,0.5845133843333333,4362.0,0.0
0.7157776736440141,0.054668405,0.2853896343333333,0.6786689686666666,4362.0,0.0
0.6703406018564994,0.0,0.326931607,0.727618783857143,4362.0,0.0
0.6753255714650683,0.0010587405,0.25777348225,0.6750761550000001,4362.0,0.0
0.8247848480070812,0.17101134550000002,0.2602435045,0.64012985325,4362.0,0.0
0.8277360692825837,0.32415222125,0.31872887875,0.5573996915,4362.0,0.0
0.8213732357678544,0.16134071475,0.26640991075,0.45701327425,4362.0,0.0
0.7837953571243685,0.0,0.28917184375,0.524057349,4362.0,0.0
0.6466501196708098,0.0,0.254626148,0.5329428572857143,4362.0,0.0
0.798238693327757,0.07901356733333333,0.2286583756666667,0.5823026166666666,4362.0,0.0
0.8296502384875025,0.300078141,0.238840466,0.5981150835,4362.0,0.0
0.8309776157277667,0.35673307574999996,0.273481074,0.6537881165,4362.0,0.0
0.8221591304713003,0.174939535,0.2673009066,0.7357666897999999,4362.0,0.0
0.7497753171527607,0.0,0.31977395000000003,0.6735179055,4362.0,0.0
0.6371502750717843,0.0,0.383921344,0.6612706675,4362.0,0.0
0.7208277975119054,0.010471299,0.41305754625,0.7312511137500001,4362.0,0.0
0.8297309433284993,0.16296049125,0.3834138705,0.71461962525,4362.0,0.0
0.8269055426212376,0.25325031449999996,0.38287639349999997,0.66935000925,4362.0,0.0
0.8191023011849556,0.10061338900000001,0.325161274,0.6420150957499999,4362.0,0.0
0.776815937084213,0.0,0.43820413366666666,0.6747205363333334,4362.0,0.0
0.6464315692137814,0.0,0.62553940175,0.762860073,4362.0,0.0
0.6761699398569757,0.0,0.747133909,0.8917358197499999,4362.0,0.0
0.8253353973177353,0.2057319205,0.76886873525,0.9179686945000001,4362.0,0.0
0.8270425719655841,0.3374466184,0.7022436653999999,0.9126184874,4362.0,0.0
0.8163874405231979,0.07367679220000001,0.6742217446,0.8342296100000001,4362.0,0.0
0.706502331454358,0.0,0.594033136,0.7495283640000001,4362.0,0.0
0.6348159224860538,0.0,0.544239192,0.7787372097499999,4362.0,0.0
0.768305724729234,0.055744023749999996,0.5006772979999999,0.90110328425,4362.0,0.0
0.8286559565361946,0.291633598,0.5151894698333334,0.9178522393333335,4362.0,0.0
0.8201197549984232,0.0944976194,0.6048509812,0.9207208483999999,4362.0,0.0
0.7419967610789329,0.0,0.62955019225,0.8991323167499999,4362.0,0.0
0.6122469236545639,0.0,0.6701891953333333,0.9087071813333334,4362.0,0.0
0.6625523875071663,0.05176431833333334,0.7156970066666667,0.9356924893333334,4362.0,0.0
0.7207823919126991,0.31544510816666665,0.7591944015,0.9350166271666666,4362.0,0.0
0.7255543759911721,0.19743092233333334,0.7989038006666668,0.9337231176666666,4362.0,0.0
0.7105969662947165,0.004146784333333333,0.7186744496666667,0.9328310901666668,4362.0,0.0
0.6128041300496373,0.0,0.6469112246666666,0.9119088685,4362.0,0.0
0.6652134285161709,0.069820959,0.5935142116666666,0.872652885,4362.0,0.0
0.7236138418325774,0.30147388880000003,0.5935313106,0.7581640608,4362.0,0.0
0.7223220128917786,0.21769807325000004,0.5785501967500001,0.655303363,4362.0,0.0
0.7164275529383709,0.0036726423333333334,0.5712706526666668,0.6579683795000001,4362.0,0.0
0.6407597693011662,0.0,0.614118263,0.78306221825,4362.0,0.0
0.7330368846627364,0.01326677825,0.62855575725,0.84599121325,4362.0,0.0
0.8381617641546673,0.3117258975,0.6600909202499999,0.85732950425,4362.0,0.0
0.8374095007583295,0.42044193475,0.72039041025,0.8603573824999999,4362.0,0.0
0.831005758595607,0.14324335400000002,0.6250179425,0.8866025115,4362.0,0.0
0.7597147270132687,0.0,0.5468116455,0.8437195120000001,4362.0,0.0
0.6737917330675661,0.0,0.4456227761666667,0.7426607581666667,4362.0,0.0
0.8086077159354123,0.08322290166666667,0.4052739756666666,0.6510034876666667,4362.0,0.0
0.8390444660964302,0.348545879,0.42082816300000003,0.6047334074999999,4362.0,0.0
0.8345532493501013,0.338857842,0.56402780875,0.6817172737499999,4362.0,0.0
0.8292418101133492,0.11768120740000002,0.5920194249999999,0.838338154,4362.0,0.0
0.7478244583833015,0.0,0.6022777845,0.8897405862500001,4362.0,0.0
0.6431262540528352,0.0,0.6370860815,0.9101335271666665,4362.0,0.0
0.81522944702183,0.037016455999999996,0.757506784,0.88020362,4362.0,0.0
0.8269872148266227,0.24252646171428574,0.7259425764285714,0.863220111857143,4362.0,0.0
0.7705562051357288,0.0010736703333333335,0.8005602511666665,0.927637029,4362.0,0.0
0.6430697427955876,0.0,0.8119074626666666,0.9309770783333334,4362.0,0.0
0.800616001573122,0.06258576133333334,0.6331646393333333,0.904605938,4362.0,0.0
0.8328354027698077,0.275896048,0.5052255635,0.8685552114999999,4362.0,0.0
0.8281037872158312,0.340023975,0.309673213,0.7206180194999999,4362.0,0.0
0.8233895555175873,0.13514608225,0.20066618249999998,0.6498915685,4362.0,0.0
0.783698900211962,0.0,0.2089643125,0.60698143975,4362.0,0.0
0.644914505901534,0.0,0.27456881650000003,0.661077102,4362.0,0.0
0.6766545447722344,0.0,0.32415487000000004,0.7362561355000001,4362.0,0.0
0.8263720867039839,0.109410648,0.33246580950000004,0.7318644304999999,4362.0,0.0
0.8387701143215357,0.4329702246666667,0.32077941233333335,0.6337216103333333,4362.0,0.0
0.8373919476630265,0.53187122975,0.3446748765,0.5918294,4362.0,0.0
0.8340518771228007,0.2762989445,0.3230692195,0.6153885045,4362.0,0.0
0.8139978904122245,0.00184104975,0.24557771300000003,0.54643361275,4362.0,0.0
0.68370160580168,0.0,0.19056663075000002,0.35501167425,4362.0,0.0
0.6491672345746439,0.0,0.21568747475,0.29600189224999995,4362.0,0.0
0.6792268940788575,0.031457392333333334,0.3677760116666667,0.4520378693333334,4362.0,0.0
0.7357184284881224,0.16856748700000002,0.4208263545,0.617438546,4362.0,0.0
0.7335178751324261,0.19384847875,0.5358922374999999,0.8263159295,4362.0,0.0
0.7313596325548848,0.04936106825,0.6103617105,0.91015098825,4362.0,0.0
0.6925265546912414,0.0,0.6116850606666667,0.9164490551666667,4362.0,0.0
0.6139388759246195,0.0,0.5412359193333334,0.9041153696666666,4362.0,0.0
0.7040662392217472,0.16213707425,0.46046597650000004,0.8711574955,4362.0,0.0
0.7223290026434681,0.3336096638,0.39707905560000006,0.8038402992,4362.0,0.0
0.7299489751786962,0.06673448750000001,0.32168484599999997,0.7982636704999999,4362.0,0.0
0.713127383578719,0.0,0.296412943,0.719212641,4362.0,0.0
0.6840679053367761,0.0,0.22325867833333332,0.4305087433333334,7161.166666666667,0.0
0.8268125795220089,0.08708400925,0.193097888,0.2401969955,7721.0,0.0
0.8316917028752134,0.3660430833333333,0.156319593,0.10452430983333333,7721.0,0.0
0.8303445238508506,0.08703665975000001,0.153349262,0.153508842,7721.0,0.0
0.7999942168346119,0.0,0.132415248,0.204264174,7721.0,0.0
0.6959761983745713,0.0,0.08754859383333334,0.23984018949999997,7721.0,0.0
0.8058398419556192,0.01827246625,0.10463981049999999,0.3605224725,7721.0,0.0
0.838227825607432,0.201429544,0.16497275283333335,0.4705496841666667,7721.0,0.0
0.8329688955319067,0.09567420166666667,0.2085552013333333,0.5769117853333333,7721.0,0.0
0.7909796102436545,0.000176493,0.20411213216666665,0.6571090171666666,7721.0,0.0
0.6869287667193875,0.0,0.24166835166666667,0.8190789516666666,7721.0,0.0
0.8250172839945465,0.045356869333333334,0.22486523400000002,0.864090307,7721.0,0.0
0.8390966416720327,0.30241928549999997,0.18505070299999998,0.8114584315,7721.0,0.0
0.8328618530123556,0.32957089366666664,0.17594986216666667,0.7280869166666667,7721.0,0.0
0.8317343198917153,0.03852728033333334,0.205344559,0.6537681513333333,7721.0,0.0
0.777407342532676,0.0,0.2349460505,0.6179743532499999,7721.0,0.0
0.6902520580089659,0.0,0.20116042475,0.550215737,7721.0,0.0
0.7768149296495921,0.0031248735,0.107158724,0.3734455925,7721.0,0.0
0.8403167185647876,0.2755323585,0.04479888925,0.15973287075,7721.0,0.0
0.8337039608424585,0.36650278,0.12395539633333334,0.2427792493333333,7721.0,0.0
0.8251688617233768,0.07375691100000001,0.2588434112,0.543158561,7721.0,0.0
0.7621957653399731,0.0,0.366360037,0.78245386525,7721.0,0.0
0.668604981241736,0.0,0.49719800599999997,0.898217452,7721.0,0.0
0.7510180606357224,0.0005994115,0.53624939075,0.9274150432499999,7721.0,0.0
0.8200989766298465,0.20322044475,0.48048710299999997,0.88590411175,7721.0,0.0
0.8179557000780671,0.2913154551666666,0.5167957481666666,0.8283319661666666,7721.0,0.0
0.7984438487623514,0.0,0.5169746204,0.8457317152,7721.0,0.0
0.6570887893282933,0.0,0.48939169800000004,0.8161704962499999,7721.0,0.0
0.6731171038635703,0.019397495166666667,0.41956760516666675,0.6533131253333334,7721.0,0.0
0.7515901884835776,0.303071315,0.33975948499999997,0.46535995750000003,7721.0,0.0
0.7450063085486434,0.40706494800000004,0.24279328700000002,0.30426201119999996,7721.0,0.0
0.7530685313564398,0.1457692785,0.1962773615,0.23683500400000002,7721.0,0.0
0.7557524566384084,0.0,0.22448931100000002,0.168065714,7721.0,0.0
0.6817134409239897,0.0,0.23592388375,0.29189234125,7721.0,0.0
0.6774327162728658,0.022079979285714285,0.25117540085714285,0.4267005164285714,7721.0,0.0
0.7630741394716988,0.360597546,0.1531203135,0.47240816399999996,7721.0,0.0
0.7563708122421192,0.44447207933333327,0.10928681883333334,0.3353880696666667,7721.0,0.0
0.7743732685167609,0.027557570666666666,0.16036422033333333,0.18623638433333334,7721.0,0.0
0.7445793939197464,0.0,0.25810744625000004,0.28270929975,7721.0,0.0
0.6766254952919513,0.0,0.442189505,0.5752953525,7721.0,0.0
0.7553895620329172,0.00042515375,0.61881988875,0.8482312335,7721.0,0.0
0.8372268868340919,0.0497910315,0.6876908225,0.9245612055,7721.0,0.0
0.8333014995669318,0.10730875075000001,0.619624806,0.9305423185,7721.0,0.0
0.826087225689661,0.11732511640000001,0.4858673256,0.8914428848,7721.0,0.0
0.7906519707989496,0.0,0.498783537,0.84597073975,7721.0,0.0
0.6815062229959883,0.0,0.4964811082857143,0.8554368950000001,7721.0,0.0
0.8152261153047384,0.04230035025,0.52460295,0.866259135,7721.0,0.0
0.8164708604392005,0.18513114171428566,0.5303964702857142,0.8821196257142857,7721.0,0.0
0.7954252605475886,0.0024850228333333333,0.5673810081666667,0.8543533536666666,7721.0,0.0
0.6743465619090623,0.0,0.5599207716666667,0.8083474903333334,7721.0,0.0
0.7911260221510675,0.032316683250000006,0.459301949,0.7321292747500001,7721.0,0.0
0.8190867791612875,0.292902066,0.327344108,0.5660973334999999,7721.0,0.0
0.812063774749613,0.42039273899999996,0.21621045100000003,0.34316736875,7721.0,0.0
0.8089776178790771,0.175748723,0.16855731499999999,0.324709966,7721.0,0.0
0.8182277793197535,0.01323432,0.21669459266666666,0.3396359543333333,7721.0,0.0
0.7630457791506895,0.0,0.18536919950000003,0.349517575,7721.0,0.0
0.6789567248828341,0.0,0.13175334333333333,0.45229425883333335,7721.0,0.0
0.8177116991504763,0.087927134,0.11969941479999999,0.463787498,7721.0,0.0
0.8112395826663498,0.3479505585,0.1026187285,0.52816442425,7721.0,0.0
0.8102461590810879,0.143711665,0.2500664925,0.7773633769999999,7721.0,0.0
0.7879682753679322,0.0,0.30566683325,0.8141322275,7721.0,0.0
0.6813441497374467,0.0,0.2365603874285714,0.7631895158571427,7721.0,0.0
0.8165803299066685,0.06073540275,0.192948029,0.72836838,7721.0,0.0
0.8100640374697001,0.25872851999999996,0.15657211014285713,0.6047443658571429,7721.0,0.0
0.7963709615586497,0.005087492666666666,0.3024398033333333,0.6741383499999999,7721.0,0.0
0.651241653284943,0.0,0.3905512686666666,0.6686047574999999,7721.0,0.0
0.6773033037071947,0.00935777125,0.49908459150000006,0.77058251225,7721.0,0.0
0.7264930813074798,0.0984301815,0.4999642245,0.819134476,7721.0,0.0
0.7237099141775787,0.1466929874,0.44423565859999997,0.8308212667999999,7721.0,0.0
0.7271770190486295,0.024406111,0.45389707975000004,0.8568412715,7721.0,0.0
0.7094478346954685,0.0,0.50312484225,0.880031238,7721.0,0.0
0.647617840642914,0.0,0.5276927281428571,0.8821827155714287,7721.0,0.0
0.7113938134287959,0.084749957,0.5510186570000001,0.902485833,7721.0,0.0
0.7265239564104311,0.32033842225,0.5046595905,0.89869700475,7721.0,0.0
0.7268190324890749,0.165733211,0.61809223725,0.9149630579999999,7721.0,0.0
0.7331742742315406,0.0,0.6367248555,0.92689924025,7721.0,0.0
0.6879983982600302,0.0,0.53579079675,0.9093047095,7721.0,0.0
0.6820115757126832,0.0,0.47365575875,0.87223762775,7721.0,0.0
0.8149294474229801,0.02269241766666667,0.34781284666666673,0.8384079696666666,7721.0,0.0
0.813350794748019,0.304937998,0.172140786,0.604649463,7721.0,0.0
0.8083930666332152,0.17592576166666665,0.10125896499999999,0.4724211493333333,7721.0,0.0
0.8006692568709446,0.0026002325000000002,0.10686046466666665,0.4731812558333333,7721.0,0.0
0.6821472417085932,0.0,0.1350356697142857,0.2893764722857143,7721.0,0.0
0.8217062346952106,0.0594338895,0.18051505350000002,0.2126501955,7721.0,0.0
0.8173556106717408,0.29425474271428564,0.14554682500000002,0.13299543814285714,7721.0,0.0
0.8041280719614589,0.00168474,0.18650552516666666,0.149615764,7721.0,0.0
0.6817691860910525,0.0,0.25455706614285717,0.29491865542857143,7721.0,0.0
0.8194754591864404,0.01545420825,0.264784432,0.49488178075,7721.0,0.0
0.814707176473893,0.14211332214285716,0.22385657785714283,0.5198405092857143,7721.0,0.0
0.8191737218579848,0.002859417,0.22122757399999998,0.5228434865,7721.0,0.0
0.7569445881750854,0.0,0.24592551133333332,0.48900004966666666,7721.0,0.0
0.6792188800210675,0.0,0.27289231760000005,0.361726528,7721.0,0.0
0.8161579141706475,0.011920331,0.3229356346666667,0.439565807,7721.0,0.0
0.824931379011922,0.3322004692,0.32500002920000004,0.445688528,7721.0,0.0
0.8209568884839719,0.22566332633333333,0.4062065096666667,0.4873490086666667,7721.0,0.0
0.8155151591406403,0.0014745955,0.48541499650000003,0.5350488284999999,7721.0,0.0
0.7132465656685854,0.0,0.4726426782857142,0.4050406012857143,7721.0,0.0
0.835390739039028,0.04505575125,0.344834058,0.3401033375,7721.0,0.0
0.8329635442160489,0.22945231133333333,0.17664469583333334,0.24851234233333333,7721.0,0.0
0.8337029936842314,0.033163987500000006,0.129726306,0.1882710045,7721.0,0.0
0.8129956057579211,0.0,0.1018420436,0.2179649242,7721.0,0.0
0.6633823003892553,0.0,0.07431332357142857,0.22381295771428572,7721.0,0.0
0.7249258085504998,0.0494043158,0.10714131060000001,0.2330495166,7721.0,0.0
0.7498652337626112,0.2598069798,0.097071507,0.15436722799999997,7721.0,0.0
0.7661390442799723,0.024006307,0.1286750875,0.1801193015,7721.0,0.0
0.7378723432556261,0.0,0.25999489524999997,0.2294527345,7721.0,0.0
0.6686189732497265,0.0,0.466055407,0.5127491917142858,7721.0,0.0
0.7369666483471129,0.062422625499999995,0.5340482905,0.7373698499999999,7721.0,0.0
0.7483006332984475,0.16365759333333332,0.5500711436666667,0.8288235403333334,7721.0,0.0
0.7435543702564433,0.0623310295,0.5352944975,0.8648870155,7721.0,0.0
0.725782572789786,0.0,0.5520235203333334,0.8593317043333335,7721.0,0.0
0.6788771159008539,0.0,0.5382750935,0.8658666255000002,7721.0,0.0
0.8253393916077449,0.10281280179999999,0.6019830258,0.876271229,7721.0,0.0
0.8331361242672607,0.381344679,0.60195427225,0.8967489975,7721.0,0.0
0.8329078147734599,0.0945654565,0.5996052885,0.911280723,7721.0,0.0
0.800720682741489,0.0,0.5114977792500001,0.8821001607500001,7721.0,0.0
0.676696473639652,0.0,0.3670403496,0.7867944788,7721.0,0.0
0.7305381160967523,0.0,0.2546853746666667,0.6807784223333333,7721.0,0.0
0.8333174567921231,0.09084641775,0.22826853175000003,0.595370698,7721.0,0.0
0.8341615954314743,0.27400387724999997,0.28085789024999996,0.6433703685000001,7721.0,0.0
0.8335410757915515,0.07542672925,0.39190976625,0.6828286425,7721.0,0.0
0.8042247865706298,0.0,0.45671736825,0.699417699,7721.0,0.0
0.6958214613890195,0.0,0.45465453266666667,0.7271762023333334,7721.0,0.0
0.8111928593599771,0.00682488325,0.41205399475,0.7127459025,7721.0,0.0
0.8398965932370844,0.3157528184,0.36639748940000005,0.6423761952,7721.0,0.0
0.8363178553805676,0.24383194333333336,0.36596754033333334,0.611590589,7721.0,0.0
0.818682931695605,0.0002952115,0.28929783550000004,0.5665630055,7721.0,0.0
0.6879919756464464,0.0,0.1939463782857143,0.5375575002857144,7721.0,0.0
0.8261056734128838,0.035523614,0.24264471475,0.59698648775,7721.0,0.0
0.8361323161372363,0.3524483295,0.20625043425,0.6171168687499999,7721.0,0.0
0.8357078628617425,0.1264044534,0.20166977460000002,0.6828724138,7721.0,0.0
0.8102765020633435,0.0,0.16693519,0.6124386365,7721.0,0.0
0.7066283332270135,0.0,0.11416756959999999,0.46263039600000005,7721.0,0.0
0.7600246037811096,0.0,0.08588954566666666,0.43962776100000006,7721.0,0.0
0.8437008892964404,0.06713373675,0.06777319,0.33447403275,7721.0,0.0
0.8407899963346368,0.27327745675,0.064298115,0.33666111575,7721.0,0.0
0.8411043058016907,0.04989332825,0.1349064205,0.45208882149999996,7721.0,0.0
0.7748290092953048,0.0,0.218350166,0.5788941551666666,7721.0,0.0
0.6790412419173105,0.0,0.2959537288,0.6975678538000001,7721.0,0.0
0.7433149848002418,0.0517997948,0.3977430314,0.804376746,7721.0,0.0
0.7845667089731351,0.22848822275000003,0.4507923685,0.90023948825,7721.0,0.0
0.7946769340047616,0.04196409625,0.35770405925000004,0.88390631275,7721.0,0.0
0.7747459268023358,0.0,0.3240654095,0.84653088525,7721.0,0.0
0.6936655180238146,0.0,0.266867859,0.8040887125714287,7721.0,0.0
0.7184349108624806,0.03235979525,0.19398036625,0.7511271464999999,7721.0,0.0
0.7868730032780121,0.316139234,0.1471170536666667,0.641949046,7721.0,0.0
0.7879054133958053,0.23901287724999998,0.1049782705,0.57244289125,7721.0,0.0
0.793963890501332,0.0,0.136896312,0.5841486736666668,7721.0,0.0
0.7179444775135285,0.0,0.17361797571428575,0.6029376887142857,7721.0,0.0
0.8043421329265602,0.0016314839999999999,0.20335889933333332,0.6707771733333333,7721.0,0.0
0.8502853254588695,0.2143376672,0.25005064019999995,0.7137870624,7721.0,0.0
0.8479997246338371,0.08681613625,0.337505786,0.7375846615000001,7721.0,0.0
0.811069779601277,0.0,0.40863085714285713,0.772280970142857,7721.0,0.0
0.6941685115915013,0.0,0.45900403475,0.83303351625,7721.0,0.0
0.770565029896979,0.0,0.49895811700000003,0.8701320665000001,7721.0,0.0
0.838944283827499,0.0409400714,0.5384430564,0.9263201209999998,7721.0,0.0
0.8315953308121808,0.01782904375,0.5460611202500001,0.924240922,7721.0,0.0
0.806388400635024,0.0,0.49044858316666673,0.8702399146666666,7721.0,0.0
0.6828846117134942,0.0,0.4524270485714285,0.8837222307142856,7721.0,0.0
0.8243351919486652,0.012017588249999999,0.48520748875,0.8881722472500001,7721.0,0.0
0.8357477301681637,0.051188249,0.501625028,0.9094313835000002,7721.0,0.0
0.8258210540110064,0.0,0.4475993205,0.8202907443333333,7721.0,0.0
0.73380134414566,0.0,0.35506961057142866,0.6356133194285715,12353.857142857143,0.0
0.8650224378826061,0.046392756,0.3158046542,0.6311575768,14207.0,0.0
0.8702670548822473,0.28343933400000004,0.24494834333333335,0.5562026676666667,14207.0,0.0
0.8725256829933153,0.09545892025,0.2554126895,0.5855376409999999,14207.0,0.0
0.8391527821109502,0.0,0.29577926783333336,0.6060439471666667,14207.0,0.0
0.7176761192465051,0.0,0.3042682475,0.5687202130000001,14207.0,0.0
0.85903165015052,0.013081027,0.3331800732,0.6634982172,14207.0,0.0
0.8691310919254862,0.0414629775,0.31839636125,0.7459022614999999,14207.0,0.0
0.8721497012099195,0.0032940812,0.27773460299999997,0.8260910484,14207.0,0.0
0.8203681826690435,0.0,0.27075219425,0.7897192595,14207.0,0.0
0.7002684816807162,0.0,0.3118490373333333,0.7151187593333334,14207.0,0.0
0.7521599351700353,0.01424859925,0.34798555,0.6829278015,14207.0,0.0
0.7976868463825364,0.24291377274999998,0.28763984200000003,0.57827474375,14207.0,0.0
0.7997946059769694,0.09934672833333334,0.2684840826666666,0.49342007066666665,14207.0,0.0
0.8259029532373123,0.0,0.2878627138,0.522713016,14207.0,0.0
0.7530309350810613,0.0,0.29110896525,0.46972087149999997,14207.0,0.0
0.7275953890358783,0.00020382928571428572,0.29168290428571425,0.5378809025714285,14207.0,0.0
0.8044483694590565,0.054786916000000005,0.3274062565,0.6079063655,14207.0,0.0
0.8059839527952456,0.10810006625,0.31436188049999997,0.6615538445,14207.0,0.0
0.8215689151837171,0.014440037999999999,0.3285804244,0.7176820516,14207.0,0.0
0.7913068105510322,0.0,0.29799383199999996,0.6982420645,14207.0,0.0
0.7335994538765233,0.0,0.2540546418571428,0.5861303648571429,14207.0,0.0
0.8731075666168481,0.018833863000000003,0.2123328475,0.5329308265,14207.0,0.0
0.8722531686157025,0.06968874916666667,0.16294421116666666,0.4104661216666667,14207.0,0.0
0.857023244640029,0.0,0.17608601583333336,0.4707294356666667,14207.0,0.0
0.7234307155519395,0.0,0.151700307,0.5376464001666666,14207.0,0.0
0.8207732552193061,0.0,0.13640072775,0.64913131475,14207.0,0.0
0.8739707814092408,0.049666694,0.1199275535,0.639523552,14207.0,0.0
0.8692940879332669,0.11254613,0.0841696006,0.4896082586,14207.0,0.0
0.8754602942905393,0.00461468525,0.09150052824999999,0.43717449975,14207.0,0.0
0.8046023714069795,0.0,0.0748502494,0.28447354999999996,14207.0,0.0
0.7133114117357156,0.0,0.05174780699999999,0.1918943605,14207.0,0.0
0.8241464369895045,0.0,0.046431026,0.2098285775,14207.0,0.0
0.8751788421941026,0.043371683999999994,0.048203222000000004,0.2385597645,14207.0,0.0
0.8715629449692456,0.0838604865,0.048599919,0.23763487633333336,14207.0,0.0
0.8574064120797568,0.0,0.10272829883333334,0.2717940971666667,14207.0,0.0
0.7265339094354838,0.0,0.11273113533333334,0.1565237025,14207.0,0.0
0.8263871011073358,0.0,0.1133895365,0.108923618,14207.0,0.0
0.8777088403477815,0.013025008000000001,0.104423387,0.07450689699999999,14207.0,0.0
0.8723591795610351,0.0298152295,0.09043237,0.0511695445,14207.0,0.0
0.8722439166229322,0.0,0.08935815175,0.044497032250000006,14207.0,0.0
0.7920879784916719,0.0,0.0794009495,0.03046311525,14207.0,0.0
0.7149498952889786,0.0,0.0716046815,0.039059437,14207.0,0.0
0.8243282288226895,0.0,0.04538160525,0.05981165025,14207.0,0.0
0.8734710293556414,0.05016779783333333,0.027201210000000003,0.086603421,14207.0,0.0
0.8744152876649616,0.007203564,0.036034183,0.1535625935,14207.0,0.0
0.8484035155879344,0.0,0.0679919695,0.25502476625000003,14207.0,0.0
0.7244013032418276,0.0,0.1480976015,0.37633925575000005,14207.0,0.0
0.6920335560836616,0.0,0.23218154933333332,0.505067596,14207.0,0.0
0.748940801160518,0.000659673,0.306873081,0.606240474,14207.0,0.0
0.8037082349641942,0.031649676333333335,0.40060327433333337,0.6759613005,14207.0,0.0
0.8099935951625686,0.0002621371666666667,0.4835291986666666,0.7968085290000001,14207.0,0.0
0.7345070312238462,0.0,0.48481745425000006,0.80067289275,14207.0,0.0
0.6974183874114089,0.0,0.560239083,0.8577190788333334,14207.0,0.0
0.7803918927209087,0.003638566666666667,0.5623722586666666,0.8785159363333334,14207.0,0.0
0.7968540712947816,0.01416550525,0.5321876105000001,0.8498426542499999,14207.0,0.0
0.8043842381901518,0.00218856825,0.56163579575,0.87052590875,14207.0,0.0
0.774839889300586,0.0,0.5135710361666666,0.8807220376666667,14207.0,0.0
0.7290966200237988,0.0,0.48979848583333335,0.8520169161666665,14207.0,0.0
0.8727128180739602,0.0093322675,0.46919613800000004,0.74752021925,14207.0,0.0
0.870719402604195,0.03275813083333333,0.4402616875,0.6307684765,14207.0,0.0
0.8719674692948145,0.0,0.32861372875,0.6411374155,14207.0,0.0
0.7878548942033008,0.0,0.21980212575000002,0.6228980785,14207.0,0.0
0.7109473570150098,0.0,0.18288926149999998,0.52983040075,14207.0,0.0
0.823723243309032,0.0,0.162074692,0.4686894355,14207.0,0.0
0.8761711414185674,0.019391036,0.1745281255,0.47573703700000003,14207.0,0.0
0.8724713155356878,0.03425076733333333,0.16928680333333335,0.47266972283333336,14207.0,0.0
0.8710904248744578,0.0,0.15062693324999998,0.53399847775,14207.0,0.0
0.7908770043263218,0.0,0.11039684225,0.45587077000000004,14207.0,0.0
0.7330991744345638,0.0,0.08722100666666666,0.34538718616666664,14207.0,0.0
0.8744547697808088,0.015773063,0.07390119675000001,0.2920992165,14207.0,0.0
0.8725660275750041,0.06599614766666669,0.08348151183333334,0.19097433516666665,14207.0,0.0
0.858016172609177,0.0,0.21126333116666665,0.35212548,14207.0,0.0
0.7260427645259737,0.0,0.3564655666666667,0.5613177643333334,14207.0,0.0
0.8398336893814439,0.0038886311666666666,0.3161885876666667,0.6307015213333332,14207.0,0.0
0.8699933396908452,0.060230409000000006,0.2769691775,0.68987459225,14207.0,0.0
0.8738433651676782,0.0073710375,0.2994100405,0.634320051,14207.0,0.0
0.8464645886017684,0.0,0.31861846174999997,0.6413177145,14207.0,0.0
0.7407361078676316,0.0,0.326817627875,0.681883077,14207.0,0.0
0.877171661159979,0.02610410725,0.34508668025,0.729025686,14207.0,0.0
0.8725242001463743,0.10015541049999999,0.44176216983333333,0.6480774201666667,14207.0,0.0
0.8634376248872825,0.0,0.47506912166666665,0.6547241755000001,14207.0,0.0
0.7407257901083455,0.0,0.47236218350000003,0.5952296765,14207.0,0.0
0.7393904167481864,0.00042214471428571424,0.4649019015714286,0.4668555062857144,14207.0,0.0
0.8129980234239003,0.08942612125,0.43549018275,0.40825804750000005,14207.0,0.0
0.8156394160795637,0.033216434333333336,0.46994015699999997,0.443496146,14207.0,0.0
0.8268705817929911,0.0,0.4024069961666667,0.5006478048333333,14207.0,0.0
0.7359091418705365,0.0,0.25530964733333333,0.6044560505000001,14207.0,0.0
0.743822851025365,0.0,0.21537706375,0.7625844182500001,14207.0,0.0
0.8079128339369819,0.028156470500000003,0.18503834600000002,0.7840807095,14207.0,0.0
0.8154125588843059,0.0833816546,0.15998336900000001,0.7029321806000002,14207.0,0.0
0.8280520470385422,0.0,0.1662140225,0.6941411534999999,14207.0,0.0
0.8226158173121622,0.0,0.15323612820000002,0.6515217579999999,14207.0,0.0
0.7497330868617965,0.0,0.13703159216666663,0.5635969593333333,14207.0,0.0
0.8603518468050798,0.006713449000000001,0.16327114716666666,0.5968133221666666,14207.0,0.0
0.8829438443823919,0.11160074059999998,0.17877324359999996,0.6002232206,14207.0,0.0
0.8746241998722304,0.00020403200000000001,0.2594762421428572,0.6246602641428571,14207.0,0.0
0.757766741347904,0.0,0.3638556631666667,0.5662075545,14207.0,0.0
0.8484679975369723,0.0,0.37447448975000003,0.529075365,14207.0,0.0
0.8859472312759127,0.10283727140000001,0.272504654,0.5245905498,14207.0,0.0
0.8883071880178535,0.035966264250000005,0.20985047024999998,0.54422660625,14207.0,0.0
0.8582400253953605,0.0,0.18105959383333334,0.5759316553333333,14207.0,0.0
0.7538536684897791,0.0,0.15870440583333334,0.49772597383333333,14207.0,0.0
0.8736455758985048,0.0,0.206356108,0.511458304,14207.0,0.0
0.8856962430696292,0.0632054935,0.24653733374999998,0.546611977,14207.0,0.0
0.8854258159472528,0.05137322025,0.25730075375,0.4519777535,14207.0,0.0
0.8882690357117702,0.0,0.27896235875,0.39993405225,14207.0,0.0
0.8119793464412773,0.0,0.29969738625,0.327689899,14207.0,0.0
0.7475333955455632,0.0,0.3157677975,0.33720550075,14207.0,0.0
0.8641026956633713,0.008811254166666666,0.27450174450000003,0.311514515,14207.0,0.0
0.889997994326108,0.12153735300000001,0.1840930336,0.1788524436,14207.0,0.0
0.8846282779999246,0.0,0.14438086685714285,0.08463469014285714,14207.0,0.0
0.7738849241285605,0.0,0.22028609024999998,0.13157664,14207.0,0.0
0.8061144613192657,0.0,0.3093584182,0.19926709699999998,14207.0,0.0
0.8941174413798821,0.011294657333333333,0.384051148,0.26141300933333333,14207.0,0.0
0.8980644594976376,0.05947812066666667,0.41921020466666664,0.3393358695,14207.0,0.0
0.8852318305670126,0.0,0.43954015016666664,0.33987435450000003,14207.0,0.0
0.7568643886725754,0.0,0.480047907,0.34187786185714286,14207.0,0.0
0.7915552721482828,0.00037978775,0.46462152149999997,0.4065208655,14207.0,0.0
0.8394291907763538,0.07819856,0.3816490302,0.442080768,14207.0,0.0
0.8522555722347973,0.0041334805,0.36533855000000004,0.47102244725000003,14207.0,0.0
0.838347835485896,0.0,0.3735622555,0.50599302525,14207.0,0.0
0.7513333252240028,0.0,0.380204315625,0.536665809625,14207.0,0.0
0.8113891214716162,0.01079470075,0.331210971,0.59472382525,14207.0,0.0
0.8435825913849341,0.05324498171428572,0.2764136877142857,0.47310949057142854,14207.0,0.0
0.8488348788954084,0.0,0.3300664054,0.42194333840000003,14207.0,0.0
0.7656135348821126,0.0,0.3657312933333334,0.3770293395,14207.0,0.0
0.8463193775409428,0.0,0.40226734733333336,0.476816587,14207.0,0.0
0.8983459437692718,0.050214119749999994,0.4023560765,0.49152101549999994,14207.0,0.0
0.8982986524279921,0.12074003475,0.36085578225000003,0.518240137,14207.0,0.0
0.8915068761758291,0.0,0.35561016800000006,0.5627231037142858,14207.0,0.0
0.7830982004936345,0.0,0.34906770924999997,0.544603414125,14207.0,0.0
0.8993998961820715,0.01722353675,0.22435475324999998,0.52249031725,14207.0,0.0
0.9012081188576493,0.14420522425,0.108634273,0.41972184975,14207.0,0.0
0.9055717504180304,0.01133341325,0.08973528250000001,0.33340580275000004,14207.0,0.0
0.8820231494952481,0.0,0.12336792725000001,0.24509738799999997,14207.0,0.0
0.7714018266548196,0.0,0.18072967599999998,0.2799749731666667,14207.0,0.0
0.8670161757406337,0.0005926588,0.22066663220000002,0.37503422779999995,14207.0,0.0
0.8992632521201348,0.09585797950000001,0.23597545133333334,0.5221649036666667,14207.0,0.0
0.9052039275956073,0.0,0.313687957,0.7336966736666666,14207.0,0.0
0.87279083938542,0.0,0.411051943,0.864443064,14207.0,0.0
0.7605383709702335,0.0,0.5707648638333334,0.9265965685,14207.0,0.0
0.862314999910974,0.0005949048333333333,0.7366082129999999,0.9067350078333334,14207.0,0.0
0.8887656689359147,0.01473154225,0.66221525275,0.87558296475,14207.0,0.0
0.8929456373260797,0.0003017656,0.5882468268,0.9278732,14207.0,0.0
0.8379593852132993,0.0,0.5552215835000001,0.9351197837499999,14207.0,0.0
0.7808756272495203,0.0,0.62581163975,0.936025723375,14207.0,0.0
0.8855519105458446,0.0014439396666666665,0.5899697056666667,0.9342788273333333,14207.0,0.0
0.8851671634055999,0.012520992500000001,0.5787703224999999,0.9290354983333334,14207.0,0.0
0.8692898423159355,0.0,0.6534696416666667,0.9279933988333333,14207.0,0.0
0.7694922855453813,0.0,0.6539326207499999,0.9133784066249999,13562.75,0.0
0.8092649813562758,0.00081748825,0.64711606175,0.8955549407500001,13348.0,0.0
0.8346384367569474,0.011952854800000001,0.6088833096000001,0.8483560630000001,13348.0,0.0
0.8428868276633354,0.0,0.5013344834285715,0.7496679882857142,13348.0,0.0
0.7637086277226632,0.0,0.35977482475,0.6574465740000001,13348.0,0.0
0.8048954747229242,0.000854324,0.335372995,0.6813518352500001,13348.0,0.0
0.8315495060826511,0.009214396166666668,0.39708200883333333,0.7723312216666667,13348.0,0.0
0.8383252938902634,0.0,0.49953122499999997,0.860702419,13348.0,0.0
0.7627870022751153,0.0,0.4546894182857143,0.8080358177142857,13348.0,0.0
0.8795862643358919,0.0007672812,0.3735646984,0.8143439952,13348.0,0.0
0.8836011283277725,0.005661296166666666,0.3779726543333333,0.8484012700000001,13348.0,0.0
0.8891952575106657,0.0,0.440055638,0.9018050133333334,13348.0,0.0
0.8462424685532796,0.0,0.431573134,0.8990634630000001,13348.0,0.0
0.7564587704418355,0.0,0.3944864433333333,0.883880839,13348.0,0.0
0.8829242506908083,0.004845174,0.3890378728,0.8733171676,13348.0,0.0
0.887502957053153,0.037952675199999994,0.4234572364,0.7985626574,13348.0,0.0
0.8919143409358531,0.0,0.5005885371666666,0.7630417373333332,13348.0,0.0
0.8212774076985261,0.0,0.5352661519999999,0.74146343825,13348.0,0.0
0.796825976935725,0.0,0.54065640275,0.8022510815,13348.0,0.0
0.9022577674688156,0.000256485,0.5095361282499999,0.7634592947500001,13348.0,0.0
0.8983181637169603,0.09717705016666667,0.40361532249999993,0.6450506433333333,13348.0,0.0
0.9045104158473265,0.0,0.44679952933333333,0.678152424,13348.0,0.0
0.8839008829949819,0.0,0.463259866,0.66748895425,13348.0,0.0
0.8009522045260324,0.0,0.42323055499999995,0.6639934018571428,13348.0,0.0
0.8982665041252574,0.012010977333333332,0.33969928716666664,0.5835056346666667,13348.0,0.0
0.897604947103753,0.04908030075,0.23522236975,0.44199862375000004,13348.0,0.0
0.9035720004029807,0.0,0.20285696433333333,0.45738433033333337,13348.0,0.0
0.8666344685628923,0.0,0.18434205619999997,0.532549324,13348.0,0.0
0.7619011928802446,0.0,0.15988994650000002,0.5656474013333334,13348.0,0.0
0.8850193411684334,0.0016019786666666667,0.10044530383333335,0.43941461099999995,13348.0,0.0
0.8894172244563808,0.0078632135,0.06725072666666666,0.32112029066666664,13348.0,0.0
0.8746263828377854,0.0,0.1345183456,0.5555323884,13348.0,0.0
0.7512585115053102,0.0,0.2187613498888889,0.6849167567777777,13348.0,0.0
0.8119178141805192,0.002311049,0.27343802133333334,0.7799771196666666,13348.0,0.0
0.8294495799188452,0.0060700626666666665,0.3094552935,0.7885512096666667,13348.0,0.0
0.8288180711581618,0.0,0.38044809171428573,0.853531029,13348.0,0.0
0.7454129367844593,0.0,0.365098800875,0.785658405625,13348.0,0.0
0.8136015622672147,0.001967126333333333,0.26148741433333333,0.7182409023333333,13348.0,0.0
0.8328139973751827,0.022351471166666664,0.23367826,0.6369534414999999,13348.0,0.0
0.8487287776758524,0.0,0.27809012883333334,0.5870060293333333,13348.0,0.0
0.7974769844798281,0.0,0.3348768188571429,0.6564592804285715,13348.0,0.0
0.8996121711908491,0.0048537738,0.3283246234,0.5701520024000001,13348.0,0.0
0.8970063228529292,0.033076760999999996,0.3314395204,0.5330306688,13348.0,0.0
0.8945392123656172,0.0,0.34152269616666664,0.5783407948333333,13348.0,0.0
0.8080673291985737,0.0,0.3346050186666667,0.7216873441666666,13348.0,0.0
0.8463900247956948,0.0,0.3160355925,0.7827020634999999,13348.0,0.0
0.8970074446357748,0.0023365923333333333,0.27225157433333336,0.7769811633333333,13348.0,0.0
0.8956694339158704,0.027229610600000002,0.24369082720000002,0.7492026686,13348.0,0.0
0.8951458458987891,0.0,0.2051743706666667,0.7116567673333334,13348.0,0.0
0.8091680532789373,0.0,0.16330654462500002,0.63206050125,13348.0,0.0
0.9006373617715981,0.0019737818000000002,0.11513208019999999,0.5321769513999999,13348.0,0.0
0.900231728447987,0.03239315466666667,0.08270135316666667,0.37315190433333334,13348.0,0.0
0.9120155790392986,0.0,0.08689031400000001,0.3760812283333333,13348.0,0.0
0.8742662565784064,0.0,0.093652242,0.34085913025,13348.0,0.0
0.7976225459724562,0.0,0.11423679275000001,0.3382238455,13348.0,0.0
0.8543105035989359,0.0,0.130106746,0.44915801075,13348.0,0.0
0.9051126972340731,0.003732575,0.12639757966666668,0.49132109,13348.0,0.0
0.9046201500632077,0.03440579283333333,0.12701676333333334,0.4974527801666666,13348.0,0.0
0.9109056312547558,0.0,0.13427018075000002,0.5152801714999999,13348.0,0.0
0.8431314473592832,0.0,0.1351711632,0.4873864654,13348.0,0.0
0.798681442542194,0.0,0.12605280775,0.41325243850000004,13348.0,0.0
0.9030514522303289,0.0017848456,0.0926381492,0.38062579919999995,13348.0,0.0
0.9053204477606893,0.05117767325,0.07385653875,0.26439302275,13348.0,0.0
0.9121302970981411,0.0013884408000000002,0.0571762254,0.25797950080000004,13348.0,0.0
0.8798896648957442,0.0,0.055969347,0.2505192625,13348.0,0.0
0.7892362240346564,0.0,0.06154598683333334,0.23859220083333332,13348.0,0.0
0.8141832121695887,0.0,0.0740322725,0.27115035249999997,13348.0,0.0
0.8539596132939261,0.03322749725,0.08699076175,0.299203615,13348.0,0.0
0.8628300661384344,0.008288969,0.10675815200000001,0.328285882,13348.0,0.0
0.8568617299048681,0.0,0.15333870725,0.40727507625,13348.0,0.0
0.788644766174404,0.0,0.22910455366666663,0.47358414,13348.0,0.0
0.7864270062381452,0.0,0.2864120763333333,0.553796543,13348.0,0.0
0.8373847427802924,0.00449719175,0.31498570600000003,0.5360736589999999,13348.0,0.0
0.849621150707911,0.0180785,0.31449281725,0.55943277525,13348.0,0.0
0.8661645097318912,0.0,0.298469808,0.5009785678333335,13348.0,0.0
0.80898887870619,0.0,0.19716017612499998,0.35673166125,13348.0,0.0
0.9056269527646332,0.0023440412,0.09869291160000002,0.2658998702,13348.0,0.0
0.90758192893605,0.0296210025,0.05623133325,0.1920438345,13348.0,0.0
0.9139377026024211,0.002433975,0.0404249985,0.14169786425,13348.0,0.0
0.8980826975212254,0.0,0.0452784675,0.15616415250000001,13348.0,0.0
0.8103300745401109,0.0,0.05797990714285715,0.16338420428571426,13348.0,0.0
0.9059334480471415,0.0,0.07631661175000001,0.173551302,13348.0,0.0
0.9063019477622495,0.029266527666666663,0.08605253133333335,0.2294067255,13348.0,0.0
0.9099885727946462,0.0,0.12382240350000001,0.24387350225,13348.0,0.0
0.8788373888402473,0.0,0.15155500033333333,0.2748410273333334,13348.0,0.0
0.8042366837610174,0.0,0.20044178857142855,0.38419993557142856,13348.0,0.0
0.8994131213689421,0.0,0.260417671,0.453147109,13348.0,0.0
0.8987327068329918,0.008187035285714286,0.3337570324285714,0.6168508198571429,13348.0,0.0
0.8998806931086013,0.0,0.38836867675,0.695979423,13348.0,0.0
0.8324913352596834,0.0,0.39973191180000006,0.7042248566,13348.0,0.0
0.7932378193883909,0.0,0.41765054274999996,0.66810757425,13348.0,0.0
0.8979870459333468,0.0002690772,0.4126190754,0.6119359106,13348.0,0.0
0.8998135033592353,0.004617680333333334,0.39465156300000004,0.6011939688333333,13348.0,0.0
0.8972925669481228,0.0,0.36676003079999997,0.6024950072,13348.0,0.0
0.8252880937754632,0.0,0.352841575,0.56650306425,13348.0,0.0
0.8305346570629623,0.0,0.315129432,0.5189061859999999,13348.0,0.0
0.9016138489036429,0.005650741,0.2966840888,0.4995014952,13348.0,0.0
0.9014507900017148,0.0059179715,0.27827495999999996,0.50448692775,13348.0,0.0
0.8950146256043016,0.0,0.24694533849999997,0.5526645021666666,13348.0,0.0
0.8087319890767287,0.0,0.1954294196666667,0.524467021,13348.0,0.0
0.7868803050471204,0.0,0.18008146866666666,0.5712036246666666,13348.0,0.0
0.8414832985669535,0.001234541,0.130154792,0.45229342499999997,13348.0,0.0
0.860273027738955,0.02322149633333333,0.08692685566666668,0.36939875266666666,13348.0,0.0
0.8714469245528718,0.0,0.06853201666666665,0.2824391626666667,13348.0,0.0
0.7999055677607355,0.0,0.06978432057142857,0.23984808628571427,13348.0,0.0
0.8207346071987138,0.0,0.07726385825,0.194667278,13348.0,0.0
0.8597105297341698,0.0237442818,0.10771533720000001,0.22151905379999998,13348.0,0.0
0.8728248816298201,0.001550437,0.13513918675,0.29234455275000004,13348.0,0.0
0.8671635385579632,0.0,0.17576550875,0.3288686045,13348.0,0.0
0.8069392966244107,0.0,0.22371278783333334,0.391673827,13348.0,0.0
0.8951006594713865,0.0,0.2618101118,0.43445852240000005,13348.0,0.0
0.9148096040796271,0.033086871857142854,0.31357682385714286,0.42517756228571424,13348.0,0.0
0.9077485291563097,0.0,0.3046940166666667,0.436817159,13348.0,0.0
0.8032575440095535,0.0,0.464705455,0.6743112192857144,13348.0,0.0
0.8953602113376853,0.0030340452,0.625912687,0.8344389513999999,13348.0,0.0
0.8912234403967113,0.051576536166666666,0.6477257716666666,0.7951920591666667,13348.0,0.0
0.8830823726383193,0.0,0.6449832941666667,0.8504246673333332,13348.0,0.0
0.7940208231707325,0.0,0.6550451374285716,0.8575568267142858,13348.0,0.0
0.8969236934037947,0.0041862008,0.492003494,0.7156844114,13348.0,0.0
0.8946503167004547,0.049222667500000004,0.2383225653333333,0.5246749333333335,13348.0,0.0
0.8813425484631012,0.0,0.262263193,0.4300968401666667,13348.0,0.0
0.7797316632179682,0.0,0.31034566571428573,0.4760548598571428,13348.0,0.0
0.8885096178688456,0.0003846818,0.2788945308,0.45263073620000005,13348.0,0.0
0.88962626445077,0.017343823166666664,0.27443812549999996,0.42271616166666676,13348.0,0.0
0.8746060459764523,0.0,0.3218422185714286,0.5139202448571428,13348.0,0.0
0.7862995481130689,0.0,0.38493469220000004,0.5509643012,13348.0,0.0
0.8680775587414055,0.0,0.3857861036666667,0.5234498476666667,13348.0,0.0
0.8989966854638736,0.017143294,0.34501314250000004,0.44776937925000004,13348.0,0.0
0.8989863212785002,0.046678731499999994,0.20774589883333336,0.30787538116666674,13348.0,0.0
0.8772551064356781,0.0,0.19630588983333333,0.23778469916666664,13348.0,0.0
0.7791341470027887,0.0,0.39249352174999996,0.4524342,13348.0,0.0
0.772567689356713,0.0,0.5213262562500001,0.613725987,13348.0,0.0
0.8280520372777485,0.010762245799999999,0.5040082578,0.6034917786,13348.0,0.0
0.8401202753077712,0.011372849499999999,0.4873719065,0.5346682247500001,13348.0,0.0
0.8499732176871122,0.0,0.4106689475,0.4710207408333333,13348.0,0.0
0.7917475892396184,0.0,0.2868379566666667,0.394233965,13348.0,0.0
0.7769819407677853,0.0,0.2737587563333333,0.3391474013333334,13348.0,0.0
0.8317660734333128,0.0015218676666666666,0.321336711,0.426902275,13348.0,0.0
0.8438510131589657,0.06320244259999999,0.2888723806,0.4827705944,13348.0,0.0
0.8655478087532856,0.0,0.26237530820000005,0.46864442359999997,13348.0,0.0
0.8220859205030736,0.0,0.2924617494,0.4461579942,13348.0,0.0
0.7989230257316491,0.0,0.26853956125,0.3490421555,13348.0,0.0
0.9038179227375887,0.0018086172,0.4146620228000001,0.44737343120000006,13348.0,0.0
0.8962441884077758,0.007351332999999999,0.6551184216666667,0.751762454,13348.0,0.0
0.8794968907161157,0.0,0.6307789393333335,0.9239671195,13348.0,0.0
0.7914372127886662,0.0,0.5504409195,0.9245002425,13348.0,0.0
