Demand,Avail_Sol,Avail_Wind_On,Avail_Wind_Off,Hyd_In,HydRoR_In
0.7959692721875464,0.013650569500000001,0.8011336511,0.9087182466000001,1116.0,3161.0
0.9210759157967014,0.31911100919999996,0.6406050422,0.9100126474,1116.0,3161.0
0.8054489760789999,0.007908283928571428,0.4528041987857142,0.6565370160714287,1116.0,3161.0
0.9209904199218902,0.10369405520000001,0.44494481639999994,0.6340336149,1116.0,3161.0
0.8724152451906042,0.011261067375000001,0.454932956875,0.8259627715,1116.0,3161.0
0.8016533582436699,0.012346684083333332,0.7965249033333334,0.8619273334166668,1116.0,3161.0
0.8988295086515614,0.07132957254545455,0.8810625367272727,0.793101098818182,1116.0,3161.0
0.7974229785386822,0.007270984846153846,0.7323627604615385,0.7926080258461539,1116.0,3161.0
0.8900960763603133,0.031141938636363633,0.5031541454545455,0.5563965110000001,1116.0,3161.0
0.7841742021311132,0.007898735916666667,0.735571573,0.7329209975833333,1116.0,3161.0
0.8984317178390625,0.05369062908333334,0.3243398578333333,0.4871108158333333,1116.0,3161.0
0.7253056206688407,0.007619834750000001,0.21667694350000002,0.26986077858333335,1116.0,3161.0
0.8083789433433373,0.113479650375,0.074307093625,0.298462068875,1116.0,3161.0
0.7854365633969204,0.0,0.15357356025,0.672597998,1116.0,3161.0
0.7236665385704848,0.005720046083333333,0.30122839591666667,0.6406637514166666,1116.0,3161.0
0.8180781758016691,0.2087578375,0.34756535066666666,0.49530767550000004,1116.0,3161.0
0.770853634762987,0.00037212946153846154,0.4176973749230769,0.5546856826153845,1116.0,3161.0
0.9392615914127024,0.20852752218181816,0.4164874899090909,0.6408883191818182,1116.0,3161.0
0.9026459334207995,0.0012815341666666668,0.6088896316666667,0.7601240735,1116.0,3161.0
0.8189573260887698,0.010055304,0.5937021999166667,0.82609913225,1116.0,3161.0
0.9143611614674362,0.11243667850000001,0.340380672,0.6809314302499999,1116.0,3161.0
0.7974765779058344,0.01034435575,0.17410965033333334,0.4694942673333333,1116.0,3161.0
0.8938635028676483,0.11507340438461539,0.08997399276923078,0.4038280318461539,1116.0,3161.0
0.8013800345608153,0.0005285902000000001,0.0285355349,0.11836449540000002,1116.0,3161.0
0.9138500045400465,0.062248357692307694,0.027141762692307694,0.17647135892307692,1116.0,3161.0
0.7966510649392206,0.00039161118181818186,0.04858119845454545,0.2987086496363636,1116.0,3161.0
0.9192321541640217,0.028518992230769234,0.07996736900000001,0.3603020362307693,1116.0,3161.0
0.7291652124706061,0.006904209083333332,0.1577010348333333,0.4483565948333333,1116.0,3161.0
0.8112355228306636,0.08062061749999999,0.24693839858333333,0.6133976190833333,1116.0,3161.0
0.7386317981810222,0.039488999923076924,0.26777511669230775,0.6734239189230771,1116.0,3161.0
0.8149819423441294,0.17976158527272726,0.24177265445454543,0.630426413,1116.0,3161.0
0.8143863863305748,0.011230891916666666,0.3861094345,0.87781472975,1116.0,3161.0
0.913334498192556,0.08803537233333335,0.6803505031666667,0.9358766720833334,1116.0,3161.0
0.8011255388305182,0.007540260083333333,0.7359367545,0.9236851655833335,1116.0,3161.0
0.9339147067534928,0.17470772216666666,0.6403599641666667,0.8477225831666667,1116.0,3161.0
0.8080186904441878,0.0012824951538461537,0.5540332513076922,0.8499229403846154,1116.0,3161.0
0.9315034554535234,0.039855388,0.6154314470000001,0.7795261216666667,1116.0,3161.0
0.9453315865449223,0.23576018459999998,0.6995041772,0.8389956606,1116.0,3161.0
0.8964516225321759,0.0040711321666666665,0.7234383043333334,0.8918362085,1116.0,3161.0
0.8048139238222102,0.0032739215,0.698053089,0.7984490895833333,1116.0,3161.0
0.9308642208520327,0.11523821,0.8393055831428572,0.8408160124285715,1116.0,3161.0
0.8346962426410371,0.006474114058823529,0.4260455725294118,0.48528895735294114,1116.0,3161.0
0.9414091793613228,0.26688702000000003,0.30175743299999996,0.5879603058333333,1116.0,3161.0
0.8982913332303123,0.005238722166666667,0.27695896583333335,0.635515824,1116.0,3161.0
0.7269835310012265,0.0012339552727272727,0.3468444239090909,0.5878841985454545,1116.0,3161.0
0.8225681646542844,0.11636709088888887,0.17336495644444447,0.3200466576666667,1116.0,3161.0
0.7455050491256981,0.0008045339333333333,0.15425156746666666,0.3033044307333333,1116.0,3161.0
0.8177973540168525,0.26262015528571425,0.12775597442857142,0.0776705527142857,1116.0,3161.0
0.8094925333277224,0.004107853666666667,0.120911796,0.4287770851666666,1116.0,3161.0
0.8073399541374421,0.003757254333333333,0.31224510600000005,0.6995642038333333,1116.0,3161.0
0.9316436054267705,0.06074576599999999,0.251406796875,0.585709894125,1116.0,3161.0
0.7784787313583248,0.0,0.2607922338181818,0.48238414063636365,1116.0,3161.0
0.9211784683280222,0.06864567885714286,0.21897503814285715,0.5680502085714286,1116.0,3161.0
0.9246897165581139,0.13241438549999998,0.32984918199999996,0.8379734096666667,1116.0,3161.0
0.7576720428514495,0.0,0.5734749153636364,0.9332555782727272,1116.0,3161.0
0.8833840981715562,0.08263443791666666,0.5659368228333332,0.8980079425,1116.0,3161.0
0.7627717094176586,0.0,0.6588879848333334,0.9189716019166667,1116.0,3161.0
0.9030257621644814,0.0894542670909091,0.2941720926363637,0.8496538730000001,1116.0,3161.0
0.8585367579233402,0.0016445605714285713,0.15453481771428573,0.6032561017142858,1116.0,3161.0
0.7860844283429255,0.0011308431000000001,0.1026064923,0.30469544249999997,1116.0,3161.0
0.9064237931631182,0.08498335623076922,0.03497010592307693,0.09591460023076924,1116.0,3161.0
0.7126379211054371,0.001514803,0.05177957490909091,0.2686625370909091,1116.0,3161.0
0.8022804840955953,0.1780892745,0.11878951616666666,0.7220031381666668,1116.0,3161.0
0.7394125318305917,0.008933809999999999,0.5603825522222222,0.917396803,1116.0,3161.0
0.7797497173862472,0.11062210742857141,0.6009235387142857,0.9345434447142857,1116.0,3161.0
0.730436587501614,0.0012922042307692307,0.6550475794615385,0.9294594983076923,1116.0,3161.0
0.8947648306424392,0.059007684454545455,0.7166480536363636,0.9352753084545454,1116.0,3161.0
0.8701046042742383,0.0042865701666666665,0.7710612578333333,0.9167697941666666,1116.0,3161.0
0.8074679629385622,0.0184623175,0.5166268326666668,0.7652899866666666,1116.0,3161.0
0.9292325117656254,0.2679851865,0.30036068666666665,0.6649215738333333,1116.0,3161.0
0.8693311052505038,0.009769629,0.18707027571428572,0.7012815117142857,1116.0,3161.0
0.7945021072993235,0.008140332727272727,0.4691924453636364,0.8631243472727274,1116.0,3161.0
0.9205505482140879,0.102666356,0.6767134228333332,0.9318474996666666,1116.0,3161.0
0.8530171025192393,0.004844026352941177,0.4946772712941177,0.9091228951764705,1082.1176470588234,3064.6470588235293
0.9639703615420488,0.28086970557142854,0.37026783957142856,0.862787729,1052.0,2979.0
0.8533018060817253,0.008093424384615385,0.38002206776923075,0.8094699429999999,1052.0,2979.0
0.9568763371399817,0.08434641250000001,0.3415250518333333,0.5641380286666667,1052.0,2979.0
0.9640292580044046,0.229744926,0.28081511266666664,0.5682936198333333,1052.0,2979.0
0.8191086102291594,0.0034884735625,0.16317860118750002,0.27830013912499996,1052.0,2979.0
0.8520878112537889,0.24078828071428574,0.06083145057142857,0.1350259655714286,1052.0,2979.0
0.807591307390834,0.008681353705882352,0.08468201364705884,0.5090313366470588,1052.0,2979.0
0.8625697421306442,0.27227477025,0.1541621175,0.8725477772500001,1052.0,2979.0
0.8289929481352412,0.00012237707692307691,0.21061752853846155,0.746860976,1052.0,2979.0
0.9810374233242289,0.2987620485454545,0.22404203336363632,0.44746806872727274,1052.0,2979.0
0.8786785816487798,0.000153123,0.17531758157142857,0.2687133151428572,1052.0,2979.0
0.9875270929669787,0.32940271844444446,0.08010152577777778,0.14157174388888888,1052.0,2979.0
0.8985714805545605,0.01569114276470588,0.08878204852941175,0.083372323,1052.0,2979.0
0.9832969033071907,0.47970292285714283,0.03342811585714286,0.034805098571428564,1052.0,2979.0
0.9531984235308936,0.031332276666666665,0.07097756033333333,0.027543451,1052.0,2979.0
0.873466374501599,0.009757980818181819,0.02924150154545454,0.12814678381818181,1052.0,2979.0
0.9812248273323322,0.40023393428571424,0.01570305885714286,0.2774030192857143,1052.0,2979.0
0.9830724146770777,0.0376806685,0.04830891375,0.49188512575000004,1052.0,2979.0
0.8819142466141444,0.027634153285714284,0.11277715407142859,0.6773392628571431,1052.0,2979.0
0.9831928498472127,0.3247559924285715,0.12840873014285714,0.6847502247142858,1052.0,2979.0
0.9226285418705579,0.00036049283333333335,0.12964086166666666,0.5014322206666667,1052.0,2979.0
0.7826213326615863,0.008514557,0.07010274950000002,0.2110093477,1052.0,2979.0
0.8540391749320158,0.23197173685714287,0.07773300785714286,0.36303981371428573,1052.0,2979.0
0.7978744646211087,0.007486816529411764,0.35593254776470584,0.7664686215882351,1052.0,2979.0
0.8426318758725124,0.19017906214285712,0.5153083998571428,0.9279705500000001,1052.0,2979.0
0.8464137283038531,0.015113438764705882,0.41794881017647056,0.9202210691764706,1052.0,2979.0
0.9678327684253981,0.3900777839999999,0.31784352057142856,0.8567891668571429,1052.0,2979.0
0.9413760336719886,0.03039673633333333,0.26744580799999995,0.77354135,1052.0,2979.0
0.8726555247877048,0.05846940274999999,0.21963142183333337,0.7536668815,1052.0,2979.0
0.9634199024856648,0.5758468478571429,0.14696999014285714,0.6560712418571429,1052.0,2979.0
0.9171340614172413,0.0020658465,0.20902197016666668,0.6518455943333333,1052.0,2979.0
0.8818592173924348,0.06937415663636363,0.144808522,0.5687681585454546,1052.0,2979.0
0.9684150671786702,0.6253235371428572,0.15394109928571428,0.6999442781428572,1052.0,2979.0
0.8774982087750052,0.00281036425,0.43163860375,0.8644546021875,1052.0,2979.0
0.9464520866663878,0.07277591584615385,0.3765977494615385,0.8705262034615384,1052.0,2979.0
0.8585878083231334,0.04168786283333333,0.25299049675,0.8098929105,1052.0,2979.0
0.9520126298439602,0.44557969000000003,0.20076159842857147,0.6681717012857142,1052.0,2979.0
0.9091350473591602,0.0030699390000000003,0.16384644216666666,0.45109229716666666,1052.0,2979.0
0.789301074183778,0.012874647181818182,0.128093311,0.210920681,1052.0,2979.0
0.8473397901577147,0.15553757962499998,0.06912564875,0.05333032575,1052.0,2979.0
0.8017444529700868,0.0111735898,0.077710036,0.2108361364,1052.0,2979.0
0.8436157320082366,0.37183464425,0.06294688212499999,0.27435716974999996,1052.0,2979.0
0.8135941089547257,0.0018581993333333334,0.15401252199999999,0.39295275341666663,1052.0,2979.0
0.9679722505207109,0.22384427863636364,0.044813509272727266,0.2243186883636363,1052.0,2979.0
0.9367651927325018,0.028065947999999997,0.026820739166666673,0.10746026866666668,1052.0,2979.0
0.870950197320891,0.043530877083333336,0.045491868583333324,0.10253702016666666,1052.0,2979.0
0.9669444548864975,0.4017323791428571,0.07124340971428572,0.16285793899999998,1052.0,2979.0
0.8882568811492667,0.015625366125,0.15526507037500004,0.22566929781249997,1052.0,2979.0
0.97293221365993,0.4401381676666667,0.15279936022222224,0.08298369755555556,1052.0,2979.0
0.876750273465288,0.0008104420714285714,0.27641504221428564,0.2127148625,1052.0,2979.0
0.9765725085182068,0.38702179922222224,0.33709253733333333,0.22901367877777778,1052.0,2979.0
0.8914786408186363,0.016090635500000002,0.31512314493750004,0.4102192233125,1052.0,2979.0
0.9814670168108225,0.5056432644285714,0.3013849212857143,0.4675668237142857,1052.0,2979.0
0.9339769247884969,0.051553779285714287,0.38824528971428574,0.635414083,1052.0,2979.0
0.8051596786382619,0.06062751372727273,0.42205953100000004,0.7848806289090909,1052.0,2979.0
0.8562472147321408,0.573494075,0.556964938,0.8446340119999999,1052.0,2979.0
0.8614489080788914,0.06262772766666667,0.570947687,0.8332441123333334,1052.0,2979.0
0.8043376732936603,0.06424084108333333,0.3624294485,0.6144615979166667,1052.0,2979.0
0.8713501618986628,0.50578781925,0.279551261375,0.6448748586249999,1052.0,2979.0
0.8566740687113661,0.002676484142857143,0.3058145610714286,0.7952784112857143,1052.0,2979.0
0.9895716744099824,0.3666501088888888,0.4104987622222222,0.6846932303333334,1052.0,2979.0
0.8917542918973319,0.0061037984,0.2325299458,0.6857933902666666,1052.0,2979.0
0.9894911783960672,0.48613131225,0.1952391345,0.536261188625,1052.0,2979.0
0.9409526290145644,0.03449112657142857,0.27286225914285717,0.6849056881428571,1052.0,2979.0
0.8795079290511418,0.039777866,0.2772583114,0.7853789546000001,1052.0,2979.0
0.9912698181621578,0.588319293875,0.38254846112499996,0.9077056327500002,1052.0,2979.0
0.8779352890991259,0.0102155346,0.5870205704,0.9016727674666668,1060.5333333333333,3003.0
0.980826117235718,0.5290560116666666,0.5199019678888889,0.9009060215555557,1068.0,3024.0
0.8688376652852323,0.011605879666666668,0.49975554986666665,0.8218534309333332,1068.0,3024.0
0.9797454241743772,0.532194196,0.32331403599999997,0.8314260667500001,1068.0,3024.0
0.9198891484166181,0.04527856257142857,0.2880220654285715,0.8943087311428571,1068.0,3024.0
0.7698014303120294,0.008433658888888888,0.24216031411111116,0.737867340111111,1068.0,3024.0
0.8385601666756494,0.54538862225,0.215254929625,0.660548661375,1068.0,3024.0
0.7947758554794699,0.027902077562500002,0.277196144625,0.7231876283124999,1068.0,3024.0
0.8195100997535866,0.5242655547777777,0.18031752033333334,0.5953592698888889,1068.0,3024.0
0.7826536575795816,0.0066371983333333336,0.39595331608333334,0.8478946907500001,1068.0,3024.0
0.9434314040472177,0.1136440296,0.24114763099999997,0.8403198044,1068.0,3024.0
0.9311870784520313,0.5127145958571429,0.12111469200000001,0.5308639588571429,1068.0,3024.0
0.8513245825359662,0.011534219625,0.20518314262499998,0.38078209625000004,1068.0,3024.0
0.8390622212823102,0.010868224428571428,0.13208028057142857,0.424076744,1068.0,3024.0
0.9473657524861733,0.4158945645714286,0.05901718671428572,0.38412117385714284,1068.0,3024.0
0.8980051398066862,0.057626452375,0.1027548705,0.34462588075,1068.0,3024.0
0.8202846951054491,0.004839554666666667,0.12285157655555556,0.19700002355555554,1068.0,3024.0
0.9542131997668742,0.29354820937500004,0.18268891725,0.200879759875,1068.0,3024.0
0.8976694454171488,0.035887675142857144,0.2512125001428572,0.21402643442857144,1068.0,3024.0
0.8457526009034442,0.05024735018181818,0.3778179917272727,0.4743587222727273,1068.0,3024.0
0.9486749327826451,0.34015796275,0.42878282724999994,0.7200513088749999,1068.0,3024.0
0.8361788203357222,0.005845464714285715,0.5069295499285714,0.7728778612857142,1068.0,3024.0
0.9447179197140171,0.3615889508571429,0.300043855,0.46878292800000004,1068.0,3024.0
0.8926848820139848,0.057891838125,0.1272681935,0.2746890355,1068.0,3024.0
0.7188541319363453,0.0107430346,0.22268847229999994,0.5630887726,1068.0,3024.0
0.7820562843710978,0.2187856876666667,0.2028994015,0.7421339658333334,1068.0,3024.0
0.774470914753717,0.03144930025,0.26504244962500006,0.61659201975,1068.0,3024.0
0.7004558228052092,0.011732792555555555,0.21205247266666666,0.2913949993333333,1068.0,3024.0
0.7699746272524225,0.3868392886666666,0.1712611755555555,0.40864216822222216,1068.0,3024.0
0.7486043000905783,0.005016241692307692,0.15900382023076925,0.33928335723076936,1068.0,3024.0
0.919174435573052,0.17260376527272728,0.23735786836363634,0.1859135509090909,1068.0,3024.0
0.796325004562023,0.006624609818181818,0.43753242763636363,0.26098953827272725,1068.0,3024.0
0.8904585942179928,0.05285004366666666,0.5230270716666666,0.5988380704999999,1068.0,3024.0
0.9451895834719822,0.1756434757142857,0.4445721121428572,0.5081335635714286,1068.0,3024.0
0.8184675997053494,0.0035596359166666664,0.27988114700000005,0.32100705375000005,1068.0,3024.0
0.9396197566632976,0.07539356459999999,0.12244588139999998,0.12277558899999999,1068.0,3024.0
0.9375444249709127,0.2708007418333333,0.055600952333333335,0.23610123083333331,1068.0,3024.0
0.9048366597152362,0.04351592316666667,0.16708739916666668,0.6100023328333334,1068.0,3024.0
0.8039149530213491,0.012465725899999999,0.40323285560000005,0.8451546925999999,1068.0,3024.0
0.9452771088797177,0.36413589644444444,0.4958752772222223,0.897493605111111,1068.0,3024.0
0.8800876990182284,0.011070739666666668,0.5426924915,0.885765551,1068.0,3024.0
0.8227825695395916,0.013538354499999999,0.41568889109999996,0.8356690271,1068.0,3024.0
0.9521737801208231,0.186821015,0.39387984787499997,0.81152160275,1068.0,3024.0
0.8925223925369976,0.011470271666666665,0.41708798533333336,0.910603809,1068.0,3024.0
0.7724076211772155,0.022032466700000003,0.5165440094,0.9350813927999999,1068.0,3024.0
0.8425748654421451,0.33258619966666664,0.6831407581666666,0.9363525644999999,1068.0,3024.0
0.8414000234793629,0.06691598385714284,0.7749561135714286,0.9363878351428571,1068.0,3024.0
0.7801448731395264,0.06238041025,0.6838870709166667,0.9362566768333332,1068.0,3024.0
0.8465341022376643,0.5151035018571429,0.6322087027142856,0.9229500447142857,1068.0,3024.0
0.8330657177777147,0.024267840466666666,0.3693192908666668,0.7172409142666668,1068.0,3024.0
0.9761513290369177,0.6655448481428571,0.14221296285714286,0.4132595915714286,1068.0,3024.0
0.9737824408866477,0.38365422433333335,0.132934401,0.42536720499999997,1068.0,3024.0
0.8383460376361909,0.0008248208,0.1484874866,0.6608467206,1068.0,3024.0
0.9353464821986645,0.13338442966666667,0.24376680983333335,0.851027364,1068.0,3024.0
0.9578605352315436,0.5299581698571428,0.3474495104285715,0.6511237412857142,1068.0,3024.0
0.8961844256087148,0.03321065066666667,0.2383147755,0.472953294,1068.0,3024.0
0.8414249315708955,0.021409273,0.11236840244444443,0.2097724858888889,1068.0,3024.0
0.9629211281008535,0.49039422199999994,0.09796316177777778,0.4021373461111111,1068.0,3024.0
0.8295942909894561,0.01248640791666667,0.2658388021666666,0.8347640600833333,1068.0,3024.0
0.9469290625986542,0.0707077006,0.42871366040000003,0.8841854704,1068.0,3024.0
0.9592981731871056,0.15041667800000003,0.30517133885714287,0.5524361670000001,1068.0,3024.0
0.8203653999788392,0.0027379430833333334,0.13621433408333333,0.22744664558333336,1068.0,3024.0
0.9423374658577586,0.0499169994,0.08002225339999999,0.44462921099999997,1068.0,3024.0
0.9549271453709383,0.17349712199999998,0.07803493228571427,0.5008220982857142,1068.0,3024.0
0.8847786037996938,0.009764268333333334,0.07683180883333333,0.4919439708333333,1068.0,3024.0
0.753175853762696,0.06762823163636364,0.08781298990909092,0.29746306172727277,1068.0,3024.0
0.8009548450554647,0.3507326072222222,0.06264845333333333,0.0641509878888889,1068.0,3024.0
0.7657702939619913,0.017462412307692306,0.06527909176923076,0.12136336792307695,1068.0,3024.0
0.7935988920818333,0.5690039402857143,0.01350510242857143,0.085481959,1068.0,3024.0
0.7992674934777709,0.14898202475,0.047378513750000004,0.12324470125,1068.0,3024.0
0.8070551171780115,0.008351566692307692,0.06405147315384616,0.14964385561538462,1068.0,3024.0
0.941095844194187,0.35447766266666675,0.0642808641111111,0.10495915444444444,1068.0,3024.0
0.864805003497378,0.033767324,0.062405098400000004,0.059301328599999995,1068.0,3024.0
0.8369441951635543,0.018956516099999998,0.0462110639,0.1235592088,1068.0,3024.0
0.9477663721025237,0.4041184378888889,0.08784248522222222,0.29787677244444444,1068.0,3024.0
0.8636686498370905,0.0157026588,0.1945269108,0.3878150252,1068.0,3024.0
0.8139148513791051,0.0039162538,0.2638037807,0.5982146782000001,1068.0,3024.0
0.9527153917048998,0.10058203169999999,0.3277404453,0.5892406649,1068.0,3024.0
0.8374588744172549,0.0073574249285714285,0.485290096,0.5770626332857144,1068.0,3024.0
0.9449589417199113,0.418978495875,0.27745454225,0.228802023625,1068.0,3024.0
0.8419044515216653,0.05718537275,0.137038714875,0.333842072625,1068.0,3024.0
0.8496978972619086,0.024790536125,0.142788826875,0.50545874275,1068.0,3024.0
0.9231738576466468,0.494553293625,0.17993386375,0.5193133168749999,1068.0,3024.0
0.8668637713151538,0.06725343199999999,0.3998126821666667,0.7893427393333333,1068.0,3024.0
0.7426019346684815,0.0091690384,0.29231617350000005,0.7256668575999999,1068.0,3024.0
0.8024085122287368,0.284294966125,0.13649333937500002,0.468519811625,1068.0,3024.0
0.7866824824472897,0.0490423355,0.18111016449999998,0.5099866373333333,1068.0,3024.0
0.6330969507237307,0.0,0.2779400455,0.380775723875,743.25,2106.0
0.7193206326527442,0.11142687874999999,0.41470668099999997,0.49212190875,635.0,1800.0
0.7546318895889366,0.28617172449999995,0.428525014125,0.39320549387500003,635.0,1800.0
0.6996756903813575,0.0028300379166666667,0.2609557895833333,0.3000437458333333,635.0,1800.0
0.8586456170870701,0.17621641066666668,0.131722975,0.38175323766666674,635.0,1800.0
0.8470444513111468,0.4389840424285714,0.12243041885714286,0.4724127605714285,635.0,1800.0
0.8090059975452684,0.0704525686,0.255489039,0.6569396096,635.0,1800.0
0.6619295877833893,0.0,0.4167657347777778,0.7428584602222222,635.0,1800.0
0.8341826116155702,0.24029775575,0.355758499,0.77648158675,635.0,1800.0
0.8186884632974248,0.6009424721428571,0.234182845,0.61271591,635.0,1800.0
0.7168074205214404,0.03414822953333333,0.3123062808,0.7421006207333334,635.0,1800.0
0.8291940649599061,0.47953267724999993,0.13630709425,0.61424963425,635.0,1800.0
0.8162143213974882,0.3816750036666667,0.2862095628333334,0.4642191693333333,635.0,1800.0
0.7709692171575674,0.0075949485,0.37800740075,0.6597066172499999,635.0,1800.0
0.6896478105456973,0.0254724359,0.47453187010000003,0.7981282652999999,635.0,1800.0
0.851516362924877,0.46223567800000004,0.5833028133333334,0.8310197158333333,635.0,1800.0
0.8480637450775135,0.30766187600000006,0.64296705225,0.720457867,635.0,1800.0
0.7881301612416169,0.01522115475,0.422975469,0.5988844369999999,635.0,1800.0
0.7394536503333575,0.08845599472727272,0.1968645567272727,0.5983546636363637,635.0,1800.0
0.8352563128858448,0.831374769,0.1622257772857143,0.5525699107142857,635.0,1800.0
0.7683241638455759,0.12389747242857142,0.395791913,0.7162654808571428,635.0,1800.0
0.6226621877864352,0.10050878590000001,0.4380986928,0.8342498577999999,635.0,1800.0
0.6911865921814716,0.849193095,0.20503915333333333,0.6390515946666667,635.0,1800.0
0.6844039216116321,0.4799183986666667,0.22384174999999998,0.48955879666666663,635.0,1800.0
0.6219200098273833,0.0071152406666666656,0.30039737333333333,0.37765557599999994,635.0,1800.0
0.6759529164193838,0.409155192,0.12566769,0.18440303000000002,635.0,1800.0
0.6873147747542641,0.7990135303333333,0.07495167516666668,0.16090342683333334,635.0,1800.0
0.6549338902960191,0.0649198406923077,0.10748013661538464,0.31281065661538465,635.0,1800.0
0.8115784103615011,0.30621050240000003,0.0681821594,0.40945476259999997,635.0,1800.0
0.8145354303591991,0.7101925681666668,0.055247314,0.4113163086666667,635.0,1800.0
0.7450937867435096,0.06822734150000001,0.207726978625,0.629485740125,635.0,1800.0
0.651619200893096,0.00038915416666666664,0.21718107333333328,0.7253902053333334,635.0,1800.0
0.8204711771212807,0.35513909975,0.1722458705,0.753177719,635.0,1800.0
0.8107339977832975,0.58018817975,0.2352030475,0.689019312,635.0,1800.0
0.699567962104753,0.013774348384615385,0.3067298806153846,0.7567074856153846,635.0,1800.0
0.8287850107364136,0.4729157519,0.2088486014,0.7351443606,635.0,1800.0
0.7101136232744413,0.029306351785714283,0.3990103745,0.8035455342857143,635.0,1800.0
0.8239112044872037,0.41788959659999997,0.3124035919,0.7920462023,635.0,1800.0
0.7736650860618335,0.0315861216,0.3071084962,0.7130548649999999,635.0,1800.0
0.686115658156049,0.0218434788,0.2474834788,0.5657582862,635.0,1800.0
0.8231366773881598,0.3375822337142857,0.20427079742857143,0.4030137284285714,635.0,1800.0
0.8079617365634728,0.118601007,0.26302483975,0.408434008,635.0,1800.0
0.644133107015239,0.00782446325,0.23999412833333336,0.33851430950000005,635.0,1800.0
0.6961920157468791,0.414571871375,0.181510168875,0.406400345125,635.0,1800.0
0.6884744750889789,0.225599716,0.11211909875,0.40017207699999996,635.0,1800.0
0.6309706420900766,0.04201440842857144,0.07530135464285714,0.227627851,635.0,1800.0
0.69004773250207,0.45769208444444437,0.02682798411111111,0.10190996422222222,635.0,1800.0
0.6931737598929008,0.040014127866666666,0.07316916966666667,0.3102623558,635.0,1800.0
0.8201040247370657,0.39543438422222216,0.057050221111111105,0.3564223591111111,635.0,1800.0
0.7039709349874601,0.015944050076923077,0.06945893992307693,0.3854747130769231,635.0,1800.0
0.8203661541209862,0.6278776325000001,0.052297936625,0.510735706,635.0,1800.0
0.8005331705718548,0.356934282,0.03414820275,0.32701844825,635.0,1800.0
0.6806198409287161,0.0017332905454545454,0.07588661627272729,0.48681816272727274,635.0,1800.0
0.8179986814810352,0.46830484675,0.041008326,0.34305660224999995,635.0,1800.0
0.8146175591924477,0.8906473324,0.06877540060000001,0.21203714359999998,635.0,1800.0
0.8016369047604253,0.42023185274999997,0.09996055699999999,0.153613983,635.0,1800.0
0.6704844491393196,0.00028138109999999996,0.2116848874,0.46426845629999997,635.0,1800.0
0.7897864701040659,0.20429239166666666,0.17045430166666664,0.4770998286666666,635.0,1800.0
0.816509697669271,0.8150777105000001,0.07491707950000001,0.30000363212500003,635.0,1800.0
0.8061735523851945,0.428706676,0.11495358550000001,0.247468241,635.0,1800.0
0.7028355782541953,0.05495435885714285,0.20836457492857147,0.4080946192142858,635.0,1800.0
0.817151542130447,0.7776115622222223,0.08165544777777776,0.40279659188888894,635.0,1800.0
0.769411621748997,0.0940054562,0.12540869000000002,0.4894681962,635.0,1800.0
0.607957743338964,0.06090851900000001,0.09604975900000001,0.3826026252,635.0,1800.0
0.6878223299482612,0.7916250601428573,0.03758487728571429,0.16932426042857143,635.0,1800.0
0.6818883090464543,0.39300634999999995,0.07136562975,0.190503519,635.0,1800.0
0.6216478217711858,0.04463545453846153,0.0968374926923077,0.3197582533076923,635.0,1800.0
0.6884105194824403,0.6381561666000001,0.0739197742,0.3989730886,635.0,1800.0
0.6763737998395795,0.04116159807142857,0.24089986049999998,0.6881953098571428,635.0,1800.0
0.814365411662008,0.4876382059,0.2820327754,0.7772380906,635.0,1800.0
0.7108376753719711,0.027147219285714286,0.24700711757142862,0.8622884032857144,635.0,1800.0
0.8271357639496845,0.32437027387500006,0.385466910125,0.8197694449999999,635.0,1800.0
0.8027738075605836,0.0973777505,0.17593005675,0.6605928044999999,635.0,1800.0
0.6592459793684847,0.0,0.28178837011111113,0.649693354,635.0,1800.0
0.8086647443324564,0.22080845340000002,0.5837116445999999,0.7193323385999999,635.0,1800.0
0.8205521486568889,0.479231068875,0.5842968455,0.725904066125,635.0,1800.0
0.715350914663423,0.03581532171428571,0.29388493600000004,0.7362313556428572,635.0,1800.0
0.8378582784295368,0.53181418475,0.43725594862499995,0.8133228455,635.0,1800.0
0.7937300187197703,0.1212723505,0.25761145783333333,0.8276062466666666,635.0,1800.0
0.6768002616762504,0.006177242125,0.148559885625,0.660453437625,635.0,1800.0
0.8385077361628626,0.39804236299999995,0.09479286925,0.404675019,635.0,1800.0
0.8206160671293764,0.6390007322000001,0.0853888448,0.1537045644,635.0,1800.0
0.8051925221254237,0.27673568,0.07123649925,0.129132492,635.0,1800.0
0.6444778138685708,0.039955353,0.2023064639230769,0.3341834074615384,635.0,1800.0
0.6920678820924915,0.4913813282,0.13079418680000002,0.21882969079999998,635.0,1800.0
0.6308222479408805,0.03975230235714285,0.05902189571428572,0.07114686864285714,635.0,1800.0
0.6923633731633396,0.5218149067000001,0.1133014153,0.3410568993,635.0,1800.0
0.6443155592863483,0.0108465956,0.4700998007,0.9000761865,635.0,1800.0
0.7761805415736711,0.15803787519999998,0.5194349306,0.8843225562000001,635.0,1800.0
0.8244170529809318,0.5082795385,0.5056905813749999,0.5930468175,635.0,1800.0
0.6988622853212324,0.03274973133333333,0.482113386,0.7058728335,565.0,1601.25
0.813895748801378,0.196086518,0.5866306002000001,0.832088533,467.0,1323.0
0.8267344853981035,0.3878568821428572,0.47621381800000007,0.8176726377142858,467.0,1323.0
0.7067955502417461,0.029525355166666666,0.16735346708333335,0.7302520416666667,467.0,1323.0
0.8099620439956349,0.2688287525,0.130749471,0.6693204125,467.0,1323.0
0.8202097900935498,0.6190162444285713,0.1408181777142857,0.6293410664285715,467.0,1323.0
0.7978706874495791,0.14989446075,0.15351400974999999,0.608717747,467.0,1323.0
0.6764778425314422,0.02002953309090909,0.14478933872727273,0.48968548872727263,467.0,1323.0
0.8185743628963621,0.5151900764545454,0.1300873616363636,0.26007849454545456,467.0,1323.0
0.7050359766879389,0.03177588269230769,0.20283649961538458,0.0793016763076923,467.0,1323.0
0.8178650276303022,0.6502985009,0.15571391790000003,0.0384666606,467.0,1323.0
0.7691747637042352,0.0999612396,0.2782919361999999,0.1250811828,467.0,1323.0
0.6172779823879403,0.11700844290909092,0.23528691718181813,0.17281995527272728,467.0,1323.0
0.690351743872203,0.7558614972500001,0.21168793187499998,0.17318015650000002,467.0,1323.0
0.6249601011109337,0.06287988714285714,0.26112058092857143,0.33501477949999997,467.0,1323.0
0.6730656839853418,0.5045685295,0.0880355275,0.18635438650000002,467.0,1323.0
0.6928345019803434,0.7596424907777779,0.1563958271111111,0.1983774301111111,467.0,1323.0
0.6619482625039734,0.044221419,0.26940893638461544,0.47340435561538463,467.0,1323.0
0.8161225782529866,0.523481005,0.097458986,0.2469038115,467.0,1323.0
0.8192157070950423,0.762608344111111,0.16041790911111112,0.20478652766666666,467.0,1323.0
0.6769138654818758,0.019783925363636365,0.3000468432727273,0.4989941877272728,467.0,1323.0
0.7955162238403741,0.43274048660000003,0.1521921158,0.4445856244,467.0,1323.0
0.8270216120099555,0.8554610721666668,0.20391497733333333,0.4205899321666667,467.0,1323.0
0.7795270687463498,0.1790684676666667,0.2592624778333334,0.48471502683333334,467.0,1323.0
0.6568150519299717,0.03672365877777778,0.21643202011111112,0.4887277587777779,467.0,1323.0
0.8229596451259972,0.6803662705,0.088670025,0.35586120137500005,467.0,1323.0
0.8029083848743521,0.2546604376,0.138510538,0.40655416980000003,467.0,1323.0
0.6512293052254994,0.00021834777777777776,0.16461731644444447,0.4785234351111111,467.0,1323.0
0.7801054260397956,0.21392721699999998,0.134490049,0.3245248703333333,467.0,1323.0
0.8163358161912131,0.5564722757142857,0.1494220787142857,0.46056679442857146,467.0,1323.0
0.7973639085664284,0.15423292800000002,0.28053051599999995,0.4543446202,467.0,1323.0
0.6552551534190725,0.0,0.15460459728571427,0.2552529595714286,467.0,1323.0
0.7355917019855237,0.0911123398,0.0920751686,0.224502393,467.0,1323.0
0.8187101209686676,0.38444358799999995,0.03117542842857143,0.09572135942857142,467.0,1323.0
0.7967312224164715,0.14449685620000002,0.039018144,0.1796993036,467.0,1323.0
0.6256406749033515,0.04319198900000001,0.07913736883333333,0.30854540625,467.0,1323.0
0.6901609754317506,0.5836907751666667,0.05133814083333333,0.23942046799999997,467.0,1323.0
0.6870790125147451,0.3240433868,0.11551382440000002,0.3675668366,467.0,1323.0
0.6124040296765261,0.0030876646,0.25030632469999997,0.6558534983,467.0,1323.0
0.6432091776470696,0.2623529565,0.141563626,0.5381672657500001,467.0,1323.0
0.6897249745763944,0.5166236063333333,0.20667593344444443,0.5216660925555555,467.0,1323.0
0.643352767500918,0.012116695545454546,0.31274745627272726,0.6589655843636364,467.0,1323.0
0.7900346783982563,0.260478553,0.21087356225,0.584265209,467.0,1323.0
0.8161233628016413,0.6281405171666666,0.2676580235,0.64183236,467.0,1323.0
0.7980298143313688,0.266576312,0.35224155560000003,0.7693102102,467.0,1323.0
0.6729427828096703,0.029508574545454545,0.26368146499999995,0.5732944337272726,467.0,1323.0
0.8157997792329577,0.5805511095555556,0.148701268,0.25119187400000004,467.0,1323.0
0.7934398011149938,0.15852867225,0.15404924174999998,0.49204772350000003,467.0,1323.0
0.6528863194784201,0.00035751800000000003,0.13961059466666667,0.5140219804444445,467.0,1323.0
0.7960105567019942,0.21232397320000002,0.11600553499999999,0.5914803146000001,467.0,1323.0
0.8113072154655868,0.43345507125,0.182644014375,0.7180583145,467.0,1323.0
0.6826897192336657,0.019099525333333336,0.28992083491666665,0.79134542675,467.0,1323.0
0.8205785081163518,0.2663991035,0.26643008325,0.6861048160000001,467.0,1323.0
0.8139887612311572,0.5586162765714285,0.24423765828571425,0.6913790042857143,467.0,1323.0
0.7916261655575227,0.149440243,0.2574772166666666,0.6868311563333332,467.0,1323.0
0.6769879333362948,0.022585081545454546,0.15689786081818183,0.46047041518181814,467.0,1323.0
0.8259460737584221,0.4598054135555556,0.06737124977777778,0.25080121966666663,467.0,1323.0
0.7782605450754403,0.131207196,0.08289042,0.20350951383333335,467.0,1323.0
0.5970086215466296,0.0007383132857142857,0.045917728428571426,0.08899571728571429,467.0,1323.0
0.6523868382215414,0.19805590374999998,0.0237265755,0.060203470499999995,467.0,1323.0
0.6932311784850976,0.4147376746666666,0.04615481866666667,0.07115226811111111,467.0,1323.0
0.6223536509517913,0.02342298525,0.13746156283333333,0.16178061916666667,467.0,1323.0
0.6618522888402237,0.3606464486666667,0.11019701333333333,0.17524122966666666,467.0,1323.0
0.6905553383906762,0.7519588726666667,0.15599210166666666,0.20204763616666666,467.0,1323.0
0.681686129300527,0.3191868232,0.263698196,0.5807818866,467.0,1323.0
0.6368737396675193,0.0010652781111111112,0.36890308155555557,0.6319519383333334,467.0,1323.0
0.794606904685892,0.4153847176,0.2533153386,0.5362367648,467.0,1323.0
0.818123733137833,0.7512980862857142,0.25760334757142855,0.6769025008571429,467.0,1323.0
0.686965455946035,0.04632475716666667,0.21897166816666666,0.6171545502500001,467.0,1323.0
0.7883463700696274,0.31983813250000004,0.06224210725,0.2520239585,467.0,1323.0
0.8159627816160843,0.6139431131249999,0.05001647775,0.34420731612500005,467.0,1323.0
0.6853783966868027,0.03351450066666667,0.14138921975,0.5484644811666666,467.0,1323.0
0.7876927922130919,0.24327929775,0.099790095,0.45930098774999994,467.0,1323.0
0.8167481458887687,0.6138833695,0.12703128733333333,0.39572234233333337,467.0,1323.0
0.7979143861247406,0.24213522679999996,0.23417731420000001,0.5884221866,467.0,1323.0
0.6825284146107347,0.0470914235,0.2687482460833334,0.6688924586666666,467.0,1323.0
0.8156945357831815,0.4888997078888888,0.22524389444444445,0.7220772206666667,467.0,1323.0
0.6853289050886365,0.030347805500000002,0.21825880841666667,0.7334956252499999,467.0,1323.0
0.7941723908864295,0.32996717859999997,0.12237707039999998,0.5736485914,467.0,1323.0
0.8210770262059057,0.5736850325714286,0.10994391285714286,0.5391622001428572,467.0,1323.0
0.7932229151691322,0.15559780833333334,0.13133903366666666,0.5490976626666667,467.0,1323.0
0.6201180966022005,0.014028574900000002,0.1280814608,0.5020007734999999,467.0,1323.0
0.6906915350208218,0.631384313,0.0476556478888889,0.3992082563333333,467.0,1323.0
0.6964740521617987,0.2847881472,0.0922492036,0.5777272823999999,467.0,1323.0
0.6090724080018227,0.0015523996666666666,0.16219991755555557,0.6549994007777777,467.0,1323.0
0.6440530201736788,0.28479670375,0.07960347775,0.5855475365,467.0,1323.0
0.7040086551071764,0.6659100666666667,0.06030824516666666,0.5676570443333333,467.0,1323.0
0.6854499046788298,0.23585629,0.08625035539999999,0.6120320955999999,467.0,1323.0
0.6445797325358749,0.0124295219,0.15358086910000002,0.4713666054000001,467.0,1323.0
0.83154299339166,0.6200357606,0.0707339016,0.23407048150000004,467.0,1323.0
0.816561989902872,0.20845529399999999,0.16901659875,0.6125901145,467.0,1323.0
0.6907881433832945,0.063352016,0.20991286283333332,0.6393130022500001,467.0,1323.0
0.8304518343072876,0.5962861401999999,0.15579106380000002,0.6791861513999999,467.0,1323.0
0.6774963747993797,0.017077383545454548,0.14412163736363637,0.5356577171818182,467.0,1323.0
0.7768440195018734,0.22470736633333332,0.06011214933333334,0.3115060436666666,467.0,1323.0
0.8320094564319221,0.6459396737142857,0.03651783942857143,0.19570464957142858,467.0,1323.0
0.8102601062805371,0.27910712699999995,0.064549623,0.28345110059999995,467.0,1323.0
0.6530041715292636,0.000288862125,0.079833350875,0.32038708299999996,467.0,1323.0
0.7489321468160606,0.18536026975,0.036123397,0.27363140275,467.0,1323.0
0.8292338417139967,0.6625206828571429,0.038624639142857145,0.2920579574285714,467.0,1323.0
0.8118003204014075,0.22877085900000002,0.07577803759999999,0.482689113,467.0,1323.0
0.6534333213602577,0.002212677,0.1287409823333333,0.37577829544444447,485.8888888888889,1376.888888888889
0.7853050076117845,0.219220786,0.08923958350000001,0.213341316,501.0,1420.0
0.8149458819508949,0.45474379187499997,0.07466749400000001,0.2449574335,501.0,1420.0
0.6616244196329771,0.027534436750000002,0.10281767400000001,0.23337761466666665,501.0,1420.0
0.6412613586409065,0.16556103900000002,0.10270928674999999,0.18986360075,501.0,1420.0
0.6885248052328967,0.39181426275000003,0.08986092925,0.232081006625,501.0,1420.0
0.622517400688764,0.05950585453333334,0.057696861599999996,0.15769125299999998,501.0,1420.0
0.6891742589064976,0.521951647,0.033789444333333335,0.1302307545,501.0,1420.0
0.6882189297183053,0.3547213282,0.053504359200000004,0.1899238482,501.0,1420.0
0.667678594792017,0.055741523769230764,0.08768366292307692,0.20464222784615385,501.0,1420.0
0.8218156891641535,0.5464658291428571,0.07254127257142857,0.2827511777142857,501.0,1420.0
0.7997857991282741,0.27517120219999996,0.14252034740000002,0.4478669932,501.0,1420.0
0.6480235977241052,0.0025305756666666665,0.1324689341111111,0.38795394600000005,501.0,1420.0
0.7921644433511136,0.24462263699999998,0.05151774020000001,0.2524959284,501.0,1420.0
0.8107139163977197,0.5658343299999999,0.06765646,0.16521833775,501.0,1420.0
0.6778944609805583,0.03825705383333333,0.19374137724999999,0.24782550908333334,501.0,1420.0
0.8112133363426329,0.539606934,0.1184250768,0.28481382980000003,501.0,1420.0
0.8238836629630192,0.694804723,0.11333739799999999,0.35943550050000006,501.0,1420.0
0.695683185000873,0.07041211071428571,0.1731299295714286,0.4387805422142857,501.0,1420.0
0.8231131681795668,0.5768559708,0.047861726199999996,0.18224738299999999,501.0,1420.0
0.7912453128092313,0.151971475,0.06043000133333334,0.2794817033333334,501.0,1420.0
0.6804146592889619,0.05177809225,0.06589149691666667,0.21829447466666663,501.0,1420.0
0.8208809744713504,0.5391208495555556,0.04180163533333334,0.1993099211111111,501.0,1420.0
0.6591408830029575,0.04104013646153845,0.12095715784615384,0.3741530143076922,501.0,1420.0
0.689756836661867,0.4726138450833333,0.039913556999999995,0.29399475466666664,501.0,1420.0
0.6215821622049729,0.04955724328571428,0.0597882877142857,0.37991610871428577,501.0,1420.0
0.6932565943117828,0.4212856866666666,0.05929504466666667,0.3286244062222223,501.0,1420.0
0.6696109086092936,0.06453604593333333,0.10025620886666665,0.3833366514,501.0,1420.0
0.8146517329770809,0.5232022911111112,0.10041312544444445,0.4457112051111111,501.0,1420.0
0.7636881865567795,0.07333158540000001,0.176218732,0.6704913718000001,501.0,1420.0
0.6705223912909106,0.038009838000000004,0.14117143810000002,0.581013402,501.0,1420.0
0.8122808965304589,0.2920573807,0.1271463839,0.4745613594,501.0,1420.0
0.6962752444253688,0.02816439192857143,0.1792298495,0.5850326817142857,501.0,1420.0
0.8133385866499152,0.22103017090000007,0.2216619261,0.44555498150000006,501.0,1420.0
0.6795443108821613,0.01751050025,0.09761955033333335,0.5610777164166666,501.0,1420.0
0.8108864771562768,0.33166819719999996,0.1014970036,0.7257930972,501.0,1420.0
0.8058213214123386,0.34750075975,0.129479776,0.733400604125,501.0,1420.0
0.7453947293891022,0.015418232666666665,0.10626639066666665,0.5100698170000001,501.0,1420.0
0.6698676801515235,0.046040820999999996,0.0439019976,0.15354494100000002,501.0,1420.0
0.8134788512233839,0.3735334867999999,0.016964415700000002,0.048405259900000004,501.0,1420.0
0.710487074328377,0.03013120866666667,0.05289509583333333,0.090955259,501.0,1420.0
0.6052750427616667,0.09275763233333333,0.04488821888888888,0.18449371188888888,501.0,1420.0
0.6907297360573722,0.45006066928571437,0.06534434157142857,0.24937884985714284,501.0,1420.0
0.6783286177065422,0.16098013849999998,0.06646930200000001,0.34876080575,501.0,1420.0
0.6034223328066858,0.0120361396,0.09982241689999999,0.5344034029,501.0,1420.0
0.6780141063534605,0.411923843,0.17077840611111111,0.49486423022222215,501.0,1420.0
0.6788802191622858,0.17920658100000003,0.15290293039999997,0.4884487528,501.0,1420.0
0.6546286083855655,0.022849865454545457,0.09911525409090909,0.5356132908181818,501.0,1420.0
0.8120642372703718,0.2475082355454545,0.17383203209090906,0.6204615288181818,501.0,1420.0
0.6938986742459198,0.04097248157142857,0.1863286973571429,0.7553058883571427,501.0,1420.0
0.8068198285925566,0.23643350033333332,0.14690030075,0.4158475662500001,501.0,1420.0
0.6678308377456941,0.026410053727272727,0.07328660336363636,0.542844435909091,501.0,1420.0
0.8224008458266695,0.4792700918888889,0.12708863555555555,0.7618141303333333,501.0,1420.0
0.8060716685461202,0.25355188975000004,0.11615380750000001,0.7977883555,501.0,1420.0
0.6478102760404835,0.00113069825,0.11038928537499999,0.528343545625,501.0,1420.0
0.7465842824795114,0.135191312,0.17164516349999998,0.59615290475,501.0,1420.0
0.8130628495022993,0.45550202959999997,0.5718613398,0.8448665905,501.0,1420.0
0.6814453311910006,0.03201160183333334,0.48009299133333333,0.882132418,501.0,1420.0
0.815762914836025,0.26476166125,0.49397082275,0.85631131225,501.0,1420.0
0.8129180722882621,0.429276492625,0.448176773125,0.8489776046249999,501.0,1420.0
0.6478354565090164,0.024707567166666666,0.3570614796666667,0.7754424243333332,501.0,1420.0
0.6698373574299752,0.21503447850000001,0.37685667975000003,0.6677269635,501.0,1420.0
0.6884507928106636,0.24828290837500003,0.37120212425000004,0.57063705825,501.0,1420.0
0.6203481929081581,0.03175373364285714,0.18001229635714286,0.5021205487857143,501.0,1420.0
0.688667251594176,0.20875036481818182,0.17803742827272728,0.4568898341818182,501.0,1420.0
0.6578967953331651,0.01971558433333333,0.11686628375000001,0.45398865841666664,501.0,1420.0
0.8130695625481682,0.29132046536363637,0.111398719,0.36091185709090906,501.0,1420.0
0.678800120914833,0.02603622425,0.09749941983333332,0.3701349208333334,501.0,1420.0
0.8111318618817316,0.26131821850000003,0.0320297525,0.16440586875,501.0,1420.0
0.8116848020688966,0.50479612475,0.071295448,0.192690985625,501.0,1420.0
0.6781439309818739,0.03678576133333333,0.12295295516666666,0.17345159691666667,501.0,1420.0
0.7990610712369394,0.3112576755,0.0546837565,0.114037452,501.0,1420.0
0.8210634804085716,0.6619106471428571,0.1315866952857143,0.16742938171428573,501.0,1420.0
0.8081270497030937,0.33939705075,0.2102832135,0.38715013524999997,501.0,1420.0
0.687927211950383,0.06502926992307692,0.19600704792307694,0.36215222623076926,501.0,1420.0
0.8312526313159272,0.5988521866666666,0.22875425933333335,0.266314778,501.0,1420.0
0.8128025584628737,0.2461773593333333,0.26319292,0.4999499038333333,501.0,1420.0
0.6828455110877201,0.05967126366666667,0.19347450624999996,0.46111821608333337,501.0,1420.0
0.8346363457247689,0.691472055,0.1293868675,0.42109655612499997,501.0,1420.0
0.7813436280787073,0.18543467416666667,0.2033160275,0.500926812,501.0,1420.0
0.6005252488795847,0.0828822013,0.1784258802,0.3325979150999999,501.0,1420.0
0.6979467517725428,0.6681918523999999,0.1643193109,0.35947271729999997,501.0,1420.0
0.6199927522153609,0.0350926794,0.2970298606999999,0.5844267532,483.8,1370.8
0.6154593982864656,0.210299454,0.20377868175,0.50040955525,458.0,1297.0
0.6977683828720775,0.7226931768888889,0.20469621433333335,0.4683227535555555,458.0,1297.0
0.6440920479452993,0.06712303816666666,0.23985277991666668,0.48997217125,458.0,1297.0
0.7834700940166234,0.36607421799999995,0.09438192349999999,0.33734153600000005,458.0,1297.0
0.824440550500359,0.78530742025,0.083102996375,0.3809924055,458.0,1297.0
0.7957346654726458,0.25864406766666664,0.11329903966666666,0.554927479,458.0,1297.0
0.6545325991150986,0.0182591524,0.1349770092,0.46816572800000006,458.0,1297.0
0.8102437825759125,0.49437591625,0.03156884975,0.28292886949999996,458.0,1297.0
0.8360478510209842,0.8234081293333332,0.03710450866666666,0.32367121283333333,458.0,1297.0
0.8106692526349194,0.31277290725,0.0594202885,0.38236879825,458.0,1297.0
0.6561184465670186,0.0156654348,0.0588708427,0.23407134840000002,458.0,1297.0
0.8119714225092538,0.44030809425000006,0.01602623225,0.09641286175,458.0,1297.0
0.837535176863376,0.7362058463333333,0.02898046166666667,0.08636053416666667,458.0,1297.0
0.7847509206767388,0.1779899225,0.0514532245,0.13959925466666667,458.0,1297.0
0.6362323318596268,0.017111387750000002,0.04264089675,0.11964323600000001,458.0,1297.0
0.8100922955321519,0.36759658275,0.03324747925,0.18620014275,458.0,1297.0
0.8305319426791961,0.47943422987499995,0.134609411125,0.31133773025,458.0,1297.0
0.6769577057387351,0.022794508666666668,0.14852964183333336,0.3897223570833333,458.0,1297.0
0.8061634887425349,0.216027195,0.18161451700000003,0.460132946,458.0,1297.0
0.8184838531850261,0.5063670875,0.21730459775,0.42994390912499997,458.0,1297.0
0.6446525515174784,0.06865064150000001,0.17201060035714288,0.45677083457142853,458.0,1297.0
0.7000306355092325,0.7163517205000001,0.17427994862500001,0.42523111762500004,458.0,1297.0
0.6902588505829086,0.3040381645,0.21359638725,0.48960403275,458.0,1297.0
0.6096010263926817,0.05221106625,0.14094758391666665,0.3570865943333334,458.0,1297.0
0.6974533928471042,0.578984918,0.1091350253,0.1932201697,458.0,1297.0
0.6680129099701553,0.06591238357142858,0.13456226964285714,0.37010879700000004,458.0,1297.0
0.8184924776021058,0.46634705285714295,0.18186053785714287,0.5492406005714285,458.0,1297.0
0.7956011100605649,0.1793964862,0.2491514316,0.7195698804,458.0,1297.0
0.6459171004126901,0.0009951325555555557,0.13036034500000002,0.6094963631111111,458.0,1297.0
0.7834733253915844,0.13953351749999998,0.111250618,0.49181065450000006,458.0,1297.0
0.8092032981946746,0.3138259925555556,0.15535013011111112,0.5755414574444444,458.0,1297.0
0.6833182483787401,0.028958865076923076,0.10545427923076921,0.4223526264615385,458.0,1297.0
0.8132983364041254,0.346679416125,0.09152628799999998,0.378333741625,458.0,1297.0
0.7906747508937333,0.1822845182,0.0994036188,0.5146777226,458.0,1297.0
0.6456264726302936,0.0010286437777777778,0.08952842522222222,0.39850057288888885,458.0,1297.0
0.782702814380281,0.1769925975,0.14376823475,0.36604463600000003,458.0,1297.0
0.8128679779121515,0.4343430235555556,0.15313870322222223,0.30159235966666664,458.0,1297.0
0.6744147447817878,0.0283360095,0.11079713316666669,0.2974928705833333,458.0,1297.0
0.8087429000928953,0.4500992746,0.0625732918,0.19487805260000002,458.0,1297.0
0.8238075541211725,0.6854765614999999,0.09127117733333333,0.2590228151666667,458.0,1297.0
0.7911819450949807,0.204961814,0.106767341,0.36039348066666665,458.0,1297.0
0.6208475748660441,0.05516520775,0.09028770025,0.23142648941666666,458.0,1297.0
0.6991332437920507,0.5681126198,0.0554033912,0.17728378,458.0,1297.0
0.6167973777579661,0.028126932454545454,0.08286404754545454,0.17731572772727272,458.0,1297.0
0.6409042458079707,0.30938164025000003,0.023694705000000003,0.10433365274999999,458.0,1297.0
0.7072112918587706,0.6989623652857143,0.022987947428571427,0.04524237114285714,458.0,1297.0
0.6952324632521945,0.26250409075000003,0.04582469200000001,0.1461305655,458.0,1297.0
0.6314304138191137,0.0014530382222222224,0.07061688188888889,0.2376236702222222,458.0,1297.0
0.7857413608806814,0.3011197505,0.02350864725,0.15171194249999997,458.0,1297.0
0.83900126352544,0.6982475637500001,0.01833066375,0.09930072075,458.0,1297.0
0.6871895318958857,0.05242381866666668,0.04781233558333334,0.21810456091666663,458.0,1297.0
0.783943205190633,0.29474138225,0.037770652,0.1954574035,458.0,1297.0
0.8296882065376201,0.6060457157777778,0.12714736922222222,0.3028412526666666,458.0,1297.0
0.6716128620840257,0.024183208090909094,0.21284854863636363,0.3738905822727272,458.0,1297.0
0.7831610957951239,0.26345758425,0.173670209,0.359655358,458.0,1297.0
0.8248807276430496,0.6473740060000001,0.15786616616666663,0.2224901153333333,458.0,1297.0
0.8051064910960781,0.3097617846,0.1725024376,0.2256853348,458.0,1297.0
0.6779515889535598,0.0583966765,0.15103959383333332,0.24014631891666668,458.0,1297.0
0.8244429210811737,0.6018705233,0.07154464029999999,0.23130797579999998,458.0,1297.0
0.672145724354832,0.027978938090909098,0.09885398872727272,0.23194092745454545,458.0,1297.0
0.7837542101041027,0.2915055525,0.03079856025,0.10569896525,458.0,1297.0
0.8271520021846818,0.6262229202499999,0.020795500749999998,0.129133674,458.0,1297.0
0.7681438671696337,0.0988088486,0.08619114800000001,0.2467140338,458.0,1297.0
0.6074535195436477,0.07208628072727273,0.0934785529090909,0.24576735200000002,458.0,1297.0
0.7070392882380179,0.5474264613333334,0.03384231183333333,0.16822841866666668,458.0,1297.0
0.6936724353230135,0.22013811300000002,0.050774334399999996,0.1947741186,458.0,1297.0
0.6096890148941193,0.03557190166666666,0.07868087675,0.107770333,458.0,1297.0
0.706446796828856,0.46805375809999994,0.0551747073,0.10707974680000001,458.0,1297.0
0.6710452325176501,0.05844887049999999,0.050581960214285716,0.08899723114285715,458.0,1297.0
0.8357344336651413,0.5579565982222222,0.033646711999999995,0.06567963800000001,458.0,1297.0
0.6907431027178853,0.04247831825,0.03775490258333333,0.08940668774999999,458.0,1297.0
0.7916042875091289,0.318226903,0.016946098,0.11416512499999999,458.0,1297.0
0.8443360410745397,0.6657352807777777,0.021084596888888887,0.05336727966666667,458.0,1297.0
0.7077428203655884,0.06517029478571428,0.05312751757142858,0.06067473592857143,458.0,1297.0
0.844806572970281,0.6099340115999999,0.0484266099,0.18787069549999996,458.0,1297.0
0.6909667901880084,0.029794840666666666,0.08679062908333333,0.2568311521666667,458.0,1297.0
0.8297714146131726,0.44913352900000003,0.033862470500000005,0.24764296250000004,458.0,1297.0
0.8476024747112555,0.661990669625,0.094034428125,0.225855087,458.0,1297.0
0.6975628544739428,0.03105073675,0.16579336233333336,0.5320887747499999,458.0,1297.0
0.8180184858111321,0.29746166500000004,0.081271321,0.5525238845,458.0,1297.0
0.848971808567508,0.6312400066999999,0.1014876168,0.5656226856,458.0,1297.0
0.6734640705002655,0.02253258490909091,0.1794659518181818,0.6770485813636363,458.0,1297.0
0.6520367653816339,0.25423428675,0.10921689825,0.52889221575,458.0,1297.0
0.7139421158730587,0.5516613721428572,0.16241274271428568,0.5847083470000001,458.0,1297.0
0.6920026018227194,0.172945756,0.17598371475,0.6092632179999999,458.0,1297.0
0.6098575326145198,0.04070334158333334,0.10258360050000002,0.5077330479166667,458.0,1297.0
0.7076053564693748,0.584048826375,0.10170421662500001,0.48876229825,458.0,1297.0
0.6996410290560376,0.185941314,0.08681167,0.43747436024999997,458.0,1297.0
0.6767908038052367,0.049353324,0.089625682,0.44713901075,458.0,1297.0
0.8464830448822886,0.6420183923749999,0.036180980749999994,0.2175795725,458.0,1297.0
0.817539742556534,0.235026437,0.04292163125,0.1575745585,458.0,1297.0
0.6763262234133213,0.026417319090909094,0.1232077279090909,0.2854072273636364,458.0,1297.0
0.846175038890586,0.582508386125,0.061952787249999995,0.274173667,458.0,1297.0
0.8206960047940142,0.29583652920000003,0.1086112266,0.27481164140000003,458.0,1297.0
0.6581951234609762,0.0,0.1463841762222222,0.14438561655555557,403.0,1142.0
0.789885614927142,0.23944899175,0.0641627415,0.0890289225,359.0,1018.0
0.8398150199091483,0.5945958772222223,0.06508339177777778,0.07146553244444445,359.0,1018.0
0.701057972406419,0.04879520192857143,0.1026099677142857,0.04542559335714286,359.0,1018.0
0.8417618290105239,0.5754766758999998,0.042612651,0.042139223600000004,359.0,1018.0
0.7050611197576299,0.063459635,0.08616570371428571,0.02689706271428571,359.0,1018.0
0.8505346401736951,0.6969246152222222,0.04033736355555555,0.025345907777777777,359.0,1018.0
0.6798412321686536,0.04759043576923077,0.08437364838461539,0.09807551707692307,359.0,1018.0
0.6870704442425893,0.3682154725,0.02014151975,0.09975644825,359.0,1018.0
0.7226451821011275,0.5823647362500001,0.07610546624999999,0.28316073287500004,359.0,1018.0
0.6228962159592879,0.028612183692307693,0.1547551587692308,0.47757037276923076,359.0,1018.0
0.6950987377100417,0.5810766377500001,0.124663544625,0.35297661137499997,359.0,1018.0
0.7076483064484957,0.43828766066666663,0.183023686,0.4429634603333333,359.0,1018.0
0.6470920474669698,0.025048802250000002,0.12820847783333336,0.31244641450000005,359.0,1018.0
0.8136477743694097,0.4501589815,0.042435385250000006,0.25059984425,359.0,1018.0
0.8450862157385228,0.7377498545000001,0.022463875125,0.064935308375,359.0,1018.0
0.7327586382096088,0.039268720666666666,0.11321935466666666,0.10469254483333335,359.0,1018.0
0.6803165300294319,0.08119314562499999,0.115436350625,0.14656438362500002,359.0,1018.0
0.853117903416392,0.6779831572222222,0.05125922688888889,0.09543410444444446,359.0,1018.0
0.8185480016919958,0.151316957,0.08820934633333333,0.2603571416666666,359.0,1018.0
0.6983302536926449,0.023112269363636362,0.232377577,0.5657530476363637,359.0,1018.0
0.8360788077455579,0.5482503697500001,0.17890837825,0.563518935375,359.0,1018.0
0.815944708302783,0.30093754850000004,0.16141135425,0.6179018365,359.0,1018.0
0.6609645497006497,0.002637169,0.0682432037,0.25558331219999997,359.0,1018.0
0.7842895966226963,0.24255939125,0.05797037025,0.07661158824999999,359.0,1018.0
0.8306344342617829,0.586358788,0.13437847516666668,0.18578738583333332,359.0,1018.0
0.8096057506470777,0.22757221950000003,0.4103664535,0.63282235275,359.0,1018.0
0.6845984139984483,0.029335416384615384,0.4558556393076923,0.8501462571538462,359.0,1018.0
0.8121060551678374,0.43956829299999994,0.25625866099999994,0.8339765933999999,359.0,1018.0
0.707270323533228,0.022826008666666665,0.13649115950000001,0.5568059061666667,359.0,1018.0
0.5936268460590302,0.0537563315,0.22954212825,0.728111064,359.0,1018.0
0.6885756571425431,0.4954802130000001,0.3509057744,0.6900831004,359.0,1018.0
0.613640465219412,0.017686786416666666,0.12444703808333334,0.5061005334166667,359.0,1018.0
0.664917202615747,0.36676973675,0.0958068585,0.62672357425,359.0,1018.0
0.7081149315913063,0.6065534052499999,0.06680263875,0.5078657208749999,359.0,1018.0
0.6682539780462287,0.03967853035714286,0.08489880614285715,0.11336343321428573,359.0,1018.0
0.8177812082283696,0.3621011261111111,0.15740470955555555,0.19118124622222224,359.0,1018.0
0.760636804201879,0.0384692106,0.1761377556,0.28968039079999996,359.0,1018.0
0.6808302311186186,0.05180931827272727,0.2294011471818182,0.49111094036363634,359.0,1018.0
0.8147381341922756,0.5130804707142856,0.25988588942857144,0.5357016640000001,359.0,1018.0
0.7683342549902057,0.104675511,0.23659897983333333,0.5325871433333335,359.0,1018.0
0.6673189818726739,0.0341291436,0.14013043249999999,0.4558082786999999,359.0,1018.0
0.8140557253641634,0.3796620622222222,0.08443386055555555,0.37553948300000006,359.0,1018.0
0.7620143089412593,0.0501191176,0.05121110720000001,0.412386694,359.0,1018.0
0.66711210266263,0.053827242799999994,0.0809367406,0.5855287815,359.0,1018.0
0.8286091166955266,0.6033535644000001,0.0896831736,0.6174351607,359.0,1018.0
0.673403893603902,0.015095146000000002,0.09208436336363636,0.2635954379090909,359.0,1018.0
0.7897297745662849,0.272148243,0.0438863956,0.0996622864,359.0,1018.0
0.822049722817977,0.571054529,0.0536789445,0.184230237,359.0,1018.0
0.7716828963348168,0.10631600499999999,0.1388799435,0.23791713166666664,359.0,1018.0
0.5986769962825882,0.047921667099999996,0.0864133573,0.43584446329999993,359.0,1018.0
0.6928662576789417,0.5735049244444446,0.07935663933333333,0.6178145542222222,359.0,1018.0
0.6198283999213811,0.03661091535714286,0.07337333657142857,0.5490802480714286,359.0,1018.0
0.6943176936276546,0.5825967215555556,0.095580767,0.6564745997777778,359.0,1018.0
0.6809643297132952,0.13411409649999997,0.12550199650000002,0.6586281198333332,359.0,1018.0
0.6708158787137535,0.034569006199999995,0.1504794666,0.5166832168000001,359.0,1018.0
0.8157008126511167,0.399639996,0.15386941187499997,0.303061079375,359.0,1018.0
0.7707837685579436,0.08684901166666668,0.11893008650000002,0.2623097355,359.0,1018.0
0.6541623374473946,0.015296752666666667,0.05063197333333333,0.14813313355555557,359.0,1018.0
0.8196850600983545,0.47276597369999995,0.0189758579,0.075098711,359.0,1018.0
0.7280877753180076,0.047857815571428576,0.0969287107142857,0.12758021414285714,359.0,1018.0
0.6745749279596924,0.062668521125,0.08400975249999999,0.260023858125,359.0,1018.0
0.8295566701397397,0.6145843601111112,0.028109892333333338,0.24502474422222223,359.0,1018.0
0.7313511386068191,0.04791609728571428,0.07347203999999999,0.2677018528571428,359.0,1018.0
0.6742193039354203,0.05693939175,0.057741107249999986,0.29657734075000003,359.0,1018.0
0.8277408558377031,0.5067540187999999,0.10858303890000001,0.5372011895000001,359.0,1018.0
0.6774355912867868,0.007764604416666667,0.15080220116666668,0.5046472285,359.0,1018.0
0.8061888326909241,0.213020965,0.213043526,0.7472359304999999,359.0,1018.0
0.805211613472167,0.3316195495555555,0.2782921608888889,0.8245893923333333,359.0,1018.0
0.6304140335757084,0.0007320734545454545,0.1677298112727273,0.6135421522727272,359.0,1018.0
0.6678605012529518,0.204740125,0.23434893525,0.45080457549999997,359.0,1018.0
0.690474304254827,0.3784081691428571,0.28132775871428567,0.5462489087142858,359.0,1018.0
0.6575532349974897,0.036785484714285714,0.20450815528571428,0.5961012487142857,359.0,1018.0
0.5991341718284902,0.049873849250000005,0.155063482,0.47847350712500003,359.0,1018.0
0.68883623118803,0.47627259811111117,0.105445552,0.4894685625555556,359.0,1018.0
0.6580651602950905,0.02555889142857143,0.1836030597142857,0.6674500667142856,359.0,1018.0
0.6748396032612571,0.0210201015,0.425016139,0.87225931025,359.0,1018.0
0.8110322528507976,0.27945390933333336,0.37557147955555553,0.8742535173333333,359.0,1018.0
0.7094882748314281,0.021268610625,0.20282254587500004,0.6909692846249998,359.0,1018.0
0.6850942905138885,0.050236100857142856,0.09354090242857142,0.3425283381428571,359.0,1018.0
0.8110755924437916,0.45735043729999997,0.032467899300000005,0.14120515940000003,359.0,1018.0
0.6749228830650523,0.008278640333333332,0.11902350441666666,0.1431446146666667,359.0,1018.0
0.8094080303676137,0.45731999319999994,0.0681278096,0.1874735978,359.0,1018.0
0.8179929572695576,0.607159978,0.093252409,0.2426482613333333,359.0,1018.0
0.7250369047582474,0.02944933542857143,0.22132686514285713,0.5198310022857142,359.0,1018.0
0.6552045907843225,0.006502975142857143,0.2729961491428572,0.5781351162857142,359.0,1018.0
0.8072174964985924,0.27848942975,0.23682579274999996,0.46569303916666654,359.0,1018.0
0.6757986440511491,0.006007518916666666,0.16125017633333333,0.40873258025,359.0,1018.0
0.8145839450053883,0.347523252625,0.08114711225,0.28201916375,359.0,1018.0
0.7723925539703284,0.0970236737142857,0.09584222500000002,0.22769039071428573,359.0,1018.0
0.6062996400893541,0.0313578201,0.10265901609999999,0.12657626219999998,392.6,1111.6
0.6881688958656242,0.4787435158571428,0.09540633071428573,0.06927058042857143,401.0,1135.0
0.6826367306827547,0.18362114575,0.09634785625,0.10430048274999999,401.0,1135.0
0.6178856899019038,0.01869082476923077,0.13765210599999997,0.10273260407692307,401.0,1135.0
0.6879249523967955,0.3634029702857143,0.17483074228571427,0.14026462042857143,401.0,1135.0
0.6832652646791044,0.13375095825,0.16741914349999998,0.37775610175,401.0,1135.0
0.6372236855976787,0.0,0.15633205779999998,0.454562167,401.0,1135.0
0.7923594583296245,0.16230770359999996,0.1103529872,0.481723126,401.0,1135.0
0.8144258989934746,0.38925447316666667,0.105160361,0.5419190173333334,401.0,1135.0
0.773105692663718,0.06040758583333333,0.12193809866666665,0.5747379578333333,401.0,1135.0
0.684597541683885,0.042940065363636364,0.08124518763636362,0.3973451987272727,401.0,1135.0
0.8162527605256333,0.483988802125,0.038328486,0.26230692387500004,401.0,1135.0
0.7101890753406546,0.056315795375,0.064622602625,0.25267681225,401.0,1135.0
0.8176015907186839,0.5612784171249999,0.033243502375,0.14183637275000002,401.0,1135.0
0.6955431861961411,0.024439900285714283,0.09889384078571428,0.2634522810714286,401.0,1135.0
0.810499002087041,0.3780489847272727,0.06125940472727273,0.3057327088181818,401.0,1135.0
0.6961406928997275,0.013424688857142859,0.1188640122142857,0.3004872214285715,401.0,1135.0
0.812608439092718,0.40900357187499997,0.15864000275,0.5012914781250001,401.0,1135.0
0.7733921785255906,0.081270171,0.18898216450000002,0.7463078204999999,401.0,1135.0
0.6044107631918416,0.0362904919,0.1985294028,0.7348600079000002,401.0,1135.0
0.687413193190452,0.4735557726999999,0.1593291474,0.7603223592,401.0,1135.0
0.6254935758207741,0.04217992773333334,0.09109048066666665,0.6137231668666666,401.0,1135.0
0.691547575146966,0.5847062652500001,0.05025102100000001,0.483525520375,401.0,1135.0
0.6711291396105779,0.03395067546666666,0.09813113626666665,0.47567976473333334,401.0,1135.0
0.8158484698242118,0.46639272242857144,0.09667851114285715,0.44406874685714287,401.0,1135.0
0.7875437709410185,0.08981087900000001,0.09976158350000001,0.49116040366666674,401.0,1135.0
0.6476025413975229,0.0,0.1648951788888889,0.638705932888889,401.0,1135.0
0.808254646676928,0.23438624175,0.31774964825,0.851933775,401.0,1135.0
0.8212113544790537,0.5479352243333334,0.3704879363333333,0.9053267071666666,401.0,1135.0
0.7776151114127966,0.07753764366666667,0.2636325905,0.7079739496666666,401.0,1135.0
0.6964345957219401,0.08888884383333333,0.16463731175000001,0.5154976219999999,401.0,1135.0
0.8099730195021175,0.38479805075,0.11455132750000001,0.394915171875,401.0,1135.0
0.6883202411680979,0.0043423744615384615,0.07068749999999999,0.14929585423076921,401.0,1135.0
0.8180324041207334,0.296661406,0.029614145125,0.109429678,401.0,1135.0
0.8002666428677334,0.12439679575,0.040632034500000004,0.14877495500000001,401.0,1135.0
0.6838882048391272,0.0037976125,0.04718944541666667,0.27178887216666664,401.0,1135.0
0.8125535333380642,0.31809986045454547,0.04638652009090909,0.5107982060909091,401.0,1135.0
0.6485595129179814,0.019128176357142857,0.13701276921428568,0.6578239431428571,401.0,1135.0
0.6880660797339095,0.460148959375,0.175928429625,0.57468429575,401.0,1135.0
0.6693507315255839,0.048464446142857144,0.09151678871428572,0.35615283928571423,401.0,1135.0
0.6016401746779131,0.03706773433333334,0.08200994066666667,0.4047343826666666,401.0,1135.0
0.6881975528332291,0.5790464013333334,0.07201485255555556,0.6358233787777778,401.0,1135.0
0.6452529138506553,0.014718350800000002,0.10938896599999999,0.7015647057999999,401.0,1135.0
0.7460354929656733,0.1302498883333333,0.10331156516666666,0.539002925,401.0,1135.0
0.8185931092259457,0.6185822648888889,0.03902421366666667,0.35887647366666664,401.0,1135.0
0.6782488347477851,0.00056924125,0.17444867016666668,0.5593609724166667,401.0,1135.0
0.810860925648261,0.37259654400000003,0.21537699449999997,0.7928127812500001,401.0,1135.0
0.8346032245634297,0.6849556545714286,0.1997940482857143,0.843827183,401.0,1135.0
0.6856902880999308,0.014371798833333333,0.20274740074999997,0.792243955,401.0,1135.0
0.7868458566404184,0.17093719675,0.12219321250000001,0.7229775270000001,401.0,1135.0
0.823172114782084,0.61884573725,0.20434066675,0.7411251689999999,401.0,1135.0
0.7040198344725841,0.01866517833333333,0.24573372688888892,0.8372290329999998,401.0,1135.0
0.7045113959729727,0.042171073333333337,0.18799040966666666,0.7915081446666665,401.0,1135.0
0.8210133330824494,0.5827584167142856,0.22213732757142854,0.7993305622857143,401.0,1135.0
0.7824893900734795,0.1319463222857143,0.18560316799999996,0.6876576625714286,401.0,1135.0
0.6871335882507075,0.04817828854545454,0.48372203399999997,0.8914877852727273,401.0,1135.0
0.8109047465625542,0.33508666750000005,0.658087713,0.9359416665,401.0,1135.0
0.7490314185124302,0.014845137666666668,0.617363901,0.9315792696666668,401.0,1135.0
0.610799481297789,0.0464763938,0.48514130499999997,0.8900592767000001,401.0,1135.0
0.6952599423670912,0.33557538737500003,0.40247109925,0.843301605,401.0,1135.0
0.6312688009542851,0.006011770733333334,0.21731970440000004,0.4660521971333333,401.0,1135.0
0.706691040140227,0.09869524522222221,0.32621797677777775,0.4317531568888889,401.0,1135.0
0.6743380681939862,0.004326481714285715,0.5273486232142858,0.8853485869285713,401.0,1135.0
0.8387512278305198,0.2698876445,0.52482215,0.8856450935,401.0,1135.0
0.8246910822273258,0.5034112905,0.509195390625,0.8518085820000001,401.0,1135.0
0.7931503301681102,0.02973608925,0.3681453805,0.7895301702499999,401.0,1135.0
0.6862615362845064,0.00412256,0.2031386498,0.4187426307,401.0,1135.0
0.8283439209621425,0.519637883,0.09578450712499999,0.16074783699999998,401.0,1135.0
0.7722256613446065,0.089297542375,0.120318942375,0.4152076437500001,401.0,1135.0
0.7147741751628331,0.053271794299999994,0.26507037640000003,0.8084228585,401.0,1135.0
0.8126254429401948,0.4831886625555556,0.27610438155555556,0.8479305464444444,401.0,1135.0
0.6785636687717161,0.0,0.26968818245454546,0.6935449125454546,401.0,1135.0
0.7880214525914807,0.06205959666666666,0.17728722066666666,0.5774847793333334,401.0,1135.0
0.8149918778122608,0.5964342495714287,0.14057313400000002,0.7033326004285714,401.0,1135.0
0.8034133937839227,0.3244562656666667,0.14036087433333333,0.7122891116666666,401.0,1135.0
0.701158204318758,0.014287830714285715,0.21980281728571427,0.7690571734285713,401.0,1135.0
0.8191491284977733,0.4585652023333333,0.22041740177777783,0.7067110535555555,401.0,1135.0
0.7531959769918061,0.014192048166666667,0.29875388,0.5829658098333333,401.0,1135.0
0.6260482244603996,0.026689538333333332,0.16312334222222222,0.21419695377777778,401.0,1135.0
0.701278403253172,0.6069915561666667,0.10173677933333335,0.3096249898333333,401.0,1135.0
0.6969223411200074,0.34549329375,0.10653072075,0.47506367325,401.0,1135.0
0.649724239507193,0.019371594785714288,0.15595321871428572,0.572147351,401.0,1135.0
0.6958200974302716,0.6985359868571429,0.05873205728571428,0.44568543628571433,401.0,1135.0
0.6917921864148228,0.28890687,0.052442336,0.36247967133333336,401.0,1135.0
0.663896929833217,0.0,0.10857782163636363,0.47259935218181826,505.09090909090907,1430.909090909091
0.853283642339177,0.07564820625,0.1730789005,0.6076002295,630.0,1786.0
0.8610444196700725,0.38911641999999996,0.2926593453333333,0.7424709516666667,630.0,1786.0
0.8623224761620187,0.13976894875,0.356732516,0.814322746,630.0,1786.0
0.707830179747965,0.0,0.2905368599090909,0.7439070977272727,630.0,1786.0
0.8727298639763306,0.10629388025,0.4349576335,0.924260093,630.0,1786.0
0.8644979761146824,0.11723147083333334,0.6352723521666667,0.9196621933333334,630.0,1786.0
0.813188227646162,0.012203645333333332,0.6472961836666666,0.8968395008333333,630.0,1786.0
0.7070162478358314,0.0111809153,0.6200718977,0.8923598336999998,630.0,1786.0
0.8477627328311211,0.380817959125,0.5243756205,0.7064603702500001,630.0,1786.0
0.7913616218237766,0.031134938,0.23718663757142858,0.656823348142857,630.0,1786.0
0.7126604556019855,0.012414365333333333,0.14510801922222225,0.47774530422222217,630.0,1786.0
0.8464168148965961,0.4078395316666667,0.12522706566666666,0.5452380963333333,630.0,1786.0
0.8290373614187787,0.2345528455,0.12915317675,0.70216254425,630.0,1786.0
0.7318593477155078,0.015302793285714286,0.16827280835714284,0.6812246937142855,630.0,1786.0
0.8282390133740148,0.660659732875,0.07829332462500001,0.44001905775,630.0,1786.0
0.7234615490953397,0.036976655799999994,0.1995887805,0.24137586779999998,630.0,1786.0
0.6333538300811953,0.03457273016666667,0.16669840533333333,0.10577856183333334,630.0,1786.0
0.6992890289075148,0.6281532815,0.08311129499999999,0.07295935987499999,630.0,1786.0
0.6863824782000999,0.04678728666666667,0.138425541,0.4526187723333333,630.0,1786.0
0.6245749222363096,0.013120487,0.24560359509999996,0.7458719250000001,630.0,1786.0
0.7245381468561541,0.444990390125,0.12984991612500002,0.262052194875,630.0,1786.0
0.7178772625240679,0.03742132116666667,0.10087309816666666,0.04156188416666667,630.0,1786.0
0.6839339395027928,0.0,0.08461831828571428,0.4256363348571428,630.0,1786.0
0.8657352626443042,0.1164179115,0.0978929125,0.6228983899999999,630.0,1786.0
0.847279757769465,0.5729210743333334,0.06257285033333333,0.6458196214999999,630.0,1786.0
0.7613317286159788,0.042022258235294124,0.08665482876470587,0.5977533008235295,630.0,1786.0
0.8346915284177399,0.45507389666666664,0.05839593377777778,0.5478631318888889,630.0,1786.0
0.7260227009635619,0.002136657666666667,0.11103142611111111,0.41485400088888885,630.0,1786.0
0.7671167454733512,0.07985377742857144,0.09631462871428573,0.14642659485714285,630.0,1786.0
0.8230369815511903,0.6274064578749999,0.16731920175000004,0.39154206550000004,630.0,1786.0
0.782105039507631,0.004130248,0.4682993558,0.8474202641999999,630.0,1786.0
0.7105831171072119,0.05549578045454546,0.399158506,0.8586150855454545,630.0,1786.0
0.8240916624758433,0.6801360086666666,0.15910203866666667,0.6531493671666666,630.0,1786.0
0.7904097736682123,0.099076371,0.28788407857142856,0.7838058541428571,630.0,1786.0
0.6823786267209163,0.00020716611111111112,0.2889363414444444,0.8289932357777778,630.0,1786.0
0.8265202201325987,0.5581618765555556,0.13273730733333333,0.7100075697777778,630.0,1786.0
0.7852309950790826,0.04100967183333334,0.23390456650000002,0.7650087506666666,630.0,1786.0
0.620813339718998,0.0194784917,0.22917865440000001,0.8080068618,630.0,1786.0
0.6996763495241113,0.5928520741111112,0.15995244233333336,0.7709667174444444,630.0,1786.0
0.6414581132096882,0.0140812164,0.3484073773333333,0.8257061712,630.0,1786.0
0.6983206211477455,0.6728060135714286,0.22687504257142857,0.7563842232857142,630.0,1786.0
0.6795919187221526,0.07903528255555554,0.343052911,0.611743034,630.0,1786.0
0.7084402259278745,0.023293829875,0.22339183375,0.31189752325,630.0,1786.0
0.8250037195242774,0.6192071398571428,0.08415708357142858,0.284757316,630.0,1786.0
0.7944175835478592,0.08990396285714286,0.11019212871428571,0.2106368291428571,630.0,1786.0
0.7054561876078141,0.015884293,0.0580247433,0.1649360452,630.0,1786.0
0.8275556498162814,0.5879081367142857,0.016824488285714288,0.15709949457142858,630.0,1786.0
0.7971735653909893,0.08627839942857143,0.04213425071428572,0.22479855285714287,630.0,1786.0
0.7067813193300477,0.012595133599999999,0.0472563789,0.272827576,630.0,1786.0
0.8282478806683512,0.4919170362222221,0.015302911555555555,0.12052662244444447,630.0,1786.0
0.7107204140005142,0.0003123828333333333,0.06805773216666668,0.19388974724999997,630.0,1786.0
0.8445407609044437,0.11364783680000001,0.09908721620000001,0.47976438900000007,630.0,1786.0
0.8363185981399438,0.36793693642857145,0.11965573871428571,0.4162766641428571,630.0,1786.0
0.7980506436010422,0.0005371736,0.197453045,0.384553373,630.0,1786.0
0.7233682802940365,0.023598406000000002,0.09938450127272726,0.14653884954545454,630.0,1786.0
0.8487272596481811,0.3630527795,0.026441244500000002,0.034038747,630.0,1786.0
0.8181047728280009,0.04395272985714286,0.043944918285714285,0.03757474657142857,630.0,1786.0
0.6472482493896485,0.007239376699999999,0.04873895600000001,0.23813390220000002,630.0,1786.0
0.7293375040464176,0.3350256952222222,0.06964083144444444,0.27176152677777776,630.0,1786.0
0.6896299359418232,0.000239023125,0.09199218475,0.182589686625,630.0,1786.0
0.6522369999679941,0.010136118428571428,0.05551308314285714,0.27004050371428573,630.0,1786.0
0.7204522381753042,0.37895701625,0.055127178,0.491861665625,630.0,1786.0
0.712529510302747,0.0140585984375,0.13269267418750003,0.6842660138125,630.0,1786.0
0.8602525407390164,0.29665310257142863,0.1833453367142857,0.6883736668571429,630.0,1786.0
0.8606883109147008,0.09076118566666667,0.18234808066666666,0.593015824,630.0,1786.0
0.7240773003674753,0.0,0.25204849244444444,0.7855063343333333,630.0,1786.0
0.8160464933828464,0.023668475857142855,0.559957622,0.930682456142857,630.0,1786.0
0.8616243620156634,0.122669897,0.735061026,0.9286181062857144,630.0,1786.0
0.7380779265887175,0.0013710289333333334,0.7859810331333333,0.9313831927999998,630.0,1786.0
0.8514762656064216,0.14388434399999997,0.57772066025,0.8325960287499999,630.0,1786.0
0.7460946904853981,0.0021445613125,0.4153164856249999,0.7653906035000002,630.0,1786.0
0.8606247804958475,0.16215956342857143,0.525559112,0.7386677187142857,630.0,1786.0
0.821262367895507,0.030772312,0.3438212749999999,0.6444104225714284,630.0,1786.0
0.7365037125417883,0.024444937083333337,0.1966127436666667,0.6858131639999999,630.0,1786.0
0.8672354857144453,0.2273074712857143,0.32116616914285717,0.8161797137142858,630.0,1786.0
0.6996743901306005,0.0009477554666666667,0.384178734,0.8083880751999999,630.0,1786.0
0.7525626895718021,0.22912167822222226,0.1751568298888889,0.44627853388888894,630.0,1786.0
0.6803720137460921,0.0007023271333333333,0.2420817008666667,0.5637427514666666,630.0,1786.0
0.7580742545607697,0.2218533131428572,0.4314281591428571,0.5820951132857143,630.0,1786.0
0.7456553764028429,0.01272360227777778,0.38744553416666666,0.8055413496666667,630.0,1786.0
0.8891996530629078,0.063156443125,0.374678574625,0.7942920603749999,630.0,1786.0
0.7462316607750658,0.0,0.505946382076923,0.8905160431538464,630.0,1786.0
0.8588146155727443,0.10294553474999998,0.617559808,0.7278862318125001,630.0,1786.0
0.724363222691724,0.02780902654545455,0.5253221614545454,0.845547259090909,630.0,1786.0
0.8698096804348767,0.4582361837142857,0.176367913,0.6101447021428571,630.0,1786.0
0.7609607946330703,0.0019676440714285716,0.2628752567857143,0.5883274729285715,757.7142857142857,2146.8571428571427
0.9077455275697593,0.13088262825,0.22919456500000002,0.764620355,928.0,2628.0
0.8890143070886994,0.26916682599999997,0.10547612259999999,0.56677061,928.0,2628.0
0.7752017694723045,0.010084772571428572,0.28468226721428563,0.6193000478571429,928.0,2628.0
0.8882484603015982,0.2281186448181818,0.2000108167272727,0.6928735443636362,928.0,2628.0
0.8600025825339389,0.006934974714285715,0.10685870542857143,0.3491513091428572,928.0,2628.0
0.6958867311956056,0.0171737369,0.0955010284,0.2789088081,928.0,2628.0
0.7737480026399646,0.32081899733333336,0.05877631033333333,0.458982438,928.0,2628.0
0.7082862229533279,0.0007314004285714286,0.155202951,0.5715013444285714,928.0,2628.0
0.7555400392702872,0.23277146433333332,0.08034490344444443,0.42010590788888896,928.0,2628.0
0.7078167392681826,0.0,0.16661217366666667,0.4042847726666667,928.0,2628.0
0.875537331683971,0.20461046872727273,0.1415163339090909,0.3724020527272728,928.0,2628.0
0.761364355902431,0.0023346513076923075,0.23372285976923074,0.4131773885384616,928.0,2628.0
0.8578066672188553,0.33279902159999997,0.1550186447,0.49154376860000004,928.0,2628.0
0.8421875806700092,0.04034313014285714,0.26141365085714285,0.6153612782857143,928.0,2628.0
0.759019229766961,0.055977440749999996,0.2194590278333333,0.6402142460833332,928.0,2628.0
0.8704087941801902,0.4885467855000001,0.13697976383333332,0.6363924306666666,928.0,2628.0
0.7941831769243755,0.021923151555555558,0.18640803666666667,0.6423264880555556,928.0,2628.0
0.8916605360353452,0.20272160870000003,0.06050775669999999,0.38077222330000005,928.0,2628.0
0.7753638544137285,0.01910062792857143,0.13613845307142855,0.3667773149285713,928.0,2628.0
0.8867823350985136,0.24731311999999997,0.1291010568333333,0.5250056258333333,928.0,2628.0
0.7838104424577026,0.0016348358000000001,0.24484708149999998,0.6915495761,928.0,2628.0
0.6750746586392292,0.028191854750000002,0.38324511487499996,0.8459941852499999,928.0,2628.0
0.7466938955013261,0.19232147599999996,0.29989192385714286,0.8408963425714286,928.0,2628.0
0.6917143350320217,0.017475991529411764,0.3878745693529413,0.8470813247058824,928.0,2628.0
0.743584751339574,0.3093678614,0.3776118972,0.8535402682000001,928.0,2628.0
0.7116343597605915,0.011787404714285715,0.3345232027142857,0.7372923483571429,928.0,2628.0
0.8739463537803559,0.15730083663636363,0.23518307336363636,0.4088190774545455,928.0,2628.0
0.7853470188315299,0.00357311594117647,0.25524015729411764,0.6981542185294117,928.0,2628.0
0.8865444456296628,0.25977406142857146,0.37928390128571426,0.8408412812857142,928.0,2628.0
0.8251794394065362,0.0013838765,0.38850289362500007,0.8608008525,928.0,2628.0
0.7840876800794758,0.0376096111,0.1974295314,0.7187141909999999,928.0,2628.0
0.8941971440924384,0.3615647345,0.06455075416666667,0.5817628498333333,928.0,2628.0
0.834532626724539,0.001473744875,0.11821147437499999,0.5216179695,928.0,2628.0
0.7808952247559434,0.012023095888888889,0.09644931244444443,0.3489955706666666,928.0,2628.0
0.9024900686132206,0.42094126516666663,0.06233461516666666,0.31004598266666666,928.0,2628.0
0.8810581096700817,0.040582437000000006,0.19731762728571428,0.49146994557142865,928.0,2628.0
0.7909598040429443,0.048705887499999996,0.21458338291666665,0.39533376275,928.0,2628.0
0.9156213144088442,0.5253408880000001,0.144456783,0.2989903521666667,928.0,2628.0
0.8646060129336836,0.0014432354285714287,0.36503963157142866,0.5479723674285714,928.0,2628.0
0.7037184191425029,0.0217807213,0.3828352666,0.5821169354,928.0,2628.0
0.7790915194133632,0.5899785761666666,0.3032988146666667,0.5600563641666667,928.0,2628.0
0.7679305999203808,0.034017925888888884,0.4415158747777778,0.5974857421111112,928.0,2628.0
0.7261115219165617,0.054240745,0.2899329684,0.4929322516,928.0,2628.0
0.790395809712158,0.5050966816,0.18818420260000002,0.6616961608,928.0,2628.0
0.7843468809181036,0.01519846988888889,0.41054152172222225,0.8954354351666668,928.0,2628.0
0.9158787685374656,0.12181845684615385,0.6317899535384615,0.9282842049999999,928.0,2628.0
0.796969655358149,0.013745055666666667,0.6452579574999999,0.9337628224166666,928.0,2628.0
0.9084154447273994,0.08253373246153844,0.5000665763076924,0.9298226339999999,928.0,2628.0
0.7931875797472802,0.007378635,0.3061850479,0.8806552763,928.0,2628.0
0.9239033715719939,0.11999847615384615,0.1871349836153846,0.6557932153846153,928.0,2628.0
0.803482512829715,0.01825423483333333,0.12812712191666667,0.49952537816666664,928.0,2628.0
0.9227309642997431,0.1266423725,0.09085249458333333,0.356720583,928.0,2628.0
0.803286831570332,0.02089953925,0.08127043325,0.24140691108333334,928.0,2628.0
0.9083831903122234,0.16892931075000003,0.09994777108333334,0.17178924783333335,928.0,2628.0
0.7049531285048123,0.0017253941818181817,0.11482304200000003,0.25138516254545457,928.0,2628.0
0.7961169250239564,0.08412977857142857,0.07789040585714287,0.21138379385714287,928.0,2628.0
0.7248980346691458,0.002677730882352941,0.07439945647058822,0.23180159047058824,928.0,2628.0
0.7944881461906355,0.06485364900000001,0.12632688858333332,0.5708318335000001,928.0,2628.0
0.7725760457669848,0.0008791675833333333,0.21597325324999997,0.6726168353333332,928.0,2628.0
0.9351147081862515,0.038001929727272725,0.16743018072727273,0.423039008,928.0,2628.0
0.8017906900579913,0.005500824214285715,0.0750674762857143,0.24476794914285713,928.0,2628.0
0.9444618152518215,0.12875759171428572,0.04588836028571429,0.3287810531428571,928.0,2628.0
0.8441782498665561,0.0,0.11568476471428572,0.6124151537142856,928.0,2628.0
0.7994264692310243,0.006667021777777778,0.2354168511111111,0.7475275348888889,928.0,2628.0
0.9355929090194838,0.17985519575,0.33284015837500003,0.8841403805000001,928.0,2628.0
0.8013850515102974,0.0034903560625,0.511893451375,0.9349881301875002,928.0,2628.0
0.9237952260991428,0.1864680884285714,0.49394852985714294,0.9355129018571429,928.0,2628.0
0.7786936773849957,9.2768e-5,0.5019982016428571,0.9297449527857145,928.0,2628.0
0.9201661382533838,0.08746082963636363,0.29344282990909093,0.8894242775454546,928.0,2628.0
0.7574605777060142,0.001244209625,0.2531732745625,0.80371171325,1138.9375,3225.375
0.7916741592928412,0.065806096,0.3450355293846154,0.7880200223076924,1303.0,3690.0
0.7190532121546032,0.005687533157894737,0.5526263000526316,0.8514658280526316,1303.0,3690.0
0.7132856066271874,0.0,0.5516643993333333,0.8333559638333333,1303.0,3690.0
0.8668194095445172,0.06411003023529412,0.5548251502941177,0.8494622944117649,1303.0,3690.0
0.7635908040377433,0.0021290135454545456,0.5434010164545454,0.7997141640909091,1303.0,3690.0
0.9197306302457308,0.3294197848333333,0.3351466943333333,0.6031866456666667,1303.0,3690.0
0.8944643740618199,0.018408435571428572,0.23095462857142854,0.48923366228571424,1303.0,3690.0
0.7902516447301767,0.0030184602727272723,0.15992508645454545,0.5553722946363636,1303.0,3690.0
0.9279728050072666,0.3005773778333333,0.13649936083333333,0.6169750053333333,1303.0,3690.0
0.8695421273248432,0.00592078775,0.35553028225000005,0.778556581375,1303.0,3690.0
0.7690812309669139,0.0006637795,0.34635797189999995,0.744795678,1303.0,3690.0
0.904592552267469,0.03172387075,0.307452412625,0.7741696195,1303.0,3690.0
0.7583132789849679,0.0,0.5053023735,0.8923863804166666,1303.0,3690.0
0.8724131409000965,0.007079764166666666,0.5579021598333334,0.8398252631666666,1303.0,3690.0
0.8903675512240649,0.025026467666666666,0.609555392,0.8916367775,1303.0,3690.0
0.7470879664051646,0.007536320764705882,0.802923170882353,0.9335229911176471,1303.0,3690.0
0.7781383798472201,0.15817976716666668,0.8673432553333335,0.9319281621666667,1303.0,3690.0
0.7191279212447391,0.003225611222222222,0.8472091625555556,0.8890318654444445,1303.0,3690.0
0.7922790117010011,0.09034528600000001,0.7684612658571429,0.9232206747142857,1303.0,3690.0
0.7792805559808876,0.0010391589375,0.7476204896875001,0.93116334775,1303.0,3690.0
0.9294368840389288,0.251501431,0.6505198427142858,0.9241122554285714,1303.0,3690.0
0.8702102781363428,0.00015390242857142857,0.6559896434285715,0.8986022452857142,1303.0,3690.0
0.7928611359453017,0.0011938057,0.5785574431,0.8158184051000001,1303.0,3690.0
0.93607489549681,0.18844764362500002,0.36913283899999993,0.524094981875,1303.0,3690.0
0.8307695987829335,0.006677186647058823,0.184761742,0.2895790970588235,1303.0,3690.0
0.9438393273253763,0.185010547,0.102152835,0.3361206275,1303.0,3690.0
0.9022598332991415,0.0,0.16139151333333335,0.5635439346666667,1303.0,3690.0
0.8001892469702134,0.001152810909090909,0.21595713645454548,0.6292493357272726,1303.0,3690.0
0.9304378375143537,0.10685124961538464,0.24505037599999996,0.5904318473076923,1303.0,3690.0
0.8053950727599438,0.0009716064545454545,0.15772612,0.4219268338181818,1303.0,3690.0
0.9337709889643839,0.08644500146153845,0.09476028338461541,0.2752918783076923,1303.0,3690.0
0.7372309063705131,0.01440671925,0.07377592433333331,0.32901307616666664,1303.0,3690.0
0.8268285411889028,0.2123231392857143,0.12700808900000002,0.6277558867142857,1303.0,3690.0
0.7511115203534297,0.0,0.31328514091666665,0.8177754131666667,1303.0,3690.0
0.7932457786976859,0.048334188699999996,0.22585434399999998,0.6777226467,1303.0,3690.0
0.8129797752590419,0.0030850418571428573,0.11999474285714284,0.39378483328571423,1303.0,3690.0
0.8005244686767684,0.004866150916666667,0.10497850991666667,0.38077194408333326,1303.0,3690.0
0.9336454675795306,0.09174326071428571,0.17347921128571428,0.46560257885714285,1303.0,3690.0
0.8125944312206238,0.0005690720625,0.21881669774999998,0.5147067491249999,1303.0,3690.0
0.9085716458441666,0.11058697092307693,0.27015604015384614,0.7113065385384617,1303.0,3690.0
0.7937864042603063,0.002892059916666667,0.4451158904999999,0.8821889000833334,1303.0,3690.0
0.9031308244238425,0.03064333283333333,0.2434424696666667,0.7593612220833332,1303.0,3690.0
0.7755812964661616,0.0005136507272727272,0.24986946181818182,0.6346235730909092,1303.0,3690.0
0.8788177194226467,0.04968162366666666,0.37365826440000005,0.6565510913333334,1303.0,3690.0
0.7878586292725812,0.0017179445,0.5424678534,0.7169726087000001,1303.0,3690.0
0.8809510191416824,0.00985302025,0.761426488,0.80348831075,1303.0,3690.0
0.6912040421806983,0.004410630666666667,0.7067809667500001,0.596921761,1303.0,3690.0
0.7820337781109209,0.10646604914285714,0.5203030268571428,0.4435972198571428,1303.0,3690.0
0.7220339519643214,0.0014052140588235295,0.40733236517647065,0.600588011,1303.0,3690.0
0.7880913866595056,0.031205494,0.39081409057142863,0.39831085399999994,1303.0,3690.0
0.7315473266586889,0.0,0.3597635210833334,0.4565432038333333,1303.0,3690.0
0.9271585805953251,0.08307239725,0.26858661074999995,0.37463059558333334,1303.0,3690.0
0.8654523852975092,0.0,0.250355076,0.4657169975,1303.0,3690.0
0.8087519731959293,0.00931651190909091,0.30159777009090916,0.682875806909091,1303.0,3690.0
0.9366499368475656,0.1956693147142857,0.3187633,0.7838299908571428,1303.0,3690.0
0.7942980161487574,0.0,0.3624254565833333,0.7681842627500001,1303.0,3690.0
0.9238112410800687,0.0206380702,0.27722349560000004,0.6242579736,1303.0,3690.0
0.9437623256755563,0.1474042653333333,0.2015868201666667,0.5653320860000001,1303.0,3690.0
0.8366362466045251,0.005861233888888889,0.1970475591111111,0.6612931526111112,1303.0,3690.0
0.9040943454000883,0.07619893553846153,0.14150278576923078,0.4808983787692307,1303.0,3690.0
0.8006798242236745,0.0006265223999999999,0.146667728,0.3867513387,1303.0,3690.0
0.9105524679500744,0.10652340307142857,0.1458513196428571,0.4769928337857142,1303.0,3690.0
0.7137606705462333,0.0036197052727272726,0.20269842036363636,0.6695467002727272,1303.0,3690.0
0.8017431664737865,0.06024462216666667,0.34264053450000004,0.8907599283333333,1303.0,3690.0
0.7775310379675897,0.0,0.5723175772857143,0.9092785577142858,1303.0,3690.0
0.6901305931631582,0.000167087,0.6473376859000001,0.7754125828,1303.0,3690.0
0.7976453379448355,0.093372598375,0.47811351387500006,0.7027214715000001,1303.0,3690.0
0.7792038557286499,0.0009914945882352941,0.20149685917647062,0.37889842911764704,1303.0,3690.0
0.9153232954892162,0.039099422142857145,0.117388166,0.5372581527142858,1303.0,3690.0
0.8251374630866357,0.0,0.25425512242857146,0.8323463832857143,1303.0,3690.0
