Demand,Avail_Sol,Avail_Wind_On,Avail_Wind_Off,Hyd_In,HydRoR_In
0.7835673474010767,0.0,0.3281629336,0.6873952058,11191.0,0.0
0.880950338579366,0.0,0.35467028899999997,0.6393845195,11191.0,0.0
0.8967100594865425,0.0016080753333333334,0.36464278099999997,0.6452730573333333,11191.0,0.0
0.8922435762506697,0.0072242455,0.356741055,0.6260167830000001,11191.0,0.0
0.8915961954046686,0.009970617,0.34031143300000005,0.663788899,11191.0,0.0
0.8963259249541846,0.0,0.3223041285,0.701401878,11191.0,0.0
0.8830068802186588,0.0,0.2903617352,0.690506259,11191.0,0.0
0.8131492306164665,0.0,0.26042214799999996,0.613240395,11191.0,0.0
0.7883601613415611,0.0,0.2371336544,0.6061504343999999,11191.0,0.0
0.8889670204356581,0.0,0.22662072,0.5882311689999999,11191.0,0.0
0.8968888774918501,0.004355835666666667,0.20459496533333332,0.5489974033333334,11191.0,0.0
0.8925633498927601,0.0438533015,0.1993674835,0.5296248450000001,11191.0,0.0
0.8912880430765356,0.038608202,0.196674745,0.484856881,11191.0,0.0
0.8973115512198209,0.0,0.19246816500000002,0.4987546495,11191.0,0.0
0.8982343479509146,0.0,0.18791165033333335,0.4882183583333333,11191.0,0.0
0.8548343287022879,0.0,0.16007936833333333,0.48526142166666664,11191.0,0.0
0.7981422808899352,0.0,0.125214828,0.524255452,11191.0,0.0
0.7911421003038357,0.0,0.1272676705,0.5521601979999999,11191.0,0.0
0.8975214374120623,0.0,0.1699876255,0.5946433444999999,11191.0,0.0
0.9005768886160075,0.0068256689999999995,0.20722831,0.627810937,11191.0,0.0
0.8992207154596306,0.0270136165,0.229456362,0.636491924,11191.0,0.0
0.898445048198609,0.006964083,0.237889695,0.6601453905,11191.0,0.0
0.9028367094396682,0.0,0.2574305323333333,0.6588884923333334,11191.0,0.0
0.8823581551906496,0.0,0.25117746799999996,0.545815656,11191.0,0.0
0.8174538928132351,0.0,0.269946972,0.502777213,11191.0,0.0
0.79456347052279,0.0,0.2751515296,0.5262344136,11191.0,0.0
0.8989407625109233,0.0,0.26002912175,0.52120259375,11191.0,0.0
0.90104047102477,0.004156126,0.2669105375,0.539767788,11191.0,0.0
0.8989167541067504,0.00715461025,0.28615262075000003,0.53634580575,11191.0,0.0
0.9040428522416623,0.0,0.31009146249999997,0.5236005340000001,11191.0,0.0
0.901829855218569,0.0,0.3320493023333333,0.5431054033333332,11191.0,0.0
0.870614632814642,0.0,0.3577070625,0.5493271235,11191.0,0.0
0.8058504558349557,0.0,0.3941418655,0.5076089687500001,11191.0,0.0
0.7970980560134198,0.0,0.38106886166666665,0.439238292,11191.0,0.0
0.8959908225364007,0.0,0.388655134,0.4174180965,11191.0,0.0
0.902733164603502,0.0006071936666666667,0.3894697443333333,0.3885646583333333,11191.0,0.0
0.9011220464656031,0.0156715355,0.396071586,0.416138903,11191.0,0.0
0.9013684167734183,0.013183029249999999,0.37078272500000004,0.44789284250000005,11191.0,0.0
0.9064490849071394,0.0,0.349270851,0.470003688,11191.0,0.0
0.876369108225298,0.0,0.33875815649999996,0.4989492715,11191.0,0.0
0.8130465076417644,0.0,0.3460245766666667,0.4981182743333334,11191.0,0.0
0.7882821255266637,0.0,0.38706443275,0.43787014275,11191.0,0.0
0.8009972266935939,0.0,0.4293272175,0.444180989,11191.0,0.0
0.8438474864162283,0.003161835,0.46193701833333334,0.462441378,11191.0,0.0
0.8597026769393873,0.0760052655,0.5239416564999999,0.530089225,11191.0,0.0
0.8581630921697045,0.083994562,0.4960334585,0.5719013374999999,11191.0,0.0
0.8634282115593481,0.0106310585,0.5140009085,0.656877339,11191.0,0.0
0.8803597751305641,0.0,0.5493827835,0.751009847,11191.0,0.0
0.8676725264675368,0.0,0.5842198885000001,0.80240233575,11191.0,0.0
0.8146814814090452,0.0,0.5770422153333333,0.757637908,11191.0,0.0
0.7945846114576276,0.0,0.56657284075,0.6795549925,11191.0,0.0
0.8239019404195611,0.0,0.467713467,0.6426553500000001,11191.0,0.0
0.8586493046640918,0.03343104,0.507596238,0.63262233,11191.0,0.0
0.8610002916300854,0.11318906599999999,0.5589275515,0.63241592,11191.0,0.0
0.8569405247985968,0.12061110750000001,0.578882933,0.659099702,11191.0,0.0
0.8602958029901493,0.025994967,0.5581503615,0.685434705,11191.0,0.0
0.8735098102096173,0.0,0.5720189935,0.6934969440000001,11191.0,0.0
0.856625441650879,0.0,0.6667205709999999,0.7750534434999999,11191.0,0.0
0.8061006825418886,0.0,0.5955302222500001,0.8187348962500001,11191.0,0.0
0.8048550859946343,0.0,0.48334925833333336,0.7548421543333333,11191.0,0.0
0.9051703046127244,0.0,0.4408308285,0.6555370475,11191.0,0.0
0.9116796384920609,0.009285505,0.43998933199999996,0.5562326670000001,11191.0,0.0
0.9043925899464815,0.10795093166666665,0.4575745226666667,0.4871170146666666,11191.0,0.0
0.9034790292353536,0.04521752033333332,0.467794266,0.5312395656666666,11191.0,0.0
0.9151552409016204,0.0,0.4363719925,0.561409461,11191.0,0.0
0.8980608650262736,0.0,0.38479159425,0.5340695105,11191.0,0.0
0.8129586380304354,0.0,0.30646799175000006,0.4170973155,11191.0,0.0
0.8037762145638186,0.0,0.30424033466666667,0.3342087583333333,11191.0,0.0
0.9049184700314777,0.0,0.305950839,0.34098361499999996,11191.0,0.0
0.9117691280475023,0.006794836333333333,0.3078566566666667,0.40237934366666667,11191.0,0.0
0.9067248311373778,0.09949768633333334,0.3050568196666667,0.43431072600000004,11191.0,0.0
0.9034402481845873,0.07419339550000001,0.312217788,0.46679847399999996,11191.0,0.0
0.9126224704332269,0.0006246086666666667,0.2980940836666666,0.454610217,11191.0,0.0
0.8915726220380273,0.0,0.25259992724999997,0.41233018275,11191.0,0.0
0.8108136570459517,0.0,0.2383588635,0.47169176875,11191.0,0.0
0.8024114666681382,0.0,0.18631310266666667,0.4881308976666667,11191.0,0.0
0.9031281631355383,0.0,0.1628899585,0.480760705,11191.0,0.0
0.9076317188240806,0.0031798303333333334,0.16812269866666665,0.476152702,11191.0,0.0
0.903945271263644,0.0910805935,0.19093201599999998,0.4733396175,11191.0,0.0
0.9022239188659706,0.10910588299999999,0.18027602599999998,0.45185512299999997,11191.0,0.0
0.902679184133799,0.006262158,0.163453667,0.45740465799999996,11191.0,0.0
0.9045629376424842,0.0,0.140678867,0.4185295085,11191.0,0.0
0.8595968753132288,0.0,0.13550881566666667,0.361302582,11191.0,0.0
0.7980958921268994,0.0,0.13809586733333332,0.34956839200000006,11191.0,0.0
0.90141471688247,0.0,0.12324381074999999,0.356764038,11191.0,0.0
0.9024334907842655,0.017593275499999998,0.1188068105,0.3493199655,11191.0,0.0
0.9023203779037112,0.034179377,0.11574509879999999,0.33942859680000004,11191.0,0.0
0.9125808043725592,0.0,0.15612451049999998,0.4123846545,11191.0,0.0
0.8918034703221742,0.0,0.1768397905,0.46639784425,11191.0,0.0
0.8262591771470622,0.0,0.163078183,0.4313336555,11191.0,0.0
0.7971979452223881,0.0,0.162618917,0.4291017912,11191.0,0.0
0.9032826099867413,0.0,0.15956008124999999,0.443253004,11191.0,0.0
0.9073996777945426,0.0205269735,0.16671186049999998,0.4670231715,11191.0,0.0
0.9061517626258159,0.0486877572,0.182709535,0.40487107079999995,11191.0,0.0
0.9147861447482202,0.0,0.148651735,0.373224167,11191.0,0.0
0.8926343838730498,0.0,0.11325245225000001,0.363851107,11191.0,0.0
0.8123416485770786,0.0,0.08642389333333333,0.34822140366666665,11191.0,0.0
0.7831582638139587,0.0,0.07835950750000001,0.3201752285,11191.0,0.0
0.8130827177925838,0.0,0.10008503475,0.3468023115,11191.0,0.0
0.8515491977543925,0.011949293,0.117065927,0.386855378,11191.0,0.0
0.8539403436961198,0.0686781165,0.11816451249999999,0.39044231249999994,11191.0,0.0
0.8651159249029391,0.008803850666666667,0.143406866,0.4044529506666667,11191.0,0.0
0.8654406533417575,0.0,0.19042393300000002,0.4740269862,11191.0,0.0
0.806994486173091,0.0,0.1809376753333333,0.43646733666666665,11191.0,0.0
0.7866993884055432,0.0,0.26378206039999996,0.528390222,11191.0,0.0
0.8239388961428445,0.0,0.32909399433333336,0.6005170543333332,11191.0,0.0
0.8549057332385208,0.0209684465,0.3412020375,0.629882159,11191.0,0.0
0.8565239598975535,0.07107487033333333,0.37140016099999995,0.654465047,11191.0,0.0
0.8614372302203419,0.0073570515,0.4328329405,0.6784159845,11191.0,0.0
0.8778117405648553,0.0,0.495650146,0.7331393905,11191.0,0.0
0.8647208216785174,0.0,0.5934400037500001,0.83022834425,11191.0,0.0
0.8142103717096072,0.0,0.611925282,0.8363018246666667,11191.0,0.0
0.8040375306608033,0.0,0.68942967675,0.88259112675,11191.0,0.0
0.9055496037475274,0.0,0.7471948845,0.923258967,11191.0,0.0
0.9110488275119363,0.002381611666666667,0.776961404,0.93381078,11191.0,0.0
0.9131232057818496,0.020372501,0.7520115355,0.9348895945,11191.0,0.0
0.9122068725920154,0.012879594500000001,0.7893178487499999,0.9368222795,11191.0,0.0
0.9173080678129089,0.0,0.8295912274999999,0.9374948635,11191.0,0.0
0.8926070630962623,0.0,0.833968132,0.93725804675,11191.0,0.0
0.825118620516706,0.0,0.8222513325,0.9374454999999999,11191.0,0.0
0.7969767293461434,0.0,0.8672027413999999,0.9305868536,11191.0,0.0
0.8996987078306515,0.0,0.8616675685,0.9001803685,11191.0,0.0
0.902892543804231,0.0008125136666666667,0.8412786046666666,0.877467506,11191.0,0.0
0.9021247259138425,0.017929910666666667,0.7709187026666666,0.9151639603333334,11191.0,0.0
0.9022853944839498,0.010164689999999999,0.74655476,0.8956358736666666,11191.0,0.0
0.9104744469082879,0.0,0.6867673195,0.855322012,11191.0,0.0
0.8884746666111623,0.0,0.611870923,0.7728000925,11191.0,0.0
0.8246225917336554,0.0,0.5385454255,0.7418491145,11191.0,0.0
0.7972670352697425,0.0,0.4972406152000001,0.6760010354,11191.0,0.0
0.9037017054129426,0.0,0.44234147575,0.60946841125,11191.0,0.0
0.9087449226008466,0.013609435500000001,0.4084255235,0.5484324825,11191.0,0.0
0.9075214686898964,0.029607997666666667,0.3792177456666666,0.5060517800000001,11191.0,0.0
0.9095677848743458,0.0103292355,0.3533475225,0.48415357000000003,11191.0,0.0
0.9198513634738561,0.0,0.3402627075,0.4720423415,11191.0,0.0
0.9008257734105791,0.0,0.29741194875000004,0.406862229,11191.0,0.0
0.8153023716049111,0.0,0.25729310175000003,0.34054065975000003,11191.0,0.0
0.8042649417089544,0.0,0.2516853213333333,0.3252512126666667,11191.0,0.0
0.9031822725684178,0.0,0.2223328865,0.294938863,11191.0,0.0
0.9080167560330773,0.004497572333333333,0.21002196733333334,0.2813464376666666,11191.0,0.0
0.9080165465827097,0.042391365,0.1924491175,0.2742826345,11191.0,0.0
0.9082058575069786,0.04355465033333333,0.17438081433333333,0.25723029966666666,11191.0,0.0
0.9152655878565819,0.0009432275,0.17835672800000002,0.2679066235,11191.0,0.0
0.9133488317133152,0.0,0.166851952,0.292537184,11191.0,0.0
0.8832580474449856,0.0,0.150703339,0.22694439900000002,11191.0,0.0
0.8225685709505619,0.0,0.14689883233333334,0.19131963033333332,11191.0,0.0
0.8045608197076557,0.0,0.12174199125,0.139333979,11191.0,0.0
0.9079525724507782,0.0,0.114150259,0.10774815,11191.0,0.0
0.9141765455867624,0.010366441333333334,0.11496356766666667,0.098240017,11191.0,0.0
0.9129667280558018,0.08124383,0.117335642,0.073133646,11191.0,0.0
0.9120066815640704,0.055559648999999996,0.1351380945,0.06711038325,11191.0,0.0
0.921550665923409,0.0,0.172015057,0.10326922150000001,11191.0,0.0
0.9012700137043473,0.0,0.18159417900000002,0.14569019425000002,11191.0,0.0
0.8083837663612496,0.0,0.194230523,0.17392384425000001,11191.0,0.0
0.7832495465544839,0.0,0.20403661233333334,0.21981264666666667,11191.0,0.0
0.8130891127852574,0.0,0.1936468955,0.25497539025,11191.0,0.0
0.8518489041096083,0.0357050625,0.1662831575,0.254595623,11191.0,0.0
0.8512074225745703,0.06827857500000001,0.14441263650000002,0.256042326,11191.0,0.0
0.8543084484860984,0.029453527666666663,0.13185711333333336,0.2631544103333333,11191.0,0.0
0.872909189010579,0.0,0.1320746715,0.2812588275,11191.0,0.0
0.8628726092667764,0.0,0.10315949325,0.23841988549999998,11191.0,0.0
0.8187420540963951,0.0,0.07904435900000001,0.16712942949999998,11191.0,0.0
0.7926528048328058,0.0,0.07055384175,0.16170853325,11191.0,0.0
0.7973504386553683,0.0,0.063629145,0.13024848,11191.0,0.0
0.8313933827101535,0.0,0.06357515066666666,0.10617533933333334,11191.0,0.0
0.858179484596419,0.028469696,0.05969106,0.083048523,11191.0,0.0
0.8603621948864553,0.1151750475,0.060900288999999996,0.069886508,11191.0,0.0
0.8597132668103196,0.128654896,0.050935893999999995,0.059292902999999994,11191.0,0.0
0.864549909981807,0.0306762755,0.0564926825,0.078006149,11191.0,0.0
0.8819142051624238,0.0,0.064118653,0.1070635255,11191.0,0.0
0.8679291481671433,0.0,0.06504480425,0.16521896675000003,11191.0,0.0
0.8123358458573045,0.0,0.06746408975,0.254437649,11191.0,0.0
0.8086533149793832,0.0,0.056183420333333324,0.2590274143333333,11191.0,0.0
0.9103051549916983,0.0,0.053878798,0.2568239,11191.0,0.0
0.9158255260931858,0.0055825879999999994,0.05346241566666667,0.26598624066666665,11191.0,0.0
0.915492229159873,0.0829323795,0.049837632,0.285715405,11191.0,0.0
0.9154821228024574,0.05195447875,0.04933157,0.27800035450000005,11191.0,0.0
0.9233078496835687,0.0,0.0607753655,0.27703425849999996,11191.0,0.0
0.9031082407846447,0.0,0.069280334,0.27382138675,11191.0,0.0
0.8182870668931166,0.0,0.10068829975,0.2412649075,11191.0,0.0
0.808429736256349,0.0,0.13228414766666666,0.23677958866666668,11191.0,0.0
0.909981222779141,0.0,0.161165597,0.292536564,11191.0,0.0
0.91448034576847,0.0,0.200408525,0.3666962105,11191.0,0.0
0.913773874664078,0.04843393266666667,0.23038354400000002,0.4914858546666667,11191.0,0.0
0.9125481885619102,0.039870231250000006,0.285686832,0.620631711,11191.0,0.0
0.9170984472874348,0.0,0.34483037250000004,0.702720019,11191.0,0.0
0.88812902283123,0.0,0.41798521325,0.74968245425,11191.0,0.0
0.8109363465509466,0.0,0.535879061,0.8109359263333333,11191.0,0.0
0.7872822827435337,0.0,0.56064839,0.9024636045000001,11191.0,0.0
0.8908244929085674,0.0,0.47504125100000005,0.92698716525,11191.0,0.0
0.8915993868825052,0.0411556965,0.4040598595,0.905394129,11191.0,0.0
0.8875757413838601,0.04894015225,0.3820096895,0.8941891495000001,11191.0,0.0
0.8906623091523296,0.000676621,0.486272087,0.899429371,11191.0,0.0
0.892189031517872,0.0,0.568101944,0.90998748,11191.0,0.0
0.8687441768132252,0.0,0.63636503775,0.91029984525,11191.0,0.0
0.7895614135397897,0.0,0.690646874,0.9125142035,11191.0,0.0
0.7602419931900256,0.0,0.6603156472000001,0.9027584665999999,11191.0,0.0
0.8789473648456854,0.0,0.584435313,0.9190797820000001,11191.0,0.0
0.8944042527293815,0.012973446333333333,0.5470415023333334,0.921601705,11191.0,0.0
0.8871637785199951,0.11403507875,0.5368482415,0.85664134375,11191.0,0.0
0.8883684783250629,0.0449577865,0.5594578665000001,0.8467226864999999,11191.0,0.0
0.8970590398770828,0.0,0.5518552745,0.8616910325,11191.0,0.0
0.883033823840472,0.0,0.528818023,0.8501312903333332,11191.0,0.0
0.8411628157585858,0.0,0.465361478,0.8148894529999999,11191.0,0.0
0.784782409823756,0.0,0.38660943266666664,0.6936306600000001,11191.0,0.0
0.7928639844942212,0.0,0.32915577766666665,0.6026034206666667,11191.0,0.0
0.89522874304819,0.0,0.27959316050000005,0.5312349890000001,11191.0,0.0
0.9002210419530674,0.0,0.2511295315,0.500254384,11191.0,0.0
0.8967532407005425,0.057671496,0.237248465,0.462946022,11191.0,0.0
0.8922962190717992,0.1521612853333333,0.20854281633333335,0.405493727,11191.0,0.0
0.8941892488112473,0.0404091295,0.1806594725,0.3452640175,11191.0,0.0
0.9024860530526073,0.0,0.1749940905,0.33900235,11191.0,0.0
0.8808070135230008,0.0,0.17974383900000002,0.33316538175,11191.0,0.0
0.8122921567606016,0.0,0.203007593,0.357095488,11191.0,0.0
0.7760967242736688,0.0,0.19767642716666667,0.39858160383333335,11191.0,0.0
0.8138022044366888,0.000708093,0.15621973200000003,0.42136799099999994,11191.0,0.0
0.8434916557588911,0.061121937,0.120582312,0.41415901,11191.0,0.0
0.8436841582921899,0.188329009,0.0837206885,0.37674047450000003,11191.0,0.0
0.8428077505209224,0.17108796766666667,0.072792099,0.3875098866666667,11191.0,0.0
0.8592609350283779,0.006384055333333334,0.12892308566666666,0.4298092443333333,11191.0,0.0
0.8481794370833935,0.0,0.26495623575000005,0.51107933425,11191.0,0.0
0.7959979888351367,0.0,0.402765987,0.6020995626666666,11191.0,0.0
0.7683192037754601,0.0,0.41906173425,0.6904567340000001,11191.0,0.0
0.7929999112558859,0.00051359675,0.37718340875000006,0.716690284,11191.0,0.0
0.8305704722230557,0.05732106533333333,0.3388222726666667,0.6604396626666666,11191.0,0.0
0.8300814709491738,0.05887008125,0.30857907575,0.6362463455,11191.0,0.0
0.8482257857996243,0.0,0.296084951,0.634472092,11191.0,0.0
0.8394718546551614,0.0,0.275788189,0.62678868125,11191.0,0.0
0.7963774008619166,0.0,0.23830978333333333,0.6126595886666667,11191.0,0.0
0.7873407684952345,0.0,0.21218682825000001,0.5224410902500001,11191.0,0.0
0.8876509822466104,0.0,0.1846295455,0.3563952615,11191.0,0.0
0.8974340996918406,0.0016210620000000002,0.20378354133333332,0.359215408,11191.0,0.0
0.8918091522455651,0.038099294,0.20386860950000002,0.40024570950000005,11191.0,0.0
0.8959296531567681,0.0313110645,0.21738332875,0.48411013850000006,11191.0,0.0
0.9053264922700202,0.0,0.212031363,0.5601317690000001,11191.0,0.0
0.8828671915106119,0.0,0.17749596024999997,0.5583049095000001,11191.0,0.0
0.8103112251690306,0.0,0.16754604166666667,0.5928708406666666,11191.0,0.0
0.7959236910238142,0.0,0.145557832,0.650119837,11191.0,0.0
0.9020671267675813,0.000872344,0.11559451625,0.61890992875,11191.0,0.0
0.9025932568745242,0.049406753,0.111674078,0.596777093,11191.0,0.0
0.9009759649689328,0.14520946,0.112029379,0.5718598205000001,11191.0,0.0
0.8991558711214427,0.175722895,0.1114217385,0.50225024,11191.0,0.0
0.9013781844549027,0.081446044,0.1096636505,0.453919524,11191.0,0.0
0.9086341887563556,0.0,0.116999194,0.423039684,11191.0,0.0
0.9000832291869423,0.0,0.11843300600000001,0.3710852015,11191.0,0.0
0.8596460043797739,0.0,0.13487560266666668,0.3534291856666667,11191.0,0.0
0.7939543846492062,0.0,0.20268902924999999,0.412530016,11191.0,0.0
0.8037854181134018,0.0,0.288432578,0.4833940935,11191.0,0.0
0.8983758516483993,0.0,0.342132586,0.551502658,11191.0,0.0
0.9010501742902629,0.0028349413333333333,0.418673888,0.6893456163333332,11191.0,0.0
0.900436706692687,0.0428466875,0.488793461,0.7609193835,11191.0,0.0
0.8994398618114354,0.02777611325,0.53414151075,0.8024371857500001,11191.0,0.0
0.9045252930551122,0.0,0.5609249215000001,0.8506629649999999,11191.0,0.0
0.8826466912422437,0.0,0.56260907625,0.8673716735000001,11191.0,0.0
0.8101176634171757,0.0,0.5331257111428572,0.854182292,9571.714285714286,0.0
0.9298545782267256,0.00118111225,0.49444520325,0.846931125,8924.0,0.0
0.9481631074130732,0.030444092,0.494709061,0.82931816,8924.0,0.0
0.946671829914068,0.082907472,0.49855408,0.78392289,8924.0,0.0
0.9465862650439429,0.05719919025,0.482925139,0.7595268995,8924.0,0.0
0.9571631914121821,0.0,0.47513817950000004,0.7372026805,8924.0,0.0
0.9347214194444875,0.0,0.44739133774999995,0.69157126725,8924.0,0.0
0.8267021843534488,0.0,0.38984475550000003,0.65725218825,8924.0,0.0
0.8145139624409472,0.0,0.356603845,0.610746618,8924.0,0.0
0.9230461990104488,0.0,0.334267529,0.590975989,8924.0,0.0
0.9656332042854452,0.002163716,0.328201556,0.5768090225,8924.0,0.0
0.9639806129412729,0.111685756,0.31453480450000004,0.5744911859999999,8924.0,0.0
0.9613614719764816,0.18581345175,0.29410863275,0.5732716187500001,8924.0,0.0
0.969352742904859,0.0086548395,0.319098732,0.5975130965,8924.0,0.0
0.9736237257711512,0.0,0.324115805,0.6403612503333332,8924.0,0.0
0.9411591311376319,0.0,0.3311602205,0.6653032695000001,8924.0,0.0
0.8424387430871032,0.0,0.328993111,0.6472872622500001,8924.0,0.0
0.8135546414490795,0.0,0.32727002175,0.6185418042499999,8924.0,0.0
0.8645305354620266,0.001408362,0.3223313526666667,0.6187217913333334,8924.0,0.0
0.8976046812401953,0.07462664799999999,0.30958825349999997,0.636302393,8924.0,0.0
0.8980220840739025,0.1489384745,0.28588535049999997,0.6392772505,8924.0,0.0
0.9011013018268668,0.06555986,0.29648319,0.643881636,8924.0,0.0
0.9218968899392406,0.0,0.317738922,0.6875938580000001,8924.0,0.0
0.91708305429254,0.0,0.2967605863333333,0.7141054536666666,8924.0,0.0
0.8678093478702404,0.0,0.2887795023333333,0.7569740523333334,8924.0,0.0
0.8127895073834134,0.0,0.24398699616666664,0.7429699391666666,8924.0,0.0
0.8628540569364439,0.0026491103333333333,0.21310020333333335,0.7247876003333333,8924.0,0.0
0.8971399381628442,0.1463827225,0.1906658355,0.69692299,8924.0,0.0
0.8964199276304333,0.230882242,0.16484491666666667,0.6452344873333332,8924.0,0.0
0.9019087388974752,0.0915665825,0.14935301499999998,0.599878081,8924.0,0.0
0.9205321097699676,0.0,0.145972951,0.576083211,8924.0,0.0
0.9155507583825285,0.0,0.1345391706,0.5432433010000001,8924.0,0.0
0.8365965915098831,0.0,0.13514595199999999,0.4308671963333333,8924.0,0.0
0.8863604276010606,0.0,0.1230631995,0.3820158885,8924.0,0.0
0.9756419473997541,0.006747443333333333,0.12380267233333332,0.35278736466666666,8924.0,0.0
0.9710694050049501,0.110645423,0.119317049,0.330478853,8924.0,0.0
0.9678770598483147,0.23520101825,0.1131894505,0.28117637800000006,8924.0,0.0
0.9670097830110473,0.1133520895,0.09120089649999999,0.258249972,8924.0,0.0
0.98171879159044,0.00205165,0.088445245,0.271875604,8924.0,0.0
0.9864798553216408,0.0,0.089575891,0.2681129016666667,8924.0,0.0
0.9541166616918695,0.0,0.0799635775,0.2290626895,8924.0,0.0
0.8541671785425706,0.0,0.07691672075,0.23174616199999998,8924.0,0.0
0.8353673511143502,0.0,0.07014892133333334,0.3710980386666667,8924.0,0.0
0.9350641858565378,0.0,0.0896210885,0.4747711975,8924.0,0.0
0.9735557865791141,0.0035468955,0.11514424300000001,0.5197321835,8924.0,0.0
0.968048358631345,0.038492968,0.122511501,0.494949965,8924.0,0.0
0.9671343462867124,0.1043216765,0.1459527865,0.48090548899999996,8924.0,0.0
0.9656155061557661,0.1316681275,0.141708406,0.4823128975,8924.0,0.0
0.9671210969930424,0.04428559,0.1579207915,0.4927127295,8924.0,0.0
0.9794395157598077,0.00051888,0.158084364,0.446095858,8924.0,0.0
0.9746511794654176,0.0,0.132991733,0.372649251,8924.0,0.0
0.9312300450221115,0.0,0.09583807466666668,0.31836491566666664,8924.0,0.0
0.8291889609511373,0.0,0.085383708,0.37008318366666665,8924.0,0.0
0.9516354298220053,0.00544536325,0.08077178324999999,0.342129878,8924.0,0.0
0.9658427277933515,0.202894509,0.071886094,0.30894062349999996,8924.0,0.0
0.9633894855573599,0.30697382933333334,0.073762319,0.28088286433333337,8924.0,0.0
0.9635596316746029,0.080791208,0.0912607265,0.26450706599999996,8924.0,0.0
0.9759092395230805,0.001030017,0.1038523665,0.29954800000000004,8924.0,0.0
0.9557764094099919,0.0,0.10920776674999999,0.32359102875,8924.0,0.0
0.865198354544426,0.0,0.1206936535,0.327991428,8924.0,0.0
0.8221637145021756,0.0,0.1205242688,0.3594645468,8924.0,0.0
0.9475701747086809,0.00366138475,0.1729113255,0.38538424024999995,8924.0,0.0
0.9596703174282926,0.14963642700000002,0.20298801500000002,0.3997011345,8924.0,0.0
0.9510717439456663,0.19734396266666668,0.20242373333333333,0.391479417,8924.0,0.0
0.953354340151715,0.10042044250000001,0.2316968885,0.4375782715,8924.0,0.0
0.9708629760229094,0.001536533,0.27363728,0.51935522,8924.0,0.0
0.9700134215205154,0.0,0.2810865105,0.5346499730000001,8924.0,0.0
0.9024179686622024,0.0,0.271477213,0.5447025537500001,8924.0,0.0
0.8203812604403767,0.0,0.31850013979999997,0.5821983372,8924.0,0.0
0.9452084531325643,0.00964864775,0.35479239225000003,0.5916133895,8924.0,0.0
0.9616536587814365,0.132577546,0.363951671,0.581078018,8924.0,0.0
0.9589655871299931,0.2271687005,0.344473519,0.582508425,8924.0,0.0
0.9549211812821939,0.19298558533333332,0.38813243833333333,0.5562168163333333,8924.0,0.0
0.9685971911443105,0.0325142775,0.43173583000000004,0.5792113125,8924.0,0.0
0.9731434285933297,0.0,0.4339465203333333,0.62107003,8924.0,0.0
0.9273151990843015,0.0,0.38705248366666667,0.6045708446666667,8924.0,0.0
0.8182939697028966,0.0,0.345423211,0.520372981,8924.0,0.0
0.8117568715472627,0.0,0.32449760766666663,0.49769742066666667,8924.0,0.0
0.8607023100097627,0.006700848333333333,0.3300196973333333,0.5333185046666667,8924.0,0.0
0.8917357489112898,0.051953146,0.334531572,0.537112591,8924.0,0.0
0.8919582314473238,0.090805812,0.3498851735,0.5627985345,8924.0,0.0
0.8916937281034916,0.0939523705,0.3613116415,0.495256788,8924.0,0.0
0.8974945761403874,0.054407868,0.35247899650000003,0.47002880599999997,8924.0,0.0
0.9169414378342717,0.001598206,0.3884530395,0.5096543425,8924.0,0.0
0.90876448216901,0.0,0.4266744065,0.5406397989999999,8924.0,0.0
0.8311954806801964,0.0,0.44336164625,0.5523671019999999,8924.0,0.0
0.8065284698959562,0.0,0.44477858649999996,0.5319841335,8924.0,0.0
0.8564587446754389,0.004871996333333333,0.428362192,0.5777676586666667,8924.0,0.0
0.8900961169888256,0.077963959,0.415532794,0.638005668,8924.0,0.0
0.889258506077137,0.1568548835,0.4314842405,0.656347295,8924.0,0.0
0.891765318016091,0.12261338999999999,0.44336037424999997,0.672713149,8924.0,0.0
0.9114435357128334,0.000719189,0.450082273,0.7086204215,8924.0,0.0
0.8880634530850138,0.0,0.42996708980000004,0.7160705536,8924.0,0.0
0.805964714683871,0.0,0.4275562986,0.7478983024,8924.0,0.0
0.8602783469124139,0.0,0.43321783999999997,0.7825561885,8924.0,0.0
0.946499813961959,0.005091743333333333,0.4430453316666667,0.7928902013333333,8924.0,0.0
0.9486845711324429,0.083251766,0.437319059,0.786959884,8924.0,0.0
0.9479742801335147,0.1561152275,0.4037024765,0.7709934235,8924.0,0.0
0.9470386531406796,0.2004896785,0.4174335955,0.7693187015,8924.0,0.0
0.9479053738488472,0.068690594,0.4054592825,0.7680346935,8924.0,0.0
0.9578450013593145,0.0015717335,0.3861449615,0.7611496325,8924.0,0.0
0.9356769685914259,0.0,0.33537543849999996,0.7951138950000001,8924.0,0.0
0.8263284462144599,0.0,0.302375738,0.78947305625,8924.0,0.0
0.8110541401781992,0.0,0.26226289033333333,0.743387144,8924.0,0.0
0.929868004828364,0.0,0.23019584533333334,0.6576169833333333,8924.0,0.0
0.950946777774869,0.0734105595,0.1995105075,0.6390012865,8924.0,0.0
0.9492361843893031,0.19680186975,0.16005019250000002,0.57001900825,8924.0,0.0
0.9508469240668525,0.143123035,0.1537939095,0.5618945505,8924.0,0.0
0.9599149953404036,0.009299511,0.167678766,0.569087731,8924.0,0.0
0.959317194735275,0.0,0.163620799,0.5450439956666667,8924.0,0.0
0.914176481170771,0.0,0.16499838133333333,0.4797190816666666,8924.0,0.0
0.814324583650299,0.0,0.2001541678,0.42726852519999997,8924.0,0.0
0.8690330274339513,0.0,0.257118704,0.40582322950000005,8924.0,0.0
0.955046824608063,0.0,0.2876465245,0.422685958,8924.0,0.0
0.9557355491723872,0.091132324,0.30132730350000003,0.4317585475,8924.0,0.0
0.9486321058816688,0.21633966500000001,0.31415786,0.458492088,8924.0,0.0
0.9462040083820508,0.19572139433333335,0.30997609966666667,0.44304032299999996,8924.0,0.0
0.9577600409302831,0.050362808999999994,0.332922706,0.46884057749999997,8924.0,0.0
0.9689176903518613,0.0,0.36027161600000007,0.5608175146666666,8924.0,0.0
0.9365698253009933,0.0,0.3754944675,0.6092001635,8924.0,0.0
0.8309125192451093,0.0,0.4074394562857143,0.6511816892857142,8924.0,0.0
0.9431800443641696,0.007650215,0.47412083150000006,0.7170116725,8924.0,0.0
0.9573496009273663,0.1267914745,0.4896772595,0.7685299240000001,8924.0,0.0
0.9526567665881479,0.17616057633333335,0.5046839286666667,0.8108166609999999,8924.0,0.0
0.9539308323141893,0.0968468425,0.5069918425,0.830472012,8924.0,0.0
0.9650924950750684,0.0020172025,0.52139021,0.858193094,8924.0,0.0
0.9435021392450421,0.0,0.5157025930000001,0.88148716025,8924.0,0.0
0.8336584583896767,0.0,0.44644717075,0.83564113025,8924.0,0.0
0.8316652162264792,0.0,0.38259456199999997,0.73496119975,8924.0,0.0
0.9503378715772955,0.007563059666666667,0.31888995933333336,0.6266137816666667,8924.0,0.0
0.950275267629917,0.138719046,0.309989815,0.544319279,8924.0,0.0
0.947690434477898,0.28257717699999996,0.246663023,0.4552220565,8924.0,0.0
0.9467131896379938,0.24239250466666665,0.2070240723333333,0.4016930726666666,8924.0,0.0
0.9544110972184184,0.040452215500000006,0.20024608700000002,0.3703393445,8924.0,0.0
0.9598605956419819,0.0,0.19208875549999999,0.3387223485,8924.0,0.0
0.9190931764957645,0.0,0.1435065315,0.2660808505,8924.0,0.0
0.8140185946761721,0.0,0.095445198,0.24585379566666665,8924.0,0.0
0.8034935937959918,0.0,0.067429874,0.144319973,8924.0,0.0
0.8606320981533241,0.012739297666666668,0.059606947333333334,0.110079755,8924.0,0.0
0.890936338716073,0.134892614,0.040332399,0.097568809,8924.0,0.0
0.8880281052754022,0.221784635,0.0314853825,0.0820143005,8924.0,0.0
0.885416096577762,0.25170318,0.02799043966666667,0.05734264066666667,8924.0,0.0
0.9022224681286299,0.060413727,0.035535812,0.056998627499999996,8924.0,0.0
0.9166390234491394,0.0,0.044659279,0.060387064,8924.0,0.0
0.8987254121239662,0.0,0.047953352799999995,0.060827564199999996,8924.0,0.0
0.8104979250153538,0.0,0.05603791433333333,0.08725530633333334,8924.0,0.0
0.8004786040343149,0.0,0.063725991,0.12558856375,8924.0,0.0
0.8545000645451514,0.010726475,0.068492269,0.173422675,8924.0,0.0
0.8855893536200539,0.1574739295,0.057843613,0.18704984349999998,8924.0,0.0
0.8819102640451257,0.19434460174999998,0.069228575,0.21568187525,8924.0,0.0
0.8982369268208645,0.031104375,0.0764935275,0.254997833,8924.0,0.0
0.8990867616705746,0.0,0.08764178380000001,0.283563902,8924.0,0.0
0.8241947681701912,0.0,0.08175963575,0.24048771950000003,8924.0,0.0
0.8149701787958034,0.0,0.08517854600000001,0.19328638366666664,8924.0,0.0
0.934938155903526,0.0,0.09410800233333333,0.21437543866666667,8924.0,0.0
0.9587885099963751,0.07308324399999999,0.0950949695,0.2432373505,8924.0,0.0
0.9552609658963637,0.1771625145,0.09409147224999999,0.28534704099999997,8924.0,0.0
0.9598900439176016,0.0902491245,0.0979392615,0.305302197,8924.0,0.0
0.9730349998180261,0.0036909545,0.1164059845,0.34591768749999996,8924.0,0.0
0.9543039660120847,0.0,0.11622728925,0.37949155375,8924.0,0.0
0.8654930801397267,0.0,0.1054965675,0.373486131,8924.0,0.0
0.82164049076999,0.0,0.0862858772,0.2891021736,8924.0,0.0
0.9422439985689947,0.00046870799999999997,0.07254689433333333,0.21278647366666667,8924.0,0.0
0.9648504767824853,0.116206972,0.0599976385,0.1745545475,8924.0,0.0
0.9632995769699899,0.2720286955,0.0495204485,0.16475171849999998,8924.0,0.0
0.9606711756488449,0.29148470449999997,0.0424146725,0.120378943,8924.0,0.0
0.9624427207640842,0.160769936,0.047394538,0.10651480699999999,8924.0,0.0
0.9738521561597303,0.022206964,0.0610311,0.110136459,8924.0,0.0
0.976151064370899,0.0,0.06450046849999999,0.11443369149999999,8924.0,0.0
0.9611069537673029,0.0,0.055107910499999996,0.1001801985,8924.0,0.0
0.9160379671469729,0.0,0.049730184499999996,0.07800528000000001,8924.0,0.0
0.8268547050877891,0.0,0.04823438133333333,0.05933968250000001,8924.0,0.0
0.9445715007895329,0.000703631,0.05941580033333333,0.053475843999999995,8924.0,0.0
0.9665667519930468,0.063573933,0.058820875,0.043633042,8924.0,0.0
0.9638795505478595,0.247547926,0.053170332,0.034902717,8924.0,0.0
0.9619237958350608,0.34571250575,0.061867546,0.052199094249999994,8924.0,0.0
0.9649632897154194,0.142797214,0.07712683,0.070947858,8924.0,0.0
0.9760125264328938,0.008795884,0.0878850395,0.08165491350000001,8924.0,0.0
0.9675213824249451,0.0,0.09269854666666667,0.11399627066666666,8924.0,0.0
0.9199086162365704,0.0,0.0953098915,0.14934617,8924.0,0.0
0.8316699430614417,0.0,0.071573282,0.15550305733333333,8924.0,0.0
0.9509459233774255,0.0011551966666666668,0.06460471933333334,0.12731695,8924.0,0.0
0.9724080730828323,0.145997033,0.06176744,0.108460014,8924.0,0.0
0.9692709740192609,0.313527708,0.047523209,0.09677435,8924.0,0.0
0.9658222411465647,0.45894538800000007,0.05004683533333334,0.082386464,8924.0,0.0
0.9629700354496249,0.37439846349999995,0.065088871,0.067030713,8924.0,0.0
0.9706797094439796,0.106682534,0.0987123975,0.07055115249999999,8924.0,0.0
0.9800092377490957,0.0,0.1211356,0.083723011,8924.0,0.0
0.9684530602976807,0.0,0.12929347466666666,0.10544155833333334,8924.0,0.0
0.9183778323181286,0.0,0.127426302,0.13228791899999998,8924.0,0.0
0.8269552277184875,0.0,0.1393927035,0.17276354175,8924.0,0.0
0.8611533039463408,0.0,0.14081437666666666,0.237321851,8924.0,0.0
0.9653376566974865,0.001380286,0.137504402,0.293859866,8924.0,0.0
0.9678665425929657,0.05133528,0.128413036,0.321635988,8924.0,0.0
0.9643604924103701,0.128762108,0.110667339,0.3409131875,8924.0,0.0
0.9641974061414853,0.157426276,0.127453979,0.364792524,8924.0,0.0
0.9649620324228436,0.0754077655,0.1376203525,0.401184635,8924.0,0.0
0.9755330351109336,0.0074785105,0.1528079825,0.45283532800000004,8924.0,0.0
0.967386793410249,0.0,0.1662800366666667,0.5101504843333333,8924.0,0.0
0.9166702129244322,0.0,0.155074602,0.515970789,8924.0,0.0
0.820123874761863,0.0,0.145548176,0.505352016,8924.0,0.0
0.8400312530306552,0.0014588305,0.13813813925,0.45424421974999996,8924.0,0.0
0.892436900579836,0.088994996,0.134216436,0.414213431,8924.0,0.0
0.8979511469143903,0.172877205,0.121841591,0.394892258,8924.0,0.0
0.900111468777165,0.264679502,0.11115539399999999,0.3652888135,8924.0,0.0
0.8989987164371134,0.309909571,0.11730447299999999,0.356931365,8924.0,0.0
0.9034883618137101,0.19473966650000002,0.13245127550000002,0.38418442350000004,8924.0,0.0
0.9241994732073595,0.0112466445,0.16585687799999999,0.43818851999999997,8924.0,0.0
0.9173105096840825,0.0,0.18521119924999999,0.49299061925,8924.0,0.0
0.8319059997730207,0.0,0.1811551792857143,0.5607330547142857,8924.0,0.0
0.848943168920503,0.0021695876666666665,0.21034420899999998,0.7100405336666666,8924.0,0.0
0.89455824814387,0.133612918,0.20009814,0.745817987,8924.0,0.0
0.9034728397900419,0.284940747,0.187072793,0.757946487,8924.0,0.0
0.9019482935305103,0.4441125185,0.186535795,0.7416742805000001,8924.0,0.0
0.9007063358308098,0.5164622274999999,0.1866691305,0.762548276,8924.0,0.0
0.9050282366521449,0.354482451,0.201120418,0.7949617765,8924.0,0.0
0.9243765987513662,0.0325880795,0.22813386600000002,0.8034430914999999,8924.0,0.0
0.9184883000038767,0.0,0.26465904025,0.83582868525,8924.0,0.0
0.8428146124077122,0.0,0.3157128867142857,0.8270204661428571,8924.0,0.0
0.9580400987681661,0.004629120666666667,0.330196516,0.779474111,8924.0,0.0
0.9798495684796146,0.29275222,0.312768463,0.746225843,8924.0,0.0
0.9708204717015945,0.445421019,0.284986879,0.725945608,8924.0,0.0
0.9686176616543011,0.5648116479999999,0.2553149323333333,0.6872647416666666,8924.0,0.0
0.9663318415656299,0.42015344600000004,0.2799267735,0.7337931645,8924.0,0.0
0.9744700403853199,0.1570130675,0.35842861000000004,0.8131273995,8924.0,0.0
0.9835518446628478,0.0,0.402718899,0.868054638,8924.0,0.0
0.9746716821178071,0.0,0.41221553299999997,0.8853252890000002,8924.0,0.0
0.8819054769267659,0.0,0.41894955224999997,0.86473742175,8924.0,0.0
0.836105865763495,0.0,0.41778145850000004,0.8556195135,8924.0,0.0
0.9629915858786259,0.0041813480000000005,0.43363075,0.823475223,8924.0,0.0
0.9883751901302765,0.144163937,0.427439733,0.795847758,8924.0,0.0
0.9810036164555842,0.328971106,0.4451559485,0.7770331885,8924.0,0.0
0.9784358204805655,0.4307562626666666,0.39697307200000004,0.7545398543333334,8924.0,0.0
0.982277875495197,0.3035063495,0.3465089905,0.7588650905000001,8924.0,0.0
0.9987247255229648,0.0447513305,0.322468854,0.765727892,8924.0,0.0
0.9893543850954476,0.0,0.30232529799999996,0.745877594,8924.0,0.0
0.934135473874475,0.0,0.2961028455,0.7241482585,8924.0,0.0
0.8562077967652283,0.0,0.279526693,0.6869687871666667,8924.0,0.0
0.9729939139604592,0.005697941333333334,0.26870565733333335,0.6860373293333333,8924.0,0.0
0.9901138535713094,0.230386554,0.244828142,0.688286475,8924.0,0.0
0.9838118511538623,0.4409995455,0.2268369375,0.6830258865000001,8924.0,0.0
0.9795359039268384,0.5393495846666666,0.22623482566666667,0.6597802716666666,8924.0,0.0
0.9811521639302274,0.341450995,0.251181895,0.6747561,8924.0,0.0
0.9957302261470883,0.103821205,0.260300653,0.689469115,8924.0,0.0
0.9965531044917869,0.00035076700000000004,0.2759519733333333,0.69233264,8924.0,0.0
0.946523475752996,0.0,0.27642107699999996,0.6805733006666667,8924.0,0.0
0.8357075629928387,0.0,0.2772296993333333,0.6614553711666666,10271.5,0.0
0.9603455510405835,0.004913099666666667,0.2616320913333333,0.6530792786666667,10541.0,0.0
0.9842504821398228,0.171643533,0.223275147,0.63609648,10541.0,0.0
0.9760016464932095,0.315506814,0.1813436035,0.591126753,10541.0,0.0
0.9675258310641642,0.41610081666666665,0.16225659466666667,0.5537648886666666,10541.0,0.0
0.9685451125862758,0.291324072,0.171181159,0.560379523,10541.0,0.0
0.9809217991595974,0.10555602,0.175980962,0.57069717,10541.0,0.0
0.9792957553051294,0.00032909475,0.178294612,0.580732249,10541.0,0.0
0.9194127810950747,0.0,0.18239483750000002,0.597058136,10541.0,0.0
0.8257348121498014,0.0,0.173110301,0.5674105241666666,10541.0,0.0
0.948527900027227,0.005618776999999999,0.16993210666666667,0.5791021373333334,10541.0,0.0
0.9692572412120741,0.244832757,0.15089368749999998,0.5667900495,10541.0,0.0
0.9657187447535855,0.4304490215,0.1238605235,0.48408859075,10541.0,0.0
0.9667389934011259,0.2903848535,0.132643312,0.484789484,10541.0,0.0
0.9799111732575605,0.041095338,0.14371346699999998,0.5186318560000001,10541.0,0.0
0.9702674160709769,0.0,0.131172801,0.5041598753333333,10541.0,0.0
0.9165508236566564,0.0,0.104439189,0.402274028,10541.0,0.0
0.8131430249687616,0.0,0.084600934,0.3124850926666667,10541.0,0.0
0.8205533231498366,0.002708770666666667,0.08396475616666667,0.3262407808333333,10541.0,0.0
0.8858456368405196,0.133474131,0.057992435499999995,0.292431004,10541.0,0.0
0.893620711302162,0.258098333,0.041125078,0.2296083385,10541.0,0.0
0.8987643865407811,0.1455362175,0.0390848305,0.18245864950000001,10541.0,0.0
0.9181765289335887,0.016038490000000002,0.0534834405,0.19725768100000002,10541.0,0.0
0.9106748070774081,0.0,0.0599221275,0.18400192175000002,10541.0,0.0
0.8186708543625327,0.0,0.06037634357142857,0.13192368785714287,10541.0,0.0
0.8352178687550723,0.005154732666666667,0.07317966566666666,0.17860839633333334,10541.0,0.0
0.8855188031532809,0.1354672345,0.0612309315,0.1687583675,10541.0,0.0
0.8937907527926162,0.3158918055,0.068667532,0.16557709399999998,10541.0,0.0
0.8922790691340153,0.3067121375,0.078894252,0.17192160950000002,10541.0,0.0
0.8976802604836915,0.17153729899999998,0.0894020955,0.211340199,10541.0,0.0
0.9171071999250773,0.047516008,0.116819466,0.253508423,10541.0,0.0
0.9180134266591011,0.001190473,0.1455804625,0.294466002,10541.0,0.0
0.9041957516003438,0.0,0.14651209966666667,0.3043260506666667,10541.0,0.0
0.8306480018870038,0.0,0.12851072775,0.30756832025,10541.0,0.0
0.8191862137061818,0.0,0.15295008,0.3599774,10541.0,0.0
0.9395812004859075,0.008398464,0.192291055,0.45171157733333334,10541.0,0.0
0.9625231839467177,0.142268946,0.1943832185,0.5013607714999999,10541.0,0.0
0.9621820375115784,0.2734621015,0.2065251535,0.4974324055,10541.0,0.0
0.9602130573167238,0.2748549065,0.21934199100000001,0.496912826,10541.0,0.0
0.9621180631828565,0.15483125749999999,0.231207037,0.533951791,10541.0,0.0
0.9718490858020624,0.037987142,0.248971921,0.550411386,10541.0,0.0
0.9650574859020298,0.000442159,0.25864089375,0.558937004,10541.0,0.0
0.9081631113961068,0.0,0.22985929,0.5329862565000001,10541.0,0.0
0.8172715690561445,0.0,0.222669251,0.4782439915,10541.0,0.0
0.8117895155317083,0.0,0.21686287125,0.42921298125,10541.0,0.0
0.9338197620476709,0.011491218999999999,0.22429935766666667,0.41039894000000005,10541.0,0.0
0.9560970533567336,0.102378132,0.199922109,0.377534506,10541.0,0.0
0.9537451479708852,0.16789151600000002,0.1839705505,0.326720667,10541.0,0.0
0.947722155581911,0.21482230125,0.19246366125000003,0.2712761735,10541.0,0.0
0.95156828864702,0.112675488,0.222972152,0.344712167,10541.0,0.0
0.9629991454428939,0.026853743500000003,0.25945450400000003,0.4506062155,10541.0,0.0
0.9627748250831996,0.0,0.2669171355,0.5309861025,10541.0,0.0
0.9157165010435818,0.0,0.240848386,0.5033090459999999,10541.0,0.0
0.8116118218216011,0.0,0.2292421405,0.4979274186666666,10541.0,0.0
0.9298644589313806,0.007532894333333334,0.25380073033333334,0.5987560173333333,10541.0,0.0
0.9528158072441395,0.1083922475,0.21037013100000002,0.5585821565,10541.0,0.0
0.9490920614470797,0.21590967449999998,0.185520187,0.4612669065,10541.0,0.0
0.9475866154473891,0.2304563075,0.180035272,0.445237766,10541.0,0.0
0.9505834841772511,0.1510057345,0.1959593705,0.49879795400000004,10541.0,0.0
0.9671028187258592,0.025812472,0.239722842,0.557046774,10541.0,0.0
0.958450990011007,0.0,0.230720602,0.5357257116666666,10541.0,0.0
0.9058393969933022,0.0,0.191039807,0.438082897,10541.0,0.0
0.8132701028295787,0.0,0.1603454785,0.35316523333333333,10541.0,0.0
0.9331863073880245,0.01610190133333333,0.15929778466666666,0.3666459143333333,10541.0,0.0
0.9596402404079898,0.1912873295,0.14333208349999998,0.350455113,10541.0,0.0
0.9586840626147635,0.3107402925,0.127342881,0.336276441,10541.0,0.0
0.9566340390997714,0.31833325749999997,0.1159060665,0.37985436100000003,10541.0,0.0
0.9580359563344951,0.2139594755,0.13047917950000001,0.42216492299999997,10541.0,0.0
0.9695257582887874,0.0341573795,0.1732722785,0.441321332,10541.0,0.0
0.9581555067734433,0.0,0.17053702999999998,0.411166643,10541.0,0.0
0.9063626499291533,0.0,0.148902735,0.35619650049999996,10541.0,0.0
0.8088743672770555,0.0,0.14901391325000002,0.38610985625000005,10541.0,0.0
0.8425273864118944,0.0,0.15232256433333333,0.4065847763333334,10541.0,0.0
0.950316659693032,0.015316514,0.1477503655,0.43555352550000004,10541.0,0.0
0.9566127629307097,0.12338193650000001,0.10877655750000001,0.4197953045,10541.0,0.0
0.9524815914317948,0.2550416953333334,0.07821337433333332,0.3415348943333334,10541.0,0.0
0.9515428053003123,0.2164505,0.08112264,0.3251567225,10541.0,0.0
0.9632625367253164,0.081656336,0.0862492945,0.3136373,10541.0,0.0
0.9698106517210157,0.0015348623333333335,0.10250851666666667,0.29465184699999997,10541.0,0.0
0.9217839963879216,0.0,0.07813914500000001,0.20791580900000003,10541.0,0.0
0.8051793646891339,0.0,0.05998236083333333,0.17557925500000002,10541.0,0.0
0.8176216373684967,0.000537422,0.056166197,0.16241019699999998,10541.0,0.0
0.8684940590296673,0.0930197605,0.041340863000000005,0.148421929,10541.0,0.0
0.8888589946210834,0.3244462815,0.026355148000000002,0.1646137205,10541.0,0.0
0.8876623456998116,0.476925511,0.029181951999999997,0.17825242,10541.0,0.0
0.88544781758338,0.39220553199999997,0.025659131,0.1773141755,10541.0,0.0
0.9030740537026588,0.1783793585,0.0366189175,0.21349080399999998,10541.0,0.0
0.9161007323967174,0.004648885,0.048796399000000004,0.2677456145,10541.0,0.0
0.8936638442697649,0.0,0.050266663749999996,0.2752199955,10541.0,0.0
0.8149910843433252,0.0,0.0552299805,0.270867377,10541.0,0.0
0.797916691331858,0.0,0.07103813875000001,0.29994227149999997,10541.0,0.0
0.8282936462336,0.023819661000000002,0.09626834133333333,0.36987273499999995,10541.0,0.0
0.8709070858767348,0.184302397,0.093364751,0.384655688,10541.0,0.0
0.8825498355345007,0.371027601,0.0894405815,0.39426789500000003,10541.0,0.0
0.8762817302286824,0.45551904374999996,0.09336803225000001,0.41563516875,10541.0,0.0
0.8916843953283451,0.203945168,0.1370451925,0.4970123145,10541.0,0.0
0.9018682172374066,0.0037110435,0.186735335,0.565431038,10541.0,0.0
0.8837417777590071,0.0,0.20540811866666667,0.590547994,10541.0,0.0
0.8291911529315577,0.0,0.2199314915,0.548337007,10541.0,0.0
0.7924237255941451,0.0,0.22296644166666668,0.5275209443333334,10541.0,0.0
0.8285724146365081,0.0,0.23409694766666667,0.566625094,10541.0,0.0
0.9358038771142773,0.0360127675,0.23687945100000002,0.5262031545,10541.0,0.0
0.9424041835599883,0.1670578375,0.19948334750000002,0.48038039050000003,10541.0,0.0
0.9404038695442307,0.335422938,0.1152255185,0.3332433635,10541.0,0.0
0.9458571072767441,0.16043317133333332,0.09170824933333332,0.2792037076666667,10541.0,0.0
0.9538490152149928,0.0024038865,0.0823500195,0.253682931,10541.0,0.0
0.9222013995496124,0.0,0.07331247733333333,0.21162803600000002,10541.0,0.0
0.8409435243724048,0.0,0.1102269395,0.213291149,10541.0,0.0
0.7924417459677736,0.0,0.1788833835,0.41118188675,10541.0,0.0
0.8522317330701952,0.0,0.2401742815,0.5440486769999999,10541.0,0.0
0.9394972074118935,0.041038447000000006,0.2710555235,0.63127395,10541.0,0.0
0.944797819881673,0.21334882700000002,0.2474544635,0.6594554005,10541.0,0.0
0.9456627189685731,0.34488526,0.22813891733333333,0.6669171696666667,10541.0,0.0
0.945232679186696,0.360658207,0.2657876025,0.71573116,10541.0,0.0
0.9533394950863283,0.22291169900000002,0.28932468899999997,0.7370480185,10541.0,0.0
0.9608246070626255,0.009499865,0.3234021575,0.7387008180000001,10541.0,0.0
0.931738033729454,0.0,0.30863584433333335,0.7207403386666668,10541.0,0.0
0.8497562312389253,0.0,0.27928435149999997,0.6785234355,10541.0,0.0
0.8081016614920467,0.0,0.2647114112,0.6857786456,10541.0,0.0
0.9316954165817588,0.03591096966666667,0.22429953633333333,0.6644553326666668,10541.0,0.0
0.9554489472732556,0.2747267015,0.17250150749999998,0.6126963255,10541.0,0.0
0.9539387625655937,0.4975177715,0.1303096975,0.5311767439999999,10541.0,0.0
0.9520945394847494,0.535179357,0.1158517735,0.46918333349999997,10541.0,0.0
0.9545932033255498,0.4108252215,0.09495770349999999,0.4470434755,10541.0,0.0
0.9697187927459919,0.130325654,0.11850499650000001,0.44070829,10541.0,0.0
0.9534061047309885,0.0,0.14041380325,0.4998985167500001,10541.0,0.0
0.8617837927153142,0.0,0.14385694599999999,0.512364577,10541.0,0.0
0.8104254846411149,0.0,0.153982193,0.53748794175,10541.0,0.0
0.8705075258135025,0.0,0.168849321,0.6245359985,10541.0,0.0
0.9584561156085077,0.082682699,0.16266741750000002,0.684287766,10541.0,0.0
0.961580448891926,0.3639610385,0.1126722855,0.6731810275,10541.0,0.0
0.9609401521322757,0.58398502075,0.11117262675,0.60047300275,10541.0,0.0
0.9618299623327856,0.44529440249999996,0.1441165115,0.6650510485000001,10541.0,0.0
0.9728341801437932,0.251253112,0.188058077,0.715667364,10541.0,0.0
0.9764199681403517,0.0179185355,0.2406914585,0.7741119635,10541.0,0.0
0.938139728749342,0.0,0.240183941,0.7973264452500001,10541.0,0.0
0.8222461860993326,0.0,0.23393488050000003,0.7670618175,10541.0,0.0
0.9336944733377388,0.007977857,0.24724967599999997,0.8125779745,10541.0,0.0
0.9703852739174307,0.368252691,0.2030939705,0.8087491505,10541.0,0.0
0.9648597127368543,0.702708356,0.163081292,0.7602626180000001,10541.0,0.0
0.963186159595962,0.74597345925,0.182406254,0.72428059825,10541.0,0.0
0.9715246216655995,0.3799408055,0.2206104815,0.7856662965000001,10541.0,0.0
0.9801032406877315,0.0332107755,0.2609735785,0.828906437,10541.0,0.0
0.9648536683259186,0.0,0.270450554,0.8041065425,10541.0,0.0
0.9163161550843931,0.0,0.272456346,0.754549695,10541.0,0.0
0.8225344161093703,0.0,0.297275902,0.722871941,10541.0,0.0
0.8095410541139302,0.0,0.33067327280000003,0.7127534971999999,10541.0,0.0
0.8529486006007548,0.0691206075,0.32991651050000004,0.732582787,10541.0,0.0
0.8795795138023671,0.227664863,0.30137441,0.701483712,10541.0,0.0
0.8927346244705958,0.351899039,0.28881086349999996,0.6375785064999999,10541.0,0.0
0.8930646977180763,0.4260153885,0.315103107,0.5842490475,10541.0,0.0
0.8921679483999947,0.362891685,0.350456046,0.5901223255,10541.0,0.0
0.9084467153933602,0.198027849,0.422093085,0.6390747925,10541.0,0.0
0.918882565131643,0.027208499,0.5018729725,0.676658659,10541.0,0.0
0.9082011509414064,0.0,0.5555586826666666,0.649805393,10541.0,0.0
0.8331573281159246,0.0,0.5843694665,0.62237591925,10541.0,0.0
0.8183016822256258,0.0033558192,0.6421773684,0.6480200692,10541.0,0.0
0.8685747158538556,0.162652751,0.627759829,0.632996362,10541.0,0.0
0.8841796511683016,0.33407142300000003,0.5824815285,0.601492543,10541.0,0.0
0.8830893035890979,0.508361605,0.5613352443333334,0.576913076,10541.0,0.0
0.8765238935556419,0.4617478365,0.6137506690000001,0.593180737,10541.0,0.0
0.8952006002787447,0.310612206,0.6168462015,0.6138165474999999,10541.0,0.0
0.9161003455071879,0.0324382715,0.5730133745,0.6108226955,10541.0,0.0
0.9040697699265272,0.0,0.5510553326666666,0.6393561013333334,10541.0,0.0
0.8269384629450391,0.0,0.56783568,0.667062578,10541.0,0.0
0.8254754826170686,0.0,0.560939181,0.7078269845,10541.0,0.0
0.9263836824483349,0.010500281,0.529022868,0.725201448,10541.0,0.0
0.9644986920660249,0.115987868,0.515166997,0.721121297,10541.0,0.0
0.9544068418271738,0.2806564895,0.5196162645,0.694893507,10541.0,0.0
0.9463209315406601,0.5802001246666666,0.5496375606666667,0.6380170789999999,10541.0,0.0
0.9439679459734143,0.589644057,0.5912448585000001,0.6866745304999999,10541.0,0.0
0.9530116461584576,0.311363213,0.5656920304999999,0.7247184355,10541.0,0.0
0.9635023791086789,0.060525094,0.518546627,0.750078296,10541.0,0.0
0.9652810808930539,0.0,0.48637013399999995,0.7674208140000001,10541.0,0.0
0.9330267350705144,0.0,0.4425547395,0.7638200815,10541.0,0.0
0.8580916230862867,0.0,0.4222376535,0.7319230935,10541.0,0.0
0.8082822565653207,0.0,0.34101314125,0.7252555227499999,10541.0,0.0
0.867997014809194,0.0,0.2948604715,0.779169844,10541.0,0.0
0.9545477011023564,0.1331592225,0.2278339765,0.768319701,10541.0,0.0
0.954424684991229,0.40215292550000004,0.1591632925,0.6773680129999999,10541.0,0.0
0.9492310830953921,0.525197276,0.140518991,0.545483265,10541.0,0.0
0.9456826736258576,0.5122949889999999,0.144633021,0.4669614645,10541.0,0.0
0.9434867138453613,0.3280936145,0.1423284135,0.421871128,10541.0,0.0
0.9570457846088625,0.1591445705,0.167441989,0.432156279,10541.0,0.0
0.9743019573509174,0.0241593105,0.278934656,0.48746555199999997,10541.0,0.0
0.959323319830192,0.0,0.36179606799999997,0.501992265,10541.0,0.0
0.9163229734711782,0.0,0.41815761900000004,0.484116106,10541.0,0.0
0.8167529487189897,0.0,0.47508850559999993,0.5318852433999999,10541.0,0.0
0.8706279789290894,0.0,0.48821307599999997,0.6451879734999999,10541.0,0.0
0.9541627442493572,0.0964009895,0.4605476825,0.63102048,10541.0,0.0
0.9508183944078779,0.283423711,0.406356228,0.569621254,10541.0,0.0
0.9438142244908815,0.44987133,0.39248140649999996,0.5223813925,10541.0,0.0
0.9417466964877652,0.5364187739999999,0.3859471335,0.5452144255,10541.0,0.0
0.9393408745234316,0.39915906,0.3537968625,0.6118395084999999,10541.0,0.0
0.9464023940239197,0.194519971,0.3416686825,0.7151653505,10541.0,0.0
0.953358498722182,0.0213348995,0.37371169400000004,0.795950471,10541.0,0.0
0.9253762801009371,0.0,0.359623402,0.785737271,10541.0,0.0
0.826451462030402,0.0,0.31961839025,0.67437230325,10541.0,0.0
0.8109968228027032,0.0,0.343818851,0.5562022343333334,10541.0,0.0
0.9159871940951126,0.0352498285,0.36652475500000004,0.5609781505,10541.0,0.0
0.9553518013983654,0.181899507,0.313179598,0.569644301,10541.0,0.0
0.948717646251414,0.3338276,0.31906690400000004,0.5339387154999999,10541.0,0.0
0.943521384539259,0.53036532375,0.31395590425000003,0.46570644674999995,10541.0,0.0
0.9435464809964371,0.44112579350000003,0.2233581045,0.4479262055,10541.0,0.0
0.9530060854578287,0.281655035,0.151959587,0.412723859,10541.0,0.0
0.9598017955179396,0.049548297,0.151035493,0.3720342375,10541.0,0.0
0.9376636546235758,0.0,0.11809614666666668,0.29994987733333334,10541.0,0.0
0.8408109664293436,0.0,0.07659880766666667,0.17783898033333334,10541.0,0.0
0.8131151521626699,0.0,0.05419402575,0.121690862,10541.0,0.0
0.920358175572604,0.021642341,0.0743606335,0.0717348675,10541.0,0.0
0.9576871693231231,0.152170314,0.073221664,0.051123167,10541.0,0.0
0.9489077794307275,0.2989641795,0.0778363975,0.050457285500000004,10541.0,0.0
0.9455386714800174,0.5329073396666667,0.12799493833333334,0.08526175766666666,10541.0,0.0
0.9428638492534374,0.4277650465,0.1826577585,0.1626788405,10541.0,0.0
0.9524136361685582,0.184778627,0.222516206,0.245652247,10541.0,0.0
0.9625483288142844,0.0179953925,0.29217883499999997,0.34188651000000003,10541.0,0.0
0.9473686299609629,0.0,0.308453988,0.4388698045,10541.0,0.0
0.8997828460702351,0.0,0.3060377915,0.4827775635,10541.0,0.0
0.800354318757603,0.0,0.3137997413333333,0.539229668,10541.0,0.0
0.7910920042102569,0.0,0.3230435945,0.60668291975,10541.0,0.0
0.8330505837991203,0.080695991,0.314294863,0.678286426,10541.0,0.0
0.8676934401490535,0.22384603050000002,0.2813738065,0.7012092295,10541.0,0.0
0.8743755477539551,0.3909541066666667,0.2332198036666667,0.6438437256666667,10541.0,0.0
0.8723635476474664,0.337844398,0.2362227515,0.6438070565,10541.0,0.0
0.8871962973130763,0.1576989735,0.24660428350000002,0.6285974775000001,10541.0,0.0
0.8959656294552353,0.028402384500000002,0.291631082,0.638129706,10541.0,0.0
0.8712469510108941,0.0,0.30087855175,0.610346765,10541.0,0.0
0.7873049227080264,0.0,0.2909405672,0.5581166171999999,10541.0,0.0
0.809638763937051,0.02502433666666667,0.3016007526666667,0.6041404223333333,10541.0,0.0
0.85620001174499,0.18394355,0.267704635,0.61557122,10541.0,0.0
0.8664044810784302,0.40618613800000003,0.2206871285,0.561099683,10541.0,0.0
0.8527177199774187,0.64423298,0.22447985733333334,0.47777526466666664,10541.0,0.0
0.8531861218437302,0.593349814,0.233548021,0.5262017035,10541.0,0.0
0.8719260287229156,0.34668283050000004,0.2453269655,0.57676949,10541.0,0.0
0.8818608207046341,0.06419646949999999,0.304823572,0.633293025,10541.0,0.0
0.8640829265792437,0.0,0.31987799766666664,0.633504696,10541.0,0.0
0.8045178399412221,0.0,0.321774905,0.5965743695,10541.0,0.0
0.9150546136113349,0.00086478,0.31214224,0.5917653545,10541.0,0.0
0.9532306958862751,0.17273242249999998,0.2713396385,0.5962333795,10541.0,0.0
0.9491102915006644,0.4330874365,0.203710621,0.539532618,10541.0,0.0
0.9440690891164056,0.655761842,0.16761399566666668,0.44239276099999997,10541.0,0.0
0.9447918236843358,0.595357987,0.1706929625,0.4041799425,10541.0,0.0
0.9568703998709484,0.3596658705,0.1834929245,0.395016395,10541.0,0.0
0.9548378328272722,0.0781227115,0.240715453,0.3950451545,10541.0,0.0
0.9158417090695328,0.0,0.25959513566666664,0.40499502766666673,10541.0,0.0
0.8175092837438847,0.0,0.2948641345,0.45318076500000004,10541.0,0.0
0.8139688894407253,0.0,0.26983219475,0.403358486,10541.0,0.0
0.9223533156788675,0.000942283,0.26375203999999997,0.37795907100000004,10541.0,0.0
0.9611649317018973,0.1657772805,0.225430582,0.360808285,10541.0,0.0
0.9583676253536922,0.337786252,0.161156814,0.311536253,10541.0,0.0
0.9544113872871705,0.5212910905,0.14235847899999998,0.27888624900000003,10541.0,0.0
0.9490801176595842,0.6038196215,0.148389578,0.259858983,10541.0,0.0
0.9502856638592942,0.542498767,0.16411721950000002,0.245700212,10541.0,0.0
0.9642074960997176,0.36238772750000003,0.194359889,0.26452898599999997,10541.0,0.0
0.9675597763893917,0.0787189945,0.2412045135,0.33050325950000004,10541.0,0.0
0.9247206466611869,0.0,0.24765100066666668,0.41014716333333334,10541.0,0.0
0.8223615941702065,0.0,0.22506243,0.4207792575,10541.0,0.0
0.8176635373471132,0.0,0.17934903400000002,0.39190683825000006,10541.0,0.0
0.9267824203221194,0.001711521,0.1516285515,0.36965960249999996,10541.0,0.0
0.9637143687913481,0.21869008699999998,0.11201560399999999,0.33797892799999996,10541.0,0.0
0.9590522883651171,0.5157259835,0.0727871185,0.28146883050000004,10541.0,0.0
0.9506618682714413,0.7288900005000001,0.066837769,0.2476464095,10541.0,0.0
0.9467699426192016,0.7433714815,0.0814434495,0.255462114,10541.0,0.0
0.9537828165666613,0.564632569,0.0933155415,0.280024491,10541.0,0.0
0.9656528364691915,0.25874788400000004,0.1387743815,0.3371509175,10541.0,0.0
0.9635641771345995,0.005119426,0.196431679,0.426119814,10541.0,0.0
0.9216189758681793,0.0,0.22035744000000002,0.5116927750000001,10541.0,0.0
0.8167039180869017,0.0,0.271259466,0.606086029,10541.0,0.0
0.9241771814040852,0.001832099,0.294666683,0.6569625889999999,10541.0,0.0
0.961778173843503,0.1803599525,0.26720856699999995,0.6628674855,10541.0,0.0
0.9547749709535404,0.42138171700000004,0.2240668595,0.635492646,10541.0,0.0
0.9493541956337165,0.6092345594999999,0.2291467785,0.6008187115,10541.0,0.0
0.9461047187403387,0.6189712745,0.233979935,0.6260650415,10541.0,0.0
0.9533177836173484,0.4786891235,0.213838671,0.6309095525,10541.0,0.0
0.9621025895695772,0.2244895495,0.2073179255,0.630098144,10541.0,0.0
0.9520500042885898,0.003037321,0.2260488175,0.6506192325,10541.0,0.0
0.8625638363935522,0.0,0.19074354575000002,0.598516069,10541.0,0.0
0.8065591593601539,0.0,0.14589866266666665,0.508394941,10541.0,0.0
0.8676184894534502,0.0,0.131108781,0.4478282415,10541.0,0.0
0.9566549771832726,0.07694147949999999,0.12438871600000001,0.41289937200000004,10541.0,0.0
0.9577923906805841,0.291613719,0.089845864,0.364218322,10541.0,0.0
0.9494067094916694,0.5140546155,0.0696168815,0.3104959265,10541.0,0.0
0.9425616526166593,0.6675794355,0.06679437725,0.20289916225000001,10541.0,0.0
0.9476355510691693,0.5188777165,0.0815456945,0.1888762765,10541.0,0.0
0.9556152895015653,0.2601724835,0.111117948,0.206491185,10541.0,0.0
0.9491492657994052,0.0041006,0.140252819,0.2536301395,10541.0,0.0
0.9082503927687351,0.0,0.1295644155,0.26185087949999997,10541.0,0.0
0.8053336746399556,0.0,0.12123717083333335,0.22799192266666668,10541.0,0.0
0.8165253982843412,0.0042834075,0.096887905,0.220767725,10541.0,0.0
0.8645878686463353,0.22825268999999998,0.0636626235,0.1968561585,10541.0,0.0
0.8805107403695817,0.445039669,0.036394356,0.162457463,10541.0,0.0
0.8759196939236404,0.589079294,0.035369822999999995,0.16565956799999998,10541.0,0.0
0.8722384363766963,0.6682460126666667,0.04657919666666666,0.22799398766666668,10541.0,0.0
0.8872254073063452,0.4932441875,0.055305929000000004,0.335027621,10541.0,0.0
0.8984533169291542,0.23232321100000003,0.0746658385,0.4078063145,10541.0,0.0
0.899634878733096,0.010310103,0.088693295,0.451911572,10541.0,0.0
0.8792932183055738,0.0,0.08436899800000001,0.45452091666666666,10541.0,0.0
0.7309809498653776,0.0,0.07023928774999999,0.39582642349999997,12446.0,0.0
0.7298235656067839,0.00234497725,0.086793645,0.440852448,14351.0,0.0
0.7755906940879749,0.176823464,0.1022032885,0.4795605675,14351.0,0.0
0.8090635935487408,0.3938708015,0.08543844349999999,0.4882624605,14351.0,0.0
0.8063496397552532,0.5479761882499999,0.07874202675,0.475588501,14351.0,0.0
0.8149462106680246,0.37754979899999996,0.090795867,0.497627723,14351.0,0.0
0.8223727157682541,0.1682033755,0.1060692525,0.4676525735,14351.0,0.0
0.8132937403498244,0.0055360775,0.11366530550000001,0.4483254305,14351.0,0.0
0.7677532048599309,0.0,0.12530407524999998,0.47069325075,14351.0,0.0
0.7443895147965789,0.0,0.15461079625000002,0.541104775,14351.0,0.0
0.846012273120615,0.0099322155,0.1728655015,0.6016721275,14351.0,0.0
0.8654286709046671,0.277427115,0.14174284599999998,0.597487004,14351.0,0.0
0.8658764892378178,0.513065951,0.090720473,0.564468723,14351.0,0.0
0.8587237236325796,0.7151657920000001,0.08075120250000001,0.5473959105,14351.0,0.0
0.8538062303889293,0.8133428505,0.08752214850000001,0.5803525915,14351.0,0.0
0.8553769074851437,0.6080313973333333,0.12119518833333336,0.6213202666666667,14351.0,0.0
0.8648597707112466,0.275347667,0.1645099785,0.565399108,14351.0,0.0
0.8515330793252306,0.006060089666666667,0.228644347,0.5148596513333333,14351.0,0.0
0.7845438249297595,0.0,0.2403939295,0.43342628250000004,14351.0,0.0
0.7426226560759162,0.0,0.232527402,0.365531141,14351.0,0.0
0.7966780579105797,0.0053522625,0.2164203435,0.40837256675,14351.0,0.0
0.8657058918150538,0.22383202800000002,0.1594690685,0.43959756699999997,14351.0,0.0
0.8664650704189538,0.482968551,0.12709218249999998,0.401294206,14351.0,0.0
0.8610001143221169,0.6995787463333333,0.14770012066666668,0.37694580066666666,14351.0,0.0
0.8598238552268542,0.5774827735000001,0.162473706,0.4249069605,14351.0,0.0
0.8649364620161524,0.3152288855,0.1576304115,0.4677646405,14351.0,0.0
0.8597433920442208,0.0690542675,0.22902519300000002,0.540400065,14351.0,0.0
0.8189845075577032,0.0,0.2756580566666667,0.582724056,14351.0,0.0
0.7315512887919366,0.0,0.30864311699999997,0.561317664,14351.0,0.0
0.8305345118973928,0.0086256425,0.3559796415,0.6551327265,14351.0,0.0
0.8551399181004772,0.10414792950000001,0.3834003335,0.7108052305,14351.0,0.0
0.8517067395250416,0.2297602285,0.398907193,0.715426052,14351.0,0.0
0.8494266415049616,0.2631752785,0.3582903285,0.6966592555,14351.0,0.0
0.847662253058858,0.223533301,0.3627807795,0.701609726,14351.0,0.0
0.8483811030538736,0.1730238305,0.362582728,0.6549472430000001,14351.0,0.0
0.8505288041708712,0.0939538345,0.3125922755,0.5996110809999999,14351.0,0.0
0.8346131855439574,0.007968164,0.25528243700000003,0.5133959055,14351.0,0.0
0.7970511676000707,0.0,0.2037218805,0.418235068,14351.0,0.0
0.7218329029241106,0.0,0.128450476,0.3605803543333333,14351.0,0.0
0.7372745386162985,0.0,0.10342338350000001,0.409812277,14351.0,0.0
0.8541574349678855,0.046885691,0.1098959865,0.459175537,14351.0,0.0
0.8548679196083686,0.149448644,0.108356375,0.429497123,14351.0,0.0
0.8520005463069075,0.2737354855,0.1225423075,0.4217080315,14351.0,0.0
0.8510751224922655,0.421199282,0.120458027,0.4470037665,14351.0,0.0
0.8486685753560517,0.39669729350000005,0.1389004895,0.5121364515,14351.0,0.0
0.8505849928889841,0.255420614,0.145788492,0.5532710665,14351.0,0.0
0.8515586755639151,0.08041704899999999,0.168537574,0.5977318220000001,14351.0,0.0
0.8365096326107929,0.0032796915,0.18569043899999998,0.65663642,14351.0,0.0
0.8024193566431488,0.0,0.20608194000000002,0.701721313,14351.0,0.0
0.7297954300201809,0.0,0.3235999126,0.7431812264,14351.0,0.0
0.777002644867741,0.0,0.48339323850000004,0.7482526469999999,14351.0,0.0
0.8590971233908229,0.035456057,0.571009698,0.7852411244999999,14351.0,0.0
0.8607212330928287,0.177848324,0.6360478935,0.8182792125,14351.0,0.0
0.8543359144284555,0.382242807,0.7493318695,0.8671161195,14351.0,0.0
0.8510130342008025,0.531453642,0.7461645939999999,0.8853156445,14351.0,0.0
0.8487309053058778,0.5525007545,0.6945605294999999,0.86292977,14351.0,0.0
0.8511699956371573,0.459932412,0.573629306,0.805908781,14351.0,0.0
0.8525067780713611,0.259426059,0.4446164965,0.7324690215,14351.0,0.0
0.843878014742052,0.044266823,0.407642487,0.677585267,14351.0,0.0
0.8313659813805782,0.0,0.3714977505,0.6178150570000001,14351.0,0.0
0.7652446887178608,0.0,0.3249417405,0.5305477955,14351.0,0.0
0.7175435531038525,0.0,0.27337182250000003,0.4541762545,14351.0,0.0
0.7148121793436308,0.0,0.30068136700000003,0.430509846,14351.0,0.0
0.7388665767309485,0.0987361605,0.31153179750000004,0.5711552049999999,14351.0,0.0
0.7779205737308967,0.32422559650000005,0.2530378225,0.689041574,14351.0,0.0
0.7821177178318021,0.562516308,0.2403687645,0.734512392,14351.0,0.0
0.7751145151386296,0.5999972295,0.2660271285,0.7610418525,14351.0,0.0
0.7751706798483384,0.5064844215,0.2911223895,0.774117283,14351.0,0.0
0.7843927386647701,0.2924039705,0.252182318,0.755433671,14351.0,0.0
0.7924496763175732,0.120138992,0.258166799,0.75905052,14351.0,0.0
0.7820745768285994,0.008072504666666666,0.27427687833333336,0.7463328763333333,14351.0,0.0
0.7343374733453039,0.0,0.22662915649999998,0.6494671245,14351.0,0.0
0.7044939782638213,0.0,0.174031271,0.5162031805,14351.0,0.0
0.7021543549478189,0.0,0.132963616,0.39002579849999996,14351.0,0.0
0.7149516360294745,0.022449478999999998,0.09522896666666668,0.3303903133333333,14351.0,0.0
0.7497125760098156,0.2863782185,0.048256138500000004,0.2870610005,14351.0,0.0
0.7728642038733102,0.574171442,0.039760697,0.26768516649999996,14351.0,0.0
0.7591873156053458,0.730000387,0.0695133715,0.281800453,14351.0,0.0
0.7492031528987189,0.7227665505,0.101816976,0.2966130085,14351.0,0.0
0.7564204007481801,0.5081965185,0.12953731,0.30306983,14351.0,0.0
0.7777544009389477,0.20378591000000001,0.1814879645,0.33753522449999995,14351.0,0.0
0.7746782454382566,0.007758527666666667,0.21878337,0.3781528453333333,14351.0,0.0
0.7286068048912543,0.0,0.192756081,0.38419423599999997,14351.0,0.0
0.7142439561740886,0.0,0.19216117466666668,0.24643107133333333,14351.0,0.0
0.7738785776446706,0.0,0.23222722350000002,0.1429017055,14351.0,0.0
0.8560542203170716,0.113899676,0.2370206695,0.154634602,14351.0,0.0
0.852858466163834,0.249565936,0.252378799,0.20838823,14351.0,0.0
0.8460773109035674,0.4244392435,0.30701545799999996,0.2382063465,14351.0,0.0
0.8414984499034851,0.601223842,0.3794710705,0.31698105099999996,14351.0,0.0
0.8409659612100551,0.6855904535,0.37361134149999997,0.39489975850000003,14351.0,0.0
0.845053677366224,0.5117427845,0.32828362499999997,0.452485253,14351.0,0.0
0.8489357385162019,0.2754564605,0.27747884850000004,0.497313282,14351.0,0.0
0.8349376496804204,0.033799412,0.29983415599999996,0.5930047315,14351.0,0.0
0.7989312220434014,0.0,0.303346654,0.6700041935000001,14351.0,0.0
0.7358450950574251,0.0,0.289247081,0.7210854044999999,14351.0,0.0
0.7256748492121575,0.0,0.24154429125000001,0.80840708175,14351.0,0.0
0.8331128653385577,0.043693355499999996,0.191371723,0.785968215,14351.0,0.0
0.856896763184706,0.311554025,0.1527143575,0.6801010165,14351.0,0.0
0.8524125818847507,0.58453011,0.1519095565,0.6204980790000001,14351.0,0.0
0.8488130996518842,0.7267900772,0.16813240280000002,0.584708206,14351.0,0.0
0.8516987124528597,0.4535088385,0.1796496245,0.6042217095,14351.0,0.0
0.8527718135358888,0.239198841,0.215365609,0.637060836,14351.0,0.0
0.8338809410897023,0.03127065466666667,0.26159668966666666,0.6701329023333334,14351.0,0.0
0.7702673063014043,0.0,0.23214317,0.6700016099999999,14351.0,0.0
0.7298645225667708,0.0,0.189879568,0.58917629475,14351.0,0.0
0.7782740510398514,0.000965643,0.1955061075,0.557752343,14351.0,0.0
0.8591727508479174,0.165561195,0.1768192405,0.575215567,14351.0,0.0
0.8597734690645236,0.389729749,0.127686756,0.581435373,14351.0,0.0
0.8522281064236337,0.5746672105,0.12496009500000001,0.5872318839999999,14351.0,0.0
0.8477823835697132,0.7453747556666667,0.12299859066666667,0.5916752426666667,14351.0,0.0
0.8466730483602587,0.675814295,0.1298576115,0.6170023,14351.0,0.0
0.8501619805506792,0.451816507,0.127477318,0.611607663,14351.0,0.0
0.8462410421195283,0.1553251,0.1587750185,0.6266291374999999,14351.0,0.0
0.8140612601030627,0.0,0.16670741233333333,0.593463048,14351.0,0.0
0.73541632870492,0.0,0.15379395183333333,0.5309739506666667,14351.0,0.0
0.8342800175738212,0.048356206,0.14909267850000002,0.5319909785,14351.0,0.0
0.8563815373210368,0.261046096,0.142760768,0.538877278,14351.0,0.0
0.8534010128042908,0.540150282,0.104339607,0.5219915765,14351.0,0.0
0.8477103664911904,0.8161109984999999,0.104032236,0.504552408,14351.0,0.0
0.8432748950290613,0.9134358173333333,0.12778281566666666,0.5349531323333334,14351.0,0.0
0.8434398672696084,0.721872605,0.148559776,0.567049495,14351.0,0.0
0.8478331891575529,0.487033804,0.15853795,0.575007616,14351.0,0.0
0.8422655585619994,0.2148060195,0.203597164,0.58230013,14351.0,0.0
0.806867714583419,0.0,0.22215317,0.5764095176666667,14351.0,0.0
0.7231197505015047,0.0,0.21818737300000002,0.5860044133333333,14351.0,0.0
0.7415395132482533,0.00143631575,0.220713622,0.59808119275,14351.0,0.0
0.8559561072183576,0.135683306,0.241582831,0.602238149,14351.0,0.0
0.8529036783182753,0.34999927399999997,0.21933127800000002,0.6008471824999999,14351.0,0.0
0.8482776709128942,0.562099213,0.183753726,0.601273909,14351.0,0.0
0.8407840969580772,0.710236812,0.203112649,0.607809421,14351.0,0.0
0.8305976640366668,0.7525947,0.24300693299999998,0.6391503135000001,14351.0,0.0
0.8256513510652896,0.6147290145,0.27268816399999996,0.6753023735,14351.0,0.0
0.8317018091670324,0.3926717275,0.31362613250000004,0.731473634,14351.0,0.0
0.8358464878203734,0.150395638,0.41209569,0.7893961439999999,14351.0,0.0
0.8150659384149412,0.000646859,0.42071232599999997,0.808673016,14351.0,0.0
0.7381376929941004,0.0,0.387434573,0.7990336425,14351.0,0.0
0.6875079585153966,0.001211354,0.32315106416666667,0.7494028928333334,14351.0,0.0
0.717874037642847,0.21423577249999998,0.205761216,0.6467075115,14351.0,0.0
0.7533632571485309,0.475100118,0.116010617,0.577215283,14351.0,0.0
0.7678682059030784,0.671634319,0.084201564,0.5039276685,14351.0,0.0
0.7503566526827932,0.8359973753333333,0.075898796,0.411925068,14351.0,0.0
0.7466439239225892,0.8046260430000001,0.084344561,0.373044104,14351.0,0.0
0.7584175473273036,0.5518130745000001,0.1020951805,0.295477922,14351.0,0.0
0.7769325539060807,0.21868430100000003,0.1540434115,0.24875965300000003,14351.0,0.0
0.7587965401909615,0.000657956,0.16155979433333334,0.2671599226666667,14351.0,0.0
0.694647407046798,0.0013631162857142855,0.17073779242857143,0.38565750657142855,14351.0,0.0
0.7186968030955687,0.1967730855,0.140753835,0.421062829,14351.0,0.0
0.7667097094846798,0.44747936,0.0805270575,0.378293676,14351.0,0.0
0.779046599766603,0.6734229035,0.054107891,0.3100372525,14351.0,0.0
0.7792759731082148,0.7704541389999999,0.043593904,0.280150996,14351.0,0.0
0.7814591427065734,0.6799494994999999,0.0425794035,0.26002421200000003,14351.0,0.0
0.7933465220628517,0.4606101295,0.0531324175,0.2233359545,14351.0,0.0
0.7960417503834307,0.244205886,0.086242036,0.20275888,14351.0,0.0
0.7873154302812979,0.059176837499999996,0.0962614725,0.191625541,14351.0,0.0
0.7457185564555404,0.0,0.060504194000000004,0.117134102,14351.0,0.0
0.7088834701815715,0.0,0.044686401,0.12155100320000001,14351.0,0.0
0.8148651429459026,0.07734065,0.0441678605,0.1489510945,14351.0,0.0
0.8519939215616774,0.3382518585,0.026107809000000003,0.1353749415,14351.0,0.0
0.8502935070507152,0.538439591,0.015235404,0.118036183,14351.0,0.0
0.846876285798866,0.7096189035,0.0120457145,0.1000955295,14351.0,0.0
0.8424706495674829,0.7651481993333333,0.010551305000000002,0.08889046466666667,14351.0,0.0
0.8409536789434188,0.601166767,0.013013807,0.09613416,14351.0,0.0
0.8456472871272931,0.335363812,0.022410427,0.088831654,14351.0,0.0
0.833840709432789,0.137157799,0.029102551,0.087011693,14351.0,0.0
0.8044996905060219,0.0011593833333333333,0.038083338333333334,0.09171028466666666,14351.0,0.0
0.7179897197112735,0.0,0.06754324633333333,0.09495490399999999,14351.0,0.0
0.7308727187002313,0.00393539575,0.10307430799999999,0.10854459675,14351.0,0.0
0.8501524063139594,0.17869454350000002,0.079189619,0.18003682,14351.0,0.0
0.8507850871945468,0.40340079949999996,0.041320316999999995,0.217101304,14351.0,0.0
0.8467795750271039,0.6136522165,0.0371890045,0.2071150775,14351.0,0.0
0.8420570746967099,0.66270556425,0.0583163695,0.313120724,14351.0,0.0
0.8385952938467165,0.430906782,0.081162237,0.411065935,14351.0,0.0
0.8360864752381119,0.1901316495,0.10493691499999999,0.43245033200000005,14351.0,0.0
0.7997697030957496,0.0015525060000000002,0.11792076466666666,0.428995201,14351.0,0.0
0.711441427538799,0.0,0.128513835,0.39238539100000003,14351.0,0.0
0.6991147521440856,0.0,0.18505545125,0.44596439975,14351.0,0.0
0.8070248854701414,0.069578249,0.18010383800000002,0.479277348,14351.0,0.0
0.8483673216395079,0.264907296,0.1565668,0.48480021949999996,14351.0,0.0
0.841675865516244,0.48298259450000003,0.149495406,0.49775691099999997,14351.0,0.0
0.8273064241962472,0.6313885616666667,0.19314030366666665,0.5061860946666666,14351.0,0.0
0.8187853804103676,0.5494885494999999,0.247323304,0.5724123125,14351.0,0.0
0.8175119433634126,0.38034275250000005,0.3030790235,0.5817908225,14351.0,0.0
0.8175773680358946,0.1543017915,0.384403251,0.614319112,14351.0,0.0
0.7907934263812307,0.0012331430000000001,0.42489286633333334,0.629593804,14351.0,0.0
0.6994188466255346,0.0,0.406011485,0.6120299116666666,14351.0,0.0
0.7192681453569529,0.0033751465,0.35077945475,0.60143470025,14351.0,0.0
0.84374634320764,0.11637378649999999,0.2281783925,0.5438069425000001,14351.0,0.0
0.8443412584748834,0.208891946,0.122209604,0.444428121,14351.0,0.0
0.8297011565737388,0.326431825,0.10122034599999999,0.3135752045,14351.0,0.0
0.8181207366690089,0.446579525,0.060101461999999994,0.1647560755,14351.0,0.0
0.815387307631958,0.3758595105,0.053896161,0.09573224050000001,14351.0,0.0
0.813240138635656,0.28079288,0.0647588385,0.0982062945,14351.0,0.0
0.8146775001465467,0.16230245999999998,0.11558005300000002,0.15925225199999998,14351.0,0.0
0.8178082163200415,0.031243755,0.190522986,0.252368503,14351.0,0.0
0.7561474913142444,0.0,0.250395941,0.40505927566666666,14351.0,0.0
0.6892877200149885,0.0,0.28010798775,0.5451045695000001,14351.0,0.0
0.7706092911283844,0.023536046,0.30003902800000004,0.6065283013333334,14351.0,0.0
0.8374159077552055,0.182602274,0.22782175799999999,0.575695874,14351.0,0.0
0.8229938399476657,0.341287412,0.16581206,0.517320907,14351.0,0.0
0.812106641656868,0.458180916,0.16251476050000002,0.4663220375,14351.0,0.0
0.8063041858440535,0.46012383825,0.15990262175,0.48689810624999996,14351.0,0.0
0.8050172938576714,0.258924039,0.19115701950000002,0.568857246,14351.0,0.0
0.8076622084347125,0.0847705915,0.260350609,0.6273213799999999,14351.0,0.0
0.7830044817528433,0.0014014103333333334,0.32186173966666665,0.7287067193333333,14351.0,0.0
0.6728031167716594,0.0,0.3338068376,0.7845396532000001,14351.0,0.0
0.6809391072117458,0.03243988366666667,0.3615013723333333,0.7492972356666666,14351.0,0.0
0.7367888699516237,0.2123262565,0.324769072,0.704902355,14351.0,0.0
0.7564968261895282,0.37811355150000003,0.37134494149999997,0.641741706,14351.0,0.0
0.7485874125055477,0.48695494066666667,0.400294602,0.5378005446666666,14351.0,0.0
0.7468980552422384,0.42168596150000004,0.4321970425,0.5573017570000001,14351.0,0.0
0.7532123159179176,0.2850930885,0.38784918300000004,0.558872563,14351.0,0.0
0.7695877932894647,0.1128732955,0.3724915845,0.5475282509999999,14351.0,0.0
0.7533866126028261,0.001997363,0.374179859,0.5650616906666667,14351.0,0.0
0.7023424570554974,0.0,0.38305285349999996,0.574505663,14351.0,0.0
0.6915932045609987,0.0,0.32275251675000005,0.510023326,14351.0,0.0
0.706141492027301,0.051220459499999996,0.2380995315,0.41049108,14351.0,0.0
0.743367972450276,0.2324292255,0.1301578025,0.2865421935,14351.0,0.0
0.7710247437056313,0.422997095,0.08740758,0.199561239,14351.0,0.0
0.768036579203023,0.569983635,0.051440041,0.1200059405,14351.0,0.0
0.7563984714980475,0.590852384,0.036706043,0.07692642133333334,14351.0,0.0
0.7613137885700902,0.4455572675,0.035344982999999996,0.101854112,14351.0,0.0
0.7799539871692153,0.237173454,0.0676245535,0.14715641699999998,14351.0,0.0
0.7787638177620072,0.077809661,0.130807043,0.223393131,14351.0,0.0
0.7629755189822571,0.0032625443333333336,0.192687168,0.34770149066666667,14351.0,0.0
0.7140887355438266,0.0,0.26743452866666667,0.48903390599999996,14351.0,0.0
0.7219146799109052,0.00560353875,0.32780854550000005,0.609579662,14351.0,0.0
0.845942979946418,0.093040183,0.3459765515,0.67906439,14351.0,0.0
0.8495572491915625,0.17447318,0.351807221,0.707453377,14351.0,0.0
0.8467923892176458,0.26627970700000003,0.3836283625,0.7205952015,14351.0,0.0
0.8425965668253079,0.2976347853333333,0.417456931,0.7622913663333333,14351.0,0.0
0.840294112389172,0.238936177,0.4695810455,0.8007525474999999,14351.0,0.0
0.8455240295545927,0.1267414275,0.4899299125,0.7831035715,14351.0,0.0
0.8464817549059371,0.067192758,0.465548816,0.769916936,14351.0,0.0
0.830454580638665,0.018428457500000002,0.420608165,0.7737672685,14351.0,0.0
0.7865351447479065,0.0,0.3861043595,0.763052093,14351.0,0.0
0.7000395450296735,0.0,0.36160580079999993,0.8063447188000001,14351.0,0.0
0.7415967174037885,0.0047038075,0.311105847,0.8448489260000001,14351.0,0.0
0.846220152643206,0.0694854715,0.284762613,0.8537776065,14351.0,0.0
0.8512898200080611,0.150325555,0.276272962,0.865190123,14351.0,0.0
0.8482760753379677,0.238484953,0.267558469,0.853046105,14351.0,0.0
0.8441734415008288,0.31471843525,0.24157004825,0.7927117997500001,14351.0,0.0
0.8452947286317738,0.2738315995,0.2463288245,0.7987047715,14351.0,0.0
0.8486011680223233,0.156686755,0.22726233,0.7906523475,14351.0,0.0
0.8307023532734319,0.0376991345,0.263217761,0.7948727394999999,14351.0,0.0
0.7883938504065925,0.0,0.2981658345,0.7915292285,14351.0,0.0
0.7130932207019276,0.0,0.329926803,0.749840461,14351.0,0.0
0.6965884812951545,0.0,0.3116590956666667,0.7051247640000001,14351.0,0.0
0.747735811188303,0.0076021375,0.27929404049999995,0.6538648135,14351.0,0.0
0.8488862225601272,0.099978135,0.2482515585,0.5907148765000001,14351.0,0.0
0.8523110839946287,0.221125135,0.236871425,0.495589268,14351.0,0.0
0.8492925522061755,0.3682207395,0.236745328,0.4055260055,14351.0,0.0
0.84693353836479,0.4420176855,0.2242983255,0.3089411595,14351.0,0.0
0.8454399880045932,0.4455919013333333,0.21356485700000002,0.3796780423333333,14351.0,0.0
0.8450921197410594,0.340363403,0.21733968650000002,0.4251422635,14351.0,0.0
0.846442780213616,0.222157322,0.22225471,0.471333241,14351.0,0.0
0.8306714058500828,0.0692346955,0.2524390495,0.5431820940000001,14351.0,0.0
0.7904772873229065,0.0,0.2763000805,0.5670482705,14351.0,0.0
0.7103657442535058,0.0,0.26649982679999995,0.5529379816,14351.0,0.0
0.7573745474697715,0.017200887,0.2470202495,0.547538424,14351.0,0.0
0.8502084017840978,0.15602226800000002,0.193654294,0.497874003,14351.0,0.0
0.8519774325109756,0.291149807,0.168770641,0.430113963,14351.0,0.0
0.8485383061485916,0.4365672845,0.16615445099999998,0.3664298955,14351.0,0.0
0.8453593554183974,0.5422673560000001,0.12409026475,0.341648598,14351.0,0.0
0.8456912905963374,0.4734549375,0.12867106350000002,0.421527763,14351.0,0.0
0.8479260312308099,0.294363214,0.11963014899999999,0.4685585725,14351.0,0.0
0.8345513393044384,0.130304733,0.120815353,0.519812156,14351.0,0.0
0.8033787661906057,0.010178704333333333,0.13288097366666668,0.514443909,14351.0,0.0
0.719063167210648,0.0,0.1400722055,0.5413607570000001,14351.0,0.0
0.708612980224085,0.000727587,0.1144364625,0.5168165875,14351.0,0.0
0.8167436742330998,0.086461979,0.102765721,0.496796819,14351.0,0.0
0.8512205268338641,0.2969437035,0.0895612995,0.4784347825,14351.0,0.0
0.848254170424223,0.547996124,0.07445512200000001,0.432067993,14351.0,0.0
0.8446399978030658,0.71312516,0.06478958766666666,0.40218921566666666,14351.0,0.0
0.8421249413387606,0.606218235,0.07803869,0.4648242875,14351.0,0.0
0.8437450377014657,0.43559002999999996,0.07985638449999999,0.469636026,14351.0,0.0
0.8399720662138734,0.198100657,0.0687709165,0.4298000865,14351.0,0.0
0.8049500396267172,0.014007641666666668,0.07419251166666667,0.34549018433333334,14351.0,0.0
0.6979461775420684,0.0006339949999999999,0.06881003716666667,0.21312490533333336,14351.0,0.0
0.700348936926145,0.101783909,0.051770871999999996,0.11518837500000001,14351.0,0.0
0.7425768071739904,0.3222745815,0.0221665165,0.0845698315,14351.0,0.0
0.7720721199803797,0.5434641345,0.024062052,0.08008544749999999,14351.0,0.0
0.7667959752230955,0.6863094905,0.0373059545,0.12422151399999999,14351.0,0.0
0.7597031942221022,0.662519258,0.046603021999999994,0.21824938,14351.0,0.0
0.7706871513014704,0.5071855175,0.048104501,0.284005858,14351.0,0.0
0.7830301101995236,0.2900638295,0.0391785985,0.2709564505,14351.0,0.0
0.7783951086949268,0.087922094,0.0479519535,0.2083263595,14351.0,0.0
0.7395012564095782,0.0,0.059110725333333336,0.18421403633333333,14351.0,0.0
0.682852684865329,0.0007914298,0.06427845800000001,0.12169933240000001,14351.0,0.0
0.6933824840153137,0.077025921,0.0647972765,0.103432205,14351.0,0.0
0.7420976303227669,0.255293984,0.0386937195,0.0872474205,14351.0,0.0
0.7729740915199492,0.4750883195,0.032158762,0.07545200799999999,14351.0,0.0
0.7721855130508183,0.5966817010000001,0.0300501365,0.0672440355,14351.0,0.0
0.7665929796396418,0.5525496205,0.0284404985,0.0818618325,14351.0,0.0
0.7690485592184132,0.457507129,0.029787459000000002,0.0829636275,14351.0,0.0
0.7774261407195627,0.292275414,0.0406878775,0.08955855500000001,14351.0,0.0
0.7751092201047685,0.102695926,0.071802049,0.104395352,14351.0,0.0
0.7503550247686774,0.0,0.08815411000000001,0.124502946,14351.0,0.0
0.70774156911994,0.0,0.10869211775000001,0.26976449125,14351.0,0.0
0.7133272843411217,0.001853106,0.11845349150000001,0.363481418,14351.0,0.0
0.8264252291754263,0.12587106266666667,0.10282796833333334,0.419797551,14351.0,0.0
0.8490310467642217,0.4463032465,0.099777431,0.47548904449999996,14351.0,0.0
0.843825790952851,0.5718249595,0.134180678,0.532509793,14351.0,0.0
0.8405727358233007,0.5520364005,0.16651685700000002,0.5642571455000001,14351.0,0.0
0.8421755209458561,0.5160351805,0.194784088,0.58666187,14351.0,0.0
0.848256152888679,0.3584644985,0.2172147735,0.5920976075,14351.0,0.0
0.8481861827562003,0.217974749,0.249288748,0.599499469,14351.0,0.0
0.8308322838049609,0.103957195,0.2701254315,0.6138305829999999,14351.0,0.0
0.7872872633066582,0.0,0.247999733,0.569680345,14351.0,0.0
0.661256884178504,0.0,0.24203648600000002,0.5704981186666668,11555.666666666666,0.0
0.6530148423854976,0.019989655749999998,0.27663357525,0.63000290875,5965.0,0.0
0.7812166651056677,0.1658005515,0.2822185905,0.6487841195,5965.0,0.0
0.8305167655541151,0.25080096,0.298874491,0.64443193,5965.0,0.0
0.8326331807686229,0.38088441949999996,0.3192588265,0.6390001965000001,5965.0,0.0
0.8322373763807253,0.4067950913333333,0.375171425,0.687603721,5965.0,0.0
0.8311461100536832,0.3653664385,0.403891977,0.7005652615,5965.0,0.0
0.8293575919806448,0.2342101025,0.3808371565,0.6798180140000001,5965.0,0.0
0.8281177619765665,0.129154371,0.357977739,0.687731452,5965.0,0.0
0.8121913118203572,0.0469078595,0.3538134205,0.6886979259999999,5965.0,0.0
0.7697542079365673,0.0,0.320094059,0.7205690885,5965.0,0.0
0.6590158331383447,0.0,0.27921013,0.7354848380000001,5965.0,0.0
0.6610212165024048,0.007691071,0.23567749666666668,0.686080881,5965.0,0.0
0.7821107790094158,0.0849445355,0.216074289,0.590626213,5965.0,0.0
0.8311117292317474,0.21725822,0.2020604715,0.5364130460000001,5965.0,0.0
0.8327372898678839,0.352403652,0.199129905,0.4863858325,5965.0,0.0
0.8322272862257027,0.409976323,0.2164258735,0.46316699,5965.0,0.0
0.8303402685580011,0.3553184545,0.2014333305,0.46719602650000003,5965.0,0.0
0.8275349835480028,0.268214615,0.179141663,0.449679161,5965.0,0.0
0.8262497961583171,0.1868671235,0.16351902550000003,0.393030443,5965.0,0.0
0.8120525322239885,0.069912422,0.1813851825,0.36996499299999996,5965.0,0.0
0.7701799040995945,0.000543957,0.2105017905,0.382880766,5965.0,0.0
0.6749428231556642,0.0,0.21218803333333333,0.3777027456666666,5965.0,0.0
0.6698919940572996,0.01043837275,0.25217831025000004,0.37564116225,5965.0,0.0
0.7843613559415028,0.1204663885,0.279633716,0.4304139135,5965.0,0.0
0.8313202373022313,0.278050967,0.2997408235,0.4788218155,5965.0,0.0
0.8323038811034114,0.367920911,0.391935846,0.54064367,5965.0,0.0
0.8325584557257802,0.3505771576666667,0.439612266,0.579448808,5965.0,0.0
0.8303501330602631,0.27830405550000004,0.3832834345,0.601040923,5965.0,0.0
0.828179560002487,0.20020699,0.336206398,0.61001829,5965.0,0.0
0.8277785011851057,0.10944906,0.308320157,0.612537823,5965.0,0.0
0.8129945419101099,0.034735337,0.28181496699999997,0.6141354084999999,5965.0,0.0
0.770524363104139,0.0,0.2372982355,0.6375731655,5965.0,0.0
0.6722490011306397,0.0,0.24261604825,0.682581506,5965.0,0.0
0.6857764756863068,0.010934222,0.23307786900000002,0.6331377579999999,5965.0,0.0
0.7893280266620868,0.1346540395,0.2068346365,0.5663149435,5965.0,0.0
0.8322336691157793,0.297866325,0.160903603,0.496056092,5965.0,0.0
0.8320124918891296,0.463813284,0.143741541,0.459201459,5965.0,0.0
0.8320486296539545,0.5196432866666667,0.10129555999999999,0.362096357,5965.0,0.0
0.8276446053310842,0.481906692,0.079360565,0.321504134,5965.0,0.0
0.8227508060208699,0.37138298049999996,0.078687096,0.313848069,5965.0,0.0
0.8241593960176322,0.235288048,0.072905097,0.306350248,5965.0,0.0
0.8117770519229044,0.10178776449999999,0.1185167575,0.313244804,5965.0,0.0
0.7684043938586529,0.001152782,0.1758069425,0.3281250775,5965.0,0.0
0.6435155281641689,0.007931670714285714,0.17136292742857145,0.3236131561428572,5965.0,0.0
0.6526414670292391,0.1444239525,0.09781005749999999,0.22173498400000002,5965.0,0.0
0.7079161316684062,0.3274029785,0.080693984,0.2053540055,5965.0,0.0
0.7186971415747094,0.4566466855,0.102401883,0.289546464,5965.0,0.0
0.7120105935957771,0.46028542625,0.14696673100000002,0.3923471345,5965.0,0.0
0.7114152188234211,0.28922718150000004,0.149835224,0.433664251,5965.0,0.0
0.7130465336049511,0.177365097,0.178661329,0.436046767,5965.0,0.0
0.7159286067406326,0.074849869,0.252352404,0.4338507485,5965.0,0.0
0.6793457473557302,0.00047103,0.3396875035,0.43688656574999996,5965.0,0.0
0.6190965951350866,0.014927196399999999,0.34776644360000003,0.463796943,5965.0,0.0
0.6466656209471686,0.1483598545,0.32513156649999997,0.5485165000000001,5965.0,0.0
0.6958169078606248,0.291154154,0.3253322845,0.5054173085,5965.0,0.0
0.7112619326408066,0.5014421330000001,0.370965458,0.43432386300000003,5965.0,0.0
0.7110058265971159,0.7400988540000001,0.40052575933333334,0.41295045733333335,5965.0,0.0
0.7106036233791357,0.625336801,0.3486658755,0.445578926,5965.0,0.0
0.7116010966114898,0.381705655,0.25795688,0.440653913,5965.0,0.0
0.7110237100375649,0.14453950599999998,0.2132134205,0.44349602499999996,5965.0,0.0
0.6859403841774379,0.001246855,0.16318563775,0.34424299625,5965.0,0.0
0.6358943467111443,0.0,0.20748207600000002,0.23369942266666666,5965.0,0.0
0.6601238709756196,0.022853348,0.327442123,0.274865027,5965.0,0.0
0.7790240419029808,0.11647203649999999,0.3573578455,0.3534568915,5965.0,0.0
0.8238803858907642,0.283301118,0.346695629,0.4118009025,5965.0,0.0
0.8230660828101426,0.3979710585,0.4208512995,0.46048387550000003,5965.0,0.0
0.8215428661635849,0.50943324575,0.4806686735,0.45223162875,5965.0,0.0
0.8163575086947036,0.4433632005,0.41692258699999996,0.4747493035,5965.0,0.0
0.8156156897413419,0.284971925,0.342614755,0.472624096,5965.0,0.0
0.806713767448126,0.1344787995,0.2988517725,0.4625228525,5965.0,0.0
0.7568813957594175,0.0029224145,0.2799910205,0.43612623500000003,5965.0,0.0
0.6527892568616195,0.0,0.2367115,0.3996112043333333,5965.0,0.0
0.6343784882796832,0.0,0.1778609395,0.3162333225,5965.0,0.0
0.6586658858519643,0.0376410155,0.14326745000000002,0.232757382,5965.0,0.0
0.7785320266560211,0.223451897,0.1040768755,0.152638477,5965.0,0.0
0.8238603670142783,0.515631277,0.101289914,0.098828003,5965.0,0.0
0.8237798070108675,0.7536755745,0.125160046,0.088906901,5965.0,0.0
0.8239262269866787,0.8977355275,0.149148711,0.129016442,5965.0,0.0
0.8244916939783025,0.8339011080000001,0.1806981615,0.198917442,5965.0,0.0
0.8186631382750896,0.6070318605,0.20691216499999998,0.2288905365,5965.0,0.0
0.8157558234510639,0.301172923,0.2360895485,0.2604563475,5965.0,0.0
0.8065761483235557,0.0922263995,0.32645154499999995,0.36291975649999997,5965.0,0.0
0.7569431455717395,0.003016747,0.36957883049999996,0.48053198799999997,5965.0,0.0
0.6611858742722152,0.0,0.388886646,0.5979108215,5965.0,0.0
0.636345098825367,0.01277783325,0.38045353175,0.68301900775,5965.0,0.0
0.7111618852912351,0.2131622455,0.34071045099999997,0.6672420925,5965.0,0.0
0.8082735163254607,0.419641325,0.241961244,0.618959791,5965.0,0.0
0.8241304798627084,0.655259128,0.2384486035,0.603970362,5965.0,0.0
0.8233154994302248,0.8845539689999999,0.32077269799999997,0.6557693265,5965.0,0.0
0.8239027745148157,0.9592831195,0.4121356275,0.7201775155,5965.0,0.0
0.8214808021757114,0.8619066879999999,0.4496983115,0.753996316,5965.0,0.0
0.8163514642837678,0.617978448,0.42019804400000005,0.789939187,5965.0,0.0
0.8152464487503559,0.386161434,0.442657395,0.822927604,5965.0,0.0
0.8061247997710407,0.191921564,0.473499553,0.8486500935,5965.0,0.0
0.7569394705147894,0.0064843555,0.48654243799999997,0.8451256535,5965.0,0.0
0.652859065822926,0.0,0.448096112,0.8346217943333333,5965.0,0.0
0.6338635042711677,0.000866953,0.36430518,0.7627289415,5965.0,0.0
0.6577516320457587,0.11379105399999999,0.312961151,0.7340992900000001,5965.0,0.0
0.747997848357372,0.267419232,0.25790311,0.716898758,5965.0,0.0
0.8163141339703421,0.5021835015,0.1900572805,0.671937735,5965.0,0.0
0.8233457214849036,0.7786586115,0.24547178799999997,0.6460944255000001,5965.0,0.0
0.8237871248511753,0.9305312259999999,0.41262313766666664,0.6686171753333333,5965.0,0.0
0.8222668176493019,0.8222009875,0.5090478775,0.6819276025000001,5965.0,0.0
0.8167455116631799,0.567465272,0.48818303500000004,0.673681381,5965.0,0.0
0.8153786520118832,0.354059719,0.478890709,0.654053741,5965.0,0.0
0.8066003499757028,0.18419347600000002,0.5003863305,0.627057795,5965.0,0.0
0.7580421166942157,0.0080477005,0.487976152,0.5898653875,5965.0,0.0
0.6599609375471219,0.0,0.46324734,0.585571115,5965.0,0.0
0.6343484917465716,0.0007921159999999999,0.34777503266666665,0.5580450096666666,5965.0,0.0
0.6579790227261244,0.1015462225,0.2483817115,0.506191254,5965.0,0.0
0.7478687398185007,0.218176054,0.180971202,0.500107922,5965.0,0.0
0.8176676475071913,0.3558286045,0.1259847845,0.48275107500000003,5965.0,0.0
0.8255050279102558,0.4796393765,0.1150701555,0.434052261,5965.0,0.0
0.8219696742240298,0.4473553753333333,0.12402950266666668,0.33993389566666665,5965.0,0.0
0.8198862373733127,0.24215379199999998,0.137618249,0.330196724,5965.0,0.0
0.816498029293955,0.138943975,0.1281700955,0.328544742,5965.0,0.0
0.8153482849228284,0.07499992,0.119864111,0.306816632,5965.0,0.0
0.8083201792172426,0.028889831999999997,0.108634761,0.274890062,5965.0,0.0
0.7583602221457965,0.0006626305,0.1006490325,0.2571567,5965.0,0.0
0.6358818548629469,0.0,0.099901692,0.2554994093333333,5965.0,0.0
0.6125039603191016,0.0063249000000000005,0.10631490974999999,0.15178190225,5965.0,0.0
0.6453433933128092,0.0666090635,0.078408813,0.1102517095,5965.0,0.0
0.6831761044394202,0.145519046,0.066004474,0.116167054,5965.0,0.0
0.7096035871512409,0.2294407775,0.065323225,0.125003567,5965.0,0.0
0.7111583795722505,0.27600483375,0.07347711375,0.13695587175,5965.0,0.0
0.7098804695824867,0.23182532649999998,0.087265384,0.181242021,5965.0,0.0
0.7119428719881025,0.155905657,0.07866932,0.187445971,5965.0,0.0
0.7115062476717924,0.09424403249999999,0.085636762,0.1831148385,5965.0,0.0
0.7077107185173683,0.015497990333333331,0.09958800733333333,0.19647900566666665,5965.0,0.0
0.6200983501173266,0.008256655857142857,0.0663877692857143,0.22882753457142857,5965.0,0.0
0.6442223480370179,0.10962808,0.033302848999999995,0.2000571545,5965.0,0.0
0.6948634379005247,0.284232405,0.024978759500000003,0.166682513,5965.0,0.0
0.7127435390823147,0.43674137700000004,0.037730849,0.156510233,5965.0,0.0
0.7171296237483359,0.474487724,0.06387874333333333,0.22847875599999998,5965.0,0.0
0.7163060200349668,0.4094666685,0.078875992,0.31419354899999996,5965.0,0.0
0.7159146320782923,0.2925202215,0.09119182749999999,0.367802274,5965.0,0.0
0.7086574429030568,0.146607405,0.134748261,0.43405097950000004,5965.0,0.0
0.6810473949540741,0.0052856375,0.15918143024999998,0.45207839025,5965.0,0.0
0.6344882066211551,0.00123032,0.10819604599999999,0.355620883,5965.0,0.0
0.6579537812345703,0.086697992,0.091213926,0.30305335050000004,5965.0,0.0
0.7782497283617323,0.262613419,0.057102219,0.245113739,5965.0,0.0
0.8250802747658581,0.507427896,0.0406218835,0.209153692,5965.0,0.0
0.830278228676927,0.7171967275,0.0613444915,0.244061793,5965.0,0.0
0.8356115293761481,0.759750718,0.0713457675,0.27080405100000005,5965.0,0.0
0.8317265187346808,0.6657784625000001,0.069791017,0.26253511100000004,5965.0,0.0
0.8245573118987591,0.45398481599999996,0.06500603899999999,0.262448807,5965.0,0.0
0.8183240707316035,0.278446882,0.063275216,0.265623814,5965.0,0.0
0.8077797118620195,0.14149193399999999,0.0816159515,0.252455763,5965.0,0.0
0.7584195057833556,0.010574076,0.08812135900000001,0.218776452,5965.0,0.0
0.6518800642369229,0.0,0.08584090433333334,0.21940337699999998,5965.0,0.0
0.6458987299386134,0.043905868,0.066849237,0.1876649305,5965.0,0.0
0.7782972858617551,0.267791625,0.025508672000000003,0.18533338100000002,5965.0,0.0
0.8247458493063559,0.494070366,0.013694468,0.160043131,5965.0,0.0
0.8265808366296212,0.67943128,0.027676716,0.158044633,5965.0,0.0
0.8346567859210793,0.7879436813333333,0.048024122333333336,0.16994979333333335,5965.0,0.0
0.8318595925960448,0.6984423145,0.04892763,0.2026053005,5965.0,0.0
0.8278255025560286,0.563512668,0.036804229,0.213239419,5965.0,0.0
0.8207739925921786,0.383751891,0.038669345,0.209756645,5965.0,0.0
0.8076085341049611,0.177817194,0.0781037765,0.206750843,5965.0,0.0
0.7583595693927092,0.01769342,0.11406754699999999,0.1669749935,5965.0,0.0
0.6520096403493052,0.0,0.08010457366666666,0.12204776899999999,5965.0,0.0
0.6459764731855232,0.0611135835,0.06525642375,0.11575083175,5965.0,0.0
0.7781572489728106,0.32444795800000004,0.0415697035,0.104217057,5965.0,0.0
0.8252217623921433,0.543103955,0.038287944,0.063172034,5965.0,0.0
0.8280270958125303,0.7085051265,0.0811691255,0.055991023,5965.0,0.0
0.8345689404165498,0.7527826385,0.1430415975,0.07709692800000001,5965.0,0.0
0.8344506149965851,0.612611139,0.24773784399999998,0.0989905835,5965.0,0.0
0.8254991285336961,0.39078537950000003,0.355676749,0.10825481049999999,5965.0,0.0
0.8181189474525274,0.2363462555,0.44063543699999996,0.119723096,5965.0,0.0
0.8071723692937638,0.0987887345,0.4943560245,0.20575785549999998,5965.0,0.0
0.7580156181068759,0.01015368,0.5253856530000001,0.367360519,5965.0,0.0
0.6446253654285252,0.0014189862,0.4885658222,0.5928106688000001,5965.0,0.0
0.6879741762728959,0.14606548566666666,0.392482014,0.6832916313333334,5965.0,0.0
0.8164294612916382,0.4002449595,0.274950853,0.678891857,5965.0,0.0
0.8227442296860286,0.632115469,0.187954328,0.637957949,5965.0,0.0
0.8225632839850988,0.8328922799999999,0.13948543866666666,0.6124979536666667,5965.0,0.0
0.8204430487448615,0.738725421,0.137404406,0.5458847945,5965.0,0.0
0.8168809550753193,0.5076077985,0.14537681549999998,0.503228244,5965.0,0.0
0.8140816660658681,0.308600152,0.149041277,0.455718906,5965.0,0.0
0.8059411220973869,0.170143509,0.16919396949999999,0.45245566849999996,5965.0,0.0
0.7569360857233814,0.0171711055,0.24361570849999997,0.483820688,5965.0,0.0
0.6527080844471119,0.0,0.2958530733333333,0.5575374426666667,5965.0,0.0
0.6459921644487618,0.0421267375,0.32056177674999997,0.60235263825,5965.0,0.0
0.7784729606684211,0.2633938455,0.2898943525,0.583917987,5965.0,0.0
0.8249862236136238,0.513811572,0.285748533,0.5069923599999999,5965.0,0.0
0.822543506635783,0.652953077,0.2768528885,0.426927451,5965.0,0.0
0.8214112026647727,0.6516716476666667,0.2522897876666667,0.36812005133333336,5965.0,0.0
0.8175219530968407,0.49151636499999996,0.211149271,0.3577501275,5965.0,0.0
0.8150716443467361,0.316761992,0.149001088,0.33289921499999997,5965.0,0.0
0.8068584466178443,0.1501307485,0.0972843525,0.2746722815,5965.0,0.0
0.757377255499688,0.019703381,0.109340258,0.258347816,5965.0,0.0
0.6364514804906345,0.0,0.092345689,0.29630119866666665,5965.0,0.0
0.615436987947206,0.039182533,0.06970636175,0.27342182249999997,5965.0,0.0
0.6451753102784068,0.24509093599999998,0.0509034265,0.15716662,5965.0,0.0
0.6947209348368172,0.472388945,0.1089403485,0.111004487,5965.0,0.0
0.7111066878053502,0.572653246,0.167639904,0.1429236175,5965.0,0.0
0.7116186979203916,0.6018732945,0.24293994749999998,0.23433453,5965.0,0.0
0.7104792291462507,0.495392257,0.29528603750000004,0.3405668535,5965.0,0.0
0.7113447167670368,0.3685784015,0.269968587,0.3966496865,5965.0,0.0
0.7107781861243921,0.261723579,0.235634026,0.386744947,5965.0,0.0
0.7099302998125078,0.157413923,0.228625004,0.3722887225,5965.0,0.0
0.6749169691874168,0.010856140750000002,0.204998132,0.330680972,5965.0,0.0
0.6117819551868393,0.00862048575,0.13880105799999998,0.24825962000000001,5965.0,0.0
0.6240000849456697,0.10989947,0.0991370745,0.14812166,5965.0,0.0
0.6693836225930219,0.276869151,0.0861979935,0.119372124,5965.0,0.0
0.7083321807823404,0.412478607,0.135270111,0.172372031,5965.0,0.0
0.7113704175669133,0.501097056,0.2081427455,0.2890256615,5965.0,0.0
0.7134532741489331,0.5324165445,0.302337853,0.4097677,5965.0,0.0
0.7120057338618342,0.4872677575,0.353564779,0.4661178995,5965.0,0.0
0.7110478150657249,0.38604211450000003,0.353427174,0.49009359350000004,5965.0,0.0
0.7121443202102281,0.261994843,0.324792104,0.507348551,5965.0,0.0
0.7088066673359816,0.139214391,0.338301744,0.530265851,5965.0,0.0
0.7056911831174029,0.018426231999999997,0.37641879300000003,0.532733813,5965.0,0.0
0.6531868664716014,0.0,0.342184949,0.44093526133333333,5965.0,0.0
0.6459790722920651,0.04443621575,0.29848705125,0.2766720965,5965.0,0.0
0.7780711280719808,0.23263045049999997,0.233870329,0.2284197725,5965.0,0.0
0.8240988554810778,0.327874769,0.246485344,0.2074003,5965.0,0.0
0.8233140486928842,0.429558583,0.26561955049999997,0.2132663135,5965.0,0.0
0.8230308155139608,0.5223448096666666,0.25659763166666666,0.280912263,5965.0,0.0
0.8205925634433286,0.4729230085,0.2143740465,0.36239145149999996,5965.0,0.0
0.816572834758392,0.3520411305,0.1542241595,0.376736779,5965.0,0.0
0.8155911252080694,0.233351669,0.112220153,0.369634156,5965.0,0.0
0.8061885078426244,0.11332046650000001,0.1354425585,0.360528517,5965.0,0.0
0.729054833068353,0.012532092,0.16369566566666668,0.3787194503333333,5965.0,0.0
0.6382245245240148,0.0029039535,0.1160353045,0.296351965,5965.0,0.0
0.6580216962870097,0.09701190800000001,0.0823919875,0.2256743,5965.0,0.0
0.778061916322806,0.24548167199999998,0.0471347835,0.18173271000000002,5965.0,0.0
0.8240960506303836,0.4998249645,0.07903797,0.164694344,5965.0,0.0
0.8235856120818645,0.633836929,0.1222494855,0.2031280015,5965.0,0.0
0.8246984612426937,0.5951861924999999,0.14316402550000001,0.242145104,5965.0,0.0
0.8222668176493019,0.469020421,0.18934837399999999,0.268430395,5965.0,0.0
0.8165957553063494,0.33042616,0.262749373,0.275303723,5965.0,0.0
0.8151902600322428,0.241076364,0.307714426,0.2456108,5965.0,0.0
0.8061218258775664,0.147150726,0.338975968,0.22938903900000002,5965.0,0.0
0.7566260797627755,0.035937730499999994,0.3591115205,0.29034055950000004,5965.0,0.0
0.6456094441754013,0.0041286644,0.2835700938,0.369199004,5965.0,0.0
0.6579822868851408,0.1184249985,0.2157105145,0.4067651025,5965.0,0.0
0.7783875167258729,0.2824878805,0.164166695,0.3702225845,5965.0,0.0
0.8242891819083656,0.47521520700000003,0.11614346,0.2989605855,5965.0,0.0
0.8248584205809268,0.6786978075000001,0.0878182675,0.2457079165,5965.0,0.0
0.8266530794920981,0.7097642129999999,0.0789030315,0.225990026,5965.0,0.0
0.8240848806219472,0.601875172,0.0793908785,0.24298248249999999,5965.0,0.0
0.8187564640586535,0.47071161650000004,0.0781976055,0.235206681,5965.0,0.0
0.81526801538175,0.352831506,0.072438568,0.211282429,5965.0,0.0
0.8072273007193007,0.2175582595,0.0813625755,0.19891468299999998,5965.0,0.0
0.7580439059106971,0.04974,0.0895190875,0.199620219,5965.0,0.0
0.6606984286904463,0.0,0.06300284049999999,0.2036389675,5965.0,0.0
0.6362170781427109,0.013876277749999999,0.06354184474999999,0.181691581,5965.0,0.0
0.7113101426971264,0.16036419,0.050736946500000005,0.1871949805,5965.0,0.0
0.8160366712048022,0.3024129935,0.035395376,0.174702873,5965.0,0.0
0.8244437255803462,0.458453856,0.057388297,0.210870093,5965.0,0.0
0.8257590382039331,0.6160021155,0.09529026700000001,0.2548615985,5965.0,0.0
0.8254580264409381,0.64064394325,0.11188751875,0.35558309525,5965.0,0.0
0.8174115577314904,0.5057298535,0.099573961,0.4195467925,5965.0,0.0
0.8153709154020337,0.303700977,0.095888792,0.41242098,5965.0,0.0
0.8069474443945808,0.170053291,0.12248964300000001,0.426804897,5965.0,0.0
0.7575484090515521,0.0389046405,0.145770498,0.4253034695,5965.0,0.0
0.6449332436147929,0.0053141268,0.1144555212,0.39117901620000006,5965.0,0.0
0.6578896620682626,0.13616630200000002,0.0932199655,0.375129538,5965.0,0.0
0.7781258662495432,0.34035948000000005,0.0533494035,0.34944243350000004,5965.0,0.0
0.8242131673649512,0.558293536,0.059077727,0.348380906,5965.0,0.0
0.8243353610898406,0.77623715,0.100984882,0.395412798,5965.0,0.0
0.8265273879526305,0.9297615433333334,0.1701874156666667,0.45954553333333337,5965.0,0.0
0.8258388246250752,0.8121818700000001,0.2052778955,0.511489896,5965.0,0.0
0.8198069832696565,0.6008237700000001,0.244213422,0.5244492304999999,5965.0,0.0
0.81690484225673,0.371573742,0.25001153,0.509482608,5965.0,0.0
0.8073906208405378,0.1832070785,0.295470365,0.5025100225,5965.0,0.0
0.758422987395541,0.0286136375,0.3418656965,0.5171112984999999,5965.0,0.0
0.6405005606960099,0.0,0.3191129345,0.495429305,5965.0,0.0
0.6095263129734474,0.02530946975,0.266394171,0.3960105545,5965.0,0.0
0.6235701577933825,0.1846497385,0.218797898,0.31043704299999997,5965.0,0.0
0.6702401403197866,0.403420358,0.199682017,0.260980051,5965.0,0.0
0.7079881812829084,0.572940201,0.192970529,0.227586617,5965.0,0.0
0.7165021974284257,0.696706783,0.181855764,0.2093977305,5965.0,0.0
0.7185014476947673,0.726636963,0.1828980725,0.1882124765,5965.0,0.0
0.7170201795356099,0.634038024,0.20891008049999998,0.2131796055,5965.0,0.0
0.7160905245349176,0.4844861575,0.22067973,0.228160767,5965.0,0.0
0.715527402692085,0.267714574,0.234334639,0.225165502,5965.0,0.0
0.7102789656011178,0.1509229405,0.231490498,0.235617831,5965.0,0.0
0.7019421718203849,0.033956906,0.23018829349999997,0.2958125425,5965.0,0.0
0.6307180557930697,0.0,0.203840719,0.41359841399999997,5965.0,0.0
0.6100397859284266,0.0588884885,0.1782602275,0.5327437975,5965.0,0.0
0.6446380344666169,0.2612894215,0.116278387,0.515808767,5965.0,0.0
0.6952485395911099,0.40136055849999996,0.10367736599999999,0.443343344,5965.0,0.0
0.7146452809862212,0.577139344,0.11017822,0.451580945,5965.0,0.0
0.7166725773980208,0.7033628705,0.1146373695,0.502148594,5965.0,0.0
0.7147081428599529,0.6510950074999999,0.1303469605,0.5731299995000001,5965.0,0.0
0.7140959405577543,0.43746412749999997,0.13243725550000002,0.6033227435,5965.0,0.0
0.7129262255237403,0.287529064,0.130824389,0.606720843,5965.0,0.0
0.7089286438044922,0.16781577250000002,0.1641479655,0.617028143,5965.0,0.0
0.6807659791654289,0.0195160055,0.20554216425000002,0.6412891165,5965.0,0.0
0.63430316676575,0.012470974333333334,0.18292834133333336,0.5625591586666667,5965.0,0.0
0.6880175026524652,0.17471575166666667,0.13284810300000002,0.46313846,5965.0,0.0
0.8160654425221401,0.4161725795,0.07817898449999999,0.3779909965,5965.0,0.0
0.8238459086416311,0.603790128,0.10159771849999999,0.41287007,5965.0,0.0
0.8249724908064372,0.7765043229999999,0.1505958915,0.5007907945,5965.0,0.0
0.8185648803387897,0.6008357035,0.2008767145,0.562285264,5965.0,0.0
0.8156933000564729,0.35131817249999997,0.197982623,0.5867132385,5965.0,0.0
0.8071038981122244,0.135336079,0.23025006050000002,0.6089506655000001,5965.0,0.0
0.7586352189333638,0.028927153499999997,0.27282912800000003,0.6168233935,5965.0,0.0
0.6516838383018818,0.0,0.2836118473333334,0.5439435653333332,5965.0,0.0
0.6459132848368527,0.0571157515,0.2973436655,0.4082735105,5965.0,0.0
0.7482389482301007,0.205638787,0.27367467,0.287670407,5965.0,0.0
0.8170627709169085,0.324059286,0.3243171145,0.2538224695,5965.0,0.0
0.8297456433595098,0.4839983545,0.38097177849999997,0.3279299725,5965.0,0.0
0.8344945700552409,0.6109701169999999,0.43156895500000003,0.33874881850000005,5965.0,0.0
0.8359975496833782,0.5902494155,0.45584951549999997,0.38288263749999996,5965.0,0.0
0.8308151662063663,0.5025167749999999,0.4695073285,0.4287526155,5965.0,0.0
0.8262934127378319,0.3272067175,0.4402135795,0.449320598,5965.0,0.0
0.8122263936089787,0.1509281145,0.396230125,0.4581799725,5965.0,0.0
0.7619155706345073,0.026670454,0.373917447,0.478352291,5965.0,0.0
0.652453880446283,0.0,0.3198797983333333,0.5560035376666667,5965.0,0.0
0.6468586795111723,0.0497682985,0.24645693175000002,0.5417717099999999,5965.0,0.0
0.7483413161296887,0.195034696,0.194639269,0.526623619,5965.0,0.0
0.819718420399258,0.362721621,0.161404446,0.4685231205,5965.0,0.0
0.8348805421488723,0.5941873555,0.1518008615,0.39557039,5965.0,0.0
0.8388582500916075,0.7705353549999999,0.14997612733333335,0.3548316896666667,5965.0,0.0
0.8364990911502493,0.799948373,0.157081076,0.3781684405,5965.0,0.0
0.8295126191661422,0.6100184535,0.137307569,0.408710798,5965.0,0.0
0.825462958692069,0.410583241,0.114655264,0.433673996,5965.0,0.0
0.810231084263145,0.2415224325,0.1291250305,0.4629314375,5965.0,0.0
0.7607867883552861,0.06691291,0.1846596225,0.497025784,5965.0,0.0
0.6473029319075376,0.00101486125,0.18995280599999997,0.5496877459999999,5965.0,0.0
0.6376472346724722,0.0709959625,0.205527988,0.509730686,5965.0,0.0
0.711766761881518,0.252608693,0.16843495149999999,0.45933247850000003,5965.0,0.0
0.8171418801829788,0.49340658549999994,0.148605298,0.41129987349999997,5965.0,0.0
0.8256653739412283,0.738351063,0.163218953,0.4180314985,5965.0,0.0
0.8292054662698288,0.8959100906666667,0.184483086,0.44078037866666664,5965.0,0.0
0.8278469721698549,0.80506176,0.200560926,0.4803073715,5965.0,0.0
0.8213046436587383,0.5607643355,0.2195110235,0.517404984,5965.0,0.0
0.8177926458859845,0.342383699,0.205719484,0.548985177,5965.0,0.0
0.8077595235491731,0.21124396750000002,0.231612403,0.6089941335,5965.0,0.0
0.7597086342903394,0.0494735435,0.31128040050000005,0.694937334,5965.0,0.0
0.6464469098952819,0.0,0.29283218333333333,0.6973325136666667,5392.333333333333,0.0
0.6313297586417457,0.0114840815,0.276265105,0.5641296465000001,4247.0,0.0
0.6539242608597449,0.1226009105,0.2312168945,0.415838782,4247.0,0.0
0.7703221411029542,0.2943668775,0.1527333415,0.278941381,4247.0,0.0
0.8216248526007469,0.4975259185,0.1575931485,0.192488502,4247.0,0.0
0.8249215725234107,0.6611061195000001,0.1851199895,0.162276644,4247.0,0.0
0.8304760020388928,0.659032289,0.20681958075,0.19439814625,4247.0,0.0
0.8236194125695062,0.46930711700000005,0.205249258,0.24121351200000002,4247.0,0.0
0.8187217447575769,0.309000194,0.187990309,0.235764272,4247.0,0.0
0.806925249412084,0.1737552435,0.179349912,0.2310039565,4247.0,0.0
0.7505698191052506,0.041658557,0.22186174549999998,0.2770593675,4247.0,0.0
0.6281902658878008,0.0,0.2278221096666667,0.28277832233333333,4247.0,0.0
0.6094575878341573,0.05887210825,0.2186287335,0.2810118125,4247.0,0.0
0.648474520581028,0.2601596785,0.177217309,0.1999980135,4247.0,0.0
0.7055402178783854,0.47470465149999996,0.180012085,0.10819269200000001,4247.0,0.0
0.7248452050564549,0.6499062325,0.18431805299999998,0.055090982499999996,4247.0,0.0
0.7258508988057559,0.66535405775,0.21322776075,0.09912445724999999,4247.0,0.0
0.7232943778595428,0.4182036615,0.2364052645,0.164932503,4247.0,0.0
0.7201346485135564,0.260125312,0.229847071,0.190761335,4247.0,0.0
0.7157025213696513,0.1311686855,0.2035237305,0.250125596,4247.0,0.0
0.7022978010301559,0.024522160999999997,0.2091611515,0.35450414399999997,4247.0,0.0
0.6196548476799726,0.0021729634,0.1939916356,0.43339661980000005,4247.0,0.0
0.6129963020410001,0.066175823,0.1924213375,0.3131757005,4247.0,0.0
0.6497093944239661,0.1764928965,0.1712542865,0.175631274,4247.0,0.0
0.6918239198149717,0.2898199,0.178063144,0.106321081,4247.0,0.0
0.7210584763596917,0.378005536,0.2020704515,0.10235795,4247.0,0.0
0.7251391812746815,0.440165364,0.286516917,0.176080297,4247.0,0.0
0.7255335429280398,0.40724028,0.383545466,0.36894741750000004,4247.0,0.0
0.7234557635331321,0.2869031675,0.476452284,0.5635184200000001,4247.0,0.0
0.7236730240444683,0.18985639399999998,0.4862987575,0.665065399,4247.0,0.0
0.7221090921946819,0.120486089,0.474932916,0.67693614,4247.0,0.0
0.7000354251481593,0.02752574475,0.56722546,0.714157028,4247.0,0.0
0.6404843737182624,0.008064202,0.6564176617499999,0.8178255845,4247.0,0.0
0.6580869517199214,0.111363144,0.6628624255,0.8082268109999999,4247.0,0.0
0.7720077349505146,0.253294797,0.6796177465,0.8072747015,4247.0,0.0
0.8211565314840134,0.430542923,0.678960152,0.775322522,4247.0,0.0
0.8211784848081467,0.55941869,0.680997034,0.740419967,4247.0,0.0
0.8234659325485466,0.684850251,0.6750944015,0.6619393284999999,4247.0,0.0
0.8252053538942293,0.6889594920000001,0.6967748739999999,0.6227038806666667,4247.0,0.0
0.8174235981429732,0.45854239150000003,0.7003838665,0.6039485204999999,4247.0,0.0
0.812588163853673,0.322222472,0.695697783,0.596754372,4247.0,0.0
0.8038281642898703,0.18735888750000002,0.671074116,0.606403715,4247.0,0.0
0.7496825231947071,0.0487704955,0.636359084,0.64640087,4247.0,0.0
0.6404239368114262,0.0088613508,0.6096266956,0.6529888476,4247.0,0.0
0.6534962921635097,0.1314988475,0.5877429295000001,0.7458128395,4247.0,0.0
0.768750448634914,0.282818144,0.6679790035,0.7958909995000001,4247.0,0.0
0.8174291106300033,0.432792839,0.663731511,0.768550401,4247.0,0.0
0.8162662621963731,0.5384666490000001,0.6331591194999999,0.6875555675,4247.0,0.0
0.8176189536421696,0.67691330025,0.5709825095,0.511968745,4247.0,0.0
0.8136488376356898,0.5815462929999999,0.5880771579999999,0.48887163749999996,4247.0,0.0
0.8078876168474123,0.387627334,0.5457422279999999,0.4396205525,4247.0,0.0
0.7978498762382311,0.202441609,0.4079694895,0.3727454065,4247.0,0.0
0.7441359273066422,0.06664170550000001,0.33228362850000004,0.3293712595,4247.0,0.0
0.6411099922315769,0.0098952134,0.31010297919999996,0.4109658778,4247.0,0.0
0.6818529582540127,0.16575962133333333,0.251782307,0.4304993993333333,4247.0,0.0
0.8077053415007105,0.3307116715,0.250233205,0.315577808,4247.0,0.0
0.81708443417229,0.442671938,0.241282864,0.259829516,4247.0,0.0
0.8173478736683109,0.516471821,0.22044313199999999,0.2190119045,4247.0,0.0
0.8183345639785484,0.6005860915000001,0.263120452,0.197747707,4247.0,0.0
0.8168302784506563,0.5169620245,0.30020103899999995,0.19471280400000002,4247.0,0.0
0.8117612880440828,0.33085763199999996,0.278320408,0.237807804,4247.0,0.0
0.8072757526307741,0.204568001,0.23718203,0.27981675,4247.0,0.0
0.7988129932474242,0.095239243,0.18142377599999998,0.31972034800000004,4247.0,0.0
0.7446637257024897,0.0204827425,0.16467927100000002,0.4234627955,4247.0,0.0
0.652919219666741,0.000512463,0.194368591,0.4875780175,4247.0,0.0
0.6406126773458654,0.023333498200000004,0.2699585654,0.38720641739999995,4247.0,0.0
0.7708799681087157,0.1822389555,0.33945361500000004,0.3806447625,4247.0,0.0
0.8213776118898856,0.383259061,0.379690154,0.415895206,4247.0,0.0
0.8216643104130046,0.5048595105,0.429209335,0.49521763500000004,4247.0,0.0
0.8254800184343454,0.5370644674000001,0.46427380379999994,0.49771245960000005,4247.0,0.0
0.8196468302898684,0.3720266575,0.4408650095,0.5053190115,4247.0,0.0
0.814454485489817,0.240317207,0.37026928,0.449065543,4247.0,0.0
0.8060693846351966,0.155200401,0.29318679999999997,0.42486677149999996,4247.0,0.0
0.700637182810592,0.0302456495,0.21221199799999999,0.41866985049999994,4247.0,0.0
0.6333396108816167,0.028601260500000003,0.13512717225,0.28712185275,4247.0,0.0
0.7055263156348379,0.146312723,0.0867982135,0.18754372749999998,4247.0,0.0
0.8125199345272871,0.258848483,0.093406217,0.093530172,4247.0,0.0
0.8237069840108865,0.38743139,0.091871036,0.064170268,4247.0,0.0
0.8248047460543853,0.5026193985,0.079634019,0.0652405795,4247.0,0.0
0.8268686474109401,0.5682962125,0.0865118815,0.1349903435,4247.0,0.0
0.8160108011653551,0.3749936865,0.0977485855,0.20586968,4247.0,0.0
0.8107825767892188,0.239009733,0.097958263,0.229128403,4247.0,0.0
0.8026160417553189,0.11799562450000001,0.1148545425,0.263304341,4247.0,0.0
0.747453295047265,0.0236716955,0.148539363,0.30739454600000005,4247.0,0.0
0.6176357522504127,0.008085077166666666,0.1073461765,0.31630605116666666,4247.0,0.0
0.6236361868085631,0.1003279115,0.058431538,0.1989051215,4247.0,0.0
0.6747732570447319,0.2275137055,0.0571115655,0.2005443825,4247.0,0.0
0.7163009426510647,0.369205159,0.0696524615,0.2153212295,4247.0,0.0
0.7234981832346619,0.459954403,0.07911817075,0.2837796725,4247.0,0.0
0.7229973795342435,0.37037733500000003,0.08033493350000001,0.30398634599999996,4247.0,0.0
0.7212090551027601,0.23654922650000001,0.0728462255,0.2794920715,4247.0,0.0
0.7157339525033073,0.1160004385,0.08537236000000001,0.26297130300000005,4247.0,0.0
0.6697131399081925,0.015055302750000001,0.09374279275,0.23239244250000002,4247.0,0.0
0.6086931469947623,0.005496435,0.06927936933333333,0.2340299686666667,4247.0,0.0
0.6190692776643744,0.12515620466666666,0.03623306566666667,0.18710197466666667,4247.0,0.0
0.6751972366068608,0.31513123,0.018800522,0.161755929,4247.0,0.0
0.7188261536863838,0.4570469185,0.032007065,0.1913951665,4247.0,0.0
0.7257526972170494,0.505796612,0.07015402566666666,0.27329481066666667,4247.0,0.0
0.722894430906781,0.45359161800000003,0.1153609555,0.38753221849999997,4247.0,0.0
0.7201805860366681,0.3197804795,0.1440930485,0.391186098,4247.0,0.0
0.71468095911474,0.14154929433333333,0.15216418133333334,0.363127556,4247.0,0.0
0.7032686546491985,0.032597271500000004,0.186307643,0.339257327,4247.0,0.0
0.6416381112904929,0.014018166499999998,0.2154828865,0.3509760651666667,4247.0,0.0
0.7064863137161808,0.09189613699999999,0.1931047665,0.3579076615,4247.0,0.0
0.8093378649676377,0.203179216,0.1906079145,0.33601705299999995,4247.0,0.0
0.8181429316515056,0.347432941,0.2131881335,0.3465437825,4247.0,0.0
0.8176045437783062,0.410769427,0.26211701600000004,0.37869082,4247.0,0.0
0.816466517673108,0.41390737866666666,0.28737438433333334,0.43401160033333336,4247.0,0.0
0.8111284137187307,0.2861496255,0.3130972545,0.504535811,4247.0,0.0
0.802681611462177,0.1343891613333333,0.3189068423333334,0.5030614156666667,4247.0,0.0
0.7467309392348694,0.028679090499999997,0.3236813835,0.490598323,4247.0,0.0
0.6463071631406861,0.0006096133333333333,0.3245173333333333,0.586137115,4247.0,0.0
0.6338605706540873,0.021452388,0.29115937500000005,0.5665762216666667,4247.0,0.0
0.7046928152768079,0.09443692349999999,0.258555115,0.5230777645,4247.0,0.0
0.8081499442820237,0.211152006,0.2055085405,0.43289455499999996,4247.0,0.0
0.8184440563392762,0.37235353099999996,0.15123177766666668,0.27958738899999996,4247.0,0.0
0.8188415693252709,0.48584355849999994,0.15443712225,0.18130428399999998,4247.0,0.0
0.8115655458193487,0.31730600733333336,0.161495559,0.15618960866666667,4247.0,0.0
0.8013190072021249,0.15511684250000002,0.140814874,0.113406233,4247.0,0.0
0.7457370926490767,0.0653092355,0.129961821,0.0918307675,4247.0,0.0
0.6398287282087135,0.023680892999999998,0.10550887866666665,0.12283661766666665,4247.0,0.0
0.7046132707108195,0.176596661,0.0603535365,0.1203412185,4247.0,0.0
0.8092015031356434,0.30831681499999997,0.050312624,0.11008756350000001,4247.0,0.0
0.8186705366025886,0.3789694415,0.042402763,0.138191273,4247.0,0.0
0.8189443727215673,0.410243909,0.0528713995,0.181478957,4247.0,0.0
0.8163032057186641,0.361788921,0.05593068625,0.18784384725,4247.0,0.0
0.8090297450442908,0.225774099,0.0410305745,0.166664274,4247.0,0.0
0.799583027389024,0.143570156,0.057084115500000004,0.1840711745,4247.0,0.0
0.7452375338434518,0.069425341,0.126609593,0.23291504400000002,4247.0,0.0
0.6403486767616314,0.014564696799999999,0.19103252980000002,0.30832501259999995,4247.0,0.0
0.6824212298339436,0.10653312833333334,0.2544738326666667,0.384745689,4247.0,0.0
0.8077464917086721,0.20974299400000002,0.405015451,0.4355624635,4247.0,0.0
0.8177309122760555,0.24585443966666665,0.542776646,0.5296308933333332,4247.0,0.0
0.8182521665450575,0.2348160935,0.6112305965,0.6594098255,4247.0,0.0
0.8173324968758089,0.1875606895,0.638583064,0.7455437175,4247.0,0.0
0.8124591035284001,0.128150439,0.628501325,0.791143055,4247.0,0.0
0.8062909485545857,0.064025505,0.632423572,0.796965749,4247.0,0.0
0.7966833285424563,0.030620622,0.656932484,0.795505675,4247.0,0.0
0.7489465554043065,0.007813001,0.6799883760000001,0.8379602184999999,4247.0,0.0
0.6433174268091686,0.00025830075,0.70282819775,0.86206256675,4247.0,0.0
0.6355513222415474,0.0074331779999999995,0.6627072025,0.817561199,4247.0,0.0
0.7053447414516121,0.06620002850000001,0.609959329,0.7656978215,4247.0,0.0
0.8094640240150195,0.20485196649999998,0.580314268,0.702600621,4247.0,0.0
0.8189198081882947,0.342104489,0.539031058,0.654779639,4247.0,0.0
0.8186369779701004,0.4639420565,0.5040851245,0.6316579035000001,4247.0,0.0
0.819140526106622,0.5769504132500001,0.47262079475,0.6477370852500001,4247.0,0.0
0.8131541629659924,0.5242915705,0.436323989,0.670559423,4247.0,0.0
0.8101706403505777,0.337672141,0.381257571,0.655263296,4247.0,0.0
0.8017471693431248,0.193115353,0.314555829,0.623379203,4247.0,0.0
0.7458354714145583,0.0690400635,0.30288940649999996,0.5721623575,4247.0,0.0
0.63617423524386,0.002933559,0.2668603315,0.4037346625,4247.0,0.0
0.6081306939106197,0.04475364525,0.26261649725,0.3104385825,4247.0,0.0
0.6223221796911506,0.191957136,0.2088002545,0.2117272305,4247.0,0.0
0.6715223780211925,0.37302361100000003,0.2230395765,0.196276375,4247.0,0.0
0.7085876904205373,0.507919897,0.23545726,0.218479957,4247.0,0.0
0.7128642340530551,0.6184405675,0.2314510005,0.24733720350000002,4247.0,0.0
0.7145098377708718,0.6448208535,0.222443682,0.309652057,4247.0,0.0
0.7147469963951089,0.5729433610000001,0.1928939696666667,0.342335639,4247.0,0.0
0.7140173632155896,0.36928938899999997,0.1452081785,0.321861823,4247.0,0.0
0.710223985765192,0.1870898115,0.122447696,0.2840257035,4247.0,0.0
0.6681579605976534,0.038019247000000006,0.13251912999999998,0.26480375874999995,4247.0,0.0
0.6087329955995551,0.043293345750000004,0.13064270025000002,0.273798866,4247.0,0.0
0.6227810958107348,0.193003101,0.105122876,0.2251319395,4247.0,0.0
0.6709230139179398,0.342088289,0.113573541,0.2188218905,4247.0,0.0
0.7096323584685791,0.4692197595,0.1848996915,0.26241586149999996,4247.0,0.0
0.711964083872366,0.532183509,0.2481153186666667,0.38995939333333335,4247.0,0.0
0.7114803776323454,0.4353454065,0.292892179,0.500115325,4247.0,0.0
0.7119555893578666,0.274798344,0.305653902,0.554366814,4247.0,0.0
0.7114615432360623,0.183724386,0.291273515,0.59050199,4247.0,0.0
0.7093769940615484,0.093770508,0.27430188899999997,0.620297051,4247.0,0.0
0.6869022517984612,0.016859202333333333,0.274001291,0.6575370786666666,4247.0,0.0
0.6411586765129161,0.013211105166666667,0.2173098425,0.6231286441666667,4247.0,0.0
0.7690047007837448,0.109929072,0.22366762950000002,0.670122399,4247.0,0.0
0.8178564747867499,0.158853943,0.238299831,0.678810435,4247.0,0.0
0.8179395975889112,0.22989577449999998,0.2585212985,0.7144944615,4247.0,0.0
0.8182347101721368,0.2513604655,0.31143220525,0.759388205,4247.0,0.0
0.8139038635635798,0.23939955949999997,0.39055435,0.8192200095,4247.0,0.0
0.809252662880243,0.161103997,0.377007657,0.8195175765,4247.0,0.0
0.80060528280461,0.088769615,0.34324836000000003,0.8227259965,4247.0,0.0
0.7494638605532093,0.0337622965,0.3408708575,0.8410461309999999,4247.0,0.0
0.643606398160681,0.0040742295,0.34912365775,0.8908596292500001,4247.0,0.0
0.6358582090775129,0.041447962500000005,0.358692861,0.8930207875,4247.0,0.0
0.7051611848039303,0.094425597,0.38010961499999996,0.9027763995,4247.0,0.0
0.8083359913096629,0.17220119150000002,0.485407264,0.917325073,4247.0,0.0
0.8179395975889112,0.2862987375,0.576494846,0.9255556975,4247.0,0.0
0.819103727618707,0.412682021,0.5978790225,0.90361658975,4247.0,0.0
0.8148850896003856,0.306934624,0.6569479615,0.879078113,4247.0,0.0
0.8096786489152319,0.2123397965,0.610904281,0.8675358695,4247.0,0.0
0.7999757208518727,0.09812887449999999,0.541453293,0.8556401145,4247.0,0.0
0.7461241285905194,0.023612421999999997,0.545185545,0.8654955209999999,4247.0,0.0
0.6462580019317421,0.00043489900000000004,0.5565312556666666,0.8739036886666667,4247.0,0.0
0.6424145122509697,0.047112243,0.51113876325,0.8468268637499999,4247.0,0.0
0.7690068284793671,0.2175085995,0.514809944,0.7883139505000001,4247.0,0.0
0.8167037809241336,0.3608354785,0.5069437265000001,0.7418958824999999,4247.0,0.0
0.815814188471978,0.43850632450000004,0.473715125,0.7330872625,4247.0,0.0
0.8175393930377798,0.399414499,0.4686667626666667,0.7426447340000001,4247.0,0.0
0.8139550235049695,0.3385241075,0.44869506550000005,0.676351387,4247.0,0.0
0.8082088410300532,0.22566947950000002,0.373830858,0.661968165,4247.0,0.0
0.79945162191496,0.11117670799999999,0.2849711235,0.645897742,4247.0,0.0
0.7468769723211512,0.039297034,0.25678818800000003,0.6455583094999999,4247.0,0.0
0.6530176712445959,0.001376741,0.264197809,0.6558453895,4247.0,0.0
0.6325082259198216,0.0039716175,0.25689210799999995,0.6227617435,4247.0,0.0
0.6350992483203621,0.0428246855,0.2378983935,0.5618848190000001,4247.0,0.0
0.7044958883094843,0.1160540545,0.22706600799999999,0.511974584,4247.0,0.0
0.8081742427549483,0.183696049,0.2027133455,0.4543402015,4247.0,0.0
0.8169002969935235,0.2817465435,0.186832059,0.4582745025,4247.0,0.0
0.8160656521037012,0.35430491233333333,0.19165155833333336,0.5437220433333333,4247.0,0.0
0.8139376638544312,0.35693696399999997,0.21116673149999998,0.629235302,4247.0,0.0
0.8092564831683593,0.2639152235,0.2604904645,0.6383737795,4247.0,0.0
0.8079586264257175,0.170495345,0.293190886,0.617705804,4247.0,0.0
0.8005991417696867,0.1008314535,0.3119647225,0.6182343855,4247.0,0.0
0.7454610564156829,0.031551486,0.369260246,0.633379439,4247.0,0.0
0.6533960273607693,0.000866081,0.4447693825,0.6839606135,4247.0,0.0
0.6333880506904929,0.01125619375,0.47826992675,0.8160255455000001,4247.0,0.0
0.7046599820129902,0.080129531,0.5088398875,0.865226016,4247.0,0.0
0.8094601071029157,0.15566578749999999,0.5806594005,0.8916636235,4247.0,0.0
0.8175963234581496,0.27350251449999996,0.655643559,0.880513946,4247.0,0.0
0.8161489524106211,0.3718673345,0.6681208025,0.8695924909999999,4247.0,0.0
0.8165653882172946,0.340766381,0.6999349905000001,0.823578296,4247.0,0.0
0.8121034985238234,0.212917215,0.706983801,0.7659594384999999,4247.0,0.0
0.8066494064266647,0.112378958,0.6811114460000001,0.7099504514999999,4247.0,0.0
0.7979281879136284,0.047998001,0.6284770500000001,0.6643499105,4247.0,0.0
0.7445262032019069,0.008647219499999999,0.5983215985,0.5962488775,4247.0,0.0
0.6283825910475346,0.0,0.5539303886666666,0.583301042,4247.0,0.0
0.6126754258227877,0.0293285338,0.5025556138,0.49440076639999997,4247.0,0.0
0.6697561519482186,0.1614901865,0.499489062,0.4087674005,4247.0,0.0
0.709781800551463,0.28114944500000005,0.5149791905000001,0.357720807,4247.0,0.0
0.7113400263120224,0.3022203928,0.45599838200000004,0.2822120508,4247.0,0.0
0.7120091670636308,0.22312470299999998,0.42782658100000004,0.3043138055,4247.0,0.0
0.7114615432360623,0.153200069,0.364505499,0.279034852,4247.0,0.0
0.7085542286088267,0.0882163645,0.312759216,0.286976772,4247.0,0.0
0.6684257643098985,0.011522658,0.2902214795,0.33375072825,4247.0,0.0
0.6083145891686358,0.007203153666666667,0.28768845066666665,0.28809160333333333,4247.0,0.0
0.6172281976509779,0.094918127,0.237744171,0.19053564599999998,4247.0,0.0
0.6703454581044446,0.259808429,0.18638712400000002,0.1284312015,4247.0,0.0
0.7098687434449504,0.422134841,0.141133235,0.1034985655,4247.0,0.0
0.7125767859560712,0.5026690335,0.11445274650000001,0.0973296265,4247.0,0.0
0.7135748033133233,0.41499593074999996,0.13111351025,0.198388327,4247.0,0.0
0.7147347382680702,0.203166332,0.107052007,0.207456634,4247.0,0.0
0.7122825196690927,0.096555764,0.078012994,0.194454326,4247.0,0.0
0.7068517106074363,0.0481519845,0.08452071650000001,0.190945462,4247.0,0.0
0.678463395995705,0.0026380495,0.110769951,0.245955953,4247.0,0.0
0.6409522154540733,0.013557006000000002,0.14362207999999999,0.3327948923333333,4247.0,0.0
0.7697185702156359,0.095619362,0.1395841385,0.33500175649999997,4247.0,0.0
0.8191917584668047,0.184192016,0.148030924,0.286038043,4247.0,0.0
0.8206050875651185,0.246420386,0.164523743,0.25338468000000003,4247.0,0.0
0.8239013238758703,0.28031965625,0.18653719975,0.24123679874999998,4247.0,0.0
0.8196193160683161,0.2004306085,0.234521474,0.267333022,4247.0,0.0
0.8152648238383167,0.136684483,0.2852633505,0.2585518645,4247.0,0.0
0.8062984194976677,0.0929242425,0.323179718,0.2552749025,4247.0,0.0
0.7503197253300967,0.0321879345,0.368976178,0.28018364100000004,4247.0,0.0
0.6528454054345321,0.0018804849999999999,0.3658685335,0.3253580655,4247.0,0.0
0.6338037250174947,0.0165279805,0.334967927,0.37016426375000006,4247.0,0.0
0.7060929915086489,0.116494171,0.2815420745,0.2975491025,4247.0,0.0
0.8126087632612432,0.246632407,0.2003334235,0.213655331,4247.0,0.0
0.8251991321097283,0.4427281185,0.168259518,0.16262307650000002,4247.0,0.0
0.8293951159356253,0.598189088,0.156700569,0.17741142399999998,4247.0,0.0
0.8255011593429442,0.6753415290000001,0.212581137,0.2741113786666666,4247.0,0.0
0.8161448904641413,0.3855082145,0.29004889050000005,0.3215886785,4247.0,0.0
0.8106837385186246,0.268762639,0.303308744,0.332656112,4247.0,0.0
0.8042232755170933,0.174824173,0.3570946475,0.3519259525,4247.0,0.0
0.7501607330188971,0.0683737145,0.4180760955,0.3924874385,4247.0,0.0
0.6529017875974097,0.003656622,0.4131725955,0.427266329,4247.0,0.0
0.6337742282330912,0.03360249525,0.380849567,0.38521353975,4247.0,0.0
0.7061434260813684,0.14960420600000002,0.341170362,0.344479444,4247.0,0.0
0.8132650414512792,0.29567752199999997,0.3128438235,0.30628202849999997,4247.0,0.0
0.825723207038237,0.429754675,0.295083136,0.261949518,4247.0,0.0
0.8285782012522844,0.534574079,0.256312594,0.218814132,4247.0,0.0
0.8311923618507413,0.5553710842499999,0.1933711185,0.21259957950000002,4247.0,0.0
0.8232692716415709,0.38006299600000004,0.14096048900000002,0.2598162465,4247.0,0.0
0.8139424993831798,0.20451499,0.1223338695,0.27583663550000004,4247.0,0.0
0.7860330957591144,0.07319660550000001,0.1585879195,0.29088883200000004,4247.0,0.0
0.6974638897001991,0.003676188,0.179976011,0.3042861375,4247.0,0.0
0.6419570710083237,0.020275058833333335,0.13580216199999998,0.3259591655,4247.0,0.0
0.7750607199796966,0.1497135985,0.063166543,0.2758590165,4247.0,0.0
0.827519896824253,0.248039018,0.058869455,0.251012691,4247.0,0.0
0.8335329763989716,0.321519227,0.09080969850000001,0.2600874165,4247.0,0.0
0.8361463874235637,0.35120364049999997,0.15063084599999998,0.292826111,4247.0,0.0
0.8388857642475631,0.318776854,0.2396141325,0.35026065500000003,4247.0,0.0
0.8309625532092113,0.2502158175,0.3278906945,0.4182780215,4247.0,0.0
0.822406467845507,0.189616995,0.40926345500000005,0.486890518,4247.0,0.0
0.8123601686338187,0.103188215,0.4997221125,0.5817770425,4247.0,0.0
0.7546841788831354,0.056270027,0.532565857,0.7048872245,4247.0,0.0
0.6554027483734027,0.0035309455,0.5778617845,0.7958953555,4247.0,0.0
0.6417208069660887,0.052371179200000006,0.5436614796,0.8502546306,4247.0,0.0
0.7701181784924668,0.229524538,0.5643998539999999,0.84158843,4247.0,0.0
0.8188595573269118,0.301397862,0.572851612,0.820349933,4247.0,0.0
0.8194309721054841,0.41688178350000005,0.574189481,0.7719916305000001,4247.0,0.0
0.8200695524610262,0.471400534,0.5864003179999999,0.6492926115,4247.0,0.0
0.816293679597148,0.40888577299999995,0.5816660364999999,0.5852841630000001,4247.0,0.0
0.8109788025930664,0.289359966,0.5352523435000001,0.553770107,4247.0,0.0
0.8013190072021249,0.135279543,0.43129424,0.527900311,4247.0,0.0
0.7471131396475634,0.036386852,0.3829733455,0.549858298,4247.0,0.0
0.6280074665543983,0.0013886756666666668,0.351956008,0.5456389073333333,4247.0,0.0
0.6088630351528539,0.062210815,0.3022318915,0.60920643475,4247.0,0.0
0.643351855647913,0.2205539175,0.2516383625,0.577739843,4247.0,0.0
0.6834114981835636,0.322009718,0.19422725,0.527524995,4247.0,0.0
0.7101482612905297,0.47793147449999995,0.1688533495,0.4688536885,4247.0,0.0
0.7135841640326781,0.5775161853333333,0.12277317166666668,0.3197191013333333,4247.0,0.0
0.7149167233492297,0.5447546320000001,0.108810442,0.31558068699999997,4247.0,0.0
0.7149134595837937,0.453406252,0.0962482315,0.3247693365,4247.0,0.0
0.7132950800187773,0.353199096,0.083766709,0.316056654,4247.0,0.0
0.7095333993688032,0.233133102,0.076573105,0.32228373200000004,4247.0,0.0
0.6998831786081616,0.09399076549999999,0.0928366425,0.3587988995,4247.0,0.0
0.6278001351581056,0.00478307075,0.08838399275,0.36771714775,3812.5,0.0
0.6121630433413333,0.09318201150000001,0.0864086605,0.3664237635,3378.0,0.0
0.627393056134983,0.2539305565,0.063168344,0.3676971505,3378.0,0.0
0.6797987276925681,0.495717593,0.059189820500000004,0.37495377,3378.0,0.0
0.7246213924154719,0.7546796855,0.083624431,0.4002763265,3378.0,0.0
0.7328053353135087,0.9126126944999999,0.08998121925,0.41132639875,3378.0,0.0
0.7371721584173232,0.764895076,0.0861170685,0.417836161,3378.0,0.0
0.7353145406148526,0.580056314,0.084168732,0.420327195,3378.0,0.0
0.7320874283371225,0.368170401,0.08811885850000001,0.41022771550000003,3378.0,0.0
0.7246275094419907,0.1850512595,0.13571087999999998,0.41292150299999997,3378.0,0.0
0.6856760015643923,0.0298491775,0.155794405,0.442062671,3378.0,0.0
0.6369098162431261,0.01969054625,0.12120178525,0.43617373175,3378.0,0.0
0.6547864601163201,0.184146731,0.1007127165,0.468059112,3378.0,0.0
0.7731010241495999,0.372567949,0.063301585,0.449275439,3378.0,0.0
0.8367609834817327,0.6595857814999999,0.086218339,0.44960612099999997,3378.0,0.0
0.8422842237187123,0.8764935330000001,0.105760343,0.4626793425,3378.0,0.0
0.8462180733579725,0.947216441,0.0956678735,0.4504471075,3378.0,0.0
0.8455811854965294,0.8037860335,0.094670577,0.437525212,3378.0,0.0
0.8383315156747645,0.6150775175000001,0.09432044849999999,0.4061759895,3378.0,0.0
0.8335761092681794,0.418204804,0.094864694,0.375370961,3378.0,0.0
0.826947079915519,0.248772823,0.1172828355,0.3630140385,3378.0,0.0
0.7677085608387915,0.095687038,0.164397904,0.347983225,3378.0,0.0
0.6545122855182006,0.003217284,0.125416111,0.31556840350000004,3378.0,0.0
0.6355160832175575,0.04583592625,0.12684383075,0.28353190625,3378.0,0.0
0.7064712510008351,0.205624182,0.120538368,0.27323694499999995,3378.0,0.0
0.8218253093938546,0.39493983850000003,0.1033136065,0.22653427650000002,3378.0,0.0
0.841451496942951,0.5677807485,0.1334312645,0.2541169825,3378.0,0.0
0.8510866551850371,0.5960306264999999,0.1865989605,0.27302271525,3378.0,0.0
0.8509233834741887,0.485420702,0.2668480875,0.28546611450000003,3378.0,0.0
0.8461614975535399,0.2955611805,0.32284986,0.28696255049999997,3378.0,0.0
0.8340523124227189,0.148006093,0.364683201,0.29948179649999995,3378.0,0.0
0.7671818989063381,0.048155154,0.422266105,0.374110742,3378.0,0.0
0.6552455938858636,0.0012420915,0.4621883375,0.46793355950000004,3378.0,0.0
0.635549254960516,0.016747128,0.41444219875,0.53499458375,3378.0,0.0
0.7074370032275714,0.1230490485,0.349536673,0.498674124,3378.0,0.0
0.8229053496928503,0.27674551449999996,0.2948594375,0.38505447000000004,3378.0,0.0
0.8447007801947737,0.435964326,0.258777645,0.3166424245,3378.0,0.0
0.8528904775333892,0.5312903645,0.22677445625,0.2543272405,3378.0,0.0
0.8483617609388792,0.439069936,0.206529606,0.3113630755,3378.0,0.0
0.8383562734560116,0.287244793,0.161130501,0.37709354149999996,3378.0,0.0
0.8266643947317007,0.140304294,0.146329282,0.4098005125,3378.0,0.0
0.7624500902027821,0.0349725695,0.16275305,0.45796013199999996,3378.0,0.0
0.6419359397424446,0.007884774166666665,0.1075449545,0.40890934566666665,3378.0,0.0
0.7066742949946775,0.124128773,0.069378277,0.335129075,3378.0,0.0
0.8189809292559337,0.2890198355,0.058210540500000005,0.31147232150000004,3378.0,0.0
0.8383553064289779,0.423318537,0.06994088300000001,0.29790278400000003,3378.0,0.0
0.8403624869467241,0.43420316849999996,0.0698482045,0.3008026655,3378.0,0.0
0.8401063327550315,0.4293453676666667,0.076350132,0.328867933,3378.0,0.0
0.8343302910409651,0.28436859133333336,0.09564166233333334,0.27670124766666665,3378.0,0.0
0.8244716264946378,0.129213766,0.130748922,0.28033599200000003,3378.0,0.0
0.7615947813582045,0.043063894500000005,0.1701001165,0.3376251135,3378.0,0.0
0.6418454588891783,0.007328469000000001,0.2091110436666667,0.36449717016666666,3378.0,0.0
0.7070179320065645,0.0750681195,0.169702689,0.32217953,3378.0,0.0
0.8213384199411856,0.17321413400000002,0.125773363,0.306126858,3378.0,0.0
0.8408868519439848,0.28896526899999997,0.10014110700000001,0.2769217855,3378.0,0.0
0.8466195030592806,0.379132338,0.07994280833333334,0.23144085999999997,3378.0,0.0
0.8502947645400811,0.341557167,0.10211078000000001,0.2488284115,3378.0,0.0
0.8441252070425247,0.227621765,0.1301646415,0.278805192,3378.0,0.0
0.8383176376364116,0.135492031,0.152868427,0.285661022,3378.0,0.0
0.8271513327915486,0.068780853,0.1879280615,0.289891535,3378.0,0.0
0.7660061154529845,0.0133066645,0.243050991,0.30790090800000003,3378.0,0.0
0.6248928011273566,0.0013394023999999999,0.2784333458,0.39570747219999997,3378.0,0.0
0.6174184918702701,0.037426057,0.30955882599999995,0.445743741,3378.0,0.0
0.6520061023239294,0.1050576945,0.349142246,0.450215199,3378.0,0.0
0.6949824886891597,0.149963071,0.339777189,0.45248685,3378.0,0.0
0.7271897123115946,0.1868997325,0.32741872699999996,0.446096344,3378.0,0.0
0.7353397095892187,0.23537142175,0.31755846600000004,0.379858262,3378.0,0.0
0.7401741043342972,0.2481405115,0.33667609499999995,0.38401530650000004,3378.0,0.0
0.7416296474883838,0.2132062295,0.338260723,0.41357235400000003,3378.0,0.0
0.7376662527527263,0.127000402,0.28003913449999995,0.4598967725,3378.0,0.0
0.6813590085922037,0.0188581085,0.2520195065,0.47120483150000003,3378.0,0.0
0.6142457709601765,0.011457765333333333,0.21783504733333334,0.46305379633333327,3378.0,0.0
0.6175739301504912,0.1207512625,0.1466272505,0.4599179235,3378.0,0.0
0.6527690766171712,0.26925662,0.06864562,0.383003525,3378.0,0.0
0.6970004041122141,0.477320647,0.039086743,0.298925126,3378.0,0.0
0.7309541248030991,0.6317647725,0.0264464855,0.224806516,3378.0,0.0
0.7396179055050384,0.6580619553333332,0.020743845,0.14364546366666667,3378.0,0.0
0.7406357524922023,0.5156606045000001,0.023617712,0.165083484,3378.0,0.0
0.7414267485289174,0.314329973,0.041314577500000005,0.1934497195,3378.0,0.0
0.740162740684306,0.164424231,0.060660548,0.207032384,3378.0,0.0
0.7358150906527055,0.0767864905,0.0905186315,0.24115971400000003,3378.0,0.0
0.7024609113730417,0.006054833,0.11728211033333334,0.28106246966666665,3378.0,0.0
0.6368419858104719,0.00251366125,0.1339749255,0.21410077425000001,3378.0,0.0
0.6848120290969385,0.067420512,0.153926688,0.17701861033333333,3378.0,0.0
0.821569098985762,0.2576598505,0.140147077,0.181047868,3378.0,0.0
0.8401847326580343,0.377806308,0.140746635,0.201300658,3378.0,0.0
0.8402685808288658,0.34675657000000004,0.135774049,0.2244234315,3378.0,0.0
0.8408791633509436,0.2920555925,0.1372926075,0.2707159015,3378.0,0.0
0.8403813455482017,0.29369385849999996,0.136662087,0.322330557,3378.0,0.0
0.8353685924669201,0.282712275,0.14654080149999998,0.3179556865,3378.0,0.0
0.8318654919726044,0.220947666,0.145832712,0.307135005,3378.0,0.0
0.825138204486854,0.143353212,0.15289738749999998,0.3040504665,3378.0,0.0
0.7650427085718294,0.0601712295,0.18245139999999999,0.300358966,3378.0,0.0
0.648569176207154,0.0006321506666666667,0.17983838933333332,0.32111796966666667,3378.0,0.0
0.6445785090722994,0.06944033699999999,0.1358630855,0.23416287300000002,3378.0,0.0
0.7755995187508299,0.277570103,0.0559723365,0.1826373935,3378.0,0.0
0.837514987880953,0.5718319574999999,0.052711492,0.194017322,3378.0,0.0
0.8447582264022527,0.76675217,0.061362282500000004,0.193487525,3378.0,0.0
0.8490436513076057,0.73534428,0.06807237133333333,0.18877157133333333,3378.0,0.0
0.8477380741575075,0.5723068435,0.06652804849999999,0.18908703100000002,3378.0,0.0
0.842799207924018,0.40569176900000004,0.060082751000000004,0.210380874,3378.0,0.0
0.8305672485372232,0.2067979745,0.0684317305,0.21166610349999998,3378.0,0.0
0.7692485082928096,0.068367976,0.078168562,0.2151734355,3378.0,0.0
0.6437687994094458,0.006740413400000001,0.0695976092,0.2199584988,3378.0,0.0
0.6565978499333467,0.1133976915,0.056434229,0.24089602599999999,3378.0,0.0
0.7780458381700379,0.292910455,0.0305268545,0.23200659899999998,3378.0,0.0
0.8375215158054057,0.515629091,0.029409602,0.242057643,3378.0,0.0
0.8484936257212656,0.675289511,0.045588421500000004,0.26148831100000003,3378.0,0.0
0.8558251611838094,0.7243459003333333,0.048704086,0.2033379763333333,3378.0,0.0
0.8542244554120844,0.642767573,0.057640429,0.2402103515,3378.0,0.0
0.8481693552263577,0.43454718449999996,0.054640968,0.230736892,3378.0,0.0
0.8401518513774082,0.315887595,0.060465022,0.214076833,3378.0,0.0
0.830184322755859,0.1821004185,0.090300652,0.1978139205,3378.0,0.0
0.7343163905554103,0.039218321333333334,0.13610269033333333,0.17664075966666667,3378.0,0.0
0.6372378345089624,0.0085716465,0.089494204,0.184174059,3378.0,0.0
0.656654111463833,0.126183469,0.06407030250000001,0.233796145,3378.0,0.0
0.7785382403065271,0.27252884850000003,0.03488662100000001,0.2192710585,3378.0,0.0
0.8446417868227569,0.5225244575,0.0572444265,0.2092928255,3378.0,0.0
0.8578286669069923,0.646564396,0.0525516705,0.1963280745,3378.0,0.0
0.8607006660244476,0.6974975176666667,0.044078588333333335,0.208198366,3378.0,0.0
0.8535928867896969,0.465888285,0.0529292175,0.2256619305,3378.0,0.0
0.8464936502830438,0.2848687605,0.053212262499999996,0.21857044450000002,3378.0,0.0
0.8318913620120514,0.145707352,0.0712935595,0.1756437465,3378.0,0.0
0.7142839579472524,0.019377006,0.09801750749999999,0.194421441,3378.0,0.0
0.6373447480653371,0.02221463375,0.043883320999999996,0.1609883305,3378.0,0.0
0.7095007837549445,0.15186907900000002,0.030981424,0.1716488895,3378.0,0.0
0.8261332599548339,0.324040718,0.017055004,0.14977208250000001,3378.0,0.0
0.8534943385878546,0.485721194,0.017702,0.137209373,3378.0,0.0
0.8602127287951671,0.5854153719999999,0.018139609,0.14915280749999998,3378.0,0.0
0.8623843657007542,0.625773497,0.03143581375,0.171376441,3378.0,0.0
0.8505076244290066,0.4099575805,0.04595773,0.160972537,3378.0,0.0
0.8464020651087825,0.233227722,0.04587153,0.164494232,3378.0,0.0
0.8344350445625284,0.13821065700000001,0.044181857000000005,0.150006793,3378.0,0.0
0.7690182887533457,0.04027541,0.0562093355,0.1603560665,3378.0,0.0
0.6259723140679795,0.0038941152,0.0663653814,0.1986239516,3378.0,0.0
0.6181828924988677,0.107993284,0.055869108,0.1760310625,3378.0,0.0
0.6527115095805105,0.267990338,0.02513589,0.141927393,3378.0,0.0
0.6950378072010164,0.420065559,0.019956424,0.120859004,3378.0,0.0
0.7270282538256321,0.5458431295,0.018994630999999998,0.12142655,3378.0,0.0
0.734739910481233,0.6225728005,0.027046386999999998,0.14472156349999998,3378.0,0.0
0.736882703453899,0.6314929465,0.043925969499999995,0.22310161699999997,3378.0,0.0
0.7397820396161314,0.5253427955,0.061878663,0.3019361075,3378.0,0.0
0.7405547573856633,0.3394046115,0.0699158025,0.332047398,3378.0,0.0
0.7352372205652637,0.1744150475,0.075259095,0.31202818600000004,3378.0,0.0
0.6965208805822581,0.03552280733333333,0.09639534333333333,0.28560167433333333,3378.0,0.0
0.6180822046955965,0.0065520249999999995,0.08245287375,0.19140213675,3378.0,0.0
0.6190036272735349,0.1106403105,0.0588271635,0.175278239,3378.0,0.0
0.6538478352216066,0.2212809,0.0205568075,0.157726933,3378.0,0.0
0.7134849953513412,0.40682026400000004,0.0322623185,0.139110955,3378.0,0.0
0.7351159214486152,0.5687022455,0.076124412,0.140768637,3378.0,0.0
0.739931941007338,0.539328671,0.10053967899999999,0.182257958,3378.0,0.0
0.7420375729717454,0.3797275626666667,0.11499791166666666,0.17170452633333333,3378.0,0.0
0.7427712197529525,0.2440448,0.103150096,0.1317646675,3378.0,0.0
0.7399956006685329,0.1410592545,0.10147001850000001,0.1470310725,3378.0,0.0
0.7033266003757972,0.028625089333333336,0.1311345316666667,0.18488790566666669,3378.0,0.0
0.6390199936019334,0.0034919499999999997,0.09133373775,0.21196207274999998,3378.0,0.0
0.6580438914662966,0.109763524,0.059377005,0.19518948349999998,3378.0,0.0
0.7787298722399896,0.2982341075,0.0250232365,0.1311878365,3378.0,0.0
0.8483555228863884,0.575829082,0.022607683500000003,0.10002662100000001,3378.0,0.0
0.8663948582345316,0.7955610135,0.049940504499999996,0.1083081825,3378.0,0.0
0.8772743195218994,0.85315384,0.075906736,0.1429408775,3378.0,0.0
0.8737484439075829,0.7521087879999999,0.0828891375,0.193124939,3378.0,0.0
0.8636394760701374,0.5507157739999999,0.08440134299999999,0.2273871675,3378.0,0.0
0.8549765253636571,0.380845728,0.081795229,0.225158188,3378.0,0.0
0.8422448625304418,0.220160955,0.110242599,0.2104837265,3378.0,0.0
0.7772075989072466,0.06573882,0.16986245649999998,0.2073752385,3378.0,0.0
0.65022031652536,0.005226078800000001,0.1192129238,0.22196851520000002,3378.0,0.0
0.6615573641815855,0.1348353615,0.0840583625,0.25182051299999997,3378.0,0.0
0.7826528661447598,0.308364268,0.0466069255,0.23433901499999998,3378.0,0.0
0.8570210846052175,0.5688873145,0.04910989,0.209448268,3378.0,0.0
0.8701450059949437,0.741642986,0.09560825,0.220488095,3378.0,0.0
0.872133860031908,0.69998871,0.1135663195,0.244047695,3378.0,0.0
0.8700346592367725,0.567388599,0.1375952845,0.2817700775,3378.0,0.0
0.8602517513075064,0.38367589999999996,0.1513313815,0.30029242899999997,3378.0,0.0
0.8483444012883409,0.234423279,0.137132708,0.320034216,3378.0,0.0
0.8396574181692839,0.1419936755,0.140859379,0.338335378,3378.0,0.0
0.7783523141080695,0.0473767355,0.18985343100000002,0.3442848745,3378.0,0.0
0.6546581444845151,0.0041062888,0.1442073464,0.3456100758,3378.0,0.0
0.6633684879382641,0.129147715,0.112161483,0.332211605,3378.0,0.0
0.7797806333061461,0.291363596,0.0642588565,0.306336873,3378.0,0.0
0.8445685285228577,0.536064703,0.0988688955,0.232938399,3378.0,0.0
0.8569344321740626,0.6617439460000001,0.2004718755,0.284113341,3378.0,0.0
0.8572689298555677,0.565751362,0.233566574,0.35650518774999995,3378.0,0.0
0.8498131939328875,0.33376195,0.210718197,0.3118476705,3378.0,0.0
0.8456529446486993,0.196918787,0.177638462,0.303424046,3378.0,0.0
0.8350337317074994,0.1025808905,0.1619152265,0.311990065,3378.0,0.0
0.7714228048179245,0.022487764,0.1654137525,0.37097507500000004,3378.0,0.0
0.6477488959653673,0.0028295816,0.13961281660000002,0.4328992264,3378.0,0.0
0.6604354483059576,0.0866089575,0.10056644,0.397631294,3378.0,0.0
0.77858524167745,0.2074517895,0.059447151,0.314987098,3378.0,0.0
0.8377222870692499,0.325731244,0.055516478,0.258740141,3378.0,0.0
0.8521639872573261,0.42992282449999997,0.08698801449999999,0.24109797500000002,3378.0,0.0
0.8581884786956345,0.453187918,0.10804941233333332,0.17860742166666665,3378.0,0.0
0.8557340597854517,0.39603855450000003,0.098008088,0.17328560599999998,3378.0,0.0
0.8498277971431205,0.275846419,0.091641125,0.18303426,3378.0,0.0
0.845476254601401,0.179586613,0.093603511,0.183141909,3378.0,0.0
0.8335220480488985,0.091769445,0.097673381,0.192791229,3378.0,0.0
0.7690182887533457,0.01882008,0.108036257,0.222360155,3378.0,0.0
0.6445600566654699,0.0013017656,0.0754126708,0.24603162020000005,3378.0,0.0
0.6562773027089875,0.07714738,0.0521328895,0.20941373800000002,3378.0,0.0
0.7774842638853234,0.2193362515,0.022178391999999998,0.156696183,3378.0,0.0
0.8416682737439802,0.36690080950000004,0.022894703000000002,0.128640592,3378.0,0.0
0.8552791814071528,0.530759063,0.04139041,0.1276187315,3378.0,0.0
0.8576248732408901,0.5824292947499999,0.049970202,0.16215919099999998,3378.0,0.0
0.8502745518252502,0.39868574349999997,0.0524575825,0.208945153,3378.0,0.0
0.8460896897941911,0.252468683,0.054423641,0.228939028,3378.0,0.0
0.835463126935881,0.1377762305,0.0645587135,0.2506343085,3378.0,0.0
0.7697606392370326,0.028569280000000002,0.090949135,0.2782583525,3378.0,0.0
0.6362922302530819,0.0,0.07204421500000001,0.29716873166666663,3378.0,0.0
0.6167530018326641,0.043993345249999996,0.059844313249999996,0.339034419,3378.0,0.0
0.654352011906021,0.225134238,0.039705385999999995,0.2830443245,3378.0,0.0
0.7145324922584811,0.49382552550000003,0.040667529499999994,0.2191507805,3378.0,0.0
0.7400016089684673,0.6894625372500001,0.06477518175,0.21637013224999999,3378.0,0.0
0.741183231285395,0.5307473505,0.093695419,0.24997342449999999,3378.0,0.0
0.7437471507558971,0.318638861,0.09094416699999999,0.2920541405,3378.0,0.0
0.742549268944034,0.18937412,0.096014259,0.332863602,3378.0,0.0
0.7401474121054026,0.09913311650000001,0.10828958999999999,0.352248836,3378.0,0.0
0.7221802714061378,0.016115909,0.12608056550000002,0.3406036085,3378.0,0.0
0.6252862601096986,0.011812367571428572,0.10972496714285714,0.28338840800000004,3378.0,0.0
0.6538919353146384,0.1518870115,0.08717142,0.241346322,3378.0,0.0
0.6981282433728058,0.271350706,0.069414966,0.218593037,3378.0,0.0
0.7310360869366717,0.381806263,0.0695947015,0.2278446965,3378.0,0.0
0.7406934887684334,0.47790256125,0.0804466755,0.29330575925,3378.0,0.0
0.742103432878549,0.38159339049999996,0.10097073200000001,0.4268247005,3378.0,0.0
0.7429715799220727,0.24304626899999998,0.1013215755,0.432305184,3378.0,0.0
0.7401474121054026,0.1283614535,0.1026449435,0.43723771899999997,3378.0,0.0
0.7046574675590319,0.017309956333333334,0.13524586633333333,0.42655954333333335,3378.0,0.0
0.6403817154547371,0.00194215825,0.11871352725,0.324757732,3378.0,0.0
0.6875383337384462,0.086047103,0.091526671,0.24242077766666667,3378.0,0.0
0.8235252161861057,0.19535854200000002,0.096738377,0.2083960735,3378.0,0.0
0.8435757941952647,0.231033822,0.110993281,0.209678708,3378.0,0.0
0.8505970817108557,0.34803224349999995,0.13460782599999999,0.259758172,3378.0,0.0
0.8561167921220514,0.434538113,0.1436713255,0.34041973449999996,3378.0,0.0
0.8547133759363882,0.442810384,0.13461451800000002,0.36991600599999996,3378.0,0.0
0.849815273218121,0.3480309945,0.1355418745,0.373940712,3378.0,0.0
0.8445263626806835,0.185671543,0.11300977649999999,0.3518866625,3378.0,0.0
0.8347920518940569,0.106971517,0.106608444,0.329408623,3378.0,0.0
0.7412823273511487,0.022682347000000002,0.108236345,0.314191094,3378.0,0.0
0.6492687565059684,0.026084579666666666,0.06968338616666668,0.2161869528333333,3378.0,0.0
0.7810545782686026,0.2257869355,0.04186639,0.13339777549999998,3378.0,0.0
0.8503672006505326,0.4211944455,0.057324372,0.126313372,3378.0,0.0
0.8627150190857387,0.5289596665,0.0870655485,0.157138418,3378.0,0.0
0.8688207798249289,0.4642983786666666,0.126313646,0.21472734133333335,3378.0,0.0
0.8686012144411954,0.4466288905,0.1969856975,0.2836666335,3378.0,0.0
0.8599315909726768,0.3014916605,0.210743292,0.2927402695,3378.0,0.0
0.8437592056117804,0.14096529,0.214246923,0.29601134949999997,3378.0,0.0
0.7788945706797742,0.014841093,0.231084055,0.316414201,3378.0,0.0
0.657942176057409,0.0,0.16988767066666666,0.324482083,3378.0,0.0
0.65001596688759,0.0215945045,0.0922917085,0.25564539675000003,3378.0,0.0
0.784832095019401,0.1720090095,0.051427675,0.221119441,3378.0,0.0
0.8546332996432843,0.371129575,0.069741317,0.219639442,3378.0,0.0
0.8721225449890957,0.43335565350000005,0.132286197,0.26799334750000003,3378.0,0.0
0.8888027089509997,0.4007790346666667,0.17817650833333332,0.34589787733333327,3378.0,0.0
0.8848084153335752,0.37769656549999997,0.1988465905,0.409524236,3378.0,0.0
0.8721632598971389,0.30772555300000004,0.1772389855,0.44312661200000003,3378.0,0.0
0.8584730011127427,0.255807926,0.154615753,0.439359576,3378.0,0.0
0.8442930482217736,0.1274850885,0.13635294650000002,0.41089186499999997,3378.0,0.0
0.780940145358757,0.016943641500000002,0.174686538,0.4125879405,3378.0,0.0
0.6518665810909008,0.0014518831666666667,0.16980362599999999,0.24794842066666667,3378.0,0.0
0.7121197796853598,0.091935907,0.13119264,0.1944800355,3378.0,0.0
0.8362489975718856,0.357264575,0.0934182485,0.202439519,3378.0,0.0
0.868407551436098,0.584863695,0.078030019,0.208650741,3378.0,0.0
0.8865955551864609,0.6690843682500001,0.04114258975,0.17612714100000001,3378.0,0.0
0.8812227241577941,0.5380639425,0.044850422,0.1807328595,3378.0,0.0
0.8700730049876204,0.3686054435,0.047716439,0.1885716005,3378.0,0.0
0.845869818270506,0.206712742,0.077724178,0.1965984925,3378.0,0.0
0.7456616099639714,0.027036957333333334,0.12423227566666667,0.23527051199999996,3378.0,0.0
0.6438583051016835,0.0108648856,0.1297827596,0.2854512474,3378.0,0.0
0.7117215981374654,0.159547689,0.1103033115,0.34410819049999997,3378.0,0.0
0.8369336119761316,0.362976341,0.11394794850000001,0.3337426865,3378.0,0.0
0.8752544216343889,0.5696371975,0.16245959199999999,0.3538161065,3378.0,0.0
0.8924165916345983,0.6376047970000001,0.1664974735,0.381588641,3378.0,0.0
0.8928113157755015,0.5892132695000001,0.1726123885,0.44536699550000003,3378.0,0.0
0.8840017036316371,0.500005554,0.17366249150000002,0.473619284,3378.0,0.0
0.8742907000857072,0.3417618105,0.1683143335,0.499310335,3378.0,0.0
0.8502515348500959,0.18007114899999999,0.2190138305,0.540816153,3378.0,0.0
0.7910757084075297,0.0312731155,0.288616263,0.607045981,3378.0,0.0
0.6659983642019442,0.0,0.27737416000000004,0.66362888,3378.0,0.0
0.6339454343279379,0.0012603236666666668,0.21155972366666667,0.5922526960000001,3378.0,0.0
0.6355830432471653,0.10972251849999999,0.171855818,0.551922476,3378.0,0.0
0.6691826820896072,0.297696999,0.13025017900000002,0.5318188635000001,3378.0,0.0
0.730763363075893,0.5642343445,0.1699513205,0.5364112735,3378.0,0.0
0.7572893455791669,0.7679079069999999,0.2687790095,0.5909446415,3378.0,0.0
0.7601797356589923,0.756891019,0.367223765,0.5582505275,3378.0,0.0
0.7537328527554538,0.546425786,0.3953112886666667,0.5732536239999999,3378.0,0.0
0.7521607330558937,0.2828550685,0.36783737400000005,0.5797529205,3378.0,0.0
0.7412030087003075,0.125741811,0.379380177,0.592418034,3378.0,0.0
0.6978290327320991,0.01210335475,0.418968338,0.6171275445,3378.0,0.0
0.6329315427319211,0.028100063199999997,0.335723927,0.4916118669999999,3378.0,0.0
0.659355698272504,0.1534708735,0.3382246195,0.44867468200000005,3378.0,0.0
0.7019424136755383,0.290069316,0.373616709,0.409580793,3378.0,0.0
0.7366082870006259,0.4146177365,0.390706367,0.39123177,3378.0,0.0
0.7424564629817783,0.43937895624999995,0.34225934625,0.3518090405,3378.0,0.0
0.74299155058496,0.3168231045,0.3361947225,0.357028704,3378.0,0.0
0.7436161319745724,0.19409080150000002,0.2880652655,0.29299756899999996,3378.0,0.0
0.7399151374858995,0.085605933,0.2449981785,0.28776320099999997,3378.0,0.0
0.6935582556427573,0.00395434225,0.25762512925000003,0.24930498550000002,3378.0,0.0
0.6482639477090691,0.0072339876,0.20381922240000003,0.24432477879999998,3378.0,0.0
0.7814772761361709,0.1050602005,0.1901793145,0.1857681295,3378.0,0.0
0.8486003942432643,0.221559397,0.199007414,0.178787255,3378.0,0.0
0.8596622517065157,0.33574033849999996,0.20159636949999998,0.1691479055,3378.0,0.0
0.8730677943338538,0.47666855,0.2009665125,0.11798518825,3378.0,0.0
0.8711399166253379,0.46460068649999997,0.1854623125,0.13987833900000002,3378.0,0.0
0.8618437533111549,0.27972444150000003,0.14623474,0.108728001,3378.0,0.0
0.8444623403351533,0.1156297275,0.1317738265,0.1295808645,3378.0,0.0
0.7889964300616827,0.0121401865,0.129942236,0.166412507,3378.0,0.0
0.6767799784509458,0.0,0.098323503,0.1417692815,3378.0,0.0
0.6587764308959393,0.010873564399999999,0.0787687866,0.1399208234,3378.0,0.0
0.7870843887491764,0.1355979695,0.060503417000000004,0.14235754,3378.0,0.0
0.8614336519841692,0.370848134,0.07543412499999999,0.1343202475,3378.0,0.0
0.8860166693664117,0.602796369,0.105695496,0.1424475285,3378.0,0.0
0.8931616501482016,0.6391884320000001,0.13219033800000002,0.1868340685,3378.0,0.0
0.889104542936241,0.5262686910000001,0.144935314,0.2505914235,3378.0,0.0
0.8810005312969319,0.36509838699999997,0.16370321,0.354627373,3378.0,0.0
0.8675885576643136,0.200764539,0.165757567,0.415228254,3378.0,0.0
0.8499220415433294,0.1060362805,0.2056387505,0.415303451,3378.0,0.0
0.7906274547744608,0.0112149145,0.240969401,0.354225395,3378.0,0.0
0.671628372829729,0.0,0.24616706133333333,0.290808828,3314.0,0.0
0.6599786598819956,0.0212901955,0.17968518500000003,0.198436385,3186.0,0.0
0.7844416016709672,0.144643585,0.1553754815,0.1866938495,3186.0,0.0
0.8492815756425038,0.342693323,0.17958178800000002,0.22305868099999998,3186.0,0.0
0.8540802597558825,0.521360419,0.208564433,0.2627712975,3186.0,0.0
0.8580309371217757,0.574559018,0.19069157,0.26601238299999996,3186.0,0.0
0.8593970712076118,0.537433138,0.181123939,0.3227078565,3186.0,0.0
0.8515777274133673,0.38667395849999997,0.1373780315,0.3283976635,3186.0,0.0
0.8441624407319629,0.233282505,0.101484822,0.323929537,3186.0,0.0
0.8332236473966472,0.112594081,0.0963629505,0.3101979615,3186.0,0.0
0.7709103834113691,0.0056501855,0.1037506865,0.300288868,3186.0,0.0
0.647518237898626,0.0022468525,0.08200230766666666,0.24301484216666666,3186.0,0.0
0.7096348004381476,0.101842604,0.069230213,0.19845829199999998,3186.0,0.0
0.8291966172049892,0.304217702,0.047398188,0.18453426299999998,3186.0,0.0
0.8519404890870795,0.441809415,0.045233768,0.191359781,3186.0,0.0
0.856533373159891,0.5419197425,0.05953243750000001,0.2087095195,3186.0,0.0
0.8599888435386007,0.5717932685,0.06946241,0.24040154600000002,3186.0,0.0
0.8560663575493318,0.468538625,0.10498516199999999,0.393641989,3186.0,0.0
0.8494264964705858,0.2714226575,0.1277241045,0.408190404,3186.0,0.0
0.8444410637725113,0.175515035,0.134458135,0.406992896,3186.0,0.0
0.8328620948019123,0.0864109045,0.151491893,0.3929222965,3186.0,0.0
0.7120164566645453,0.002592237,0.19540700075,0.4106584995,3186.0,0.0
0.644275814477604,0.0092966062,0.1836708486,0.3036218292,3186.0,0.0
0.777569538391511,0.1350337345,0.148190143,0.2367746835,3186.0,0.0
0.8433788910395551,0.248868039,0.150184902,0.190725442,3186.0,0.0
0.8526706541249077,0.372965757,0.1701336885,0.16844537399999998,3186.0,0.0
0.8617384353297067,0.36328856800000003,0.17504874899999998,0.209975674,3186.0,0.0
0.8538766840349248,0.233470457,0.1919972235,0.29097174449999996,3186.0,0.0
0.8458394029678526,0.154058762,0.172419669,0.298038461,3186.0,0.0
0.8364591012172959,0.0859021945,0.1537743895,0.30139948699999997,3186.0,0.0
0.717296953141876,0.00266384275,0.15597762375000002,0.33159219075,3186.0,0.0
0.6272069041525713,0.025521866166666667,0.1608149395,0.3325367275,3186.0,0.0
0.6816864709257302,0.2076751885,0.15335538399999998,0.3043052765,3186.0,0.0
0.7245832643145831,0.4265601845,0.14469710349999998,0.30000066049999996,3186.0,0.0
0.7325600046483104,0.5839141317500001,0.1405586605,0.29731016725000003,3186.0,0.0
0.7335700988232319,0.45986269,0.167297263,0.3094363025,3186.0,0.0
0.731968256719306,0.30863965449999997,0.14921601699999998,0.3227467625,3186.0,0.0
0.7279462068939824,0.131563718,0.12859378900000001,0.3184561375,3186.0,0.0
0.6789753577987527,0.002173327,0.13540409525,0.3810011375,3186.0,0.0
0.6147702650190089,0.00361995325,0.113632417,0.44516690300000006,3186.0,0.0
0.6405441288651361,0.096252469,0.093505457,0.39254125,3186.0,0.0
0.7054219650740038,0.273584399,0.1205027365,0.34250134099999996,3186.0,0.0
0.7248589620688362,0.39566480800000003,0.136926949,0.3623046655,3186.0,0.0
0.7271067587490039,0.4309845755,0.166226279,0.43873087850000003,3186.0,0.0
0.726775742482894,0.38108969049999997,0.2260410075,0.51512134,3186.0,0.0
0.728461118483705,0.28729048,0.2732153075,0.582481485,3186.0,0.0
0.7275176822654373,0.174555174,0.276587046,0.615408491,3186.0,0.0
0.7214981955954478,0.07658229550000001,0.28092534449999995,0.6050999555000001,3186.0,0.0
0.6840741834688705,0.0011909115,0.34929610025,0.57775782075,3186.0,0.0
0.636514559981527,0.001516438,0.40669248975,0.60811052175,3186.0,0.0
0.706493518598915,0.0757083945,0.40241069500000004,0.620708765,3186.0,0.0
0.8176631986711822,0.245467724,0.41478384349999997,0.609242875,3186.0,0.0
0.8337273163623504,0.3702518345,0.39215088200000003,0.5954029775,3186.0,0.0
0.836716254742413,0.4007918175,0.301090081,0.54438644125,3186.0,0.0
0.8337006725438444,0.32826220500000003,0.2751518515,0.5015112055000001,3186.0,0.0
0.8286716236598357,0.19326577649999999,0.19665876799999998,0.3961439785,3186.0,0.0
0.8198700868017516,0.09920402950000001,0.124245333,0.30674480000000004,3186.0,0.0
0.7099553599618943,0.00169726375,0.12100259499999999,0.2373621285,3186.0,0.0
0.636168106114744,0.00229091875,0.08976749825,0.143060984,3186.0,0.0
0.7067721178278493,0.10446737349999999,0.049628642,0.0830836805,3186.0,0.0
0.821458220106895,0.297061932,0.0379365025,0.05535926,3186.0,0.0
0.8404276697640527,0.44305387,0.042885613,0.054632076,3186.0,0.0
0.8506657463371599,0.5547100725,0.0558204005,0.073581584,3186.0,0.0
0.8578718479897988,0.5429221925000001,0.077041324,0.1202891365,3186.0,0.0
0.8569524685860923,0.515619408,0.08325896099999999,0.1809654665,3186.0,0.0
0.8508636163231129,0.39241431800000004,0.080604634,0.237922244,3186.0,0.0
0.8453517879497233,0.258145649,0.066273469,0.267486359,3186.0,0.0
0.8327357423097659,0.1387320535,0.0942624775,0.334487298,3186.0,0.0
0.7764571003254058,0.0034990655,0.15216276350000002,0.46452669199999996,3186.0,0.0
0.667977498639829,0.0,0.17892995599999997,0.5346134536666667,3186.0,0.0
0.6529193165531152,0.0031312933333333334,0.168007287,0.4996664133333333,3186.0,0.0
0.716154619496031,0.10695666100000001,0.159201966,0.527839999,3186.0,0.0
0.8226690857424508,0.254275901,0.107841921,0.572942076,3186.0,0.0
0.859055972986071,0.545712886,0.1387566875,0.651585545,3186.0,0.0
0.8753057264133646,0.7159012140000001,0.272618217,0.7588710354999999,3186.0,0.0
0.874751139361425,0.7458062805,0.3953177235,0.7947396824999999,3186.0,0.0
0.8700839333376935,0.502603856,0.3859070525,0.7917563135,3186.0,0.0
0.8588369232582533,0.2648138395,0.3599116535,0.7995824275000001,3186.0,0.0
0.8403871965143727,0.0903165735,0.378474191,0.7619065414999999,3186.0,0.0
0.7989465345511052,0.007842093666666666,0.3956312423333333,0.7820621136666667,3186.0,0.0
0.6797951012427969,0.0,0.384309018,0.8010216635,3186.0,0.0
0.6526332464466956,0.0,0.3422600276666667,0.7509641216666667,3186.0,0.0
0.6638270413735132,0.0083248085,0.3180247885,0.64391909,3186.0,0.0
0.7772247651130201,0.0699007175,0.31979350500000003,0.5737686565,3186.0,0.0
0.8387966936584534,0.21212479899999998,0.298269838,0.501173796,3186.0,0.0
0.8493695339734136,0.38633339899999997,0.25827634499999996,0.44841950799999997,3186.0,0.0
0.8522237544084019,0.4974941145,0.286710745,0.449291829,3186.0,0.0
0.8502407997479975,0.5081421275,0.303044624,0.4666155705,3186.0,0.0
0.8455911466227787,0.41511058050000005,0.257005928,0.4390622545,3186.0,0.0
0.8378268312716388,0.204673845,0.175912467,0.400025769,3186.0,0.0
0.8231351341291862,0.05428309,0.163492616,0.413511329,3186.0,0.0
0.7387406434019238,0.0009209436666666667,0.16361862666666668,0.472945787,3186.0,0.0
0.6529092199302549,0.0013981458,0.1771559298,0.5673059485999999,3186.0,0.0
0.7136878216952246,0.0629173245,0.2313998995,0.668082298,3186.0,0.0
0.82296369031178,0.1595814095,0.288619988,0.7240157655,3186.0,0.0
0.8382066137231684,0.246124244,0.340512895,0.75063418,3186.0,0.0
0.8395480384381462,0.29327450749999995,0.3744490775,0.7340746920000001,3186.0,0.0
0.8422675894368442,0.239642089,0.48573308400000004,0.7218076470000001,3186.0,0.0
0.8417792008364459,0.21341502299999998,0.5704872185000001,0.779826354,3186.0,0.0
0.8354161737785567,0.16223864100000002,0.6231056915,0.8757285385,3186.0,0.0
0.8285309096158193,0.102504168,0.654574818,0.901000515,3186.0,0.0
0.8191615848225147,0.0405748735,0.654100423,0.8968657755,3186.0,0.0
0.7616954814608632,0.0,0.636222244,0.870223705,3186.0,0.0
0.6402034173363347,0.0,0.6002621865,0.8289883524999999,3186.0,0.0
0.6113571054184542,0.000310508,0.5741562095,0.8016061837499999,3186.0,0.0
0.6251816951600001,0.038816307,0.531098121,0.7255891839999999,3186.0,0.0
0.6756106503064615,0.1721705315,0.5135480450000001,0.6961562965,3186.0,0.0
0.7166149137373727,0.33563613800000003,0.5242977855,0.658958604,3186.0,0.0
0.7201168053495013,0.3685089915,0.444083914,0.537077182,3186.0,0.0
0.7186549275189367,0.342061301,0.4392623135,0.5736458935,3186.0,0.0
0.7191867634592796,0.2689692085,0.4310305315,0.619063115,3186.0,0.0
0.7190189220832404,0.1608430885,0.395410359,0.621140716,3186.0,0.0
0.7133701031331734,0.054333294000000004,0.34938138350000003,0.5923204465,3186.0,0.0
0.6709894782330387,0.0,0.3578041665,0.54746986825,3186.0,0.0
0.611054050579622,0.00031083225,0.36209813525,0.599735081,3186.0,0.0
0.6239764150206379,0.0404843835,0.35271432999999996,0.6400958895,3186.0,0.0
0.6715421796412997,0.1443871035,0.3664871555,0.6364265265,3186.0,0.0
0.7148257673132318,0.22685021500000002,0.37386631950000004,0.6189972029999999,3186.0,0.0
0.7180348793883286,0.26589427275,0.3851433555,0.62944500925,3186.0,0.0
0.7184825892900799,0.2016879945,0.385780154,0.5963216225,3186.0,0.0
0.7177828395549052,0.1259503535,0.34315311849999997,0.537284397,3186.0,0.0
0.714017121360436,0.04745622049999999,0.336245086,0.4806990075,3186.0,0.0
0.7054559588096201,0.0,0.357617969,0.4686573855,3186.0,0.0
0.640025256951392,0.0,0.3655341628,0.45925758099999997,3186.0,0.0
0.6525780972400059,0.006508561,0.373621132,0.4341300065,3186.0,0.0
0.769125105488943,0.10941008499999999,0.3494529165,0.4089715895,3186.0,0.0
0.8256067674587412,0.236431164,0.368330944,0.377181223,3186.0,0.0
0.8300013462456812,0.35359709500000003,0.338177498,0.3290405265,3186.0,0.0
0.8331895893106364,0.3193118563333333,0.26444781300000003,0.21846477500000003,3186.0,0.0
0.8337972380844403,0.2130629175,0.2543723075,0.2022448805,3186.0,0.0
0.8292272261491975,0.155239224,0.2263971755,0.20001095600000002,3186.0,0.0
0.8237391885300211,0.082845197,0.1657301355,0.2166845985,3186.0,0.0
0.7761693136180878,0.012847512666666666,0.12247362866666667,0.2615938036666667,3186.0,0.0
0.6462148205209521,0.0,0.109512799,0.33816635133333334,3186.0,0.0
0.6429531902913164,0.00990045375,0.08131471775,0.3114251155,3186.0,0.0
0.7716838509515557,0.12496459900000001,0.053760757,0.28551574700000004,3186.0,0.0
0.8296493194772772,0.2580682405,0.0453636565,0.24984397200000003,3186.0,0.0
0.8325280886367254,0.35495861333333334,0.045145442333333334,0.26440254700000004,3186.0,0.0
0.8333368472191112,0.3591647615,0.036227996,0.280131001,3186.0,0.0
0.8302484419221665,0.252527029,0.035981823499999996,0.2869627405,3186.0,0.0
0.8256278501830381,0.176471235,0.043377014500000005,0.28828797500000003,3186.0,0.0
0.8151205797717263,0.069950305,0.0629830195,0.247110879,3186.0,0.0
0.7591203433747455,0.0,0.0758492435,0.232316182,3186.0,0.0
0.6419116492723212,0.000341998,0.0766615365,0.2601245581666667,3186.0,0.0
0.7046980134898917,0.0817382715,0.0653142545,0.2598277845,3186.0,0.0
0.8156822752792028,0.2381610445,0.068405927,0.23544060449999998,3186.0,0.0
0.8323755438283842,0.350516,0.096134115,0.18807229,3186.0,0.0
0.8332168292066526,0.5077980115,0.121696104,0.1659434905,3186.0,0.0
0.834062321959357,0.44122027375000006,0.148554369,0.1691093435,3186.0,0.0
0.8288960890539059,0.225817888,0.17127680099999998,0.14895753150000002,3186.0,0.0
0.823487644411107,0.100170977,0.17671134500000002,0.1627006755,3186.0,0.0
0.7783600993906946,0.008789488333333333,0.2387334626666667,0.24012068466666667,3186.0,0.0
0.6552310146840348,0.0,0.279723222,0.285183028,3186.0,0.0
0.6441496361447828,0.0017921165999999998,0.2772219566,0.314467005,3186.0,0.0
0.7754810482964893,0.0616433655,0.338705162,0.44199262100000003,3186.0,0.0
0.8325828914270696,0.103298801,0.403370665,0.508787957,3186.0,0.0
0.8357308220199366,0.1821628525,0.472786045,0.592176977,3186.0,0.0
0.8424115916482812,0.21215831633333335,0.5112182786666667,0.6978043126666668,3186.0,0.0
0.8447085171982036,0.1608205905,0.504213036,0.7755615145,3186.0,0.0
0.8390365842554146,0.113805512,0.498295188,0.783725784,3186.0,0.0
0.8325808601586445,0.075624685,0.52143206,0.802232173,3186.0,0.0
0.8236019078845918,0.019888478,0.553786444,0.8212920655,3186.0,0.0
0.7679159810530601,0.0,0.5843843790000001,0.833615749,3186.0,0.0
0.6538030097599047,0.0,0.63935278825,0.8409617942500001,3186.0,0.0
0.6514951397231128,0.001396552,0.5887247866666666,0.7848896963333334,3186.0,0.0
0.7758830745344847,0.064449602,0.54993727,0.743913031,3186.0,0.0
0.8323089098801345,0.167414006,0.529527403,0.743329758,3186.0,0.0
0.8360972101434202,0.253338362,0.503095648,0.7361522924999999,3186.0,0.0
0.8422149789549038,0.4234855915,0.446858712,0.722007822,3186.0,0.0
0.8321524807612657,0.40781227,0.406730045,0.743621949,3186.0,0.0
0.8259568597794975,0.1998479735,0.311671597,0.6916231405,3186.0,0.0
0.8157279225367722,0.057074474,0.247843072,0.6282788905000001,3186.0,0.0
0.7581279959366822,0.0,0.2372990845,0.576073896,3186.0,0.0
0.6302298929110287,0.0,0.19792322166666668,0.4998810253333333,3186.0,0.0
0.6115248257685215,0.01342725425,0.19218372425000002,0.41888809024999996,3186.0,0.0
0.6449648681538556,0.21762966499999997,0.22046049099999998,0.372924342,3186.0,0.0
0.6870095200363697,0.394420496,0.274551391,0.397367122,3186.0,0.0
0.7162035309126168,0.5100258225000001,0.38882902750000004,0.4839812625,3186.0,0.0
0.7198593132468484,0.498696999,0.561216478,0.6481227125,3186.0,0.0
0.7210372728062131,0.2986216485,0.632596027,0.7859418125,3186.0,0.0
0.7220712301541409,0.126055629,0.5972929174999999,0.85673021,3186.0,0.0
0.7239085870281821,0.064662433,0.586727535,0.871831243,3186.0,0.0
0.7212768975396164,0.038489932,0.5757267635,0.8793451075000001,3186.0,0.0
0.7142084470883501,0.0032943959999999998,0.558196475,0.8921580823333333,3186.0,0.0
0.6233701809153426,0.0016988838571428571,0.519138888,0.8833559525714285,3186.0,0.0
0.6479759047940324,0.11889665999999999,0.4959894835,0.8401954325000001,3186.0,0.0
0.7011595411382023,0.32272364200000003,0.5662822789999999,0.799819716,3186.0,0.0
0.7191902692766592,0.444109797,0.567274175,0.71222338,3186.0,0.0
0.7214624851277399,0.46073136966666667,0.5683066376666667,0.6465253153333334,3186.0,0.0
0.7217677765199721,0.30300639799999995,0.5485844895,0.611993712,3186.0,0.0
0.7217846282550091,0.17914693650000002,0.47334826100000005,0.5952385524999999,3186.0,0.0
0.720235227196663,0.077371334,0.437770282,0.58136078,3186.0,0.0
0.7120987857134423,0.006047167,0.409083211,0.549360628,3186.0,0.0
0.6498309112561707,0.0,0.37362006866666664,0.5572896256666667,3186.0,0.0
0.6457868841311077,0.0045489905,0.3234313125,0.56996560525,3186.0,0.0
0.7728204184478054,0.11110903350000001,0.27589208249999997,0.535220739,3186.0,0.0
0.8272377917779388,0.168170434,0.299289032,0.499388046,3186.0,0.0
0.8309613925406225,0.249608517,0.2868993145,0.4802682815,3186.0,0.0
0.8331429182520612,0.39235116975,0.2515396555,0.48664520175000003,3186.0,0.0
0.8300228160562979,0.4017809305,0.29750006399999995,0.535301078,3186.0,0.0
0.8247262171226094,0.23811563549999998,0.275483173,0.517630917,3186.0,0.0
0.8165664520651057,0.115916145,0.25745966,0.532074577,3186.0,0.0
0.770037054488348,0.005453714666666667,0.30671767,0.556829484,3186.0,0.0
0.6423917369341787,0.0,0.34230256875000004,0.6458396319999999,3186.0,0.0
0.6457651483585384,0.008092436333333333,0.330423952,0.6046306476666666,3186.0,0.0
0.7688595623057038,0.16528663500000002,0.3136457075,0.543217614,3186.0,0.0
0.8248069703739949,0.326186727,0.360616697,0.476265766,3186.0,0.0
0.830334611036595,0.43647481450000003,0.397091539,0.389903573,3186.0,0.0
0.8334985957738259,0.50818419225,0.36798325750000005,0.33729546174999997,3186.0,0.0
0.8305899754436257,0.3943182185,0.3634832315,0.33759569450000004,3186.0,0.0
0.8268548179797661,0.294918517,0.284180356,0.290009639,3186.0,0.0
0.8203348780927012,0.148592077,0.201294025,0.252513877,3186.0,0.0
0.7661804444114854,0.004044160333333334,0.17507254633333333,0.2539022233333333,3186.0,0.0
0.6530731347908287,0.0,0.157837502,0.274696454,3186.0,0.0
0.6321613973645013,0.0,0.1624682225,0.244277826,3186.0,0.0
0.6344452428603243,0.0,0.187188308,0.262515789,3186.0,0.0
0.7030779895459796,0.049851268500000004,0.2067674465,0.314524953,3186.0,0.0
0.8153757023236033,0.15525735400000001,0.2161447965,0.38174492950000005,3186.0,0.0
0.8335748519756034,0.2675624135,0.303052408,0.528008928,3186.0,0.0
0.8354719275903317,0.358624447,0.43565287649999995,0.6801037155,3186.0,0.0
0.8377934658871253,0.273964249,0.5066997480000001,0.751594381,3186.0,0.0
0.8342984408753804,0.1666707045,0.5130371055,0.787794589,3186.0,0.0
0.8302372719137302,0.090852769,0.481152036,0.820560962,3186.0,0.0
0.8247296021108075,0.041606863,0.431525048,0.824454409,3186.0,0.0
0.7818337192702014,0.0006168336666666666,0.37638106500000007,0.812436134,3186.0,0.0
0.6600261205612408,0.0,0.35269724300000005,0.734633909,3186.0,0.0
0.6385927018967781,0.0,0.327260721,0.615098078,3186.0,0.0
0.657990483000103,0.0025608795,0.2820183715,0.581249296,3186.0,0.0
0.7750359618048692,0.092170594,0.2217394105,0.49041546449999995,3186.0,0.0
0.8324175160290034,0.236272142,0.225467563,0.433307733,3186.0,0.0
0.8373463729226451,0.4204023435,0.23749898,0.3973199595,3186.0,0.0
0.8418414825726734,0.54219372,0.2268503215,0.433402481,3186.0,0.0
0.8448258755911345,0.49478568749999996,0.23491670050000002,0.4974980255,3186.0,0.0
0.8414041086824987,0.3486215975,0.2191676235,0.4982542765,3186.0,0.0
0.831546636947159,0.20810361649999998,0.1741855805,0.513070539,3186.0,0.0
0.8191648729899353,0.044329862500000004,0.18619077150000002,0.5018032215,3186.0,0.0
0.710431030995738,0.0,0.17836930875,0.5000522435,3186.0,0.0
0.6378996011776245,0.0,0.15491831225,0.4349647375,3186.0,0.0
0.7066587487658149,0.0288657225,0.1909812475,0.5029500985,3186.0,0.0
0.8170141497658648,0.140592738,0.1989517445,0.496258725,3186.0,0.0
0.8329025198379938,0.2102328785,0.257822147,0.559214412,3186.0,0.0
0.8329038253441683,0.27541848550000003,0.2810643105,0.600621148,3186.0,0.0
0.8328760210538637,0.2301072065,0.288656942,0.6834457955,3186.0,0.0
0.828716980848653,0.14193462550000002,0.285796657,0.7235375285,3186.0,0.0
0.8224139145833947,0.0866387285,0.2720134095,0.750096977,3186.0,0.0
0.8151428717717907,0.02983806,0.24705296,0.73608028,3186.0,0.0
0.7687944680439646,0.0006795843333333333,0.2199498936666667,0.7245139313333334,3186.0,0.0
0.6301970756528138,0.0,0.20500955166666668,0.5997350793333333,3186.0,0.0
0.6145596968503357,0.006540328200000001,0.2172481228,0.620570453,3186.0,0.0
0.6718010980793085,0.102014774,0.2232149995,0.7038542945,3186.0,0.0
0.712885728068866,0.2229933895,0.22542307550000001,0.6646256325,3186.0,0.0
0.717814621073509,0.29190327925000004,0.23929761924999998,0.65106423625,3186.0,0.0
0.7178985376289343,0.253090398,0.24696043966666667,0.6060739923333333,3186.0,0.0
0.7167041533692626,0.0823198925,0.175479905,0.498231368,3186.0,0.0
0.7083670611889926,0.0010385919999999999,0.15683539033333335,0.437880061,3186.0,0.0
0.6381688192210235,0.0,0.137829441,0.43509897249999996,3186.0,0.0
0.6099472338255266,0.0,0.10331365225,0.2680769045,3186.0,0.0
0.6227519616122714,0.056495285,0.0822255175,0.2362328855,3186.0,0.0
0.672369079459294,0.2485624605,0.070830719,0.2530621295,3186.0,0.0
0.7121476565912475,0.4466872175,0.090004311,0.278516802,3186.0,0.0
0.7179578614116939,0.5713094665,0.0983681975,0.2657626095,3186.0,0.0
0.7174195217520929,0.5695365415,0.11963847650000001,0.363873544,3186.0,0.0
0.7177955085142809,0.456125422,0.124440823,0.411460434,3186.0,0.0
0.7197475641617251,0.304410163,0.106278171,0.413116276,3186.0,0.0
0.717448921814114,0.15447466999999998,0.090802647,0.37955342950000004,3186.0,0.0
0.7075645725391096,0.0009762579999999999,0.10269555266666668,0.3461222963333333,3186.0,0.0
0.6528219047490706,0.0,0.104246153,0.31557951100000003,3186.0,0.0
0.6330475084012619,0.0,0.09688236774999999,0.28154581125,3186.0,0.0
0.7024454294945739,0.0368443395,0.0909551065,0.30139133900000004,3186.0,0.0
0.8119141875339578,0.21608273449999998,0.0761101275,0.308944224,3186.0,0.0
0.8247751527443896,0.4846346455,0.10972322649999999,0.3888881225,3186.0,0.0
0.824806196791726,0.601750021,0.17076079049999998,0.4654452025,3186.0,0.0
0.8232248814797871,0.4106208896666666,0.21635423266666665,0.575540327,3186.0,0.0
0.8180009607084939,0.19882419150000002,0.22384379599999998,0.6836672065,3186.0,0.0
0.812382750505845,0.104254523,0.211224887,0.696358622,3186.0,0.0
0.7693207671608892,0.0006510726666666667,0.20686329066666667,0.6427607986666667,3186.0,0.0
0.6461913198354907,0.0,0.16333884066666668,0.5314741053333333,3186.0,0.0
0.6429163798975942,0.000865426,0.11423648825,0.44472501825000005,3186.0,0.0
0.7695030022967939,0.065010697,0.09372321950000001,0.4187892125,3186.0,0.0
0.8256067674587412,0.198928668,0.077794007,0.38974926,3186.0,0.0
0.8292728736035571,0.35198531450000003,0.0717255485,0.3314707435,3186.0,0.0
0.8312920705243818,0.32189643375,0.06524453425,0.24525593525,3186.0,0.0
0.8281231292324305,0.24643737300000002,0.06674094850000001,0.23527637699999998,3186.0,0.0
0.8223849982316807,0.1525930625,0.0729484225,0.1760289235,3186.0,0.0
0.8156767143817837,0.068519277,0.107663107,0.145971815,3186.0,0.0
0.7693637067821225,0.00042599666666666663,0.13107617066666666,0.13576693399999998,3186.0,0.0
0.6399513975099149,0.0,0.11927100750000001,0.11157376133333334,3186.0,0.0
0.7032984173955548,0.017225848,0.1286165215,0.130160841,3186.0,0.0
0.8133547165798776,0.10155194349999999,0.1610024,0.1674613675,3186.0,0.0
0.8299344708358585,0.188119117,0.225757095,0.197928073,3186.0,0.0
0.8316826603000125,0.2831369475,0.27930804,0.2120417355,3186.0,0.0
0.833172874344787,0.267629829,0.338660817,0.240568501,3186.0,0.0
0.8326819713560272,0.179334133,0.381671861,0.266309289,3186.0,0.0
0.8276201374217991,0.128216525,0.3771996175,0.290471189,3186.0,0.0
0.8228886185902049,0.068370846,0.394388746,0.330948282,3186.0,0.0
0.8124241427657501,0.014611915,0.41646080100000005,0.3781361135,3186.0,0.0
0.7572105988006417,0.0,0.42918174750000004,0.424986984,3186.0,0.0
0.6526192234395634,0.0,0.41043901,0.44761378500000004,3186.0,0.0
0.6412844001423056,0.0002678798,0.3377520318,0.4037791156,3186.0,0.0
0.770370835066371,0.022835595,0.283639693,0.320849226,3186.0,0.0
0.8284756395143513,0.0764093625,0.275134648,0.2722759345,3186.0,0.0
0.8307347512373314,0.106917345,0.248907674,0.254174147,3186.0,0.0
0.8317707154516999,0.159557439,0.226434613,0.21454378666666665,3186.0,0.0
0.8292058531593582,0.1680780775,0.2188536995,0.2490732465,3186.0,0.0
0.8232099880040119,0.1631287605,0.20010437,0.241096584,3186.0,0.0
0.8179115516402435,0.096036871,0.18849278,0.241491857,3186.0,0.0
0.7729367450697274,0.0,0.21807395533333332,0.325770882,3186.0,0.0
0.6462546008723445,0.0,0.261714122,0.4369448676666667,3186.0,0.0
0.6429045690418775,0.0007516305,0.26561460049999996,0.50967490925,3186.0,0.0
0.7692240647855089,0.11853015850000001,0.24613616300000002,0.5854763805000001,3186.0,0.0
0.824335119234687,0.3102800765,0.223654552,0.5730972635,3186.0,0.0
0.8267954377182198,0.407576478,0.19295292149999999,0.522413702,3186.0,0.0
0.8281622003519489,0.40033344149999994,0.14164271450000002,0.49807468675,3186.0,0.0
0.8216610706559726,0.2618935,0.1117779225,0.449641241,3186.0,0.0
0.813764455222528,0.1190256375,0.1318936615,0.4497766015,3186.0,0.0
0.7694805492567506,0.0,0.1536774393333333,0.4627668016666666,3186.0,0.0
0.6286599732602869,0.0,0.14746052733333334,0.4644465773333333,3578.0,0.0
0.6141990437048804,0.022959367799999998,0.1348499608,0.39669141979999994,4362.0,0.0
0.6732135081673971,0.316890966,0.10747746350000001,0.35480467849999997,4362.0,0.0
0.713137393213752,0.566969292,0.1076396925,0.283914439,4362.0,0.0
0.7156248387669208,0.6808781033333333,0.09555571133333333,0.18805592699999998,4362.0,0.0
0.7139502701558077,0.5220310975,0.10247970349999999,0.178273176,4362.0,0.0
0.7148948910510682,0.2654616025,0.0849714415,0.1634516375,4362.0,0.0
0.7137767712583624,0.0794375225,0.088684686,0.164312884,4362.0,0.0
0.7051213238341534,0.0,0.10903315833333334,0.14278523866666668,4362.0,0.0
0.6289053764098748,0.0,0.103577556,0.10131094633333333,4362.0,0.0
0.6142644587346427,0.0064384552,0.092570808,0.0941845412,4362.0,0.0
0.673795754475265,0.1380575155,0.0556646175,0.07639135550000001,4362.0,0.0
0.7135910869150583,0.32357034549999997,0.050444362500000006,0.08883661500000001,4362.0,0.0
0.71788520771688,0.41776597733333337,0.09246914300000002,0.12272642666666667,4362.0,0.0
0.7181557798080357,0.329410184,0.131438838,0.203655649,4362.0,0.0
0.7162227037880406,0.242797786,0.1338411755,0.260382074,4362.0,0.0
0.7138507789353361,0.0929569465,0.20062217799999998,0.312743576,4362.0,0.0
0.7046152694432651,0.0,0.23816039366666666,0.323885591,4362.0,0.0
0.6486510255799433,0.0,0.20962174266666667,0.30955613,4362.0,0.0
0.6451885113584781,0.0,0.185284701,0.3323072955,4362.0,0.0
0.7823644510207426,0.113777088,0.16826770600000002,0.3734759485,4362.0,0.0
0.8302246993815517,0.262050609,0.124498774,0.368815535,4362.0,0.0
0.8298072479406655,0.3570495515,0.138020566,0.3646955775,4362.0,0.0
0.8305538379411876,0.5116757553333333,0.17999110200000001,0.3623687123333333,4362.0,0.0
0.8267032723408575,0.349337776,0.167663531,0.385360384,4362.0,0.0
0.8200941651095022,0.13660656599999998,0.1356177805,0.3853930335,4362.0,0.0
0.783520759427323,0.0054788905,0.13424938275,0.389101873,4362.0,0.0
0.6486978979876895,0.0,0.11283553066666667,0.3162026746666667,4362.0,0.0
0.644931140183402,0.0,0.13636774775,0.19943647775,4362.0,0.0
0.7826924933933782,0.06337378099999999,0.11616794,0.15103486049999998,4362.0,0.0
0.8295303172958213,0.21305281850000002,0.0939447225,0.1116241625,4362.0,0.0
0.8286349703046916,0.381298949,0.0757354115,0.098346031,4362.0,0.0
0.8283551864971596,0.330963595,0.06009984425,0.115912724,4362.0,0.0
0.8219865018194692,0.1723753595,0.054001495999999996,0.1575527235,4362.0,0.0
0.816781536470431,0.065736795,0.0672823495,0.20794195599999998,4362.0,0.0
0.7470633942341179,0.0,0.0808089045,0.22211613450000003,4362.0,0.0
0.6363815587554253,0.0,0.08675782779999999,0.2412844642,4362.0,0.0
0.7140540165707335,0.020797521,0.09541689,0.29336327900000003,4362.0,0.0
0.821369681638481,0.164190304,0.0691070585,0.290410938,4362.0,0.0
0.8306117353229943,0.278589074,0.060379081,0.266108466,4362.0,0.0
0.8288061480617499,0.38785479700000003,0.0818110425,0.2396090525,4362.0,0.0
0.8293289012160945,0.33987171266666666,0.07697232433333334,0.21646334066666664,4362.0,0.0
0.8226026453045628,0.20773594133333337,0.07414271233333332,0.20697031899999999,4362.0,0.0
0.8173156691491762,0.060002631,0.086452498,0.1803857915,4362.0,0.0
0.7742608102653602,0.0,0.09210747766666667,0.16539044733333333,4362.0,0.0
0.6466667608122219,0.0,0.06032461628571428,0.163183338,4362.0,0.0
0.7825955167580583,0.0517024535,0.0524313285,0.221825457,4362.0,0.0
0.8297167270077956,0.1740082605,0.0476680005,0.21641109749999998,4362.0,0.0
0.8291469562145386,0.319876752,0.052427053,0.204888977,4362.0,0.0
0.8279735180083712,0.34176113275000003,0.044652016,0.13960867475,4362.0,0.0
0.8224019223855106,0.2340321815,0.0516684025,0.181824292,4362.0,0.0
0.8207051831282886,0.1284946665,0.06683438750000001,0.2595865895,4362.0,0.0
0.8138396959868833,0.018102842,0.097568237,0.336323039,4362.0,0.0
0.7746851441154425,0.0,0.11218161666666666,0.390464079,4362.0,0.0
0.6421288371024777,0.0,0.08315856716666667,0.3759317141666667,4362.0,0.0
0.7147532341852125,0.010414473,0.10542336899999999,0.476143056,4362.0,0.0
0.821617164204496,0.105183641,0.1148517195,0.4960957115,4362.0,0.0
0.829977217012327,0.2226271385,0.11556374050000001,0.455968035,4362.0,0.0
0.8278650811974679,0.440576434,0.118615707,0.38227101525,4362.0,0.0
0.8233684001777073,0.3078829535,0.1321220205,0.375516015,4362.0,0.0
0.820717368377357,0.1711490065,0.14605379699999999,0.410715157,4362.0,0.0
0.7848758565348968,0.002851614,0.19951614525,0.47602820274999996,4362.0,0.0
0.628611295499263,0.0,0.190566455,0.48141211433333336,4362.0,0.0
0.6141783668800463,0.003708614,0.1861200658,0.4547092428,4362.0,0.0
0.6729048079097558,0.12407496900000001,0.20062877550000002,0.4374237605,4362.0,0.0
0.7134743812752145,0.26160873900000003,0.22763559249999998,0.46814341800000003,4362.0,0.0
0.7154655885293683,0.380554503,0.30114443966666665,0.5496224023333334,4362.0,0.0
0.7140113672150425,0.262903759,0.3240855475,0.6155899284999999,4362.0,0.0
0.7140549835977672,0.18610280099999998,0.3108325845,0.6127558280000001,4362.0,0.0
0.7148249451237839,0.096249941,0.303556181,0.591583059,4362.0,0.0
0.7067592673295159,0.00152573425,0.304170698,0.5085932545,4362.0,0.0
0.6175760818264048,0.0,0.22403443214285715,0.3814954581428571,4362.0,0.0
0.6473287173271993,0.0574560845,0.22730448250000002,0.366842674,4362.0,0.0
0.6982587060250305,0.20971201849999999,0.24601288100000002,0.371354215,4362.0,0.0
0.7154063212253956,0.348479913,0.280696255,0.374250694,4362.0,0.0
0.7159243031357896,0.4402505015,0.2887491385,0.349830488,4362.0,0.0
0.7144500788193874,0.3836447516666666,0.35416453233333334,0.35119030533333334,4362.0,0.0
0.7147209330420906,0.18621569799999999,0.339901232,0.368153109,4362.0,0.0
0.7138482887521689,0.041718479999999995,0.34390876299999995,0.403456048,4362.0,0.0
0.7042870496314677,0.0,0.3555613043333334,0.4653016353333333,4362.0,0.0
0.6423344552433052,0.0,0.35425501819999994,0.5036082904000001,4362.0,0.0
0.658975045417928,0.0,0.3915807785,0.5452757565,4362.0,0.0
0.782262276172339,0.0244944685,0.4400869295,0.6037274495,4362.0,0.0
0.8302246993815517,0.094130975,0.496501232,0.66045507,4362.0,0.0
0.8294369431018686,0.176731647,0.543874345,0.694954394,4362.0,0.0
0.8288518921400969,0.210317062,0.521366958,0.6878828795,4362.0,0.0
0.8264392845873446,0.22337905933333332,0.524952982,0.6995185623333334,4362.0,0.0
0.8217847635285913,0.171332245,0.5126515730000001,0.7222300895,4362.0,0.0
0.816587196507052,0.0463829715,0.483363946,0.7073986915,4362.0,0.0
0.7905206862524623,0.0,0.45220525349999996,0.671333961,4362.0,0.0
0.6712829830403456,0.0,0.43065129674999997,0.5926214865,4362.0,0.0
0.6344770848263174,0.0,0.40601143566666664,0.555512782,4362.0,0.0
0.7145993192579152,0.0024225115,0.4026057715,0.5610628475,4362.0,0.0
0.8212734545770259,0.0623609305,0.4205537845,0.625490373,4362.0,0.0
0.8285906767668952,0.1980441785,0.38608644150000004,0.7232048010000001,4362.0,0.0
0.8276741986410799,0.3189737165,0.346943469,0.707049492,4362.0,0.0
0.8272984295288512,0.2496511055,0.411824255,0.860877882,4362.0,0.0
0.8231541375682495,0.171756417,0.4180121245,0.8909930500000001,4362.0,0.0
0.8202199858745334,0.084773227,0.3814335555,0.8941094549999999,4362.0,0.0
0.81336068817844,0.002222036,0.349877475,0.879718273,4362.0,0.0
0.7737215033163388,0.0,0.32946692266666666,0.8047089676666666,4362.0,0.0
0.6561994023251043,0.0,0.3329497925,0.7369323435,4362.0,0.0
0.6344686951353969,0.0,0.33591841775,0.6845180222499999,4362.0,0.0
0.7145827333864359,0.002407576,0.3449331,0.676466184,4362.0,0.0
0.8224084505067533,0.107941357,0.329655896,0.6970823195,4362.0,0.0
0.829151985188052,0.2745862825,0.361464713,0.7162581539999999,4362.0,0.0
0.8275938804928226,0.3340105965,0.38833178,0.7282602735,4362.0,0.0
0.8268755140113236,0.392636373,0.42421468,0.7258663665,4362.0,0.0
0.8230785583247535,0.25293942550000004,0.46763936500000003,0.7549809955,4362.0,0.0
0.8200707128344296,0.103377059,0.4564004685,0.789742597,4362.0,0.0
0.7837693902641442,0.00061964475,0.49607792824999997,0.81022102675,4362.0,0.0
0.6487981384540421,0.0,0.5480005616666667,0.841031314,4362.0,0.0
0.6448195120258555,0.0,0.48322051425,0.82155643425,4362.0,0.0
0.7833714260710236,0.059595048,0.39436072450000004,0.7741234084999999,4362.0,0.0
0.8311205298861981,0.2731178365,0.36259019000000003,0.7167618364999999,4362.0,0.0
0.8279383637025615,0.423176726,0.348409842,0.64569816,4362.0,0.0
0.8276130937758338,0.4337483016666666,0.2375803453333333,0.5166888773333334,4362.0,0.0
0.8255213719265817,0.35885217150000004,0.2821729865,0.5792478775000001,4362.0,0.0
0.8215780930849776,0.205462932,0.24987775199999998,0.614649067,4362.0,0.0
0.8184393014289122,0.039578920999999996,0.232648663,0.6452799495,4362.0,0.0
0.7727649225623834,0.0,0.25715167433333336,0.6525421066666667,4362.0,0.0
0.6562100404096352,0.0,0.259879989,0.6262041780000001,4362.0,0.0
0.6425031185332858,0.0,0.22950341859999995,0.6442410414,4362.0,0.0
0.7828195710574049,0.050747413,0.21054113600000002,0.6953834825,4362.0,0.0
0.8305975190022907,0.20717324,0.20124916999999998,0.7129068515,4362.0,0.0
0.8276741502306912,0.3616855015,0.205516962,0.6740641105,4362.0,0.0
0.8275763275943098,0.4073776765,0.2405169435,0.6692529475,4362.0,0.0
0.8244625195690419,0.32302885033333334,0.26417536433333333,0.7062829713333333,4362.0,0.0
0.8201061088969976,0.1339558205,0.245484928,0.7011156860000001,4362.0,0.0
0.783088354194466,0.000359638,0.3195206465,0.6971731285,4362.0,0.0
0.6286566528848705,0.0,0.338367948,0.704168367,4362.0,0.0
0.6056748728702751,0.0,0.33015718299999997,0.7274100605,4362.0,0.0
0.6306416020139332,0.01430498125,0.325351321,0.8307371112499999,4362.0,0.0
0.6864900387814562,0.13590727,0.309254879,0.844087932,4362.0,0.0
0.7145355387675385,0.2342305455,0.3298905485,0.8166231804999999,4362.0,0.0
0.7153903639018092,0.30228972466666665,0.311219878,0.647842534,4362.0,0.0
0.7143717913491846,0.267244128,0.39180233,0.6704229533333333,4362.0,0.0
0.7172570962390967,0.10025577050000001,0.3739681085,0.7117580020000001,4362.0,0.0
0.7185832003779723,0.0,0.402245283,0.7531804423333334,4362.0,0.0
0.6761261904440771,0.0,0.4115257205,0.7378822885,4362.0,0.0
0.6131412712794707,0.0,0.42443110274999996,0.69219484275,4362.0,0.0
0.6232577824131945,0.000791478,0.4171439443333333,0.6330672053333333,4362.0,0.0
0.6780755864719936,0.133326883,0.389435972,0.5958580995,4362.0,0.0
0.717001852858038,0.302915672,0.405756665,0.5868935475,4362.0,0.0
0.7164078079938407,0.3356847455,0.3313674945,0.5755007265000001,4362.0,0.0
0.714538971772545,0.2913437205,0.33140568000000004,0.575027703,4362.0,0.0
0.7145114093373941,0.23084370399999998,0.311070858,0.6030117235000001,4362.0,0.0
0.7170909716607462,0.118379309,0.270969331,0.652078138,4362.0,0.0
0.7151210246356481,0.022812953,0.29259978600000003,0.691964384,4362.0,0.0
0.6952693565502441,0.0,0.3371428205,0.746110867,4362.0,0.0
0.6359409934005332,0.0,0.30513555425,0.6983584925,4362.0,0.0
0.6586204558507738,0.0,0.25448121,0.6765781365000001,4362.0,0.0
0.7822507674879715,0.034360646499999994,0.2431875355,0.655856185,4362.0,0.0
0.8290875277393938,0.168192852,0.2620615665,0.6425782255,4362.0,0.0
0.8279946010278534,0.28826565000000004,0.29209555649999996,0.607305291,4362.0,0.0
0.8276740213331113,0.33441697733333337,0.32091315833333334,0.5470803906666667,4362.0,0.0
0.8228515785423215,0.23740743350000001,0.2820370095,0.47170075899999997,4362.0,0.0
0.8198948929933874,0.085273996,0.25078281199999997,0.4423257895,4362.0,0.0
0.8104119814880892,0.0,0.2869138015,0.494425982,4362.0,0.0
0.7571787327606477,0.0,0.29142988599999997,0.553688716,4362.0,0.0
0.6558966980680103,0.0,0.279622854,0.550718069,4362.0,0.0
0.634358662651172,0.0,0.24639164025,0.5185988485,4362.0,0.0
0.7145993192579152,0.001579211,0.23819151649999998,0.5637855635,4362.0,0.0
0.8214201162112005,0.11694114,0.2235814305,0.587052596,4362.0,0.0
0.8296502384875025,0.300078141,0.238840466,0.5981150835,4362.0,0.0
0.829722674597954,0.33875050149999997,0.2631867335,0.6133815155,4362.0,0.0
0.8322325568575795,0.37471564999999996,0.2837754145,0.6941947175000001,4362.0,0.0
0.8271251724865594,0.31442799,0.258847228,0.7423860090000001,4362.0,0.0
0.8237106588710466,0.189076404,0.26521391,0.748903155,4362.0,0.0
0.8164173242561681,0.0283826455,0.2767980835,0.722579138,4362.0,0.0
0.7767920495092221,0.0,0.308807353,0.6781426316666667,4362.0,0.0
0.650188982304317,0.0,0.36029731133333337,0.6562338123333333,4362.0,0.0
0.6463864777901266,0.0,0.41420025875,0.6901352075,4362.0,0.0
0.782262276172339,0.020942598,0.40144816650000004,0.7502442924999999,4362.0,0.0
0.8303677343691649,0.09886595549999999,0.3883883335,0.747095195,4362.0,0.0
0.8290941522878337,0.22705502700000002,0.3784394075,0.6821440555,4362.0,0.0
0.8269055426212376,0.25325031449999996,0.38287639349999997,0.66935000925,4362.0,0.0
0.8211427502664379,0.171081262,0.3125772735,0.63662299,4362.0,0.0
0.8194449467678243,0.060291032,0.324678937,0.642047343,4362.0,0.0
0.800456832150744,0.0,0.390666106,0.6620895306666666,4362.0,0.0
0.7064963474580133,0.0,0.5391351325,0.7105461475,4362.0,0.0
0.6388298847262096,0.0,0.6391043456666666,0.7736693579999999,4362.0,0.0
0.6761699398569757,0.0,0.747133909,0.8917358197499999,4362.0,0.0
0.8215848142574047,0.11792664700000001,0.77644897,0.9128027315,4362.0,0.0
0.8290859803780659,0.293537194,0.7612885005,0.9231346575,4362.0,0.0
0.8281762073534783,0.3598422376666666,0.7036762056666667,0.9201711856666667,4362.0,0.0
0.8253421188837429,0.3038531895,0.7000948549999999,0.90128944,4362.0,0.0
0.8213752907494984,0.168260393,0.7046759155,0.8738640805,4362.0,0.0
0.8194720258862486,0.031863175,0.676542977,0.838347953,4362.0,0.0
0.7981389201725283,0.0,0.6334335896666666,0.7791522249999999,4362.0,0.0
0.7392307407316128,0.0,0.598017107,0.746397152,4362.0,0.0
0.6487498638505373,0.0,0.5722376493333333,0.7480021553333334,4362.0,0.0
0.6456870061195017,0.0,0.5380040399999999,0.812164275,4362.0,0.0
0.7826703466244799,0.042235482,0.5083967389999999,0.9076521915,4362.0,0.0
0.830418217352273,0.1862688295,0.47079175650000005,0.912872119,4362.0,0.0
0.828540677494094,0.31322307000000005,0.48502369599999995,0.9117359785000001,4362.0,0.0
0.828080882968662,0.2964409733333333,0.5455592903333333,0.9228742776666667,4362.0,0.0
0.8221813417611449,0.15523973733333332,0.594245762,0.9283222396666666,4362.0,0.0
0.8170273748543404,0.0033844425,0.6207588100000001,0.9093187615,4362.0,0.0
0.7419967610789329,0.0,0.62955019225,0.8991323167499999,4362.0,0.0
0.6122469236545639,0.0,0.6701891953333333,0.9087071813333334,4362.0,0.0
0.6485850125703655,0.0192340245,0.711356055,0.935491973,4362.0,0.0
0.7045482813382556,0.1594712375,0.727315267,0.9358643504999999,4362.0,0.0
0.7216612012459481,0.318579609,0.7590506404999999,0.936327127,4362.0,0.0
0.7209208412295186,0.3511312873333334,0.7689378346666667,0.9339367766666666,4362.0,0.0
0.7225009154512745,0.23569182149999998,0.8079239785,0.9324628374999999,4362.0,0.0
0.7316612970709673,0.120909124,0.780863445,0.936243678,4362.0,0.0
0.733020854821962,0.012440353,0.7395603900000001,0.9346156525,4362.0,0.0
0.6993850220310935,0.0,0.7082314795,0.931938809,4362.0,0.0
0.6159584102281824,0.0,0.6426365002857143,0.9083474974285713,4362.0,0.0
0.6803780971245295,0.1047314385,0.5817772405,0.865489692,4362.0,0.0
0.7260626708384661,0.2597825735,0.6353217440000001,0.825883625,4362.0,0.0
0.7219812891619849,0.32926809900000004,0.5656710216666667,0.7130176846666667,4362.0,0.0
0.720154860834807,0.28636647550000005,0.5929416745,0.666240778,4362.0,0.0
0.7244891649487502,0.149029671,0.564158719,0.644365948,4362.0,0.0
0.7361186411076518,0.011017927,0.5522934225,0.6196027735,4362.0,0.0
0.7175466076157112,0.0,0.5626915513333334,0.6526114156666666,4362.0,0.0
0.6536870698963186,0.0,0.6195408233333334,0.7631809306666666,4362.0,0.0
0.6557077737708841,0.0,0.62324015425,0.8126790392500001,4362.0,0.0
0.792491261825453,0.0265335565,0.6270377055,0.86336263,4362.0,0.0
0.8360472588874274,0.163646086,0.578374549,0.862232145,4362.0,0.0
0.8396516638271002,0.298894729,0.669389123,0.863254113,4362.0,0.0
0.8384740669520707,0.3921813875,0.6963000045,0.8519158794999999,4362.0,0.0
0.8383461672953862,0.4455437465,0.7123731935,0.8467855900000001,4362.0,0.0
0.8364728342212728,0.395340123,0.728407627,0.873929175,4362.0,0.0
0.8341285202141079,0.27587498850000003,0.6535122685,0.8972504244999999,4362.0,0.0
0.8326637414992326,0.021223439,0.610264226,0.887008462,4362.0,0.0
0.8065217969043292,0.0,0.5674071683333333,0.854733729,4362.0,0.0
0.7211978848975336,0.0,0.5339040420000001,0.8377887980000001,4362.0,0.0
0.6649235223128221,0.0,0.47509480800000004,0.788199085,4362.0,0.0
0.6782258384449381,0.0,0.43088676024999994,0.71989159475,4362.0,0.0
0.7950487742006844,0.0340871255,0.4160746625,0.6649630735000001,4362.0,0.0
0.8357255994048682,0.181494454,0.383672602,0.623084316,4362.0,0.0
0.8400634575497898,0.319255694,0.380969499,0.595032873,4362.0,0.0
0.837911356203962,0.3702232635,0.48460603300000005,0.6037854229999999,4362.0,0.0
0.8342913812238126,0.33458339000000004,0.5847852035,0.6956108944999999,4362.0,0.0
0.8310506081641083,0.2967049815,0.5843647925,0.7571690765,4362.0,0.0
0.8309497390186693,0.15562261,0.597612187,0.8475615910000001,4362.0,0.0
0.8323194515374682,0.007404979,0.58913441,0.860941067,4362.0,0.0
0.8023363063253773,0.0,0.5935324266666666,0.872796926,4362.0,0.0
0.703005408204362,0.0,0.6067691015000001,0.9021851685,4362.0,0.0
0.6431262540528352,0.0,0.6370860815,0.9101335271666665,4362.0,0.0
0.783505249506252,0.002661082,0.7438018555,0.924873164,4362.0,0.0
0.836820363743279,0.030501956,0.7632656945,0.8619373925,4362.0,0.0
0.8345907004927087,0.166324776,0.760651861,0.818883883,4362.0,0.0
0.8276844017208778,0.29790243025,0.71966223675,0.851036318,4362.0,0.0
0.8222437522637588,0.1460910815,0.727522093,0.914012366,4362.0,0.0
0.8202955169044309,0.006442022,0.758628149,0.914044972,4362.0,0.0
0.7990733382831762,0.0,0.790299918,0.9276419216666666,4362.0,0.0
0.7029108495302065,0.0,0.836916802,0.9344257185,4362.0,0.0
0.6355406114430384,0.0,0.8252699845,0.9331262135,4362.0,0.0
0.6581280055006858,0.0,0.785182419,0.926678808,4362.0,0.0
0.7835527343906917,0.0170650055,0.682829716,0.9132996959999999,4362.0,0.0
0.8347425359379824,0.153627273,0.533834486,0.887218422,4362.0,0.0
0.8328354027698077,0.275896048,0.5052255635,0.8685552114999999,4362.0,0.0
0.8288263605797906,0.381196529,0.36471366,0.7765568359999999,4362.0,0.0
0.8262939285249412,0.2858028486666666,0.24309359233333336,0.6605258426666666,4362.0,0.0
0.8232557806895376,0.1383278905,0.195668348,0.652922632,4362.0,0.0
0.8229273028201937,0.004222844,0.191312789,0.641501888,4362.0,0.0
0.783698900211962,0.0,0.2089643125,0.60698143975,4362.0,0.0
0.6493540150065532,0.0,0.27120006,0.6502123383333334,4362.0,0.0
0.6455202045828696,0.0,0.30954471175000003,0.72029396025,4362.0,0.0
0.7861351979919349,0.0174879915,0.34231570499999997,0.7519507089999999,4362.0,0.0
0.8366071167680338,0.183845313,0.323415928,0.717347537,4362.0,0.0
0.8386656990823231,0.3811387745,0.32374141050000005,0.6711579169999999,4362.0,0.0
0.8385297883590597,0.5704658843333333,0.32414013566666666,0.5641901046666667,4362.0,0.0
0.8364786851874438,0.47636019549999997,0.36056725749999996,0.6167981415,4362.0,0.0
0.8340518771228007,0.2762989445,0.3230692195,0.6153885045,4362.0,0.0
0.8275514245818963,0.0036820995,0.2660496285,0.5916184904999999,4362.0,0.0
0.8004443562425528,0.0,0.22510579749999998,0.501248735,4362.0,0.0
0.7135017504623908,0.0,0.200668908,0.4055857175,4362.0,0.0
0.6519973378788751,0.0,0.18283859249999998,0.28770277375,4362.0,0.0
0.6485963517527754,0.0,0.27183178933333335,0.33671462566666666,4362.0,0.0
0.6941870680216295,0.0471860885,0.3900784515,0.49402073350000003,4362.0,0.0
0.7357184284881224,0.16856748700000002,0.4208263545,0.617438546,4362.0,0.0
0.73583977621195,0.22616204150000002,0.489850248,0.7746037825,4362.0,0.0
0.7311959740529023,0.161534916,0.581934227,0.8780280765,4362.0,0.0
0.728600260961199,0.07902242550000001,0.61450738,0.907258906,4362.0,0.0
0.7341190041485708,0.019699711,0.6062160409999999,0.9130430705,4362.0,0.0
0.7058580911175323,0.0,0.6157268392,0.9166003974000001,4362.0,0.0
0.6125717262701676,0.0,0.5556009666666667,0.9069083361666667,4362.0,0.0
0.6644551849936956,0.045588408999999996,0.4773787823333333,0.8879999956666668,4362.0,0.0
0.7284855861962001,0.255891535,0.4575067215,0.85978227,4362.0,0.0
0.7239146796527164,0.3695215213333333,0.4138177143333334,0.8047257416666667,4362.0,0.0
0.7199504871295958,0.2797418775,0.3719710675,0.8025121355,4362.0,0.0
0.7262761838740592,0.132042972,0.32355947949999997,0.8002853784999999,4362.0,0.0
0.7342861201559396,0.002852006,0.320151562,0.802849874,4362.0,0.0
0.7170933894251204,0.0,0.301024127,0.7332969229999999,4362.0,0.0
0.6739394182075611,0.0,0.244818344,0.531781513,6041.5,0.0
0.6891321489013836,0.0,0.21247884549999999,0.3798723585,7721.0,0.0
0.8148669079571897,0.0087464755,0.198657333,0.2851987045,7721.0,0.0
0.8387582510868281,0.165421543,0.187538443,0.1951952865,7721.0,0.0
0.8336474817276098,0.334265119,0.1679481555,0.117726311,7721.0,0.0
0.8320257413795897,0.420953561,0.150662759,0.088722512,7721.0,0.0
0.8294018855184412,0.34291057,0.1503478645,0.1071241065,7721.0,0.0
0.8299835999024036,0.1727708195,0.149797662,0.1443844695,7721.0,0.0
0.8307054477992976,0.0013025,0.156900862,0.1626332145,7721.0,0.0
0.7999942168346119,0.0,0.132415248,0.204264174,7721.0,0.0
0.706381503650234,0.0,0.10613691450000001,0.218947997,7721.0,0.0
0.6907735457367399,0.0,0.0782544335,0.25028628575,7721.0,0.0
0.773520941765249,0.0,0.094467476,0.3348203035,7721.0,0.0
0.8381587421459895,0.0365449325,0.114812145,0.3862246415,7721.0,0.0
0.8402927584726088,0.15482250349999999,0.130125957,0.428517566,7721.0,0.0
0.8371953591748437,0.22473306424999998,0.18239615075,0.49156574325,7721.0,0.0
0.8322395200819503,0.12009858400000001,0.2046034615,0.563280453,7721.0,0.0
0.8339020725523717,0.023942197499999998,0.21566836499999997,0.610816378,7721.0,0.0
0.8021440816926364,0.0,0.2000434335,0.652279916,7721.0,0.0
0.685872122544661,0.0,0.22291022666666668,0.7466625063333333,7721.0,0.0
0.6919702671751997,0.0,0.24772511,0.847640581,7721.0,0.0
0.8169346294050708,0.0054883315,0.23050585750000002,0.8677927089999999,7721.0,0.0
0.8411825931734984,0.125093945,0.213583987,0.856685503,7721.0,0.0
0.8390966416720327,0.30241928549999997,0.18505070299999998,0.8114584315,7721.0,0.0
0.8337331673285214,0.35968200075,0.1702772955,0.7455142,7721.0,0.0
0.8311192243800236,0.26934867949999997,0.1872949955,0.6932323499999999,7721.0,0.0
0.8344424913004159,0.0577909205,0.200067095,0.668504106,7721.0,0.0
0.81784346721704,0.0,0.22185579433333336,0.6171499746666668,7721.0,0.0
0.741208472776949,0.0,0.245058153,0.6223718655,7721.0,0.0
0.6902520580089659,0.0,0.20116042475,0.550215737,7721.0,0.0
0.7302769329315464,0.0,0.1326725395,0.4346174655,7721.0,0.0
0.8298597780666084,0.04863114466666666,0.07187258966666667,0.281551883,7721.0,0.0
0.8406015071406387,0.280702725,0.037180175999999995,0.1513381285,7721.0,0.0
0.8360308182471142,0.416029471,0.0743603535,0.142463402,7721.0,0.0
0.8331203122732356,0.337389721,0.1378263675,0.27977898,7721.0,0.0
0.8280652481186135,0.1716813275,0.2007735085,0.4362209255,7721.0,0.0
0.8259695289356632,0.01271095,0.2879041005,0.585389318,7721.0,0.0
0.7924103633429014,0.0,0.3424455455,0.73972682425,7721.0,0.0
0.6766829534052373,0.0,0.46777409625,0.8778915572500001,7721.0,0.0
0.6876936025167102,0.0,0.5394348176666667,0.9283289826666666,7721.0,0.0
0.8097296236770454,0.025477876666666666,0.5201967326666667,0.9208926709999999,7721.0,0.0
0.8195680595029389,0.1939435465,0.4707324455,0.89264544,7721.0,0.0
0.8176610469671558,0.38651437000000005,0.52777587875,0.8330446845,7721.0,0.0
0.8168693979805632,0.238089763,0.484866335,0.826638152,7721.0,0.0
0.8221383376583233,0.0383072135,0.5025081295,0.830428693,7721.0,0.0
0.7922401526128766,0.0,0.51914925575,0.84936069625,7721.0,0.0
0.6570887893282933,0.0,0.48939169800000004,0.8161704962499999,7721.0,0.0
0.6617387447626143,0.0008366852,0.4282000294,0.6733294618000001,7721.0,0.0
0.73000889936835,0.112201545,0.376405484,0.553231443,7721.0,0.0
0.7515901884835776,0.303071315,0.33975948499999997,0.46535995750000003,7721.0,0.0
0.7462039954988523,0.4474237566666666,0.26314653066666666,0.312352633,7721.0,0.0
0.7432097781233298,0.346526735,0.2122634215,0.2921260785,7721.0,0.0
0.7488773348456927,0.225850412,0.19128259,0.2523908,7721.0,0.0
0.7602816446438382,0.0328440725,0.20740163150000002,0.2036108335,7721.0,0.0
0.7462412814360883,0.0,0.22877192150000003,0.1718688285,7721.0,0.0
0.6623191172932527,0.0,0.23988201975,0.3318100835,7721.0,0.0
0.6610100181233814,0.0,0.26236385475,0.4097059075,7721.0,0.0
0.7251536876641371,0.0772799275,0.23113913549999998,0.4936270495,7721.0,0.0
0.7630741394716988,0.360597546,0.1531203135,0.47240816399999996,7721.0,0.0
0.7586176418296564,0.5038664159999999,0.107298587,0.409095174,7721.0,0.0
0.7530301371952031,0.49380256499999997,0.10414030099999999,0.33758655000000004,7721.0,0.0
0.757464657701498,0.335747257,0.1164215685,0.259482485,7721.0,0.0
0.7689083769015123,0.082672712,0.149482804,0.202070408,7721.0,0.0
0.7771057143243852,0.0,0.1658049285,0.1783193725,7721.0,0.0
0.7558742675407656,0.0,0.23438893800000002,0.24695444533333333,7721.0,0.0
0.700717960463962,0.0,0.3499114455,0.429168176,7721.0,0.0
0.67399318935809,0.0,0.4417487415,0.577572336,7721.0,0.0
0.6901450718042099,0.0,0.5582094006666667,0.7615918723333333,7721.0,0.0
0.8094487436497145,0.0008503075,0.657675985,0.892911783,7721.0,0.0
0.8372268868340919,0.0497910315,0.6876908225,0.9245612055,7721.0,0.0
0.8343160423810724,0.077709579,0.6517674305000001,0.9305218795000001,7721.0,0.0
0.8304160414430521,0.1673958395,0.545403289,0.922153215,7721.0,0.0
0.8248821145143629,0.0954290345,0.471803169,0.8824709505,7721.0,0.0
0.8235816471529526,0.0,0.479081497,0.864785178,7721.0,0.0
0.8051837731175557,0.0,0.4950726966666667,0.849375788,7721.0,0.0
0.7071350324075457,0.0,0.5159341169999999,0.8430030216666666,7721.0,0.0
0.6792390055184824,0.0,0.4874962930000001,0.858960959,7721.0,0.0
0.8125493185181086,0.0189279,0.524905399,0.8664699686666667,7721.0,0.0
0.8232565056646277,0.112417701,0.523695603,0.865626634,7721.0,0.0
0.8195006521692106,0.182492371,0.51144329,0.8626807655,7721.0,0.0
0.8160245823829305,0.2030548175,0.5376249510000001,0.8886797089999999,7721.0,0.0
0.8126429504416242,0.0668120585,0.5467952224999999,0.892189668,7721.0,0.0
0.809321182472171,0.0,0.574291816,0.8662279466666667,7721.0,0.0
0.7422993524768483,0.0,0.5655422246666667,0.8196871153333333,7721.0,0.0
0.6698262672462668,0.0,0.571008843,0.8062222446666666,7721.0,0.0
0.68786694030858,0.0,0.5288967223333333,0.7983162073333334,7721.0,0.0
0.8061447222203294,0.0010247505,0.4626902705,0.7385059105,7721.0,0.0
0.8298148397129294,0.127217232,0.402217579,0.666727477,7721.0,0.0
0.8211010197241819,0.246078534,0.354515199,0.604140378,7721.0,0.0
0.8157281159815369,0.36888671250000005,0.2730375625,0.46390281199999994,7721.0,0.0
0.8119174272909897,0.45818193100000004,0.22267938250000002,0.330596205,7721.0,0.0
0.809101939496379,0.2952800875,0.1672295835,0.31340836149999995,7721.0,0.0
0.809787907817188,0.128096538,0.176236394,0.334328939,7721.0,0.0
0.8149248860885743,0.03970296,0.203106495,0.345331104,7721.0,0.0
0.8198792259353432,0.0,0.2234886415,0.33678837949999996,7721.0,0.0
0.7849754764889562,0.0,0.19429664633333335,0.3329727116666667,7721.0,0.0
0.6874894948718467,0.0,0.1548692645,0.4149808235,7721.0,0.0
0.6792036093378402,0.0,0.127873678,0.45659121420000004,7721.0,0.0
0.8072261402475025,0.0007478115,0.12468152699999999,0.45153268950000003,7721.0,0.0
0.828556828065655,0.111005859,0.125322652,0.4717035045,7721.0,0.0
0.8152379383614473,0.2455346745,0.0901039435,0.4626359885,7721.0,0.0
0.8109334452074588,0.3673287985,0.0997566575,0.513735647,7721.0,0.0
0.8088539008012641,0.3510281075,0.1503971105,0.6737668269999999,7721.0,0.0
0.8100112611498487,0.127497031,0.260392418,0.7837433965,7721.0,0.0
0.8102848070032852,0.0,0.30881538799999997,0.8295677066666668,7721.0,0.0
0.7669405577688266,0.0,0.302075255,0.7973191895,7721.0,0.0
0.6804073276189965,0.0,0.25552775699999997,0.7901251129999999,7721.0,0.0
0.6820467663262844,0.0,0.22233486025000002,0.742987818,7721.0,0.0
0.8065229573105309,0.00060415,0.2083024845,0.737950424,7721.0,0.0
0.826637702502806,0.1208666555,0.1775935735,0.718786336,7721.0,0.0
0.8169925591260666,0.238161524,0.135915473,0.665758902,7721.0,0.0
0.8101297437067866,0.30089495325,0.14080555775,0.58176781175,7721.0,0.0
0.8064683641673445,0.1846791515,0.19843353349999998,0.620190206,7721.0,0.0
0.8116555351562966,0.015262478,0.286314511,0.6638441294999999,7721.0,0.0
0.7887286747598266,0.0,0.31050244950000006,0.67928546025,7721.0,0.0
0.65614234310555,0.0,0.3665747355,0.661120148,7721.0,0.0
0.6447574076631931,0.0,0.4510760266666667,0.6946947803333333,7721.0,0.0
0.6859405130422193,0.012477028333333334,0.5067063186666667,0.7884645536666667,7721.0,0.0
0.726423449654142,0.086283803,0.502628655,0.818308434,7721.0,0.0
0.7257096286326397,0.127037706,0.475170353,0.817486285,7721.0,0.0
0.7234232566458579,0.14749152125,0.44203434524999996,0.8347735705,7721.0,0.0
0.7260082469348501,0.048812222,0.4498321985,0.850384723,7721.0,0.0
0.7288031599206654,0.0,0.455026557,0.861258306,7721.0,0.0
0.7131359522372053,0.0,0.49467934680000003,0.8770924572000001,7721.0,0.0
0.6449873048734317,0.0,0.5291817917999999,0.8840454504,7721.0,0.0
0.6661974428732943,0.0,0.5294425016666667,0.8838308779999999,7721.0,0.0
0.7138200249567519,0.078286141,0.547760262,0.902452383,7721.0,0.0
0.7296960889506305,0.222727063,0.5420189645,0.906956851,7721.0,0.0
0.7256203648611521,0.33728776433333335,0.49983625833333334,0.8964795186666666,7721.0,0.0
0.7236143689548021,0.2534269395,0.5972353765,0.909446601,7721.0,0.0
0.7300236960233477,0.0780394825,0.638949098,0.920479515,7721.0,0.0
0.7331742742315406,0.0,0.6367248555,0.92689924025,7721.0,0.0
0.6948413234708157,0.0,0.5499252113333334,0.9153519636666667,7721.0,0.0
0.6661224437673021,0.0,0.4949984705,0.88804978,7721.0,0.0
0.6877570126479339,0.0,0.466004549,0.8680046326666666,7721.0,0.0
0.8067857926606437,0.0,0.36773320600000003,0.854175538,7721.0,0.0
0.8312167569476532,0.068077253,0.307972128,0.806872833,7721.0,0.0
0.8179712703809305,0.22802089250000002,0.2356467685,0.7125470629999999,7721.0,0.0
0.8102704776594112,0.3562160683333333,0.12980346433333334,0.5327177296666666,7721.0,0.0
0.8080799257391563,0.2187515135,0.099978967,0.473396846,7721.0,0.0
0.8115410778444667,0.0529378265,0.1077871975,0.4775606535,7721.0,0.0
0.8162670359098354,0.0,0.11011681699999999,0.4992668963333333,7721.0,0.0
0.7705758131142808,0.0,0.0995284515,0.4283176475,7721.0,0.0
0.6807800828893407,0.0,0.11505503900000001,0.35902440666666663,7721.0,0.0
0.6831726108230328,0.0,0.15002114275,0.2371405215,7721.0,0.0
0.8181357753103539,0.019558808666666667,0.183749449,0.224459916,7721.0,0.0
0.8296146005697809,0.2154428115,0.161252691,0.172469673,7721.0,0.0
0.817284689583428,0.383506758,0.144737523,0.133482513,7721.0,0.0
0.8138601987704663,0.27036581249999997,0.13933153850000002,0.12150717,7721.0,0.0
0.8184025030393921,0.06340662450000001,0.16283761349999998,0.1305401665,7721.0,0.0
0.8198197973290049,0.0,0.18147765833333332,0.14705870166666668,7721.0,0.0
0.7718036269120707,0.0,0.2015917815,0.15761301100000003,7721.0,0.0
0.6771854376939478,0.0,0.23875652874999997,0.2338640545,7721.0,0.0
0.6878808506205254,0.0,0.27562444933333335,0.37632478999999996,7721.0,0.0
0.8159511146982604,0.0055305573333333325,0.268905161,0.48896525166666666,7721.0,0.0
0.8300484926509799,0.045225161,0.252422245,0.512631368,7721.0,0.0
0.8202153435937594,0.0870934125,0.23257016149999998,0.5106149765000001,7721.0,0.0
0.8132174598116588,0.19619761033333336,0.22483634233333336,0.5222164406666666,7721.0,0.0
0.8114335843473781,0.11600679950000001,0.2136733475,0.5255021449999999,7721.0,0.0
0.8154525388596754,0.005718834,0.221141393,0.523933172,7721.0,0.0
0.8171460709614417,0.0,0.225836267,0.523326662,7721.0,0.0
0.7282810552556204,0.0,0.2548395055,0.47144352825,7721.0,0.0
0.6660905777273083,0.0,0.2716861785,0.362291449,7721.0,0.0
0.6879710815502399,0.0,0.2736964103333333,0.361349914,7721.0,0.0
0.8161579141706475,0.011920331,0.3229356346666667,0.439565807,7721.0,0.0
0.8306912314785939,0.263733155,0.320856585,0.4848712845,7721.0,0.0
0.8203745293497235,0.36553941025,0.34446449125,0.42876343624999996,7721.0,0.0
0.8223234900777219,0.174184187,0.41202426999999997,0.502846676,7721.0,0.0
0.8312747832926364,0.008847573,0.453089745,0.545289818,7721.0,0.0
0.8282701778217313,0.0,0.48680254766666664,0.5467469823333334,7721.0,0.0
0.7885028190430062,0.0,0.49949629549999996,0.512381103,7721.0,0.0
0.7063170378707907,0.0,0.5012727549999999,0.4452694693333333,7721.0,0.0
0.7184437115169313,0.0,0.45117012075,0.37486895025,7721.0,0.0
0.824963738562375,0.0,0.3719866235,0.3543703075,7721.0,0.0
0.8458177395156811,0.0901115025,0.3176814925,0.3258363675,7721.0,0.0
0.8370759698086728,0.2324342375,0.213447626,0.29628128750000005,7721.0,0.0
0.8317885102053663,0.261446513,0.1674876105,0.24548251199999999,7721.0,0.0
0.8300261526341073,0.1944761835,0.148998851,0.2037732275,7721.0,0.0
0.8337029936842314,0.033163987500000006,0.129726306,0.1882710045,7721.0,0.0
0.8292562393216891,0.0,0.10413500333333332,0.20775273900000002,7721.0,0.0
0.788604655412269,0.0,0.098402604,0.233283202,7721.0,0.0
0.6755538247096706,0.0,0.07898202966666666,0.2210814796666667,7721.0,0.0
0.6542536571489438,0.0,0.07081179400000001,0.22586156625,7721.0,0.0
0.7036399105750233,0.005426216,0.107684252,0.24046607,7721.0,0.0
0.7568546555137144,0.11537146549999999,0.1063268985,0.2219246865,7721.0,0.0
0.7533368549883882,0.245908877,0.1029472055,0.1656315035,7721.0,0.0
0.7475508196120932,0.26907238166666664,0.09315437466666666,0.146857711,7721.0,0.0
0.7594709196025993,0.048012614,0.107014407,0.159454785,7721.0,0.0
0.7670959837496605,0.0,0.1813255405,0.20835912225000003,7721.0,0.0
0.6934409576644172,0.0,0.3512489935,0.30752249775,7721.0,0.0
0.6640852185028457,0.0,0.47862972433333334,0.5238222100000001,7721.0,0.0
0.6951725372486877,0.0042216875,0.5264177655,0.673446482,7721.0,0.0
0.7551047734570662,0.116401876,0.5336868785,0.7646616390000001,7721.0,0.0
0.7471390460931971,0.152564046,0.54830903575,0.83516473225,7721.0,0.0
0.7430447658031791,0.065020357,0.5367403065,0.8682005445000001,7721.0,0.0
0.7440178437418312,0.0,0.5226398785,0.8683890485,7721.0,0.0
0.7289334652391267,0.0,0.5561150715,0.848965775,7721.0,0.0
0.6866172858818433,0.0,0.55926542,0.889269848,7721.0,0.0
0.6790855353763907,0.0,0.535639093,0.8617935502,7721.0,0.0
0.8185028404577156,0.010383138333333333,0.6036375669999999,0.8619381666666667,7721.0,0.0
0.8369058560962159,0.176144898,0.60281312,0.895322775,7721.0,0.0
0.8341794386939245,0.3455601865,0.5838862775,0.8914767145,7721.0,0.0
0.8331584159721398,0.4148514915,0.6062648420000001,0.898775858,7721.0,0.0
0.831929127428605,0.279624691,0.627848135,0.9118515185,7721.0,0.0
0.8317755509804484,0.12746598,0.615227574,0.914863041,7721.0,0.0
0.8340744107812283,0.00143576,0.575600734,0.9066332644999999,7721.0,0.0
0.800720682741489,0.0,0.5114977792500001,0.8821001607500001,7721.0,0.0
0.6839876678725,0.0,0.4003247813333333,0.8111124799999999,7721.0,0.0
0.66575968229038,0.0,0.317113702,0.7503174770000001,7721.0,0.0
0.7305381160967523,0.0,0.2546853746666667,0.6807784223333333,7721.0,0.0
0.8312980907301232,0.00464702,0.23145673700000002,0.6046359655,7721.0,0.0
0.8353368228541233,0.1770458155,0.2250803265,0.5861054305,7721.0,0.0
0.8344222305687767,0.2845395675,0.254932861,0.6270684765000001,7721.0,0.0
0.8335269157856429,0.24085021466666665,0.3208045676666667,0.6638696983333333,7721.0,0.0
0.834002264542739,0.0530463235,0.395127717,0.6840691535000001,7721.0,0.0
0.833380947312143,0.0,0.428535767,0.690911689,7721.0,0.0
0.8042247865706298,0.0,0.45671736825,0.699417699,7721.0,0.0
0.6958214613890195,0.0,0.45465453266666667,0.7271762023333334,7721.0,0.0
0.7807868347741582,0.0,0.4179890335,0.727725826,7721.0,0.0
0.841598883945796,0.0136497665,0.40611895600000003,0.6977659789999999,7721.0,0.0
0.8434021016562644,0.169033831,0.389940106,0.677105425,7721.0,0.0
0.8404175153898288,0.305651064,0.358238488,0.642866083,7721.0,0.0
0.8372394108902849,0.38858023399999997,0.36507525933333335,0.621104221,7721.0,0.0
0.8362405836101741,0.1820916305,0.364123604,0.6102512445,7721.0,0.0
0.8393604198439846,0.0008856345,0.338491853,0.59299848,7721.0,0.0
0.8083441876214152,0.0,0.26470082675,0.55334526825,7721.0,0.0
0.6904934556580627,0.0,0.19434122566666667,0.5046440613333334,7721.0,0.0
0.6861158656377342,0.0,0.19365024275,0.5622425795,7721.0,0.0
0.8218641631913973,0.004342846666666666,0.241704866,0.5907040339999999,7721.0,0.0
0.8383921048184979,0.1943263525,0.235286478,0.6242563685,7721.0,0.0
0.835525086329764,0.38340217633333334,0.19996434733333335,0.611929529,7721.0,0.0
0.8344506634069739,0.274337487,0.19505849349999999,0.64447469,7721.0,0.0
0.8359726468677551,0.0416736465,0.20740208300000001,0.7112580835,7721.0,0.0
0.8376926937592541,0.0,0.20342772,0.702896522,7721.0,0.0
0.8102765020633435,0.0,0.16693519,0.6124386365,7721.0,0.0
0.7087703888661651,0.0,0.11765190249999999,0.461937741,7721.0,0.0
0.7445334805034339,0.0,0.08947471875,0.44607107475,7721.0,0.0
0.8429679679167021,0.006168947,0.075108173,0.358626958,7721.0,0.0
0.8444338106761786,0.1280985265,0.060438207,0.31032110749999997,7721.0,0.0
0.8407899963346368,0.27327745675,0.064298115,0.33666111575,7721.0,0.0
0.8405391773876028,0.0997866565,0.11085789400000001,0.414159089,7721.0,0.0
0.8410909113752497,0.0,0.149843288,0.47027772,7721.0,0.0
0.8186190091751827,0.0,0.1917700514,0.547256681,7721.0,0.0
0.6863829319377489,0.0,0.2709108936,0.6531410556,7721.0,0.0
0.7028971601349376,0.000923337,0.3509855354,0.7583214764,7721.0,0.0
0.7795428219944185,0.082844545,0.428590623,0.837084895,7721.0,0.0
0.78432337287499,0.193533651,0.469169617,0.8812712309999999,7721.0,0.0
0.7842752594426575,0.240101968,0.4568729465,0.9019745505,7721.0,0.0
0.7868527666859705,0.1720987405,0.3826602855,0.896179598,7721.0,0.0
0.795699660929662,0.0209391505,0.3562226685,0.884480309,7721.0,0.0
0.7924770292367599,0.0,0.34289930733333335,0.8621508003333332,7721.0,0.0
0.7600949448631117,0.0,0.310713385,0.8353046625,7721.0,0.0
0.6936655180238146,0.0,0.266867859,0.8040887125714287,7721.0,0.0
0.7045335973128478,0.002817825333333333,0.19982115333333336,0.7560357689999999,7721.0,0.0
0.7724981544257576,0.185708676,0.1811414335,0.7274358569999999,7721.0,0.0
0.7878807762469497,0.3489930275,0.1277631495,0.6036883515,7721.0,0.0
0.7862543132621579,0.30052758199999996,0.104365247,0.5713471113333334,7721.0,0.0
0.7957681561196056,0.0272343815,0.11424216549999999,0.5835203330000001,7721.0,0.0
0.7930211489131056,0.0,0.1399421764,0.5827163214000001,7721.0,0.0
0.721226056791928,0.0,0.16880856700000002,0.591448186,7721.0,0.0
0.727472792322147,0.0,0.189399035,0.6398512246666667,7721.0,0.0
0.83306409108474,0.02812482633333333,0.211032864,0.6847055066666666,7721.0,0.0
0.8523291690138375,0.2148722455,0.239123762,0.7096873825000001,7721.0,0.0
0.8484158705029521,0.264296988,0.287013744,0.7265804459999999,7721.0,0.0
0.8475471187887462,0.102452618,0.325415839,0.734109356,7721.0,0.0
0.8484346323492489,0.0071923905,0.357817873,0.7440163580000001,7721.0,0.0
0.8353004404003659,0.0,0.4003136624,0.7674763992,7721.0,0.0
0.7504931276035547,0.0,0.429423844,0.7842923975,7721.0,0.0
0.7040581033245856,0.0,0.46786211733333327,0.8389910556666668,7721.0,0.0
0.8172927730032035,0.0,0.5123379514999999,0.8893579985,7721.0,0.0
0.8414734502670844,0.0393731025,0.5394243734999999,0.9188847849999999,7721.0,0.0
0.8378564247784248,0.0448488675,0.5291886295,0.9300558455,7721.0,0.0
0.8342700403107757,0.032085999999999996,0.5522409633333333,0.932749962,7721.0,0.0
0.8298164356814361,0.005657296,0.5412554334999999,0.916216573,7721.0,0.0
0.8170839118123879,0.0,0.4999849942000001,0.8692139799999999,7721.0,0.0
0.7529108447482049,0.0,0.442766528,0.875369588,7721.0,0.0
0.6757181295952978,0.0,0.44226706479999994,0.8820061709999999,7721.0,0.0
0.7008008170089852,0.0,0.477827008,0.8880123799999999,7721.0,0.0
0.8194776673364553,0.006368176,0.48618428,0.8838681126666668,7721.0,0.0
0.8376089422124099,0.043509606,0.48029390699999996,0.8964926185,7721.0,0.0
0.8358207144049137,0.06521789850000001,0.5020874025000001,0.912290102,7721.0,0.0
0.8355055828468072,0.0493573255,0.509304369,0.917287358,7721.0,0.0
0.8355236678660158,0.019925659,0.508655926,0.905532795,7721.0,0.0
0.8345926831539549,0.0,0.489532224,0.8832579665,7721.0,0.0
0.8214352394395322,0.0,0.42663286875000006,0.78880713325,7721.0,0.0
0.7385432126516931,0.0,0.366163161,0.6453014705,10964.0,0.0
0.7179509223925173,0.0,0.34341875,0.6147249585,14207.0,0.0
0.7821336511469843,0.0,0.33102255049999996,0.6397278045,14207.0,0.0
0.8774854872119111,0.001083797,0.324167745,0.6416062570000001,14207.0,0.0
0.876204313161526,0.114898093,0.30131990500000005,0.615878599,14207.0,0.0
0.8702670548822473,0.28343933400000004,0.24494834333333335,0.5562026676666667,14207.0,0.0
0.8698414797451919,0.180972062,0.2374260075,0.5627975350000001,14207.0,0.0
0.8752098862414389,0.0099457785,0.27339937150000004,0.608277747,14207.0,0.0
0.8703212449991079,0.0,0.29721831200000004,0.6315618866666667,14207.0,0.0
0.8079843192227928,0.0,0.29434022366666673,0.5805260076666666,14207.0,0.0
0.7162609406155142,0.0,0.29479422475,0.5619326717500001,14207.0,0.0
0.720506476508487,0.0,0.323216293,0.5822952955,14207.0,0.0
0.8495738350630417,0.00035432733333333336,0.33394116133333335,0.6320527459999999,14207.0,0.0
0.8732183727817371,0.0321710765,0.332038441,0.710666424,14207.0,0.0
0.8691310919254862,0.0414629775,0.31839636125,0.7459022614999999,14207.0,0.0
0.8687556612923983,0.008235203,0.285983757,0.807888789,14207.0,0.0
0.8739997945817324,0.0,0.27604062,0.83590755,14207.0,0.0
0.8690477918809533,0.0,0.268504321,0.8284305853333334,14207.0,0.0
0.8078555813054611,0.0,0.27272023166666665,0.7841184653333334,14207.0,0.0
0.7115142021283911,0.0,0.2983982755,0.7534686585,14207.0,0.0
0.6946456214568788,0.0,0.31857441825,0.6959438097499999,14207.0,0.0
0.7376550023882924,0.0004778366666666667,0.351248305,0.6881136520000001,14207.0,0.0
0.7956747335152642,0.055560887,0.338197285,0.66737025,14207.0,0.0
0.7989382576865651,0.1996992265,0.30374762050000004,0.617511676,14207.0,0.0
0.7964354350785077,0.286128319,0.27153206350000003,0.5390378115000001,14207.0,0.0
0.7964524320447108,0.1362803585,0.2699812855,0.4960345415,14207.0,0.0
0.8064789538414865,0.025479468,0.265489677,0.488191129,14207.0,0.0
0.8286639834771832,0.0,0.27863549,0.51889722,14207.0,0.0
0.8048660142266332,0.0,0.2952749128,0.5017853832,14207.0,0.0
0.7240830044110789,0.0,0.28113785900000005,0.47928441966666674,14207.0,0.0
0.7301498630735309,0.00023780083333333334,0.2947451065,0.5455067115,14207.0,0.0
0.7990480969228155,0.039766421,0.327606147,0.592820418,14207.0,0.0
0.8098496334243157,0.084642998,0.3102101355,0.636955114,14207.0,0.0
0.8050359832195785,0.11272386449999999,0.3186622385,0.6587903865,14207.0,0.0
0.8058369645877372,0.08424021500000001,0.3268363795,0.6835414815,14207.0,0.0
0.8207149023993843,0.0055968555,0.3306772785,0.7129527325,14207.0,0.0
0.8293770309164167,0.0,0.327391973,0.73656926,14207.0,0.0
0.80275437017736,0.0,0.31039922233333334,0.7186831806666666,14207.0,0.0
0.7261065153291433,0.0,0.25711412157142854,0.5956648734285714,14207.0,0.0
0.8510434979794413,0.0,0.23080720233333332,0.561346954,14207.0,0.0
0.874357237016389,0.037667726000000006,0.19813554300000003,0.5089298,14207.0,0.0
0.8723489121636409,0.10004761466666667,0.149048654,0.419192794,14207.0,0.0
0.8721574250677643,0.03932988366666667,0.17683976833333334,0.40173944933333333,14207.0,0.0
0.8773003832029012,0.0,0.193832746,0.4662700655,14207.0,0.0
0.846884675358593,0.0,0.16721265075,0.47295912075,14207.0,0.0
0.7386493808979907,0.0,0.154616758,0.488246083,14207.0,0.0
0.714498861108805,0.0,0.14735804575,0.599439946,14207.0,0.0
0.849911242353223,0.0,0.13417409866666666,0.6533018756666668,14207.0,0.0
0.8739707814092408,0.049666694,0.1199275535,0.639523552,14207.0,0.0
0.8692940879332669,0.11254613,0.0841696006,0.4896082586,14207.0,0.0
0.8747987694770308,0.0092293705,0.0921601675,0.46099925399999997,14207.0,0.0
0.8528693364607987,0.0,0.0847815074,0.3527083842,14207.0,0.0
0.7554544064695,0.0,0.06601274400000001,0.24276266,14207.0,0.0
0.7133114117357156,0.0,0.05174780699999999,0.1918943605,14207.0,0.0
0.7736437642348213,0.0,0.04336368,0.194248512,14207.0,0.0
0.8746491097441877,0.0,0.049498372,0.22540864300000002,14207.0,0.0
0.8751788421941026,0.043371683999999994,0.048203222000000004,0.2385597645,14207.0,0.0
0.8715758397125754,0.11869172766666668,0.039838046,0.2316222686666667,14207.0,0.0
0.871550050225916,0.04902924533333333,0.057361791999999995,0.243647484,14207.0,0.0
0.8770692446532122,0.0,0.095300297,0.3057098925,14207.0,0.0
0.847574995793029,0.0,0.10644229975000001,0.2548361995,14207.0,0.0
0.7527468718738808,0.0,0.1078535165,0.181394883,14207.0,0.0
0.7190452030993372,0.0,0.11571337720000001,0.1397563496,14207.0,0.0
0.8546773672659332,0.0,0.11189034633333333,0.10442172433333334,14207.0,0.0
0.8777088403477815,0.013025008000000001,0.104423387,0.07450689699999999,14207.0,0.0
0.87234877023855,0.0351601014,0.09020209380000001,0.0515373008,14207.0,0.0
0.8748680626512279,0.001545435,0.092819802,0.051548059,14207.0,0.0
0.870550255787578,0.0,0.08779225133333333,0.041407591333333334,14207.0,0.0
0.7920879784916719,0.0,0.0794009495,0.03046311525,14207.0,0.0
0.7194934182796013,0.0,0.06821360060000001,0.0425122146,14207.0,0.0
0.8532151350162219,0.0,0.04229238133333333,0.06097442533333333,14207.0,0.0
0.8764934780561984,0.0241176195,0.033180513,0.0689591145,14207.0,0.0
0.8719598050053627,0.063192887,0.0242115585,0.09542557425,14207.0,0.0
0.8716064003119914,0.014407128,0.0304847455,0.1341992125,14207.0,0.0
0.8772241750179319,0.0,0.0415836205,0.1729259745,14207.0,0.0
0.8484035155879344,0.0,0.0679919695,0.25502476625000003,14207.0,0.0
0.7244013032418276,0.0,0.1480976015,0.37633925575000005,14207.0,0.0
0.6920335560836616,0.0,0.23218154933333332,0.505067596,14207.0,0.0
0.7172747217531927,0.0,0.28278653200000003,0.5819487685,14207.0,0.0
0.7876530712270409,0.006705402,0.34015354833333333,0.6400449463333334,14207.0,0.0
0.8041007914479458,0.0344841088,0.4090156522,0.6793394645999999,14207.0,0.0
0.8118835301793608,0.0007864115,0.4732337265,0.77439843,14207.0,0.0
0.8013833293772008,0.0,0.49075660879999994,0.8089102186,14207.0,0.0
0.7224353295420235,0.0,0.4800648373333334,0.7967315973333333,14207.0,0.0
0.7067053217807021,0.0,0.5617850420000001,0.8605893117142858,14207.0,0.0
0.7893743750831324,0.00545785,0.55802799,0.87886855,14207.0,0.0
0.7968107288112144,0.015130404333333333,0.5284540510000001,0.8486409383333333,14207.0,0.0
0.7968399514996702,0.009108398,0.5487878205000001,0.8551590525,14207.0,0.0
0.8044610144100279,0.0009041425,0.5675656095,0.872150545,14207.0,0.0
0.7972863484959357,0.0,0.5332717516000001,0.8795916882,14207.0,0.0
0.7241596476335795,0.0,0.48951343475,0.8772731455,14207.0,0.0
0.7152006658912207,0.0,0.4923092233333333,0.851681401,14207.0,0.0
0.8498182873223922,0.0,0.47308859966666666,0.7874277423333332,14207.0,0.0
0.8741311276370035,0.018664535,0.466810165,0.7215341945,14207.0,0.0
0.8703928994588923,0.04377684725,0.451476041,0.63912490975,14207.0,0.0
0.8713724088947999,0.010720697999999999,0.4178329805,0.6140556100000001,14207.0,0.0
0.8719674692948145,0.0,0.32861372875,0.6411374155,14207.0,0.0
0.7878548942033008,0.0,0.21980212575000002,0.6228980785,14207.0,0.0
0.7109473570150098,0.0,0.18288926149999998,0.52983040075,14207.0,0.0
0.7732283194635858,0.0,0.1654572805,0.47060035499999997,14207.0,0.0
0.8754284683301491,0.0021594,0.16070253633333334,0.470764725,14207.0,0.0
0.8736191415303662,0.040229638,0.180984857,0.47609500250000003,14207.0,0.0
0.872526053778847,0.04833839333333334,0.172103539,0.4653723656666666,14207.0,0.0
0.8722523304862486,0.0061670100000000005,0.16088666899999998,0.48022408299999997,14207.0,0.0
0.875578402257335,0.0,0.160413786,0.51916012,14207.0,0.0
0.8695944324134985,0.0,0.147364649,0.538944597,14207.0,0.0
0.7908770043263218,0.0,0.11039684225,0.45587077000000004,14207.0,0.0
0.7129103891277306,0.0,0.09031141649999999,0.354238626,14207.0,0.0
0.7734767450482302,0.0,0.081040187,0.3276843065,14207.0,0.0
0.8751161575627426,0.0028658433333333335,0.072835106,0.29751377733333334,14207.0,0.0
0.8724706064350073,0.054494722,0.077099469,0.275855534,14207.0,0.0
0.8726583217515511,0.09548128250000001,0.0754706235,0.19271631374999998,14207.0,0.0
0.8723814392219102,0.007025877999999999,0.09950328850000001,0.187490378,14207.0,0.0
0.8774882436522163,0.0,0.137204973,0.244744084,14207.0,0.0
0.8717259346141432,0.0,0.19434259066666668,0.33113367666666665,14207.0,0.0
0.8277154940802078,0.0,0.273673621,0.437303883,14207.0,0.0
0.7532115663440528,0.0,0.3283063625,0.527985014,14207.0,0.0
0.7124583636169342,0.0,0.37054516875,0.5779841394999999,14207.0,0.0
0.7728685318801378,0.0,0.340429458,0.6004516305,14207.0,0.0
0.8731427773358479,0.0012822373333333332,0.3075677586666667,0.6365176146666668,14207.0,0.0
0.872476795880319,0.031193941000000003,0.28482036099999997,0.6824128945,14207.0,0.0
0.8697586471101778,0.05623295125,0.27866831400000003,0.676832637,14207.0,0.0
0.8747716903586065,0.001285587,0.3000987895,0.632524726,14207.0,0.0
0.8691415689700382,0.0,0.31859351566666666,0.62966436,14207.0,0.0
0.8270428232666671,0.0,0.31663397449999997,0.6548017925,14207.0,0.0
0.7538884923520479,0.0,0.315262877,0.651615533,14207.0,0.0
0.7203616958343844,0.0,0.3291948258,0.6854950334,14207.0,0.0
0.8569145095935804,0.0,0.3362068626666667,0.7275635673333333,14207.0,0.0
0.8771232574621044,0.0522082145,0.3548836365,0.7288852125,14207.0,0.0
0.8721489951660468,0.13543595649999998,0.4262417005,0.65958350675,14207.0,0.0
0.873274610107029,0.029594318499999998,0.47280310849999996,0.625065247,14207.0,0.0
0.8816854845738991,0.0,0.472335441,0.632078562,14207.0,0.0
0.8765210728305384,0.0,0.4803109266666667,0.6566026429999999,14207.0,0.0
0.8192983657520342,0.0,0.47122390266666664,0.656100282,14207.0,0.0
0.7211592611805306,0.0,0.47170050575,0.56424870475,14207.0,0.0
0.7158353292362639,0.0,0.4726254496666667,0.48266364700000003,14207.0,0.0
0.77265833141395,0.0009850043333333332,0.454186158,0.434026402,14207.0,0.0
0.8134672632556739,0.06342835150000001,0.4328428895,0.4100652,14207.0,0.0
0.8125287835921267,0.115423891,0.43813747599999997,0.406450895,14207.0,0.0
0.8128899008869434,0.048910552,0.46846683,0.43753491349999996,14207.0,0.0
0.8276963454099782,0.0009140995,0.4687131615,0.46238090649999997,14207.0,0.0
0.8380022642887482,0.0,0.4235097353333333,0.496096543,14207.0,0.0
0.7823855460444268,0.0,0.31577966875,0.52849950825,14207.0,0.0
0.7250966366113759,0.0,0.23188589883333333,0.6740202774999999,14207.0,0.0
0.7749412821703388,0.002181156,0.20384207666666668,0.786338404,14207.0,0.0
0.8145885263782146,0.049769473,0.176855792,0.774354483,14207.0,0.0
0.8150279472144336,0.11438064466666666,0.15891854366666666,0.7119399696666667,14207.0,0.0
0.8159894763891146,0.0368831695,0.161580607,0.689420497,14207.0,0.0
0.8280520470385422,0.0,0.1662140225,0.6941411534999999,14207.0,0.0
0.8226158173121622,0.0,0.15323612820000002,0.6515217579999999,14207.0,0.0
0.7540118830533173,0.0,0.1347793295,0.5645367935000001,14207.0,0.0
0.7751974202908318,0.0,0.14736139025,0.57348930325,14207.0,0.0
0.8857058415443416,0.0017185243333333333,0.16690242866666669,0.6036962403333334,14207.0,0.0
0.8865548639916365,0.035125121,0.172546271,0.599268581,14207.0,0.0
0.8840802811705919,0.14932467100000002,0.1733797895,0.5956316454999999,14207.0,0.0
0.8821862198569251,0.08645145366666666,0.18236887966666668,0.6032842706666667,14207.0,0.0
0.889795782085717,0.000714112,0.2090154565,0.615032019,14207.0,0.0
0.8865578621559019,0.0,0.2572977636666667,0.632646006,14207.0,0.0
0.8415521242332364,0.0,0.3132047455,0.6223098965,14207.0,0.0
0.7715922740424827,0.0,0.35616535433333335,0.597762316,14207.0,0.0
0.7511442196831042,0.0,0.37424179825,0.53262691425,14207.0,0.0
0.8737062457918162,0.0,0.3718562273333334,0.529917394,14207.0,0.0
0.8872929594776595,0.0293404845,0.323435439,0.538373996,14207.0,0.0
0.8850500791414149,0.15183512933333335,0.23855079733333331,0.5154015856666666,14207.0,0.0
0.8851299781921471,0.07193252850000001,0.209103896,0.523737637,14207.0,0.0
0.8928375406276757,0.0,0.20827973,0.5747669256666667,14207.0,0.0
0.8848627184080097,0.0,0.187860524,0.596607217,14207.0,0.0
0.8280569631200785,0.0,0.16899713800000002,0.5558352906666667,14207.0,0.0
0.7500930066882576,0.0,0.1542281338,0.49868918300000004,14207.0,0.0
0.8103618129757177,0.0,0.18892307400000002,0.49509249899999996,14207.0,0.0
0.8861259846815578,0.001380386,0.21605310366666666,0.529659092,14207.0,0.0
0.8862188915643867,0.0591332,0.25136497950000003,0.5565701915000001,14207.0,0.0
0.8847688122901514,0.08397682425,0.25601024424999996,0.47601205725000006,14207.0,0.0
0.889864156643269,0.0,0.26606626099999997,0.418588736,14207.0,0.0
0.8689410168779975,0.0,0.28677868500000003,0.3779887474,14207.0,0.0
0.7820137299553032,0.0,0.305671539,0.304333736,14207.0,0.0
0.7697059090622714,0.0,0.31078265099999997,0.33728891433333336,14207.0,0.0
0.8883600967025406,0.0010562096666666668,0.27007800733333337,0.30591423766666664,14207.0,0.0
0.8914340116812292,0.049698896,0.235151729,0.276432894,14207.0,0.0
0.8895934151157529,0.16073157766666668,0.19762786633333332,0.205980207,14207.0,0.0
0.8919392601506594,0.04183067733333334,0.159890899,0.12406528099999999,14207.0,0.0
0.9020823021453154,0.0,0.13411180066666667,0.081578779,14207.0,0.0
0.8638476617982768,0.0,0.152079846,0.08394408266666666,14207.0,0.0
0.7923020956731734,0.0,0.2044098935,0.116165061,14207.0,0.0
0.7583103919944916,0.0,0.2669730556,0.17196017339999997,14207.0,0.0
0.8749779258958824,0.0,0.3421256935,0.215255528,14207.0,0.0
0.8941174413798821,0.011294657333333333,0.384051148,0.26141300933333333,14207.0,0.0
0.8980521610942052,0.0867235705,0.41434857075,0.33943045075,14207.0,0.0
0.8980890563045028,0.004987221,0.4289334725,0.339146707,14207.0,0.0
0.9003816298391935,0.0,0.43874258174999997,0.33559965950000004,14207.0,0.0
0.8549322320226509,0.0,0.44113528700000004,0.3484237445,14207.0,0.0
0.7761305166929122,0.0,0.46837456633333335,0.33662635466666674,14207.0,0.0
0.742414792657323,0.0,0.48880291249999996,0.34581649225,14207.0,0.0
0.7915552721482828,0.00037978775,0.46462152149999997,0.4065208655,14207.0,0.0
0.8398475995621958,0.02046973,0.414234299,0.426496964,14207.0,0.0
0.8396728112953723,0.09814899399999999,0.37683580099999997,0.449128081,14207.0,0.0
0.8420960570638488,0.03087000333333333,0.36630539933333334,0.4463102593333333,14207.0,0.0
0.8587905024184151,0.0,0.364082591,0.487929557,14207.0,0.0
0.8431229755412536,0.0,0.3712215764,0.5035448376,14207.0,0.0
0.764455465498444,0.0,0.3863966433333333,0.5164886986666667,14207.0,0.0
0.7397749432631917,0.0,0.380295902,0.539783297,14207.0,0.0
0.7910814144377197,0.000560138,0.34260315650000006,0.5991379972499999,14207.0,0.0
0.8395151567639396,0.059073904999999996,0.293752318,0.5322150265,14207.0,0.0
0.8367119189623725,0.08843477533333333,0.25827697499999996,0.447273528,14207.0,0.0
0.8517811098863506,0.010066995666666667,0.296084166,0.49086210066666663,14207.0,0.0
0.8573342821092569,0.0,0.32558680325,0.43232940925,14207.0,0.0
0.8045531071062104,0.0,0.3415258045,0.3580067535,14207.0,0.0
0.7634212582269647,0.0,0.36101241266666667,0.35187158300000004,14207.0,0.0
0.7635853277252759,0.0,0.3911879676666667,0.447183726,14207.0,0.0
0.8873932967975878,0.0009634565,0.4067107645,0.48243267074999996,14207.0,0.0
0.9005806118865562,0.09850132649999999,0.396051557,0.498099399,14207.0,0.0
0.8982986524279921,0.12074003475,0.36085578225000003,0.518240137,14207.0,0.0
0.9056791959967058,0.0,0.356138434,0.5691421210000001,14207.0,0.0
0.9030116913480467,0.0,0.3474204653333333,0.5663353619999999,14207.0,0.0
0.8462921373169429,0.0,0.377819164,0.546157494,14207.0,0.0
0.7644815370510539,0.0,0.3500517646666667,0.5431187831666667,14207.0,0.0
0.8804310509660074,0.0,0.28109517549999996,0.5549624545,14207.0,0.0
0.8972222389723479,0.001820027,0.226641558,0.5230294225000001,14207.0,0.0
0.9014676417367519,0.065254093,0.175452052,0.495391045,14207.0,0.0
0.9016139650885758,0.1526063765,0.1270284645,0.4539115545,14207.0,0.0
0.9008432457235059,0.10564726566666667,0.089152067,0.3790069946666667,14207.0,0.0
0.9058733909257086,0.0,0.08952552350000001,0.33876033800000005,14207.0,0.0
0.9044110294504338,0.0,0.101631487,0.26314659833333337,14207.0,0.0
0.8301756672341792,0.0,0.153058307,0.24169005124999998,14207.0,0.0
0.7630538158459121,0.0,0.19161983659999998,0.305751096,14207.0,0.0
0.8580979575659744,0.0,0.210887413,0.350005256,14207.0,0.0
0.8979655568110521,0.0009877646666666667,0.229327562,0.39686521166666666,14207.0,0.0
0.9011460306645815,0.08333498,0.2363350465,0.45295431350000004,14207.0,0.0
0.8983218628479113,0.10211947925,0.23579565375,0.55677019875,14207.0,0.0
0.9041559068329599,0.0,0.3022832475,0.7102245684999999,14207.0,0.0
0.8994138306008163,0.0,0.36572188,0.8188602883333332,14207.0,0.0
0.8501109174300668,0.0,0.44176975399999996,0.8909161375000001,14207.0,0.0
0.7681841595522375,0.0,0.5350026925,0.92222089625,14207.0,0.0
0.754863238612403,0.0,0.6590550203333334,0.9350647773333334,14207.0,0.0
0.8775271452369791,0.0,0.7430306385,0.906893595,14207.0,0.0
0.8896852902931696,0.003569429,0.754940076,0.878337161,14207.0,0.0
0.8887656689359147,0.01473154225,0.66221525275,0.87558296475,14207.0,0.0
0.8896062292406979,0.000754414,0.610207344,0.91919772,14207.0,0.0
0.8900565864625898,0.0,0.57186650725,0.934175379,14207.0,0.0
0.8407207515708286,0.0,0.5771359665,0.936674495,14207.0,0.0
0.7700832175330268,0.0,0.5487628696666668,0.934417564,14207.0,0.0
0.7688620816925364,0.0,0.6462896172,0.9362770762,14207.0,0.0
0.8860514531490766,0.0,0.6065658736666667,0.9345128183333333,14207.0,0.0
0.8862372180451685,0.006918256499999999,0.5431880499999999,0.9320281295,14207.0,0.0
0.8851320574773806,0.020919735,0.5753789453333334,0.9294025746666668,14207.0,0.0
0.8865041554869614,0.0009540186666666667,0.6256922656666667,0.928780362,14207.0,0.0
0.8828279912639253,0.0,0.6531214536666666,0.9286376106666667,14207.0,0.0
0.8232616960717003,0.0,0.6444129073333333,0.9226614080000001,14207.0,0.0
0.7673249823699367,0.0,0.6615501961666667,0.914264853,13491.166666666666,0.0
0.7906948135994054,0.0,0.6489110485,0.89988507575,13348.0,0.0
0.8345613486442862,0.0063249195,0.6377402649999999,0.8743320555,13348.0,0.0
0.8345150485352345,0.012596097,0.6035246415,0.84529249675,13348.0,0.0
0.8460278919650606,0.0,0.565751194,0.7952329035,13348.0,0.0
0.8416304019426455,0.0,0.4755677992,0.7314420222,13348.0,0.0
0.7670211337122436,0.0,0.36885400900000004,0.6658501615,13348.0,0.0
0.7592526274514476,0.0,0.3318996456666667,0.640304221,13348.0,0.0
0.8164554120150663,0.0011390986666666666,0.3369558623333333,0.6896554336666667,13348.0,0.0
0.830719833753152,0.013552280500000001,0.3743088335,0.7474061757499999,13348.0,0.0
0.8377751232695475,0.00035908500000000004,0.45524909566666666,0.833461063,13348.0,0.0
0.8366088190032477,0.0,0.5033393563999999,0.8616387904,13348.0,0.0
0.7731126938739461,0.0,0.4854523786666667,0.8088133123333333,13348.0,0.0
0.755042733575992,0.0,0.431617198,0.80745269675,13348.0,0.0
0.8659757628083302,0.0,0.38158751700000004,0.8113240175,13348.0,0.0
0.888659932020933,0.001278802,0.3682161526666667,0.8163573136666665,13348.0,0.0
0.8834384417528994,0.0067935554,0.371393674,0.8399624164,13348.0,0.0
0.8867178698389271,0.0,0.419121847,0.8934101945,13348.0,0.0
0.8710032161567705,0.0,0.44096334499999995,0.9039376612,13348.0,0.0
0.7760390444106279,0.0,0.40715887933333333,0.8842183313333334,13348.0,0.0
0.7547884692261689,0.0,0.38992715225,0.8840964437500001,13348.0,0.0
0.870896447595414,0.0,0.3891137665,0.8829438885,13348.0,0.0
0.892999756559111,0.0,0.387717246,0.8724173694999999,13348.0,0.0
0.8869082446766037,0.03240105,0.39045624,0.8364082315000001,13348.0,0.0
0.8876317852643871,0.0372967865,0.43197526025,0.7939650364999999,13348.0,0.0
0.8947567466777159,0.0,0.478325169,0.7781092435,13348.0,0.0
0.8963153833624476,0.0,0.5061362596666666,0.7602234729999999,13348.0,0.0
0.8655471413590078,0.0,0.5341139585000001,0.739698427,13348.0,0.0
0.8090139167494775,0.0,0.5337695989999999,0.7426061389999999,13348.0,0.0
0.796825976935725,0.0,0.54065640275,0.8022510815,13348.0,0.0
0.900569393467731,0.0,0.525801211,0.7895352455,13348.0,0.0
0.9039461414699002,0.00051297,0.4932710455,0.7373833439999999,13348.0,0.0
0.9006693601989181,0.10882427433333335,0.4104465766666667,0.6485577306666667,13348.0,0.0
0.8959669672350022,0.08552982599999999,0.3967840683333333,0.641543556,13348.0,0.0
0.9034599773859016,0.0,0.4415730995,0.6791952560000001,13348.0,0.0
0.9008542385551674,0.0,0.46058077366666667,0.6684634153333334,13348.0,0.0
0.857341906155113,0.0,0.4697025236666667,0.6764483726666667,13348.0,0.0
0.7934054068066791,0.0,0.421323208,0.6624709322500001,13348.0,0.0
0.800335097537387,0.0,0.39838150699999997,0.6546786485,13348.0,0.0
0.895093638115191,0.0,0.37077337050000003,0.6407703925,13348.0,0.0
0.8998972547748861,0.0,0.3461535675,0.583626831,13348.0,0.0
0.8998086194856947,0.036032932,0.30217092349999997,0.5261196805,13348.0,0.0
0.897604947103753,0.04908030075,0.23522236975,0.44199862375000004,13348.0,0.0
0.902717384850271,0.0,0.20539125600000002,0.441221245,13348.0,0.0
0.89138945218148,0.0,0.18993535,0.50884254325,13348.0,0.0
0.8364478827984709,0.0,0.179878631,0.5585434739999999,13348.0,0.0
0.763539631991721,0.0,0.1734604426666667,0.5756420766666667,13348.0,0.0
0.7602627537687682,0.0,0.14631945033333335,0.555652726,13348.0,0.0
0.8726201209366842,0.0,0.120026312,0.502590266,13348.0,0.0
0.8939397353703877,0.0,0.1013792555,0.44709509950000004,13348.0,0.0
0.8884981671982286,0.004805936,0.079930344,0.3685584675,13348.0,0.0
0.8874640890211192,0.0181947335,0.0653114385,0.2850995475,13348.0,0.0
0.8881573590454399,0.005394907,0.0597757245,0.305192016,13348.0,0.0
0.8926302253025828,0.0,0.076665017,0.3730693085,13348.0,0.0
0.8880434985326842,0.0,0.120757962,0.5127996176666666,13348.0,0.0
0.839575536588499,0.0,0.16033056433333334,0.6251989729999999,13348.0,0.0
0.7439501765466462,0.0,0.22477228725,0.690989622625,13348.0,0.0
0.8119178141805192,0.002311049,0.27343802133333334,0.7799771196666666,13348.0,0.0
0.830170009614378,0.0102431165,0.2858493895,0.7721160165000001,13348.0,0.0
0.8290893650710787,0.00398353575,0.3212582455,0.79676880625,13348.0,0.0
0.8417595686526994,0.0,0.349618633,0.849411522,13348.0,0.0
0.8418244291276834,0.0,0.3731347613333333,0.859272142,13348.0,0.0
0.7986360370413829,0.0,0.39756250925000003,0.84264965625,13348.0,0.0
0.740556014481449,0.0,0.398688595,0.8185562565,13348.0,0.0
0.7444281918437252,0.0,0.34545538100000006,0.7650090724,13348.0,0.0
0.8136015622672147,0.001967126333333333,0.26148741433333333,0.7182409023333333,13348.0,0.0
0.8303996006059489,0.0262302225,0.2394554815,0.682360109,13348.0,0.0
0.8312984130724677,0.02721612733333333,0.22881917933333332,0.6183849370000001,13348.0,0.0
0.8493362654096775,0.0,0.241744457,0.599312116,13348.0,0.0
0.8471779358115107,0.0,0.28435058360000004,0.5850515128,13348.0,0.0
0.8009814227351687,0.0,0.332214508,0.6513583406666666,13348.0,0.0
0.7948486557883225,0.0,0.336873552,0.66028498525,13348.0,0.0
0.8987361953609471,0.0,0.33157561700000004,0.6074058105,13348.0,0.0
0.9002833236892951,0.0,0.3262265155,0.55096661,13348.0,0.0
0.8995265144393806,0.0348020115,0.3241598895,0.5248739485,13348.0,0.0
0.8965586429420039,0.036806315666666665,0.33123933600000005,0.528999872,13348.0,0.0
0.8972544436882728,0.004814852,0.3412056565,0.5641098665,13348.0,0.0
0.9035322200515883,0.0,0.341849525,0.562549821,13348.0,0.0
0.897449347783553,0.0,0.34128701533333333,0.5756198636666667,13348.0,0.0
0.8525253625440925,0.0,0.336376064,0.6381619693333334,13348.0,0.0
0.7938369900796771,0.0,0.33225282733333333,0.7676562843333334,13348.0,0.0
0.893268322046213,0.0,0.305660143,0.7776726654999999,13348.0,0.0
0.8971613111526835,0.0,0.2767702925,0.78109158,13348.0,0.0
0.8963642707050326,0.012846225499999999,0.259783763,0.749237495,13348.0,0.0
0.895579584942811,0.02936634475,0.240525187,0.75407467075,13348.0,0.0
0.9005640746222559,0.0,0.22631978,0.7344343680000001,13348.0,0.0
0.8983156493285985,0.0,0.19814463566666665,0.7083710096666666,13348.0,0.0
0.8549985433005723,0.0,0.1828599293333333,0.6642703553333332,13348.0,0.0
0.7971914624153681,0.0,0.156974221,0.6232719638333334,13348.0,0.0
0.8995460017855412,0.0,0.126680094,0.571470046,13348.0,0.0
0.9013649350956362,0.0032896363333333335,0.10743340433333333,0.5059815550000001,13348.0,0.0
0.899158772497729,0.04616619075,0.0827395845,0.37538230524999994,13348.0,0.0
0.9023776403485033,0.0048470825,0.08262489049999999,0.36869110250000003,13348.0,0.0
0.9083078872882078,0.0,0.088160132,0.37352099499999997,13348.0,0.0
0.8779660421848923,0.0,0.093336315,0.358014504,13348.0,0.0
0.8170954591463503,0.0,0.10449462933333332,0.3004299356666667,13348.0,0.0
0.7989467560712716,0.0,0.12447455025000001,0.3975742065,13348.0,0.0
0.9035097590087436,0.0,0.12957359425,0.4780882065,13348.0,0.0
0.9058462149865069,0.021713572,0.1269365995,0.5087077795,13348.0,0.0
0.9033172968174353,0.053590917999999994,0.12353503,0.48724142666666664,13348.0,0.0
0.9059912810457549,0.006716292,0.1302397355,0.503347648,13348.0,0.0
0.9109056312547558,0.0,0.13427018075000002,0.5152801714999999,13348.0,0.0
0.8802800855301995,0.0,0.13242156,0.514184281,13348.0,0.0
0.8183656885786724,0.0,0.137004232,0.469521255,13348.0,0.0
0.798681442542194,0.0,0.12605280775,0.41325243850000004,13348.0,0.0
0.902340334240272,0.0,0.09500895000000001,0.38351790924999996,13348.0,0.0
0.9059604302463932,0.021685455,0.0812741645,0.344939295,13348.0,0.0
0.9050856182468423,0.05675467033333334,0.07201092399999999,0.24558362000000003,13348.0,0.0
0.9069505535616371,0.003471102,0.062018245,0.24836022600000002,13348.0,0.0
0.9122327185246629,0.0,0.053241856500000004,0.26404585275000003,13348.0,0.0
0.8837188251998442,0.0,0.0548732335,0.25551715750000004,13348.0,0.0
0.8156346773715927,0.0,0.06163979033333333,0.22408533500000002,13348.0,0.0
0.7853383411888969,0.0,0.06253983939999999,0.24995206559999997,13348.0,0.0
0.822831656093033,0.0,0.076931525,0.27405821933333335,13348.0,0.0
0.8534116508888216,0.006310818,0.08371723,0.288814451,13348.0,0.0
0.8537560857865669,0.039906816500000004,0.08864981775,0.30147231625,13348.0,0.0
0.8625189545842568,0.0028055833333333335,0.10749986500000001,0.325571395,13348.0,0.0
0.8602885691398979,0.0,0.146858508,0.3991852548,13348.0,0.0
0.7999960221878896,0.0,0.21175325666666667,0.4280414193333333,13348.0,0.0
0.7786377193260066,0.0,0.2532241555,0.52718001975,13348.0,0.0
0.8076003135880145,0.0,0.3029423325,0.545342314,13348.0,0.0
0.8478741943311385,0.0089943835,0.31694032650000004,0.536487756,13348.0,0.0
0.8480071229613361,0.0252577155,0.31310208149999996,0.554411918,13348.0,0.0
0.8512351784544858,0.0108992845,0.31588355300000004,0.5644536325,13348.0,0.0
0.8647138342489522,0.0,0.31522945,0.5401494410000001,13348.0,0.0
0.8700805001358968,0.0,0.29629837800000003,0.491348037,13348.0,0.0
0.8488096276824186,0.0,0.26324625,0.43755415799999997,13348.0,0.0
0.8103477656977943,0.0,0.22468735000000004,0.3843381196666667,13348.0,0.0
0.8001415916692629,0.0,0.16204791825,0.31931475725,13348.0,0.0
0.9032689738035419,0.0,0.1125467955,0.2849847995,13348.0,0.0
0.9071989387386944,0.003906735333333334,0.089456989,0.25317658400000004,13348.0,0.0
0.9081619025139197,0.028933519499999998,0.0682263875,0.2214277315,13348.0,0.0
0.9070019553581805,0.030308485500000003,0.044236279,0.16265993750000002,13348.0,0.0
0.9125076426966471,0.0032453,0.04025636266666666,0.140213362,13348.0,0.0
0.9131783629913407,0.0,0.043553072,0.14942686066666666,13348.0,0.0
0.8740813217433704,0.0,0.046334911666666666,0.15692780466666667,13348.0,0.0
0.8035150233302145,0.0,0.059706695833333344,0.16590556916666666,13348.0,0.0
0.9045367049187021,0.0,0.072931508,0.1738977105,13348.0,0.0
0.9073301911755809,0.0,0.0797017155,0.1732048935,13348.0,0.0
0.9086621382778262,0.023956016,0.08408346950000001,0.20332601649999998,13348.0,0.0
0.905121852504461,0.0319217835,0.08703706224999999,0.24244708,13348.0,0.0
0.9096356273112023,0.0,0.115944639,0.23650514150000002,13348.0,0.0
0.9103415182780902,0.0,0.131700168,0.251241863,13348.0,0.0
0.8788373888402473,0.0,0.15155500033333333,0.2748410273333334,13348.0,0.0
0.8235323728552413,0.0,0.1825788045,0.3416308185,13348.0,0.0
0.7965184081233281,0.0,0.2075869822,0.40122758240000006,13348.0,0.0
0.8989070830492534,0.0,0.246273014,0.43370742549999997,13348.0,0.0
0.8995204057436469,0.001089062,0.280387538,0.4921193913333333,13348.0,0.0
0.8989324211647948,0.013721077500000001,0.311154426,0.593578411,13348.0,0.0
0.8986353019119188,0.0066499765,0.35548810425,0.649903582,13348.0,0.0
0.8998806931086013,0.0,0.38836867675,0.695979423,13348.0,0.0
0.8669740098197434,0.0,0.393414403,0.7011545645,13348.0,0.0
0.8095028855529768,0.0,0.4039435843333334,0.706271718,13348.0,0.0
0.7932378193883909,0.0,0.41765054274999996,0.66810757425,13348.0,0.0
0.8976369824817124,0.0,0.4144186795,0.61379018075,13348.0,0.0
0.8997730783887506,0.0029462585,0.4045900945,0.6137317579999999,13348.0,0.0
0.899744432623559,0.0046317902,0.3928299696,0.5968438253999999,13348.0,0.0
0.9026722934266163,0.0,0.37039557125,0.606691567,13348.0,0.0
0.8455033939376259,0.0,0.3535055135,0.5738949407499999,13348.0,0.0
0.7960631815444524,0.0,0.32889729139999996,0.5402744496,13348.0,0.0
0.8989022475205048,0.0,0.29792612500000004,0.484103065,13348.0,0.0
0.901615963689828,0.0008290573333333334,0.298932995,0.5013650103333334,13348.0,0.0
0.9015040855759314,0.0082397365,0.28328688316666667,0.5018933593333333,13348.0,0.0
0.9050813791563859,0.0,0.2544028725,0.54678106175,13348.0,0.0
0.8748811185001331,0.0,0.2320302705,0.5644313830000001,13348.0,0.0
0.8087319890767287,0.0,0.1954294196666667,0.524467021,13348.0,0.0
0.7868803050471204,0.0,0.18008146866666666,0.5712036246666666,13348.0,0.0
0.8414832985669535,0.001234541,0.130154792,0.45229342499999997,13348.0,0.0
0.8578281831966854,0.027010895,0.096352564,0.395608375,13348.0,0.0
0.859228633622869,0.02843572933333333,0.082934488,0.3593492596666667,13348.0,0.0
0.8737633373833582,0.0,0.0779993025,0.339532846,13348.0,0.0
0.8698901543444533,0.0,0.06704920739999999,0.27253945420000003,13348.0,0.0
0.8115832599546305,0.0,0.06969148333333332,0.25349674566666663,13348.0,0.0
0.7950447768669863,0.0,0.07064068716666666,0.22059756616666668,13348.0,0.0
0.8448872867275258,0.0011640306666666667,0.08474936033333334,0.18661266633333332,13348.0,0.0
0.8605520862106151,0.0264684065,0.10861348600000001,0.222322368,13348.0,0.0
0.8623918366438362,0.017123563,0.12265065175,0.2553991175,13348.0,0.0
0.8795014683841081,0.0,0.136459629,0.303110283,13348.0,0.0
0.8701860887825834,0.0,0.1696570566,0.3273576984,13348.0,0.0
0.8155195272926684,0.0,0.228323119,0.36478303000000006,13348.0,0.0
0.8056778516441463,0.0,0.22361526975,0.42361243775,13348.0,0.0
0.91014906415518,0.0,0.257175466,0.430124791,13348.0,0.0
0.9143189358896864,0.0038557606666666665,0.284490333,0.4385014616666667,13348.0,0.0
0.9151836253294289,0.05495019550000001,0.3303225705,0.401606591,13348.0,0.0
0.9138558854048295,0.050806913499999995,0.31950365550000004,0.421222305,13348.0,0.0
0.9151011798791295,0.0042633015,0.299730117,0.44418395499999996,13348.0,0.0
0.9220606209584111,0.0,0.27511853,0.425411893,13348.0,0.0
0.9171028799866479,0.0,0.2876149593333333,0.423130485,13348.0,0.0
0.8726675091971364,0.0,0.35769288433333335,0.48377923666666667,13348.0,0.0
0.7974962137497003,0.0,0.4304766486666667,0.6271821766666666,13348.0,0.0
0.7951445177486227,0.0,0.5262100926666666,0.7711313003333333,13348.0,0.0
0.8931393583449274,0.0,0.608742182,0.827774078,13348.0,0.0
0.8968407799995237,0.005056742,0.6373596903333333,0.8388822003333333,13348.0,0.0
0.8930450171239412,0.0730387995,0.6163356775,0.7972498685,13348.0,0.0
0.8892459984201272,0.054460539333333335,0.6600315019999999,0.7912236586666667,13348.0,0.0
0.8960678043036389,0.0,0.661872488,0.810895762,13348.0,0.0
0.8923644967429771,0.0,0.635348205,0.8548257296666666,13348.0,0.0
0.8489408802504986,0.0,0.673171232,0.856621629,13348.0,0.0
0.7890168118848906,0.0,0.6465835348333334,0.8587156388333334,13348.0,0.0
0.8946775891980471,0.0,0.552193148,0.767221583,13348.0,0.0
0.8984210962076266,0.006977001333333333,0.451877058,0.681326297,13348.0,0.0
0.8952863825036435,0.066916748,0.2919883155,0.5628078615000001,13348.0,0.0
0.892757979924891,0.06877259050000001,0.22644646000000002,0.514025643,13348.0,0.0
0.8959065876728298,0.011978664,0.19653292049999999,0.49719129549999996,13348.0,0.0
0.8986598423383919,0.0,0.202944607,0.438274711,13348.0,0.0
0.8902078498715559,0.0,0.24915683033333336,0.4224373723333333,13348.0,0.0
0.8458303764638511,0.0,0.30670731133333334,0.4345373483333333,13348.0,0.0
0.7732337353266286,0.0,0.3125769643333333,0.4839610311666666,13348.0,0.0
0.8817394489724025,0.0,0.3000067495,0.47782007150000005,13348.0,0.0
0.8930230637998076,0.0006411363333333333,0.26481971833333334,0.4358378459999999,13348.0,0.0
0.8892341157819057,0.020812587799999997,0.2675125316,0.41297213600000005,13348.0,0.0
0.8940119298224758,0.0,0.3105923825,0.4820054155,13348.0,0.0
0.8920170477737589,0.0,0.315810514,0.5034132716666667,13348.0,0.0
0.8499181088880099,0.0,0.331115106,0.5315424526666667,13348.0,0.0
0.7908504210208018,0.0,0.3728559305,0.5581858235,13348.0,0.0
0.7913187906463192,0.0,0.39335199425,0.5458613315,13348.0,0.0
0.89437720608134,0.0,0.381455967,0.512677038,13348.0,0.0
0.8991358520481667,0.0,0.35258486050000004,0.4646768065,13348.0,0.0
0.8988575188795802,0.034286588,0.33744142450000003,0.430861952,13348.0,0.0
0.8965027441614497,0.089322273,0.25005991866666666,0.3545448013333334,13348.0,0.0
0.8992960532415535,0.006052785,0.1755708745,0.273951027,13348.0,0.0
0.9058439906668974,0.0,0.14300186050000002,0.232729514,13348.0,0.0
0.8893833274103485,0.0,0.17386405466666668,0.2229866593333333,13348.0,0.0
0.8447551318763871,0.0,0.25769667100000004,0.264002509,13348.0,0.0
0.788377530595461,0.0,0.339383536,0.3852857695,13348.0,0.0
0.7698907634101166,0.0,0.4456035075,0.5195826305,13348.0,0.0
0.772567689356713,0.0,0.5213262562500001,0.613725987,13348.0,0.0
0.8229336535022744,0.0010619683333333333,0.5117691186666667,0.6336291933333333,13348.0,0.0
0.8357296129409593,0.025312662,0.4923669665,0.5582856565000001,13348.0,0.0
0.8401202753077712,0.011372849499999999,0.4873719065,0.5346682247500001,13348.0,0.0
0.859260322486088,0.0,0.4570039185,0.48293642049999996,13348.0,0.0
0.8524478973945312,0.0,0.40108051866666666,0.471910361,13348.0,0.0
0.8132256076474257,0.0,0.327955471,0.4319031595,13348.0,0.0
0.7787461681411119,0.0,0.25996544774999997,0.37156884749999997,13348.0,0.0
0.7745615478668111,0.0,0.2728795975,0.3170505065,13348.0,0.0
0.8053404040775711,0.0,0.31207574424999995,0.376311789,13348.0,0.0
0.8444870016892033,0.004565603,0.324005928,0.453383771,13348.0,0.0
0.8446543593549354,0.06382777,0.32322392099999997,0.469615371,13348.0,0.0
0.8433154490283193,0.06278555766666667,0.26597135366666663,0.49154074333333336,13348.0,0.0
0.860724424636262,0.0,0.2505245245,0.46373092,13348.0,0.0
0.8724681886706329,0.0,0.260130945,0.48218378,13348.0,0.0
0.8562557652615798,0.0,0.28687655,0.4638407365,13348.0,0.0
0.8021315214598452,0.0,0.2770939055714286,0.3864531635714286,13348.0,0.0
0.902705682917929,0.0,0.32735106950000004,0.358186789,13348.0,0.0
0.9045377205529146,0.0,0.4419780165,0.47501797850000005,13348.0,0.0
0.9046028067462559,0.009043086,0.534651942,0.570457621,13348.0,0.0
0.9001208497659101,0.0138699015,0.607808417,0.6867200765,13348.0,0.0
0.8960818273763679,0.007268057499999999,0.6809435644999999,0.7611896254999999,13348.0,0.0
0.8937217658239677,0.0006106933333333333,0.6690486646666667,0.8342417953333333,13348.0,0.0
0.8894779425632905,0.0,0.6366390083333334,0.9287136666666665,13348.0,0.0
0.8238291052185878,0.0,0.58042475575,0.929673034,13348.0,0.0
