Demand,Avail_Sol,Avail_Wind_On,Avail_Wind_Off,Hyd_In,HydRoR_In
0.6496811738577752,0.0,0.7014354048,0.8904594458,0.0,1930.0
0.8120568291698886,0.0006939054,0.6076808364,0.8108253284,0.0,1930.0
0.9166764629906373,0.2265695712,0.5573863388,0.7578182132,0.0,1930.0
0.9144863042758815,0.17087373,0.630010586,0.79713502,0.0,1930.0
0.9073640534256675,0.0,0.6633900415999999,0.8668218442000001,0.0,1930.0
0.6871594674244809,0.0,0.5103294378571429,0.7357826041428571,0.0,1930.0
0.8179738406157708,0.0003685368,0.543623247,0.7070210060000001,0.0,1930.0
0.9100327554770533,0.06897167420000001,0.7398188584000002,0.8636103754000001,0.0,1930.0
0.902644983207812,0.009873629200000001,0.6846952006,0.8647589946,0.0,1930.0
0.8418543537832573,0.0,0.6979316896666666,0.7433412766666666,0.0,1930.0
0.6608078221942525,0.0,0.7228874028333333,0.7558279606666667,0.0,1930.0
0.81489229892677,0.020749795166666668,0.7365268821666665,0.8282122418333334,0.0,1930.0
0.9003696085816835,0.28351076425,0.7474997889999999,0.8783756817499999,0.0,1930.0
0.9004000044661461,0.03697535228571429,0.6936458352857143,0.8700740041428572,0.0,1930.0
0.6830604532575653,0.0,0.42554645900000004,0.6422874275714285,0.0,1930.0
0.8167256966976155,0.005126366833333333,0.43219762883333335,0.591288712,0.0,1930.0
0.9013160490987371,0.12682021166666668,0.5709964713333333,0.7425520298333333,0.0,1930.0
0.9066306853835411,0.0,0.44141758640000006,0.6960694068000001,0.0,1930.0
0.6875624527433674,0.0,0.29455544642857145,0.5754589141428571,0.0,1930.0
0.8180418398350457,0.0009208707999999999,0.311724049,0.4546000718,0.0,1930.0
0.9187716929757794,0.18733879883333335,0.3486935906666666,0.441105613,0.0,1930.0
0.9250874130013935,0.0121940685,0.3002200183333334,0.3786524675,0.0,1930.0
0.6805227079150887,0.0,0.42450951942857135,0.3611478192857142,0.0,1930.0
0.6784791918138721,0.0008679654,0.5989501664,0.5889484873999999,0.0,1930.0
0.7919322805240873,0.307076058,0.596671297,0.7303794385,0.0,1930.0
0.7976548373794115,0.19383031525,0.5602801645,0.768547369,0.0,1930.0
0.813584226081569,0.0,0.494633462,0.75442631025,0.0,1930.0
0.7140272404213762,0.0,0.39304859666666664,0.6750031766666668,0.0,1930.0
0.62967878989526,0.0,0.37320934699999997,0.6488092972499999,0.0,1930.0
0.6795857370947497,0.0015954779999999998,0.3792077956,0.6201335859999999,0.0,1930.0
0.7929650802300052,0.41055629375,0.33970487725,0.610909996,0.0,1930.0
0.7898630589131823,0.4175021295,0.36628246799999997,0.6301137735,0.0,1930.0
0.8190791277889381,0.027587426,0.46675349016666673,0.7171850156666667,0.0,1930.0
0.6851818806913652,0.0,0.5340585668571428,0.8025351728571428,0.0,1930.0
0.8370226730199024,0.0007062635999999999,0.5323791441999999,0.8164403726,0.0,1930.0
0.940230893681302,0.23133212749999998,0.47210505566666666,0.7104742546666666,0.0,1930.0
0.9295072110861065,0.008027251833333334,0.6010538886666666,0.7435725503333334,0.0,1930.0
0.6907300348073461,0.0,0.6100158702857142,0.6918437712857143,0.0,1930.0
0.8222610896443806,0.0004494786,0.5790150338,0.6251277872000001,0.0,1930.0
0.9304216718078993,0.061955562,0.5979062742,0.6666611084,0.0,1930.0
0.9124134540171542,0.009732861714285715,0.5703884207142857,0.7194973522857142,0.0,1930.0
0.6833565035210417,0.0,0.3404300928571428,0.5736836631428571,0.0,1930.0
0.8100981878246186,0.0010273921999999999,0.15117604080000002,0.2884035642,0.0,1930.0
0.916009764459316,0.1665963431666667,0.09179334800000001,0.14391627966666665,0.0,1930.0
0.9006480013590993,0.008602943285714286,0.137932742,0.20679685928571426,0.0,1930.0
0.6725077726435714,0.0,0.15449733633333337,0.22869645849999998,0.0,1930.0
0.7978846465667391,0.0,0.12342370625,0.19960941875,0.0,1930.0
0.9252451271645671,0.10384926214285714,0.07390906128571428,0.12219111614285716,0.0,1930.0
0.9175180948943963,0.009389775999999999,0.152631078,0.14673206616666667,0.0,1930.0
0.6873400094153341,0.0,0.334168368,0.2507684552857143,0.0,1930.0
0.7901023708105348,0.0,0.46080790225,0.4119365685,0.0,1930.0
0.9157020127999923,0.08548925457142856,0.570016957,0.5405652095714286,0.0,1930.0
0.9091531872444075,0.005526701500000001,0.6895558648333333,0.6593755591666667,0.0,1930.0
0.6693392174187299,0.0,0.7158574464285713,0.762232562857143,0.0,1930.0
0.66130853401581,0.0005833327999999999,0.6889599808,0.8299803457999999,0.0,1930.0
0.778280882459459,0.07420715042857143,0.5816861301428571,0.7797989624285714,0.0,1930.0
0.8021090211857045,0.0005281201999999999,0.4793670282,0.7409355747999999,0.0,1930.0
0.6520173680513891,0.0,0.3909660605,0.567831279375,0.0,1930.0
0.7000393434455281,0.020910014999999997,0.4906665932,0.5808504606,0.0,1930.0
0.7818865476466605,0.1494811762,0.6320757674,0.550241185,0.0,1930.0
0.8040478461559628,0.006426886,0.7758824228333333,0.6657172405,0.0,1930.0
0.6676897187207949,0.0,0.8402908871428572,0.8919432511428571,0.0,1930.0
0.7882422222950843,0.00021331800000000002,0.7263206802,0.8991246252,0.0,1930.0
0.8989888902500413,0.18913821649999998,0.7440244901666667,0.8994577816666668,0.0,1930.0
0.9076899182797248,0.024436472,0.8033567833333333,0.9306103471666667,0.0,1930.0
0.6866538910613692,0.0,0.8362659878571429,0.9344942821428571,0.0,1930.0
0.8229860058369478,0.0030336388,0.8588353642,0.936334802,0.0,1930.0
0.9296707024709397,0.23865417483333332,0.8477119736666667,0.9309064238333334,0.0,1930.0
0.931367238855965,0.016467221,0.8215291738333333,0.923531513,0.0,1930.0
0.6949406795123595,0.0,0.8415060834285714,0.9239347855714285,0.0,1930.0
0.8012176844818253,0.0,0.90039330925,0.9361449267499999,0.0,1930.0
0.9287053162048844,0.12430339200000001,0.8781925675,0.934702284,0.0,1930.0
0.9203240384719417,0.36115507240000005,0.8500769291999999,0.9352999732,0.0,1930.0
0.9321101498618953,0.055233385999999995,0.7375100185000001,0.915367832,0.0,1930.0
0.9126322464110915,0.0,0.6447572225,0.8146337072500001,0.0,1930.0
0.6796113225274986,0.0,0.5990711931428571,0.6950968742857143,0.0,1930.0
0.8083117669490752,0.0035919398,0.6237825605999999,0.7718677124,0.0,1930.0
0.9189527396498419,0.279710261,0.5537562524285714,0.8063909034285713,0.0,1930.0
0.9237349092106213,0.001826631,0.5819877948000001,0.8340108910000001,0.0,1930.0
0.6968500319599924,0.0,0.5922135801428572,0.8405046241428573,0.0,1930.0
0.8386567553151784,0.0046660382,0.6239716484,0.8322892942,0.0,1930.0
0.9305668792503113,0.3150365366666667,0.64081139,0.8416390853333332,0.0,1930.0
0.9270326595750852,0.028073328666666664,0.583321664,0.8435162491666666,0.0,1930.0
0.7221179966713166,0.0,0.42426473375,0.7507705075,0.0,1930.0
0.6436171107989602,0.0,0.19338451528571432,0.34395998328571425,0.0,1930.0
0.7877971912177945,0.058546511499999995,0.18713626475,0.22456808275,0.0,1930.0
0.8096242952670334,0.12978866,0.2344099376,0.3457025182000001,0.0,1930.0
0.8187687504621135,0.0,0.17981360200000002,0.37940240275000003,0.0,1930.0
0.6744055280128549,0.0,0.17418282699999998,0.260566087,0.0,1930.0
0.6502978977714757,0.0,0.3484284078,0.4368988814,0.0,1930.0
0.7796502869405746,0.019406244,0.534918076,0.618900158,0.0,1930.0
0.7895710237311051,0.031955933500000006,0.70763714,0.7761179735,0.0,1930.0
0.8018470324186884,0.007104791500000001,0.7833730605,0.8804006925000001,0.0,1930.0
0.7960592757776928,0.0,0.7111431275,0.89106853175,0.0,1930.0
0.6667212851570291,0.0,0.6159037329999999,0.7862534752857143,0.0,1930.0
0.7989392197635852,0.0024082998000000003,0.6255097478,0.7654654466,0.0,1930.0
0.9011287524518975,0.26143519483333333,0.6598366215000001,0.7936283605,0.0,1930.0
0.911488410276529,0.06942240549999999,0.6043602065,0.7437462610000001,0.0,1930.0
0.8981490590556769,0.0,0.613857985,0.7376676012500001,0.0,1930.0
0.6796055218885432,0.0,0.7355124117142857,0.8315176497142858,0.0,1930.0
0.7567663349320168,0.0,0.81818016625,0.9184435205,0.0,1930.0
0.8789751902793816,0.030226498666666667,0.850011479,0.9304165176666667,0.0,1930.0
0.8732870742463291,0.1707245055,0.881912345,0.93578563525,0.0,1930.0
0.8819804925979426,0.07316892800000001,0.8598871425000001,0.935708451,0.0,1930.0
0.8785947761345491,0.0,0.8628222480000001,0.9320804127499999,0.0,1930.0
0.6778276997900244,0.0,0.8284130302857144,0.8711865357142857,0.0,1930.0
0.752909608063154,0.0,0.9120857945,0.8752614464999999,0.0,1930.0
0.8843571996490558,0.046201012,0.9169554074999999,0.8823410604999999,0.0,1930.0
0.9054122778991353,0.21075468949999998,0.9038107590000001,0.9071404516666668,0.0,1930.0
0.9062597351951652,0.0036700074,0.8312770098,0.9193206602,0.0,1930.0
0.6837909899866919,0.0,0.7821313442857143,0.9137240872857142,0.0,1930.0
0.811816806213162,0.0075467272000000005,0.6663651642,0.8624092136,0.0,1930.0
0.9086524127828692,0.3186570461666667,0.5391855215,0.7512699311666667,0.0,1930.0
0.8938922007978324,0.026651275285714288,0.44254783214285714,0.6227709317142857,0.0,1930.0
0.6745223480910268,0.0,0.367453249,0.5476952768333333,0.0,1930.0
0.8050424710669728,0.0,0.258222498,0.36794992525000003,0.0,1930.0
0.9307314290146571,0.134030325,0.159389704,0.241892793,0.0,1930.0
0.9173623219023004,0.3430914322,0.14606503899999998,0.2150701712,0.0,1930.0
0.9167272007858956,0.018027522666666667,0.3342045126666667,0.32571175016666665,0.0,1930.0
0.6648783750295372,0.0,0.6120287480000001,0.6045907727500001,0.0,1930.0
0.6567776130322888,0.0,0.8125329973333333,0.8217497823333333,0.0,1930.0
0.7524491512461688,0.021649499666666665,0.8820133456666667,0.9105592783333334,0.0,1930.0
0.7613808380839915,0.06976641733333333,0.9018926510000002,0.9315140246666668,0.0,1930.0
0.7660562033097954,0.050787486666666666,0.9010817133333333,0.9316507106666667,0.0,1930.0
0.7747549730388383,0.0,0.8714147645,0.9090368265000001,0.0,1930.0
0.6436161200219629,0.0,0.7958537592727274,0.8622661397272728,0.0,1930.0
0.7421085882887167,0.08672618685714285,0.780252735,0.8788927298571428,0.0,1930.0
0.7652098878652697,0.013715359833333335,0.7957672225,0.8834968314999999,0.0,1930.0
0.6650144060323623,0.0,0.851808008,0.917986769,0.0,1930.0
0.7820231363090249,0.002660928,0.7849082806,0.9079883678,0.0,1930.0
0.8957826670325603,0.2720070745,0.7085118781666666,0.8698234445,0.0,1930.0
0.914908984944645,0.1479246335,0.51478768,0.7429658965,0.0,1930.0
0.908662884410818,0.0,0.41929731574999995,0.5963199485,0.0,1930.0
0.6957414756282306,0.0,0.37772437771428574,0.4425179518571428,0.0,1930.0
0.839061942074504,0.0105042612,0.430118711,0.40865465619999997,0.0,1930.0
0.922314960720724,0.26052877766666666,0.4946778731666666,0.47694766149999995,0.0,1930.0
0.9271250482838362,0.0349947635,0.595762334,0.6154680775000001,0.0,1930.0
0.8832621292254661,0.0,0.7401082062,0.7933779684,0.0,1930.0
0.6613563114298256,0.0,0.8484912616666667,0.9267540635000001,0.0,1930.0
0.8047504447916936,0.0054121446,0.8620271195999999,0.9353871852,0.0,1930.0
0.9241407786715156,0.3164695671666667,0.837912157,0.9289814021666666,0.0,1930.0
0.9382424637570287,0.1347938455,0.811090537,0.9215001205,0.0,1930.0
0.9186285262067452,0.0,0.806338395,0.9240264475000001,0.0,1930.0
0.7041615065192668,0.0,0.8185402340000001,0.9121296428571428,0.0,1667.857142857143
0.8395521032562674,0.0,0.8597970397500001,0.9066942825000001,0.0,1563.0
0.9528643907755227,0.2826607073333333,0.8454071523333333,0.8966712323333333,0.0,1563.0
0.9448210922395301,0.46437442025,0.87191986625,0.9109596649999999,0.0,1563.0
0.9446905361019727,0.0587536135,0.8630126906666667,0.9186279665,0.0,1563.0
0.711289647384877,0.0,0.7629710962857142,0.9055502207142857,0.0,1563.0
0.8401895565142671,0.0,0.57712539275,0.830631543,0.0,1563.0
0.9560209018020402,0.1977768645,0.3837663005,0.6813443585,0.0,1563.0
0.9462404846978207,0.47797497250000004,0.275287538,0.52561840475,0.0,1563.0
0.9444452990472146,0.216735509,0.19542479899999998,0.406957479,0.0,1563.0
0.9446081285804837,0.006889631,0.21982420060000002,0.3014834814,0.0,1563.0
0.6951525977129432,0.0,0.30244097699999994,0.36157618818181814,0.0,1563.0
0.8309669583414155,0.16158516214285715,0.40614003871428567,0.5259486714285714,0.0,1563.0
0.857232741589034,0.113105932,0.463818253,0.582238431,0.0,1563.0
0.8233722677422599,0.0,0.4524077855,0.6396900906666666,0.0,1563.0
0.671761318913751,0.0,0.3912107137777777,0.6189653037777778,0.0,1563.0
0.8259307203818185,0.3880173248,0.2439698674,0.4679227588,0.0,1563.0
0.8269889784019705,0.34626144266666664,0.205150849,0.43700280733333335,0.0,1563.0
0.8585295289363722,0.0174996446,0.1711088796,0.4407376232,0.0,1563.0
0.7064508605055999,0.0,0.17711261862500002,0.41343805812499995,0.0,1563.0
0.9220857924967201,0.02972716525,0.2034622535,0.41784425024999994,0.0,1563.0
0.9691507014029679,0.456332727,0.223551966,0.3883286,0.0,1563.0
0.9660364794035413,0.3057481026666667,0.235494122,0.36353378000000003,0.0,1563.0
0.9596003618303559,0.012043349,0.2385786912,0.3675470746,0.0,1563.0
0.7588808565850528,0.0,0.219594604,0.33456908875,0.0,1563.0
0.7179769351477863,0.0,0.3739388644,0.3704456314,0.0,1563.0
0.9519783353575209,0.03002945833333333,0.44133413800000004,0.482955501,0.0,1563.0
0.9723430618866026,0.4136477561666667,0.4690119566666667,0.6011801796666666,0.0,1563.0
0.9807539850690036,0.1966413975,0.501038455,0.6908365215000001,0.0,1563.0
0.9319414084954308,0.0,0.4492104232,0.6875970386000001,0.0,1563.0
0.7156825461588229,0.0,0.37792722016666663,0.5848944110000001,0.0,1563.0
0.8707498718570537,0.0,0.26279859775000003,0.48330314950000003,0.0,1563.0
0.9780205573165129,0.23224482950000003,0.2273451835,0.41608890600000004,0.0,1563.0
0.9672244096155291,0.3628268378,0.310288036,0.36278437139999997,0.0,1563.0
0.9597425075294651,0.034467596333333336,0.4944293048333333,0.48279595399999997,0.0,1563.0
0.7196563544522607,0.0,0.45648179071428574,0.49711950042857145,0.0,1563.0
0.8482869982045411,0.0,0.388461533,0.5717912362500001,0.0,1563.0
0.9563862979271023,0.0685862735,0.385604314,0.6032131685,0.0,1563.0
0.9444468194241391,0.1377370204,0.4555449122,0.628903785,0.0,1563.0
0.9556892458761239,0.026591785,0.57750156725,0.73085697725,0.0,1563.0
0.7491741904748445,0.0,0.6554658976666666,0.8155216647777778,0.0,1563.0
0.8641873332082557,0.015975909,0.6389786004,0.8766591829999999,0.0,1563.0
0.9623587337184277,0.4896016018,0.5824187181999999,0.8158688802,0.0,1563.0
0.9545352586908651,0.4091798595,0.5327664805000001,0.802799559,0.0,1563.0
0.9332791998483257,0.028457490333333335,0.4856482035,0.7119674816666667,0.0,1563.0
0.6992739411799576,0.0,0.620137197,0.70539756775,0.0,1563.0
0.6780006470647502,0.00019259516666666666,0.7678326596666666,0.7193094781666667,0.0,1563.0
0.8102195721599398,0.07483016466666666,0.7396642743333334,0.8588864346666667,0.0,1563.0
0.8101069705752191,0.18504982225,0.6592639069999999,0.82227902325,0.0,1563.0
0.8222852466664293,0.028575047500000002,0.5653070589999999,0.7946419933333334,0.0,1563.0
0.7107664231654569,0.0,0.7120622935,0.87548842925,0.0,1563.0
0.6664051306503155,0.0002838054285714286,0.734262309,0.9079399058571429,0.0,1563.0
0.8294317796490001,0.4260875084285714,0.7565038831428572,0.9241974265714284,0.0,1563.0
0.8489527248011302,0.06562635128571428,0.7283571995714285,0.9147403955714285,0.0,1563.0
0.7036337049961022,0.0,0.6203787234285715,0.8479964520000001,0.0,1563.0
0.9138019895420865,0.000857755,0.5699704663333333,0.7607891566666667,0.0,1563.0
0.9688125240702475,0.3702522746666667,0.527261392,0.6783963630000001,0.0,1563.0
0.9503587598250623,0.582305347,0.6382016985000001,0.7123792125,0.0,1563.0
0.9617215018483392,0.219075783,0.6359884735000001,0.7759777535,0.0,1563.0
0.9448410814559052,0.00025660125,0.73678350025,0.8549390655,0.0,1563.0
0.7115731189553947,0.0,0.8198427279999999,0.9079377191428571,0.0,1563.0
0.8041462421176062,0.0,0.7581153873333332,0.8803826246666667,0.0,1563.0
0.9481942427291423,0.037608469000000005,0.672104344,0.821511721,0.0,1563.0
0.9623207541195967,0.29434681749999997,0.53814507275,0.83728086125,0.0,1563.0
0.9603966520369589,0.3893634496666667,0.45806784566666664,0.7657693133333333,0.0,1563.0
0.9335493154342496,0.03380423316666667,0.43191762666666667,0.5687272230000001,0.0,1563.0
0.702291870640667,0.0,0.6133251112857143,0.6752282267142856,0.0,1563.0
0.871751502695682,0.0,0.812620396,0.8010148595,0.0,1563.0
0.9529809723044531,0.029519418999999998,0.8739952765,0.832211786,0.0,1563.0
0.9486498721943109,0.13305072980000002,0.8985033026,0.9066437331999999,0.0,1563.0
0.9451597242462948,0.15018234,0.871035503,0.9287389420000001,0.0,1563.0
0.9378662546847222,0.0190757054,0.7957519782,0.8857621910000001,0.0,1563.0
0.7022970644027947,0.0,0.7814795931428572,0.9020905115714287,0.0,1563.0
0.8231682276759311,0.0008153405,0.8271811845,0.8943720717499999,0.0,1563.0
0.9449892567693674,0.33585175,0.8100273874999999,0.8772947664999999,0.0,1563.0
0.9424867828964374,0.5965925842,0.8712158564000001,0.8517846724,0.0,1563.0
0.954811754108239,0.323438282,0.8280007075,0.8653589660000001,0.0,1563.0
0.9423607165160618,0.00142326175,0.7556760725,0.8615999665,0.0,1563.0
0.7157493334687792,0.0,0.6513842922499999,0.7871787268749999,0.0,1563.0
0.9185135098226451,0.055229859,0.54736615175,0.5786173385,0.0,1563.0
0.9428780711102911,0.4613127498,0.5368897915999999,0.5257970181999999,0.0,1563.0
0.932011768812391,0.2439820245,0.5552723390000001,0.5509072475000001,0.0,1563.0
0.9207889813304445,0.012824127333333333,0.5471547938333333,0.6239917391666666,0.0,1563.0
0.6718674313113348,0.0,0.4557062908571429,0.5317004152857143,0.0,1563.0
0.7370295775967064,0.04395392575,0.331707683,0.3305368125,0.0,1563.0
0.8101128197234498,0.4181716178,0.23422215719999998,0.27668483020000006,0.0,1563.0
0.8136757875602095,0.27153342533333336,0.1933137,0.269603765,0.0,1563.0
0.8299431822224458,0.0007465018000000001,0.1647673438,0.24618480539999998,0.0,1563.0
0.6633778565270486,0.0,0.16841464,0.2814629672857143,0.0,1563.0
0.7051147528164278,0.0015229816666666666,0.21657465466666667,0.3604803153333333,0.0,1563.0
0.8041896043238895,0.10708356216666666,0.25327169850000003,0.3605108403333333,0.0,1563.0
0.8007150691470808,0.054897944,0.25955577500000004,0.33478465550000003,0.0,1563.0
0.8262317663757583,0.0034783172,0.2936164084,0.3903501598,0.0,1563.0
0.6870781369456521,0.0,0.23372279685714287,0.39192893414285707,0.0,1563.0
0.8256154717427311,0.0085317666,0.21336973939999998,0.379322559,0.0,1563.0
0.9170764832763106,0.10471304333333332,0.215978805,0.34088097666666667,0.0,1563.0
0.9097890716014273,0.017210411833333335,0.3116773145,0.3565394483333333,0.0,1563.0
0.6989108017280855,0.0,0.43545800757142855,0.580548788,0.0,1563.0
0.7783796212300055,0.0,0.4944945756666666,0.63601225,0.0,1563.0
0.9321372046656909,0.102347022,0.5165099615,0.6785806015,0.0,1563.0
0.9372503133276924,0.4729294955,0.49550231074999995,0.63749103175,0.0,1563.0
0.9245928693398819,0.40245696666666664,0.49193724366666663,0.6740555706666665,0.0,1563.0
0.9122334081947141,0.03324796883333333,0.3053485655,0.5211909571666666,0.0,1563.0
0.6912931481119938,0.0,0.15439896199999997,0.31825601616666666,0.0,1563.0
0.8423552027492616,0.0028205715,0.08916838125000001,0.2389053505,0.0,1563.0
0.9547241054804283,0.23999665550000002,0.0753888325,0.186570583,0.0,1563.0
0.9446218706159706,0.45522702974999996,0.06443616675,0.165383503,0.0,1563.0
0.9492020819658511,0.27256173699999997,0.08335674766666668,0.18533254033333332,0.0,1563.0
0.912787621379527,0.0025902312,0.1841068102,0.271693674,0.0,1563.0
0.6938806142277052,0.0,0.25462857133333333,0.3792253311666667,0.0,1563.0
0.8103767730961899,0.0,0.301435951,0.46617374399999995,0.0,1563.0
0.9524999337553525,0.0825099115,0.343963825,0.5492986685,0.0,1563.0
0.9594320229432002,0.298361297,0.4227175346,0.5476202738,0.0,1563.0
0.9573646079345715,0.2021383505,0.38112928199999996,0.5011407295,0.0,1563.0
0.9753704179768308,0.029238113250000003,0.39344972725,0.5563217175,0.0,1563.0
0.7408158713512799,0.0,0.4651856666666667,0.6755952735555556,0.0,1563.0
0.9080177507714161,0.0067205573333333326,0.5053249753333334,0.6911063923333334,0.0,1563.0
0.965056037724908,0.247459018,0.5489421704999999,0.7588434495,0.0,1563.0
0.9643199150665664,0.38603422480000005,0.6266303806,0.7889112598,0.0,1563.0
0.9746428230647636,0.2213023875,0.6359560755,0.81348275,0.0,1563.0
0.9261965459140171,0.0040331406,0.687707765,0.8644094828,0.0,1563.0
0.6882074788928403,0.0,0.6335478425555556,0.8141301295555556,0.0,1563.0
0.7940917891318093,0.133696923,0.5457365759999999,0.7796822594999999,0.0,1563.0
0.8381039120161414,0.52153158875,0.55178203725,0.74538836825,0.0,1563.0
0.8255902683383571,0.56726959,0.49311603000000004,0.700466493,0.0,1563.0
0.8530434085671114,0.333362888,0.4740206285,0.71362262,0.0,1563.0
0.8567949459491038,0.00617253675,0.56428110475,0.7999752635,0.0,1563.0
0.6946630744216991,0.0,0.5391316252,0.8159911527,0.0,1563.0
0.7929117532398128,0.16259762300000002,0.5290030415,0.8105106504999999,0.0,1563.0
0.8367125804587044,0.6023914560000001,0.48768034624999995,0.7464901937499999,0.0,1563.0
0.8288950217042412,0.6675988205000001,0.4414926685,0.6893741760000001,0.0,1563.0
0.8585245293887103,0.4168474395,0.4443088085,0.700908086,0.0,1563.0
0.8596193985456553,0.0121642625,0.5360960585,0.7964485585000001,0.0,1563.0
0.7208935216312691,0.0,0.5404524568571428,0.8187482967142856,0.0,1563.0
0.8384692112122994,0.0,0.5464951273333333,0.7949033853333334,0.0,1563.0
0.971720235367789,0.17981917249999999,0.5349034435,0.8082817245,0.0,1563.0
0.9794489516326349,0.43106635520000003,0.5574217568,0.7451222362,0.0,1563.0
0.9802896712598574,0.2636989775,0.451479385,0.6494062110000001,0.0,1563.0
0.986878450860531,0.046597703250000004,0.342587781,0.64453865525,0.0,1563.0
0.7570311811853913,0.0,0.336883282375,0.550581179625,0.0,1563.0
0.8359263445380848,0.0,0.35650221833333334,0.5611350963333334,0.0,1563.0
0.9745658176107308,0.253488711,0.3391771706666667,0.6214893643333333,0.0,1563.0
0.9803270650477875,0.6329324488,0.42793428499999997,0.5613211405999999,0.0,1563.0
0.9905059610802986,0.35075681049999996,0.4815584775,0.5750184570000001,0.0,1563.0
0.9340736476522729,0.0130316228,0.5005018974,0.7171338532,0.0,1563.0
0.7196144115853679,0.0,0.5507678561666667,0.7117969696666667,0.0,1563.0
0.8320452720389783,0.0,0.6488493573333334,0.8352737436666667,0.0,1563.0
0.9595823849160583,0.050700382,0.671729407,0.886030253,0.0,1563.0
0.9796723481345735,0.4985956582,0.7426602246,0.923424704,0.0,1563.0
0.981403777008746,0.495038656,0.8049535973333334,0.9237549413333334,0.0,1563.0
0.942647892297594,0.05057352933333333,0.7919401648333332,0.9322789658333334,0.0,1563.0
0.7023477561969477,0.0,0.8087157975,0.9293940416666668,0.0,1403.0
0.7927736619961266,0.0,0.8476698706666667,0.9344765176666666,0.0,1371.0
0.961314517319312,0.17548271266666668,0.8608952106666666,0.936306477,0.0,1371.0
0.9780235235951356,0.3665981343333333,0.897570428,0.9366909146666668,0.0,1371.0
0.9785534992638375,0.23165896266666666,0.9151019476666665,0.9352902236666667,0.0,1371.0
0.9429416341998551,0.019232223333333333,0.906781779,0.9304340365,0.0,1371.0
0.7050771518689715,0.0,0.9033943201666667,0.9275772705,0.0,1371.0
0.7993571424793333,0.0,0.898679977,0.9278083713333333,0.0,1371.0
0.9612748966429485,0.032141154,0.8885266315,0.9276507615,0.0,1371.0
0.9795143690635628,0.13783423533333333,0.8745753559999999,0.9270276558333332,0.0,1371.0
0.9887167230115363,0.0808666705,0.8549155225,0.912265638,0.0,1371.0
0.9323074754103438,0.0021168382,0.8194724654,0.8918631556,0.0,1371.0
0.675895434383888,0.0,0.7341986418888887,0.8451017695555556,0.0,1371.0
0.7500700069937298,0.0487164885,0.707569424,0.8292070575,0.0,1371.0
0.8117126385924304,0.22165788433333336,0.6937503338333334,0.7819660311666666,0.0,1371.0
0.828875524318553,0.043981549833333335,0.6334803296666667,0.7507549398333334,0.0,1371.0
0.6641903204268506,0.0,0.5379119465,0.7592264112999999,0.0,1371.0
0.7328507981182841,0.0704897475,0.5400348275,0.7678762859999999,0.0,1371.0
0.7890964022600642,0.21462324575,0.5468622012500001,0.6730136879999999,0.0,1371.0
0.7887231356856795,0.17917856899999998,0.4848114153333334,0.6200211486666666,0.0,1371.0
0.8145661538684461,0.0245885016,0.3920634422,0.5498387728,0.0,1371.0
0.6833074280086926,0.0,0.29905276971428574,0.521344548,0.0,1371.0
0.7700546175195471,0.0,0.243194303,0.462980432,0.0,1371.0
0.9340905155352675,0.070590237,0.2192086595,0.422014351,0.0,1371.0
0.9401502510373393,0.18953394099999998,0.21340902475,0.37680981325000007,0.0,1371.0
0.9370744124790624,0.15877175833333332,0.240102359,0.386763012,0.0,1371.0
0.9529691219109206,0.0269918705,0.34017155625,0.48023184025,0.0,1371.0
0.7866865139788564,0.0,0.35791233224999996,0.51239740725,0.0,1371.0
0.6458508331418382,0.0,0.362466606,0.475881051,0.0,1371.0
0.7681902372044288,0.0,0.33137982633333335,0.3648488673333334,0.0,1371.0
0.9366717060920428,0.09568454233333333,0.28316378733333336,0.30774069033333334,0.0,1371.0
0.9379406128449573,0.31173324750000003,0.2420630165,0.238334188,0.0,1371.0
0.9379347994048893,0.23284753566666663,0.21247648433333333,0.17355267966666665,0.0,1371.0
0.9091510108953053,0.012614166800000002,0.24316574100000002,0.183488182,0.0,1371.0
0.67855330256755,0.0,0.26321868833333334,0.2654888593333334,0.0,1371.0
0.7698558431139627,0.0,0.293579939,0.3161685863333334,0.0,1371.0
0.9384939615035675,0.1455930105,0.28438524200000004,0.337276231,0.0,1371.0
0.933352687499509,0.5345117813333334,0.34753145583333334,0.4458006176666667,0.0,1371.0
0.9402767154233818,0.36311404999999997,0.363851137,0.5301242150000001,0.0,1371.0
0.9123059299486375,0.0193659428,0.3373972808,0.571108985,0.0,1371.0
0.6804796480836731,0.0,0.3592372248333333,0.563677164,0.0,1371.0
0.7695303956423564,0.0,0.40569346700000003,0.5735841326666667,0.0,1371.0
0.9363118700131436,0.16577170800000002,0.39782328499999997,0.5687848074999999,0.0,1371.0
0.9447761499537857,0.51333138375,0.37622176150000003,0.54749361225,0.0,1371.0
0.9325352677544767,0.45819507800000003,0.39011905300000005,0.6158056875,0.0,1371.0
0.9462200930111337,0.041292684333333336,0.30794746500000003,0.5588083726666667,0.0,1371.0
0.7467879931104998,0.0,0.27399267983333336,0.43415755800000005,0.0,1371.0
0.7338394381626043,0.00022921640000000002,0.2139834388,0.29155197619999995,0.0,1371.0
0.9420760599413747,0.20487507649999998,0.216499673,0.31634570549999996,0.0,1371.0
0.939173005324756,0.4244274882,0.2553730848,0.36384982540000005,0.0,1371.0
0.9377809672625577,0.23777222600000003,0.31866883700000004,0.445736063,0.0,1371.0
0.9119146983109444,0.023058532499999996,0.4326303185,0.6442347075,0.0,1371.0
0.6472534636023184,0.0,0.4736917678333334,0.7469579893333332,0.0,1371.0
0.6346228397039335,0.00758896,0.56953133425,0.7932936859999999,0.0,1371.0
0.7396887723834547,0.0913764115,0.5865306655,0.795433624,0.0,1371.0
0.7568255425006408,0.13437585625,0.6519117695000001,0.8126241845,0.0,1371.0
0.7499543645696911,0.163277793,0.655546958,0.808797845,0.0,1371.0
0.77558896846991,0.03185481883333333,0.5957520161666666,0.7273902528333333,0.0,1371.0
0.7000320676846646,0.0,0.362945882,0.46117748999999997,0.0,1371.0
0.6244302012252972,0.0,0.23437397299999999,0.34515507457142863,0.0,1371.0
0.7340925010584716,0.14084595133333333,0.19783179066666667,0.374447846,0.0,1371.0
0.7657308601894248,0.36431196025,0.218153724,0.38910768549999997,0.0,1371.0
0.7664367888767516,0.271614385,0.252834159,0.3913779985,0.0,1371.0
0.7757455072506335,0.02967673785714286,0.2567495711428572,0.4991204717142856,0.0,1371.0
0.6468301419364932,0.0,0.1860631725,0.45908373383333334,0.0,1371.0
0.8464383289525443,0.0306160445,0.18418682525,0.46132706474999996,0.0,1371.0
0.926723040389637,0.219978278,0.2671809847142857,0.4857278014285714,0.0,1371.0
0.9436452822183325,0.101404563,0.356355406,0.448371136,0.0,1371.0
0.8643433476510503,0.0,0.28686808880000003,0.4786244785999999,0.0,1371.0
0.6606900705234882,0.0,0.2142401575,0.50925679075,0.0,1371.0
0.7361781455678431,0.000429321,0.1639933135,0.40679034875,0.0,1371.0
0.9256771477292087,0.17998706949999999,0.135836605,0.2623562605,0.0,1371.0
0.9302922023941643,0.4535863673333333,0.17504055133333332,0.15442297933333335,0.0,1371.0
0.9183022812280928,0.37778382775,0.288047142,0.24346997874999998,0.0,1371.0
0.9241140875799653,0.0614548286,0.3935631596,0.4067358822,0.0,1371.0
0.6955182337151461,0.0,0.5876017661428572,0.7086200592857143,0.0,1371.0
0.752306856556122,0.00093221,0.713880209,0.8021519046666666,0.0,1371.0
0.9160291873292926,0.088277206,0.778145096,0.8576258345000001,0.0,1371.0
0.9149547619727995,0.21920822799999998,0.8502517595,0.8984625116666667,0.0,1371.0
0.9187472765634819,0.09890498049999999,0.8849817959999999,0.919246761,0.0,1371.0
0.9077747048564433,0.00761606775,0.8987678317500001,0.92911937025,0.0,1371.0
0.6952053149401866,0.0,0.8571208690000001,0.8965694726666666,0.0,1371.0
0.7066026915198373,0.00040741375,0.78455711,0.85303231825,0.0,1371.0
0.9116213588789952,0.061253086,0.733807235,0.8156480545,0.0,1371.0
0.9163958355342319,0.24365859275,0.70561367725,0.7587620097500001,0.0,1371.0
0.9041765077186201,0.27868055166666666,0.7082690813333334,0.7477731799999999,0.0,1371.0
0.8961683207025332,0.04428473466666668,0.6492554665,0.7830017715,0.0,1371.0
0.6715976101220753,0.0,0.545381236625,0.680123415625,0.0,1371.0
0.8694120909044198,0.038330141,0.5184297215,0.6115928955,0.0,1371.0
0.9161179836295151,0.29035161066666665,0.5558650211666666,0.5722135923333334,0.0,1371.0
0.908171180443436,0.263419558,0.5938786425,0.500112056,0.0,1371.0
0.9312533851913672,0.1309050995,0.5932044945,0.5388318999999999,0.0,1371.0
0.8874695510297199,0.00057277875,0.6384533785000001,0.661286856,0.0,1371.0
0.6528801522304926,0.0,0.746533293,0.8201406807142858,0.0,1371.0
0.6782331169668007,0.029943615666666663,0.8395893983333332,0.9046831983333333,0.0,1371.0
0.8074573454906623,0.3135655298333333,0.8774601299999999,0.9278839749999999,0.0,1371.0
0.8224862123242581,0.32809626150000004,0.854545094,0.9272603945,0.0,1371.0
0.8357500427036093,0.0693348932,0.7953475630000001,0.9226992932,0.0,1371.0
0.6861049219972233,0.0,0.7611598611111111,0.8898087267777777,0.0,1371.0
0.737543797387148,0.12830048566666666,0.7883568013333333,0.8830300633333333,0.0,1371.0
0.8168242134228445,0.33922199000000003,0.855595282,0.8814053962000001,0.0,1371.0
0.8225929557100019,0.23879897449999998,0.8291614144999999,0.8904144375,0.0,1371.0
0.83461799885247,0.048759000799999994,0.7142191538,0.8887983038,0.0,1371.0
0.6957786560154497,0.0,0.6123176538571429,0.8197893609999999,0.0,1371.0
0.7884267851037388,0.0032730973333333336,0.608072328,0.819058504,0.0,1371.0
0.9520685775954286,0.258951541,0.5827695525000001,0.8183538275,0.0,1371.0
0.9657804621137787,0.4611311172,0.6004831738,0.7864346271999999,0.0,1371.0
0.9614626553186886,0.335153727,0.5498184016666666,0.7568929216666667,0.0,1371.0
0.9448905850343645,0.03750046725,0.46567628149999996,0.729022265,0.0,1371.0
0.7138584349394613,0.0,0.3209238433333333,0.5612029113333333,0.0,1371.0
0.7507984962630256,0.00219894875,0.27610312075,0.51977701375,0.0,1371.0
0.9410903713265153,0.3074798585,0.225371035,0.46739988499999996,0.0,1371.0
0.9439447541786375,0.64185222,0.197712288,0.3781489486,0.0,1371.0
0.9353389262165213,0.523771413,0.157990134,0.334076193,0.0,1371.0
0.95487422605207,0.2684050125,0.135921875,0.301709845,0.0,1371.0
0.9016271195476344,0.001954794,0.15892808325,0.26143741174999996,0.0,1371.0
0.7024333208994299,0.0,0.21856601539999998,0.247124597,0.0,1371.0
0.7658647701862695,0.0049114665,0.3412370335,0.33790044525,0.0,1371.0
0.9431112818690037,0.24230504266666666,0.41127068933333333,0.38294013200000004,0.0,1371.0
0.9315675784288715,0.4324312495,0.55005726125,0.4752610845,0.0,1371.0
0.9201453158507393,0.23033332350000002,0.6176265160000001,0.6019122785,0.0,1371.0
0.944031293667184,0.09208981499999999,0.604520414,0.675884982,0.0,1371.0
0.9142315271632752,0.0017860956666666667,0.5900432686666667,0.7090852473333333,0.0,1371.0
0.6928571415587168,0.0,0.563957302857143,0.7211123041428572,0.0,1371.0
0.7545711557903548,0.00482814,0.522255857,0.6756555433333333,0.0,1371.0
0.9182864955817839,0.1859278355,0.5104466745,0.6898949955,0.0,1371.0
0.9227558344465823,0.34080810424999997,0.6230166024999999,0.6945184335000001,0.0,1371.0
0.9233910704516844,0.220719997,0.6821535623333334,0.715385859,0.0,1371.0
0.9276421033330022,0.023924517200000002,0.6500207928,0.7887373664,0.0,1371.0
0.6873071156270824,0.0,0.6709425448571429,0.8494446911428571,0.0,1371.0
0.7405535268341561,0.0026668186666666664,0.7007747356666667,0.8884799973333334,0.0,1371.0
0.9147050679203327,0.1327295665,0.6491802655000001,0.877774199,0.0,1371.0
0.9179623568516849,0.3162667698,0.5344694482,0.7231804192,0.0,1371.0
0.9135028068008073,0.2549380135,0.40084604599999996,0.4793698755,0.0,1371.0
0.9023740328659827,0.03595802666666667,0.3048963015,0.40449387783333335,0.0,1371.0
0.6492224281276184,0.0,0.2944441765714286,0.40216710185714283,0.0,1371.0
0.6402543828824321,0.007837387,0.234726083,0.344491589,0.0,1371.0
0.7221490873342207,0.21603941650000003,0.170506645,0.289737723,0.0,1371.0
0.7730516796734479,0.4767193378,0.16646975879999998,0.2013045168,0.0,1371.0
0.7810744344819124,0.29482050225,0.18891803125,0.22887948325000002,0.0,1371.0
0.7852086070965061,0.002981,0.167589616,0.21798754,0.0,1371.0
0.6496389455288631,0.004824929888888888,0.1965330191111111,0.24390111655555552,0.0,1371.0
0.7623630535424506,0.33330704099999997,0.163564219,0.2277286235,0.0,1371.0
0.7675999926344018,0.5933152324,0.16371572620000002,0.1760948098,0.0,1371.0
0.7714145565838378,0.46723762700000004,0.2106848895,0.187299673,0.0,1371.0
0.7898378375602608,0.2615474005,0.1814102805,0.170703828,0.0,1371.0
0.7033046708160607,0.0021286714444444443,0.15544388966666667,0.1735322663333333,0.0,1371.0
0.8144343501269025,0.0167670735,0.13503923525,0.17168138924999998,0.0,1371.0
0.9388061424120044,0.320252932,0.1194267015,0.13065367449999998,0.0,1371.0
0.9148748020169105,0.4822535062,0.200501651,0.18372872,0.0,1371.0
0.9120439054059828,0.25537946349999996,0.250740091,0.289450072,0.0,1371.0
0.9278129106447591,0.120455363,0.29697662,0.378914702,0.0,1371.0
0.8653900801576251,0.0014606213333333334,0.42919982,0.544227118,0.0,1371.0
0.666834063479998,0.0,0.5870380995000001,0.7194315365,0.0,1371.0
0.7831745902119989,0.0014168,0.6576425960000001,0.77744944425,0.0,1371.0
0.9323341456204011,0.062516403,0.608939806,0.8499489073333333,0.0,1371.0
0.9146996793075395,0.16665387199999998,0.6073132852500001,0.8052445662500001,0.0,1371.0
0.9170827588352467,0.180829401,0.61495107,0.701230215,0.0,1371.0
0.9304909320408395,0.1069206775,0.549240812,0.6703574969999999,0.0,1371.0
0.8651381650511274,0.006180215333333333,0.43784363633333334,0.6641398719999999,0.0,1371.0
0.6716222314806948,0.0,0.29715388000000004,0.4943469776666667,0.0,1371.0
0.7997139749430322,0.00529608075,0.2427768265,0.35265129125,0.0,1371.0
0.9441006076513008,0.1429389165,0.2582153655,0.337799235,0.0,1371.0
0.9463509397892058,0.402342576,0.254814667,0.35297673125,0.0,1371.0
0.9392099966063872,0.44190241399999997,0.28374260900000003,0.4094165735,0.0,1371.0
0.9517136456759838,0.30761793400000004,0.2820308805,0.3820894515,0.0,1371.0
0.8936205796931427,0.0398429135,0.1961139,0.32268497775,0.0,1371.0
0.6831245403971615,0.0,0.18009854516666668,0.3068331793333333,0.0,1371.0
0.8183681831123597,0.01719686825,0.17303254425,0.3044087345,0.0,1371.0
0.9437800643391487,0.25634933449999997,0.176003919,0.3781628875,0.0,1371.0
0.9404089708475455,0.456745714,0.20900512475,0.42457642225,0.0,1371.0
0.9410874646739573,0.411566522,0.26104597350000003,0.462288042,0.0,1371.0
0.9592161392039227,0.26048801450000003,0.3024173995,0.4787944865,0.0,1371.0
0.9447564960918506,0.071975808,0.339432555,0.5594054335,0.0,1371.0
0.7882211016994402,0.0,0.35060684525,0.57829370725,0.0,1371.0
0.6534692822015036,0.0,0.32880370540000003,0.4624471832,0.0,1371.0
0.8558675108520998,0.014562526333333332,0.2841348973333333,0.31494661733333335,0.0,1371.0
0.9410745857139444,0.1867177535,0.281341546,0.2907634765,0.0,1371.0
0.9402668996596497,0.32711735324999996,0.3117143745,0.319560676,0.0,1371.0
0.940475445047565,0.3240949945,0.36641746350000004,0.4002164015,0.0,1371.0
0.9591890396637098,0.209255568,0.419121726,0.49058687700000003,0.0,1371.0
0.8930829273092202,0.03477430125,0.461700015,0.6066829794999999,0.0,1371.0
0.650791601773845,0.0,0.48515688075,0.67178424925,0.0,1371.0
0.6839884675502766,0.012989652,0.4624254625,0.6586783620000001,0.0,1371.0
0.7771886441913521,0.19246435500000003,0.47740904766666664,0.6443010450000001,0.0,1371.0
0.7886564333141878,0.3790220116,0.3872037036,0.5779908026,0.0,1371.0
0.8197642324387583,0.28524593200000004,0.343919867,0.5298352315,0.0,1371.0
0.7908771215163403,0.0539067215,0.28709696325,0.488272927,0.0,1371.0
0.6234577317855542,0.0,0.18735769824999998,0.3017718585,0.0,845.25
0.637439924927806,0.041403907,0.1970940055,0.2305045855,0.0,670.0
0.7379215805965522,0.26027237449999996,0.199034005,0.208121192,0.0,670.0
0.7711793364492463,0.3869026025,0.22950447825,0.1728233495,0.0,670.0
0.7693512377846216,0.30829442900000004,0.28570111499999995,0.230681835,0.0,670.0
0.7944028073657278,0.19113196249999997,0.330825079,0.3099223845,0.0,670.0
0.746933917523161,0.017073741666666666,0.42714022849999994,0.5309896336666667,0.0,670.0
0.6364819991397083,0.0,0.5674260081666667,0.7546529784999999,0.0,670.0
0.8118236600751979,0.023567632333333335,0.6189545516666667,0.8398621070000001,0.0,670.0
0.8776980552982659,0.131639682,0.642024955,0.83928524875,0.0,670.0
0.8662645684340154,0.17504794599999998,0.6316230146666667,0.82324535,0.0,670.0
0.8722693446739468,0.10931117400000001,0.592957465,0.8009544390000001,0.0,670.0
0.8550618297495248,0.01961407633333333,0.5638534716666667,0.7823780923333334,0.0,670.0
0.6940103922260037,0.0,0.4986593567999999,0.7354994812,0.0,670.0
0.6100704309694605,0.0,0.45985695925000003,0.6893227929999999,0.0,670.0
0.7610826690082995,0.007811848,0.47598308899999997,0.7128739534999999,0.0,670.0
0.850612010469934,0.0717976765,0.5356443209999999,0.746411811,0.0,670.0
0.8517291630184978,0.32553329140000004,0.4652277968,0.7446166827999999,0.0,670.0
0.8530110322214104,0.31837918649999997,0.45862934050000004,0.766030539,0.0,670.0
0.8429256875676707,0.0735474466,0.3600449612,0.7201052299999999,0.0,670.0
0.6498985124595295,0.0,0.33027992116666666,0.6503700396666666,0.0,670.0
0.6987199552804355,0.0102351095,0.48305142675,0.64671675625,0.0,670.0
0.8660555087122532,0.22856054525,0.55558063625,0.6231666757500001,0.0,670.0
0.8665667547005269,0.391067033,0.6431008455,0.7947043527500001,0.0,670.0
0.876633930147598,0.2867767875,0.670034577,0.871174771,0.0,670.0
0.8446349597764163,0.06006810425,0.5791544477499999,0.8179568220000001,0.0,670.0
0.6980135794088712,0.0,0.43073084466666667,0.759613159,0.0,670.0
0.6231800289403756,0.0,0.36733223475,0.64951915675,0.0,670.0
0.7602663448444057,0.05491808533333333,0.2969475713333333,0.44931213466666664,0.0,670.0
0.8739302403043265,0.4485917035,0.2690284205,0.334688753,0.0,670.0
0.8735631895728456,0.71215083025,0.37369920725,0.2503430125,0.0,670.0
0.8679800654351978,0.47895824075000004,0.42327356699999996,0.31842356650000003,0.0,670.0
0.8424991297225024,0.03969201675,0.47035244924999997,0.59722582325,0.0,670.0
0.6628709859252159,0.0,0.6147713974,0.8243744316000001,0.0,670.0
0.6623481488054548,0.00049193125,0.71116255125,0.895618971,0.0,670.0
0.8326742399299678,0.062207076,0.763067795,0.9178517150000001,0.0,670.0
0.8650992002502267,0.25598518975,0.78541459675,0.9126921782499999,0.0,670.0
0.84080143814152,0.38444816833333334,0.7820680470000001,0.8511062099999999,0.0,670.0
0.8382993995995884,0.225422511,0.7251169925000001,0.7847236765000001,0.0,670.0
0.8428895608662229,0.0539957,0.665279009,0.741437741,0.0,670.0
0.7742624194169073,0.0,0.5967325915,0.6627170925,0.0,670.0
0.599977765829686,0.0,0.4005710645,0.49005741499999994,0.0,670.0
0.5876828187142192,0.0007729705,0.232484236,0.3637222765,0.0,670.0
0.659713482159588,0.0807168,0.1867998165,0.32908511149999997,0.0,670.0
0.7412888729771552,0.17558690300000002,0.1592225705,0.28106038099999997,0.0,670.0
0.7272615587553102,0.26625847475,0.11708914649999999,0.26851639075,0.0,670.0
0.7377484895952818,0.22100637166666667,0.10585442733333333,0.276875633,0.0,670.0
0.7528243109762139,0.044509650000000005,0.09695723033333332,0.227512712,0.0,670.0
0.682116432831917,0.0,0.070200531,0.16222101774999997,0.0,670.0
0.5788204935523682,0.0,0.0563819282,0.07662169939999999,0.0,670.0
0.6179257769831509,0.02156588,0.052419356,0.055294460000000004,0.0,670.0
0.7141515806260621,0.1353819165,0.054291282499999996,0.050646996,0.0,670.0
0.7482964204295004,0.32122362299999996,0.0377418415,0.04460481575,0.0,670.0
0.7430600447532512,0.31323185750000004,0.043688726,0.050123601500000003,0.0,670.0
0.7609003063002086,0.242518097,0.043801651,0.060683256000000005,0.0,670.0
0.7566114742456967,0.069141914,0.04370729733333333,0.08646784433333332,0.0,670.0
0.6489723015411832,0.0,0.06248298862499999,0.14032762,0.0,670.0
0.7392516177405858,0.01799717933333333,0.06804974033333333,0.15819812700000002,0.0,670.0
0.8608998502181701,0.1492333125,0.07581410799999999,0.171404269,0.0,670.0
0.8649558545805072,0.33145630925,0.13761004375,0.19639571325000002,0.0,670.0
0.8617601477161465,0.3072207065,0.255557716,0.2573484205,0.0,670.0
0.87357213331382,0.21202553899999999,0.2878069545,0.296593985,0.0,670.0
0.8008079125298768,0.024377467166666666,0.3569469653333333,0.46588371549999996,0.0,670.0
0.614750595980991,0.0,0.4715127473333333,0.6133445089999999,0.0,670.0
0.7685378054286227,0.010517108,0.5296061935,0.643240848,0.0,670.0
0.8630253726101895,0.0614900025,0.5526687205,0.6408410689999999,0.0,670.0
0.8701144331953066,0.16510686859999998,0.5013534261999999,0.5573909140000001,0.0,670.0
0.8703751966028395,0.14507061733333335,0.4346635956666667,0.5013005106666667,0.0,670.0
0.822649104475016,0.0126295406,0.3902621482,0.49323028339999997,0.0,670.0
0.6206426365394094,0.0,0.2699998928333333,0.37681741816666664,0.0,670.0
0.6892334738800553,0.0014933745,0.2742848315,0.40268828850000005,0.0,670.0
0.8450201960976762,0.081503826,0.281321914,0.3914611133333334,0.0,670.0
0.8780344469147012,0.2646389414,0.22931177319999999,0.3543406394,0.0,670.0
0.87597146801779,0.2299601155,0.2308611605,0.370594955,0.0,670.0
0.8847594886761164,0.12681538050000002,0.248428113,0.4027349355,0.0,670.0
0.8321758951799478,0.010152436666666667,0.28061688999999995,0.4386539166666667,0.0,670.0
0.6482036530491314,0.0,0.3165902173333333,0.4605140263333333,0.0,670.0
0.6724779602411326,0.0013258043333333332,0.337899118,0.5004102283333333,0.0,670.0
0.8332660019214816,0.0784838175,0.33292171699999995,0.46096608149999996,0.0,670.0
0.8790651224707512,0.2713028368,0.2890695596,0.34326185020000005,0.0,670.0
0.8768810753038934,0.24548003100000002,0.260353502,0.30936487300000004,0.0,670.0
0.8534151636871142,0.0456952572,0.2397734658,0.3088761336,0.0,670.0
0.6461427182193066,0.0,0.16876101628571427,0.17041597485714283,0.0,670.0
0.7412760610880303,0.009121139333333333,0.120426294,0.11089028966666666,0.0,670.0
0.8713645223401527,0.10423881366666667,0.102317225,0.09570875033333333,0.0,670.0
0.8693023290250748,0.17839092850000002,0.10392673599999999,0.11550804275,0.0,670.0
0.8675185242043095,0.1639777955,0.1034298155,0.1450913415,0.0,670.0
0.869698648102083,0.1004947625,0.0843030335,0.119542131,0.0,670.0
0.8099539209490727,0.006829324,0.10370866174999999,0.11278319175000001,0.0,670.0
0.5981867017323813,0.0,0.18275776833333332,0.22500279016666666,0.0,670.0
0.5892106987387205,0.004118171,0.177771768,0.26228902600000004,0.0,670.0
0.682898152241223,0.20020243166666665,0.24635457166666666,0.29872001033333334,0.0,670.0
0.7231978023815719,0.39344243900000003,0.35167332160000003,0.30571137200000004,0.0,670.0
0.712173629842037,0.327797749,0.3840283815,0.33517288,0.0,670.0
0.7253602892268673,0.207308508,0.370062992,0.39282524,0.0,670.0
0.7381912341085917,0.027286800333333333,0.4278871933333333,0.4945959076666666,0.0,670.0
0.6120269839279698,0.0,0.4665048461428572,0.5939120138571428,0.0,670.0
0.5805273420661824,0.007268961,0.48454255300000004,0.6050008739999999,0.0,670.0
0.6545567057611416,0.142802646,0.513131088,0.6605862524999999,0.0,670.0
0.7377546235226345,0.39005253249999994,0.5904938660000001,0.707858341,0.0,670.0
0.7488468846913015,0.304935858,0.6133620376666666,0.7388001816666666,0.0,670.0
0.7396069104618224,0.0404124954,0.6142270865999999,0.788882997,0.0,670.0
0.6230780751997183,0.0,0.5429886774285715,0.7723550734285716,0.0,670.0
0.7896019020141098,0.12123101866666668,0.519941804,0.7176862236666667,0.0,670.0
0.8525733081462527,0.3745621164,0.6359601159999999,0.7197662896000001,0.0,670.0
0.8462573078983787,0.27533994149999996,0.7260191277499999,0.75409645525,0.0,670.0
0.8337137250649734,0.02750534475,0.7668531795,0.8018648877500001,0.0,670.0
0.6384246808158378,0.0,0.8639035257142857,0.8791793007142857,0.0,670.0
0.6830157473682648,0.0054296865,0.902839994,0.9219654655,0.0,670.0
0.8075237974686705,0.113034317,0.9002773989999999,0.9274210505,0.0,670.0
0.8356019702906544,0.4151527471666667,0.8825666028333332,0.9256728455,0.0,670.0
0.8257759401918101,0.34555137150000004,0.8763222239999999,0.9123124985,0.0,670.0
0.830527833930607,0.21870037850000001,0.8512720775,0.9003141020000001,0.0,670.0
0.8141987573575231,0.027231462999999997,0.8024720996666667,0.872607982,0.0,670.0
0.6389748257020973,0.0,0.7129379185,0.838121487,0.0,670.0
0.7516264845199268,0.053311143000000005,0.6253716490000001,0.73073159,0.0,670.0
0.8229770889715616,0.213227603,0.64837797,0.70185566,0.0,670.0
0.8185770595025297,0.42553436520000004,0.6647238258,0.7161058316,0.0,670.0
0.807341390091638,0.48530447,0.711096367,0.7412611259999999,0.0,670.0
0.807477334752021,0.3214128705,0.7177414289999999,0.7873954015,0.0,670.0
0.8024001277058858,0.03572910766666667,0.7810969743333334,0.8504714026666668,0.0,670.0
0.6388407878917371,0.0,0.589660411,0.6749667215714286,0.0,670.0
0.7138140666023823,0.066878745,0.3386494723333333,0.421853759,0.0,670.0
0.8139327857268468,0.34740745250000005,0.280664457,0.310234432,0.0,670.0
0.8144013775655411,0.6586219286666666,0.24979263883333333,0.2423893621666667,0.0,670.0
0.8072754300567762,0.481227062,0.18790038450000002,0.2451768765,0.0,670.0
0.7944623636827266,0.07839542819999999,0.1580540178,0.20284169800000001,0.0,670.0
0.6217973904274314,0.0,0.18838124142857143,0.20062193714285712,0.0,670.0
0.755354075098297,0.095877644,0.214627938,0.22317446600000002,0.0,670.0
0.8280873580294009,0.45008858533333324,0.2597836693333333,0.225064834,0.0,670.0
0.8178021791083474,0.733942,0.28792957325,0.2325670185,0.0,670.0
0.8081505293709983,0.6211814250000001,0.2594935975,0.2302884405,0.0,670.0
0.8099595779128937,0.361816979,0.18697923,0.20968359949999998,0.0,670.0
0.8069600591651386,0.046044581,0.13785249666666669,0.18942265533333333,0.0,670.0
0.6142019595470857,0.0,0.08762173124999999,0.13438419125,0.0,670.0
0.6057584123042872,0.121154122,0.10298622,0.19172709599999999,0.0,670.0
0.6839555769719423,0.4201387985,0.10079777849999999,0.23158235249999998,0.0,670.0
0.6976724028738647,0.7504361832,0.2290297716,0.29750267080000004,0.0,670.0
0.6902138409530092,0.6269491645,0.283641272,0.3467952985,0.0,670.0
0.6966015431110404,0.3641903705,0.27580655350000005,0.386628562,0.0,670.0
0.6936026922111939,0.026981343199999997,0.3586696342,0.47062434160000005,0.0,670.0
0.5779141328526168,0.0,0.34211920133333334,0.40903109449999997,0.0,670.0
0.5976548553212113,0.094940866,0.338778529,0.4727250835,0.0,670.0
0.6903011765383589,0.366237545,0.3693529726666666,0.5264190106666667,0.0,670.0
0.7002903760682788,0.500500291,0.5391555446,0.6147858708,0.0,670.0
0.7084518078998416,0.3921725125,0.5809416635,0.7120737825000001,0.0,670.0
0.7266777231055259,0.085621262,0.59836448225,0.7508837985,0.0,670.0
0.6326465961284882,0.0,0.6252473541428571,0.7736279947142856,0.0,670.0
0.7217278226664045,0.05230103666666667,0.563185983,0.6918660103333334,0.0,670.0
0.8480868374873359,0.2382561065,0.6231820379999999,0.6719458895,0.0,670.0
0.8463549823688983,0.26568815,0.7158915814,0.7185834724,0.0,670.0
0.8359785013527056,0.160818013,0.7449389946666667,0.823858748,0.0,670.0
0.8282650922951673,0.029181572,0.6969327249999999,0.850226033,0.0,670.0
0.6384661477827454,0.0,0.6667768572857142,0.8088188335714286,0.0,670.0
0.7182461176296612,0.036714879666666665,0.5036016010000001,0.682635647,0.0,670.0
0.845271395668909,0.15339348800000002,0.4432320895,0.586787963,0.0,670.0
0.8553906162132631,0.20049628033333333,0.3900767823333333,0.5127777141666667,0.0,670.0
0.8595515379890311,0.145137035,0.434361294,0.526958204,0.0,670.0
0.8525571825504057,0.0805936215,0.45248392449999997,0.5687362375,0.0,670.0
0.7651116409687873,0.00193238925,0.44733789300000004,0.6582698530000001,0.0,670.0
0.6088337320595738,0.0,0.48664470919999997,0.7419492363999999,0.0,670.0
0.7270808245517717,0.08304976933333334,0.5078740686666666,0.7006068129999999,0.0,670.0
0.8512627116453062,0.3759302295,0.5491194985000001,0.7467729160000001,0.0,670.0
0.8553244534632773,0.5929152252000001,0.606052343,0.7611145998,0.0,670.0
0.8583677010535101,0.43549107200000003,0.682087213,0.8277453640000001,0.0,670.0
0.8380745541977795,0.09105166825,0.66550284875,0.8615800225,0.0,670.0
0.6438551481952105,0.0,0.7001242628571428,0.8839557338571428,0.0,670.0
0.7362205872812936,0.09141025966666667,0.6721890156666667,0.849485885,0.0,670.0
0.852770401105817,0.3865483965,0.7145386225,0.8508899169999999,0.0,670.0
0.852546673698339,0.5979127395,0.6100453538333334,0.7835827296666666,0.0,670.0
0.8534911317106033,0.3907454995,0.47215348149999997,0.6577769585,0.0,670.0
0.8354389707927377,0.07533703475,0.2533163855,0.44423666275,0.0,670.0
0.6518408896272724,0.0,0.1464651591666667,0.2315196831666667,0.0,670.0
0.6382523510855334,0.0,0.133488226,0.176928905,0.0,670.0
0.7790540680413195,0.06990606399999999,0.14862920699999999,0.24713879300000002,0.0,670.0
0.8648728344175127,0.2192710295,0.167857722,0.28502389650000004,0.0,670.0
0.873200557031525,0.3766052535999999,0.1514512858,0.2912958176,0.0,670.0
0.8698538665335436,0.3631478085,0.172682998,0.3317726395,0.0,670.0
0.8733355715927789,0.236078072,0.17800256949999999,0.347876667,0.0,670.0
0.8301449825732026,0.036514767,0.1701034903333333,0.3488676766666667,0.0,670.0
0.6207851716736417,0.0,0.130560804625,0.277942726875,0.0,670.0
0.624489648318348,0.0878934595,0.116507167,0.21941376699999998,0.0,670.0
0.721386678987586,0.306435974,0.120625798,0.187893441,0.0,670.0
0.7535691747076392,0.5061308935,0.08769712499999999,0.1362382755,0.0,670.0
0.7584456993478665,0.39900394125,0.09880587325000001,0.1586977015,0.0,670.0
0.7488726694846661,0.059886289999999995,0.10988085680000001,0.2170269174,0.0,670.0
0.6055366651909646,0.0,0.10610160185714287,0.2506522842857143,0.0,670.0
0.624878655892592,0.09985413900000001,0.160385736,0.353027033,0.0,670.0
0.7215115334024134,0.30188294400000004,0.2019290845,0.3959851215,0.0,670.0
0.7582198030788445,0.5020652157500001,0.23916023175,0.39796099949999997,0.0,670.0
0.7696405674930669,0.41385571125,0.27204281175,0.50197089875,0.0,670.0
0.7647625224219345,0.0968870065,0.28500181175,0.5602339535,0.0,670.0
0.6483961072493302,0.0,0.29848930116666667,0.5707684523333334,0.0,670.0
0.6889158373329209,0.025288693333333334,0.3275170246666666,0.605786643,0.0,670.0
0.8376508896314772,0.2159826165,0.352258987,0.6226591269999999,0.0,670.0
0.8712042953867561,0.5123823286666666,0.331787734,0.569913062,0.0,670.0
0.8673977391165588,0.4446463985,0.286093908,0.533683455,0.0,670.0
0.8673102097858605,0.24664685833333333,0.26182805066666665,0.5134396920000001,0.0,670.0
0.8134863593321737,0.0134658395,0.23852894600000002,0.45344778750000003,0.0,670.0
0.6437677296307632,0.0,0.3145664417142857,0.4903895767142857,0.0,452.14285714285717
0.701817556913635,0.09944843733333335,0.41523401899999995,0.5334509813333334,0.0,365.0
0.8115978458229408,0.3678774845,0.519863461,0.5881406330000001,0.0,365.0
0.815081527435605,0.41554916999999997,0.7392012508000001,0.7309800948,0.0,365.0
0.8086051392237176,0.2014728965,0.768632506,0.8406903459999999,0.0,365.0
0.7988371718258274,0.044713007000000006,0.6565914568,0.8381354282,0.0,365.0
0.625730562271105,0.0,0.6423160532857143,0.8514786618571428,0.0,365.0
0.6394155503627943,0.014971315,0.5822926315,0.835431654,0.0,365.0
0.7696178951037926,0.1215035875,0.5904433505,0.8274843815,0.0,365.0
0.8229649702270013,0.38866832675,0.58310274025,0.76998581525,0.0,365.0
0.8124847806522943,0.5924946233333332,0.6192314753333333,0.7196092686666667,0.0,365.0
0.8098783017279392,0.35220009575,0.6303257120000001,0.7126339235,0.0,365.0
0.7212378194835904,0.0049780218,0.45994526160000004,0.6019189712000002,0.0,365.0
0.5999737411940429,0.0,0.40120739125000004,0.5331458157500001,0.0,365.0
0.6583949973799783,0.0340505475,0.3479998505,0.393619033,0.0,365.0
0.7705196915328998,0.1595225615,0.3640389605,0.3355123335,0.0,365.0
0.8115880673058187,0.30259015799999994,0.5268682943333333,0.41543244533333334,0.0,365.0
0.7945924890326523,0.14437332133333333,0.49447834800000007,0.5644848733333334,0.0,365.0
0.7891679521203834,0.024053861750000002,0.35739394975000005,0.5424156625,0.0,365.0
0.6256913695644578,0.0,0.3048841527142857,0.40583551471428575,0.0,365.0
0.6359457628691931,0.017856274000000002,0.291842454,0.2801058395,0.0,365.0
0.7752469005533551,0.1459268056666667,0.26790615766666664,0.24336378633333333,0.0,365.0
0.800889042596111,0.32306618600000003,0.28824499439999995,0.2423017594,0.0,365.0
0.7862296681149831,0.2981722565,0.3324508585,0.27464879249999996,0.0,365.0
0.7836261629028282,0.134701922,0.27807515,0.27860547199999997,0.0,365.0
0.7775700346989323,0.008219375,0.248875723,0.278380815,0.0,365.0
0.5922807213303378,0.007865077777777778,0.250507238,0.2991768172222222,0.0,365.0
0.60006219467251,0.194736407,0.324935142,0.33116362450000003,0.0,365.0
0.6780107832932751,0.5134308435,0.41001584466666663,0.36352310483333333,0.0,365.0
0.6696859658608496,0.48598182199999995,0.3951137175,0.37557064900000003,0.0,365.0
0.6741546713083615,0.24840991533333334,0.3110892986666667,0.3913808513333333,0.0,365.0
0.6741486193640359,0.00827445675,0.2276764465,0.3579444435,0.0,365.0
0.5660992346060406,0.0,0.0924492046,0.16986093019999998,0.0,365.0
0.5488121785476631,0.0459221195,0.062707873,0.1338145055,0.0,365.0
0.5996012348126187,0.23879438849999998,0.060708646500000005,0.14856489150000002,0.0,365.0
0.6763503870508654,0.5024451295000001,0.111716175,0.1605965755,0.0,365.0
0.6769832812698399,0.6823274055999999,0.2543906488,0.2048664296,0.0,365.0
0.6718898577515277,0.4678798215,0.2614449065,0.23764121300000002,0.0,365.0
0.6737633234279579,0.2102854775,0.219026811,0.251972398,0.0,365.0
0.6749299101561798,0.007792669,0.14114405925,0.18384651775,0.0,365.0
0.5938062694276672,0.0,0.0469440666,0.0899314824,0.0,365.0
0.6356843599535635,0.0374738715,0.064525937,0.09886780249999999,0.0,365.0
0.7544097736072632,0.23417439099999998,0.087182254,0.12503382600000001,0.0,365.0
0.7978753152788377,0.6030990295,0.17158814783333332,0.14612111616666665,0.0,365.0
0.7847276132613308,0.567848331,0.19627876599999997,0.18277326166666666,0.0,365.0
0.7764890730347425,0.12082934099999999,0.1842920625,0.22009415650000003,0.0,365.0
0.6262982463921867,0.0,0.263254894,0.28884087985714285,0.0,365.0
0.6356630291844767,0.043144458999999996,0.2765051945,0.3504325625,0.0,365.0
0.7689299731842811,0.286889731,0.286486531,0.37642157,0.0,365.0
0.7993073929405468,0.59729668525,0.390187712,0.42685555475,0.0,365.0
0.7875735085242417,0.494502223,0.4630667595,0.5300152600000001,0.0,365.0
0.7837368267416687,0.374250596,0.45331572200000003,0.534340653,0.0,365.0
0.7814940743900797,0.105094938,0.32106135474999997,0.48211081825,0.0,365.0
0.6330790958287379,0.0,0.2802218185,0.38451818433333335,0.0,365.0
0.6207414722179746,0.024596927333333338,0.38048061833333335,0.365653905,0.0,365.0
0.7603279074851312,0.169994955,0.44553401550000005,0.402416703,0.0,365.0
0.8063392896893178,0.3117118245,0.5640663435,0.4748719755,0.0,365.0
0.8019212654181688,0.3191414485,0.64326057525,0.57757637925,0.0,365.0
0.7920347310018818,0.260849498,0.6215307285,0.644740909,0.0,365.0
0.7960957214954542,0.13100173766666667,0.5703666096666667,0.6182700799999999,0.0,365.0
0.7183600488373824,0.0075568114,0.49299697700000006,0.6160392278,0.0,365.0
0.5872298747026298,0.0,0.48967944225,0.6548059975,0.0,365.0
0.6719632038161113,0.12268943733333333,0.4694834116666667,0.6445126123333335,0.0,365.0
0.8044008254398802,0.446725822,0.536346699,0.648433788,0.0,365.0
0.8075228046440911,0.6268552068,0.4139494958,0.4796078024,0.0,365.0
0.792090584587513,0.4820744235,0.3691539485,0.37585943099999997,0.0,365.0
0.791330740071681,0.24592461966666668,0.2995134626666667,0.34425143066666664,0.0,365.0
0.7792450167002605,0.029209028,0.3373167105,0.376915961,0.0,365.0
0.6425057167922003,0.0,0.4905360516,0.5450522557999999,0.0,365.0
0.594951403869738,0.002507193333333333,0.6219879963333333,0.707410002,0.0,365.0
0.7008839804444551,0.0910990795,0.6952524474999999,0.7955388409999999,0.0,365.0
0.8017835766785324,0.2381264155,0.7679234155000001,0.8364532680000001,0.0,365.0
0.8068149798951485,0.329640155,0.7744171224,0.8003672228,0.0,365.0
0.7952016167161984,0.2906923835,0.6631533195,0.7045464735,0.0,365.0
0.7940696980910403,0.15013648000000002,0.518953934,0.553499893,0.0,365.0
0.7126617026293285,0.008093948,0.23950741439999995,0.3971065442,0.0,365.0
0.5592842479228325,0.0,0.10255847375,0.21942687974999997,0.0,365.0
0.5645517067384407,0.11568669133333333,0.054678360333333335,0.10828369,0.0,365.0
0.6628041896499824,0.43237833449999996,0.049425010500000005,0.0804479515,0.0,365.0
0.697362028601442,0.5921625880000001,0.08909904475000001,0.0806832905,0.0,365.0
0.6918491127601555,0.4793688706666667,0.08620373766666667,0.10795590933333332,0.0,365.0
0.709962158131305,0.2596031805,0.0855501775,0.1699733375,0.0,365.0
0.6294020820305108,0.014875322899999998,0.0945215936,0.1593399437,0.0,365.0
0.5561628969987551,0.040185999,0.1082858435,0.1745649045,0.0,365.0
0.6067665048899169,0.23899767049999998,0.0891891325,0.14586414250000002,0.0,365.0
0.692662938652678,0.5105792422000001,0.11752181980000001,0.1316682196,0.0,365.0
0.6784937410211809,0.44412565025,0.18607060875000003,0.22132816825,0.0,365.0
0.6863957323858636,0.082790549,0.21378033600000002,0.2624362378333333,0.0,365.0
0.5951780052535212,0.0,0.2464537384,0.3957914952,0.0,365.0
0.6376796839869039,0.066279005,0.1920518275,0.4180202745,0.0,365.0
0.7595474328458305,0.2814582655,0.12728701,0.3900432625,0.0,365.0
0.8003741639275362,0.6003003434999999,0.13034338383333333,0.3462064566666667,0.0,365.0
0.7853162896096335,0.515455386,0.135994026,0.3592480715,0.0,365.0
0.7831425158089994,0.24578305,0.130950017,0.3612663973333334,0.0,365.0
0.7184629017337574,0.0100386058,0.13039632819999997,0.3145234224,0.0,365.0
0.5859022896045855,0.0,0.138792779,0.332294419,0.0,365.0
0.6354880450837759,0.064522394,0.1538969735,0.34132389799999996,0.0,365.0
0.7705793164052531,0.2855228596666667,0.15329053166666665,0.319003164,0.0,365.0
0.8007177522300122,0.5005674913333333,0.19135954600000002,0.26299390933333333,0.0,365.0
0.7904328192692859,0.4453710926666667,0.30024477299999996,0.33860283499999994,0.0,365.0
0.7827889254197745,0.2687824795,0.4332636475,0.46222892,0.0,365.0
0.782984703722458,0.1213059895,0.49911004049999996,0.622823785,0.0,365.0
0.7181667658416357,0.0058037456,0.4686354804,0.7051155434,0.0,365.0
0.585993504460337,0.0,0.46517544450000003,0.7373858664999999,0.0,365.0
0.6355483705567633,0.0477985665,0.4577479895,0.7410778545000001,0.0,365.0
0.7779382779179637,0.24975399066666668,0.4617091893333333,0.6930159640000001,0.0,365.0
0.8100250459483794,0.54234015575,0.33105496049999994,0.5350472792500001,0.0,365.0
0.8027224895905108,0.5143804255000001,0.30439095925,0.54616831975,0.0,365.0
0.7928777447233772,0.140148745,0.28381781824999996,0.56487661675,0.0,365.0
0.6457679963374263,0.0,0.20207097619999997,0.4676617218,0.0,365.0
0.6087455140759462,0.005850978333333333,0.16760216533333336,0.39937428766666666,0.0,365.0
0.7110885539794018,0.13920104049999998,0.1452117105,0.3753751915,0.0,365.0
0.8047371096956617,0.3557809295,0.1270641965,0.3355360515,0.0,365.0
0.8066789278538689,0.6157463845999999,0.09237595979999999,0.22176544580000002,0.0,365.0
0.7912420480439726,0.498866545,0.10391254650000001,0.228279607,0.0,365.0
0.7957689771850616,0.251789489,0.110146364,0.24231419,0.0,365.0
0.7201652783332251,0.0148447528,0.11512797319999998,0.2214109604,0.0,365.0
0.5995656275259413,0.0,0.09167122875,0.19844520999999998,0.0,365.0
0.6547983653420018,0.061936319,0.086265079,0.165491058,0.0,365.0
0.764407053834172,0.22251116999999998,0.07565778649999999,0.131985499,0.0,365.0
0.8013016756737705,0.5259966117142857,0.08524335342857141,0.09215696757142856,0.0,365.0
0.7849007638661736,0.3102284585,0.08765154950000001,0.10418271700000001,0.0,365.0
0.7816316289542022,0.09852550875,0.07081423575,0.0902561585,0.0,365.0
0.606458246433144,0.0,0.09053976099999998,0.09153278114285714,0.0,365.0
0.5525537437571522,0.09257784050000001,0.131350583,0.143386065,0.0,365.0
0.6002200068040353,0.3386475055,0.1415754905,0.1599088565,0.0,365.0
0.6780084206301527,0.633506538,0.232056967,0.1880876095,0.0,365.0
0.6788214169916416,0.77295710375,0.3795741975,0.27174205900000004,0.0,365.0
0.6717934666516362,0.5534887796666667,0.45714314133333334,0.327210764,0.0,365.0
0.6773401003913353,0.216086693,0.4435549435,0.353917922,0.0,365.0
0.6788511436998875,0.01322116725,0.49251071550000003,0.40553735625,0.0,365.0
0.5637250898697751,0.0026727780000000002,0.48433705516666664,0.42853770666666663,0.0,365.0
0.5834089972908841,0.16461536266666668,0.44212544299999995,0.42155653966666673,0.0,365.0
0.6798323679284439,0.4429760233333333,0.46044738216666664,0.4189786053333333,0.0,365.0
0.6715102187117947,0.364511196,0.37493177099999997,0.3916378225,0.0,365.0
0.6772681182589181,0.155204099,0.301013705,0.347193079,0.0,365.0
0.6698844004540966,0.0053631364,0.21342442100000003,0.294034854,0.0,365.0
0.5864084265320669,0.0,0.16130823775,0.24205112500000003,0.0,365.0
0.6354471945270544,0.054268766,0.166138469,0.2393275885,0.0,365.0
0.7702904339035369,0.25979811199999997,0.17502801133333334,0.20948683333333332,0.0,365.0
0.7977286679130782,0.48391176899999994,0.211526588,0.231438694,0.0,365.0
0.7844786645009312,0.3567140985,0.2551903135,0.4140692815,0.0,365.0
0.783158256730137,0.16123558066666666,0.32198134633333336,0.517064028,0.0,365.0
0.7642768480081775,0.015418927333333332,0.37349664,0.5737536973333334,0.0,365.0
0.6069408927299736,0.0,0.4114837816666667,0.5681781920000001,0.0,365.0
0.6353474495903677,0.060942459500000004,0.4420125925,0.6146055884999999,0.0,365.0
0.7575915954145531,0.23220530050000002,0.401826399,0.5482699315,0.0,365.0
0.8021279326862684,0.56974372625,0.25725431125,0.3686160965,0.0,365.0
0.7894184884388057,0.62300408375,0.184007337,0.35198438325000003,0.0,365.0
0.7832836478470199,0.28003572866666665,0.21280555033333334,0.465831191,0.0,365.0
0.7778373181255177,0.0392020085,0.2381207595,0.5227482194999999,0.0,365.0
0.6257637434867408,0.0,0.16607182142857144,0.43390254314285714,0.0,365.0
0.6356298478531683,0.0745515205,0.16231349750000001,0.4120052115,0.0,365.0
0.7603132845470787,0.294868026,0.130766697,0.3682014855,0.0,365.0
0.8017706977185197,0.7337986819999999,0.11551968316666665,0.29735656116666664,0.0,365.0
0.7853649882699609,0.6296838555,0.14820991300000003,0.3230993085,0.0,365.0
0.7850017087689724,0.3388413536666666,0.17673157666666664,0.3524643946666666,0.0,365.0
0.778237773701704,0.0584713345,0.243648509,0.418022435,0.0,365.0
0.6319488019969665,0.0,0.20487577116666666,0.4397733611666667,0.0,365.0
0.5956052204676154,0.016014153,0.1990355345,0.425143649,0.0,365.0
0.6993178212963019,0.1762658935,0.1683523575,0.39459382750000005,0.0,365.0
0.7997350448733905,0.501614603,0.13232766199999998,0.307532892,0.0,365.0
0.7982163695298057,0.71674072125,0.127869647,0.2382186925,0.0,365.0
0.7860983294162565,0.5240805985,0.1276229055,0.229079892,0.0,365.0
0.7838420944554167,0.23489357999999996,0.133874185,0.2273944343333333,0.0,365.0
0.7762291011446589,0.035693133499999995,0.17065250199999998,0.2826963515,0.0,365.0
0.6259063193257147,0.0,0.2186266797142857,0.2863802148571429,0.0,365.0
0.63545935804177,0.053885253999999994,0.300451594,0.357908752,0.0,365.0
0.771957187620434,0.27957006333333334,0.3121799193333334,0.38060330466666664,0.0,365.0
0.8005401476368785,0.5428509349999999,0.36612611040000004,0.40010261140000003,0.0,365.0
0.7861136232656163,0.441189624,0.42223250999999995,0.486606647,0.0,365.0
0.7832846913368852,0.23016657599999998,0.4158670363333334,0.4954946183333333,0.0,365.0
0.7377977993834088,0.021622969500000002,0.41288059075000005,0.47554241575,0.0,365.0
0.5623778062408543,0.004262047333333334,0.392689332,0.5056603771666667,0.0,365.0
0.5609459372703709,0.122901792,0.4032189655,0.588354193,0.0,365.0
0.6616917907449834,0.3496631866666666,0.3939762416666667,0.5916800846666667,0.0,365.0
0.6784256568836842,0.5750188432500001,0.4287028325,0.642913544,0.0,365.0
0.6699681405765154,0.5351203165,0.4847449895,0.7268768365,0.0,365.0
0.6737084536836355,0.28588671066666665,0.5197979066666667,0.7852547696666666,0.0,365.0
0.6566059291746502,0.020939198,0.5858887848000001,0.7953299376,0.0,365.0
0.5539257008697036,0.0,0.5928988695,0.7883536655000001,0.0,365.0
0.5481875260452909,0.0950832395,0.5563149334999999,0.7525942295,0.0,365.0
0.597414268942035,0.2920112945,0.4472534165,0.6817640444999999,0.0,365.0
0.6770865232223491,0.6281848018333333,0.3783037991666667,0.519154107,0.0,365.0
0.6706805311120574,0.558332812,0.3493939015,0.4154954125,0.0,365.0
0.6732029539408361,0.2880120563333333,0.22876354866666668,0.3899899626666667,0.0,365.0
0.6411657427352732,0.013420232,0.13783951914285714,0.265086413,0.0,365.0
0.5913213968675637,0.013496072,0.07573624666666667,0.17041716966666667,0.0,365.0
0.6982495597814073,0.1473359735,0.0684948735,0.150592911,0.0,365.0
0.7873223685340895,0.37889043,0.0584886765,0.11817771199999999,0.0,365.0
0.7992124776138647,0.6390757935,0.0420099315,0.08774892224999999,0.0,365.0
0.787825185081498,0.6174560325,0.0501190515,0.126704977,0.0,365.0
0.7816644300934399,0.436456288,0.0705592095,0.1962800995,0.0,365.0
0.7787297236181672,0.2359205315,0.1009024255,0.287029811,0.0,365.0
0.7169116562766311,0.0227709564,0.14840495540000004,0.37382931080000004,0.0,365.0
0.5854649634946091,0.0,0.17749872425,0.42611417975000004,0.0,365.0
0.6674320115351214,0.09634208733333334,0.22389098866666668,0.485061873,0.0,365.0
0.7880958223898626,0.323453054,0.231350843,0.496507256,0.0,365.0
0.8004791334997161,0.61005747975,0.25333753675000004,0.45747000000000004,0.0,365.0
0.7860464558535567,0.508259671,0.31087599425,0.524022575,0.0,365.0
0.7793423468150759,0.1381545355,0.33442305725,0.5711288225000001,0.0,365.0
0.6259095071304129,0.0,0.23093391585714287,0.35146348728571425,0.0,365.0
0.6676228110726714,0.08548449933333334,0.1967000263333333,0.28295055033333333,0.0,365.0
0.7910898258053803,0.286720855,0.17156700749999998,0.2476774595,0.0,365.0
0.8001927373599027,0.45994389179999995,0.1175217886,0.1389249308,0.0,365.0
0.7862450960386432,0.356247925,0.1117430915,0.15882787199999998,0.0,365.0
0.783138819037989,0.17774152399999998,0.09655024566666666,0.15949792566666668,0.0,365.0
0.7749607011795543,0.0266072155,0.0906209,0.16310909499999998,0.0,365.0
0.6318516283583978,0.0,0.069318778,0.14834553883333332,0.0,365.0
0.5959229241306216,0.0076428175,0.052302415,0.1057498575,0.0,365.0
0.6980674206879269,0.083465218,0.041133067499999995,0.1167950005,0.0,365.0
0.7870257943600303,0.2257974295,0.0427331715,0.13847315300000002,0.0,365.0
0.7971837979188875,0.397633894,0.050359349,0.0823553124,0.0,365.0
0.7828659756327164,0.3595369865,0.045726073,0.0759665675,0.0,365.0
0.7801123797181818,0.18434539366666666,0.045906604999999996,0.07957471433333334,0.0,365.0
0.7159849157929138,0.0123203416,0.042792624200000004,0.044373294800000004,0.0,349.6
0.5811754271395433,0.0,0.025576859,0.0489873265,0.0,288.0
0.6295068578236043,0.0378659685,0.020288695500000002,0.0508897625,0.0,288.0
0.7484202240108524,0.1361672235,0.012437578500000001,0.0550934765,0.0,288.0
0.7969096009907064,0.38170563616666664,0.026565007833333334,0.08609978866666668,0.0,288.0
0.784019225071945,0.373955943,0.057081817,0.1897285935,0.0,288.0
0.7778438619455139,0.18341786866666665,0.055709008,0.20054865266666666,0.0,288.0
0.76672379323616,0.029117452500000002,0.047317158,0.1624819045,0.0,288.0
0.5987888692770263,0.0,0.048370990999999995,0.158744558,0.0,288.0
0.5438618682046521,0.033039463500000005,0.053324768,0.1361829765,0.0,288.0
0.5933645251477735,0.129735779,0.0513521015,0.11865407750000001,0.0,288.0
0.6765673620033517,0.3517852736666667,0.044635739,0.114644818,0.0,288.0
0.6713336023728835,0.339557299,0.0664096235,0.1497922705,0.0,288.0
0.6727634291900214,0.18662773566666666,0.053849617999999995,0.12576353533333332,0.0,288.0
0.6073345361876172,0.007756000333333334,0.04223801411111111,0.07051931866666666,0.0,288.0
0.5529397775629662,0.08394736366666666,0.028048739666666666,0.06849135666666666,0.0,288.0
0.641964424267409,0.3022480635,0.023176336999999998,0.0644870645,0.0,288.0
0.6809639995792693,0.49745700949999994,0.02588515875,0.06723332374999999,0.0,288.0
0.6731295259382092,0.490519939,0.0345461985,0.1072050115,0.0,288.0
0.6730770859054055,0.321296384,0.048079524000000005,0.16290508300000003,0.0,288.0
0.669737023405658,0.0600671095,0.06941339425,0.17892391824999998,0.0,288.0
0.6027155760641741,0.0,0.06662606283333333,0.18418069883333335,0.0,288.0
0.6617314860045341,0.08675046066666665,0.07310787333333334,0.20851783,0.0,288.0
0.7832869570598576,0.262510083,0.0828514135,0.2178702535,0.0,288.0
0.7959184388965636,0.4111021382000001,0.11246299099999998,0.2397285336,0.0,288.0
0.7823918237253673,0.34443286,0.14729631199999998,0.318930094,0.0,288.0
0.7776842760116706,0.20021080633333332,0.17593030766666665,0.3794249296666667,0.0,288.0
0.7686194617381724,0.036535706,0.198052517,0.41241576,0.0,288.0
0.6219722211943273,0.0,0.1707755918571429,0.3832617590000001,0.0,288.0
0.6297297803354424,0.0501699445,0.148428927,0.34275039100000004,0.0,288.0
0.7695261026556857,0.21832060099999998,0.136073354,0.3135096096666667,0.0,288.0
0.7972502975302715,0.5366242926666667,0.10251582683333334,0.23416818799999997,0.0,288.0
0.78101529408539,0.45058048,0.1031851215,0.25063087,0.0,288.0
0.7743300787271296,0.134210984,0.11248051625000001,0.26059951625,0.0,288.0
0.6387331973692534,0.0,0.08640434799999999,0.21033421900000002,0.0,288.0
0.5883141567356468,0.013791389333333334,0.07808245266666666,0.22238977000000001,0.0,288.0
0.6926956816885539,0.167221785,0.06414123099999999,0.209906462,0.0,288.0
0.7912065414760868,0.45859816566666667,0.051917942333333335,0.16375109399999999,0.0,288.0
0.795651463996063,0.7404553485,0.04659189725,0.12830494925,0.0,288.0
0.7829849719385343,0.6318690149999999,0.052893313,0.139385075,0.0,288.0
0.777163780684785,0.3229555343333333,0.063122434,0.159395331,0.0,288.0
0.7350785473734874,0.034448346250000005,0.07832752325,0.16295225525,0.0,288.0
0.5903650526613873,0.0,0.08042702320000002,0.18906353339999998,0.0,288.0
0.6299245300379077,0.10041998900000002,0.089588001,0.2060979185,0.0,288.0
0.7646523803842564,0.36343338166666667,0.065370957,0.172429015,0.0,288.0
0.796450304641783,0.7029673078,0.0696549862,0.1303083456,0.0,288.0
0.7830551802461418,0.5689686355,0.0949820765,0.18166546249999999,0.0,288.0
0.776994744143436,0.29042819566666667,0.09185562566666666,0.19753946566666666,0.0,288.0
0.7347094843129393,0.02703183325,0.0893579695,0.17622060925,0.0,288.0
0.591596565666857,0.006139909333333333,0.07717569583333332,0.16668052916666667,0.0,288.0
0.6921130198805234,0.1257637175,0.0640555115,0.15177833400000001,0.0,288.0
0.788901920852397,0.3438939943333333,0.04568549933333333,0.1287275333333333,0.0,288.0
0.7956607878616325,0.512457648,0.04205053875,0.12292543375000001,0.0,288.0
0.7827594111251659,0.434757898,0.045195175000000004,0.137318345,0.0,288.0
0.7768856306497461,0.228980161,0.052677415,0.15404976966666667,0.0,288.0
0.7677587170784508,0.046075832500000004,0.0563709705,0.1514959535,0.0,288.0
0.592611630712137,0.00539178975,0.033983294500000004,0.12822830225,0.0,288.0
0.6002699016405872,0.22192177175,0.02928804175,0.14843419925,0.0,288.0
0.6771557328214923,0.5127702656666666,0.025538511333333333,0.11148497383333333,0.0,288.0
0.6709929580370513,0.3474545115,0.044029720499999994,0.135257299,0.0,288.0
0.6682160338690256,0.06937070083333333,0.05959906483333333,0.13153504783333334,0.0,288.0
0.5587075226081323,0.006878913833333333,0.0477085085,0.11416200650000001,0.0,288.0
0.5567113936116761,0.125633788,0.049705729500000004,0.12912282349999998,0.0,288.0
0.665985819124416,0.3704244232,0.04389880980000001,0.1215350508,0.0,288.0
0.6730473442287908,0.420188836,0.054129965749999995,0.16221083725000002,0.0,288.0
0.6724361273950443,0.1407174912,0.0967009818,0.2524350386,0.0,288.0
0.6171492748207442,0.0,0.10202176349999999,0.27166994549999995,0.0,288.0
0.6422257824803591,0.0831962355,0.09679115025,0.31748665174999996,0.0,288.0
0.7911293571101229,0.42774254725,0.119897949,0.30841934675,0.0,288.0
0.7919919620153362,0.4956777806,0.1495988762,0.40031937619999997,0.0,288.0
0.7734834293653969,0.14705966740000004,0.2479899518,0.5330760006,0.0,288.0
0.6286733319337326,0.0,0.2046483098333333,0.4237092521666666,0.0,288.0
0.6422729271068619,0.066411812,0.19154544425000003,0.420430523,0.0,288.0
0.7933140933652892,0.29993257285714287,0.14519409557142857,0.2986806221428572,0.0,288.0
0.7811919774726972,0.292401145,0.10038698166666667,0.28016051999999997,0.0,288.0
0.7727731987418665,0.10012339199999999,0.08023658175,0.241750174,0.0,288.0
0.6286850034603179,0.0,0.048619109333333334,0.10676195333333333,0.0,288.0
0.6421097375635165,0.078958083,0.12875047625,0.1265548605,0.0,288.0
0.7910982105098283,0.30962854900000003,0.3652714055,0.281715946,0.0,288.0
0.7927030736089078,0.23794105375,0.593159263,0.51031294475,0.0,288.0
0.7797207785113489,0.136000609,0.6863668775,0.6775932625000001,0.0,288.0
0.7718632411554462,0.03291780675,0.7551091750000001,0.7878472365000001,0.0,288.0
0.6382645548292863,0.0,0.861979429,0.8670682957999999,0.0,288.0
0.586717447337811,0.0066250350000000005,0.9092389773333333,0.906439739,0.0,288.0
0.6920327946639955,0.078667823,0.9181119765,0.9144764775,0.0,288.0
0.7889667629266657,0.29495696833333335,0.9153182926666666,0.9174658063333334,0.0,288.0
0.7956588649379237,0.60049849125,0.84697066175,0.8407283725,0.0,288.0
0.7803939954647969,0.448605465,0.7393543945000001,0.70887441225,0.0,288.0
0.7705383243518997,0.10237705766666667,0.5878671043333333,0.55474031,0.0,288.0
0.6539664865350034,0.0,0.5057638425000001,0.519674671,0.0,288.0
0.5854075783108376,0.009917577,0.411056487,0.46179047675,0.0,288.0
0.6923968044999285,0.1311688865,0.3516440375,0.380605655,0.0,288.0
0.7888991780984171,0.30348550566666666,0.3821846373333333,0.33943534000000003,0.0,288.0
0.7952349991589573,0.39251525775,0.38255815600000004,0.36721195175,0.0,288.0
0.7811403721598116,0.32698953599999997,0.327568076,0.411535736,0.0,288.0
0.7766820116882801,0.1595709925,0.27216723350000005,0.4000790325,0.0,288.0
0.7316819978145926,0.017978755,0.26140283725,0.3745851095,0.0,288.0
0.5583860551032276,0.0045026081666666665,0.34239854966666666,0.4435699336666667,0.0,288.0
0.5780225755699506,0.11007493133333333,0.41572030466666665,0.5846908376666667,0.0,288.0
0.6806408401988441,0.28680219675,0.51360326425,0.60042137425,0.0,288.0
0.6731555670764178,0.37184229766666665,0.554154812,0.6481200343333333,0.0,288.0
0.6728110396915419,0.24711150775,0.52543721025,0.6895946289999999,0.0,288.0
0.6692807701474931,0.0181365955,0.38550407024999994,0.59998777025,0.0,288.0
0.558362987733449,0.0046846705,0.3092137008333333,0.5606176668333333,0.0,288.0
0.602002402967463,0.11007966975,0.34443525475,0.52469678825,0.0,288.0
0.6797173798391718,0.2057684524,0.5211692796,0.6333485822,0.0,288.0
0.6713301516184301,0.13273277033333333,0.628187719,0.748403486,0.0,288.0
0.6766921493922746,0.0568230005,0.568928083,0.7456738795,0.0,288.0
0.6255283508846872,0.0025686413333333336,0.562039609111111,0.7565572341111112,0.0,288.0
0.6297226030081922,0.0615590625,0.529072388,0.6781376765,0.0,288.0
0.7641257884441036,0.21317397133333335,0.5976786656666667,0.641063394,0.0,288.0
0.7983739133440411,0.41574044025,0.65649675225,0.6651496404999999,0.0,288.0
0.7842577990883158,0.27388467,0.74165437825,0.7768858194999999,0.0,288.0
0.771487515000281,0.06099841425,0.6607906207500001,0.8111628854999999,0.0,288.0
0.6283023459382295,0.0,0.5071734536666667,0.6929783113333334,0.0,288.0
0.6417568291066368,0.0608565815,0.33142451949999996,0.41687073825,0.0,288.0
0.7828674065907869,0.194194338,0.314453123,0.29360808250000003,0.0,288.0
0.7951436911304515,0.2539882721666667,0.4203294176666666,0.3656948146666667,0.0,288.0
0.7804233755838915,0.1440603795,0.44459666825,0.5592870219999999,0.0,288.0
0.7126280742037504,0.008389586000000001,0.5131043834,0.6260675738000001,0.0,288.0
0.5811544987957847,0.0,0.557635857,0.6799761995,0.0,288.0
0.6295486474402336,0.026816503,0.5473794064999999,0.727840292,0.0,288.0
0.7484178763273448,0.11773054050000001,0.5552118500000001,0.717583227,0.0,288.0
0.7964181430173897,0.251665012,0.5370410005,0.6664334415,0.0,288.0
0.7937395670921624,0.3975497778,0.4799594978,0.6101224651999999,0.0,288.0
0.7779211656423283,0.22895670125000003,0.481993753,0.53070989675,0.0,288.0
0.7352983395506811,0.019840093,0.5065054795,0.5565499067499999,0.0,288.0
0.5923158726909208,0.0,0.595510049,0.78133312575,0.0,288.0
0.6422712613669456,0.13290159575,0.564077269,0.7975766934999999,0.0,288.0
0.7891212210864441,0.462923824,0.6335116620000001,0.7492648335000001,0.0,288.0
0.7967850327180112,0.5998180692,0.5415952828,0.6248058449999999,0.0,288.0
0.7811403721598116,0.5024147760000001,0.49074389133333335,0.5332781139999999,0.0,288.0
0.7767149246010852,0.272443488,0.422122817,0.497985794,0.0,288.0
0.734957158580269,0.041442339499999994,0.39838669649999997,0.48742655075,0.0,288.0
0.593343090016205,0.011511207333333334,0.32706202,0.5067714193333334,0.0,288.0
0.6926665474173268,0.227021232,0.216679191,0.4178840535,0.0,288.0
0.7857208593167894,0.4757073825,0.1756380945,0.34274586500000004,0.0,288.0
0.7979666158962582,0.71782346275,0.1540720615,0.252292855,0.0,288.0
0.7838689479903186,0.64537801825,0.17814245874999998,0.2803766295,0.0,288.0
0.7762978784267203,0.29225272999999996,0.164084182,0.2606830065,0.0,288.0
0.7057752801467964,0.035884471200000004,0.1693105794,0.18838506579999997,0.0,288.0
0.5507846066850799,0.0101519174,0.15648947600000002,0.1517835856,0.0,288.0
0.5568449235851393,0.181294259,0.15170757899999998,0.1515048215,0.0,288.0
0.6427362459524475,0.4258712605,0.14668111150000002,0.1474619575,0.0,288.0
0.6790510718889365,0.6742665552,0.13280597619999998,0.1299339662,0.0,288.0
0.671910540123713,0.4821020053333333,0.14311928633333335,0.13800023766666666,0.0,288.0
0.6723813828407164,0.231017788,0.110929257,0.11902718200000001,0.0,288.0
0.6258846180087685,0.01887197271428571,0.08411346914285714,0.08592806114285714,0.0,288.0
0.5458800732622624,0.017877940666666665,0.071880972,0.08056885133333334,0.0,288.0
0.5565070740945599,0.21099431349999997,0.057179565,0.07140287449999999,0.0,288.0
0.6419733456401746,0.516597661,0.0476267425,0.055319507500000004,0.0,288.0
0.6795015914701089,0.857965194,0.05149760683333334,0.045492585,0.0,288.0
0.6744943840066177,0.5763542113333333,0.05338055466666666,0.07664018466666667,0.0,288.0
0.6300139763409542,0.0484397407,0.06709040770000001,0.0777828052,0.0,288.0
0.6297166553588726,0.1344705275,0.0653762035,0.0651184365,0.0,288.0
0.7672924356091785,0.4799467343333333,0.037091753,0.044984719666666666,0.0,288.0
0.8057927829810257,0.8223341188333334,0.027546759833333333,0.05003811116666667,0.0,288.0
0.7905957740195393,0.5565791154999999,0.034256729,0.092777463,0.0,288.0
0.7762227510700114,0.1641245065,0.05477445475000001,0.10243713374999999,0.0,288.0
0.6192730438949564,0.00751756725,0.049150455375000006,0.076950507125,0.0,288.0
0.6918899408924384,0.205206469,0.03846149,0.0983783545,0.0,288.0
0.7873203561375464,0.49518513399999997,0.028771979500000003,0.0880404335,0.0,288.0
0.8062880152909683,0.8134727652,0.0462467454,0.1145847664,0.0,288.0
0.7911011843119962,0.645215883,0.07886432466666667,0.19772745233333333,0.0,288.0
0.7749039979393739,0.20003124925000001,0.102920622,0.24124846450000004,0.0,288.0
0.6282908383102227,0.0,0.09417868533333333,0.2518463355,0.0,288.0
0.5918977756493428,0.0379078645,0.08569732199999999,0.260386006,0.0,288.0
0.6918973418342993,0.2360497045,0.08309093949999999,0.2798132305,0.0,288.0
0.7894070926181042,0.6084806676666666,0.066227895,0.2656530896666667,0.0,288.0
0.8034894368953894,0.9152648809999999,0.09109283225,0.23831993575000002,0.0,288.0
0.7905939853050823,0.793846279,0.111567578,0.254937181,0.0,288.0
0.7841209599357528,0.5192413755,0.1117574395,0.2943784395,0.0,288.0
0.7628741877908949,0.12211880875000002,0.1576358845,0.35338545875,0.0,288.0
0.6029428064748222,0.0,0.11340803299999998,0.31554857550000004,0.0,288.0
0.6616250108573586,0.17766004066666666,0.094013393,0.2751566713333333,0.0,288.0
0.7836376407740325,0.5354033085,0.07087017500000001,0.2624099165,0.0,288.0
0.804768681089493,0.8764637622499999,0.08129583725,0.26178288725,0.0,288.0
0.792942542016245,0.75114215625,0.14359441425,0.3566121295,0.0,288.0
0.7819545199835998,0.3462226695,0.162864059,0.41507203449999996,0.0,288.0
0.7361076019057957,0.0509053265,0.204015534,0.45401444725,0.0,288.0
0.5895255850870516,0.0,0.1772497516,0.39678520559999997,0.0,288.0
0.6615567106063046,0.181116046,0.12635674433333333,0.35025157799999995,0.0,288.0
0.7841877696926395,0.532914077,0.0929603465,0.3089755575,0.0,288.0
0.8021757593013462,0.8552350065000001,0.10954407833333334,0.2716280668333333,0.0,288.0
0.7876159017788631,0.6442753855,0.170182141,0.3326754955,0.0,288.0
0.774707191103948,0.22139559775,0.19609782250000002,0.36480335875000003,0.0,288.0
0.5991000728186126,0.0,0.1964131424285714,0.4672937888571429,0.0,288.0
0.5527967970944568,0.16736869233333332,0.15627997166666666,0.4387480076666666,0.0,288.0
0.6422542906104339,0.5334855645000001,0.1328296305,0.398656373,0.0,288.0
0.6833984764326336,0.8745966056000001,0.15194475940000002,0.372751577,0.0,288.0
0.6756475887094289,0.6670028413333333,0.194057318,0.41731364,0.0,288.0
0.6731684311355375,0.20957972600000002,0.207697487,0.4867262255,0.0,288.0
0.5923347141449166,0.0,0.23179915799999995,0.5386464598333333,0.0,248.66666666666666
0.5401194086041966,0.035464245,0.26582407799999996,0.4876529395,0.0,229.0
0.552597299686292,0.20373100049999998,0.2405082005,0.423473514,0.0,229.0
0.6425149556788197,0.4542932665,0.2353876645,0.3565669925,0.0,229.0
0.6896141191180598,0.69962081775,0.24622241299999997,0.36285446225,0.0,229.0
0.6819889623600625,0.5885426423333333,0.26841529766666666,0.5134430803333333,0.0,229.0
0.6773520402239646,0.32428949549999997,0.310790833,0.617865399,0.0,229.0
0.674826106992176,0.1143346365,0.3539111615,0.6547593005,0.0,229.0
0.6147568118688789,0.0016630355,0.33859263625,0.5826699383749999,0.0,229.0
0.6227080794749985,0.1041908515,0.330200222,0.502271185,0.0,229.0
0.7448236814457103,0.336576158,0.268055621,0.4815821055,0.0,229.0
0.8035301531753833,0.7216455995,0.23887252599999997,0.46402938475,0.0,229.0
0.7976248088184316,0.8215367135,0.2535914535,0.51809988325,0.0,229.0
0.7797223436111954,0.41336266033333335,0.27520744766666666,0.593586744,0.0,229.0
0.7290476665569037,0.0482333625,0.32555158024999997,0.652564936,0.0,229.0
0.5850789856149398,0.009620700166666668,0.2838334896666667,0.5300552243333333,0.0,229.0
0.6856145720805598,0.234923782,0.219079637,0.45794936649999995,0.0,229.0
0.7802252048275453,0.5359128985,0.208567249,0.4317891035,0.0,229.0
0.7974264592401218,0.8389368126666668,0.171079901,0.36252945583333335,0.0,229.0
0.7824991484821082,0.6123832745,0.155366481,0.3474995175,0.0,229.0
0.7724944673808145,0.332080271,0.1449566935,0.3290968015,0.0,229.0
0.728197810862598,0.04790926575,0.157985409,0.3149746235,0.0,229.0
0.5855892478631181,0.008880771833333334,0.09540283116666666,0.2882408513333333,0.0,229.0
0.68498424021242,0.198418876,0.059707563000000005,0.23592984449999999,0.0,229.0
0.7774767963806156,0.45296716300000006,0.045209569,0.1757752695,0.0,229.0
0.7980228570400622,0.6780426774999998,0.061368132,0.12003175533333334,0.0,229.0
0.783430906435045,0.4157513685,0.0963505255,0.0985008805,0.0,229.0
0.7713101832160725,0.15296138850000002,0.1028722695,0.10253336075,0.0,229.0
0.6141210579368462,0.006075112,0.162796559125,0.153551180625,0.0,229.0
0.6862796501774274,0.1624707685,0.1582589365,0.185780822,0.0,229.0
0.781925676465347,0.39446924299999997,0.1113471465,0.147565163,0.0,229.0
0.8037630747892933,0.6640172442,0.0721976356,0.1835524336,0.0,229.0
0.788412788205625,0.49884913466666664,0.104903089,0.28397564133333336,0.0,229.0
0.7711909409274353,0.14902349425,0.1281504885,0.225496986,0.0,229.0
0.6131333737606416,0.004789082125,0.0642437585,0.080537937125,0.0,229.0
0.6854887784033974,0.1525806365,0.041688637,0.0478808135,0.0,229.0
0.7800029531595389,0.362907786,0.0403053085,0.0431010765,0.0,229.0
0.8017478017551204,0.6040973682,0.0630710394,0.068812004,0.0,229.0
0.7881933090933845,0.40321724,0.08382864599999999,0.12925564966666667,0.0,229.0
0.7735507443604005,0.11639658824999999,0.09459701375000001,0.14988227075,0.0,229.0
0.5957023238060998,0.0,0.07077291342857144,0.09669964985714286,0.0,229.0
0.5501172105310541,0.13504245766666667,0.04194075566666667,0.062195388,0.0,229.0
0.6425351237733878,0.43175850250000003,0.045122907000000004,0.0652862305,0.0,229.0
0.6889312428996184,0.6052511621666666,0.080667455,0.09225101333333331,0.0,229.0
0.6819957595514716,0.401545404,0.107646112,0.14518419,0.0,229.0
0.6814678111239761,0.22370918499999998,0.121121912,0.164549713,0.0,229.0
0.6671848067864996,0.0314076465,0.12061108300000001,0.16202277675,0.0,229.0
0.5560973796587445,0.0,0.1229486372,0.1473126604,0.0,229.0
0.550844261341226,0.12660284133333333,0.106103392,0.13413985666666667,0.0,229.0
0.6464323098396659,0.3913446465,0.110161865,0.1069301785,0.0,229.0
0.6919266012460383,0.5326204156000001,0.11338176119999999,0.1085893934,0.0,229.0
0.6837575552807572,0.40376644300000003,0.118555695,0.163302045,0.0,229.0
0.6818832250601308,0.21397713,0.12488846949999999,0.1927701815,0.0,229.0
0.6382424522977198,0.015289689857142857,0.1133972837142857,0.18209713857142856,0.0,229.0
0.5804379345481927,0.010631503666666667,0.09153599233333333,0.16077933966666666,0.0,229.0
0.6892065980219286,0.1373999185,0.085971911,0.179646668,0.0,229.0
0.7907482945458971,0.338649169,0.08234856933333333,0.18406083433333334,0.0,229.0
0.8026614262702796,0.46789000799999997,0.106736491,0.26162669425,0.0,229.0
0.7847152113098333,0.417693267,0.156564719,0.39241381599999997,0.0,229.0
0.7736249549579346,0.2291333175,0.17845107799999999,0.44963703099999996,0.0,229.0
0.705963966047199,0.0263225064,0.1847068862,0.4146567028,0.0,229.0
0.5752541182243518,0.0,0.14506043375,0.3563753645,0.0,229.0
0.6227023554402895,0.056140695000000004,0.1150775365,0.3196637695,0.0,229.0
0.7412767989352742,0.1878035615,0.09652931249999999,0.28316828299999997,0.0,229.0
0.7916622782096923,0.4325498468,0.06031034080000001,0.1901856698,0.0,229.0
0.7815092786991293,0.43639499525000003,0.07339776325,0.24161266850000002,0.0,229.0
0.7653058988405658,0.119291965,0.11299188475,0.2991541915,0.0,229.0
0.6157917772280299,0.0,0.083080237,0.23040081042857144,0.0,229.0
0.6227023554402895,0.0479470035,0.07026438400000001,0.2178913065,0.0,229.0
0.7567062777988113,0.18185356,0.06187287833333333,0.18390591766666667,0.0,229.0
0.7921978646483221,0.3663974964,0.062023908399999994,0.1532438434,0.0,229.0
0.7799386477648337,0.246365058,0.084119119,0.209148388,0.0,229.0
0.7728381749354195,0.14109166666666667,0.10777334233333334,0.258751608,0.0,229.0
0.7497256063058063,0.018922079666666668,0.11834448433333333,0.24027600699999999,0.0,229.0
0.5968328742609723,0.0,0.08658178933333334,0.16336831033333335,0.0,229.0
0.622532357459578,0.040287722,0.069069437,0.14745682799999998,0.0,229.0
0.7413359393992724,0.128877203,0.065107092,0.146291045,0.0,229.0
0.7916827235755816,0.3595815118,0.049884351199999996,0.1135424014,0.0,229.0
0.780571148370812,0.35346166775000004,0.058276422999999994,0.15079826375,0.0,229.0
0.7706167310296924,0.163510333,0.067278952,0.16608924749999998,0.0,229.0
0.7283626997487795,0.0233713045,0.065341316,0.12607280275,0.0,229.0
0.5852935531903781,0.0039019166666666664,0.030531466166666663,0.078894585,0.0,229.0
0.6850583613708572,0.133347166,0.0182110785,0.0689120415,0.0,229.0
0.7816957778614148,0.3248356063333333,0.022392577,0.049180236999999995,0.0,229.0
0.7923104885382741,0.4262813015,0.039858213,0.0697149915,0.0,229.0
0.7802694764044098,0.39647506050000003,0.062994823,0.11297159300000001,0.0,229.0
0.7726483293249325,0.237886316,0.07804016533333334,0.13598410866666666,0.0,229.0
0.7600564205896931,0.05542199,0.087899729,0.1247561465,0.0,229.0
0.5940831954578787,0.0,0.12411413157142859,0.14770488528571427,0.0,229.0
0.5484496816978114,0.11942241933333335,0.17372824066666667,0.19193480733333335,0.0,229.0
0.6402626335463177,0.3983992075,0.258044184,0.21067121,0.0,229.0
0.6847006233377105,0.5549498884999999,0.33834581374999995,0.2586333245,0.0,229.0
0.6811531259208334,0.4103579315,0.38166849075000003,0.35416426075,0.0,229.0
0.679682217555016,0.1770634775,0.3240638305,0.38789202300000003,0.0,229.0
0.6706127451161287,0.029242218333333334,0.28786921633333334,0.3810360676666667,0.0,229.0
0.5722758035599768,0.0,0.25366368433333336,0.32931093783333326,0.0,229.0
0.5397965622774785,0.0567391705,0.2249746445,0.279735148,0.0,229.0
0.5931796358779815,0.1981914535,0.249380783,0.287418628,0.0,229.0
0.6794402337194754,0.4014830345,0.2727641975,0.27758048275,0.0,229.0
0.6826232368133427,0.41559049666666664,0.2825959333333334,0.3167777136666667,0.0,229.0
0.6777187779017382,0.2767722435,0.27189932650000004,0.3474111625,0.0,229.0
0.6766847484504138,0.143398533,0.2386793575,0.3495311175,0.0,229.0
0.6209596744192648,0.0071130832222222225,0.16503048877777776,0.2843427704444445,0.0,229.0
0.6228243702734466,0.0583453365,0.1136590905,0.14915357299999998,0.0,229.0
0.7456695795527688,0.2380496915,0.0967450735,0.113697246,0.0,229.0
0.7986792523583893,0.46732765633333334,0.1505439875,0.13865267733333334,0.0,229.0
0.7860190880635296,0.37179070599999997,0.22075746200000002,0.2464657885,0.0,229.0
0.7758883449790295,0.208586128,0.21654619933333333,0.2696219226666667,0.0,229.0
0.7604953789041419,0.041157555,0.18254141499999998,0.2840637335,0.0,229.0
0.6158492407077611,0.0,0.14117163842857144,0.2690420772857143,0.0,229.0
0.6227023554402895,0.06309451199999999,0.10623700550000001,0.26129139349999997,0.0,229.0
0.7412441096370797,0.2449831105,0.100160005,0.23365643149999998,0.0,229.0
0.7906976431825665,0.4202063446666667,0.1233942065,0.19979744766666666,0.0,229.0
0.7772906623858026,0.33609005933333336,0.149926441,0.236634106,0.0,229.0
0.765273120035799,0.09799213675,0.09276920899999999,0.18591847749999998,0.0,229.0
0.6156765628219044,0.0,0.06637793971428571,0.13143232814285716,0.0,229.0
0.6222687410022167,0.052839364,0.0454564055,0.09139109000000001,0.0,229.0
0.7419086735687898,0.2204085295,0.029526896,0.0608096555,0.0,229.0
0.7922577130948006,0.4610865573333333,0.044278929333333335,0.041410645833333336,0.0,229.0
0.7817773894120552,0.35928283800000005,0.0553898945,0.0765964895,0.0,229.0
0.7745286593761193,0.197543366,0.05823884233333334,0.09905663733333332,0.0,229.0
0.760805100321766,0.03691582,0.070973095,0.099842922,0.0,229.0
0.6158497134428129,0.0,0.05431053185714285,0.07255970071428572,0.0,229.0
0.6546595884323124,0.11159597633333333,0.03285816933333333,0.075952409,0.0,229.0
0.7781267820432147,0.395099308,0.0413724845,0.081553471,0.0,229.0
0.7989340503120035,0.5635416676,0.1000478444,0.125446606,0.0,229.0
0.7852252722328882,0.4189590716666667,0.141424727,0.22235579466666666,0.0,229.0
0.769718243813423,0.11981666700000002,0.17461476050000002,0.2962498515,0.0,229.0
0.6160825123887149,0.0,0.19177153314285714,0.26037540857142855,0.0,229.0
0.6226308055799703,0.0252595715,0.16573059,0.17470534,0.0,229.0
0.7420055341873891,0.12207650650000001,0.1566109165,0.164227222,0.0,229.0
0.7939068178340065,0.26680466433333333,0.1744675295,0.22935281533333332,0.0,229.0
0.7794645853303193,0.171330704,0.1595032535,0.24764973550000002,0.0,229.0
0.7705468805009633,0.075090827,0.14333327766666668,0.19837473933333336,0.0,229.0
0.7595503395658643,0.012053705,0.1284043245,0.1678116745,0.0,229.0
0.5943521590111728,0.0,0.09671141114285715,0.125611797,0.0,229.0
0.5397035027024037,0.032465955500000004,0.066233562,0.099776259,0.0,229.0
0.5890716907471052,0.146481381,0.053624045999999995,0.081049467,0.0,229.0
0.675848002820539,0.3418492083333333,0.07124225366666666,0.10172637983333332,0.0,229.0
0.6740293100382487,0.3622249535,0.129084792,0.14712001000000002,0.0,229.0
0.6738697240369298,0.19029425033333336,0.15568723799999998,0.16498714966666667,0.0,229.0
0.6040418270468332,0.00652918388888889,0.20065961433333332,0.21671843355555556,0.0,229.0
0.5494746631019095,0.050168867666666665,0.19340050033333334,0.207121278,0.0,229.0
0.6413416722867988,0.198518379,0.2007838065,0.171206764,0.0,229.0
0.6841463355854545,0.34672737825,0.21070740675,0.17585915700000002,0.0,229.0
0.6824260089067917,0.26175609250000004,0.21288001550000002,0.236695398,0.0,229.0
0.6798469834666567,0.10171021599999999,0.1895275955,0.265490066,0.0,229.0
0.642910319670431,0.0072470967142857145,0.16926324199999998,0.26452069685714286,0.0,229.0
0.5842613944590297,0.0024398803333333333,0.159908516,0.1970611963333333,0.0,229.0
0.6926160377080716,0.0978895825,0.180324291,0.1769870705,0.0,229.0
0.7933264441958788,0.288073984,0.20745105566666666,0.183880729,0.0,229.0
0.8110712389144192,0.40445649925000005,0.24855662150000002,0.2596352805,0.0,229.0
0.7941439758156921,0.348001875,0.224259398,0.3710949095,0.0,229.0
0.7834121096499908,0.20238149799999997,0.18760228866666664,0.42133977666666667,0.0,229.0
0.7578133924759908,0.020374249,0.15837574699999998,0.37483263399999994,0.0,229.0
0.5993861827838414,0.0,0.11410004616666665,0.23069524183333334,0.0,229.0
0.6230296960563102,0.0475961655,0.0731991805,0.12254315900000001,0.0,229.0
0.7455386656813168,0.218602835,0.0766345555,0.1062403905,0.0,229.0
0.7995764606484329,0.42874108780000003,0.1466753494,0.11513341540000002,0.0,229.0
0.7889097018738689,0.37922993474999994,0.18635593774999998,0.17908939925,0.0,229.0
0.7708747576615962,0.13362250925,0.14717032400000002,0.1899148745,0.0,229.0
0.6162056483698908,0.0,0.1452637494285714,0.18437645385714285,0.0,229.0
0.6549198062939691,0.11175683200000001,0.16143324666666667,0.18691257933333336,0.0,229.0
0.7800029531595389,0.423672771,0.19021720749999999,0.168332909,0.0,229.0
0.8023143692490582,0.6620087614,0.207462106,0.1512711574,0.0,229.0
0.790703277744441,0.5025563733333333,0.22655226799999997,0.21114391633333332,0.0,229.0
0.7729100378606916,0.166409489,0.24765830924999999,0.288688191,0.0,229.0
0.6133849497453038,0.001240876125,0.337104089625,0.2747203975,0.0,229.0
0.6885228050555581,0.185629709,0.3669627465,0.301257576,0.0,229.0
0.7870726595694836,0.430274443,0.4175571725,0.3228740855,0.0,229.0
0.812841024435124,0.6127688448333334,0.44261565783333334,0.3455653285,0.0,229.0
0.7937110991573875,0.3951116215,0.4143803155,0.3787958005,0.0,229.0
0.7860545946763993,0.1968111465,0.34747010199999995,0.3942166695,0.0,229.0
0.7650396588476158,0.02704311566666667,0.31718379933333335,0.42173900066666664,0.0,229.0
0.6062208542399434,0.0009393528571428571,0.2676130392857143,0.40933470457142856,0.0,229.0
0.6924629434129836,0.12008658050000001,0.236635669,0.37512028,0.0,229.0
0.7857787252314881,0.29485537,0.292556801,0.3417469395,0.0,229.0
0.809123719116702,0.5068473145,0.3321276195,0.32232020725,0.0,229.0
0.7975615095545223,0.41431533249999997,0.3520657765,0.37677106650000003,0.0,229.0
0.7837092800397105,0.24302308250000001,0.3004628845,0.38116580899999997,0.0,229.0
0.7733874989134026,0.0977823285,0.237064368,0.38694709,0.0,229.0
0.726119075340695,0.00585570875,0.27932204975,0.45115804675,0.0,229.0
0.5568181996688895,0.0,0.4301871438,0.641674544,0.0,229.0
0.5397504349827449,0.020988294,0.501535019,0.7547157744999999,0.0,229.0
0.5902286741589704,0.13590705250000001,0.5359330415,0.8200190075,0.0,229.0
0.6751662035261933,0.4120175829999999,0.6516644675,0.82812956875,0.0,229.0
0.6706664969223498,0.5233206140000001,0.785535054,0.8458229196666668,0.0,229.0
0.6687860253520391,0.38455814050000003,0.785886417,0.8580397740000001,0.0,229.0
0.6718916241315139,0.203950794,0.733715702,0.85332202,0.0,229.0
0.6040259071950211,0.008755793333333333,0.6098271076666666,0.7997589335555556,0.0,229.0
0.5485415784859083,0.04156690466666666,0.5734552436666668,0.816556736,0.0,229.0
0.6391303348527944,0.1485431275,0.586973012,0.79849905,0.0,229.0
0.6747780717308566,0.26990259466666666,0.550401472,0.7428469368333334,0.0,229.0
0.6693681280560675,0.2503968135,0.4720107185,0.653611181,0.0,229.0
0.6702110523047284,0.13055986749999998,0.4170109285,0.582824598,0.0,229.0
0.6200003400150647,0.005282205444444445,0.39129651033333324,0.6216845557777778,0.0,229.0
0.6549162287750875,0.065985992,0.3595355513333333,0.583964354,0.0,229.0
0.7770159705950248,0.258191904,0.40407414500000005,0.5973204169999999,0.0,229.0
0.7896503024541474,0.5190965516666667,0.43674089683333334,0.5142675641666666,0.0,229.0
0.7750690098000961,0.405448001,0.387905725,0.4906237175,0.0,229.0
0.7695030576653614,0.19684362700000002,0.2759124385,0.4934382485,0.0,229.0
0.7282561910774059,0.0192234425,0.23268292824999998,0.44393094725,0.0,229.0
0.5832410757546906,0.0,0.31930429940000005,0.4346694792,0.0,229.0
0.6225666119925705,0.034280089500000006,0.40508728400000005,0.4968812255,0.0,229.0
0.7412759269462543,0.19684298500000003,0.47529031650000003,0.5778121469999999,0.0,229.0
0.7917821599861835,0.40826178816666664,0.6499221551666666,0.5707920486666667,0.0,229.0
0.7786888358823116,0.25647001166666666,0.699230729,0.637822587,0.0,229.0
0.7709217569453498,0.12917440200000002,0.5999578025,0.631214757,0.0,229.0
0.7072089512819015,0.0102434654,0.5470231464,0.6034869199999999,0.0,260.0
0.5796568710480874,0.0,0.44382121975,0.4920361695,0.0,384.0
0.6272213991636868,0.041725442,0.376091874,0.3986160145,0.0,384.0
0.746240815625852,0.196984553,0.4128326825,0.3924595495,0.0,384.0
0.7956283519348509,0.3310153221666666,0.5146922496666667,0.4446009041666667,0.0,384.0
0.7823174863971433,0.20938228133333334,0.506439088,0.5086587429999999,0.0,384.0
0.7710871712651377,0.04280102575,0.4470450615,0.5645495677500001,0.0,384.0
0.6174062300784322,0.00026226975,0.348844476625,0.51359906025,0.0,384.0
0.6897588734113791,0.064936651,0.2545829665,0.3727903255,0.0,384.0
0.790220346073418,0.22058563566666667,0.27644254399999996,0.2957257756666667,0.0,384.0
0.8046399584253018,0.33628053150000004,0.25407280175,0.25231494775,0.0,384.0
0.790437440233049,0.24158281699999998,0.26131282633333336,0.272790911,0.0,384.0
0.7831270878628476,0.1048238625,0.2036721125,0.26938668499999996,0.0,384.0
0.6607437204713272,0.0025068425555555556,0.16785049111111114,0.24880218877777782,0.0,384.0
0.6641248582819971,0.04670970833333333,0.08348869866666668,0.136024112,0.0,384.0
0.786755380733752,0.21022798050000002,0.091575976,0.113965175,0.0,384.0
0.8059383690838097,0.406819898,0.11831550279999999,0.10104877640000001,0.0,384.0
0.7917217451078373,0.3758741835,0.1569109225,0.1149075075,0.0,384.0
0.7827709633771304,0.2189600833333333,0.173739638,0.157765036,0.0,384.0
0.7393472448576291,0.01518178875,0.17644441325000002,0.1888361535,0.0,384.0
0.5589337468430006,0.0003019768333333333,0.14338051083333334,0.20378699483333332,0.0,384.0
0.5555635775216581,0.0771903695,0.13230394,0.227965433,0.0,384.0
0.6430599195317682,0.222943811,0.15377654,0.21942233049999998,0.0,384.0
0.6801332722908002,0.47671956916666675,0.18883111149999998,0.20398077883333332,0.0,384.0
0.6748198240558922,0.39822849650000003,0.2032715775,0.259337245,0.0,384.0
0.6742783034900817,0.208568311,0.204160423,0.2606750415,0.0,384.0
0.6640221693449286,0.01192279475,0.18532801625,0.21604707825,0.0,384.0
0.5544093602971341,0.011040672714285715,0.10465170342857143,0.131881679,0.0,384.0
0.5937865127731863,0.21318064650000002,0.077988224,0.10627799,0.0,384.0
0.675481034105823,0.46756979899999995,0.1148966425,0.106356141,0.0,384.0
0.687909891139413,0.5416862284999999,0.1600936025,0.1300304495,0.0,384.0
0.6807468420374242,0.37989658033333334,0.18149175766666667,0.199666612,0.0,384.0
0.6775660636975076,0.1616888545,0.17122444850000001,0.2327249035,0.0,384.0
0.6697536364057831,0.00894944975,0.22228272425,0.301844295,0.0,384.0
0.5894221284897071,0.0002147265,0.2755191665,0.327375949,0.0,384.0
0.6905399070197304,0.0875768885,0.262538743,0.26920523399999996,0.0,384.0
0.7855614820179417,0.2464215035,0.27762863299999996,0.227505805,0.0,384.0
0.8026962397160928,0.4090834715,0.26944977833333333,0.21345349683333334,0.0,384.0
0.7886321331535976,0.3011871375,0.218953297,0.2247775685,0.0,384.0
0.7813940163996858,0.12770737100000001,0.1609973185,0.2006147285,0.0,384.0
0.7373265988987732,0.00789582925,0.12275021700000002,0.17563089599999998,0.0,384.0
0.5898059338191585,0.000178537,0.12542061666666668,0.18271847316666665,0.0,384.0
0.6895442238304217,0.0745874295,0.15425827549999999,0.204987684,0.0,384.0
0.7898655780975353,0.29188944899999997,0.2486888903333333,0.22604298166666667,0.0,384.0
0.8017712567213081,0.45827704874999997,0.30008700175,0.2529283395,0.0,384.0
0.787645594951665,0.37511925199999996,0.3017434235,0.28026783450000003,0.0,384.0
0.7780479578930034,0.18027235133333333,0.27957017766666664,0.32264562866666663,0.0,384.0
0.7654007023599425,0.017252687,0.27422725400000003,0.41723381800000003,0.0,384.0
0.6264961445577792,0.0,0.2593705391666667,0.4478827943333334,0.0,384.0
0.6114261738635248,0.027505104333333336,0.21830783433333334,0.3857838433333334,0.0,384.0
0.745723197194722,0.237033072,0.2305620185,0.3902146705,0.0,384.0
0.7948397533511089,0.4262248785,0.2560487675,0.38144039799999996,0.0,384.0
0.7946248578548081,0.5704007485,0.34293926324999996,0.41910322224999996,0.0,384.0
0.7819123950125304,0.520253013,0.39217940549999997,0.408043684,0.0,384.0
0.7763748392343034,0.3423450945,0.3309883765,0.396655916,0.0,384.0
0.7414631997426682,0.0432439642,0.23605644720000002,0.28971787039999997,0.0,384.0
0.5877901524992144,0.0,0.2077856926,0.22125464379999998,0.0,384.0
0.6268237609021756,0.036253566,0.228902678,0.209666667,0.0,384.0
0.7460434945577927,0.21431082299999998,0.237682993,0.2393415065,0.0,384.0
0.7943668088546955,0.43977850150000003,0.2615483295,0.29290856216666666,0.0,384.0
0.7808460340193981,0.380712387,0.27434013199999996,0.426894163,0.0,384.0
0.7759764407236018,0.250765924,0.236086815,0.4283979185,0.0,384.0
0.7604685029785393,0.04172950625,0.18370833575,0.3445795495,0.0,384.0
0.6013005883966466,0.0,0.1748903067142857,0.38902329671428576,0.0,384.0
0.6892418362837704,0.11243857500000001,0.1604106905,0.377963913,0.0,384.0
0.78723299086287,0.3712063206666667,0.18404004566666665,0.433229653,0.0,384.0
0.7962528628393778,0.5145688322499999,0.21071465175,0.41435858049999996,0.0,384.0
0.7796375868812468,0.43773090600000003,0.235095164,0.4269214876666667,0.0,384.0
0.7754359710250045,0.224359254,0.167572489,0.37391322849999997,0.0,384.0
0.7295178944124497,0.014463539,0.12510406,0.302131543,0.0,384.0
0.5590927141817289,0.0,0.1521377785,0.21289436766666667,0.0,384.0
0.5566057681640335,0.134616663,0.186465016,0.22094084949999998,0.0,384.0
0.6417190083119657,0.348040216,0.20225770799999998,0.262942806,0.0,384.0
0.6788846603518983,0.38373878725,0.324896287,0.36909259225,0.0,384.0
0.6698242471724565,0.18061576625,0.41505560550000004,0.5222514225,0.0,384.0
0.6663713371726449,0.013069720833333333,0.39630795883333336,0.6603705029999999,0.0,384.0
0.556766583910759,0.0,0.312459509,0.6247574148333334,0.0,384.0
0.5546695398582739,0.0312973325,0.288261883,0.5617418439999999,0.0,384.0
0.6404681604068939,0.11043336499999999,0.30745701150000004,0.5121236845,0.0,384.0
0.676082552122545,0.23367786166666668,0.2299823865,0.35251304266666666,0.0,384.0
0.6697213830008848,0.16779321600000002,0.177080067,0.232441487,0.0,384.0
0.6705377556460995,0.04909312975,0.15839641275,0.17938363375,0.0,384.0
0.6097827462665999,0.0,0.12291551657142856,0.16838763085714284,0.0,384.0
0.6588953990830235,0.031272892000000004,0.11617061733333334,0.20016219366666665,0.0,384.0
0.7907928223641427,0.2515070624,0.13803726320000004,0.2718067638,0.0,384.0
0.7874260486898148,0.30414110299999997,0.227599496,0.36611937325,0.0,384.0
0.7766891666135838,0.17735555549999998,0.214387019,0.3316250245,0.0,384.0
0.7682199900032951,0.020093195666666664,0.18204761433333336,0.28693700066666666,0.0,384.0
0.6199137128853822,0.0,0.21614568514285712,0.34194299357142854,0.0,384.0
0.6271219449124985,0.016837473,0.25777119550000005,0.3381004965,0.0,384.0
0.7460804545306794,0.1178231305,0.3423971525,0.3670052605,0.0,384.0
0.7962915594017103,0.22750285766666667,0.44208579200000003,0.45100118066666667,0.0,384.0
0.7927744446247715,0.21042163349999998,0.54018343875,0.55900912775,0.0,384.0
0.7805474921852129,0.16989137799999998,0.535079997,0.6003935615,0.0,384.0
0.7710738898460591,0.03990051825,0.467180905,0.6059171704999999,0.0,384.0
0.6176024834946874,0.0,0.492272459625,0.6258403248750001,0.0,384.0
0.6899849485923324,0.034101141,0.534554261,0.6835419875,0.0,384.0
0.7890892920374398,0.18230041100000002,0.6618530536666667,0.6951486096666667,0.0,384.0
0.7934791285983231,0.332364913,0.7360566581666667,0.7742591183333333,0.0,384.0
0.7777741306689137,0.176816725,0.681779584,0.8172859305,0.0,384.0
0.7684997498745977,0.024385947666666668,0.6524709636666667,0.8093440876666667,0.0,384.0
0.6202572352062214,0.0,0.5823786695714286,0.7841949924285714,0.0,384.0
0.6586369550686687,0.03541471433333333,0.5456130606666667,0.738864194,0.0,384.0
0.7812528843391735,0.2003322165,0.563143509,0.7654898925,0.0,384.0
0.7945773979478986,0.4511327542,0.543771391,0.6597438901999999,0.0,384.0
0.7795308285158883,0.43387626500000004,0.5741692246666666,0.609164224,0.0,384.0
0.7704460399044165,0.09229755299999999,0.47593049125000003,0.5654423855,0.0,384.0
0.6204355093180917,0.0,0.458056683,0.5488847182857143,0.0,384.0
0.6588617408781511,0.04648088,0.44702129366666665,0.4828396716666667,0.0,384.0
0.7818514882360218,0.20810456900000002,0.5376392139999999,0.523499297,0.0,384.0
0.7926036715052226,0.22120198449999995,0.7152848396666666,0.6571246588333334,0.0,384.0
0.7779325241714361,0.0904238135,0.7596396145,0.760221606,0.0,384.0
0.7699254253478938,0.02180363475,0.7008961014999999,0.7361945735000001,0.0,384.0
0.5979163827681434,0.0,0.6882737945714287,0.7548005231428572,0.0,384.0
0.5511815145486693,0.027757721000000003,0.6430894516666666,0.7218192446666666,0.0,384.0
0.6405404034455153,0.1708146565,0.716459298,0.741001833,0.0,384.0
0.6799141173432723,0.3006307965,0.65470778425,0.6959447187500001,0.0,384.0
0.6725004686193689,0.28559960766666664,0.603188979,0.6771065446666666,0.0,384.0
0.672567255974309,0.134573874,0.4546711955,0.5976469040000001,0.0,384.0
0.6711132064452383,0.011475903,0.4095539753333333,0.568437377,0.0,384.0
0.5792663206634839,0.0011835094444444445,0.4350492303333333,0.6814373818888889,0.0,384.0
0.592249174808815,0.0526141985,0.46479536099999996,0.7510804775,0.0,384.0
0.6759421377083246,0.23997453414285713,0.3593971912857143,0.6351562845714287,0.0,384.0
0.6722560811291922,0.2136996085,0.2307338455,0.4803726395,0.0,384.0
0.6713970022431248,0.0448964355,0.133482655,0.35470475674999996,0.0,384.0
0.6127514900029744,0.0,0.07923330714285716,0.18285457885714287,0.0,384.0
0.6602055364385329,0.021082029333333335,0.07075787866666666,0.10710428133333334,0.0,384.0
0.7842176864800519,0.107953655,0.07026343,0.089941015,0.0,384.0
0.7954389534861095,0.21386351866666667,0.08023141916666666,0.12766532133333333,0.0,384.0
0.7808844920212432,0.16532304650000001,0.0838062565,0.1804039215,0.0,384.0
0.7714393754102177,0.03287228775,0.07637538825000001,0.17597339175,0.0,384.0
0.6212245316494964,0.0,0.04991273142857143,0.111743952,0.0,384.0
0.6273738003479481,0.008064228,0.080011824,0.082975567,0.0,384.0
0.7620031578149952,0.121515561,0.141818484,0.143732257,0.0,384.0
0.7987950065784875,0.27266159175,0.28457192175,0.2639860125,0.0,384.0
0.7890995176713238,0.2906697916666667,0.42020062333333336,0.36301543266666664,0.0,384.0
0.7818272506794255,0.1810765445,0.4360595055,0.4564096105,0.0,384.0
0.743563670726171,0.0185333776,0.5214089402,0.5488489926000001,0.0,384.0
0.5900509175137495,0.0,0.48982157475000004,0.50828114225,0.0,384.0
0.5893517189919275,0.0,0.396761517,0.467925484,0.0,384.0
0.6897050320873397,0.032617353,0.35726055300000004,0.4641414995,0.0,384.0
0.7817049004243526,0.1300999175,0.34622944099999997,0.46202145650000004,0.0,384.0
0.7969743536258787,0.271746803,0.30939485575000003,0.41265116275,0.0,384.0
0.7857025991888068,0.3036311756666667,0.2948113153333333,0.38933019966666665,0.0,384.0
0.7771026800279762,0.180876251,0.2633782845,0.3745719595,0.0,384.0
0.7414578066494856,0.011074112,0.2149487808,0.3178648208,0.0,384.0
0.5874955728136364,0.0,0.269081232,0.31076475459999997,0.0,384.0
0.6590962007298145,0.025278326666666667,0.32112848033333335,0.406576561,0.0,384.0
0.7822366052939067,0.17435611,0.3503777065,0.47919263199999995,0.0,384.0
0.7962384634484599,0.39445769475,0.4528805075,0.55759780225,0.0,384.0
0.7816110359986216,0.367003566,0.58689917525,0.6577475005,0.0,384.0
0.7475568707614189,0.04739859116666666,0.5771975036666667,0.7778330188333333,0.0,384.0
0.5902022007486637,0.0,0.5765845928333334,0.8141909633333334,0.0,384.0
0.6892136188054563,0.08747381700000001,0.5243716199999999,0.7710916285,0.0,384.0
0.7855583069468801,0.326974527,0.560847042,0.7499755925,0.0,384.0
0.7944388356785462,0.5135957246666666,0.5744761116666667,0.7607747456666667,0.0,384.0
0.787315601099483,0.30986891666666666,0.5590311446666666,0.7780028043333332,0.0,384.0
0.7767611339013377,0.033034897333333334,0.44018319866666666,0.730169951,0.0,384.0
0.5927377987953254,0.0,0.392221631,0.6767811305,0.0,384.0
0.55896418530787,0.1114001375,0.288556919,0.5481324625,0.0,384.0
0.6503795807879245,0.4315193125,0.2499316885,0.4295793395,0.0,384.0
0.6817655255368694,0.6329485539999999,0.16011657375000002,0.26252426425000003,0.0,384.0
0.6698942504550204,0.5191120886666667,0.12142953699999999,0.18647022333333332,0.0,384.0
0.6731411974872863,0.22655144700000002,0.087890654,0.118740276,0.0,384.0
0.6761816904208182,0.015925156000000003,0.11667909700000001,0.11136801199999999,0.0,384.0
0.5577775609044439,0.0,0.3228537531666667,0.36100590883333333,0.0,384.0
0.5554997192886981,0.0144311575,0.49292132749999995,0.6653342470000001,0.0,384.0
0.6485782240083398,0.0603063,0.559498769,0.81797793,0.0,384.0
0.6886059370258577,0.079769466,0.67793003175,0.8691273905,0.0,384.0
0.6750365679264522,0.09100771299999999,0.6745558443333334,0.8441150233333333,0.0,384.0
0.6711624641196001,0.0598519475,0.5811986845,0.8414806525,0.0,384.0
0.6693150067521808,0.0048066116,0.5783823704000001,0.8344755482,0.0,384.0
0.5891876685930598,0.0,0.6051883661666667,0.8332341258333334,0.0,384.0
0.6888026990911285,0.049432584,0.5548565465,0.794108058,0.0,384.0
0.7899268276733078,0.26110552275,0.6133231595,0.75544977525,0.0,384.0
0.7879412210510572,0.27897525759999997,0.5065293056,0.6444854280000001,0.0,384.0
0.775877701917711,0.1555770385,0.293384154,0.427374644,0.0,384.0
0.7214923342145231,0.009757712333333333,0.19370145116666668,0.2749631066666667,0.0,384.0
0.579782351570329,0.0,0.215122106,0.2158957825,0.0,384.0
0.6587646715795722,0.040142893666666665,0.2838634973333333,0.23277794633333335,0.0,384.0
0.7817150068735832,0.2659664365,0.394236911,0.312404723,0.0,384.0
0.7925455223723407,0.33247203583333335,0.43971412666666665,0.36648466883333336,0.0,384.0
0.7777425145724031,0.17800316249999998,0.3112276805,0.2905109285,0.0,384.0
0.7707144860055202,0.02463890525,0.23762621375,0.32077636175,0.0,384.0
0.6174250790053665,0.0,0.22469435775,0.3234343355,0.0,384.0
0.688650968683223,0.0525905865,0.24773235,0.37113443999999995,0.0,384.0
0.7891235166786785,0.323653841,0.30934851766666666,0.3866674323333334,0.0,384.0
0.7938810971718369,0.5095889495,0.36049865525,0.40814988650000006,0.0,384.0
0.7806717653639945,0.448784022,0.381883294,0.40066102800000003,0.0,384.0
0.7761744847267659,0.19737734666666665,0.3053624613333334,0.36943545866666666,0.0,384.0
0.7332672294199458,0.0,0.1993048945,0.277530736,0.0,384.0
0.6000150037094508,0.0015407147142857142,0.10295757257142857,0.14192668542857143,0.0,384.0
0.7662459296231695,0.26442883666666667,0.04134461666666667,0.06481675033333333,0.0,384.0
0.7945666475506673,0.5127714142,0.041896078,0.035060833799999996,0.0,384.0
0.7786393695504623,0.23398547249999999,0.047951914750000005,0.0417229865,0.0,384.0
0.7707381570920125,0.020213674666666667,0.09519627733333334,0.07376015333333334,0.0,384.0
0.6200791655072934,0.0,0.15808586885714287,0.12200594085714286,0.0,384.0
0.6275495446978394,0.0047594695,0.2457841705,0.22123565150000002,0.0,384.0
0.7463179105752111,0.2110870815,0.2690532175,0.2745580285,0.0,384.0
0.794647567479446,0.5590613531666666,0.39149878216666667,0.3206205445,0.0,384.0
0.7787481924373751,0.26581184025,0.37024357225000004,0.33079737974999995,0.0,384.0
0.7689036189586277,0.01839803233333333,0.3522634903333333,0.3593133083333333,0.0,384.0
0.5953550922424836,0.0,0.26411080625,0.34642768437500004,0.0,675.75
0.5606945065947202,0.034595930999999996,0.161234372,0.2779500825,0.0,773.0
0.646165317098579,0.161343795,0.131394279,0.247847247,0.0,773.0
0.6815481347606219,0.32975116239999996,0.1316786572,0.198915004,0.0,773.0
0.6734466929666355,0.2266124255,0.14375860499999998,0.1988721395,0.0,773.0
0.6752893922685799,0.1064649495,0.1119365025,0.2098213015,0.0,773.0
0.6601959144876252,0.005659647,0.18885480000000002,0.31499429100000004,0.0,773.0
0.554868882808038,0.012692144428571429,0.3405949292857143,0.4638302242857143,0.0,773.0
0.6454148710539958,0.21254477100000002,0.412347693,0.46026955999999997,0.0,773.0
0.6818648233320536,0.40185995820000003,0.4252745504,0.425822947,0.0,773.0
0.6740523624509045,0.30358536150000004,0.339460861,0.4115546755,0.0,773.0
0.6748675835213603,0.1406989495,0.284524657,0.37742834150000004,0.0,773.0
0.6338177004203244,0.0021366377,0.216018759,0.26315423330000004,0.0,773.0
0.6684423699111993,0.031223854333333332,0.18287247733333334,0.33666278433333335,0.0,773.0
0.7896333391649513,0.264399995,0.17385181,0.3432383615,0.0,773.0
0.8021447245533407,0.45370646100000006,0.18925020333333334,0.33194394033333335,0.0,773.0
0.7930861261452385,0.42031095766666665,0.21846207399999998,0.36125063900000004,0.0,773.0
0.7853901648189894,0.262206965,0.2412220285,0.386152646,0.0,773.0
0.7810779002047348,0.04858712225,0.23988540325000002,0.3769618025,0.0,773.0
0.626385748048191,0.0,0.17073983214285718,0.353054312,0.0,773.0
0.6979654509747975,0.06577568425,0.12554805975,0.3313815595,0.0,773.0
0.802087141834333,0.4028806663333333,0.10969182816666667,0.2907441276666667,0.0,773.0
0.7882705828759531,0.283772618,0.1215954525,0.2966600905,0.0,773.0
0.7866055284456623,0.126734921,0.12771293099999997,0.3279859555,0.0,773.0
0.7714495824320424,0.0091777495,0.14512774275,0.35842243825,0.0,773.0
0.6067473909013975,0.0,0.13714924385714286,0.3625050805714286,0.0,773.0
0.7265358383193686,0.08808089366666667,0.13660773633333334,0.33429773533333335,0.0,773.0
0.8022781113747671,0.3597418862,0.1771135726,0.295957763,0.0,773.0
0.7890121672188188,0.20705601733333334,0.24517638933333333,0.2851460516666666,0.0,773.0
0.7818230829052406,0.044419947,0.23572482460000002,0.3186659056,0.0,773.0
0.628790348216369,0.0002945453333333333,0.18489041599999997,0.3010546055555556,0.0,773.0
0.7741966681070088,0.18207117666666664,0.18823485033333334,0.2683104473333333,0.0,773.0
0.7997019679945313,0.33763421266666666,0.24171554683333332,0.30061988749999996,0.0,773.0
0.790522569654015,0.2091993205,0.3021857215,0.44663791799999997,0.0,773.0
0.7876252479451655,0.035662445,0.28843396325000004,0.47332341800000005,0.0,773.0
0.6325174891064022,0.0,0.28477989983333335,0.4750343573333333,0.0,773.0
0.6517142315071274,0.030985841,0.29106310775,0.5111514564999999,0.0,773.0
0.8024456811194296,0.3156038095,0.287181228,0.461733436,0.0,773.0
0.8010629653708587,0.35236416666666664,0.3240075931666667,0.4691658239999999,0.0,773.0
0.7882551102158757,0.20668870150000002,0.3152605295,0.4678575245,0.0,773.0
0.7866320466486161,0.029873604999999998,0.27041898900000005,0.38332410650000004,0.0,773.0
0.596496642147071,0.0,0.324238974375,0.383790071875,0.0,773.0
0.5611783847929668,0.0215241465,0.273134675,0.4432384685,0.0,773.0
0.653995084104175,0.114165571,0.270680961,0.4995172925,0.0,773.0
0.6832347256800431,0.200224947,0.32339931580000003,0.514166087,0.0,773.0
0.6752465965211547,0.131758763,0.389600715,0.5040883823333334,0.0,773.0
0.6801862862497773,0.01737832425,0.3866877755,0.5431776879999999,0.0,773.0
0.582407557753483,0.0,0.45347186988888893,0.6295810717777779,0.0,773.0
0.597954984522238,0.0756807075,0.5599301385,0.68921929,0.0,773.0
0.6796125906184055,0.40097368066666667,0.6635944380000001,0.7521181861666667,0.0,773.0
0.6729287839174827,0.37409399099999996,0.727972286,0.7830096735000001,0.0,773.0
0.679751446506202,0.0818219174,0.6673682314,0.7397613748,0.0,773.0
0.6162776326679581,0.0,0.6384239927142856,0.6540766138571429,0.0,773.0
0.6682865104376932,0.020054657666666666,0.5712781696666666,0.5899750983333333,0.0,773.0
0.7918068447045252,0.15138414649999998,0.560888865,0.614857034,0.0,773.0
0.8008937112427323,0.18110504079999998,0.6503402424,0.6904544082,0.0,773.0
0.7875126016802574,0.1337448905,0.6766763545,0.7634159954999999,0.0,773.0
0.7845509074720769,0.03206411375,0.6766488077499999,0.7976932790000001,0.0,773.0
0.7023123613463994,0.0,0.75387692775,0.8884107992499999,0.0,773.0
0.5894382495601809,0.0,0.7569847666,0.8764074087999999,0.0,773.0
0.6984340689603419,0.0216866275,0.6967654025000001,0.8124948495,0.0,773.0
0.7883438767817876,0.159655757,0.6813932890000001,0.789513364,0.0,773.0
0.7981797449788347,0.344121315,0.689301682,0.7088569523333335,0.0,773.0
0.7855350533215604,0.18793236400000002,0.632000192,0.6649768094999999,0.0,773.0
0.7809050402404065,0.01579935025,0.54392824875,0.63248748175,0.0,773.0
0.6238686459500021,0.0,0.487784265875,0.5863262155,0.0,773.0
0.7005971550307157,0.0395663865,0.399636414,0.48190709249999997,0.0,773.0
0.8022628712495934,0.29161827,0.3898326875,0.42812625400000004,0.0,773.0
0.8065084156472715,0.530726453,0.4185413845,0.39962885275000004,0.0,773.0
0.7921294450821619,0.37571922225,0.40179635550000004,0.34742251550000003,0.0,773.0
0.7875081745293184,0.038841498,0.349563878,0.372239454,0.0,773.0
0.6264435309195296,0.0,0.478566124,0.44693006428571425,0.0,773.0
0.6406787629952455,0.0,0.4963985395,0.49317889000000004,0.0,773.0
0.7793668899018341,0.216042663,0.47977773933333334,0.49113704133333336,0.0,773.0
0.8012070458918993,0.419226688,0.5805263322,0.4826974718,0.0,773.0
0.788350383332682,0.17675830275,0.5407229812500001,0.52181958875,0.0,773.0
0.7522485881126324,0.0009823638,0.45891417259999995,0.5111422776,0.0,773.0
0.6064520496923015,0.0,0.5435807484285714,0.5801235112857143,0.0,773.0
0.7595402331841095,0.065529819,0.5310589095,0.6295170635,0.0,773.0
0.8052959587406325,0.27421528525,0.5160295324999999,0.63057339525,0.0,773.0
0.7948604133888236,0.3573673943333333,0.5540214703333334,0.6557220659999999,0.0,773.0
0.7875126911530919,0.2720331775,0.5072858554999999,0.6670908455,0.0,773.0
0.7837959671381912,0.0346162935,0.395971598,0.64475711425,0.0,773.0
0.6251531881707145,0.0,0.31130046019999996,0.5368574716,0.0,773.0
0.5541839846854,0.0142859434,0.2468219236,0.35218601920000003,0.0,773.0
0.6523802264306459,0.22011407700000002,0.2276690425,0.3023237595,0.0,773.0
0.6808010857642995,0.31193270616666663,0.3375616165,0.3147561575,0.0,773.0
0.6752626057483362,0.1191702665,0.4150708505,0.440538938,0.0,773.0
0.680121090931,0.0070113996,0.5386355992,0.5783932548,0.0,773.0
0.5752629277849926,0.0,0.7581293622857143,0.7498438175714285,0.0,773.0
0.5603693796553824,0.0112322815,0.708354185,0.817189221,0.0,773.0
0.6478123052362035,0.12146258499999998,0.6810392555,0.7988272995000001,0.0,773.0
0.6829886925982068,0.329144879,0.6732503360000001,0.6983620589999999,0.0,773.0
0.6729155621132225,0.2586120433333333,0.6022611733333333,0.5769632269999999,0.0,773.0
0.6762850754578886,0.129592349,0.43372639749999997,0.4891653625,0.0,773.0
0.6468045200025807,0.00052082025,0.35389171675,0.46720271812499997,0.0,773.0
0.6097689601145084,0.0,0.33228217649999997,0.39060208625000004,0.0,773.0
0.7547842253143429,0.047519853,0.4378360715,0.52751751,0.0,773.0
0.8006122609466377,0.121316067,0.563682134,0.6245872690000001,0.0,773.0
0.7970071234293814,0.24553306819999995,0.6909057902,0.7352229626,0.0,773.0
0.7840524510047193,0.220587666,0.7390481044999999,0.7716661955,0.0,773.0
0.7822054810955587,0.044880232,0.784711683,0.8427579735,0.0,773.0
0.7414606038024089,0.0,0.7333910137499999,0.86476526025,0.0,773.0
0.5956645919460638,0.0,0.5666214725000001,0.8243835478333333,0.0,773.0
0.6983899763291466,0.0048958585,0.528660251,0.784602227,0.0,773.0
0.788252248232259,0.066434596,0.53384449,0.784188457,0.0,773.0
0.8012442920564,0.30435332625,0.649572697,0.8086762325000001,0.0,773.0
0.7875730910518232,0.3485051926666667,0.788895542,0.851178382,0.0,773.0
0.7802331558721441,0.0687968484,0.8250300244,0.8943425654,0.0,773.0
0.6258448247872922,0.0,0.8259815204285713,0.8983427270000001,0.0,773.0
0.635621329040682,0.0,0.822075595,0.8986646119999999,0.0,773.0
0.7548157072016016,0.0849471095,0.7955749830000001,0.844900044,0.0,773.0
0.7995497009745378,0.34349470249999997,0.8586777938333334,0.8146184318333333,0.0,773.0
0.7878075658831014,0.3419570195,0.924413903,0.9004354045,0.0,773.0
0.7867503945125489,0.0757603245,0.881154306,0.9035174242499999,0.0,773.0
0.6806415445038964,0.0,0.7434094624,0.8462512908000001,0.0,773.0
0.5893744136819346,0.0,0.59208764725,0.71134069825,0.0,773.0
0.6991412944302253,0.018617134,0.5047929615,0.6324135335,0.0,773.0
0.794536873906295,0.1478764455,0.46324679550000003,0.586845747,0.0,773.0
0.804495745240204,0.220905226,0.455574974,0.5484707574,0.0,773.0
0.7898768173970062,0.1093441,0.4173025156666667,0.612220171,0.0,773.0
0.7827476947721959,0.0045243655,0.45743951475,0.6872417132499999,0.0,773.0
0.6264443358665795,0.0,0.6332675557142858,0.8263085895714285,0.0,773.0
0.7009237576645411,0.062221751000000006,0.772956901,0.8948678895,0.0,773.0
0.812846453276955,0.4373006333999999,0.8019533978,0.9152667107999999,0.0,773.0
0.7959808839895474,0.42785662966666665,0.7887296273333333,0.9066046986666666,0.0,773.0
0.7963605006498258,0.21039753900000002,0.7026678795,0.8851328895,0.0,773.0
0.7751521865068128,0.00036062,0.61387587675,0.8378887852499999,0.0,773.0
0.5735351051465742,0.0,0.46634127462499997,0.660927450125,0.0,773.0
0.6064712275996278,0.0524679445,0.329708713,0.4547591955,0.0,773.0
0.7062997583778277,0.23188797499999997,0.3182040598,0.39008694720000003,0.0,773.0
0.7102299260112294,0.23128915066666667,0.2671030816666667,0.38758045433333327,0.0,773.0
0.7080316016115379,0.04007184766666667,0.2226922445,0.3378244903333334,0.0,773.0
0.577918168194411,0.0,0.23174047628571431,0.3645244577142857,0.0,773.0
0.5727540770881028,0.009634209,0.3330785015,0.540054303,0.0,773.0
0.6712621419853989,0.21858025849999999,0.3767213895,0.647595544,0.0,773.0
0.7138977053942295,0.5116451796666667,0.48223139499999995,0.7705875023333334,0.0,773.0
0.7020527136435206,0.506147455,0.59809713075,0.83895440075,0.0,773.0
0.7139920826266064,0.0905559914,0.4866682848,0.7991277647999999,0.0,773.0
0.6347501226269618,0.0,0.32163825199999996,0.5385239755555555,0.0,773.0
0.782491322712973,0.175866195,0.22257928100000002,0.381061652,0.0,773.0
0.8120518146785987,0.595744998,0.21164986766666663,0.27307929033333334,0.0,773.0
0.7955400921792406,0.3951346985,0.208856074,0.23999884300000002,0.0,773.0
0.803525815497279,0.08468828475,0.171914682,0.20381418475,0.0,773.0
0.7043281889299617,0.0,0.24027362475,0.20366566825,0.0,773.0
0.6244677287109486,0.0,0.3534824303333333,0.290564174,0.0,773.0
0.7817476515028361,0.115149243,0.500301999,0.413923116,0.0,773.0
0.8167606145396483,0.3452668625,0.5704274460000001,0.461991887,0.0,773.0
0.8031309944492293,0.4250793095,0.689068328,0.5492307430000001,0.0,773.0
0.7906315192266343,0.268307642,0.7211284266666667,0.5961683003333332,0.0,773.0
0.7799168787138095,0.009747940600000001,0.744322192,0.6445063968000001,0.0,773.0
0.6146350205997254,0.0,0.729811710375,0.6515568616249999,0.0,773.0
0.7603238381580546,0.078752249,0.615482707,0.618729531,0.0,773.0
0.800382869175499,0.329367572,0.5150996911666667,0.5418687533333334,0.0,773.0
0.7849682592440795,0.20915198133333335,0.38218445900000003,0.4736571686666667,0.0,773.0
0.7731380045756383,0.008930561600000001,0.36270877760000003,0.42346140439999996,0.0,773.0
0.6069493744083095,0.0,0.434086489,0.4161122838333333,0.0,773.0
0.66916092417588,0.014313101666666666,0.4749582806666666,0.43429591466666667,0.0,773.0
0.7952854641655331,0.282389006,0.45243154799999996,0.45630099199999996,0.0,773.0
0.7995968523036311,0.5213833496,0.3941285646,0.41075307940000005,0.0,773.0
0.7856982465535797,0.31888848500000005,0.389019449,0.42461403966666666,0.0,773.0
0.7842758877829286,0.0118420625,0.39394283924999995,0.5420254835,0.0,773.0
0.6258993112951022,0.0,0.35788892085714286,0.6008930301428571,0.0,773.0
0.6721186756639687,0.008063391333333333,0.316845176,0.5813464946666667,0.0,773.0
0.8069856083826925,0.315380741,0.25967727,0.5201784075,0.0,773.0
0.8081612439790957,0.5690301682000001,0.2008349656,0.38765456060000003,0.0,773.0
0.795242668418108,0.3865756135,0.18274967949999998,0.37192343,0.0,773.0
0.8043679571960167,0.160062031,0.169284481,0.3758024365,0.0,773.0
0.7786546633323462,0.0,0.19559444275,0.34710108,0.0,773.0
0.5899862511382812,0.0,0.24378550242857142,0.29966677828571425,0.0,773.0
0.5874787228791891,0.014036849,0.35459294750000003,0.33977703800000003,0.0,773.0
0.6755639871641915,0.3273488565,0.3634331725,0.337812848,0.0,773.0
0.6952967422433134,0.5902775652500001,0.44377885549999996,0.3512597945,0.0,773.0
0.6792146169349786,0.4754976325,0.477867304,0.379250914,0.0,773.0
0.6846860338001506,0.23837337050000001,0.4630889635,0.3865232615,0.0,773.0
0.7017208274768757,0.0059909174,0.4810450636,0.4489155034,0.0,773.0
0.5788547500331603,0.0024954234444444444,0.4466165727777778,0.5019751717777778,0.0,773.0
0.6675808128435383,0.1996221225,0.43903379249999996,0.546106178,0.0,773.0
0.7012909023559932,0.33045000999999996,0.6094661843999999,0.608861922,0.0,773.0
0.7031374727187908,0.23093033333333332,0.656988165,0.692882726,0.0,773.0
0.7034945034532115,0.0110423418,0.5809049779999998,0.8006053353999999,0.0,773.0
0.616780144678062,0.0,0.42170370649999994,0.7314448874999999,0.0,1432.1666666666667
0.7485798919614606,0.05632368025,0.27086823425,0.6100062737499999,0.0,1564.0
0.8374050115571658,0.37821907650000003,0.2610177656666667,0.4638970281666667,0.0,1564.0
0.8206801152388138,0.1853451345,0.47541031,0.546464292,0.0,1564.0
0.8291911932505452,0.0371609455,0.571164186,0.6088487455,0.0,1564.0
0.7749571237101549,0.0,0.7283556094,0.7228951624000001,0.0,1564.0
0.6009285813614217,0.0,0.8126787905,0.8930459561666666,0.0,1564.0
0.7225722599686226,0.0028513775,0.785629115,0.8970194254999999,0.0,1564.0
0.8092686746901611,0.12391756200000001,0.7775235315,0.8856406015,0.0,1564.0
0.8128786775188374,0.2887945191666667,0.8002937114999998,0.8157590766666667,0.0,1564.0
0.8041909160973069,0.160115493,0.695471064,0.771430151,0.0,1564.0
0.8021426674991019,0.00405842575,0.5619291367500001,0.6919987027499999,0.0,1564.0
0.6319698623586217,0.0,0.38937902985714284,0.5516852321428571,0.0,1564.0
0.6880830864919191,0.002896960666666667,0.2586488983333333,0.458158291,0.0,1564.0
0.8145791490891632,0.0839995615,0.3035934465,0.380283825,0.0,1564.0
0.8150479496753128,0.14342633933333335,0.40676641183333334,0.39631919050000003,0.0,1564.0
0.8033188575774188,0.0656517695,0.431741912,0.456880707,0.0,1564.0
0.793840971122405,0.00151686,0.4059036902,0.471042724,0.0,1564.0
0.6113213533340142,0.0,0.41236103083333325,0.45758938,0.0,1564.0
0.6886206494479907,0.002542013,0.4597683596666666,0.4529269083333333,0.0,1564.0
0.8178513472986286,0.086330055,0.5688401519999999,0.5577608270000001,0.0,1564.0
0.8216909357337601,0.23428319675000003,0.6411567874999999,0.6193754005,0.0,1564.0
0.8041680648298394,0.25994071350000003,0.5646697315,0.607104279,0.0,1564.0
0.8031547401076632,0.140135422,0.444680931,0.562732722,0.0,1564.0
0.8036219159004259,0.00189813825,0.32822992824999997,0.46482543049999997,0.0,1564.0
0.6322874606534363,0.0,0.24082043585714286,0.32807889314285715,0.0,1564.0
0.6894092182074547,0.0015533413333333331,0.20873992900000002,0.26531812066666666,0.0,1564.0
0.8257013047332638,0.136129346,0.18952133,0.253140345,0.0,1564.0
0.8204390220718278,0.3100481603333333,0.1956024005,0.230316266,0.0,1564.0
0.8087574061987272,0.1454026695,0.164884636,0.21544962099999998,0.0,1564.0
0.8098835784996892,0.00194120425,0.171668516,0.2248694195,0.0,1564.0
0.6535225756022716,0.0,0.20292815700000003,0.259088195,0.0,1564.0
0.5695857826827108,0.0003653571666666667,0.271241298,0.37660745966666664,0.0,1564.0
0.6975565770912434,0.1486967905,0.30664051400000003,0.4909492035,0.0,1564.0
0.7369128767931552,0.37035120833333335,0.33485925,0.573065215,0.0,1564.0
0.7334552154327082,0.398477256,0.384793463,0.676420777,0.0,1564.0
0.745844161160666,0.2567220845,0.354788989,0.6879491565,0.0,1564.0
0.7448140668946421,0.006347122,0.30813071775,0.6297757367500001,0.0,1564.0
0.6130222143405878,0.0,0.35600750162500006,0.536173264375,0.0,1564.0
0.6116919293693979,0.003283282,0.5015690555,0.5186555865,0.0,1564.0
0.7094264510055622,0.128189691,0.5689968535000001,0.547070217,0.0,1564.0
0.7280028710472282,0.30960929449999997,0.65388069325,0.574351327,0.0,1564.0
0.7083932488068405,0.271153241,0.7208310035,0.585020313,0.0,1564.0
0.7275036245851237,0.07378046766666667,0.7247383693333332,0.601246724,0.0,1564.0
0.7307632120731448,0.0,0.7608707476666666,0.6340413256666667,0.0,1564.0
0.6512335059105203,0.0,0.7499020082500001,0.6854829010000001,0.0,1564.0
0.5878264848937155,0.0,0.6813922616666668,0.6635956563333333,0.0,1564.0
0.7220015380944349,0.017773974749999998,0.6141539279999999,0.627125307,0.0,1564.0
0.8225612650977796,0.24116246549999998,0.6511191296666667,0.6811654494999999,0.0,1564.0
0.8121247657176939,0.1528220265,0.7160202419999999,0.7333834295,0.0,1564.0
0.8136330141472553,0.0164371675,0.7329448009999999,0.7142568235000001,0.0,1564.0
0.6515660338423256,0.0,0.7593270919999999,0.7221793025000001,0.0,1564.0
0.6893878427019507,0.0014976036666666667,0.7554717336666666,0.7176292196666667,0.0,1564.0
0.8186965596722086,0.228193525,0.7303849493333333,0.6991192036666667,0.0,1564.0
0.8111697764739082,0.4182780582500001,0.683717506,0.63229462375,0.0,1564.0
0.8002096588996077,0.3011965555,0.6000357245,0.578937994,0.0,1564.0
0.8093200712555914,0.050968356,0.5660929163333334,0.5750219963333333,0.0,1564.0
0.7105642575640077,0.0,0.5551313473333334,0.6099297655000001,0.0,1564.0
0.6143716456211775,0.0,0.526491451,0.6072490888,0.0,1564.0
0.7851346424143155,0.099747934,0.5532876485,0.684525609,0.0,1564.0
0.8166870076138444,0.45871939500000003,0.5427452184999999,0.7309167315,0.0,1564.0
0.8077198887238475,0.73143136775,0.58798502175,0.77961390775,0.0,1564.0
0.796655241305535,0.5500270285,0.645544053,0.828033312,0.0,1564.0
0.7951458972183627,0.054311451600000005,0.7384339638,0.885139272,0.0,1564.0
0.6315030698955519,0.0,0.710926989,0.8860771837142857,0.0,1564.0
0.7137600241219086,0.019570145,0.7120434105,0.9110598537500001,0.0,1564.0
0.815592563284174,0.178940429,0.6745628395000001,0.8902543940000001,0.0,1564.0
0.8130006029466356,0.25288880075,0.6294144185,0.8199490855,0.0,1564.0
0.8029957205652021,0.24973580350000002,0.590366915,0.6318526799999999,0.0,1564.0
0.8045321641116165,0.0301150044,0.5240622358,0.621061576,0.0,1564.0
0.6319119197240038,0.0,0.6461400582857142,0.8031086390000002,0.0,1564.0
0.6520774363911908,0.0,0.892988715,0.890760244,0.0,1564.0
0.788456105652999,0.042787241000000004,0.9273709330000001,0.9172712633333333,0.0,1564.0
0.8161811726065725,0.14751426475,0.9056705297500001,0.8635772985,0.0,1564.0
0.8045099389785538,0.118309947,0.8885902889999999,0.8667429165,0.0,1564.0
0.8006292987740372,0.063258521,0.871081691,0.9109151504999999,0.0,1564.0
0.7931446703598384,0.000669182,0.8620371345,0.9063943520000001,0.0,1564.0
0.6514695980678696,0.0,0.68602064775,0.8401288339999999,0.0,1564.0
0.5616806274816776,0.0,0.4784099693333333,0.6517535015000001,0.0,1564.0
0.6712432483501626,0.053917845333333325,0.3451347763333333,0.546586177,0.0,1564.0
0.6885591613229768,0.17552620525,0.42688016075,0.7093423035,0.0,1564.0
0.6814290623691568,0.11832529,0.594155657,0.8118981085,0.0,1564.0
0.6875459632977531,0.005039187666666666,0.5991450228333334,0.8005035936666668,0.0,1564.0
0.5928081848171696,0.0,0.3695771756,0.533531438,0.0,1564.0
0.568473562644659,0.0,0.1819979655,0.33735413700000005,0.0,1564.0
0.6910509294946074,0.090812587,0.15441760799999998,0.3065538085,0.0,1564.0
0.728902346587445,0.3059387594,0.1491600006,0.303109136,0.0,1564.0
0.7348568770427403,0.3065882955,0.161089694,0.3151595735,0.0,1564.0
0.7480437041385285,0.0405263835,0.16697293100000002,0.38113024925,0.0,1564.0
0.7006896928158741,0.0,0.19916658133333334,0.43140597833333333,0.0,1564.0
0.5989266896261707,0.0,0.21260983640000003,0.40771928939999996,0.0,1564.0
0.6943234556136894,0.0,0.22165030166666666,0.36362655633333335,0.0,1564.0
0.8364835538887758,0.1249634195,0.221638651,0.345934985,0.0,1564.0
0.8387305947219055,0.404706553,0.18947885039999998,0.28124672219999997,0.0,1564.0
0.8332441791867566,0.3337252,0.1711324025,0.2427206005,0.0,1564.0
0.8256597253305626,0.03265210440000001,0.2358946424,0.258061509,0.0,1564.0
0.6321032325398874,0.0,0.38793415028571426,0.3540003745714286,0.0,1564.0
0.6886607471778534,0.0,0.5118574206666667,0.46221781,0.0,1564.0
0.8184542442046399,0.060870539,0.5635632105,0.5185975945,0.0,1564.0
0.8191810296911957,0.21515627240000001,0.6087397146,0.6340559118,0.0,1564.0
0.8074062768573402,0.23349356799999998,0.5688232135,0.674261558,0.0,1564.0
0.809771491197084,0.025689483399999997,0.5199127066000001,0.6465342098000001,0.0,1564.0
0.6324536287688419,0.0,0.36650010714285713,0.4558976785714285,0.0,1564.0
0.6908824892363944,0.0,0.23450224066666667,0.29052243466666666,0.0,1564.0
0.8313198907136261,0.170198548,0.21836814499999999,0.22313695166666667,0.0,1564.0
0.8273606798652627,0.4096653926666667,0.23430541066666666,0.196401806,0.0,1564.0
0.8184460755462731,0.3185339353333333,0.227461726,0.23283726233333332,0.0,1564.0
0.7906412593115016,0.017031677000000002,0.22647384871428572,0.3185726281428572,0.0,1564.0
0.6021457799459271,0.0,0.17431319979999998,0.3453008292,0.0,1564.0
0.7117081011321478,0.0,0.14411685233333335,0.323333777,0.0,1564.0
0.8453368638056082,0.2005667465,0.1234007385,0.32702353100000003,0.0,1564.0
0.8379321923581231,0.52036853625,0.11587447925,0.28130244699999996,0.0,1564.0
0.8254195026636317,0.36989673766666664,0.129691045,0.2555492876666667,0.0,1564.0
0.8293371013115849,0.0219736312,0.1895518178,0.29127518639999994,0.0,1564.0
0.640192984188482,0.0,0.33149037085714284,0.29818843528571426,0.0,1564.0
0.7471529420513244,0.02044424125,0.416185452,0.36633118925,0.0,1564.0
0.8362491982871346,0.2992303058333333,0.3212940048333333,0.29375856166666664,0.0,1564.0
0.8175342920100319,0.2088072715,0.21126601,0.2047770765,0.0,1564.0
0.824236187432558,0.01256128,0.1804116312,0.15970533580000001,0.0,1564.0
0.6042463448556634,0.0,0.3085648591,0.2889730285,0.0,1564.0
0.6922253531592001,0.1099795515,0.440297366,0.391264159,0.0,1564.0
0.6995096241036763,0.31457901140000005,0.40172178379999995,0.40305591539999996,0.0,1564.0
0.6881126678574156,0.1901703415,0.407865617,0.409596483,0.0,1564.0
0.6915680224921308,0.006466251125,0.39640145050000003,0.389702115875,0.0,1564.0
0.5668425710632354,0.0,0.41421594771428577,0.41727823614285714,0.0,1564.0
0.685936166259925,0.084615042,0.44146806,0.4831555315,0.0,1564.0
0.6999519169613565,0.29967076033333334,0.4874363501666666,0.4975014895,0.0,1564.0
0.7031321437095701,0.144879767,0.5851486214999999,0.5569850144999999,0.0,1564.0
0.7115364262217927,0.0,0.6082811250000001,0.7378632068333332,0.0,1564.0
0.6027251905837534,0.0,0.5387387176,0.801712927,0.0,1564.0
0.7198023864308949,0.0,0.4651780753333334,0.7512700250000001,0.0,1564.0
0.8506440737731739,0.3363772843333333,0.3949606783333333,0.6542217116666666,0.0,1564.0
0.8377626639411033,0.56476445025,0.5063130425,0.54667478725,0.0,1564.0
0.8386059608807818,0.2822231346666667,0.5664126686666667,0.518091617,0.0,1564.0
0.8295063703855883,0.0,0.64345666025,0.5934519407500001,0.0,1564.0
0.6518370423448708,0.0,0.7392518892,0.6822521444,0.0,1564.0
0.6525784687180266,0.0,0.7997486863999999,0.7509802746,0.0,1564.0
0.8363369661445823,0.116419625,0.803662147,0.7898216285,0.0,1564.0
0.8308376626346616,0.36109734280000005,0.7513437082000001,0.7637065672000001,0.0,1564.0
0.8188161075022535,0.2320514655,0.7046032425,0.7595809920000001,0.0,1564.0
0.8184648872344698,0.012680755399999999,0.7355528824,0.7649738457999999,0.0,1564.0
0.6392698272077808,0.0,0.6100245043333333,0.7039071851666666,0.0,1564.0
0.6662303653445291,0.0,0.49442906075,0.585136762,0.0,1564.0
0.8356145213185587,0.15356330266666665,0.44391766433333335,0.49634008933333335,0.0,1564.0
0.8268953196692929,0.37000491599999996,0.42972603200000004,0.39770971320000004,0.0,1564.0
0.8306700839292205,0.12719147549999998,0.487193598,0.439375423,0.0,1564.0
0.8251902151874988,0.0,0.49882974425000004,0.5297305205,0.0,1564.0
0.6336701869860594,0.0,0.4392374471428572,0.5154559561428571,0.0,1564.0
0.700115952470577,0.0,0.366889654,0.48071229033333335,0.0,1564.0
0.8423952259521666,0.121367803,0.290716319,0.432579051,0.0,1564.0
0.8423173528590502,0.247082207,0.33815140340000005,0.3571409024,0.0,1564.0
0.8372747162808287,0.09024125350000001,0.3898693535,0.3891710195,0.0,1564.0
0.8272354497455014,0.0028640394,0.4896238638,0.49816174700000004,0.0,1564.0
0.6648868827928706,0.0,0.5684221192500001,0.6859968875,0.0,1564.0
0.5963096622257436,0.0,0.6062169877499999,0.7794314215000001,0.0,1564.0
0.7940096632923056,0.0717609105,0.6302953090000001,0.85259751425,0.0,1564.0
0.8576059858514399,0.49362765125,0.6914030499999999,0.88264513,0.0,1564.0
0.8549986273807817,0.4036373756666667,0.7790012270000001,0.899519071,0.0,1564.0
0.8433787590544327,0.014175321599999999,0.751991067,0.9085271554000001,0.0,1564.0
0.6476510363223917,0.0,0.7132390153999999,0.8815236734,0.0,1564.0
0.5948277061510783,0.0,0.6611188828000001,0.8784651748,0.0,1564.0
0.7420782988584836,0.297309212,0.6077190613333333,0.8428951299999999,0.0,1564.0
0.7594065019979821,0.58474688425,0.64896426325,0.787809506,0.0,1564.0
0.7730802817904845,0.35851206150000003,0.684968676,0.8279491365,0.0,1564.0
0.770548365147233,0.0149787592,0.6716200938,0.8722550809999999,0.0,1564.0
0.6126620156358027,0.0,0.5172696484999999,0.7612598633,0.0,1564.0
0.6579873867435369,0.187069145,0.373324235,0.6737258525,0.0,1564.0
0.7404137065245692,0.5836519234,0.2560060932,0.5331167455999999,0.0,1564.0
0.7417815160719207,0.391880311,0.1958852585,0.474405124,0.0,1564.0
0.7783781187251562,0.0141533818,0.22212086539999998,0.5230667216,0.0,1564.0
0.6572386511921561,0.0,0.335945124125,0.537737585375,0.0,1564.0
0.7349135951500759,0.01926308666666667,0.39254708866666665,0.5531265256666665,0.0,1564.0
0.8643623083616732,0.42852921720000003,0.40550157059999997,0.5214683250000001,0.0,1564.0
0.8627976800806731,0.3262014916666667,0.39188919066666666,0.5151967076666667,0.0,1564.0
0.8701323564259036,0.0040398368,0.4278520955999999,0.5988386662,0.0,1564.0
0.6701324425418199,0.0,0.32293634424999995,0.508434183125,0.0,1564.0
0.7604778491785797,0.0344962715,0.33062018424999995,0.4731636555,0.0,1564.0
0.8636679528505382,0.2753909564,0.25722404860000003,0.42617212739999993,0.0,1564.0
0.8590072800576608,0.05073170714285714,0.19116025742857143,0.3822377057142857,0.0,1564.0
0.686945607865582,0.0,0.20045053583333336,0.4088576923333333,0.0,1564.0
0.6876182539562552,0.0076208936,0.2800011364,0.5017585842000001,0.0,1564.0
0.8546240788460119,0.31198967275,0.32387051625,0.56624970625,0.0,1564.0
0.8433348096292549,0.315731473,0.35257537833333336,0.5392884246666667,0.0,1564.0
0.848586434339725,0.029343711833333338,0.31208200799999997,0.49024340949999995,0.0,1564.0
0.7194764097807783,0.0,0.23118033200000002,0.36556658025,0.0,1697.5
0.6260433420653139,0.0,0.17149419775,0.36646654675,0.0,1831.0
0.8105759127479681,0.04259671075,0.1779204425,0.403229604,0.0,1831.0
0.8947509778514086,0.40816147540000003,0.1690678048,0.38765110680000003,0.0,1831.0
0.8918859430626587,0.312943972,0.24356458250000002,0.4345167835,0.0,1831.0
0.8884981471655714,0.0057035705,0.27073225166666665,0.5412709186666667,0.0,1831.0
0.6717028219659085,0.0,0.2743991163333334,0.48529490950000004,0.0,1831.0
0.8062657543147912,0.0657380316,0.2275292734,0.31980424279999997,0.0,1831.0
0.8942708187496464,0.41183164766666663,0.27110379366666665,0.261988708,0.0,1831.0
0.9139969479920071,0.03014615975,0.50379296875,0.4714316325,0.0,1831.0
0.8440483702391549,0.0,0.7071815463333334,0.6233561106666666,0.0,1831.0
0.6374472587762868,0.0,0.8333523151666666,0.7822082571666668,0.0,1831.0
0.6131727094026,0.003472629,0.8756666792499999,0.8771996900000001,0.0,1831.0
0.7185244614325403,0.1115816675,0.878047903,0.9136141415000001,0.0,1831.0
0.7357640843516355,0.1652332475,0.8911773077499999,0.9185227885,0.0,1831.0
0.7429354958910777,0.06963346933333334,0.879343821,0.9116734329999999,0.0,1831.0
0.7260375979430762,0.0,0.8701290533749999,0.91964170425,0.0,1831.0
0.5931822742919715,0.0,0.7727056441666665,0.8283673041666667,0.0,1831.0
0.7007873434404663,0.10845696066666667,0.6263395776666667,0.693650969,0.0,1831.0
0.7466684713485833,0.30935772825,0.465012732,0.5160785025,0.0,1831.0
0.7482344627520408,0.1480753725,0.3243527495,0.4243877615,0.0,1831.0
0.771497885306655,0.0008188586,0.2961162308,0.5115566694,0.0,1831.0
0.6595838108346547,0.0,0.2616557428571428,0.5223485692857143,0.0,1831.0
0.7578622729384603,0.0137402308,0.220537104,0.46000195120000004,0.0,1831.0
0.8636826920987776,0.12706532933333334,0.156440412,0.3542041578333333,0.0,1831.0
0.8677813357435388,0.012038145,0.276762307,0.5065517346666667,0.0,1831.0
0.6731014937193657,0.0,0.434896859,0.6214849311428571,0.0,1831.0
0.7503483761989769,0.0164562294,0.6297085546,0.7718817924,0.0,1831.0
0.8584359417279817,0.1324039906,0.7316463896000001,0.8484565378000001,0.0,1831.0
0.8532271255229931,0.03146710242857143,0.727447574,0.9043766067142858,0.0,1831.0
0.6837943364204343,0.0,0.5912051348333333,0.7991865261666667,0.0,1831.0
0.6717479654080872,0.0,0.5645012122499999,0.7835108444999999,0.0,1831.0
0.8387350934376168,0.018279796,0.6812205315,0.830636454,0.0,1831.0
0.8719921486784307,0.15950396133333333,0.7239213505000001,0.7772166476666666,0.0,1831.0
0.8842397386862819,0.019966563500000003,0.5544826418333334,0.7824731184999999,0.0,1831.0
0.6777640523705628,0.0,0.5074408494285715,0.7136516092857143,0.0,1831.0
0.768747598604958,0.029581572,0.5973005574,0.8132801051999999,0.0,1831.0
0.871926862406851,0.2894168146,0.6401069146,0.8375990952000001,0.0,1831.0
0.8890607436041043,0.062357068,0.6384735626,0.8578530336,0.0,1831.0
0.715891983486086,0.0,0.7233909646666666,0.8455397305555555,0.0,1831.0
0.7610257958237142,0.0226167616,0.7812324732,0.8546138676,0.0,1831.0
0.8737268001985617,0.13087972,0.8775393143333332,0.9111996298333334,0.0,1831.0
0.8728789791902863,0.006535211833333333,0.9091334965,0.8793019533333332,0.0,1831.0
0.7101893959867767,0.0,0.8452475555,0.9222547357499999,0.0,1831.0
0.5909672430019086,0.0,0.6663026588000001,0.8779336729999999,0.0,1831.0
0.6663957610072743,0.052913863,0.5216239006666666,0.7715574986666667,0.0,1831.0
0.7517740401072521,0.3020167892857143,0.41707979342857143,0.6876770761428571,0.0,1831.0
0.7503790296663027,0.000613147375,0.353703996625,0.628563338,0.0,1831.0
0.6225135234803951,0.012166336111111111,0.3675439172222223,0.6637105964444445,0.0,1831.0
0.7505912342434892,0.34283496680000003,0.4721221924,0.704851593,0.0,1831.0
0.7677595283971387,0.05262092471428571,0.5847132281428572,0.8162625464285714,0.0,1831.0
0.6600361783720577,0.0,0.6359191094285714,0.8267308212857143,0.0,1831.0
0.7591495620359203,0.0206802234,0.6548087476,0.8580819918,0.0,1831.0
0.8679857447109977,0.31362653716666666,0.6861190166666667,0.8792124336666666,0.0,1831.0
0.8887227242500907,0.032958516,0.67535525075,0.88593475575,0.0,1831.0
0.816592953108947,0.0,0.66705926625,0.873038985,0.0,1831.0
0.634475249506372,0.0,0.5947437813333333,0.8548575093333334,0.0,1831.0
0.7716428154372608,0.001170682,0.559515444,0.8367450949999999,0.0,1831.0
0.8799126572424287,0.2401904655,0.5663648565,0.8056910749999999,0.0,1831.0
0.8682272522780068,0.379814722,0.623185553,0.7962728524,0.0,1831.0
0.885087902493821,0.03153567425,0.6623230007500001,0.80402214075,0.0,1831.0
0.814524413475371,0.0,0.75585055275,0.8552505885,0.0,1831.0
0.6326263194493846,0.0,0.7956906813333333,0.890857145,0.0,1831.0
0.7764968093647812,0.0174606655,0.766561336,0.88036641475,0.0,1831.0
0.8536506878651521,0.16454382716666668,0.7784474316666667,0.8235637725,0.0,1831.0
0.8774436731999018,0.01848637475,0.76212113225,0.7954331345000001,0.0,1831.0
0.8141232759555934,0.0,0.72815936025,0.7619490434999999,0.0,1831.0
0.6327302903018545,0.0,0.6033413961666666,0.6611339366666666,0.0,1831.0
0.7560320099331662,0.00048807,0.5998989653333333,0.6257224356666666,0.0,1831.0
0.8559459324645236,0.22070594516666667,0.6739949446666667,0.6861909595000001,0.0,1831.0
0.852855411297146,0.1300205935,0.6686027290000001,0.672798028,0.0,1831.0
0.8617822029048042,0.000370366,0.5401945158,0.5768219502,0.0,1831.0
0.673038977077675,0.0,0.3429595145714286,0.35770146942857145,0.0,1831.0
0.691431842993672,0.0,0.3616623736666667,0.41440796366666666,0.0,1831.0
0.8360193294849885,0.012486833,0.4116790575,0.4776640945,0.0,1831.0
0.8686861730119637,0.12074501116666665,0.455875642,0.5000949366666666,0.0,1831.0
0.8626830896259514,0.0065918395714285715,0.4860986252857143,0.5807966877142857,0.0,1831.0
0.6603599126940058,0.0,0.48859546125,0.6203843059999999,0.0,1831.0
0.6045153603440725,0.00020660983333333331,0.5253868611666667,0.6916596151666665,0.0,1831.0
0.7272886023581326,0.1214518735,0.511673124,0.687207418,0.0,1831.0
0.7573238648262224,0.3341159615,0.4994290025,0.7020265077500001,0.0,1831.0
0.7586744352660346,0.1995703545,0.5560133920000001,0.7691602355,0.0,1831.0
0.7689735951400414,0.0,0.6337032394285715,0.8454394484285714,0.0,1831.0
0.6177623824934838,0.0,0.5860842333333333,0.7993664913333333,0.0,1831.0
0.6586257120917698,0.03776608225,0.5900802967500001,0.7927474477500001,0.0,1831.0
0.7573742314464182,0.5345567335999999,0.46766895059999997,0.7279058301999999,0.0,1831.0
0.7590810619711994,0.31018882000000003,0.5406656274999999,0.778798226,0.0,1831.0
0.7914816148241948,0.00033697699999999997,0.5819587288,0.8107168204,0.0,1831.0
0.6608006150371012,0.0,0.577046962625,0.8136273282500001,0.0,1831.0
0.7774746945562216,0.0,0.5935778956666666,0.8384572853333334,0.0,1831.0
0.9009601035137053,0.19500425616666664,0.5891247858333334,0.8309282306666667,0.0,1831.0
0.9019673294698171,0.035784838285714285,0.6224655957142857,0.8576446859999999,0.0,1831.0
0.680166376866845,0.0,0.6544902364285715,0.8663949448571427,0.0,1831.0
0.7843253242162765,0.0136978786,0.6972716132,0.8783633814,0.0,1831.0
0.9167103239646144,0.2768851264,0.7249300444,0.8502117936,0.0,1831.0
0.9277102068067976,0.08392850166666667,0.7277345543333333,0.8451766173333333,0.0,1831.0
0.8876338607716038,0.0,0.6707810277999999,0.7773702217999999,0.0,1831.0
0.6649981731230946,0.0,0.5525881782857143,0.6494530751428572,0.0,1831.0
0.8086576985536341,0.0,0.5330872346666667,0.6675791313333334,0.0,1831.0
0.9183275323715545,0.19531277466666666,0.522380631,0.6783705970000001,0.0,1831.0
0.9173228979852018,0.1071118655,0.5059422014999999,0.5973437765,0.0,1831.0
0.9175641104043167,0.0,0.5211897038,0.6316238714000001,0.0,1831.0
0.6875162831365235,0.0,0.39432656912499997,0.562544754375,0.0,1831.0
0.8409221822152652,0.01598969125,0.387212977,0.5577708465,0.0,1831.0
0.9208689531755594,0.22229189750000003,0.34228800383333335,0.46416003100000003,0.0,1831.0
0.9167527202241553,0.011111864833333334,0.3904194425,0.48885423716666665,0.0,1831.0
0.6839961272326917,0.0,0.3656253235714286,0.47283328057142854,0.0,1831.0
0.7877717462772528,0.0050791478,0.3940008144,0.5192999925999999,0.0,1831.0
0.9094576914376242,0.14140218066666668,0.35030537666666667,0.49467602850000003,0.0,1831.0
0.9006392471366,0.004811627,0.3634322403333334,0.5506036303333334,0.0,1831.0
0.6464701581245678,0.0,0.3345620400909091,0.5087953378181818,0.0,1831.0
0.7490416456059861,0.1123103325,0.34381864725000005,0.47533856225,0.0,1831.0
0.7634210223975573,0.16004005833333332,0.323365807,0.40577695166666666,0.0,1831.0
0.790203576597046,0.0061190524999999996,0.34902037233333333,0.4188960548333333,0.0,1831.0
0.6512031259937101,0.0,0.2996414777142857,0.41238254742857144,0.0,1831.0
0.6280242778749718,0.0,0.324101789,0.53380591275,0.0,1831.0
0.763843974404275,0.2183575126,0.32205418759999993,0.5338509389999999,0.0,1831.0
0.7770444414672437,0.1679764113333333,0.322532447,0.5281444906666667,0.0,1831.0
0.8080224104460128,0.0,0.3530681175,0.6045337435,0.0,1831.0
0.6813499830256875,0.0,0.28983180475,0.52715812725,0.0,1831.0
0.7601019330117236,0.0,0.2420142,0.35174784724999997,0.0,1831.0
0.9074604817721688,0.2598763725,0.21364650116666664,0.2448568515,0.0,1831.0
0.9264380445652316,0.0573442272,0.26473951519999994,0.2146681406,0.0,1831.0
0.8538410104391706,0.0,0.37445441399999996,0.350757172,0.0,1831.0
0.6665218676144383,0.0,0.47788305233333334,0.5185745356666667,0.0,1831.0
0.7948403883248358,0.0043711408,0.6780932488,0.7082925498,0.0,1831.0
0.9129712004188469,0.12195977359999999,0.7935708662,0.8594409952,0.0,1831.0
0.9065610852752857,0.06344356500000001,0.7359726069999999,0.8399519095,0.0,1831.0
0.8610551133571297,0.0,0.6578036371428571,0.6923086348571428,0.0,1831.0
0.6341712774268605,0.0,0.6637385538,0.8573274851999999,0.0,1831.0
0.7219107256640113,0.0,0.83052866625,0.89880772,0.0,1831.0
0.8524067341141314,0.019057614,0.8749148576666667,0.7983709226666665,0.0,1831.0
0.8525336605740583,0.017547327,0.9211357250000001,0.8035842625,0.0,1831.0
0.8615608992035038,0.0,0.9212484712,0.9124437157999999,0.0,1831.0
0.6733698759402202,0.0,0.79466708,0.9073911668571429,0.0,1831.0
0.7258024113776665,0.0,0.65524217325,0.8368349294999999,0.0,1831.0
0.8735527892715763,0.13012521814285713,0.7595724017142859,0.898438949,0.0,1831.0
0.8831641804795486,0.007411304166666667,0.8867645606666666,0.9352263415,0.0,1831.0
0.6694045960801849,0.0,0.89434414775,0.9335422907500001,0.0,1831.0
0.8257649304313199,0.059771252799999994,0.8466814648,0.9035505082,0.0,1831.0
0.8923885807318738,0.30132154333333333,0.8227998945,0.8892471568333332,0.0,1831.0
0.8816805496749489,0.0,0.6625344286666667,0.8402804503333333,0.0,1831.0
0.6365646108922762,0.0,0.4691944647,0.6877854286,0.0,1981.3
0.74831365948081,0.03662755016666667,0.3706480598333333,0.6721836111666667,0.0,1998.0
0.7674123327161585,0.005252519428571428,0.2577329727142857,0.5579118732857142,0.0,1998.0
0.6553399007749675,0.0,0.2894312981666667,0.5295896434999999,0.0,1998.0
0.6246994905900335,0.0008187268333333333,0.3996373301666667,0.5776251286666666,0.0,1998.0
0.7372625298378559,0.05365495414285714,0.5031962917142857,0.7390235732857142,0.0,1998.0
0.757431507096817,0.0,0.6286433946,0.8333093868000001,0.0,1998.0
0.6598823270473365,0.0,0.5895870997142857,0.8420111558571428,0.0,1998.0
0.7674160737872432,0.0032529728,0.44917387159999994,0.6888463062,0.0,1998.0
0.8906814907840694,0.24632623928571426,0.3882697607142857,0.6499941087142858,0.0,1998.0
0.9041335956835004,0.0,0.2490989044,0.5052391262,0.0,1998.0
0.6862116810523337,0.0,0.17879276214285714,0.322069622,0.0,1998.0
0.7927294128999305,0.0,0.1198164265,0.17113869525,0.0,1998.0
0.9254215358517004,0.17918523416666665,0.117464454,0.129793253,0.0,1998.0
0.9239699235914315,0.0369097345,0.1584191995,0.1545186265,0.0,1998.0
0.9150025364043873,0.0,0.242794444,0.26238010419999996,0.0,1998.0
0.6799911052905631,0.0,0.3792011317142857,0.5052449297142858,0.0,1998.0
0.7505966921741126,0.0,0.39671851625,0.73584409475,0.0,1998.0
0.8811502311170156,0.027169056666666667,0.3631281453333333,0.7663302614999999,0.0,1998.0
0.8754922628520878,0.017632797,0.294259579,0.606948246,0.0,1998.0
0.8604112243592078,0.0,0.24735374433333335,0.503740041,0.0,1998.0
0.6532908398250532,0.0,0.3903399258333333,0.5154552573333334,0.0,1998.0
0.7354844362651465,0.0,0.6327705025,0.7536429800000001,0.0,1998.0
0.8661214239769599,0.004876369,0.753106939,0.8754290485,0.0,1998.0
0.8679892923831091,0.023312101333333335,0.7301915816666668,0.8950358228333334,0.0,1998.0
0.8724864537794549,0.0,0.60227763475,0.7826654797499999,0.0,1998.0
0.7402987974943753,0.0,0.648366584,0.8347108092000001,0.0,1998.0
0.6153612813870356,0.0,0.8416370996666668,0.924376997,0.0,1998.0
0.738021526779641,0.0,0.891097534,0.921856357,0.0,1998.0
0.8844386770804123,0.05750697,0.8907901819999999,0.9243845685000001,0.0,1998.0
0.9030464896377164,0.29953050125,0.89478245675,0.92435391725,0.0,1998.0
0.9098055579045998,0.13456482549999998,0.913969018,0.9220890589999999,0.0,1998.0
0.8845333912056762,0.0,0.9236241255000001,0.929820753,0.0,1998.0
0.6400473314871991,0.0021375323636363634,0.9031366040909091,0.9245272905454546,0.0,1998.0
0.7568936936977796,0.20621090349999996,0.771392507,0.8641074828333332,0.0,1998.0
0.761409349947724,0.005624062375,0.7039000781250001,0.8336734806249999,0.0,1998.0
0.6112520926942915,0.0,0.7035734802857141,0.8518015225714286,0.0,1998.0
0.6723199394296278,0.0039265893333333335,0.6760276493333333,0.8613620286666666,0.0,1998.0
0.7583813849856352,0.3489549062,0.6142856826,0.860569299,0.0,1998.0
0.7624337984846379,0.167323952,0.596883158,0.831503656,0.0,1998.0
0.7914077217337671,0.0,0.5332196698,0.7663581816,0.0,1998.0
0.666037677421211,0.0,0.42130050471428576,0.6844214807142858,0.0,1998.0
0.7649686530554543,0.0,0.274617546,0.54789695625,0.0,1998.0
0.9047013705478886,0.062284373999999997,0.1920125305,0.3676752435,0.0,1998.0
0.903983126343241,0.1761157018,0.1913889794,0.26683848880000005,0.0,1998.0
0.8853558566871228,0.0025097881428571426,0.21199187371428568,0.2748149972857143,0.0,1998.0
0.6605081699567573,0.0,0.3007518418333333,0.3158717363333334,0.0,1998.0
0.7672861191374507,0.0,0.369750978,0.36870281750000006,0.0,1998.0
0.9034400361477125,0.09703945283333333,0.4481587478333333,0.49046306316666666,0.0,1998.0
0.9031454743252127,0.0437356135,0.4868639765,0.542928925,0.0,1998.0
0.8835672744472328,0.0,0.48959229,0.6211087938333333,0.0,1998.0
0.657437265337229,0.0,0.3802479981666667,0.6346476453333333,0.0,1998.0
0.7869339422498717,0.0018167183999999999,0.3812032218,0.5972273344000001,0.0,1998.0
0.9103406910816773,0.13125791700000003,0.565372656,0.7016908114999999,0.0,1998.0
0.9142753812452288,0.0028116715,0.8046732718333334,0.8708139441666666,0.0,1998.0
0.6848684603981301,0.0,0.8542198035714286,0.9223840010000001,0.0,1998.0
0.780945778956085,0.0,0.8622652085,0.9270578915000001,0.0,1998.0
0.9247387586747965,0.13423873857142857,0.8033239892857144,0.9067876124285714,0.0,1998.0
0.927806814031492,0.0030294280000000002,0.7018146389999999,0.8593924393333334,0.0,1998.0
0.6914344175145601,0.0,0.5687822745714286,0.7192991034285715,0.0,1998.0
0.7891367161147301,0.0,0.57424035525,0.67553086725,0.0,1998.0
0.9317848216424178,0.0781820325,0.5890394065,0.719615883,0.0,1998.0
0.933229198451832,0.24523147020000002,0.6008241498,0.6645255782,0.0,1998.0
0.9305126206112967,0.0022332188333333333,0.7199550198333332,0.721633683,0.0,1998.0
0.663462079353578,0.0,0.782000703,0.8100815896250001,0.0,1998.0
0.6773127996047205,0.0008816825,0.862116355,0.9085876335,0.0,1998.0
0.7915576979188872,0.02656709385714286,0.8870544538571429,0.8913975475714285,0.0,1998.0
0.8032107636242042,0.0,0.9045853908,0.8750811508,0.0,1998.0
0.6522940695179918,0.0,0.7558380435714286,0.8752876552857144,0.0,1998.0
0.6798926113959123,0.029492262833333335,0.5589113578333333,0.6749677501666668,0.0,1998.0
0.7779536090251793,0.24925043150000004,0.40408041024999997,0.567626585,0.0,1998.0
0.781619443138754,0.0739690645,0.401761663,0.5987373375,0.0,1998.0
0.8015487679907757,0.0,0.4222611764,0.6385709088,0.0,1998.0
0.66745421114436,0.0,0.40322578971428574,0.6147923087142857,0.0,1998.0
0.8064700917534646,0.002254579,0.46730448100000005,0.6172862628,0.0,1998.0
0.9067516314751608,0.243931013,0.5491351345,0.6882589344999999,0.0,1998.0
0.8951135864995687,0.10108307333333333,0.670655505,0.7697254686666667,0.0,1998.0
0.8729993022041526,0.0,0.8209606580000001,0.868095677,0.0,1998.0
0.6532139684453206,0.0,0.8712410611666668,0.8771568805,0.0,1998.0
0.7377512025249834,0.0,0.89588439925,0.7967740945,0.0,1998.0
0.8900222931049768,0.04783124550000001,0.8478687801666666,0.9155108224999999,0.0,1998.0
0.9096970927740735,0.0236067355,0.67503587375,0.83573912825,0.0,1998.0
0.8867784465830773,0.0,0.5522603463333334,0.7991684103333334,0.0,1998.0
0.6795380542431674,0.0,0.5274468424285714,0.7475326717142857,0.0,1998.0
0.7887537500418158,0.0009290124,0.5663157752,0.780686026,0.0,1998.0
0.9080114901246192,0.1825795686666667,0.6015759996666666,0.8233586386666666,0.0,1998.0
0.9061807829265126,0.0038984656666666666,0.6361097726666666,0.8387359426666667,0.0,1998.0
0.6782428103070439,0.0,0.5464207837142857,0.7606508831428572,0.0,1998.0
0.7586096267721936,0.0,0.52276633525,0.7663929,0.0,1998.0
0.9009994388737114,0.14231597142857141,0.5922677125714285,0.8395844028571428,0.0,1998.0
0.91511793289284,0.00512441675,0.5925528965,0.8574379052500001,0.0,1998.0
0.8194023914756153,0.0,0.4462489165,0.752529515,0.0,1998.0
0.6372613097009954,0.0,0.330264298,0.5711228906,0.0,1998.0
0.7672211540728969,0.0002483044,0.34236378879999996,0.5124502892,0.0,1998.0
0.8887117681688027,0.089706527,0.451685031,0.5872166801666666,0.0,1998.0
0.8895645082036876,0.0034594066666666667,0.44475139700000005,0.6685209275,0.0,1998.0
0.6461110510372327,0.0,0.5303082732222222,0.7768877536666667,0.0,1998.0
0.6796638754889903,0.0025495369999999997,0.5242054473333333,0.8195309156666667,0.0,1998.0
0.7595125522921781,0.22186133014285717,0.4697786472857143,0.7708705037142857,0.0,1998.0
0.7926832051133836,0.0,0.3780440342,0.662793392,0.0,1998.0
0.6393076691485999,0.0,0.2742794248888889,0.45790865033333333,0.0,1998.0
0.6798740233358215,0.0,0.18887167933333335,0.415120117,0.0,1998.0
0.7608672975911279,0.06199199385714286,0.15887190042857144,0.38166021914285714,0.0,1998.0
0.7948917342879577,0.0,0.18451158739999998,0.40317190519999996,0.0,1998.0
0.667848655229535,0.0,0.16826759957142853,0.28176528271428575,0.0,1998.0
0.8013593128938992,0.0007827886,0.21240364679999998,0.2587309022,0.0,1998.0
0.9164211239243033,0.17450724425,0.21860536475,0.2722862725,0.0,1998.0
0.9145973555829271,0.11409913833333335,0.240991922,0.3124197113333333,0.0,1998.0
0.9010729286680527,0.0,0.26143953133333336,0.3509738658333333,0.0,1998.0
0.665001679307264,0.0,0.2595823768333333,0.3355478575,0.0,1998.0
0.7950738107774442,0.0008457846,0.30591967999999997,0.3654681572,0.0,1998.0
0.9032875365928155,0.082672036,0.3714559666,0.4289971972,0.0,1998.0
0.8947202560918837,0.0273529085,0.357353123,0.41935209100000004,0.0,1998.0
0.8767722300937556,0.0,0.3680836015,0.42472816183333334,0.0,1998.0
0.6545957972702408,0.0,0.3776422611666667,0.41740879983333334,0.0,1998.0
0.7728269773809413,0.0002779338,0.3825521954,0.41703491719999997,0.0,1998.0
0.8961784867778282,0.049360354499999995,0.33238177150000003,0.3638680265,0.0,1998.0
0.8919735916229937,0.075061682,0.342180775,0.39426061375,0.0,1998.0
0.9084290953355103,0.00272102625,0.27836311675,0.33232589825,0.0,1998.0
0.7204941740881732,0.0,0.23897684555555557,0.24540250800000005,0.0,1998.0
0.7888913851449846,0.0003597066,0.15883439039999997,0.1509393924,0.0,1998.0
0.903000279289983,0.09098948600000001,0.12849557271428572,0.1243337212857143,0.0,1998.0
0.882743273590611,0.0,0.15361625166666668,0.13983681783333332,0.0,1998.0
0.6553130994100604,0.0,0.31808328049999995,0.29469387966666666,0.0,1998.0
0.7489543883374815,0.0,0.4059699955,0.41103941775,0.0,1998.0
0.8955117853090628,0.11490036639999998,0.3192166994,0.3803574164,0.0,1998.0
0.8938270457148401,0.08028309524999999,0.23210054675000003,0.2653518615,0.0,1998.0
0.8652849973049197,0.0,0.36924738319999995,0.4062982068,0.0,1998.0
0.6607334028717553,0.0,0.57858611725,0.6304118605,0.0,1998.0
0.6225179548780215,0.0002517425714285714,0.7681410999999999,0.7859341542857143,0.0,1998.0
0.749900344457426,0.09153636583333334,0.5571472986666667,0.7406201893333334,0.0,1998.0
0.7653212819940709,0.009199222,0.3785247925,0.5361792830000001,0.0,1998.0
0.7676093656897878,0.0,0.30643833760000005,0.43583621799999994,0.0,1998.0
0.6315476160408517,0.0,0.3506180351666666,0.46137684416666663,0.0,1998.0
0.6241905475825879,0.0,0.42210299400000006,0.46651328425,0.0,1998.0
0.7398705984569656,0.032853222,0.44534601333333335,0.5107560983333332,0.0,1998.0
0.7576933079663822,0.09358040333333333,0.4835527293333333,0.5538110803333334,0.0,1998.0
0.7581433118349532,0.0345924565,0.424060134,0.4887723475,0.0,1998.0
0.7738019335201264,0.0,0.41537037340000005,0.43469528080000003,0.0,1998.0
0.6614322947838034,0.0,0.48880463342857144,0.4710657525714286,0.0,1998.0
0.7709018303194733,0.00048381680000000003,0.5062307206,0.45672707939999996,0.0,1998.0
0.8948391630260808,0.138275066,0.545978957,0.48248820925,0.0,1998.0
0.8930021206767115,0.077865245,0.5640753070000001,0.521599941,0.0,1998.0
0.8540560560738182,0.0,0.5855844318571428,0.5923093709999999,0.0,1998.0
