Demand,Avail_Sol,Avail_Wind_On,Avail_Wind_Off,Hyd_In,HydRoR_In
0.8434700675009675,0.0039224753125,0.4830621963125,0.45399392474999994,24971.0,1231.0
0.8575694924838488,0.011356347580645161,0.22175263835483874,0.15413146541935482,24971.0,1231.0
0.8397837704881372,0.004132956225806452,0.3265962515483871,0.24052886022580647,24971.0,1231.0
0.8837977487539812,0.0043770425625,0.330742793375,0.330875058875,24971.0,1231.0
0.8541004325390134,0.016317441111111112,0.2817225765,0.4420513492777778,24971.0,1231.0
0.8361797066681701,0.0,0.2819608394117647,0.6044266618235293,24971.0,1231.0
0.859248804502195,0.04357966069230769,0.43963661515384617,0.7411598153076923,24971.0,1231.0
0.8219117469076754,0.008279365322580647,0.5599358539354838,0.6948687666774194,24971.0,1231.0
0.8944937685362513,0.023219585823529416,0.4096139998235295,0.7063125024117648,24971.0,1231.0
0.8715035885633297,0.03813922308333333,0.3586924443333333,0.7145756950000001,24971.0,1231.0
0.8383388243458264,0.0,0.45732804074999994,0.4862921201666666,24971.0,1231.0
0.8668480710218124,0.019467612694444445,0.3265469911944445,0.5200644319722223,24971.0,1231.0
0.8591413795863774,0.0215101315,0.1951367306,0.5067196598500001,24971.0,1231.0
0.8373542227333537,0.020249876392857143,0.33527944532142856,0.42670353789285725,24971.0,1231.0
0.8139516697115139,0.02657637722222222,0.5324343257777778,0.7901121939444445,24971.0,1231.0
0.8199491191368208,0.0,0.8357897101538462,0.8326547988461539,24971.0,1231.0
0.8566273520392784,0.0033517015357142853,0.8148949028928572,0.8742830517857142,24971.0,1231.0
0.8617018352857875,0.005245303,0.51618260792,0.79414266636,24971.0,1231.0
0.8944998199874233,0.023932733333333334,0.43429790825,0.7208007870833333,24971.0,1231.0
0.8667641291647664,0.018618771625,0.46867209520833325,0.7588278107916667,24971.0,1231.0
0.8636386552246604,0.00958886424,0.38041194824,0.72266157472,24971.0,1231.0
0.8265520471215402,0.006531270869565218,0.3641938410000001,0.46823297586956514,24971.0,1231.0
0.8295693222317932,0.03911342936,0.16887316812000003,0.33381781659999993,24971.0,1231.0
0.8610130297204129,0.020347335578947367,0.31928694031578947,0.5173718017894737,24971.0,1231.0
0.8543592180455769,0.007395305954545455,0.454086064090909,0.5803401662272728,24971.0,1231.0
0.8464179338665773,0.005240353774193549,0.6691793986451614,0.7514373576129033,24971.0,1231.0
0.8297158704401115,0.037932286999999995,0.6193753674705883,0.45825049947058827,24971.0,1231.0
0.8341258666145513,0.0,0.30573152000000003,0.524359209090909,24971.0,1231.0
0.8772339898452141,0.061059724157894735,0.2763015322105263,0.40165982794736843,24971.0,1231.0
0.8249047739626951,0.04493766655,0.24473588915,0.34858674810000007,24971.0,1231.0
0.8085101407835066,0.01907784711428571,0.5321454157714286,0.7421729689428571,24971.0,1231.0
0.88131650590707,0.021907712235294117,0.3134272115882353,0.6170892384117647,24971.0,1231.0
0.8564761523921123,0.0565706238,0.35328869744999997,0.7413554367499999,24971.0,1231.0
0.8264556670089491,0.0,0.5420583752307693,0.7934932408461539,24971.0,1231.0
0.8595061995478712,0.011681371416666668,0.5888027080833333,0.7028829376250001,22855.833333333332,1126.5833333333333
0.9439664920434633,0.0448379718,0.4914345828000001,0.5468443815333333,17719.0,873.0
0.9186135169948444,0.09783179016666667,0.2872959905833333,0.36744302574999993,17719.0,873.0
0.8571446783126347,0.058834766343750004,0.37025652903124995,0.5199577277187499,17719.0,873.0
0.8962619913278174,0.11523564431249998,0.25412719068750006,0.7755187771875,17719.0,873.0
0.9215563740009743,0.066983300875,0.2519449228333333,0.8712339877916668,17719.0,873.0
0.9178863444490833,0.07032416470833333,0.13309625225000002,0.4309722340416667,17719.0,873.0
0.9070507171389905,0.06688804395,0.2199791571,0.48934486095,17719.0,873.0
0.914382794809388,0.024113415076923075,0.3863120929615385,0.8616161901538462,17719.0,873.0
0.8948909943320384,0.031215795846153846,0.6167353898846154,0.8140017624230769,17719.0,873.0
0.8383687473400953,0.04399844216666667,0.5227289349444445,0.7085840359444444,17719.0,873.0
0.8351760788340847,0.0004163141428571429,0.7117376833571428,0.7874547322142857,17719.0,873.0
0.867859322582441,0.04079671292307692,0.6941739815384614,0.6893921976153845,17719.0,873.0
0.9509797145725863,0.0952925732142857,0.46387762135714283,0.7114621360714286,17719.0,873.0
0.896770452058373,0.11474087233333334,0.33108592561111105,0.7740501713333333,17719.0,873.0
0.8997659039846144,0.06865106180769233,0.6109683282692309,0.8314531147307692,17719.0,873.0
0.8562517106790289,0.0,0.7425742926923076,0.8221335163846155,17719.0,873.0
0.9055354624651899,0.05510994609523809,0.7278303301428571,0.8438241097142858,17719.0,873.0
0.9263569159197522,0.13769956408333334,0.3907541724166667,0.7295233051666669,17719.0,873.0
0.8652928781800676,0.0023287797333333333,0.17156406546666667,0.5666133034,17719.0,873.0
0.8507731853937749,0.10435102926086955,0.17994250513043478,0.41321412208695657,17719.0,873.0
0.8695921287437732,0.11749670722222222,0.12015133522222222,0.2038664125,17719.0,873.0
0.9137863350883023,0.10866687420000001,0.1815518264,0.1762110868,17719.0,873.0
0.8818335891757985,0.017674302285714285,0.22714201185714286,0.31522174849999995,17719.0,873.0
0.9122063645373322,0.09511792612499999,0.17583193966666666,0.4565103053750001,17719.0,873.0
0.9079825755113909,0.13263048505555558,0.14640573761111111,0.24601466238888886,17719.0,873.0
0.9148724195189739,0.11357130015384616,0.10904753561538463,0.2777351372307693,17719.0,873.0
0.9535788478251503,0.19481395154545458,0.23059637854545453,0.6876051141818181,17719.0,873.0
0.8777733225169979,0.07529241420689656,0.2496133420689655,0.6228165421034482,17719.0,873.0
0.853326245950668,0.13048639284210525,0.27406362110526317,0.5384868621052631,17719.0,873.0
0.9202734039012961,0.126968491,0.13265630318518518,0.2011384538148148,17719.0,873.0
0.9175446437513844,0.20880158460000003,0.4526116121500001,0.24715043825,17719.0,873.0
0.9275726840110874,0.04836643483333333,0.46306325538888893,0.33678850461111115,17719.0,873.0
0.9396263333251925,0.184989606625,0.3223767759166667,0.2913380687916667,18689.416666666668,920.9166666666666
0.9326912624101041,0.1904698914583333,0.2325097420833333,0.17252141920833333,20048.0,988.0
0.9543882729937072,0.2573007274615384,0.21241903315384617,0.09182672592307693,20048.0,988.0
0.8441411615327702,0.05751127328125,0.12106246303125,0.124780757125,20048.0,988.0
0.8662362708213116,0.14604421733333334,0.18267806823809524,0.25859833804761906,20048.0,988.0
0.9367457400341759,0.2419462559166667,0.40130610724999993,0.5831134205,20048.0,988.0
0.8918357377225884,0.0126971080625,0.37830326143750004,0.5463262839375,20048.0,988.0
0.9059127509780783,0.1653250841904762,0.34024550409523807,0.5598229554285714,20048.0,988.0
0.9031959818030395,0.08436578637931035,0.31758203317241385,0.47209612972413795,20048.0,988.0
0.896212494236726,0.08918857494736843,0.2736373962631579,0.2703482431052631,20048.0,988.0
0.9452391668348068,0.1594602688125,0.16799230025,0.29776418424999995,20048.0,988.0
0.8545552023407286,0.14375331253846152,0.09038432603846153,0.1361880584230769,20048.0,988.0
0.8433831913635474,0.08783563596874999,0.2512448140625,0.28704844459375,20048.0,988.0
0.9047744129211094,0.10264350207692309,0.19667812934615386,0.3428776001923077,20048.0,988.0
0.8964932230319375,0.22323997399999998,0.16967046473684208,0.19618213005263158,20048.0,988.0
0.9233389140628611,0.33631023899999996,0.08840580433333334,0.20654149241666664,20048.0,988.0
0.8836598767432917,0.031246746,0.18511977781250002,0.23473094643749998,20048.0,988.0
0.904791690865401,0.19562197750000002,0.4063476301363636,0.31405073845454545,20048.0,988.0
0.9593916103081948,0.5146154264545455,0.38771608781818173,0.32042405427272724,20048.0,988.0
0.8738910272911495,0.18699393543478263,0.34460854504347826,0.6123738766956521,20048.0,988.0
0.8625537004030923,0.16512384091304344,0.46370178365217385,0.7819938249565218,20048.0,988.0
0.8670582140958404,0.04855161047058824,0.6408162759411764,0.8774206417647059,20048.0,988.0
0.932006697982744,0.3799369914444445,0.6705885496666667,0.8860790847777777,20048.0,988.0
0.8757539591486669,0.0193639912,0.4689376861999999,0.5320633671999999,20048.0,988.0
0.9311605709423078,0.30617921333333326,0.3116802526666666,0.6401549882222223,20048.0,988.0
0.8692352873162209,0.010475995533333334,0.4730669199333334,0.7836146273333333,20048.0,988.0
0.9347961399205633,0.1344299358181818,0.41760987963636365,0.6224010090909091,20048.0,988.0
0.8557034139665824,0.01282498423076923,0.28103000053846156,0.608084545076923,20048.0,988.0
0.9318944153468363,0.3400019711666667,0.15970633991666663,0.19568663358333335,20048.0,988.0
0.8836706509211523,0.10850886504761907,0.27875833566666663,0.3805785683809524,20048.0,988.0
0.8364070775082518,0.004682214615384615,0.5308027796153847,0.4589650274615385,20048.0,988.0
0.8310813628415299,0.16821219265384618,0.40469747584615384,0.6186724843076922,20048.0,988.0
0.8422859287129877,0.2059036809090909,0.23434577640909093,0.4976787808636363,20048.0,988.0
0.9376829720100581,0.3807804567692309,0.17425896453846154,0.29343313630769235,20048.0,988.0
0.8980729959978763,0.25876223090909095,0.21736037522727275,0.27276758949999996,20048.0,988.0
0.8861070823864098,0.043008953466666666,0.21372629493333334,0.15563409133333334,20048.0,988.0
0.9000305132592841,0.3008731848571428,0.27346184999999995,0.15702685704761904,20048.0,988.0
0.9436716697054333,0.5245620986923077,0.21051907984615387,0.11114662430769233,20048.0,988.0
0.8780054158899109,0.032831156214285714,0.10955540107142857,0.08679194657142857,20048.0,988.0
0.9400214260929378,0.6307973641,0.12707305730000001,0.1472589957,20048.0,988.0
0.8578107123663424,0.27225319004,0.09481805836,0.15039810604,20048.0,988.0
0.7984372781253417,0.26323608639999996,0.11485753512000002,0.24655120719999998,17138.4,844.8
0.8165785634135655,0.29257679208333337,0.08960988475000002,0.07385341304166666,16411.0,809.0
0.7992361474703499,0.024745865833333335,0.10963979508333332,0.05781055200000001,16411.0,809.0
0.8135540307287975,0.15694518795454546,0.3542876728181818,0.2967889275,16411.0,809.0
0.8079590370339361,0.14699048191304348,0.30352352213043476,0.4720669313913043,16411.0,809.0
0.839195663087093,0.171040677,0.26090124761538463,0.33964225030769235,16411.0,809.0
0.7935497005518528,0.023149167285714287,0.5593676437857142,0.5709847569285714,16411.0,809.0
0.8251343793454637,0.408808031076923,0.38741257384615396,0.6366864439230769,16411.0,809.0
0.7637456642312436,0.1338478291111111,0.33634969566666667,0.5288995315,16411.0,809.0
0.7574758170498435,0.0449549440625,0.13581129618749999,0.17887343718749998,16411.0,809.0
0.7838874957320896,0.12754833037500002,0.17691157508333333,0.492591142125,16411.0,809.0
0.8316967221016522,0.3290668837272727,0.23314519609090906,0.37865371854545454,16411.0,809.0
0.7837555416906058,0.009783232416666668,0.22824693016666667,0.2529033460833333,16411.0,809.0
0.8054920513772591,0.25583008999999995,0.27818549840000006,0.16278969531999998,16411.0,809.0
0.8198673853826778,0.6667319284,0.1451749431,0.130165488,16411.0,809.0
0.8008634224142639,0.3260009987777778,0.2579890341851852,0.1488633372592593,16411.0,809.0
0.7893783160100686,0.29275056215789474,0.39836247689473686,0.3396311901578947,16411.0,809.0
0.7462627331967739,0.10349787837499999,0.3214522051875,0.15345230181250002,16411.0,809.0
0.7573522963813214,0.5826572612307693,0.13077636738461537,0.17619737223076923,16411.0,809.0
0.7446292305102499,0.32237459254166667,0.11961307929166666,0.116685217,16411.0,809.0
0.7916239330893263,0.2867061079545455,0.08520765263636364,0.14559960854545453,16411.0,809.0
0.7769222344343057,0.07901819726666666,0.03293308906666667,0.09808553180000001,16411.0,809.0
0.7806482995813216,0.28975350189473686,0.18777212889473685,0.18533495015789475,16411.0,809.0
0.8140122444331691,0.35663301828571425,0.20479284992857144,0.4125912006428571,16411.0,809.0
0.7667262575371392,0.022396099142857145,0.1495821697857143,0.48100072207142847,16411.0,809.0
0.7917325454101155,0.3684211329,0.23693946979999997,0.6600875118999999,16411.0,809.0
0.7660627583804142,0.031684088785714284,0.2737934897857143,0.7717420047142857,16411.0,809.0
0.8090952265006239,0.20596024307142854,0.36572137507142866,0.8119970580714287,16411.0,809.0
0.7470431546730723,0.1935367851428571,0.5345298057619048,0.6894168866666666,16411.0,809.0
0.7564828894646233,0.17170416382608697,0.20241259182608692,0.27316569930434786,16411.0,809.0
0.7403197051573961,0.007597193909090908,0.3903467558181818,0.4558352759090909,16411.0,809.0
0.8244201312753787,0.17773014620000002,0.4004249988666667,0.5577824472,16411.0,809.0
0.794472912128829,0.15894021550000004,0.3177849512272727,0.6328320533181818,16411.0,809.0
0.7681066468595232,0.012120611090909091,0.38623563018181817,0.6595343959090908,16411.0,809.0
0.7998273136240721,0.1928170803333333,0.21749928720833334,0.43444220987500004,16411.0,809.0
0.8247774545031817,0.40503139330769233,0.09873005107692306,0.40204939184615385,16411.0,809.0
0.7856044579396778,0.055527604642857144,0.08345942614285715,0.3544875239285714,16411.0,809.0
0.7868540978358253,0.25457194242857145,0.07592798514285713,0.358849166,16411.0,809.0
0.7640359094460041,0.23381961804166673,0.08611577016666666,0.208994327625,16411.0,809.0
0.7705730522670465,0.45862111653846155,0.06936813453846155,0.16178483323076923,16411.0,809.0
0.7901587435429317,0.26500252365217397,0.12317815043478263,0.18946488130434783,16411.0,809.0
0.763339623782715,0.15150450814814817,0.47329249825925934,0.5469201259629629,10699.888888888889,527.5185185185185
0.7582561624626214,0.24507786249999997,0.404153805875,0.5097877583333333,8701.0,429.0
0.7124074203528812,0.044359054,0.623878383,0.7123886015000002,8701.0,429.0
0.7928815700091439,0.274504432,0.4936244652857142,0.7719138382857142,8701.0,429.0
0.7602657142134681,0.21506658090909084,0.2415826889545454,0.6124546842272727,8701.0,429.0
0.6925539432914026,0.17706335527272726,0.31149691604545454,0.834740589272727,8701.0,429.0
0.6677690040957336,0.03366417707142857,0.48608786457142855,0.8988920185,8701.0,429.0
0.7266996989102951,0.3422973127999999,0.39521592550000006,0.5380528671,8701.0,429.0
0.6968918669609921,0.034914968153846156,0.39732763399999993,0.6060715731538462,8701.0,429.0
0.7908726224920551,0.29424763007692306,0.3155255533076923,0.5884658025384615,8701.0,429.0
0.6939559186779496,0.05002465209090909,0.2355759550909091,0.3357558062727273,8701.0,429.0
0.7965156570172582,0.655746588090909,0.42226013327272727,0.4596772234545456,8701.0,429.0
0.7011250841838061,0.047119134181818186,0.5500008526363637,0.774396487,8701.0,429.0
0.7931852710663646,0.6733383288333333,0.5629476849166667,0.5415259508333333,8701.0,429.0
0.7129572263871039,0.08595441561538461,0.5558055969999999,0.5841051334615385,8701.0,429.0
0.7910586881333775,0.6617423282727274,0.5618604623636364,0.6223675578181818,8701.0,429.0
0.707902743906572,0.05891320115384614,0.4035689956153846,0.5547981283846154,8701.0,429.0
0.7855016699411451,0.20050643962500003,0.166794983875,0.37213961262500006,8701.0,429.0
0.6868164888468968,0.27812961649999995,0.11694319885,0.13140543605000002,8701.0,429.0
0.6734269060464051,0.08585105653333332,0.09493214386666667,0.10910491473333332,8701.0,429.0
0.7138702761772885,0.21462943559090908,0.20547785172727276,0.20723557131818182,8701.0,429.0
0.7478804074596607,0.3032698434545455,0.10714224145454546,0.12743537986363637,8701.0,429.0
0.7952486111214894,0.6116121703333334,0.08643767708333334,0.127043735,8701.0,429.0
0.7113408786164362,0.08991441215384614,0.09625611438461538,0.1875688233076923,8701.0,429.0
0.7915632709600295,0.35867707750000005,0.45474345766666663,0.6556854770833334,8701.0,429.0
0.7056641534257828,0.046542808500000005,0.40362819408333334,0.2914824638333333,8701.0,429.0
0.7921342606466333,0.6275230208181818,0.2581987255454545,0.47177487681818187,8701.0,429.0
0.7138689899443423,0.0858649473076923,0.2531386399230769,0.40822074661538454,8701.0,429.0
0.7919350351622017,0.5661189114999999,0.16935156175,0.2853703419166666,8701.0,429.0
0.6872793155817376,0.04863675845454545,0.16098787081818183,0.4424371805454546,8701.0,429.0
0.7150063107225859,0.47406236676923075,0.3041554033846154,0.5142310983076923,8701.0,429.0
0.6919261701303249,0.22638476239130434,0.40198130734782606,0.792239817347826,8701.0,429.0
0.7008834193836184,0.07794653957142857,0.43159532321428573,0.8553657599285714,8701.0,429.0
0.7956698562080319,0.4925762931538461,0.32615646176923074,0.5967726081538461,8701.0,429.0
0.7419915002216464,0.2136543267619048,0.1601417563809524,0.332891263952381,8701.0,429.0
0.7149754431009064,0.09671067321428573,0.21276526678571425,0.33596340457142854,8701.0,429.0
0.7933976538154968,0.5678492489999999,0.13398912869230767,0.26329302884615385,8701.0,429.0
0.7029205150759603,0.09222840325,0.09049564275,0.19303959191666664,8701.0,429.0
0.7459568229061502,0.3414977106666666,0.15950494857142858,0.29068417799999996,8701.0,429.0
0.802392819868817,0.6570253101538461,0.2616152620769231,0.5388380731538461,8701.0,429.0
0.7069244536999963,0.34531927060869566,0.26731986030434773,0.38007333117391306,8701.0,429.0
0.6772959803038339,0.11240506792857143,0.1798447627857143,0.3131210412857143,8701.0,429.0
0.718719060071804,0.3052936431304348,0.21152654191304351,0.27531378391304345,8701.0,429.0
0.8007670611424432,0.5164831974166667,0.19295712900000003,0.4040549749166667,8701.0,429.0
0.7570566856137225,0.26010614620833333,0.29146862125,0.49634930425,8701.0,429.0
0.7112853008709764,0.06985262874999999,0.25464822374999996,0.3888703296666667,8701.0,429.0
0.8342915755915296,0.5422577982857144,0.1743712707142857,0.5012067211428571,8701.0,429.0
0.7681969246725189,0.3609544273636364,0.18784671986363638,0.24036875627272727,8701.0,429.0
0.6970384451796584,0.07218835941666667,0.11540702774999999,0.09073146558333334,7625.0,376.0
0.7983094006822332,0.41762407614285707,0.20019847935714288,0.1710030750714286,6549.0,323.0
0.6854303888963759,0.2931852525909091,0.21412808736363634,0.2576061579545455,6549.0,323.0
0.6822691493720031,0.2531815493333333,0.337137931,0.46877695975,6549.0,323.0
0.6711054462862459,0.05159454225000001,0.6004505971666667,0.7555244618333332,6549.0,323.0
0.7276999600410945,0.30002042107692306,0.5589532759615385,0.8219165656538461,6549.0,323.0
0.7658570630057081,0.5311910315833334,0.4898072975,0.6772286364999999,6549.0,323.0
0.7232103807421946,0.3014048123333333,0.2246785792916667,0.4096711937916668,6549.0,323.0
0.7277264645895811,0.283938058,0.328853909875,0.4226074869166667,6549.0,323.0
0.7312627239962216,0.28743166770833334,0.15483354279166667,0.2830307622083334,6549.0,323.0
0.6753501594912713,0.25411345769565213,0.12121077547826087,0.3009441013043478,6549.0,323.0
0.6660532841374208,0.20777990850000003,0.10247883213636365,0.24414658986363638,6549.0,323.0
0.686729863524195,0.0493285329375,0.25337356368749997,0.376351146,6549.0,323.0
0.7129226362962446,0.15459140476190475,0.3114009621428572,0.40127926228571437,6549.0,323.0
0.7622248692402921,0.3394546882857144,0.24978325957142858,0.2814387543571429,6549.0,323.0
0.7178864652686004,0.2097529792272727,0.10953395822727273,0.07541392549999998,6549.0,323.0
0.6734782373292355,0.049718135545454546,0.25362818300000006,0.18039787745454544,6549.0,323.0
0.7523130924670207,0.09762754547058823,0.7623597473529412,0.749233479117647,6549.0,323.0
0.7206764178346403,0.2564165386818182,0.752912685090909,0.7908604566818181,6549.0,323.0
0.6606231386097035,0.26342275470000004,0.3677378546,0.76467735125,6549.0,323.0
0.6482318727836418,0.10790099606666667,0.27381469166666667,0.32709291073333335,6549.0,323.0
0.6781909514547728,0.17966150569565217,0.25593343178260863,0.4294878701304348,6549.0,323.0
0.7196436107094372,0.1304111113333333,0.41162091262499995,0.5036047104583333,6549.0,323.0
0.7199857022416274,0.2017048379583333,0.621889190125,0.7177806598750002,6549.0,323.0
0.7689745716920097,0.2870034941666667,0.41344756491666673,0.7533252003333333,6549.0,323.0
0.6934936974653123,0.06579498307142857,0.2790426967142857,0.4193783294999999,6549.0,323.0
0.768630907574704,0.3673319066,0.3560828079,0.2246101086,6549.0,323.0
0.6913911412178857,0.05601100335714286,0.4934654435714285,0.4787270721428571,6549.0,323.0
0.7080924131348985,0.15270292509523808,0.6632325625714286,0.6838030314761904,6549.0,323.0
0.6854190143935669,0.2058568286,0.5168497939333334,0.5452676486,6549.0,323.0
0.6327748600158835,0.04326427991666667,0.30968376999999997,0.34500104591666664,6549.0,323.0
0.6782389616325345,0.10392692833333332,0.3038932262380952,0.6979790587619048,6549.0,323.0
0.7255470820850125,0.15502176488461542,0.3513884678076923,0.7876570369230769,6549.0,323.0
0.7712032279128632,0.612951091,0.40214523059999996,0.7915588929,6549.0,323.0
0.6922323192453179,0.10950856692857143,0.36877341364285715,0.641546102857143,6549.0,323.0
0.7742928421968183,0.4684995733076923,0.30309397453846154,0.2820278420769231,6549.0,323.0
0.7239113425475888,0.15878523345454545,0.3559437585454545,0.3325423842727273,6549.0,323.0
0.680213764317012,0.06445437316666668,0.4515009995000001,0.4577524495,6549.0,323.0
0.7689300519608259,0.4723840234999999,0.43954438533333323,0.4804464105000001,6549.0,323.0
0.6577985362261788,0.06670184027272727,0.25962961145454544,0.441022305909091,6549.0,323.0
0.6914191277866203,0.5316660929333333,0.1259353808,0.3176683228,6549.0,323.0
0.6343809869768777,0.10088580172727273,0.10783626481818183,0.19421958245454543,5859.181818181818,288.6363636363636
0.7162014334001191,0.42683787638461534,0.10006651530769231,0.15208397130769233,5465.0,269.0
0.7370768961440004,0.3737048378095238,0.20638484028571427,0.407549488,5465.0,269.0
0.8016304590571854,0.4778583058333334,0.18169064233333332,0.24579295366666673,5465.0,269.0
0.7023822346939065,0.09821963700000001,0.16809794235714284,0.19437369228571427,5465.0,269.0
0.8134327186955588,0.5291997721818182,0.134228922,0.3538425917272727,5465.0,269.0
0.6945277793563984,0.11731188653846154,0.11203049307692309,0.2854761134615384,5465.0,269.0
0.734076883188531,0.31318428609090904,0.2945567673636364,0.3482383554090909,5465.0,269.0
0.7213893712120305,0.15661578534615386,0.25209917000000004,0.2714964871538462,5465.0,269.0
0.6877444859702728,0.23891228890476188,0.15161220885714288,0.24600082266666665,5465.0,269.0
0.7116506830258709,0.45722772415384605,0.18179950361538463,0.4567000340769231,5465.0,269.0
0.6822547707977784,0.04294350292307692,0.3247804587692308,0.3434924166923078,5465.0,269.0
0.7342104853567806,0.14626072926086955,0.27978624260869567,0.1707951244347826,5465.0,269.0
0.8199762567899903,0.5435667023333334,0.13563847741666665,0.23763098924999995,5465.0,269.0
0.7562872670519566,0.3005021494166667,0.04504139470833333,0.29774899945833333,5465.0,269.0
0.7454637665584586,0.23316126632142856,0.06611477875,0.2568022726785714,5465.0,269.0
0.735984569523337,0.32809257065,0.06595870979999999,0.24297667960000005,5465.0,269.0
0.6666374839161713,0.06476339854545453,0.05549114254545456,0.10569157581818184,5465.0,269.0
0.682564743849393,0.2662132542142857,0.09745600978571427,0.23194202892857144,5465.0,269.0
0.7049170952470665,0.21906871719999996,0.1461774639,0.38048702235,5465.0,269.0
0.8092397071711105,0.5306538788,0.19425395640000004,0.18753351959999998,5465.0,269.0
0.7409239820473182,0.30258757752631577,0.12081496784210526,0.15418191863157893,5465.0,269.0
0.7326308880675474,0.12983423147058826,0.13733969352941178,0.1689767711764706,5465.0,269.0
0.7383404897828858,0.2119300720869565,0.1984798093478261,0.24789582669565224,5465.0,269.0
0.7990154687206279,0.3099223585384615,0.11421386376923078,0.08439832384615385,5465.0,269.0
0.745136443417145,0.2609190378076924,0.08059703076923076,0.18278649696153845,5465.0,269.0
0.6837753923438581,0.2481806255909091,0.1030939593181818,0.09133183459090909,5465.0,269.0
0.683120923654048,0.21428499131818182,0.1293865785,0.10779384768181818,5465.0,269.0
0.6786109360147,0.035558293166666664,0.19412532308333333,0.5122726600833333,5465.0,269.0
0.7496145895717943,0.16315010700000002,0.18287522975,0.36192160116666666,5465.0,269.0
0.8011193392074966,0.3400658432142856,0.23297199885714284,0.29397045528571425,5465.0,269.0
0.7444915726770465,0.16852835204545455,0.13997789113636364,0.04817103318181819,5465.0,269.0
0.6889349879648009,0.037090003833333336,0.1412054774166667,0.06478780916666667,5465.0,269.0
0.8258108094148242,0.5836002756666666,0.101939494,0.1500302,5465.0,269.0
0.6980369942607351,0.06701943463636363,0.1984968227272727,0.3665358915454546,5465.0,269.0
0.8631979488393131,0.6205158673846155,0.28631953492307693,0.29802216653846153,5465.0,269.0
0.7105567508749685,0.09712664476923077,0.3789497676153846,0.3779371213846154,5465.0,269.0
0.7825291482722334,0.544110293818182,0.5809057197272728,0.49899437154545456,5465.0,269.0
0.6749260352519141,0.0663409115,0.6287545061428572,0.7642610909285714,5465.0,269.0
0.7110435181574383,0.2419611354285714,0.47149448304761904,0.4664480922380952,5465.0,269.0
0.7525324022983289,0.23483471945833337,0.38212223012499996,0.27418033341666664,5465.0,269.0
0.7978731182487138,0.3030418857999999,0.36741106419999997,0.26788154153333327,5465.0,269.0
0.728718881012485,0.23141742704545457,0.2421205081818182,0.4245503418181818,5056.727272727273,248.54545454545453
0.7272203899276007,0.15370865008333334,0.12195656395833333,0.21735017191666664,4966.0,244.0
0.7295808115294292,0.11381137824,0.11075013292000001,0.25425569276000004,4966.0,244.0
0.6698110336924201,0.18895492419047621,0.16751340661904765,0.17887382004761904,4966.0,244.0
0.6723141655271877,0.19013384332142855,0.3499730584642858,0.40188435925,4966.0,244.0
0.7183318137970328,0.13292626295454546,0.23002648581818183,0.21043507668181824,4966.0,244.0
0.6762545831129562,0.01988458181818182,0.10700067409090908,0.14079014281818183,4966.0,244.0
0.7698455137933615,0.32098630814285717,0.1954734772142857,0.17743321342857143,4966.0,244.0
0.6723288070578592,0.0149248566,0.24644070089999998,0.2608297068,4966.0,244.0
0.7669682278761645,0.23819296657142855,0.341789307,0.23104919614285718,4966.0,244.0
0.7224596448667056,0.1653999474090909,0.3020714493181818,0.4950530253636364,4966.0,244.0
0.6836456559616654,0.03494235266666667,0.17031420241666664,0.20267817766666665,4966.0,244.0
0.7603904583644673,0.06677117153333333,0.4706981936666667,0.5862148397333333,4966.0,244.0
0.6644698279579729,0.18685298354545454,0.4371708162272727,0.5865528307727272,4966.0,244.0
0.649282043030137,0.0713965256875,0.30228023818749994,0.452704073125,4966.0,244.0
0.6793386993011564,0.1321917993,0.25491945474999994,0.48175115375,4966.0,244.0
0.7245772488782009,0.1835738986521739,0.12568412730434786,0.2044309656521739,4966.0,244.0
0.7276969788607699,0.20489092474074078,0.08865718888888889,0.11072546718518518,4966.0,244.0
0.7240918977307236,0.12109915456521739,0.37374992852173916,0.35884575526086954,4966.0,244.0
0.7661429041231108,0.07490104492307692,0.4804085870769231,0.33847825076923066,4966.0,244.0
0.7180355598923747,0.17368093280952376,0.4158461221428571,0.5737828351428571,4966.0,244.0
0.6602586850548977,0.04756678746666666,0.4543881417999999,0.8590786378000002,4966.0,244.0
0.6943421673834794,0.1375851337142857,0.6422378208571428,0.8177845036428574,4966.0,244.0
0.660564312504661,0.17050676835000003,0.5323494677000001,0.7832130450499999,4966.0,244.0
0.6735024148589772,0.020912862769230767,0.33956151661538464,0.6135342539230769,4966.0,244.0
0.7567147920271606,0.2226813574,0.3540027306666667,0.38348590873333327,4966.0,244.0
0.7213052454799721,0.2152121213,0.25629602425,0.36372592810000004,4966.0,244.0
0.6918400255061472,0.018107248428571428,0.4185553737142857,0.45162611750000003,4966.0,244.0
0.718962692089376,0.05556309947619047,0.5077138032857144,0.7645296264761905,4966.0,244.0
0.76326268102744,0.26404766423076925,0.2674805433846154,0.7595160082307691,4966.0,244.0
0.6919115446336732,0.02353036935714286,0.2471817745,0.38005132149999993,4966.0,244.0
0.7018571846207516,0.11357131270833333,0.22733149950000006,0.49121623004166676,4966.0,244.0
0.6681775606031387,0.15898973083333334,0.2091929179166667,0.45544277741666667,4966.0,244.0
0.6790379660856449,0.23207966661904758,0.1895563192857143,0.2875871947142857,4966.0,244.0
0.7634736357321164,0.15820379699999998,0.3802635487692308,0.22212408630769234,4966.0,244.0
0.6744676172121576,0.004877838363636364,0.11711352081818181,0.10303455,4966.0,244.0
0.7229960434870643,0.14213993036,0.18727590927999999,0.20764020155999996,4966.0,244.0
0.7627927054048544,0.16984024121428568,0.5442893034285713,0.5458309198571428,4966.0,244.0
0.7184084492804009,0.1792710177142857,0.3656727968095238,0.7473063844761905,4966.0,244.0
0.7017476680270822,0.0727612575625,0.2087491205,0.279602234,4966.0,244.0
0.7657997656040993,0.43422671170000005,0.1000229994,0.054903460800000005,4966.0,244.0
0.6791255195987317,0.22135269087999998,0.22351314951999998,0.5131933434800001,7058.0,347.2
0.6735237668273494,0.13448077216666665,0.26737211558333335,0.7662392457916668,7581.0,373.0
0.6962768889659698,0.03717614615384615,0.3151355274615385,0.7841811363846154,7581.0,373.0
0.7229010030016518,0.13822351345,0.19057006535,0.32522040995,7581.0,373.0
0.7686094237733023,0.24653553046153842,0.072099458,0.1539482712307692,7581.0,373.0
0.7320803251331599,0.12997119835714285,0.11300739964285715,0.10729663246428574,7581.0,373.0
0.7292745227720638,0.11604829050000001,0.19672210735,0.11453030604999999,7581.0,373.0
0.7312519178610808,0.15037507344,0.3118570178,0.24495518439999997,7581.0,373.0
0.6543109525892941,0.008975552,0.41613760841666664,0.3146095121666666,7581.0,373.0
0.6747860856710567,0.16067555452173912,0.4929176835652175,0.47942138839130427,7581.0,373.0
0.6952030876442084,0.1378593623846154,0.6437534015769231,0.7424484213076923,7581.0,373.0
0.7326977376763159,0.13453589283333334,0.5224427750416668,0.6463886551250001,7581.0,373.0
0.7728697673216186,0.16591852891666667,0.4635796831666667,0.3305621676666667,7581.0,373.0
0.7349132470241655,0.12395863724,0.49211011320000003,0.41293661971999995,7581.0,373.0
0.7254345257066862,0.13264195883333332,0.4443101647777778,0.535188583,7581.0,373.0
0.7383365101685556,0.10723309646153845,0.388846450576923,0.6810577817307693,7581.0,373.0
0.6945983934971475,0.11655106928571426,0.41538902728571436,0.49989211878571427,7581.0,373.0
0.6595309120032677,0.042027298692307695,0.33016841746153847,0.4678839736923077,7581.0,373.0
0.6938136167295909,0.08145601725,0.4267808222499999,0.47362394235,7581.0,373.0
0.7328127172454552,0.09417142834782609,0.40592975282608695,0.763725108478261,7581.0,373.0
0.7323116723245917,0.10149646753846153,0.5085001515384616,0.5112341671923077,7581.0,373.0
0.738555106497268,0.15164248936842106,0.7089957977894737,0.7600582748421053,7581.0,373.0
0.7476623467080851,0.185196574,0.8294250216923077,0.6435177114615384,7581.0,373.0
0.7178513941572503,0.03444759664705883,0.638575269882353,0.8283719139411763,7581.0,373.0
0.7773341991435089,0.09677137390909091,0.6506152827272729,0.6184768734545455,7581.0,373.0
0.68584543471131,0.1105848006818182,0.723296833,0.6800421793636364,7581.0,373.0
0.6666762331147998,0.011809556266666667,0.6502968989333333,0.8456392697999999,7581.0,373.0
0.7157659777075317,0.11601370560869566,0.7058091443043478,0.9084010142173912,7581.0,373.0
0.7515541946293858,0.16273833645454544,0.6242571720000001,0.8434634470909091,7581.0,373.0
0.7809019433949915,0.10128005642857142,0.6528509107857144,0.8999211190714285,7581.0,373.0
0.7303881060329759,0.08847699159090909,0.7642422538636364,0.728759971409091,7581.0,373.0
0.6964516233227354,0.00403313875,0.7129983693333332,0.7937846349999998,7581.0,373.0
0.7825106519813427,0.102103149,0.24408269500000002,0.23237713800000004,7581.0,373.0
0.7205274789666928,0.010364667999999999,0.4522856362857142,0.38899156364285714,7581.0,373.0
0.7843797268200863,0.28997144776923084,0.4201088070769231,0.43395550123076926,7581.0,373.0
0.6666588380551425,0.013391246153846154,0.5299636394615383,0.8299557903076924,7581.0,373.0
0.6849782825545135,0.04639640885,0.6982472047,0.8561240267999999,7581.0,373.0
0.7181281389754601,0.1816356173846154,0.4258726558461539,0.6177216873846153,7581.0,373.0
0.7637979943471145,0.11950115195000002,0.23613606590000003,0.49187241319999997,12924.0,637.0
0.7675834623303412,0.03032732211764706,0.1450421342352941,0.4864142927647059,14705.0,725.0
0.7727162821386206,0.09562038357142857,0.2676099982380953,0.27955359652380957,14705.0,725.0
0.8075596088735538,0.2933756747272728,0.3643286414545455,0.23216532554545452,14705.0,725.0
0.7607424607882023,0.012288610066666667,0.21297301559999998,0.21753829219999998,14705.0,725.0
0.8045366843344329,0.09949512733333332,0.3416454045000001,0.5749494335833333,14705.0,725.0
0.7613586195185608,0.14677213804545455,0.5870672840454545,0.7556467169090909,14705.0,725.0
0.7217694061742429,0.006984717799999999,0.48399307573333333,0.6291242306000001,14705.0,725.0
0.757802107476144,0.18253312838461538,0.2016520490769231,0.3795543073846155,14705.0,725.0
0.7307764917596898,0.1488313950526316,0.20853092436842102,0.4841207756842104,14705.0,725.0
0.7297962744295909,0.0101922452,0.6733590631999999,0.8951402988666667,14705.0,725.0
0.7664980537940446,0.08242519403030303,0.6207265099393938,0.8714278934242424,14705.0,725.0
0.7231272316698115,0.0008201175,0.5245606701666666,0.73499262575,14705.0,725.0
0.7796017387801917,0.10992855791666667,0.26871434974999997,0.5080707302499999,14705.0,725.0
0.7504953459497358,0.08799754390909093,0.28385675250000003,0.5517562905909091,14705.0,725.0
0.7537632688092302,0.080596458625,0.4949348042812499,0.6243733537187501,14705.0,725.0
0.6945106783235743,0.01013897016,0.6961091713999998,0.7752822684800003,14705.0,725.0
0.6913158268549341,0.030086607499999998,0.6423771901666666,0.5987025616111111,14705.0,725.0
0.726904066776248,0.00039285046666666666,0.35395436726666674,0.4964982084666667,14705.0,725.0
0.7963984275819281,0.06758384671428572,0.1713191647142857,0.5769005375,14705.0,725.0
0.7738215401568667,0.10311946791666667,0.32212426825,0.7272958242916666,14705.0,725.0
0.7523258583156522,0.05864160016666667,0.39982790166666665,0.8455436777222223,14705.0,725.0
0.7481201202693709,0.0029614491875,0.5339991093750001,0.8991616428125001,14705.0,725.0
0.7993518572965794,0.15158303935714285,0.550720757357143,0.857157337357143,14705.0,725.0
0.7776746950268371,0.033101506291666666,0.2589893830833333,0.697462969375,14705.0,725.0
0.7237672544952168,0.04703325115999999,0.3150439486,0.8088620442,14705.0,725.0
0.7059567709252611,0.02464789016666667,0.5938028286111111,0.8811765570000001,14705.0,725.0
0.7637262003613169,0.06474750768000001,0.74642178448,0.9211707709199999,14705.0,725.0
0.7690284051573006,0.08434301391666667,0.5364518014583333,0.6743165469166668,14705.0,725.0
0.7794584340489824,0.07135787995454546,0.5060592869545455,0.6737963812727273,14705.0,725.0
0.7799942270634566,0.08716404773076922,0.3414207361538461,0.32619407065384615,14705.0,725.0
0.7888628291428463,0.07254946333333333,0.11442734116666665,0.0718594325,14705.0,725.0
0.7437225000824684,0.0215458376875,0.20780489850000003,0.19335815925,14705.0,725.0
0.7744865496395902,0.16463402975,0.22819976783333332,0.17897336966666666,14705.0,725.0
0.7456022337766938,0.14978549166666666,0.16212235549999998,0.1827882276111111,14705.0,725.0
0.7722329486780372,0.0003070086875,0.34607262906249997,0.6577451331249999,14705.0,725.0
0.7954486580691237,0.09239598616666667,0.5987398610833333,0.6902795577499998,14705.0,725.0
0.7797638965085443,0.044925537545454544,0.5995694351363636,0.6201445276363636,14705.0,725.0
0.8096300780638852,0.022437022812499995,0.46443139812499995,0.5997309142499999,14705.0,725.0
0.8059824223946191,0.038580011736842106,0.4620358060526316,0.746390181736842,25311.21052631579,1247.5263157894738
0.7696717383907826,0.0,0.56923476975,0.7708388946666668,26559.0,1309.0
0.840416922804796,0.014956691333333334,0.3610492674444445,0.6402520603333335,26559.0,1309.0
0.7666157054240198,0.04561004888235294,0.36058561600000005,0.6821689528823529,26559.0,1309.0
0.737870947836528,0.0,0.5855693276875,0.8597647823750001,26559.0,1309.0
0.7653112300305437,0.015422116181818183,0.5403604106363636,0.8592823598181817,26559.0,1309.0
0.8416441239242178,0.043262519312500004,0.344456558375,0.71853086925,26559.0,1309.0
0.8034945938008726,0.017870649038461542,0.2369336954615385,0.2954965856153846,26559.0,1309.0
0.8083965910284762,0.030655948227272724,0.23614613945454543,0.30784989031818183,26559.0,1309.0
0.7965372720366966,0.02231808211111111,0.36718343172222223,0.47537224738888884,26559.0,1309.0
0.8125962781276225,0.02232352303333333,0.19044406680000003,0.2815278475666666,26559.0,1309.0
0.7448298285874848,0.03289841329411765,0.6270003327058824,0.6431252188823529,26559.0,1309.0
0.7579929481371632,0.004555360696969698,0.6996721632424241,0.7537260216969697,26559.0,1309.0
0.8101191799056175,0.0193079738,0.4387380968,0.5220665704499999,26559.0,1309.0
0.7810631081656046,0.0020126727142857144,0.1889820812142857,0.35605985678571433,26559.0,1309.0
0.8010670462978501,0.019532717100000003,0.15845911505000002,0.5037136661,26559.0,1309.0
0.8430232276894818,0.011394694125000002,0.3578817686875,0.8755694226249999,26559.0,1309.0
0.795489483796681,0.0157844896,0.41440982615,0.89654333615,26559.0,1309.0
0.8072934335933245,0.01882696082142857,0.4349403053571429,0.8738846887857143,26559.0,1309.0
0.7568427644713894,0.03042964066666667,0.25563979649999996,0.4414019396666667,26559.0,1309.0
0.7775619014347271,0.03962946365217391,0.1316196653478261,0.10721807291304346,26559.0,1309.0
0.8284141114783771,0.041589204774193554,0.16433630432258067,0.3087351327419355,26559.0,1309.0
0.8326868755926902,0.06737348457894737,0.20028710789473683,0.285309459631579,26559.0,1309.0
0.8376909724002736,0.03235283381481481,0.29871574307407406,0.15367889914814814,26559.0,1309.0
0.8174259746358142,0.0032766425714285713,0.15374624435714287,0.09756015678571427,26559.0,1309.0
0.8379036295829259,0.06252781152380953,0.17625518114285715,0.2295175376666666,26559.0,1309.0
0.8709637064745153,0.0752245016,0.333521391,0.6561138147333333,26559.0,1309.0
0.8068709092732528,0.03663061166666667,0.37065723308333337,0.6896123655833334,26559.0,1309.0
0.7994512745874586,0.033081826333333335,0.2467160382666666,0.47256513569999997,26559.0,1309.0
0.8483975753967292,0.026351653099999997,0.1508521889666667,0.2536040666666667,26559.0,1309.0
0.8385577116693478,0.043129407777777774,0.23743496905555558,0.6194718785555555,26559.0,1309.0
0.8667500966805914,0.03182994990909091,0.4051434478181818,0.6413575109090909,26559.0,1309.0
0.8248587886149631,0.0032590512608695653,0.6595529233478261,0.7044776892608696,26559.0,1309.0
0.8174817891402493,0.0073166259375,0.749935279125,0.8628828729374998,26559.0,1309.0
0.7735904456136773,0.01348041605882353,0.7261778270588237,0.900212072117647,27761.647058823528,1369.0
0.7967265699665481,0.002844772894736842,0.4939926600000001,0.8246631569473685,27922.0,1377.0
0.8394423084896011,0.002414829208333333,0.367776912875,0.41790967820833336,27922.0,1377.0
0.8740710904422927,0.027923289562499995,0.6523855087500001,0.63698357775,27922.0,1377.0
0.8457548381307627,0.021323405,0.4487461425,0.7132633861111111,27922.0,1377.0
0.837597127772752,0.0,0.24542102478571431,0.4545814502142858,27922.0,1377.0
0.851963951895753,0.005514679291666667,0.23906116587500004,0.2612897742083333,27922.0,1377.0
0.8706789999044569,0.0036914177058823532,0.21978348170588236,0.2761916038823529,27922.0,1377.0
0.7996908549995462,0.006503329444444445,0.24403048472222222,0.34888904338888893,27922.0,1377.0
0.8179415397756039,0.007297273000000001,0.38363116543333337,0.5809972581333332,27922.0,1377.0
0.8426792458014595,0.012602850826086958,0.5586379217391304,0.7200722566956521,27922.0,1377.0
0.8541193978843226,0.016639082083333333,0.27651673695833334,0.20401006787499995,27922.0,1377.0
0.8561551605390388,0.021154630631578946,0.1770001267368421,0.40329991189473685,27922.0,1377.0
0.8584587825446471,0.0,0.19646083983333332,0.5292351126666666,27922.0,1377.0
0.861868400743018,0.01839644626315789,0.18687319563157895,0.4825701348947369,27922.0,1377.0
0.893617324054867,0.024618976722222224,0.17777207494444444,0.42557303588888895,27922.0,1377.0
0.8218270065668639,0.013776031578947369,0.305059684368421,0.45006906536842106,27922.0,1377.0
0.8062690313130403,0.0008547369411764706,0.5749008178235294,0.586055287764706,27922.0,1377.0
0.8334498804098116,0.009084397043478262,0.4412046704347825,0.6709049127391304,27922.0,1377.0
0.8626187227058594,0.00634247647826087,0.1129577177826087,0.19761170626086957,27922.0,1377.0
0.8853179917913866,0.018396538076923076,0.35196331046153845,0.5091725083846155,27922.0,1377.0
0.8449464569069698,0.0016155106818181821,0.6354172332272727,0.7899217655454543,27922.0,1377.0
0.8455329047206251,0.00490638936,0.6622965139200001,0.77921612864,27922.0,1377.0
0.849157893713099,0.004840473,0.60706646876,0.6993981808,27922.0,1377.0
0.811942555466873,0.005587858833333333,0.2981316941666667,0.39720208005555563,27922.0,1377.0
0.8184340071059067,0.0,0.15219213858823524,0.2531213175294118,27922.0,1377.0
0.8440710660697173,0.010993549375,0.272230214625,0.5867739227083333,27922.0,1377.0
0.8844491691684533,0.0071846446923076925,0.4485903891538462,0.6438056174615384,27922.0,1377.0
0.8320461370901269,0.0063933943225806455,0.6960317081935483,0.8496783218709677,27922.0,1377.0
0.8716875694805263,0.004469880272727273,0.32631613872727266,0.4697902664545454,27922.0,1377.0
0.8434116354077221,0.0028236567083333337,0.32981423729166665,0.6871836161666668,27922.0,1377.0
0.852735561060914,0.005922185903225806,0.3445531587419356,0.6071319458064516,27922.0,1377.0
0.817453664656244,0.002521687043478261,0.43228665056521753,0.743190611304348,27922.0,1377.0
0.8157199807981296,0.011879431636363635,0.32096471849999997,0.4296379868181818,27922.0,1377.0
0.8211956980607418,0.0,0.45256609042857143,0.7809543289285715,27922.0,1377.0
0.8496780394572084,0.005553968428571429,0.6987844619285715,0.8077811751428571,27922.0,1377.0
