Demand,Avail_Sol,Avail_Wind_On,Avail_Wind_Off,Hyd_In,HydRoR_In
0.6708776322453996,0.0,0.48216583240000005,0.6652320778,7983.0,1543.0
0.8663357091258895,0.0508035582,0.422750995,0.6759740707999999,7983.0,1543.0
0.884379445157376,0.5087789125,0.5221297646666666,0.5896838006666667,7983.0,1543.0
0.894967746444184,0.10006339925,0.58568821,0.7150263465,7983.0,1543.0
0.8220223530262097,0.0,0.5328432873333334,0.7332718996666666,7983.0,1543.0
0.6758284801167007,0.0,0.4670767356666667,0.6509839113333332,7983.0,1543.0
0.8576713433290332,0.0354202196,0.42605422119999997,0.6700220426,7983.0,1543.0
0.8750832224399537,0.40111676283333336,0.40479276933333336,0.6472608963333333,7983.0,1543.0
0.886920305354997,0.09690915125,0.41359209225000004,0.6363949600000001,7983.0,1543.0
0.8219472624317236,0.0,0.44116667233333334,0.6648782353333333,7983.0,1543.0
0.6718886648581024,0.0,0.4251865350000001,0.7180353663333333,7983.0,1543.0
0.8282665967563134,0.0007617305,0.3884625475,0.7354580055,7983.0,1543.0
0.8826689833965462,0.16962392,0.34435789650000004,0.67720001,7983.0,1543.0
0.8594372295180246,0.35067178025,0.3859958125,0.63330520025,7983.0,1543.0
0.8607119596206972,0.21723820433333332,0.4104660586666667,0.6274223516666667,7983.0,1543.0
0.85667201837607,0.0006547115,0.40669709425,0.646117724,7983.0,1543.0
0.6886478127511633,0.0,0.4006557083333333,0.6725058221666668,7983.0,1543.0
0.7047672699150536,0.0,0.397616399,0.637897749,7983.0,1543.0
0.863668435754725,0.0880908716,0.3986814932,0.5917279346,7983.0,1543.0
0.8583945218261996,0.44693751825,0.434597421,0.54469140075,7983.0,1543.0
0.8709345707140344,0.20329063725000002,0.45456137525,0.558363265,7983.0,1543.0
0.8542491711545014,0.0,0.47489297333333336,0.644127053,7983.0,1543.0
0.7070270240716038,0.0,0.49302871574999996,0.6275103367499999,7983.0,1543.0
0.6618111859186911,0.0,0.5088717663333333,0.6386799013333334,7983.0,1543.0
0.8448963533677472,0.025487623199999997,0.49248400280000004,0.5801265378,7983.0,1543.0
0.8791531000389172,0.276360227,0.4674147716666666,0.6643259789999999,7983.0,1543.0
0.9123124404080927,0.05837100125,0.30011178475,0.723866375,7983.0,1543.0
0.7696138808819823,0.0,0.2159974144,0.5499015850000001,7983.0,1543.0
0.6449644805028087,0.0,0.21884599125,0.50949287675,7983.0,1543.0
0.707279723305857,0.00050637125,0.2638835725,0.465516165,7983.0,1543.0
0.7909450256004891,0.116333932,0.268880351,0.41551376149999997,7983.0,1543.0
0.7872443344544424,0.26968711624999997,0.37746725324999997,0.4728719795,7983.0,1543.0
0.8163219271470213,0.17636481599999998,0.49852058866666665,0.5026112083333333,7983.0,1543.0
0.8103254544265144,0.0004803235,0.528378441,0.41867320775,7983.0,1543.0
0.7081102933813864,0.0,0.46716247966666663,0.4040364326666667,7983.0,1543.0
0.6438066316975531,0.0,0.422460878,0.63654921925,7983.0,1543.0
0.7225786386501177,0.023809343400000002,0.36634691680000003,0.6560333342,7983.0,1543.0
0.7911569759572966,0.31398318775,0.330810026,0.5006010635,7983.0,1543.0
0.8164735834003956,0.22980385175,0.2613881635,0.35562759925,7983.0,1543.0
0.8196179077379526,0.00046250275,0.160475616,0.287209489,7983.0,1543.0
0.7207550063537169,0.0,0.11332708200000001,0.19873489649999998,7983.0,1543.0
0.6903781982772017,0.0,0.10663775233333332,0.12856976766666667,7983.0,1543.0
0.8835192009178658,0.044947507000000005,0.112383937,0.1645771754,7983.0,1543.0
0.9208022544511151,0.5478587531666667,0.06497721083333334,0.23236571333333333,7983.0,1543.0
0.9435932976455463,0.13606932149999998,0.07234399125,0.20456645099999998,7983.0,1543.0
0.8602353035208637,0.0,0.086025353,0.22489962200000002,7983.0,1543.0
0.735104581684365,0.0,0.1157789365,0.33396257474999996,7983.0,1543.0
0.6923228441765245,0.0,0.15741064533333335,0.36334445533333337,7983.0,1543.0
0.8667700844617068,0.001027533,0.24709120925,0.43336841200000004,7983.0,1543.0
0.9363493387631947,0.1877538675,0.301153561,0.5006704909999999,7983.0,1543.0
0.9170003993378295,0.26352996625,0.38050976225,0.6229459255,7983.0,1543.0
0.9324714876881495,0.061158046,0.38692706325000004,0.706404877,7983.0,1543.0
0.8801867316962424,0.0,0.34427557333333336,0.6538757736666667,7983.0,1543.0
0.7199495341256555,0.0,0.24806875925,0.6197356782500001,7983.0,1543.0
0.6773029238305542,0.0,0.20674909933333332,0.5495551946666667,7983.0,1543.0
0.867772083048085,0.0224949548,0.275870607,0.4898127964,7983.0,1543.0
0.8960251570379265,0.3185723658333333,0.5898736428333333,0.6133843951666667,7983.0,1543.0
0.9204399745623594,0.09471418875,0.67031157675,0.8209921442499999,7983.0,1543.0
0.8019683639635469,0.0,0.6401270702499999,0.80310529725,7983.0,1543.0
0.685726301972974,0.0,0.6218774848333334,0.803899802,7983.0,1543.0
0.8840165253864082,0.0013663456666666667,0.5778828690000001,0.769217763,7983.0,1543.0
0.8989526011290696,0.4681923437142857,0.5846620455714285,0.7342251822857143,7983.0,1543.0
0.9240268357633326,0.134089497,0.49528478950000004,0.63480341175,7983.0,1543.0
0.8551480735221153,0.0,0.4074901785,0.4511075195,7983.0,1543.0
0.7113508652205972,0.0,0.2925977355714286,0.370737172,7983.0,1543.0
0.8690104884485963,0.00118373025,0.17762419175000002,0.247044161,7983.0,1543.0
0.9189456507997379,0.5088066642,0.114828346,0.1452496622,7983.0,1543.0
0.9136412682391588,0.42636229875,0.09061314425,0.18325419,7983.0,1543.0
0.8898040757525439,0.00074211275,0.09573932275,0.3042608655,7983.0,1543.0
0.7296823899159445,0.0,0.11879030566666667,0.302968772,7983.0,1543.0
0.6650370158621229,0.0,0.14918486683333335,0.2599981051666667,7983.0,1543.0
0.7628573695656949,0.029375277333333335,0.17433124066666664,0.2323475056666667,7983.0,1543.0
0.7913579927910982,0.23432003925,0.18162216274999998,0.43649380075,7983.0,1543.0
0.8111055712542465,0.19008767824999998,0.26811534825,0.5256469397500001,7983.0,1543.0
0.8113289467409766,0.000640449,0.28001390425,0.5503827944999999,7983.0,1543.0
0.6796591790793868,0.0,0.27203298733333336,0.5200436888333334,7983.0,1543.0
0.6836127841299353,0.0,0.21022472150000002,0.46312448725,7983.0,1543.0
0.7867957339246768,0.18371467275,0.13810923725000002,0.38625514225,7983.0,1543.0
0.7885946312054491,0.33698769825,0.12469571374999999,0.34664936150000003,7983.0,1543.0
0.8290111037166219,0.17512110050000002,0.11953151,0.3580672775,7983.0,1543.0
0.8168427932302916,0.00055444325,0.12552167825,0.283040364,7983.0,1543.0
0.7336849029106607,0.0,0.13245106666666664,0.31085890466666666,7983.0,1543.0
0.6931586975983433,0.0,0.13955336675000002,0.347547826,7983.0,1543.0
0.8845879008817864,0.052891029,0.14665194339999998,0.4653177512,7983.0,1543.0
0.9101849143127251,0.6040606298333334,0.13223125533333333,0.4803854705000001,7983.0,1543.0
0.9049014590841855,0.09253127616666666,0.25208758783333335,0.592777567,7983.0,1543.0
0.7047352487630398,0.0,0.3017604485714286,0.5817984882857143,7983.0,1543.0
0.8538877496489445,0.00134000625,0.31560037,0.55394450675,7983.0,1543.0
0.9084794471038242,0.2818133735,0.26546808499999996,0.531798886,7983.0,1543.0
0.8744044693544992,0.49436694540000004,0.2592816718,0.5220768038,7983.0,1543.0
0.8746137772246376,0.09238137833333333,0.37690207099999995,0.6069256381666667,7983.0,1543.0
0.6896252763467904,0.0,0.4193767965714285,0.7069686131428572,7983.0,1543.0
0.8512297194136913,0.0465634282,0.4080299536,0.7452317973999999,7983.0,1543.0
0.8728184229437339,0.5946218154999999,0.29435040633333337,0.5857401671666668,7983.0,1543.0
0.8855854371668802,0.400983357,0.2623005965,0.5863974375000001,7983.0,1543.0
0.8783926103987311,0.001243041,0.27943750224999997,0.5761845272499999,7983.0,1543.0
0.713945577265804,0.0,0.23027270425,0.5547855315000001,7983.0,1543.0
0.7274837500442247,0.0,0.1812600106,0.49810248799999995,7983.0,1543.0
0.9203662886441486,0.112642658,0.134826407,0.50167086,7983.0,1543.0
0.8880103290146174,0.7387955231666666,0.0662025405,0.47046356766666664,7983.0,1543.0
0.8827690001862258,0.4154642745,0.07568527250000001,0.499012083,7983.0,1543.0
0.878633123661562,0.0012475095,0.107184041,0.5199754622499999,7983.0,1543.0
0.7055592433325845,0.0,0.14106973085714286,0.45144940885714285,7983.0,1543.0
0.8587781067523876,0.00095768125,0.16803624325,0.36858456875,7983.0,1543.0
0.9176901217711388,0.3086557525,0.149584209,0.365226629,7983.0,1543.0
0.8764666786582045,0.628249156,0.1634999605,0.42327102825,7983.0,1543.0
0.886719569418549,0.2709563458,0.24734627780000001,0.4999546132,7983.0,1543.0
0.8247043261345334,0.0,0.24148404599999998,0.4869115366666667,7983.0,1543.0
0.6681958558285731,0.0,0.20895589266666667,0.47381416483333333,7983.0,1543.0
0.7119552737700119,0.0017545085,0.25047349825,0.49800961175,7983.0,1543.0
0.7766214049952855,0.5520344224,0.2591418054,0.4910794989999999,7983.0,1543.0
0.7614438443250265,0.5229722855000001,0.39440931975000004,0.55111375575,7983.0,1543.0
0.7958715076500056,0.00167326375,0.48771157775,0.6245585687499999,7983.0,1543.0
0.667892348265498,0.0,0.437427215,0.6930909911666667,7983.0,1543.0
0.6832305008453423,0.0013456065999999998,0.3832994052,0.6460342552,7983.0,1543.0
0.7677416707319464,0.28485587,0.287456116,0.5679098775,7983.0,1543.0
0.7414546288796848,0.57468317925,0.28954871875,0.52952782675,7983.0,1543.0
0.7449813208349317,0.40576800366666665,0.2839342896666667,0.5054845386666666,7983.0,1543.0
0.7719768242156462,0.0012912948,0.2788688858,0.5316932278,7983.0,1543.0
0.6752796052850029,0.0,0.22832598949999997,0.5176529778333333,7983.0,1543.0
0.8428163929934899,0.0021411985,0.21900132,0.47595708625,7983.0,1543.0
0.8871926122576272,0.41589451625,0.150548279,0.44288294575000003,7983.0,1543.0
0.8647841285643327,0.5572164332,0.1545007454,0.438509009,7983.0,1543.0
0.8680953067828336,0.002103274,0.21306038075,0.417241213,7983.0,1543.0
0.7125858571013582,0.0,0.18588495275,0.3201007905,7983.0,1543.0
0.676893398186159,0.0,0.15636377166666668,0.281553572,7983.0,1543.0
0.8545016401112924,0.00216273725,0.1241009625,0.19711716025,7983.0,1543.0
0.9003642433926088,0.35357584566666667,0.07073074133333333,0.13744664166666667,7983.0,1543.0
0.8730289061277315,0.6716449557499999,0.04959374825,0.115651363,7983.0,1543.0
0.8862926719900199,0.42066848300000004,0.051298496,0.1123470315,7983.0,1543.0
0.8751469347126214,0.00238462075,0.0546015155,0.1215128365,7983.0,1543.0
0.7049771968008053,0.0,0.04785541471428572,0.13437999685714289,7983.0,1543.0
0.8652014574688862,0.00241377525,0.07566278275,0.218737998,7983.0,1543.0
0.9109450293527177,0.48766718375,0.08075107349999999,0.30401309075,7983.0,1543.0
0.8835303326700785,0.7335746173333333,0.09707089333333334,0.2940702923333333,7983.0,1543.0
0.9101859131473081,0.19404491,0.11528117599999999,0.36352460525,7983.0,1543.0
0.824191927431514,0.0,0.12159484333333333,0.3453573576666667,7983.0,1543.0
0.6818193417935823,0.0,0.1254194145,0.271501533,7983.0,1543.0
0.729062650281526,0.0,0.1699525325,0.224843553,7983.0,1543.0
0.9109288124698863,0.03559352866666667,0.217840946,0.31334284733333334,7983.0,1543.0
0.8970168262452932,0.279593247,0.2781384215,0.50058247475,7983.0,1543.0
0.8960225816717504,0.3154129495,0.3833149475,0.704223157,7983.0,1543.0
0.9234868341129693,0.09813870050000001,0.41919977999999997,0.75531832825,7983.0,1543.0
0.825619008355932,0.0,0.4347714546666667,0.7356115033333334,7983.0,1543.0
0.6820996673792311,0.0,0.5167751012499999,0.7612757335,7983.0,1543.0
0.729568142433921,0.0,0.571355102,0.8371064564999999,7983.0,1543.0
0.9147945984245077,0.075336159,0.5519857183333333,0.8075994183333334,7983.0,1543.0
0.91187119910582,0.5071103686666666,0.5864648411666668,0.7248888735,7983.0,1543.0
0.9350399430498119,0.16118138699999998,0.6257549609999999,0.6923107335,7983.0,1543.0
0.8545414642918023,0.0,0.578332183,0.6706540635,7983.0,1543.0
0.7067672192778356,0.0,0.51917735475,0.5816140425,7983.0,1543.0
0.6568098434573976,0.0,0.48045285425,0.52092518125,7983.0,1543.0
0.7396588921611409,0.07046728325000001,0.45539063775,0.47667080024999997,7983.0,1543.0
0.7828302276632849,0.549171434,0.4321596925,0.32661212125,7983.0,1543.0
0.794907933037508,0.39932383925000003,0.4679588255,0.39103666049999997,7983.0,1543.0
0.8086758681885765,0.00323364875,0.426587793,0.45654614875,7983.0,1543.0
0.6753743632269419,0.0,0.4407118308571429,0.3964275285714286,7983.0,1543.0
0.7054089857512238,0.002213684,0.48824834699999997,0.45576660175,7983.0,1543.0
0.7727350178601288,0.49780012,0.44610021775,0.4781849065,7983.0,1543.0
0.7597831302522458,0.5624288964,0.5319176004,0.60499909,7983.0,1543.0
0.7919491968896455,0.004038466,0.4690647455,0.60348717025,7983.0,1543.0
0.6929937923039972,0.0,0.400151091,0.4109898362857143,7983.0,1543.0
0.8690191837428924,0.0671010222,0.3429381962,0.33855656759999997,7983.0,1543.0
0.8767390402469944,0.7437897360000001,0.2467004545,0.3033839658333333,7983.0,1543.0
0.8761048670535305,0.48994241,0.2508734315,0.3725724305,7983.0,1543.0
0.8717482839974484,0.00454297775,0.265976268,0.391114321,7983.0,1543.0
0.7017941854319233,0.0,0.2034380087142857,0.38613730514285705,7983.0,1543.0
0.8769481920070978,0.0678447026,0.1831040846,0.3992341016,7983.0,1543.0
0.8889672545887428,0.719937226,0.11327017525000001,0.39107184500000003,7983.0,1543.0
0.8770100048480579,0.60184024725,0.11284802050000001,0.37114751625,7983.0,1543.0
0.8575361240567464,0.003350285,0.14807747559999998,0.344516617,7983.0,1543.0
0.6930079115317156,0.0,0.12927602825,0.26601337425000005,7983.0,1543.0
0.7498771095193508,0.0,0.10580636299999999,0.22865276699999998,7983.0,1543.0
0.9248263379412526,0.11474388166666666,0.096863929,0.21557539633333334,7983.0,1543.0
0.8856393007329286,0.7541213336666667,0.057242965,0.261079227,7983.0,1543.0
0.8844278147135952,0.1621933925,0.10283151433333333,0.47342496999999995,7983.0,1543.0
0.7296267898883586,0.0,0.11365748075000001,0.48588237624999997,7690.5,1486.5
0.7447096928609728,0.0,0.168261032,0.5497207408,7398.0,1430.0
0.958649303912788,0.06618607133333333,0.25694405366666667,0.6084438096666666,7398.0,1430.0
0.9306804100273602,0.42562941883333333,0.4012220755,0.6215005655,7398.0,1430.0
0.9579672919437214,0.26727069600000003,0.5432511019999999,0.732853239,7398.0,1430.0
0.9209465436530854,0.00616782425,0.55000227425,0.7718849562500001,7398.0,1430.0
0.7168320205576905,0.0,0.5104595383333334,0.7321027533333333,7398.0,1430.0
0.8577247324412097,0.0021212998,0.5385345222,0.6683886898,7398.0,1430.0
0.9564222448784275,0.44561391233333336,0.505346365,0.592138127,7398.0,1430.0
0.9337184431912035,0.6791521672499999,0.610471867,0.57257544725,7398.0,1430.0
0.9601131106542262,0.43744744849999995,0.571571042,0.614709395,7398.0,1430.0
0.9245196384796966,0.00899597675,0.47720912625,0.6195838152500001,7398.0,1430.0
0.7299127578268131,0.0,0.3657059055,0.6157072877499999,7398.0,1430.0
0.6713965606085291,0.0,0.345066583,0.6035379359999999,7398.0,1430.0
0.764266064082798,0.0899923975,0.31304801025,0.598173704,7398.0,1430.0
0.793907882282796,0.594302172,0.3500227036666667,0.5421319703333333,7398.0,1430.0
0.8197860852215868,0.10446264749999999,0.41727836999999995,0.6698942039999999,7398.0,1430.0
0.7046721814177112,0.0,0.41606489125,0.67777135525,7398.0,1430.0
0.6607457332649506,0.0,0.35057353425,0.58910695925,7398.0,1430.0
0.7566791520772994,0.035933461750000006,0.2730959675,0.5082100952499999,7398.0,1430.0
0.8100526792262659,0.36438383625,0.32078983075,0.4526985295,7398.0,1430.0
0.8404533560246678,0.31686595275,0.31803630625,0.39489576174999996,7398.0,1430.0
0.8345450846888304,0.00803092025,0.25344031125,0.48599714175,7398.0,1430.0
0.716156484285406,0.0,0.2537875626,0.508770867,7398.0,1430.0
0.722293977935578,0.0,0.267592307,0.6139976213333332,7398.0,1430.0
0.9335981592911571,0.004124289666666667,0.297460491,0.6290231623333333,7398.0,1430.0
0.9667671298253561,0.34106311725,0.313820437,0.5577897730000001,7398.0,1430.0
0.9591800421879464,0.468753358,0.38715469033333333,0.5842609346666666,7398.0,1430.0
0.9446511999003504,0.09358596666666667,0.39372400450000006,0.6393830070000001,7398.0,1430.0
0.7349539243873996,0.0,0.39104548125,0.49868361475,7398.0,1430.0
0.7455476705639537,0.0,0.4448384152,0.4695218914,7398.0,1430.0
0.9674102308592417,0.08236878933333333,0.42722398433333336,0.523230973,7398.0,1430.0
0.9522494082796451,0.47811321100000004,0.39426885325,0.4345342015,7398.0,1430.0
0.9607445837185602,0.375138743,0.449994208,0.47365774775,7398.0,1430.0
0.9298220262597297,0.01131289275,0.37514545950000006,0.4685562425,7398.0,1430.0
0.7241298753942972,0.0,0.31671167642857145,0.5161006111428572,7398.0,1430.0
0.9195193800307406,0.0824900734,0.3246276796,0.45382427659999997,7398.0,1430.0
0.9575343775161709,0.6945719972500001,0.3457147115,0.3493787415,7398.0,1430.0
0.9584073001949208,0.45621704324999995,0.39110090975,0.36611032525,7398.0,1430.0
0.9296767537762449,0.011203762,0.33407291899999997,0.41411828700000003,7398.0,1430.0
0.7267922826107568,0.0,0.28142594716666663,0.40719485400000005,7398.0,1430.0
0.8384368659936738,0.0,0.27313024975,0.36026134225,7398.0,1430.0
0.9825878087231541,0.2062008715,0.240993375,0.335742479,7398.0,1430.0
0.9654070389591364,0.6908508411666666,0.21263371399999997,0.26801233683333336,7398.0,1430.0
0.9881914877472106,0.22326325975,0.19639217375,0.20008729225,7398.0,1430.0
0.8326266565526725,0.0,0.15981391825,0.25844327424999997,7398.0,1430.0
0.6991779894184134,0.0,0.10887728675,0.30312730275,7398.0,1430.0
0.8390453013897767,0.0,0.10289627125,0.30830394824999996,7398.0,1430.0
0.9808922995119747,0.1635470735,0.09603179,0.3534049485,7398.0,1430.0
0.9588902229360944,0.514667942,0.138601468,0.3939699635,7398.0,1430.0
0.9513886599582765,0.40702609975000004,0.264903214,0.49130932,7398.0,1430.0
0.9254319403912458,0.009064071,0.35916013625000004,0.40531618875,7398.0,1430.0
0.7046983679258406,0.0,0.3424316346666667,0.46086784366666667,7398.0,1430.0
0.6938134539719327,0.0,0.32350214250000003,0.5267203245000001,7398.0,1430.0
0.8025908232733364,0.369057329,0.2860953895,0.44825057375000005,7398.0,1430.0
0.7946554328662903,0.6320343527500001,0.39228559325,0.51115242875,7398.0,1430.0
0.8365125808479981,0.25256977033333333,0.38588386166666666,0.5655252346666667,7398.0,1430.0
0.8141940108171747,0.0,0.3393293786666667,0.5982531023333334,7398.0,1430.0
0.7169150362189873,0.0,0.25080149125,0.576532293,7398.0,1430.0
0.6672153347061714,0.0,0.2661164115,0.54329515475,7398.0,1430.0
0.7551120820156859,0.0693610455,0.28104679199999993,0.5425880642500001,7398.0,1430.0
0.7760830672011073,0.469401658,0.33617171333333334,0.4804750801666666,7398.0,1430.0
0.7970745341129991,0.19380553466666664,0.44498257666666663,0.6255576883333333,7398.0,1430.0
0.7848125242525334,0.0,0.42135311174999995,0.61327192225,7398.0,1430.0
0.677801072322061,0.0,0.3463013893333334,0.4581514086666667,7398.0,1430.0
0.8422991479326191,0.0,0.29541847266666665,0.29718253866666666,7398.0,1430.0
0.9395277278540518,0.26990602,0.264387211,0.29947862375,7398.0,1430.0
0.9358641449897376,0.624528399,0.34407808075,0.3538993465,7398.0,1430.0
0.9641874366203316,0.45131669649999995,0.346633929,0.277916779,7398.0,1430.0
0.925674326600898,0.027177807,0.2479379545,0.270512872,7398.0,1430.0
0.7249345036455206,0.0,0.21922894083333336,0.43806191533333333,7398.0,1430.0
0.8381680709170941,0.0,0.27353034025,0.5154848590000001,7398.0,1430.0
0.9800112527710594,0.1671526695,0.320956694,0.5700656719999999,7398.0,1430.0
0.9393345930826228,0.491643161,0.4734746315,0.615252628,7398.0,1430.0
0.9532477265795285,0.134690354,0.4850484749999999,0.57326227825,7398.0,1430.0
0.8424767526604308,0.0,0.44364123466666666,0.403657765,7398.0,1430.0
0.6890364703330284,0.0,0.42961740224999995,0.430026715,7398.0,1430.0
0.7062049487464771,0.0,0.43299048,0.45636064466666665,7398.0,1430.0
0.9228175972639413,0.05567855050000001,0.4201640805,0.52309948825,7398.0,1430.0
0.9148609953950622,0.31999679375,0.4561474465,0.5424703347500001,7398.0,1430.0
0.9209262452741473,0.23391726149999997,0.44946867925,0.5626196502499999,7398.0,1430.0
0.8976788520744425,0.01350504825,0.3787362225,0.5403708162499999,7398.0,1430.0
0.7145587302365592,0.0,0.335950443,0.51723852625,7398.0,1430.0
0.7239170561134755,0.0,0.2900635318,0.4703603246,7398.0,1430.0
0.9360689546471116,0.10484468433333333,0.22636984933333335,0.40556928,7398.0,1430.0
0.9013094472050045,0.50295564625,0.1648001505,0.27942866974999997,7398.0,1430.0
0.901227551445868,0.36043165174999997,0.14020978350000002,0.302166579,7398.0,1430.0
0.8841700311284071,0.01544908625,0.125437391,0.199841306,7398.0,1430.0
0.6959966269435988,0.0,0.08065615266666668,0.14910243966666667,7398.0,1430.0
0.8018851453814038,0.0,0.0557605795,0.09110298724999999,7398.0,1430.0
0.9399832818237628,0.133240316,0.042834952499999995,0.090071971,7398.0,1430.0
0.9028238945214091,0.5219851388333333,0.041932661,0.06648350783333334,7398.0,1430.0
0.9101501862460886,0.19142646624999998,0.0873902555,0.164759195,7398.0,1430.0
0.8322396573015248,0.0,0.09628086899999999,0.29401090933333335,7398.0,1430.0
0.6664560312954186,0.0,0.08070811475,0.34550165425,7398.0,1430.0
0.6579254684020227,0.0,0.11209553550000001,0.312198756,7398.0,1430.0
0.7643996695177848,0.098782893,0.14938934733333334,0.2825577693333333,7398.0,1430.0
0.7721186145010669,0.5345943121666666,0.19996685316666665,0.22968509299999998,7398.0,1430.0
0.7998730763473999,0.13328761416666668,0.26993085933333333,0.260029925,7398.0,1430.0
0.6949153476685781,0.0,0.24638895924999998,0.21098927074999999,7398.0,1430.0
0.6511585557998387,0.0,0.25179829525,0.18364258175,7398.0,1430.0
0.7522824171298351,0.10345875399999999,0.217759661,0.212594984,7398.0,1430.0
0.7747220007825307,0.6081870403333334,0.19654823633333332,0.21659974183333333,7398.0,1430.0
0.7952831286330483,0.2701480683333333,0.227272939,0.33224597966666664,7398.0,1430.0
0.7739489809350842,0.00023699480000000003,0.23164777820000002,0.3055565268,7398.0,1430.0
0.6714117901896008,0.0,0.18397251025,0.22258543025,7398.0,1430.0
0.8126128348938518,0.0,0.1643088465,0.24980023299999998,7398.0,1430.0
0.9459378858323446,0.1340475505,0.1546025745,0.2470378865,7398.0,1430.0
0.8992292995062856,0.4450306933333333,0.16917478416666668,0.30510469833333337,7398.0,1430.0
0.9155871471760184,0.13000981775,0.2245608025,0.3940350095,7398.0,1430.0
0.8052890756121278,0.0,0.2716422275,0.37804241699999996,7398.0,1430.0
0.6698328736439123,0.0,0.29821457725,0.37899092100000004,7398.0,1430.0
0.8060007119130888,0.0,0.3277962305,0.3554883335000001,7398.0,1430.0
0.9343697931584973,0.20205521499999998,0.335045486,0.3544068415,7398.0,1430.0
0.8967251340060112,0.575898307,0.362181294,0.301544576,7398.0,1430.0
0.8857682393268586,0.530464056,0.438179167,0.3208924325,7398.0,1430.0
0.9062299591637709,0.2741008486666667,0.44641016899999997,0.400723989,7398.0,1430.0
0.8746845600387275,0.000379152,0.4770625003333333,0.488496072,7398.0,1430.0
0.6985379943824221,0.0,0.456877722,0.596132575,7398.0,1430.0
0.8139316072396421,0.0,0.48457834175,0.5106682345,7398.0,1430.0
0.9481223815728724,0.269241562,0.49886808000000005,0.5516222635,7398.0,1430.0
0.9134235350646256,0.7006480575,0.5323611840000001,0.51527894825,7398.0,1430.0
0.9112027973442285,0.57182477625,0.51982266725,0.49559671625,7398.0,1430.0
0.9071821788855742,0.04236604,0.470747315,0.48135472375,7398.0,1430.0
0.7175396923557322,0.0,0.36819447600000005,0.40118352400000007,7398.0,1430.0
0.8374441900465959,0.0,0.292405899,0.45275271,7398.0,1430.0
0.9767512488509065,0.31513225500000003,0.243854387,0.40537148749999996,7398.0,1430.0
0.9337218379753363,0.8157733894,0.2258707216,0.26214514499999997,7398.0,1430.0
0.94670795882945,0.553156407,0.27815203975,0.346662233,7398.0,1430.0
0.8795439038088949,0.00033220925,0.27933773175,0.393436665,7398.0,1430.0
0.7201895941276285,0.0,0.1892375732857143,0.32931174985714284,7398.0,1430.0
0.9507488990575582,0.1762912755,0.15067454475000003,0.358474659,7398.0,1430.0
0.9433609553071292,0.8582237060000001,0.08465342875,0.317459286,7398.0,1430.0
0.9225158690314798,0.8106363083333333,0.055300417666666664,0.3134039026666666,7398.0,1430.0
0.957486452785837,0.360158334,0.0657496995,0.3455844475,7398.0,1430.0
0.8805133548823983,0.0,0.08067333325,0.3321603035,7398.0,1430.0
0.689476247829132,0.0,0.05651540785714286,0.2729827445714285,7398.0,1430.0
0.770097672231584,0.185509069,0.03885515825,0.29336892925,7398.0,1430.0
0.7947931899689311,0.853705257,0.023781708500000002,0.24916108125000003,7398.0,1430.0
0.7745661303378959,0.8396610309999999,0.033160357,0.22007750399999998,7398.0,1430.0
0.8192606849111965,0.430526296,0.059027448,0.30562314566666665,7398.0,1430.0
0.8101726431716701,0.0005463976666666666,0.069963332,0.3017689333333333,7398.0,1430.0
0.6998998958207544,0.0,0.039456647500000004,0.22311494333333334,7398.0,1430.0
0.7023973264091429,0.0,0.043971937249999996,0.17389848475,7398.0,1430.0
0.801834821011558,0.34306564100000003,0.0553861635,0.190885563,7398.0,1430.0
0.7771674446636477,0.82357144275,0.054418091499999995,0.22622166099999996,7398.0,1430.0
0.7600126194215034,0.7990789493333333,0.08621074033333333,0.281400006,7398.0,1430.0
0.8038941553203702,0.3621579035,0.11072954800000001,0.3328786965,7398.0,1430.0
0.7936306821871381,0.00025181975,0.1552197835,0.38281968899999996,7398.0,1430.0
0.7100988360002433,0.0,0.1922693325714286,0.5554969988571429,7398.0,1430.0
0.9350348235589586,0.07648290966666667,0.20635850133333333,0.6834501743333333,7398.0,1430.0
0.9405208251958906,0.5659621285,0.149018858,0.6547633625,7398.0,1430.0
0.9071144708955605,0.8409864155,0.1601581265,0.56024474075,7398.0,1430.0
0.9134422180360671,0.6385495059999999,0.201658638,0.5833340025,7398.0,1430.0
0.9408226548143263,0.16993950066666666,0.27834808233333336,0.63826186,7398.0,1430.0
0.7880280099542303,0.0,0.3164368288,0.6537289814000001,7398.0,1430.0
0.6849830865535647,0.0,0.29089613275000004,0.700450284,7398.0,1430.0
0.8681923346084148,0.0,0.295351374,0.727314189,7398.0,1430.0
0.9717694673581754,0.1461257805,0.3045110015,0.6970126674999999,7398.0,1430.0
0.964455084587033,0.39686475125000004,0.31269977475,0.6984342177499999,7398.0,1430.0
0.9679303867939995,0.355914795,0.3275301005,0.7180879840000001,7398.0,1430.0
0.9888379678984565,0.1058020995,0.27684798075,0.67599455425,7398.0,1430.0
0.853802841562266,0.0,0.29283480833333336,0.687036131,7398.0,1430.0
0.6916449448773826,0.0,0.4498235871666667,0.7541467626666666,7398.0,1430.0
0.846536890843877,0.0,0.5624084836666666,0.7676282329999999,7398.0,1430.0
0.9523836303281539,0.038575801,0.5694587655000001,0.773632586,7398.0,1430.0
0.9379013547538219,0.15236845325,0.5466976137499999,0.700695908,7398.0,1430.0
0.9324727051320093,0.1425910685,0.5934564625000001,0.6017258045,7398.0,1430.0
0.9478054510482742,0.05239910725,0.62294374525,0.529695882,7398.0,1430.0
0.8360665010253214,0.0,0.6178913563333334,0.49180972999999994,7398.0,1430.0
0.6742739589991255,0.0,0.6303378403333334,0.5912100986666666,4151.333333333333,802.5
0.8120471774618307,0.0,0.650312256,0.6647642633333333,3502.0,677.0
0.8996221556180535,0.0602126085,0.663907624,0.6352353079999999,3502.0,677.0
0.8856451225619196,0.23955819433333336,0.7735818498333332,0.5675932025,3502.0,677.0
0.9071075720740938,0.17666773233333333,0.8685494399999999,0.7492552379999999,3502.0,677.0
0.8627970785620466,0.0005705396666666666,0.7982114913333334,0.7304446226666667,3502.0,677.0
0.6917489416824417,0.0,0.6344328835,0.7383384885000001,3502.0,677.0
0.7843647782075478,0.0,0.4152476845,0.745193466,3502.0,677.0
0.9099822740986179,0.14924725,0.39527491800000003,0.395851486,3502.0,677.0
0.89123043866393,0.30701568275,0.5194841562500001,0.6801887907499999,3502.0,677.0
0.8864588983147956,0.2814149045,0.688065126,0.782272297,3502.0,677.0
0.908107490147188,0.14963428633333334,0.7746074356666667,0.8112698906666668,3502.0,677.0
0.8431398554414471,0.00047590525,0.79537907975,0.70788407525,3502.0,677.0
0.6494492668598907,0.0,0.7635049765714287,0.7884001985714286,3502.0,677.0
0.7054316760540522,0.045560031333333334,0.6753332176666667,0.7674165030000001,3502.0,677.0
0.7616530554331493,0.3987385555,0.6464779174999999,0.7297196134999999,3502.0,677.0
0.7497955493220698,0.381285759,0.6460501053333333,0.6430889286666667,3502.0,677.0
0.7913389509349664,0.055508144,0.5535601886666667,0.5402417174999999,3502.0,677.0
0.703810898430843,0.0,0.4640340966666667,0.514758162,3502.0,677.0
0.6426069180381833,0.0,0.39239503300000006,0.48939022966666673,3502.0,677.0
0.7500445065069548,0.13982400174999998,0.23858141349999998,0.37875192950000003,3502.0,677.0
0.7546348600629987,0.55069996625,0.3423419695,0.48713249049999996,3502.0,677.0
0.7813178718759062,0.33119248074999996,0.526316746,0.506813057,3502.0,677.0
0.7677104903622327,0.000429269,0.5597375552,0.7203581515999999,3502.0,677.0
0.6650795713997257,0.0,0.58797090675,0.6886812885,3502.0,677.0
0.7829853332597118,0.0002591985,0.6088282505,0.6656766095000001,3502.0,677.0
0.9086693665591842,0.109603901,0.566020034,0.540000808,3502.0,677.0
0.9028772664940767,0.339537043,0.49704725825,0.615373759,3502.0,677.0
0.8925446104688637,0.392150193,0.5441113375,0.804644666,3502.0,677.0
0.9079350205039068,0.242587782,0.5924937383333333,0.8235382800000001,3502.0,677.0
0.8450994539310286,0.00056041825,0.5785707815,0.75677845225,3502.0,677.0
0.6795434605125977,0.0,0.5941232356666667,0.6445669738333334,3502.0,677.0
0.8212972469826939,0.0007582396666666667,0.5809414516666666,0.6749323806666666,3502.0,677.0
0.9111747495574632,0.2178185955,0.5467349539999999,0.653287419,3502.0,677.0
0.8918561678135143,0.44015374366666665,0.577848919,0.641949985,3502.0,677.0
0.8821188286379903,0.486813474,0.602750092,0.7291247223333333,3502.0,677.0
0.8983807957679903,0.3146348615,0.5738806304999999,0.759044107,3502.0,677.0
0.8820254297399366,0.03620886775,0.42253135425,0.6853484730000001,3502.0,677.0
0.7066054662499746,0.0,0.36266360071428577,0.6155170164285714,3502.0,677.0
0.8409528077658676,0.0010016823333333332,0.29861785766666665,0.5727352720000001,3502.0,677.0
0.9230709404277236,0.3581215385,0.230574309,0.543379858,3502.0,677.0
0.8940704517413726,0.72180106125,0.23951808924999998,0.48356777775000004,3502.0,677.0
0.8814847959771277,0.6483505285,0.24308338699999998,0.3666036615,3502.0,677.0
0.9076654996039203,0.27159331766666667,0.22521232333333333,0.339964408,3502.0,677.0
0.8463946384847727,0.000490013,0.26591694375,0.555576414,3502.0,677.0
0.6793422329611113,0.0,0.2897639473333333,0.4867943553333334,3502.0,677.0
0.8191170903182065,0.00045738466666666667,0.2696566696666666,0.5124393650000001,3502.0,677.0
0.9091237967689242,0.067312584,0.24182561,0.5042073735,3502.0,677.0
0.8875802475602487,0.241573766,0.28028862525,0.46859553049999997,3502.0,677.0
0.8767338114650391,0.3175668615,0.3889108865,0.5321109785,3502.0,677.0
0.8900902348218332,0.19576956466666665,0.3938515726666667,0.607089995,3502.0,677.0
0.83936520527126,0.00056839325,0.37607188950000003,0.57645766725,3502.0,677.0
0.6740993510457874,0.0,0.44314361066666663,0.5661042104999999,3502.0,677.0
0.8106222192267202,0.001146431,0.5193197653333333,0.6883044476666668,3502.0,677.0
0.8857636505624769,0.163585751,0.554766902,0.726254051,3502.0,677.0
0.8705155958562448,0.38929948600000003,0.6015081708000001,0.6828570661999999,3502.0,677.0
0.8735300436239455,0.250934321,0.689551042,0.7441466729999999,3502.0,677.0
0.8780134269097556,0.04252813875000001,0.7164226475000001,0.72338251,3502.0,677.0
0.7394415569908529,0.0,0.7485306465,0.75484297975,3502.0,677.0
0.6282190325891562,0.0,0.71292616175,0.7600376902499999,3502.0,677.0
0.6850060188020406,0.02042799375,0.6158165705,0.7402407017499999,3502.0,677.0
0.7500782902491973,0.30579661566666666,0.5668703336666666,0.6179332209999999,3502.0,677.0
0.7451588201565242,0.47002995599999997,0.661189603,0.64058371275,3502.0,677.0
0.7844921794841926,0.268692035,0.7218417653333334,0.7131581279999999,3502.0,677.0
0.7780403673423978,0.00084714875,0.7345671692500001,0.82271608375,3502.0,677.0
0.6645284177389057,0.0,0.7689063743333334,0.8522909196666667,3502.0,677.0
0.6355035647982595,0.0,0.7966068125,0.898779001,3502.0,677.0
0.7234863986270469,0.10728910875,0.8082251565,0.90380943,3502.0,677.0
0.7618604825677495,0.5230061462,0.8712172766,0.9084689426000001,3502.0,677.0
0.7872674188630967,0.36630006075000004,0.85758103475,0.9312061832499999,3502.0,677.0
0.7830017569753447,0.00078814475,0.7842959594999999,0.9134523972499999,3502.0,677.0
0.6769793442675841,0.0,0.7382182989999999,0.8765859045,3502.0,677.0
0.7235606152311207,0.0,0.6698446579999999,0.77161271975,3502.0,677.0
0.8877311389654146,0.2548426175,0.5574367315,0.626095633,3502.0,677.0
0.8705260049200294,0.5782230365000001,0.6479206815,0.59130152375,3502.0,677.0
0.8766503471200461,0.35254349375,0.5387235932500001,0.5818748097499999,3502.0,677.0
0.8583193921663033,0.0012410836666666666,0.2892275823333333,0.47811473433333335,3502.0,677.0
0.7088148123598936,0.0,0.241235336,0.4612242935,3502.0,677.0
0.6645326788194874,0.0,0.23753461500000003,0.3881673413333333,3502.0,677.0
0.83670243403023,0.0128541125,0.2193502915,0.28525802050000004,3502.0,677.0
0.8899008148243736,0.190607054,0.283370204,0.2264233625,3502.0,677.0
0.8705905054043486,0.42576837749999996,0.38550766,0.221980806,3502.0,677.0
0.8748534398198909,0.328178326,0.34473246399999996,0.373508505,3502.0,677.0
0.8124695079733696,0.000839935,0.3043596378,0.4369987048,3502.0,677.0
0.664127269716364,0.0,0.38074952149999997,0.5823261532499999,3502.0,677.0
0.7808704653588759,0.00231190825,0.46572915825000005,0.663192952,3502.0,677.0
0.8927656681422784,0.1144548205,0.6013691925,0.701473692,3502.0,677.0
0.8744533727017806,0.2347036005,0.752039668,0.758394549,3502.0,677.0
0.8770268382631939,0.20746522150000002,0.8137684645000001,0.7840710955,3502.0,677.0
0.8927810499647455,0.08556434325,0.79353800025,0.7935174035,3502.0,677.0
0.8218946474698169,0.0,0.7562464546666666,0.7328070066666666,3502.0,677.0
0.6730698633811031,0.0,0.6828415273333334,0.7249696976666667,3502.0,677.0
0.810837751675879,0.002013720666666667,0.6381874223333334,0.7335095566666667,3502.0,677.0
0.8990745450653916,0.21022902249999997,0.581698182,0.775795718,3502.0,677.0
0.8804916283419157,0.5434590085000001,0.5723964275,0.71467417775,3502.0,677.0
0.8804278458435562,0.53621811,0.6620100796666667,0.7988945300000001,3502.0,677.0
0.8990995492831159,0.257682378,0.5428365614999999,0.7949270724999999,3502.0,677.0
0.8436348355062059,0.0011719675,0.40709291275000004,0.6537539185,3502.0,677.0
0.6889142354133527,0.0,0.3137926201428572,0.4906344032857143,3502.0,677.0
0.8854417800908919,0.148900593,0.2830742405,0.41261631,3502.0,677.0
0.88600828433268,0.6766696919999999,0.35341812175000004,0.38472686675,3502.0,677.0
0.8834746428840955,0.6434064113333333,0.5049543156666667,0.507068265,3502.0,677.0
0.9082536132982503,0.290163985,0.509912821,0.557131703,3502.0,677.0
0.846272883499961,0.00131902275,0.43265630899999996,0.57116623925,3502.0,677.0
0.658953162213708,0.0,0.4437472974285715,0.5486778928571429,3502.0,677.0
0.731437088908538,0.0805353305,0.4708057925,0.574170167,3502.0,677.0
0.7856913350875474,0.295664812,0.50038431175,0.69671415125,3502.0,677.0
0.7834660553431916,0.31040459649999996,0.504323368,0.7393438004999999,3502.0,677.0
0.8282708733764278,0.17644458933333332,0.43960488899999994,0.6733191999999999,3502.0,677.0
0.7742720313769735,0.0007995624,0.29213953119999997,0.6276257604,3502.0,677.0
0.6675117946368386,0.0,0.26812734314285713,0.6110984110000001,3502.0,677.0
0.7603790472148558,0.28413207875,0.29026226075,0.5727054002499999,3502.0,677.0
0.7662993875289279,0.6899188395,0.46116633725,0.58702581975,3502.0,677.0
0.7929538715621938,0.43523825125000004,0.53427904,0.5056108964999999,3502.0,677.0
0.7853704011299816,0.00178674125,0.428182426,0.502724614,3502.0,677.0
0.6887691814269877,0.0,0.40141969250000004,0.590279818,3502.0,677.0
0.8272806323712141,0.008839085666666666,0.43688015733333335,0.5819375636666666,3502.0,677.0
0.9110414406730666,0.23157860600000002,0.5396519005,0.6880343314999999,3502.0,677.0
0.8971417301376841,0.3488688406666667,0.7331603296666667,0.828384288,3502.0,677.0
0.8927219342126897,0.352353927,0.781024116,0.8802906292500001,3502.0,677.0
0.9248934839903677,0.147397296,0.777135649,0.8441384093333334,3502.0,677.0
0.8069170641604626,0.0,0.7030902655,0.8892296865,3502.0,677.0
0.6804686352618552,0.0,0.66683176425,0.86148630475,3502.0,677.0
0.7999247860503226,0.006865892,0.63886075675,0.8133720172500001,3502.0,677.0
0.9309580783529553,0.366050488,0.623231334,0.8153877865000001,3502.0,677.0
0.913098995570048,0.668171149,0.6927474596666667,0.8158391123333333,3502.0,677.0
0.8994099711936538,0.677220014,0.74849629725,0.75562194675,3502.0,677.0
0.9280407973326318,0.22102278600000003,0.6992512779999999,0.7394347346666668,3502.0,677.0
0.7895302283083111,0.0,0.6447347934,0.6359979014,3502.0,677.0
0.6880563199259369,0.0,0.6135093265,0.61776734175,3502.0,677.0
0.8424332528525786,0.015117565666666666,0.566147648,0.5962109953333333,3502.0,677.0
0.925350302171434,0.414120672,0.500740387,0.544155827,3502.0,677.0
0.901076972225578,0.8075338163333333,0.5348671723333333,0.44072455433333335,3502.0,677.0
0.8892477791968187,0.880430232,0.5394054269999999,0.40774667124999997,3502.0,677.0
0.9196321142276098,0.4305108245,0.5368751254999999,0.432475343,3502.0,677.0
0.8315267599268947,0.002552133,0.47171070619999994,0.4058184688,3502.0,677.0
0.6864674414570354,0.0,0.36844483000000006,0.3298977395,3502.0,677.0
0.8111971479661467,0.01303942925,0.31191673425,0.2866081075,3502.0,677.0
0.9228991886621127,0.4505139215,0.262523315,0.2041414525,3502.0,677.0
0.8897072804785028,0.8982935101999999,0.21586633279999998,0.092864587,3502.0,677.0
0.877701717424419,0.819429553,0.2736763165,0.21194039450000002,3502.0,677.0
0.9014031192902049,0.2975941266666667,0.349074087,0.334753029,3502.0,677.0
0.8294294011293054,0.0,0.4182089443333334,0.3957990453333333,3502.0,677.0
0.6924792452934861,0.0,0.395933685,0.4657501606666667,3502.0,677.0
0.7953706277337249,0.0,0.35761844499999995,0.5459881685000001,3502.0,677.0
0.9013549838827949,0.16811434199999997,0.31760038733333334,0.5211030883333333,3502.0,677.0
0.881652021244776,0.39298031333333333,0.4112021496666667,0.4675975353333334,3502.0,677.0
0.8797249267059407,0.26723464300000005,0.6314410095,0.56509865925,3502.0,677.0
0.9067458696657686,0.0824939165,0.6942374455,0.6904623919999999,3502.0,677.0
0.8412710260006261,0.00127590725,0.74910059575,0.8143696815000001,3502.0,677.0
0.6548387144935541,0.0,0.7555052181428571,0.8154728104285714,3502.0,677.0
0.7297884860062593,0.1721825085,0.7955850624999999,0.69678975275,3502.0,677.0
0.781643472688065,0.6048453861666666,0.8624227510000001,0.757077203,3502.0,677.0
0.8232448427942413,0.32385765866666666,0.8424659583333334,0.8625304976666667,3502.0,677.0
0.7687222612218465,0.0020313662,0.6619678406,0.8228385537999999,3502.0,677.0
0.6421357754808844,0.0,0.482571043,0.741812901,3502.0,677.0
0.6984317616308533,0.00750882875,0.38333810575,0.79601754975,3502.0,677.0
0.7825006312149971,0.2175260155,0.365554355,0.8212370314999999,3502.0,677.0
0.7661094445449831,0.47974451979999994,0.388021879,0.7607962956,3502.0,677.0
0.7949312983760028,0.452836122,0.509827702,0.7834738705,3502.0,677.0
0.8082417012449286,0.18825783966666668,0.47252347666666666,0.708238744,3502.0,677.0
0.732672525638389,0.0,0.38305902175,0.6172479652499999,3502.0,677.0
0.7150740867433955,0.0,0.34215448216666666,0.6024989945,3502.0,677.0
0.9138917316622638,0.12695295233333334,0.30762687399999994,0.5049733916666667,3502.0,677.0
0.8896213671140203,0.5905643715,0.26891793399999997,0.394048212,3502.0,677.0
0.8669432642264281,0.7386234992499999,0.30658331275,0.40610300699999996,3502.0,677.0
0.8757324964989719,0.42810674075,0.39768416475,0.43150220074999995,3502.0,677.0
0.7945463321099103,0.00421692375,0.3124488755,0.4232580495,3502.0,677.0
0.6656080894032685,0.0,0.25761690075,0.54119040275,3502.0,677.0
0.787059191009416,0.0,0.2700466415,0.5830461835,3502.0,677.0
0.8942180888192041,0.38264373425,0.20630955350000002,0.5060141174999999,3502.0,677.0
0.8553361903240269,0.8615658655,0.2584591625,0.48390441775000004,3502.0,677.0
0.8558611613345282,0.7285427145000001,0.31778322400000003,0.5673346994999999,3502.0,677.0
0.8476693373730184,0.21035879625,0.27170718525,0.54525933075,3502.0,677.0
0.7244695301878622,0.0,0.25098032733333336,0.47988507733333335,3502.0,677.0
0.6628881924720169,0.0,0.23215016375000003,0.45907564725000005,3502.0,677.0
0.8419482697561977,0.02888070875,0.21052139125,0.37797536125,3502.0,677.0
0.8844205881812561,0.48821976499999997,0.15294692799999998,0.343788239,3502.0,677.0
0.8551359694174984,0.86036787775,0.2614682795,0.34661317725,3502.0,677.0
0.8548608296229031,0.65813014925,0.38751276225,0.5427944087500001,3502.0,677.0
0.8294264355827948,0.06102021875,0.337442158,0.5224180875,3502.0,677.0
0.6818198334295051,0.0,0.2793676485714286,0.49271573842857147,3502.0,677.0
0.8705888041639468,0.026700694666666667,0.24166909,0.444083622,3502.0,677.0
0.8859818519940197,0.3413826085,0.2256653435,0.36067579000000005,3502.0,677.0
0.8710766122607005,0.6999916370000001,0.38128200325,0.446834268,3502.0,677.0
0.8765929873216242,0.59349020725,0.5333258572499999,0.53781922175,3502.0,677.0
0.8377680271894994,0.059664248499999996,0.5521836055,0.601480919,3502.0,677.0
0.686630659393297,0.0,0.6261317286666667,0.6250049983333333,3502.0,677.0
0.6851594855598464,0.0,0.5799020284999999,0.7540911895,3502.0,677.0
0.879210693986148,0.029179539333333334,0.4921256790000001,0.7180318246666667,3502.0,677.0
0.9047271788958643,0.33711214050000005,0.531955984,0.6509592184999999,3502.0,677.0
0.8817988467475124,0.64220228925,0.6659325924999999,0.6913156979999999,3502.0,677.0
0.8892493010016433,0.5196449842499999,0.7925920740000001,0.81914502975,3502.0,677.0
0.8843362107127597,0.092385254,0.7623265225,0.8674893994999999,3502.0,677.0
0.7418083750609171,0.0,0.767097114,0.88297934075,3502.0,677.0
0.649689637364386,0.0,0.6847309475,0.8178255873333332,3502.0,677.0
0.7552135854431997,0.19835561024999998,0.5893104782499999,0.67227665925,3502.0,677.0
0.7553684850325316,0.6561093626,0.5725269646,0.573197969,3502.0,677.0
0.7713309902111553,0.44860967099999993,0.48900055174999996,0.522402191,3502.0,677.0
0.7471741161747826,0.0065485375,0.23778721275,0.2819973455,3502.0,677.0
0.6326812045620315,0.0,0.14584073150000001,0.2751104845,4017.8333333333335,776.1666666666666
0.6817256853426675,0.035077758333333334,0.16165047266666666,0.37295549366666664,4121.0,796.0
0.7536745163467113,0.354893677,0.13653097250000001,0.3908585015,4121.0,796.0
0.7270744538813644,0.723057707,0.1725603135,0.3968635385,4121.0,796.0
0.7188440466549373,0.6890290905,0.2583035,0.494150439,4121.0,796.0
0.7430118541330986,0.24921276275,0.2828837755,0.552100281,4121.0,796.0
0.7050431823276233,0.0,0.3101090715,0.502650131,4121.0,796.0
0.6457690279121089,0.0,0.2922878015,0.50549822425,4121.0,796.0
0.7612975728580604,0.0,0.28766749099999994,0.45070097066666664,4121.0,796.0
0.855445782646715,0.12585929299999998,0.278997874,0.398336527,4121.0,796.0
0.8394660180694302,0.5416761182500001,0.3634749235,0.37447036300000003,4121.0,796.0
0.8328845689075232,0.6156604613333334,0.5020137586666666,0.4214145136666667,4121.0,796.0
0.8351908391249591,0.21935683275000004,0.49933355375000005,0.4331509915,4121.0,796.0
0.7279100926870792,0.0,0.442651704,0.468757211,4121.0,796.0
0.644431888732317,0.0,0.4550882635,0.44358265125,4121.0,796.0
0.7795792725834501,0.01652426725,0.47232649325,0.39347335725000004,4121.0,796.0
0.8466007123805742,0.28089912149999996,0.535393579,0.43442290100000003,4121.0,796.0
0.8373434475417988,0.59290274825,0.6847769185,0.55547706425,4121.0,796.0
0.8377375679055302,0.54807902,0.79097761675,0.71252896125,4121.0,796.0
0.8068003194160106,0.06911193375,0.70413641725,0.799447097,4121.0,796.0
0.6589867653814006,0.0,0.61187101275,0.744271461,4121.0,796.0
0.6904818322314703,0.0,0.6087779234999999,0.6486152599999999,4121.0,796.0
0.8338601382658545,0.050258083,0.579239337,0.6849760375,4121.0,796.0
0.8430100116020695,0.452881357,0.6098662635000001,0.64800846675,4121.0,796.0
0.8335414284783238,0.6636505247500001,0.6527474507500001,0.610188304,4121.0,796.0
0.8369240887303168,0.421448364,0.6080023539999999,0.671735379,4121.0,796.0
0.8052828831355076,0.0712196075,0.3611767275,0.5518489857500001,4121.0,796.0
0.6677007665133207,0.0,0.2298059213333333,0.373828512,4121.0,796.0
0.6660869852803502,0.0,0.1254104465,0.261491564,4121.0,796.0
0.8253554965985694,0.04896946233333333,0.11176956933333333,0.31224968666666664,4121.0,796.0
0.8579377738437529,0.43458063999999996,0.089876153,0.32315817550000003,4121.0,796.0
0.8356247602786848,0.8432990027499999,0.113500607,0.3769105605,4121.0,796.0
0.8341915609611492,0.6416231512499999,0.18988839600000001,0.5460559805,4121.0,796.0
0.8047507362315096,0.06580627925,0.2669609935,0.44778197525,4121.0,796.0
0.6680686341364033,0.0,0.31365995933333335,0.338816135,4121.0,796.0
0.662169415525767,0.0,0.28203971125,0.38298306425000006,4121.0,796.0
0.8124794284542195,0.05432330833333333,0.23988908133333334,0.36833718633333334,4121.0,796.0
0.8485501031434844,0.436156674,0.19038073900000002,0.31025946400000004,4121.0,796.0
0.8373955317772337,0.6841925120000001,0.30716944533333335,0.2986625663333333,4121.0,796.0
0.8395895641071855,0.6040720983333333,0.5148822726666666,0.5315313236666667,4121.0,796.0
0.8496015904816533,0.3057562835,0.5226253359999999,0.45818093400000004,4121.0,796.0
0.8247255219485444,0.04905766933333333,0.4041684193333333,0.402655068,4121.0,796.0
0.67392200775572,0.0,0.31735452000000003,0.40012699375,4121.0,796.0
0.6167244307230482,0.0,0.22506426224999998,0.39604682724999996,4121.0,796.0
0.6694462061103454,0.019633937,0.20323332233333333,0.34064826333333337,4121.0,796.0
0.7443066523778554,0.25625558075,0.22695124375,0.39140365125000004,4121.0,796.0
0.7418138730233106,0.3895954566666666,0.30961101966666665,0.5142505439999999,4121.0,796.0
0.7601230936532684,0.22824017024999999,0.26690922875,0.4530117005,4121.0,796.0
0.7284717271534278,0.00734144725,0.21013174525,0.286401958,4121.0,796.0
0.6243233493456087,0.0,0.22517892299999998,0.29892362716666665,4121.0,796.0
0.6547095729845793,0.0,0.2559001205,0.39743514599999996,4121.0,796.0
0.7338058501781879,0.22588003875,0.321824518,0.334374468,4121.0,796.0
0.7338743541766918,0.53058132,0.47504283049999996,0.33877890225,4121.0,796.0
0.7645648033646972,0.33856598325000004,0.53752954975,0.45622131125,4121.0,796.0
0.7222177166566058,0.0058405728,0.37932635060000003,0.4845086522,4121.0,796.0
0.6465325455141224,0.0,0.3361805496666667,0.4298223353333333,4121.0,796.0
0.7473512292415325,0.00025699725,0.26854853575,0.324496493,4121.0,796.0
0.8737091778586671,0.21155896533333332,0.23726988200000002,0.21123283766666665,4121.0,796.0
0.8597255270056606,0.53955474125,0.34974192374999996,0.35093533875,4121.0,796.0
0.8653210117147874,0.44814936250000004,0.45117641425,0.5367310235,4121.0,796.0
0.8548657695698898,0.106848165,0.4207199105,0.5705415659999999,4121.0,796.0
0.7294287697613493,0.0,0.42291769475,0.5461925575,4121.0,796.0
0.6512490672280572,0.0,0.45735098925,0.478643353,4121.0,796.0
0.7361254575783864,0.0,0.5269964115,0.5809230435,4121.0,796.0
0.8552345112239935,0.07438599325,0.61921674225,0.7372424295,4121.0,796.0
0.8649027627264276,0.19095356580000003,0.5972747308,0.5535815058,4121.0,796.0
0.8825103893645847,0.13794415475000002,0.5427266445,0.49117732875000003,4121.0,796.0
0.7756643717435702,0.010548513,0.48726784700000003,0.49350580725000004,4121.0,796.0
0.6527034545356929,0.0,0.50901356925,0.65117260575,4121.0,796.0
0.739203150945478,0.0,0.6012996174999999,0.78463602425,4121.0,796.0
0.8672370557645018,0.20053709966666666,0.634074795,0.7415773840000001,4121.0,796.0
0.8597906128349302,0.45162995366666675,0.6776797246666666,0.6658844389999999,4121.0,796.0
0.8616519269625881,0.42703688975,0.7593658085,0.65939157525,4121.0,796.0
0.8412104118748698,0.112576372,0.6581429935,0.6373885515000001,4121.0,796.0
0.7064444395811664,0.0,0.5232575766666666,0.5055958013333334,4121.0,796.0
0.6496715085099317,0.0,0.44590049475,0.44172123724999995,4121.0,796.0
0.7912579526109027,0.02091915075,0.34773316049999997,0.380339163,4121.0,796.0
0.8657932116912483,0.2115491405,0.3620564815,0.41591191549999995,4121.0,796.0
0.8489372935796119,0.349796071,0.44694004440000007,0.5553878096,4121.0,796.0
0.8608486554734376,0.292863635,0.416348684,0.722983547,4121.0,796.0
0.8580393201403428,0.11401409099999998,0.30385582333333333,0.6718750883333334,4121.0,796.0
0.7109935018759365,0.0,0.22520114539999997,0.5132984784000001,4121.0,796.0
0.6627825099796245,0.0,0.16152703875,0.31752907825,4121.0,796.0
0.7937940991728989,0.000651327,0.118876714,0.24574422499999998,4121.0,796.0
0.8615838443588453,0.2155178735,0.105835779,0.17098665275000002,4121.0,796.0
0.8464842602206122,0.50088368775,0.10917991975,0.24354089274999996,4121.0,796.0
0.8470565472801259,0.34102110725,0.13450190525,0.3168892005,4121.0,796.0
0.7662109480293489,0.0145972165,0.0975328265,0.19804120525000002,4121.0,796.0
0.6234683057382181,0.0,0.0753019275,0.1514903735,4121.0,796.0
0.6438602924239726,0.000590894,0.07236576624999999,0.18853474925000002,4121.0,796.0
0.7327302795967817,0.2761852166666667,0.059068058666666666,0.1651677606666667,4121.0,796.0
0.7288561713724462,0.581949563,0.12016516159999999,0.23858631,4121.0,796.0
0.7331710058339407,0.411532546,0.20744824350000002,0.39469691100000004,4121.0,796.0
0.74486107587847,0.20076070733333332,0.22714777933333333,0.44064684800000004,4121.0,796.0
0.6954109248006174,0.0,0.20529999325,0.417764301,4121.0,796.0
0.6135443676265795,0.0,0.19396317425,0.41112745424999997,4121.0,796.0
0.6448680652028235,0.0012035296666666666,0.192022469,0.27928569000000003,4121.0,796.0
0.7183086688953377,0.2783833655,0.18206091875000002,0.2825412095,4121.0,796.0
0.7116239447586059,0.4625599495,0.35126758049999995,0.3612602385,4121.0,796.0
0.7230483803564649,0.281330953,0.38069066549999997,0.3991356565,4121.0,796.0
0.7381130491685736,0.09223631233333333,0.2919645903333334,0.3325833306666666,4121.0,796.0
0.7031582570038672,0.0,0.27399176075000004,0.251992375,4121.0,796.0
0.6455274845731955,0.0,0.285131607,0.24597655824999998,4121.0,796.0
0.7591698282210971,0.0007375083333333333,0.261570614,0.250864215,4121.0,796.0
0.8475453934257711,0.1506694505,0.260297196,0.230718059,4121.0,796.0
0.8366002797210058,0.48031878,0.23629811039999998,0.274952138,4121.0,796.0
0.8350482122062702,0.57638592125,0.23043735224999998,0.4708597365,4121.0,796.0
0.8051190915766259,0.1025419925,0.16792717175,0.48103687,4121.0,796.0
0.6635711789182811,0.0,0.11225531457142858,0.30752728657142864,4121.0,796.0
0.8186605725455409,0.168299437,0.09353209574999999,0.27368687525,4121.0,796.0
0.831653775614677,0.8849493098333333,0.058929277333333335,0.19892117566666667,4121.0,796.0
0.8291128529882026,0.63657289475,0.05694780075,0.3036317435,4121.0,796.0
0.7928734078088763,0.041172067666666666,0.04415335233333333,0.1861985753333333,4121.0,796.0
0.6552074015349802,0.0,0.06340665333333334,0.13739966416666663,4121.0,796.0
0.7551996239719024,0.0024798906666666665,0.09837319066666667,0.16460504133333334,4121.0,796.0
0.8327932692270442,0.54250389775,0.0942468295,0.20305555825,4121.0,796.0
0.8281319066132293,0.96941409725,0.15513999974999998,0.199133613,4121.0,796.0
0.8297190876860033,0.7197553156666667,0.16082400633333332,0.26118568033333334,4121.0,796.0
0.8004652559576956,0.12125310025,0.20010026275,0.2504835845,4121.0,796.0
0.665618363416604,0.0,0.18628525033333332,0.23627435866666668,4121.0,796.0
0.6575647219998134,0.0,0.17119635875,0.2547754635,4121.0,796.0
0.7967101314807912,0.08372218933333332,0.17736917033333333,0.28669507600000005,4121.0,796.0
0.8338026848241523,0.5565959775,0.155211516,0.3063115045,4121.0,796.0
0.8285642824903974,0.9125215592500001,0.22299076,0.38366519099999996,4121.0,796.0
0.8289997254083394,0.68455821775,0.29865129775,0.47040740975000006,4121.0,796.0
0.8246558317476798,0.198944645,0.3026697815,0.4185731305,4121.0,796.0
0.727084181574551,0.0,0.32358458375,0.34861009975,4121.0,796.0
0.6436656787438674,0.0,0.30837706849999996,0.31059161625,4121.0,796.0
0.7723035901516293,0.054998624,0.347000457,0.3528160125,4121.0,796.0
0.8329253060355661,0.5539962399999999,0.3779979623333333,0.3523535016666666,4121.0,796.0
0.8280639644744067,0.79811044525,0.5029902502500001,0.426691852,4121.0,796.0
0.829963417054633,0.5447961343333334,0.44216010999999994,0.4673278633333333,4121.0,796.0
0.8020490657099478,0.08747805475,0.3052990735,0.42502365425,4121.0,796.0
0.6280517894904937,0.0,0.23987850542857142,0.2774739342857143,4121.0,796.0
0.6600699293255728,0.05645424933333334,0.267990483,0.33776026233333334,4121.0,796.0
0.7168246535198226,0.382346886,0.272608799,0.30837906,4121.0,796.0
0.7102446496725051,0.6524044626000001,0.27846395580000005,0.1942271786,4121.0,796.0
0.7237061452539303,0.384268123,0.204753346,0.13640766624999998,4121.0,796.0
0.6961952885663324,0.011045087,0.16920362719999998,0.1765231296,4121.0,796.0
0.6122947080418317,0.0,0.1477668335,0.2858564805,4121.0,796.0
0.6409286402193127,0.004104648666666666,0.14408079933333331,0.15702263233333333,4121.0,796.0
0.7041327299723796,0.36628500375,0.10878255325,0.08398123925,4121.0,796.0
0.7066345074201108,0.6963747035000001,0.14885524100000003,0.14724317874999998,4121.0,796.0
0.7196799000767561,0.482155807,0.14372427899999998,0.22092572700000002,4121.0,796.0
0.7191656245420323,0.07668765125,0.15983404375,0.16449469249999998,4121.0,796.0
0.665551623127964,0.0,0.16046125233333333,0.117016191,4121.0,796.0
0.6572038117421679,0.0,0.1403675465,0.130508272,4121.0,796.0
0.7939498525025207,0.039275976666666663,0.13850462166666666,0.14816863966666666,4121.0,796.0
0.8303033617188775,0.5219987332,0.1017875264,0.13478701860000003,4121.0,796.0
0.8284368734981309,0.645034763,0.18102558375,0.35117655600000003,4121.0,796.0
0.8255004334931263,0.230070047,0.23861231966666666,0.43179916566666665,4121.0,796.0
0.7096104046290078,0.0,0.2761094224,0.34966707599999997,4121.0,796.0
0.6570016125096715,0.0,0.2331364225,0.34248609750000003,4121.0,796.0
0.7764645059797911,0.0077958335,0.23893933950000001,0.297004125,4121.0,796.0
0.828916612205343,0.38576842100000003,0.19184491433333337,0.309124707,4121.0,796.0
0.8287786443038002,0.846747046,0.18266607349999997,0.29474966725,4121.0,796.0
0.8295417873326931,0.6565095895,0.1756023215,0.32846145400000004,4121.0,796.0
0.8000816007381345,0.08674338725,0.17599604675,0.24647214275,4121.0,796.0
0.6656218596489775,0.0,0.15409727666666664,0.22331375966666667,4121.0,796.0
0.6571728959776642,0.0,0.141225542,0.23102296,4121.0,796.0
0.7942449706401948,0.06655514566666666,0.12562424333333336,0.27810063,4121.0,796.0
0.8306018903399439,0.5622506715,0.09639373625,0.27906117775,4121.0,796.0
0.8279407930774529,0.764489331,0.19781896333333335,0.39106793700000003,4121.0,796.0
0.8298014985373259,0.4929346873333333,0.2971654573333334,0.4040878796666667,4121.0,796.0
0.800111474650081,0.0753822835,0.32176678449999996,0.29698148550000003,4121.0,796.0
0.6607511231022869,0.0,0.24280642185714288,0.25508926185714287,4121.0,796.0
0.7775966248115965,0.009261775,0.226796858,0.258926019,4121.0,796.0
0.831331155969778,0.3828264083333333,0.15729571499999997,0.22432626200000003,4121.0,796.0
0.8285113007386723,0.85375702825,0.09852639075,0.23809477150000002,4121.0,796.0
0.829092109823988,0.69305862,0.11368238324999999,0.47884329475,4121.0,796.0
0.8249932011161363,0.2170950965,0.1658363675,0.426876038,4121.0,796.0
0.7271093028666797,0.0,0.18813583275,0.2488456725,4121.0,796.0
0.6435991647665893,0.0,0.20821895825,0.24369175275,4121.0,796.0
0.771082071996927,0.057656827499999994,0.168466413,0.40729859425000003,4121.0,796.0
0.8336340703926886,0.46805676900000004,0.1269597085,0.475588522,4121.0,796.0
0.828943067934519,0.768694777,0.166502591,0.477570878,4121.0,796.0
0.8297549551468965,0.63406178,0.25004966333333334,0.5673849643333333,4121.0,796.0
0.8310376141471181,0.34851417549999997,0.268491656,0.5199836805,4121.0,796.0
0.7936900398036245,0.040880841,0.26263182166666665,0.374363242,4121.0,796.0
0.6280784459070465,0.0,0.16624701542857143,0.19731995685714285,4121.0,796.0
0.6482498748278476,0.009216661,0.128214479,0.15187357099999998,4121.0,796.0
0.7142864233339289,0.323139734,0.1318449926666667,0.119077814,4121.0,796.0
0.7157982523880089,0.6623107917500001,0.26935700549999997,0.1573407395,4121.0,796.0
0.732194999405954,0.5697067385,0.42727985825,0.369936885,4121.0,796.0
0.7405468454391442,0.08977209750000001,0.2818852315,0.32500251275,4121.0,796.0
0.6291954939603542,0.0,0.2986275152857143,0.30451168528571426,4121.0,796.0
0.6527334455626523,0.009510712,0.384186589,0.39427944000000004,4121.0,796.0
0.7320691355684197,0.24443089066666665,0.47550826399999996,0.4517146013333333,4121.0,796.0
0.7372478485951794,0.5949614655000001,0.58749185425,0.50072812925,4121.0,796.0
0.7523739587153531,0.50831644975,0.6862303064999999,0.57653470875,4121.0,796.0
0.7529311917038805,0.08848160325,0.45085452125000003,0.49644765225,4121.0,796.0
0.6632843263693157,0.0,0.25969770125,0.50159014575,4121.0,796.0
0.6971449001210925,0.0,0.17360321875,0.39357805300000004,4121.0,796.0
0.8496999917826195,0.2356493305,0.128740497,0.313684757,4121.0,796.0
0.8430495079363455,0.5704019826666666,0.10105692166666667,0.17962853166666667,4121.0,796.0
0.8434014396199736,0.58119004625,0.20350922175000002,0.27507972375,4121.0,796.0
0.8479139008498485,0.21720980033333334,0.21929141133333332,0.3604040933333333,4121.0,796.0
0.7095859155386635,0.0,0.1356383426,0.26631458500000005,3922.2,757.6
0.6593684304985187,0.0,0.13760136125,0.29544557175,3127.0,604.0
0.7767693324809894,0.018857312,0.13709566499999998,0.3050721855,3127.0,604.0
0.8462892837709334,0.39732737433333337,0.12578131633333334,0.2497363513333333,3127.0,604.0
0.835293150288708,0.7484378049999999,0.1175982852,0.1862932346,3127.0,604.0
0.8343415549853869,0.5398284443333333,0.17670398533333334,0.30129306299999997,3127.0,604.0
0.8307045526944196,0.193568644,0.185588509,0.25678899,3127.0,604.0
0.7239502405143593,0.0,0.17315349675,0.2226317035,3127.0,604.0
0.6497432784904195,0.0,0.15966574775,0.26819130525,3127.0,604.0
0.7515385384376977,0.013962734999999999,0.154478991,0.26386366933333333,3127.0,604.0
0.8464271345303908,0.2587410915,0.123214878,0.26310604299999996,3127.0,604.0
0.8305076563273814,0.59447673875,0.1938218595,0.23019032675,3127.0,604.0
0.8269672214424328,0.539469281,0.25258637100000003,0.3612332425,3127.0,604.0
0.8280299778113182,0.29125386466666664,0.2800144296666667,0.46952402299999996,3127.0,604.0
0.8251710399386121,0.08769655900000001,0.265235926,0.503353977,3127.0,604.0
0.7226361155310659,0.0,0.27386886499999996,0.4212489185,3127.0,604.0
0.6403256988736478,0.0,0.29104749474999997,0.36543343224999997,3127.0,604.0
0.7591016558995656,0.0541287395,0.281819492,0.358693304,3127.0,604.0
0.829857032169958,0.47771113200000004,0.3067423786666667,0.33282140266666665,3127.0,604.0
0.827481797480311,0.6784264715,0.35649798025,0.37779801049999995,3127.0,604.0
0.8281789416647202,0.47166146566666667,0.44885673299999995,0.538607685,3127.0,604.0
0.7985429764675314,0.09603894525,0.47136521975,0.49689281649999995,3127.0,604.0
0.6571896439988535,0.0,0.4431870018571428,0.4261490765714286,3127.0,604.0
0.8005759018688074,0.16469786074999998,0.403038157,0.314400443,3127.0,604.0
0.8309726687556964,0.6425896875,0.32695909749999996,0.2417255035,3127.0,604.0
0.8274591579381505,0.8305975237500001,0.28131066400000004,0.28877351975,3127.0,604.0
0.827903552073494,0.5471721216666667,0.2689564543333334,0.42181109233333336,3127.0,604.0
0.822644117767628,0.2051028095,0.27299651049999996,0.4213612705,3127.0,604.0
0.7140842475325568,0.00038631575,0.260741479,0.30588223400000003,3127.0,604.0
0.6089815233475268,0.0,0.18068358250000002,0.2203103775,3127.0,604.0
0.6328553286511466,0.015015815666666666,0.14340820633333332,0.22724345166666668,3127.0,604.0
0.7001779347804425,0.50911522,0.08461545825,0.190953388,3127.0,604.0
0.7072313537902464,0.814658088,0.08297103025,0.27648379675,3127.0,604.0
0.7189880080783543,0.49564260666666665,0.09790558733333334,0.30511590066666666,3127.0,604.0
0.7223820233022589,0.1811187865,0.137527507,0.285031822,3127.0,604.0
0.6830551062749142,0.00043716925,0.154418744,0.279477086,3127.0,604.0
0.6116389847303091,0.0,0.11853199319999999,0.23408790660000003,3127.0,604.0
0.6478967881427494,0.100509736,0.10086659499999999,0.19669233533333333,3127.0,604.0
0.7050088366850911,0.5187702805000001,0.058233668,0.1992482995,3127.0,604.0
0.7078085807561383,0.805499824,0.07281809125,0.237093075,3127.0,604.0
0.7162579971178564,0.56660540075,0.08543979075,0.30057083175,3127.0,604.0
0.7224788325862443,0.16934578849999998,0.0910200175,0.2363647395,3127.0,604.0
0.6917420390302365,0.00043651475,0.07504767975,0.1513854285,3127.0,604.0
0.6479133858361724,0.0,0.05678245479999999,0.09736886199999999,3127.0,604.0
0.7582266612515673,0.024157322,0.045114117499999995,0.08543824350000001,3127.0,604.0
0.8256587855929763,0.47963686625,0.02713183425,0.079158513,3127.0,604.0
0.8288195219509085,0.8003013460000001,0.04515958,0.14168805475,3127.0,604.0
0.8291173325020909,0.498025415,0.06642195299999999,0.201443277,3127.0,604.0
0.8228253279918427,0.1630905705,0.08899265849999999,0.0928372705,3127.0,604.0
0.7058792449321245,0.00034384659999999996,0.08642336020000001,0.0791682552,3127.0,604.0
0.6506478310347499,0.0,0.064766234,0.16461964925,3127.0,604.0
0.7587416820747223,0.0287112945,0.0550154385,0.1801946775,3127.0,604.0
0.8258735220201086,0.44939531125,0.05074246875,0.226951727,3127.0,604.0
0.8279748343860925,0.7598884319999999,0.12878340600000002,0.39884591449999995,3127.0,604.0
0.8281761321497348,0.46947240233333326,0.224406128,0.3848442396666667,3127.0,604.0
0.7976811043455831,0.08249673125,0.23109961799999998,0.31722351400000004,3127.0,604.0
0.6615714765559425,0.0,0.14679592266666666,0.2046443,3127.0,604.0
0.650473831830414,0.0,0.1282625305,0.21256734775,3127.0,604.0
0.758671070980588,0.031223361,0.128581064,0.21414530650000002,3127.0,604.0
0.825655601559015,0.42922220325,0.09509147474999999,0.180195271,3127.0,604.0
0.8276836338349444,0.7329549657500001,0.18760912325,0.2860738625,3127.0,604.0
0.8283498972864788,0.556764911,0.3122812975,0.384286904,3127.0,604.0
0.8245304518149768,0.210562931,0.360280876,0.379589387,3127.0,604.0
0.7725905413851344,0.000892488,0.35611967099999997,0.395206613,3127.0,604.0
0.6503918916374192,0.0,0.2734888664,0.4968548964,3127.0,604.0
0.6881951853166973,0.0,0.261454885,0.4253024973333333,3127.0,604.0
0.8148859574611277,0.22712443525,0.2202913725,0.307581851,3127.0,604.0
0.8280260445228257,0.6718895850000001,0.133102927,0.24383544999999998,3127.0,604.0
0.8278065242749852,0.67252160025,0.12288429199999999,0.366301027,3127.0,604.0
0.8247761234310285,0.311365346,0.12490261633333333,0.4364228886666666,3127.0,604.0
0.722477626878251,0.000750233,0.11496937075,0.341416492,3127.0,604.0
0.6391895765276576,0.0,0.0708538885,0.23112847225,3127.0,604.0
0.7103310311559283,0.0,0.0735728165,0.20099007149999998,3127.0,604.0
0.8117724122674287,0.222274234,0.068622173,0.23652568166666668,3127.0,604.0
0.8282696871469946,0.5886829229999999,0.094908193,0.2619784395,3127.0,604.0
0.8279209161203483,0.7412928175,0.18827482475,0.35113746175,3127.0,604.0
0.828441626145021,0.5351439123333334,0.208422517,0.36043241800000003,3127.0,604.0
0.7976106220617198,0.1050698785,0.21648496325,0.258005287,3127.0,604.0
0.6424604358806049,0.0,0.18092995833333333,0.25124917966666666,3127.0,604.0
0.6105682596756327,0.0,0.19444175425,0.323465922,3127.0,604.0
0.6478727985157198,0.07932225666666666,0.237728132,0.4976550313333333,3127.0,604.0
0.7076929012141508,0.39427374699999995,0.2971830975,0.5834068325,3127.0,604.0
0.7077012711609916,0.65495103575,0.42479212375,0.655023939,3127.0,604.0
0.7166491793729105,0.6013052405000001,0.60102650925,0.77777531875,3127.0,604.0
0.7246467290604452,0.11646380725000001,0.58709782875,0.7605181527499999,3127.0,604.0
0.6262872009739029,0.0,0.395666727,0.7317706641428571,3127.0,604.0
0.676055230917125,0.2011900965,0.30483186375000004,0.63963058325,3127.0,604.0
0.7172327510162094,0.7515168575999999,0.34084746180000003,0.5259757744,3127.0,604.0
0.7162307219084572,0.5804347865,0.430999298,0.63056832125,3127.0,604.0
0.727047553326303,0.188066868,0.390851768,0.6580518639999999,3127.0,604.0
0.6971879317260797,0.000595813,0.28581404024999996,0.55586198975,3127.0,604.0
0.6505172777967638,0.0,0.24122501619999998,0.4324121538,3127.0,604.0
0.7638138580837015,0.033214055,0.243035169,0.4336548725,3127.0,604.0
0.829113953357658,0.3794786775,0.24639815275,0.3621131045,3127.0,604.0
0.8274319529409073,0.58213018075,0.33756856825,0.30606429625,3127.0,604.0
0.8279007582875477,0.418722903,0.41343251150000004,0.3989451045,3127.0,604.0
0.8250518875953755,0.23467056133333333,0.3915301496666667,0.37007136599999996,3127.0,604.0
0.7062946891133816,0.0008925129999999999,0.3362926304,0.3740462266,3127.0,604.0
0.6526884824533374,0.0,0.301425172,0.33447042675,3127.0,604.0
0.796830809554344,0.2050083445,0.23916699000000002,0.27860834225,3127.0,604.0
0.8284942801181929,0.7826450340000001,0.16879991774999997,0.21603946675000002,3127.0,604.0
0.8295738854146746,0.7343098799999999,0.21941479775,0.35164836425,3127.0,604.0
0.8252204551916632,0.3096324693333334,0.267610647,0.40835734199999996,3127.0,604.0
0.7723387904007669,0.0023552575,0.3030103465,0.37122210899999997,3127.0,604.0
0.6504346890042584,0.0,0.2722600986,0.2619274736,3127.0,604.0
0.6901241138181611,0.0,0.25441457733333334,0.23234573333333333,3127.0,604.0
0.8152270493327112,0.35872938625,0.18743536675,0.2170895885,3127.0,604.0
0.8298943979774793,0.8591633995000001,0.13075049575,0.2200823905,3127.0,604.0
0.830894893585149,0.65928149175,0.1685225705,0.35194105525,3127.0,604.0
0.824546965140109,0.2490389985,0.23496366500000002,0.46680527699999996,3127.0,604.0
0.7235492720086119,0.001335419,0.27719069175,0.377780385,3127.0,604.0
0.6387889709403818,0.0,0.22724320999999997,0.29880311549999994,3127.0,604.0
0.7088108323174419,0.0,0.169456524,0.24087173350000002,3127.0,604.0
0.8144443805428548,0.34888090875,0.11116892425,0.18422826275,3127.0,604.0
0.8301739392769681,0.803065577,0.08842911233333332,0.18363649766666668,3127.0,604.0
0.8298253086881698,0.67996340425,0.12501753825,0.320038657,3127.0,604.0
0.8252870394352417,0.2508702136666667,0.20047206766666667,0.372931944,3127.0,604.0
0.77252568971821,0.002504404,0.2206433655,0.3395518905,3127.0,604.0
0.6503855047596232,0.0,0.1473748914,0.22444366119999998,3127.0,604.0
0.6887802553743053,0.0,0.12115874733333333,0.20738660566666667,3127.0,604.0
0.8144874589288736,0.282119259,0.08792095175,0.17289476475,3127.0,604.0
0.8280409034968768,0.690621575,0.09465865724999999,0.21849646125,3127.0,604.0
0.8279974036754886,0.512012156,0.10604809475,0.38929345875,3127.0,604.0
0.7975153461965999,0.07761672224999999,0.09730799274999999,0.37596687575000004,3127.0,604.0
0.642393695591965,0.0,0.08193809933333333,0.27602712933333334,3127.0,604.0
0.6105682596756327,0.0,0.0743631105,0.22512547925,3127.0,604.0
0.634768329050603,0.04584589,0.07552071099999999,0.197360694,3127.0,604.0
0.6962917958690131,0.5032152985,0.0482294955,0.16014647475,3127.0,604.0
0.7079740697111474,0.7712666115,0.0748942145,0.21831955875,3127.0,604.0
0.7190332560023931,0.5190577686666666,0.09035119933333334,0.271606385,3127.0,604.0
0.7163971005558452,0.09627873925,0.1186631675,0.22104288075,3127.0,604.0
0.6426789650771646,0.0,0.092441353,0.141801221,3127.0,604.0
0.6105237414328115,0.0,0.0626215325,0.12472472975,3127.0,604.0
0.6594510403993403,0.17858437500000002,0.04207320575,0.12085536999999999,3127.0,604.0
0.708075971183515,0.6608923124999999,0.03396513825,0.16810719075,3127.0,604.0
0.7120752142842917,0.62964681375,0.05853133025,0.332254182,3127.0,604.0
0.7223355110450392,0.22745428233333334,0.08146785899999999,0.330947826,3127.0,604.0
0.6813614887310904,0.0012970108,0.07642974379999999,0.24454737420000003,3127.0,604.0
0.6506155105398257,0.0,0.039861727,0.14431460925,3127.0,604.0
0.7583982021776678,0.0434621395,0.0278854815,0.120851144,3127.0,604.0
0.8254500895635032,0.462035096,0.0220725295,0.08863294075,3127.0,604.0
0.8279151333026226,0.7189100355,0.05758463975,0.15761606875,3127.0,604.0
0.8283180099221821,0.512106124,0.0866927725,0.241818812,3127.0,604.0
0.8244531915877173,0.23757123000000002,0.08742786200000001,0.18299368333333332,3127.0,604.0
0.7058749932510646,0.0014246392,0.05750325599999999,0.0612787248,3127.0,604.0
0.650513152546315,0.0,0.03907134775,0.03288843925,3127.0,604.0
0.7588645257337314,0.046337542,0.026008423,0.026389348,3127.0,604.0
0.8245886388092436,0.40830734266666663,0.016953279666666668,0.025767627666666664,3127.0,604.0
0.8282952532244,0.7558447596666666,0.026719448999999996,0.06469402633333333,3127.0,604.0
0.8279144777590526,0.647868477,0.049751206750000006,0.2255015575,3127.0,604.0
0.8251301778716451,0.2603438393333333,0.06491350666666666,0.20646756866666668,3127.0,604.0
0.7227022783257389,0.00194875075,0.06952167675,0.15522918175,3127.0,604.0
0.6387162878363908,0.0,0.0456494135,0.105782198,3127.0,604.0
0.7336724164360842,0.027769929999999998,0.03529477266666666,0.08697018233333333,3127.0,604.0
0.8258916664411675,0.40053911225,0.02337357775,0.09951742599999999,3127.0,604.0
0.8304818092795268,0.594680036,0.06527563775,0.2520317405,3127.0,604.0
0.830771558319223,0.42032965450000004,0.08146741199999999,0.3247728765,3127.0,604.0
0.8256006375964388,0.15384288733333332,0.08676150133333334,0.3729234463333333,3127.0,604.0
0.7237291945362023,0.00150913175,0.0658277025,0.18904120000000002,3127.0,604.0
0.6389710005636027,0.0,0.07233266825,0.09298812699999999,3127.0,604.0
0.754004639650124,0.058025625,0.0822389775,0.10132679675,3127.0,604.0
0.8283757599144744,0.43790950433333337,0.093689638,0.10198229566666667,3127.0,604.0
0.8292557374462164,0.604439983,0.17866629,0.22687966675,3127.0,604.0
0.8305417912522288,0.43448617749999996,0.2688038265,0.2946609445,3127.0,604.0
0.8250293806671521,0.18744061766666664,0.2612862243333333,0.2908479373333333,3127.0,604.0
0.7061334073812089,0.0009808961999999998,0.19439169959999997,0.218032799,3127.0,604.0
0.6501329858028975,0.0,0.123918134,0.2846652545,3127.0,604.0
0.7903458613764298,0.103864911,0.123670632,0.35286581875,3127.0,604.0
0.828097326740671,0.43452472250000007,0.17229461899999998,0.32407080775,3127.0,604.0
0.8273542402127494,0.5008983816666667,0.19018847733333333,0.3249672116666667,3127.0,604.0
0.8285432350058262,0.347974203,0.17453496400000001,0.2568471075,3127.0,604.0
0.7976402150438257,0.0819075765,0.13577617775,0.205875125,3127.0,604.0
0.6425195126349316,0.0,0.08156897133333334,0.15222802266666666,3127.0,604.0
0.6104572040244091,0.0,0.06215315975,0.16237001299999998,3127.0,604.0
0.6591549115964633,0.141192768,0.07545839374999999,0.1100439635,3127.0,604.0
0.7080574989703666,0.57228194375,0.09977938875,0.11496255799999999,3127.0,604.0
0.7120069444345969,0.52203473675,0.1294025315,0.20906424699999998,3127.0,604.0
0.7224991153038243,0.23854083533333334,0.09703209333333333,0.17033758033333335,3127.0,604.0
0.6696970034330635,0.0017769634,0.0706758912,0.15625947899999998,3127.0,604.0
0.6105103262410544,0.0,0.04256004925,0.11667450975,3127.0,604.0
0.6331642443505371,0.037243359,0.033911949999999996,0.1235167835,3127.0,604.0
0.695871137746866,0.35385770775000003,0.036115250749999994,0.13352061775000001,3127.0,604.0
0.7081290231067873,0.55272626875,0.09654684475,0.28067890025,3127.0,604.0
0.7176768330343579,0.426105339,0.18561048800000002,0.34488399999999997,3127.0,604.0
0.7223696928727438,0.17618321133333334,0.19090927,0.279531948,3127.0,604.0
0.7102868992627028,0.00377275,0.1724525525,0.20398521,3127.0,604.0
0.6504168770615136,0.0,0.1542322592,0.17409478679999998,3127.0,604.0
0.6877115835872933,0.0,0.13592913033333334,0.16482876066666666,3127.0,604.0
0.8142987100145164,0.16823018150000002,0.11204722549999999,0.139619365,3127.0,604.0
0.8277325886413606,0.448807117,0.10283782150000001,0.21862604824999998,3127.0,604.0
0.8276561479078604,0.38585291975,0.1666166925,0.37917284975,3127.0,604.0
0.7975807831949384,0.0739711765,0.14985308675,0.27554381625,3127.0,604.0
0.650359929309768,0.0,0.0904664264,0.1798174154,3127.0,604.0
0.6879216531056876,0.0,0.055630649,0.16358988100000002,3127.0,604.0
0.8002708179095014,0.09929083550000001,0.042080732999999995,0.130690199,3127.0,604.0
0.8281627403755661,0.3552975606666667,0.04891446733333333,0.10556743800000001,3127.0,604.0
0.8275511521328562,0.5337520053333333,0.09929684133333333,0.24186638733333332,3127.0,604.0
0.827662352120347,0.43206021725,0.18537712699999997,0.34922008475,3127.0,604.0
0.797530072475497,0.06923157175,0.16344756425,0.28077036675,3127.0,604.0
0.6503690132114945,0.0,0.11268749200000001,0.216248706,3127.0,604.0
0.6881749884184867,0.0,0.08645255466666667,0.231229742,3127.0,604.0
0.8144435142816001,0.19792982625,0.06924101025000001,0.19615818399999999,3127.0,604.0
0.827579196765692,0.4882921648,0.1229077038,0.2649445924,3127.0,604.0
0.827873178676575,0.38629752549999996,0.234912061,0.4040009055,3127.0,604.0
0.8243922575614636,0.1722987606666667,0.2271610083333333,0.39515953733333326,3127.0,604.0
0.7226490975921954,0.00200575625,0.15909524025,0.30943681275,3127.0,604.0
0.6386443891268492,0.0,0.11938590125000001,0.2935502305,3127.0,604.0
0.7080983063647102,0.0,0.077623823,0.25123600700000004,3127.0,604.0
0.8143146069156332,0.282020836,0.04820444325,0.16008744775,3127.0,604.0
0.8285303114615946,0.548232138,0.07596902325,0.10595064550000001,3127.0,604.0
0.8285367731727976,0.41941771375000003,0.11298565675,0.259413042,3127.0,604.0
0.7979609031573245,0.0913184555,0.12963890325,0.255296082,3127.0,604.0
0.6537938528496512,0.0,0.09128262875000001,0.20566097375,2357.0,455.0
0.671489015276942,0.0,0.07065929825,0.22769045275,1587.0,306.0
0.8052544802271093,0.21667090499999997,0.056242923,0.1852145993333333,1587.0,306.0
0.8293554030938997,0.6410736406666666,0.12850220166666668,0.2400323515,1587.0,306.0
0.8301711298702723,0.521597281,0.21226271349999998,0.400399076,1587.0,306.0
0.8242223164221102,0.23022237466666665,0.23619857033333333,0.387027965,1587.0,306.0
0.6935607547701663,0.0027615296,0.1925527828,0.2712683574,1587.0,306.0
0.6108828138294092,0.0,0.12284003825,0.249819972,1587.0,306.0
0.6321124996354774,0.030352143,0.107456996,0.22097910399999998,1587.0,306.0
0.698417831401055,0.35700686525,0.0859260965,0.18372315150000001,1587.0,306.0
0.7131202749564227,0.62342616825,0.100305013,0.18065343475,1587.0,306.0
0.7234480416734916,0.419802904,0.13125783166666666,0.26423476100000004,1587.0,306.0
0.7189844611394577,0.07933210375,0.13662128525,0.19119618075,1587.0,306.0
0.6248081339397388,0.0,0.12102215742857143,0.1647699477142857,1587.0,306.0
0.6319444938447265,0.040947273,0.10089659200000001,0.1882681995,1587.0,306.0
0.6979764184194355,0.36327894699999996,0.08810278875000001,0.15387704475000002,1587.0,306.0
0.7120898937415486,0.5865091966666666,0.15934333999999997,0.18391232799999999,1587.0,306.0
0.7197653974474129,0.46713986075,0.274522233,0.29580876275,1587.0,306.0
0.7193712301808242,0.09681605125,0.254908105,0.30125827075,1587.0,306.0
0.6538536826215666,0.0,0.18473582775,0.25858504675,1587.0,306.0
0.6713092566453962,0.0,0.15462708325000002,0.23807576924999999,1587.0,306.0
0.8104202971203983,0.25020632200000004,0.14174008325,0.2013341165,1587.0,306.0
0.8270868108147161,0.5147315454999999,0.235740057,0.20068865525000001,1587.0,306.0
0.8263516687103399,0.42892870275000006,0.32992183575,0.34037112875000003,1587.0,306.0
0.7942725034024551,0.07572986475,0.28502361,0.3243138975,1587.0,306.0
0.6491787838431708,0.0,0.198115438,0.28900021600000003,1587.0,306.0
0.748728871454703,0.040626757,0.13280520125,0.28360211625,1587.0,306.0
0.8266067677059306,0.3678345265,0.12691763749999999,0.218236709,1587.0,306.0
0.82650515889927,0.4549376085,0.22680915000000001,0.28104961,1587.0,306.0
0.8224584124629204,0.20917254425,0.25587447225,0.37985723675,1587.0,306.0
0.7200523486403094,0.002837958,0.18220253875,0.31574692675,1587.0,306.0
0.6378576700011683,0.0,0.16564857475,0.285244407,1587.0,306.0
0.7019425919196551,0.0,0.13464746,0.30945191299999997,1587.0,306.0
0.81054936838241,0.18311753025,0.11949752875,0.26291870500000003,1587.0,306.0
0.8260867553873155,0.4587262202,0.1392342538,0.34007181919999996,1587.0,306.0
0.8261504177548015,0.33977101033333335,0.221366514,0.42881220933333336,1587.0,306.0
0.8204231458984219,0.153661403,0.19299405349999998,0.338812103,1587.0,306.0
0.7205360323448081,0.00430052875,0.14113065,0.24849700375,1587.0,306.0
0.635021079031988,0.0,0.10794817733333333,0.16724567833333334,1587.0,306.0
0.6837383981843749,0.0,0.09140048733333332,0.109921351,1587.0,306.0
0.810569280411752,0.2757241445,0.06326633375,0.121737694,1587.0,306.0
0.8272415745847441,0.5634672763999999,0.140391768,0.25843156240000004,1587.0,306.0
0.8266145405448821,0.379521734,0.19172606949999998,0.3376119745,1587.0,306.0
0.8225051119931642,0.16859138766666668,0.15777734300000001,0.2761287906666667,1587.0,306.0
0.720749434253676,0.001429993,0.09410747775000002,0.191454236,1587.0,306.0
0.6379534609043294,0.0,0.07186605674999999,0.16180118124999998,1587.0,306.0
0.7485992968092996,0.0394804245,0.098437416,0.153854657,1587.0,306.0
0.8262549609070818,0.300242871,0.132575419,0.14837258266666667,1587.0,306.0
0.8270615724887914,0.46302585625000003,0.2547549575,0.140380396,1587.0,306.0
0.8266145405448821,0.407749776,0.26495398400000003,0.196845116,1587.0,306.0
0.8217827685211679,0.19919256333333335,0.20373135500000003,0.21600745333333335,1587.0,306.0
0.6935424370724914,0.0032092914,0.11276352920000002,0.26296665620000004,1587.0,306.0
0.6110007526272053,0.0,0.0649417335,0.2593577275,1587.0,306.0
0.6326748130765205,0.0394311715,0.049901167999999996,0.221834684,1587.0,306.0
0.6935856340706245,0.2832023476666667,0.06881832733333333,0.16270947966666668,1587.0,306.0
0.7125257931400254,0.54792698575,0.183534905,0.245388803,1587.0,306.0
0.7178810183490524,0.469934593,0.242707943,0.3063464746666667,1587.0,306.0
0.7261531147841466,0.2368986725,0.192961202,0.2391259455,1587.0,306.0
0.7055766051923791,0.0302716835,0.14123963875,0.17999379775000002,1587.0,306.0
0.6173481074766977,0.0,0.12206370899999999,0.22805250500000002,1587.0,306.0
0.6241964241498843,0.0176055795,0.09261211525,0.24099438750000002,1587.0,306.0
0.6931783247858894,0.230970157,0.08335255600000001,0.173276118,1587.0,306.0
0.7125999668208783,0.40742745499999994,0.11301505899999999,0.2161572823333333,1587.0,306.0
0.716499926765757,0.39319999424999996,0.2085606075,0.3294130025,1587.0,306.0
0.7206983137778795,0.11111306000000001,0.21995429719999998,0.281844947,1587.0,306.0
0.6496734829645529,0.0,0.17738341216666664,0.1998753515,1587.0,306.0
0.7017035067371515,0.0,0.128857453,0.201214231,1587.0,306.0
0.8051636566410871,0.17321162,0.11257432433333332,0.23769600633333332,1587.0,306.0
0.8283252832355527,0.464409144,0.128144174,0.19955531,1587.0,306.0
0.8315063413494023,0.5060289880000001,0.18869252566666664,0.3523920036666666,1587.0,306.0
0.8326064635528814,0.408691941,0.2578964635,0.5302842855,1587.0,306.0
0.8249773120253944,0.200391998,0.2601357543333333,0.589374143,1587.0,306.0
0.7704512779478959,0.01087339,0.221280947,0.5584031515,1587.0,306.0
0.6501924012053282,0.0,0.17678887740000002,0.6057180451999999,1587.0,306.0
0.6831479120311789,0.000359315,0.19612178300000002,0.6419856903333333,1587.0,306.0
0.8111838498487941,0.2732778625,0.21235069024999997,0.53468947275,1587.0,306.0
0.832321865218465,0.56707137375,0.24342326325000002,0.5324986454999999,1587.0,306.0
0.8357996023537597,0.43012545399999996,0.3619218815,0.63926532575,1587.0,306.0
0.8236282716889041,0.196918589,0.38859472500000003,0.566978014,1587.0,306.0
0.7225549221371393,0.0074164175,0.34463701425000004,0.51342829525,1587.0,306.0
0.6380705919983771,0.0,0.28534786025000003,0.48528692625000003,1587.0,306.0
0.7486653893918167,0.087684337,0.23417006275000002,0.38600617150000005,1587.0,306.0
0.8325835430402718,0.59232696875,0.209255287,0.271718427,1587.0,306.0
0.841153933877235,0.7423326033333333,0.252488412,0.434082789,1587.0,306.0
0.8379619501725801,0.5614148393333334,0.3093007193333333,0.45912283133333337,1587.0,306.0
0.7985305680831666,0.13921994825,0.32300030199999996,0.405780171,1587.0,306.0
0.6619493645243826,0.0,0.27631621133333334,0.3245276636666667,1587.0,306.0
0.648182002982398,0.0,0.21227771,0.3245546395000001,1587.0,306.0
0.7510188507464134,0.0568225655,0.169601142,0.249256674,1587.0,306.0
0.8253065495619194,0.48494945750000007,0.11582704324999998,0.17350400225,1587.0,306.0
0.8402221842678617,0.8673102025,0.12738931975,0.20803545275000002,1587.0,306.0
0.8396116885977687,0.60647477725,0.1917067745,0.354951953,1587.0,306.0
0.7914867831638778,0.08328700833333334,0.22283902133333333,0.322349795,1587.0,306.0
0.6512342941816649,0.0,0.13961796099999998,0.18338185483333333,1587.0,306.0
0.7488225200546343,0.09630014975000001,0.0951737505,0.208975049,1587.0,306.0
0.8335649576993269,0.57935495,0.056431973,0.18484081,1587.0,306.0
0.8448329298055153,0.8296687180000001,0.095917241,0.28711477825,1587.0,306.0
0.8429145601456471,0.606207758,0.187676818,0.3429809996666667,1587.0,306.0
0.8334625997193525,0.2632513945,0.245033942,0.304204854,1587.0,306.0
0.7247436555000524,0.00940065725,0.24552892924999997,0.24928632525,1587.0,306.0
0.6170448379067064,0.0,0.17084707,0.2420875485,1587.0,306.0
0.6387349122503257,0.093588205,0.1205972615,0.199825653,1587.0,306.0
0.7155040589743429,0.5872042356666666,0.06762730766666668,0.14237294733333333,1587.0,306.0
0.7319813586620524,0.8433340194000001,0.10266266800000001,0.2461358046,1587.0,306.0
0.7429398266132861,0.5718847685,0.17290307,0.313097799,1587.0,306.0
0.7326066633739426,0.188444331,0.245930995,0.24125606766666666,1587.0,306.0
0.6577302108736053,0.0,0.237664485,0.19781031383333333,1587.0,306.0
0.6258678188357187,0.033297321000000005,0.17686728725,0.211838676,1587.0,306.0
0.7064341343534042,0.51456091975,0.09851809025,0.1817722945,1587.0,306.0
0.7367360235012439,0.88581209325,0.10769009874999999,0.26673818850000003,1587.0,306.0
0.7472111425491014,0.6135290307499999,0.16255550975,0.31359677199999997,1587.0,306.0
0.7282155395242483,0.0651315855,0.26051215275,0.26347320575,1587.0,306.0
0.6613579965433268,0.0,0.26877822325,0.245002683,1587.0,306.0
0.6868910495455518,0.0003982123333333333,0.257612082,0.24315795233333334,1587.0,306.0
0.799375536577823,0.196693147,0.2206527845,0.225831104,1587.0,306.0
0.8639548883154282,0.66227292325,0.16632900750000001,0.18476555449999998,1587.0,306.0
0.907714446694715,0.8951774206666666,0.172797615,0.31452078833333336,1587.0,306.0
0.8978364628113532,0.58376225975,0.225120539,0.457733676,1587.0,306.0
0.8172458649738586,0.077719862,0.302053961,0.34117282499999996,1587.0,306.0
0.6878485018123679,0.0,0.25838270275,0.32166035125000003,1587.0,306.0
0.6776150431778282,0.0002820095,0.2298512725,0.42260612925,1587.0,306.0
0.8215535907652243,0.36056873199999995,0.1409912875,0.47810399800000003,1587.0,306.0
0.8683253782107929,0.85939585125,0.0898716765,0.4776381715,1587.0,306.0
0.883704175829353,0.7221799509999999,0.09882510375,0.6008203785000001,1587.0,306.0
0.8213836652060119,0.14847619425,0.14643210774999998,0.50001434675,1587.0,306.0
0.6835027820265269,0.0,0.111583657,0.39167992125,1587.0,306.0
0.6810550983952341,0.0002950595,0.0931350805,0.33982696125,1587.0,306.0
0.8251200248175973,0.36256512975,0.0545392225,0.20159872725,1587.0,306.0
0.8914677209493339,0.8396449252500001,0.0581862855,0.208266014,1587.0,306.0
0.8965581818442925,0.6393948392500001,0.09486022275,0.23637045025,1587.0,306.0
0.8603298418943913,0.2255376665,0.151792171,0.1545304795,1587.0,306.0
0.7616074719878635,0.0078126925,0.16484619949999998,0.14067560075000002,1587.0,306.0
0.6626057948765112,0.0,0.13008340200000001,0.149040541,1587.0,306.0
0.7564734293234945,0.086398591,0.08701087375,0.18665059725,1587.0,306.0
0.8444253473877781,0.477508571,0.052284123,0.184448455,1587.0,306.0
0.8752694974417898,0.7900868965000001,0.06565318349999999,0.22420388624999998,1587.0,306.0
0.8994360991713493,0.6327454975,0.10535331875,0.33800262875,1587.0,306.0
0.873419210426273,0.2317301485,0.19076853900000001,0.361643353,1587.0,306.0
0.7687733980791257,0.00738874625,0.2161953015,0.2744351145,1587.0,306.0
0.6658557081443975,0.0,0.1768746575,0.25680151325,1587.0,306.0
0.7597796722731118,0.087195569,0.1317524495,0.21810226,1587.0,306.0
0.8494812986629428,0.47460456549999996,0.088893533,0.292994225,1587.0,306.0
0.8967386896626883,0.78153674925,0.10707035625,0.38400813775,1587.0,306.0
0.8996931882287743,0.647778359,0.12867034,0.5159518224999999,1587.0,306.0
0.8358169039040797,0.126915938,0.21167269425000002,0.4634242245,1587.0,306.0
0.7041732563962743,0.0,0.19599801833333333,0.30448175566666663,1587.0,306.0
0.6431454720484417,0.0,0.1392002165,0.26658485175,1587.0,306.0
0.6401163940816362,0.06537633649999999,0.096415909,0.29939909899999995,1587.0,306.0
0.7084824220309062,0.44734521533333327,0.056631644333333335,0.33355676733333334,1587.0,306.0
0.7417461525204538,0.8628702336,0.07637601299999999,0.4308323046,1587.0,306.0
0.748291379998637,0.7267229645,0.09470922200000001,0.5309707244999999,1587.0,306.0
0.7482608973106158,0.3513910333333334,0.126580491,0.47539911166666665,1587.0,306.0
0.6897959220867572,0.007453432,0.15157747600000002,0.387988019,1587.0,306.0
0.6281208303512253,0.0,0.09145696175000001,0.32652951899999993,1587.0,306.0
0.6567936539717907,0.20122856299999997,0.044630289000000004,0.302691706,1587.0,306.0
0.7270014547211505,0.66604032525,0.02645037475,0.33860445925000004,1587.0,306.0
0.7435803250055966,0.8797045205,0.056941759999999994,0.49492038725,1587.0,306.0
0.7508994017984418,0.6157387215,0.099271442,0.482410426,1587.0,306.0
0.7375073701281772,0.12433663220000002,0.16807023719999997,0.38777934760000005,1587.0,306.0
0.671941225187994,0.0,0.13533172733333335,0.3446644065,1587.0,306.0
0.7559225761387564,0.06405256299999999,0.0824577495,0.315064762,1587.0,306.0
0.8374344896017356,0.41776966800000004,0.037520129666666666,0.31794495966666664,1587.0,306.0
0.862630672679868,0.82155093875,0.041626159999999995,0.379094728,1587.0,306.0
0.8849569141095242,0.69538165825,0.100065924,0.46510134525,1587.0,306.0
0.84797430425792,0.256304996,0.18051231550000002,0.39097511399999996,1587.0,306.0
0.7538356506049309,0.0099691865,0.1694814505,0.20465617600000002,1587.0,306.0
0.6605320503856336,0.0,0.09802528649999999,0.07862651274999999,1587.0,306.0
0.7336616312425184,0.040702603,0.06057133133333334,0.08373613733333334,1587.0,306.0
0.8421421693352265,0.48776898025000004,0.03156531225,0.1023052235,1587.0,306.0
0.8767050925680989,0.8526681213333333,0.052062780333333336,0.1955566843333333,1587.0,306.0
0.8913090099377211,0.7207468036666667,0.11735320166666667,0.35039298966666665,1587.0,306.0
0.8565449683091025,0.3146176866666667,0.21817302566666666,0.3666564136666666,1587.0,306.0
0.7561405785072637,0.00929659475,0.19420883800000002,0.28144006250000003,1587.0,306.0
0.658472774634328,0.0,0.1072800055,0.19462912,1587.0,306.0
0.7321170836892691,0.03735254666666667,0.06685377566666667,0.18573282833333335,1587.0,306.0
0.8411356334111149,0.44651812724999995,0.03866804925,0.18449894225000002,1587.0,306.0
0.8776715390296819,0.77432264525,0.07680191775,0.254834971,1587.0,306.0
0.8721071924573929,0.6231192795,0.1562784775,0.37785077749999996,1587.0,306.0
0.851875083615341,0.2997357883333333,0.18247293433333334,0.3120544246666667,1587.0,306.0
0.7693564001200496,0.013141520333333332,0.18375797233333335,0.22223886199999998,1587.0,306.0
0.6664121100386609,0.0,0.1227482555,0.194241248,1587.0,306.0
0.7156841882941264,0.01821424425,0.08596861025,0.1204007345,1587.0,306.0
0.8377537691270035,0.3541762945,0.04854139475,0.0741256195,1587.0,306.0
0.8550470734373848,0.6557492152500001,0.07615932975,0.21673328399999997,1587.0,306.0
0.8544416815967869,0.4591811456666666,0.14287434133333332,0.35580091566666666,1587.0,306.0
0.8127974984272193,0.09637607325,0.18421223700000003,0.26827094375000005,1587.0,306.0
0.6767281645072258,0.0,0.11060533219999999,0.1596214658,1587.0,306.0
0.6896876954155431,0.0,0.07383799466666667,0.06771598766666667,1587.0,306.0
0.819813633482771,0.30152839975,0.045450252749999996,0.06362749000000001,1587.0,306.0
0.852415826723397,0.7352380145,0.07568176,0.12103421724999999,1587.0,306.0
0.8544003825278454,0.59732776975,0.14036518425,0.22075743000000003,1587.0,306.0
0.8126192147382497,0.1174442795,0.1921480385,0.208449225,1587.0,306.0
0.6761978070210013,0.0,0.15812088166666668,0.106241389,1587.0,306.0
0.6291259029874102,0.0,0.128171452,0.118889998,1587.0,306.0
0.6369473932372272,0.0511740355,0.108707092,0.097083211,1587.0,306.0
0.6992392356566154,0.3368129853333333,0.09384060433333334,0.13814924,1587.0,306.0
0.720755327088043,0.5942104828000001,0.19705415899999998,0.2391813944,1587.0,306.0
0.7340602780229951,0.4492730536666667,0.28633180666666663,0.19643143866666668,1587.0,306.0
0.7347237944831511,0.2113854415,0.221029487,0.154698372,1587.0,306.0
0.703871110667471,0.0088466,0.12324648925,0.16792348224999998,1587.0,306.0
0.625520593004413,0.0,0.07508907249999999,0.131135864,616.0,119.0
0.6310914558657751,0.034412048,0.05948959933333333,0.09854151700000001,616.0,119.0
0.71416685739277,0.41906480349999997,0.07629428649999999,0.10832875049999999,616.0,119.0
0.7460012368108822,0.7194789935,0.21951288525,0.27240145875,616.0,119.0
0.7563780364245787,0.590477785,0.295043218,0.290269648,616.0,119.0
0.7484050070364004,0.290169265,0.2733957123333333,0.23829065833333338,616.0,119.0
0.7121766474996496,0.008162557,0.18726807875,0.18099397225,616.0,119.0
0.6511588133391635,0.0,0.1370687975,0.18302807424999998,616.0,119.0
0.7282782217343696,0.03593617566666667,0.109031828,0.14117310333333333,616.0,119.0
0.8260308752176945,0.281954168,0.0850750355,0.097220472,616.0,119.0
0.8563807710032818,0.59646562725,0.11912449625,0.08373381199999999,616.0,119.0
0.8679641049940673,0.6291880430000001,0.198132717,0.24808812825000004,616.0,119.0
0.8556879892989647,0.29711572033333333,0.17685334533333333,0.254769854,616.0,119.0
0.7415107946653712,0.00859715025,0.13287934275,0.15125009675,616.0,119.0
0.6475948492602841,0.0,0.08290446575,0.160529188,616.0,119.0
0.7018453377285672,0.0,0.04584309,0.172466169,616.0,119.0
0.8238659988408018,0.33034464674999997,0.028288937,0.09563395725,616.0,119.0
0.8769173394213517,0.7639074575,0.08246264275000001,0.11534407699999999,616.0,119.0
0.8979387271209752,0.68520822925,0.15039569775,0.290402288,616.0,119.0
0.8618130494443326,0.28397077800000003,0.18269713850000002,0.2362255335,616.0,119.0
0.7693338620044717,0.014490774,0.18913786533333332,0.20923425066666668,616.0,119.0
0.6600269094564521,0.0,0.146266792,0.18947063625,616.0,119.0
0.6844797991332526,0.0,0.118808229,0.15783758266666667,616.0,119.0
0.7994515090543136,0.170892273,0.0929235055,0.1342340595,616.0,119.0
0.8610717578407016,0.5413353146666666,0.15506271066666666,0.138980881,616.0,119.0
0.8740861060308617,0.77371681575,0.35628008125,0.3371003135,616.0,119.0
0.8721312368111906,0.5028006187499999,0.4388146895,0.45419066425,616.0,119.0
0.8066515155466977,0.07076508433333334,0.3435739643333333,0.4056986116666667,616.0,119.0
0.6659370888654929,0.0,0.22258885650000002,0.4390972471666667,616.0,119.0
0.7502182482125743,0.0821208255,0.137550227,0.44908621624999995,616.0,119.0
0.8605923859368442,0.59006350075,0.093743244,0.29122212525,616.0,119.0
0.880399345366386,0.7553080653333333,0.129132272,0.3209976863333333,616.0,119.0
0.8783544953637511,0.5633660686666667,0.16708094633333334,0.3898219823333333,616.0,119.0
0.8226879805074878,0.13877039325,0.20382353,0.25657757649999996,616.0,119.0
0.6754079710495328,0.0,0.15670230140000002,0.186642024,616.0,119.0
0.6903098971589355,0.0,0.11756803333333332,0.19368274100000002,616.0,119.0
0.8240723186212788,0.32467938175,0.0704466195,0.12183843999999999,616.0,119.0
0.890312175979936,0.8057956192000001,0.0615033932,0.1949392686,616.0,119.0
0.9021665745175098,0.5974902293333334,0.1121736,0.42153060166666667,616.0,119.0
0.8367020477212427,0.12771338975000002,0.18547278375,0.2858883225,616.0,119.0
0.6534519114649328,0.0,0.143943162,0.2509854067142857,616.0,119.0
0.6506419584721632,0.10383844933333335,0.08127070433333333,0.20956291533333335,616.0,119.0
0.7346216237355923,0.4746117955,0.043233353,0.21116748400000002,616.0,119.0
0.7673938009711114,0.820062898,0.056887464750000005,0.290002026,616.0,119.0
0.7757586525777729,0.6548118084999999,0.10913450999999999,0.44208886225,616.0,119.0
0.776354726329934,0.242034675,0.173451457,0.37677236950000004,616.0,119.0
0.7285819867961609,0.00909112975,0.21199275075,0.28195558924999997,616.0,119.0
0.6365017051353019,0.0,0.13284519420000002,0.2292947724,616.0,119.0
0.6729678331661456,0.18302257775000003,0.06663229575,0.189017245,616.0,119.0
0.7677676698993707,0.7453136497499999,0.04037049675,0.16466727875,616.0,119.0
0.7791753541925504,0.8422472910000001,0.072796217,0.266293919,616.0,119.0
0.7833979883195896,0.599716876,0.11675649266666666,0.25072435866666665,616.0,119.0
0.7776338501677337,0.24410132699999998,0.15014219299999998,0.2098263945,616.0,119.0
0.7504359657257494,0.013270958333333333,0.1855450883333333,0.19730062533333334,616.0,119.0
0.6812559981952397,0.0,0.137751722,0.136054121,616.0,119.0
0.7182864039262983,0.0256834265,0.09811514700000001,0.10971806249999999,616.0,119.0
0.8731757940593213,0.49356001549999995,0.05112858925,0.06707652675,616.0,119.0
0.9472419904161358,0.851477963,0.088499136,0.21456004774999998,616.0,119.0
0.9361808959704693,0.6253142796666666,0.15939171033333333,0.3663026896666666,616.0,119.0
0.8539213930074836,0.14553356774999998,0.24205781025,0.28658041875,616.0,119.0
0.6994685531221606,0.0,0.17337973099999998,0.140182897,616.0,119.0
0.6971932618804729,0.0,0.10485381833333333,0.09378474466666668,616.0,119.0
0.8357249643143165,0.346094626,0.05832578425,0.09508717524999999,616.0,119.0
0.9144456635694976,0.845470207,0.0720361155,0.1614523315,616.0,119.0
0.9267563199634592,0.7054913405000001,0.17214095875,0.33962511925,616.0,119.0
0.8917596941184567,0.2811368045,0.240751294,0.301440698,616.0,119.0
0.7749588343571664,0.00950240475,0.22538275475,0.181576697,616.0,119.0
0.6907509122039909,0.0,0.13693121499999997,0.13224431416666665,616.0,119.0
0.8327227752073144,0.29433598650000004,0.080255638,0.131396864,616.0,119.0
0.8941801095737484,0.7457299594,0.1383877288,0.22683424079999998,616.0,119.0
0.9059568796025576,0.5487770706666667,0.25391428666666666,0.34718287166666667,616.0,119.0
0.8608467825266162,0.22520812549999997,0.24584785450000002,0.3213048525,616.0,119.0
0.7801756311638711,0.00988401,0.187271755,0.28720635766666663,616.0,119.0
0.6721133710052859,0.0,0.1313351155,0.28205831875,616.0,119.0
0.7156408757592987,0.02060703225,0.0862649685,0.2044881615,616.0,119.0
0.8420528987007749,0.27034375,0.044132173,0.1738574235,616.0,119.0
0.8865237313180376,0.6949745806,0.0462663648,0.1813335592,616.0,119.0
0.9012216750254707,0.6627482889999999,0.086777614,0.37082416125000006,616.0,119.0
0.8349181809991152,0.14374914675,0.20530969075,0.41364240525,616.0,119.0
0.6995787744412665,0.0,0.18255570966666668,0.3590681896666667,616.0,119.0
0.6678032610868686,0.0,0.13229767450000002,0.359454292,616.0,119.0
0.7556908190911448,0.0429748915,0.105450303,0.326000019,616.0,119.0
0.8595653877377499,0.46610637125,0.06783984375,0.33093889525,616.0,119.0
0.9119542810943897,0.8379496345,0.09596060374999998,0.4146043235,616.0,119.0
0.9140074189875537,0.6105853376666667,0.16250505533333334,0.46287036066666665,616.0,119.0
0.8450221235457579,0.13506981925,0.19635984075,0.3119800875,616.0,119.0
0.6915876396568308,0.0,0.12081945733333332,0.18889126066666664,616.0,119.0
0.6330671190509373,0.0,0.061516353,0.12678643875,616.0,119.0
0.6389136406839636,0.0455993485,0.0388282835,0.0834223345,616.0,119.0
0.7280821486512208,0.47373671824999997,0.02508129375,0.08254293225,616.0,119.0
0.7675039786252139,0.8546332510000001,0.1212262815,0.223906455,616.0,119.0
0.7755196143387351,0.5873144725,0.22437957749999998,0.29298416149999995,616.0,119.0
0.7429378717184425,0.0577167685,0.21017838174999998,0.188360531,616.0,119.0
0.6449886301139276,0.0,0.13764199,0.16914989825,616.0,119.0
0.6321585629924222,0.0222485865,0.08834122800000001,0.14910626225,616.0,119.0
0.6998137468455554,0.3055837095,0.046574448000000004,0.1599701685,616.0,119.0
0.7512086414321109,0.690916775,0.08584629875,0.1418425845,616.0,119.0
0.7594341048266681,0.7652329266666666,0.266384091,0.3709593213333333,616.0,119.0
0.7613136960840754,0.382412191,0.34310940875,0.49815091175000004,616.0,119.0
0.7350188970000756,0.007894182,0.30284523133333335,0.4975734413333333,616.0,119.0
0.670386758729506,0.0,0.28228029016666667,0.4807111003333333,616.0,119.0
0.7908117869688568,0.15482965275,0.231661064,0.48276302849999997,616.0,119.0
0.8619181467271364,0.6804776725,0.200913579,0.39647181,616.0,119.0
0.9038109827341604,0.7544542316666667,0.21846690966666668,0.41708121233333334,616.0,119.0
0.8863124084280597,0.403037939,0.20732964375000001,0.44574317525,616.0,119.0
0.7765201645513473,0.009727732000000001,0.21247232833333332,0.2670628083333333,616.0,119.0
0.6664125431692883,0.0,0.161407563,0.22830064500000002,616.0,119.0
0.7137518415828199,0.021639673,0.126994014,0.2083849195,616.0,119.0
0.837009917710265,0.33749292799999997,0.068419539,0.143116935,616.0,119.0
0.898978227388323,0.7732373905,0.054200401999999995,0.146793929,616.0,119.0
0.9334913685918622,0.887333882,0.07555655350000001,0.3076803685,616.0,119.0
0.9301579128752353,0.6617663773333333,0.129305259,0.421429894,616.0,119.0
0.8499555589946111,0.14966767975,0.23538791174999998,0.37169930975,616.0,119.0
0.6848470454782465,0.0,0.2369256032,0.3294540666,616.0,119.0
0.6932377916528694,0.0,0.17244996933333334,0.4260245546666666,616.0,119.0
0.8041874161049001,0.15272737349999999,0.1234349115,0.408519918,616.0,119.0
0.867865375914548,0.5629935473333333,0.109376875,0.324806422,616.0,119.0
0.9090721963977122,0.868118734,0.18422359275,0.42056631400000005,616.0,119.0
0.903259165760004,0.5803804105,0.22222163075,0.525817191,616.0,119.0
0.8177398616758859,0.07514353466666666,0.188088828,0.4223820296666667,616.0,119.0
0.6706370581753495,0.0,0.09890132733333334,0.26260231250000005,616.0,119.0
0.7289877664792327,0.025911050666666668,0.06151606466666667,0.2511972816666667,616.0,119.0
0.8586508850060731,0.47019281425,0.04800362125,0.26056649075,616.0,119.0
0.9131521880259217,0.8615127165,0.13246396825,0.21107893500000002,616.0,119.0
0.9165948069142459,0.6581747446666667,0.25447576433333335,0.3723971873333333,616.0,119.0
0.8773334439867164,0.280821335,0.292361245,0.32988167599999996,616.0,119.0
0.7580478625245566,0.006345709,0.25089036675,0.2819448205,616.0,119.0
0.6577819869173369,0.0,0.16093529875,0.29113191625,616.0,119.0
0.7039116254367161,0.0,0.12505869749999998,0.29829521800000003,616.0,119.0
0.8232578755889665,0.193057508,0.10257505833333334,0.260429113,616.0,119.0
0.9069924466626299,0.6893883449999999,0.16728906783333333,0.2881207643333334,616.0,119.0
0.9009415561914063,0.5797069633333333,0.368100294,0.42590371899999996,616.0,119.0
0.8257871662662526,0.1339165685,0.35605240824999995,0.3712395905,616.0,119.0
0.6744766849513848,0.0,0.23974213666666663,0.36705556733333333,616.0,119.0
0.6290037148313626,0.0,0.1778820215,0.38259013275,616.0,119.0
0.664967228133095,0.1740249815,0.1074350445,0.31457976224999995,616.0,119.0
0.7426715114077567,0.68677739925,0.07955922700000001,0.2578630245,616.0,119.0
0.7612538311451693,0.6700815747500001,0.16823527475,0.4127257475,616.0,119.0
0.7571047345392198,0.263390582,0.21824906333333335,0.43248570333333336,616.0,119.0
0.7142391658830316,0.00433457925,0.19101325125,0.291895462,616.0,119.0
0.6313336563725997,0.0,0.1325609656,0.2232805844,616.0,119.0
0.6479856607864919,0.071732317,0.097983962,0.21010546666666666,616.0,119.0
0.7204425592955708,0.40943878499999997,0.0664670285,0.1359207335,616.0,119.0
0.7469839859611295,0.752503706,0.05394276225,0.15290304475,616.0,119.0
0.7680941643023281,0.6649828372500001,0.10380875575000001,0.30220596025,616.0,119.0
0.746723710546935,0.1180731094,0.1823198082,0.244633198,616.0,119.0
0.6671411181833148,0.0,0.1418964955,0.153518061,616.0,119.0
0.6899018230801368,0.0,0.085118035,0.17775485966666668,616.0,119.0
0.8274371153820537,0.32777756850000006,0.042138389,0.22102196799999999,616.0,119.0
0.9146735856527073,0.8862657314,0.068343868,0.3489656932,616.0,119.0
0.9289740375459394,0.705157355,0.173557481,0.41075385766666667,616.0,119.0
0.8482695317137685,0.15312309400000002,0.22431011875,0.21824353824999998,616.0,119.0
0.6875995484961225,0.0,0.1573037324,0.1288038378,616.0,119.0
0.690062695900612,0.0,0.09648851866666668,0.132525562,616.0,119.0
0.8348659016532087,0.3152197755,0.05005784175,0.11289178224999999,616.0,119.0
0.9079716839597542,0.8303089465,0.06203001675,0.158706034,616.0,119.0
0.917603543563732,0.72464587325,0.145976534,0.35416310125,616.0,119.0
0.8761230816867454,0.28507910049999996,0.19764171,0.2825048075,616.0,119.0
0.740740890234292,0.003633537,0.1797009552,0.2038032142,616.0,119.0
0.6648484230740441,0.0,0.09115859925,0.17450428825,616.0,119.0
0.7532019886187695,0.0284598395,0.068317775,0.17191424300000002,616.0,119.0
0.8621960491609322,0.46298697375,0.03639378025,0.21377012425000003,616.0,119.0
0.9242095911828879,0.852468854,0.054121047,0.3307031345,616.0,119.0
0.9300099479917784,0.6669606266666666,0.11906651000000001,0.382875866,616.0,119.0
0.8517337365829017,0.14690029225,0.21933165625,0.23350035025,616.0,119.0
0.6879639823481719,0.0,0.1387990854,0.11692308200000001,616.0,119.0
0.6960294274043265,0.0,0.07171564866666667,0.10337739366666666,616.0,119.0
0.837841307279554,0.302734191,0.0429914115,0.10420619675,616.0,119.0
0.9321424764900585,0.82951527175,0.05414535075,0.13956355374999999,616.0,119.0
0.9354895503057524,0.7201305830000001,0.14901873725,0.266628714,616.0,119.0
0.8953985069544641,0.2760633415,0.21323380549999998,0.2235138705,616.0,119.0
0.7853093577449447,0.00553723,0.21885684066666666,0.13283757966666665,616.0,119.0
0.6737593283427686,0.0,0.09895340483333333,0.10920148433333333,616.0,119.0
0.7542347226921239,0.0265665695,0.054080013499999996,0.1196491965,616.0,119.0
0.8577868121587503,0.39276677499999996,0.04133414766666667,0.10153473533333335,616.0,119.0
0.9278698260765875,0.8384872879999999,0.10137233200000001,0.14241439475,616.0,119.0
0.9292529701370346,0.7302197595,0.258519915,0.3871001745,616.0,119.0
0.8844578603184248,0.2852470225,0.312167832,0.3705661485,616.0,119.0
0.7583495985132482,0.003242878,0.278136382,0.3350585075,616.0,119.0
0.6327077227471333,0.0,0.17113906666666667,0.3113990786666667,616.0,119.0
0.6307133766852828,0.01008422625,0.100797415,0.24914532250000002,616.0,119.0
0.7279279912640713,0.46883235174999993,0.053043950250000006,0.12244100475,616.0,119.0
0.7715026949926918,0.862075451,0.13679057225,0.18293176974999997,616.0,119.0
0.7763212391518178,0.6937649490000001,0.19622255766666666,0.29663917866666667,616.0,119.0
0.7709514789300906,0.30059603599999996,0.2259049645,0.251002839,616.0,119.0
0.7277255696998491,0.00362252075,0.233735632,0.21398566675,616.0,119.0
0.6348323426385954,0.0,0.1469653268,0.23391715159999998,616.0,119.0
0.6488421871468335,0.09215568933333333,0.10961629066666667,0.2522832843333333,616.0,119.0
0.7293847900283021,0.4984505335,0.0923354175,0.2427098905,616.0,119.0
0.760968577267183,0.8598973270000001,0.13924622675,0.25503702450000004,616.0,119.0
0.7744400207375115,0.74599581125,0.2361427975,0.39316950675,616.0,119.0
0.77104494028407,0.290689065,0.263310701,0.364030431,616.0,119.0
0.7329558831384297,0.002866433,0.2402139335,0.31854049225000003,616.0,119.0
0.667846749180512,0.0,0.13419306020000002,0.2561802292,616.0,119.0
0.7540525526445913,0.0230766455,0.0887248005,0.22785689050000002,616.0,119.0
0.8567520254864186,0.4104022516666667,0.051443137,0.179744036,616.0,119.0
0.9309675134616521,0.8406600370000001,0.067632482,0.1351942835,616.0,119.0
0.9350621377660869,0.725334782,0.16984271325,0.26772129925,616.0,119.0
0.8598099980768286,0.14244876874999998,0.24795505125,0.21282223575,616.0,119.0
0.7185668699633313,0.0,0.15001037066666667,0.24322552433333333,616.0,119.0
0.6716831138783975,0.0,0.08488229025,0.26169243575,616.0,119.0
0.8074554035410808,0.1611441605,0.05799336025,0.208250722,616.0,119.0
0.9398115145727642,0.7613195306666666,0.051139549666666666,0.16365103,616.0,119.0
0.9471170006502309,0.6555998696666667,0.11414407266666667,0.3016270496666667,616.0,119.0
0.917773562725616,0.27812678199999996,0.20151438,0.30072852549999995,616.0,119.0
0.7642181628404405,0.0019611404,0.22583465419999998,0.2817647622,579.0,111.8
0.6804289867538649,0.0,0.15876047075,0.30353097575000004,431.0,83.0
0.8106073252481125,0.16399004725,0.109730412,0.36168257424999994,431.0,83.0
0.9597709465873885,0.7924643394,0.0705430334,0.399417943,431.0,83.0
0.9734747862105639,0.7387587997499999,0.10152296175,0.5698854972499999,431.0,83.0
0.9493319010021044,0.283489931,0.16179533200000001,0.544031302,431.0,83.0
0.8297011890277943,0.0023739765,0.20672107175,0.52200995075,431.0,83.0
0.7178029856121078,0.0,0.1550259635,0.510345817,431.0,83.0
0.8838714089209125,0.3296455275,0.10332032599999999,0.496621474,431.0,83.0
0.9888450618439308,0.88188263175,0.078320616,0.48977425325,431.0,83.0
0.9773476504357652,0.7429034939999999,0.08936571900000001,0.539820389,431.0,83.0
0.9657709420522274,0.273578363,0.12112706849999999,0.51792033,431.0,83.0
0.85919365868433,0.0016060132000000002,0.1296952584,0.47245509520000006,431.0,83.0
0.7209783350594153,0.0,0.08140711175000001,0.40546746899999997,431.0,83.0
0.7882688743753012,0.018653601,0.061065254,0.283422576,431.0,83.0
0.9251541706932126,0.42924224166666664,0.036758913666666664,0.24223092999999998,431.0,83.0
0.9911535250034388,0.871959235,0.0708103555,0.2226212675,431.0,83.0
0.9782346438227699,0.7559755083333334,0.18911895133333334,0.268295724,431.0,83.0
0.9719068967093357,0.347368766,0.262220409,0.242897128,431.0,83.0
0.8927678126789775,0.026402411999999997,0.23577505740000002,0.179102174,431.0,83.0
0.7122881323695451,0.0,0.1644810101666667,0.12768011533333334,431.0,83.0
0.7500687029803224,0.33029445874999996,0.09309059650000001,0.1078377075,431.0,83.0
0.8210613849943152,0.875572275,0.07221073925,0.1492159325,431.0,83.0
0.8127177331136204,0.842473688,0.1694718705,0.281734241,431.0,83.0
0.8125858055691282,0.39747182400000003,0.262643384,0.294265143,431.0,83.0
0.8193339181660747,0.0015650455,0.24538517775000002,0.22556812199999998,431.0,83.0
0.7318594093410384,0.0,0.17314595700000002,0.19484517074999996,431.0,83.0
0.6892524163801094,0.011476948,0.13274787233333332,0.153570663,431.0,83.0
0.7851603471105112,0.5153407985,0.06528499075000001,0.14697314125,431.0,83.0
0.818264988853274,0.9055118797499999,0.05677744450000001,0.24119677225,431.0,83.0
0.811277635123516,0.6529411593333334,0.13085313766666665,0.3360912356666666,431.0,83.0
0.8060040598430949,0.255075789,0.18512677,0.345252374,431.0,83.0
0.7913077502880579,0.001471312,0.1801033115,0.32701479725,431.0,83.0
0.7115092016900291,0.0,0.10213286,0.25395464,431.0,83.0
0.7812742667159798,0.06753566175,0.053410864499999995,0.19490572925,431.0,83.0
0.9425932469449789,0.667636535,0.026202126750000002,0.12326287874999999,431.0,83.0
0.9807404013806337,0.878900935,0.10923015950000001,0.2401848185,431.0,83.0
0.9559145129893927,0.5336921995,0.233636672,0.3355407575,431.0,83.0
0.8752275194252264,0.11084972975,0.26289640724999996,0.35491506325,431.0,83.0
0.7462860653009349,0.0,0.21800921533333337,0.4370181776666667,431.0,83.0
0.7027166332233458,0.0,0.19460130625,0.5098633005,431.0,83.0
0.7728791900147669,0.01353957,0.18308975300000002,0.530627796,431.0,83.0
0.8839099921452211,0.46129236774999993,0.13930973225,0.52317459425,431.0,83.0
0.9436891470656054,0.8447549025,0.19085737649999998,0.565039195,431.0,83.0
0.9335675751765533,0.503374688,0.339557753,0.6009573914999999,431.0,83.0
0.8352313421177292,0.052034017999999994,0.3081821616666667,0.4227413283333334,431.0,83.0
0.7161010536468458,0.0,0.18989415133333334,0.27134553733333333,431.0,83.0
0.6717198709369165,0.0,0.12829577325,0.244660267,431.0,83.0
0.7551308235040255,0.009339637,0.096639314,0.17811081699999998,431.0,83.0
0.8636687916073115,0.45603041925,0.07355534975,0.11347476575000001,431.0,83.0
0.9284151422876669,0.8453871175,0.20620276625,0.29726866775,431.0,83.0
0.9207215058966101,0.5159791155,0.41049633225,0.39636264899999996,431.0,83.0
0.8317026289809744,0.048662547333333334,0.411311319,0.34794002399999996,431.0,83.0
0.7227558531786441,0.0,0.3439433393333333,0.47369732000000003,431.0,83.0
0.672558506530641,0.0,0.267605148,0.5150119545,431.0,83.0
0.7945775522759877,0.1360749935,0.18537206550000002,0.5333699715,431.0,83.0
0.8804721494432008,0.6759025022499999,0.1542177865,0.4074223525,431.0,83.0
0.8962202271850304,0.7564465917500001,0.21673590650000002,0.44027032175,431.0,83.0
0.8644100208497698,0.4292339545,0.2951105935,0.41491443299999997,431.0,83.0
0.8083655047543279,0.060519394,0.35501394300000005,0.37363590266666663,431.0,83.0
0.6871357222458031,0.0,0.2714178543333334,0.32954769933333333,431.0,83.0
0.659782650340587,0.0,0.25050212,0.3424103535,431.0,83.0
0.7517787862696119,0.0080077595,0.204708716,0.30490381499999997,431.0,83.0
0.8440741180016793,0.43052980225,0.12765155425,0.24583662574999998,431.0,83.0
0.9025527738482119,0.82691741325,0.08160024725000001,0.25091393575,431.0,83.0
0.9158187403546575,0.6365409056666667,0.103619611,0.40834290599999995,431.0,83.0
0.8749921335177682,0.253229828,0.18814637950000002,0.3916994265,431.0,83.0
0.7494229251130693,0.0007897775,0.22135210125,0.31586949249999996,431.0,83.0
0.6403603722676607,0.0,0.14895370475000003,0.274182944,431.0,83.0
0.6471381246683532,0.051340539,0.08920823724999999,0.23390409975,431.0,83.0
0.7331920065374803,0.4645069305,0.049407226,0.245825358,431.0,83.0
0.7713891225869433,0.7904340812499999,0.041589891000000004,0.23330471400000002,431.0,83.0
0.7851691501067621,0.6637399310000001,0.092189372,0.318991938,431.0,83.0
0.7769279031224352,0.235159395,0.15817764750000002,0.245948055,431.0,83.0
0.7359617128817535,0.0006764695,0.18947986775,0.2108177205,431.0,83.0
0.6508050554626732,0.0,0.119910506,0.15758416150000001,431.0,83.0
0.649436860094066,0.05245992925,0.07474499650000001,0.157538437,431.0,83.0
0.7402926127860255,0.467585464,0.0568633735,0.2031227615,431.0,83.0
0.7751007940776358,0.78277192575,0.13059204325,0.2850286875,431.0,83.0
0.7783105788852642,0.704005231,0.28279833649999997,0.439844574,431.0,83.0
0.7742104527335527,0.3034752895,0.3163493425,0.4683611425,431.0,83.0
0.7402366225104247,0.0004934835,0.23605733125,0.36136614,431.0,83.0
0.6824065735652992,0.0,0.12515602416666669,0.41388468100000003,431.0,83.0
0.8305427511567638,0.27277780675,0.06845499499999999,0.40129340325,431.0,83.0
0.9016428286529536,0.7742318133333334,0.09683779333333332,0.38295971533333334,431.0,83.0
0.929823548105163,0.7818528785000001,0.20133547850000003,0.59025398925,431.0,83.0
0.9099169074342608,0.42833141,0.283790182,0.6006634795000001,431.0,83.0
0.8258918224997651,0.05610471633333333,0.307657337,0.48600513366666664,431.0,83.0
0.7031358788453063,0.0,0.22546186866666665,0.33875907600000005,431.0,83.0
0.6697173463027116,0.0,0.18124823025000003,0.31067327474999995,431.0,83.0
0.7548569245438058,0.006087688,0.153939963,0.2499632015,431.0,83.0
0.838971295543996,0.37883266099999996,0.13297251633333332,0.21604541200000002,431.0,83.0
0.8844541768265634,0.8241800343333333,0.11245088966666666,0.163378243,431.0,83.0
0.9213317128535602,0.8755869233333332,0.14152028266666664,0.30774892400000003,431.0,83.0
0.9160096431592128,0.6268668685000001,0.18852886349999998,0.4296395225,431.0,83.0
0.8407510183276273,0.137713511,0.25849063475,0.39841328675,431.0,83.0
0.6930819946392934,0.0,0.1878674698,0.2724613642,431.0,83.0
0.6951643165622571,0.0,0.15447492399999999,0.28058078,431.0,83.0
0.7986076174979881,0.10554367049999999,0.12275546650000001,0.315688386,431.0,83.0
0.8678222038311043,0.6260444817499999,0.06014594324999999,0.335731502,431.0,83.0
0.9156937505887527,0.8882576916666666,0.05599304066666667,0.4266866403333333,431.0,83.0
0.9166180317336757,0.565321418,0.10897309799999999,0.4618590625,431.0,83.0
0.8293757716579212,0.05110789766666667,0.17711168833333332,0.32779550733333335,431.0,83.0
0.6940259732218197,0.0,0.1285937452,0.1492446614,431.0,83.0
0.7179139983265742,0.00213706025,0.07862504,0.10689081175000001,431.0,83.0
0.8456646470856765,0.332402221,0.047037639666666665,0.17180626633333332,431.0,83.0
0.9037156047115043,0.7477925286,0.065816807,0.2530464868,431.0,83.0
0.8956551511047867,0.4973564363333333,0.18026795766666667,0.359733092,431.0,83.0
0.8571159130670494,0.16735603599999999,0.250721446,0.326884418,431.0,83.0
0.7541759815537974,0.000280946,0.21493702825,0.32659028,431.0,83.0
0.666266849250434,0.0,0.170232089,0.34776246050000004,431.0,83.0
0.7546122439113542,0.04044305,0.15859839874999998,0.339054272,431.0,83.0
0.8653122696150944,0.5806644112000001,0.14687799680000002,0.25141779340000003,431.0,83.0
0.8891116842420972,0.63625498325,0.183736794,0.354290406,431.0,83.0
0.8594712084113469,0.25871537333333333,0.276285759,0.40372773766666664,431.0,83.0
0.7244725800512262,0.0002166004,0.2786849746,0.3186329824,431.0,83.0
0.6244734603224253,0.0,0.256247802,0.37236811300000006,431.0,83.0
0.6459034137889811,0.06428444133333334,0.233498611,0.4304455443333333,431.0,83.0
0.7235527487488889,0.455919025,0.171375567,0.396659231,431.0,83.0
0.7645182131932363,0.7966945515,0.10451809100000001,0.3515888605,431.0,83.0
0.7757683686163102,0.6600139919999999,0.13200143575,0.467565642,431.0,83.0
0.7635236290917377,0.117207472,0.24605811974999997,0.5371115587499999,431.0,83.0
0.6671950748009191,0.0,0.21957122271428567,0.3934651531428572,431.0,83.0
0.6515453560150234,0.067693985,0.1793754356666667,0.397363395,431.0,83.0
0.7442449144921279,0.48107279049999996,0.125206115,0.4115503915,431.0,83.0
0.7835017940208862,0.83473249575,0.10608838975,0.388776414,431.0,83.0
0.7962165327424006,0.67165090875,0.12924447,0.48247474999999995,431.0,83.0
0.7753404972083281,0.0889321434,0.23709124899999998,0.47008406240000006,431.0,83.0
0.7011536017616905,0.0,0.21559467875,0.32900617349999994,431.0,83.0
0.7199613104381832,0.001984973,0.184668369,0.35783947325000004,431.0,83.0
0.8750411351458245,0.48248308375,0.10109387325,0.35475917925,431.0,83.0
0.9548391920963278,0.88942677125,0.0836897225,0.34614289875,431.0,83.0
0.9429034113161923,0.55882497475,0.11429914075,0.47005092125000003,431.0,83.0
0.8444983153471015,0.04592672366666667,0.184638012,0.4356417846666667,431.0,83.0
0.6983232735625035,0.0,0.15314491233333333,0.2992913953333334,431.0,83.0
0.7558764307525722,0.05052196525,0.09067947925,0.30543429,431.0,83.0
0.8712004860770092,0.483919767,0.043084348499999994,0.330177679,431.0,83.0
0.9422177625686148,0.853234668,0.0380478565,0.33653772325,431.0,83.0
0.945160297495004,0.6709148757500001,0.07099661675,0.49336697725,431.0,83.0
0.9014694693579022,0.1941638955,0.114862827,0.390863352,431.0,83.0
0.7764386121509048,0.0,0.1170629,0.32136985799999995,431.0,83.0
0.6711893394810236,0.0,0.06793150149999999,0.270178574,431.0,83.0
0.7552033777977455,0.051393212,0.028959073499999998,0.1775921935,431.0,83.0
0.8668990152181897,0.486351229,0.012090984,0.145533586,431.0,83.0
0.9384485908145799,0.84862307825,0.025398243,0.15227683549999999,431.0,83.0
0.9466225044090866,0.7019296413333334,0.060149625000000005,0.2466975206666667,431.0,83.0
0.9123594520555316,0.308105774,0.100981134,0.26081571800000003,431.0,83.0
0.8276100571942998,0.031482042333333335,0.08124350166666666,0.19566353733333333,431.0,83.0
0.7126413282916008,0.0,0.059575457,0.126533391,431.0,83.0
0.6684202185087733,0.0,0.04754167225,0.08532099225,431.0,83.0
0.7543829217514623,0.0026292745,0.037878877,0.0845147665,431.0,83.0
0.8526676011794972,0.3729980536666666,0.02556565433333333,0.07018337033333333,431.0,83.0
0.9416636433612842,0.8266260587500001,0.045038011249999996,0.105565042,431.0,83.0
0.9460973226944367,0.612470196,0.148217714,0.264092903,431.0,83.0
0.8893967508335231,0.1743474875,0.2074214655,0.233565039,431.0,83.0
0.7685793697304345,0.0,0.20364258925,0.15319931999999997,431.0,83.0
0.666263548142068,0.0,0.158801571,0.23023423775000001,431.0,83.0
0.7550460831170576,0.04917248875,0.12964630675,0.29295395425000004,431.0,83.0
0.8564639309467013,0.484108892,0.090602927,0.1631427225,431.0,83.0
0.92488444687238,0.830997108,0.09417615675,0.14810502375,431.0,83.0
0.9444241018428126,0.6880290665000001,0.20708453425,0.3147819715,431.0,83.0
0.8484960444534284,0.1063211495,0.27040406100000003,0.30336218075,431.0,83.0
0.6603070076575135,0.0,0.1953361702857143,0.24930462071428572,431.0,83.0
0.6476481509666511,0.06570541633333334,0.13300236899999998,0.22375697399999997,431.0,83.0
0.722285729015706,0.47848963450000004,0.088668619,0.204196019,431.0,83.0
0.7579034796522337,0.83860948825,0.1195101515,0.25141319375000004,431.0,83.0
0.7685325805771553,0.70329759675,0.241909702,0.34937905025,431.0,83.0
0.7552120636383749,0.219775652,0.272342867,0.29116060450000003,431.0,83.0
0.7104647146946629,0.0,0.228185669,0.22611955625,431.0,83.0
0.625345224114822,0.0,0.1413683985,0.20658636325000002,431.0,83.0
0.6404994639697832,0.047588276750000005,0.08079613050000001,0.16293097,431.0,83.0
0.720250087837478,0.488379744,0.034117393,0.1116486655,431.0,83.0
0.7577547772907207,0.876138302,0.03748171125,0.13362933224999998,431.0,83.0
0.7775357999681555,0.7519976862500001,0.10691666725,0.271988389,431.0,83.0
0.7498155121310306,0.0922222824,0.1143560034,0.1918807844,431.0,83.0
0.6663695350495701,0.0,0.0771473805,0.15601220016666664,431.0,83.0
0.7730222930549848,0.06493616933333334,0.082625661,0.15335562,431.0,83.0
0.8759032648883146,0.64129059325,0.045112360750000004,0.19801236125,431.0,83.0
0.9495288597573875,0.894938028,0.08824755699999999,0.3605152216666667,431.0,83.0
0.9393120705607223,0.611840816,0.14758535166666667,0.5222021586666666,431.0,83.0
0.8489182126445338,0.08578600525,0.16123043075000001,0.48766827749999997,431.0,83.0
0.7153534094877522,0.0,0.19655383099999998,0.423467636,431.0,83.0
0.673396767510636,0.0,0.1738327745,0.27393005275,431.0,83.0
0.7565618219608248,0.00139127,0.129173389,0.1160467545,431.0,83.0
0.8477699316295927,0.3229025623333333,0.089001873,0.08503114566666665,431.0,83.0
0.9072771152227382,0.7483381800000001,0.1453855855,0.18317358350000001,431.0,83.0
0.9081417734556199,0.5533087335,0.31736417275,0.33292434200000004,431.0,83.0
0.861600935232089,0.163253554,0.293050706,0.3374498855,431.0,83.0
0.7581350845396672,0.0,0.20439743225,0.26156895225,431.0,83.0
0.6769927828904653,0.0,0.12066118266666669,0.2948098985,431.0,83.0
0.7982375882284773,0.0849488425,0.082399992,0.3275896495,431.0,83.0
0.865293720925247,0.5148073416666666,0.06847833833333333,0.24460720533333336,431.0,83.0
0.9065863157698808,0.8192608815,0.072777547,0.26978984975,431.0,83.0
0.9000866374417225,0.5766891626666667,0.1503214283333333,0.3398978756666666,431.0,83.0
0.8629464793632781,0.17849753200000001,0.24550152849999998,0.307024852,431.0,83.0
0.7527135873396184,0.0,0.24386066475,0.21259217075,431.0,83.0
0.6674855462409163,0.0,0.1702263524,0.1731770942,431.0,83.0
0.7529940885165698,0.0009287045,0.12122594249999999,0.155988028,431.0,83.0
0.8382617195576341,0.349369173,0.07255436966666667,0.13646470766666666,431.0,83.0
0.8929173321654189,0.790834557,0.056777223999999994,0.1325181666666667,431.0,83.0
0.9191119193086591,0.75627100925,0.07033807874999999,0.2329828745,431.0,83.0
0.8964197457263485,0.3706212805,0.124230333,0.257347483,431.0,83.0
0.8239055029854526,0.027196451333333333,0.18831705399999998,0.23076291533333335,431.0,83.0
0.68993201585803,0.0,0.14825438628571427,0.1585728897142857,431.0,83.0
0.7906319229581644,0.12986318125000001,0.09113530450000001,0.14293613625,431.0,83.0
0.8942350314036166,0.7862498659999999,0.06628852716666667,0.19903473466666669,431.0,83.0
0.9275631734908164,0.532587404,0.12838787275,0.430614977,431.0,83.0
0.8414134655650737,0.02552038333333333,0.224844943,0.455810978,431.0,83.0
0.7131154715353286,0.0,0.18298907033333334,0.30665700533333334,648.0,125.0
0.6476322696998201,0.000269752,0.1577627645,0.34680741233333334,1082.0,209.0
0.6972093304338645,0.276425254,0.120653725,0.459319719,1082.0,209.0
0.7532060310088577,0.7959436748333334,0.0875200725,0.4805134576666667,1082.0,209.0
0.7668776290313696,0.6319663433333333,0.106291539,0.5987251746666667,1082.0,209.0
0.7624426307600939,0.18201825049999998,0.151471263,0.57182588,1082.0,209.0
0.7167675699568947,0.0,0.17296068160000003,0.4754165434,1082.0,209.0
0.6426057786439264,0.00023714516666666668,0.1033706245,0.4361613668333333,1082.0,209.0
0.716867895801886,0.454130272,0.04007400775,0.41832657624999997,1082.0,209.0
0.7569283043591198,0.8404431429999999,0.05794001175,0.5437929685,1082.0,209.0
0.7647130258145514,0.6725287685,0.12475369349999998,0.6454118424999999,1082.0,209.0
0.7611089956501226,0.22543295000000005,0.14886625099999998,0.5193570913333333,1082.0,209.0
0.7238546486579902,0.0,0.11326480719999998,0.359185573,1082.0,209.0
0.6785063443858377,0.0,0.11295406499999999,0.32373162224999996,1082.0,209.0
0.7956832035615335,0.086176417,0.07999892825,0.25319514975,1082.0,209.0
0.8617255816257635,0.5568678145,0.08309206499999999,0.33137460674999997,1082.0,209.0
0.8786353790189514,0.6943883543333333,0.15184916966666664,0.46422229066666665,1082.0,209.0
0.8732805634688188,0.3903667575,0.2184451375,0.4577528295,1082.0,209.0
0.823123083978691,0.0595133645,0.2225734205,0.3406317605,1082.0,209.0
0.6915704395601657,0.0,0.19714815933333332,0.24926795633333335,1082.0,209.0
0.6668156070347996,0.0,0.12490483749999999,0.17500137124999998,1082.0,209.0
0.7749968908346397,0.04690859433333333,0.079413461,0.11279016600000001,1082.0,209.0
0.8460909826057941,0.414448738,0.055495422,0.0821142825,1082.0,209.0
0.869111465142811,0.7415376654,0.0792329528,0.1622432316,1082.0,209.0
0.8672820070838059,0.5372395533333333,0.16318998066666665,0.3469717133333334,1082.0,209.0
0.8189181415146249,0.06468696774999999,0.196425029,0.38080791374999995,1082.0,209.0
0.6729602195532572,0.0,0.1363651156,0.2954659876,1082.0,209.0
0.7311964985138568,0.0217893776,0.09801421319999999,0.2192415188,1082.0,209.0
0.8462327198727123,0.3875003209999999,0.055264864999999996,0.12492705666666666,1082.0,209.0
0.8634608681552043,0.6626848425,0.100773515,0.16001424775,1082.0,209.0
0.8552045748561211,0.46729342366666665,0.16689147533333334,0.2524643693333333,1082.0,209.0
0.8112183476921132,0.05709152875,0.1622513215,0.24383244625,1082.0,209.0
0.6686136916691853,0.0,0.11762567628571428,0.20968198985714287,1082.0,209.0
0.786452441273574,0.10066913525,0.08702075199999999,0.18292133300000002,1082.0,209.0
0.8494978120692919,0.6673965395,0.08833725166666666,0.1984391796666667,1082.0,209.0
0.8501850060663546,0.5249638813333333,0.15196370133333334,0.339307692,1082.0,209.0
0.8335256720827358,0.1363595185,0.184101562,0.357082366,1082.0,209.0
0.7335094169737375,0.0,0.20039294700000002,0.255903057,1082.0,209.0
0.6473972973496758,0.0,0.1604884525,0.18130711975,1082.0,209.0
0.7489845323099749,0.0378554945,0.12768789925000001,0.14611054475000002,1082.0,209.0
0.8308719496820236,0.441978005,0.0945405155,0.1651827615,1082.0,209.0
0.8567549208613816,0.77427003675,0.089302852,0.23162394175,1082.0,209.0
0.8652039430902017,0.6667184553333333,0.10088246066666666,0.39247170466666664,1082.0,209.0
0.8523314492549006,0.3068753695,0.13527016749999998,0.469903976,1082.0,209.0
0.7560845883372449,0.0048875978,0.1876879276,0.4207101992,1082.0,209.0
0.6245202378372985,0.0,0.127568204,0.32707390480000004,1082.0,209.0
0.6338871653571089,0.0,0.0899445065,0.257982706,1082.0,209.0
0.7044538863022796,0.33461693225,0.07855018825,0.2115788925,1082.0,209.0
0.7277838894028061,0.60156351425,0.11462005550000001,0.19349844700000002,1082.0,209.0
0.7393386722640432,0.30964630125,0.08547049550000001,0.19169593524999998,1082.0,209.0
0.7062937339031932,0.0038163284,0.0684744746,0.11628029660000001,1082.0,209.0
0.6228862948297922,0.0,0.040095454833333335,0.09727766349999999,1082.0,209.0
0.6826018115204031,0.19665343824999998,0.0261195325,0.0701382605,1082.0,209.0
0.7418355800175519,0.61073018675,0.034176649,0.086839835,1082.0,209.0
0.7512087818970312,0.46214625400000003,0.07096792725,0.18159974975,1082.0,209.0
0.7248318257515124,0.028361586500000004,0.11057305966666668,0.1761675965,1082.0,209.0
0.6603442637229846,0.0,0.0990206496,0.1357521524,1082.0,209.0
0.7725968001890274,0.040788634666666664,0.11629963966666668,0.20543932766666664,1082.0,209.0
0.8377493676085737,0.40070812050000004,0.0909963025,0.23786989949999998,1082.0,209.0
0.8809321751434975,0.77470196675,0.0999718235,0.26758952375,1082.0,209.0
0.8989852744715486,0.6173536135000001,0.12854912,0.452010186,1082.0,209.0
0.8411796561350636,0.08246170466666666,0.17992739833333335,0.5060406383333333,1082.0,209.0
0.7167531645097842,0.0,0.17729397375,0.39555407924999997,1082.0,209.0
0.6768504509034399,0.0,0.1386314166,0.27288135960000004,1082.0,209.0
0.7980162964062534,0.069032238,0.13065871950000002,0.2976619635,1082.0,209.0
0.8706874084128314,0.56845693025,0.1192925075,0.28247428775,1082.0,209.0
0.9126216683465038,0.6890395475,0.11731074549999998,0.3137953485,1082.0,209.0
0.876593291682589,0.25158631724999997,0.11382724625000001,0.36339365075,1082.0,209.0
0.7635868771276405,0.0,0.129223719,0.24673105750000002,1082.0,209.0
0.6664001347443149,0.0,0.10624497575,0.15864953275,1082.0,209.0
0.7537439802497502,0.02890792525,0.04961734775,0.14904440324999998,1082.0,209.0
0.8464626273640183,0.3857064995,0.0218759715,0.133078004,1082.0,209.0
0.8916806546418007,0.71029665925,0.02295910275,0.12781091875,1082.0,209.0
0.8965832562741725,0.54754725675,0.06484765025,0.23282699250000002,1082.0,209.0
0.8399082817592358,0.07054383533333333,0.10336542666666666,0.17346807033333334,1082.0,209.0
0.7200378799413457,0.0,0.09301896875,0.08982829,1082.0,209.0
0.6641066787123275,0.0,0.085785433,0.057146434999999995,1082.0,209.0
0.7898961019603109,0.12302130574999999,0.05504757625,0.05449447825,1082.0,209.0
0.9013812679732324,0.7734167153333332,0.043382465,0.11790886583333333,1082.0,209.0
0.9089011002568885,0.475683768,0.104196017,0.25718213650000005,1082.0,209.0
0.7911271254358658,0.00230183525,0.15832707625,0.17498274475,1082.0,209.0
0.6675827301467527,0.0,0.1123569445,0.089541544,1082.0,209.0
0.7123130702058519,0.0,0.08188510625,0.08138961049999999,1082.0,209.0
0.8245688789671519,0.2249696605,0.0491684155,0.0822956105,1082.0,209.0
0.8684251842421793,0.70760123675,0.030325195,0.15189078475,1082.0,209.0
0.9019403115068,0.6576295572499999,0.07112169725,0.39235756425,1082.0,209.0
0.8759319915685573,0.22593409250000002,0.1224811845,0.420787682,1082.0,209.0
0.7860808667275057,0.001443206,0.13725839225,0.36977529625,1082.0,209.0
0.6397728438776725,0.0,0.10940039233333332,0.37569258066666666,1082.0,209.0
0.6492619984456774,0.029768085666666666,0.08295671133333334,0.36150967966666664,1082.0,209.0
0.7281671418750452,0.5218937479999999,0.0451203986,0.28004334000000003,1082.0,209.0
0.7465742379173276,0.627986158,0.05792367433333334,0.31076489199999996,1082.0,209.0
0.752409229136038,0.382773295,0.08763073299999999,0.3135798905,1082.0,209.0
0.7385189381292112,0.054592846333333334,0.09966001566666667,0.23434871733333332,1082.0,209.0
0.6814309923898845,0.0,0.065199512,0.091438428,1082.0,209.0
0.6209278396464231,0.0,0.053558998499999996,0.08499995725,1082.0,209.0
0.6447002156195681,0.035805182,0.043283158999999995,0.136986916,1082.0,209.0
0.7128896065424001,0.395919655,0.02410429,0.1342866695,1082.0,209.0
0.7427264363590677,0.79212591025,0.0314172205,0.131408171,1082.0,209.0
0.7557246027927785,0.720145212,0.045126586499999996,0.161592459,1082.0,209.0
0.7576123571912973,0.3520116113333333,0.05956740566666666,0.14635976966666667,1082.0,209.0
0.7050799226786311,0.000644632857142857,0.081579612,0.160912805,1082.0,209.0
0.6809114061928636,0.0,0.07061854475,0.18973577125,1082.0,209.0
0.8195247976071866,0.23832929175,0.070519152,0.174390339,1082.0,209.0
0.8820852712071099,0.7568601209999999,0.09636097075,0.15151544325,1082.0,209.0
0.8831720172707057,0.49536175925,0.147081416,0.19532455325,1082.0,209.0
0.8129608919006388,0.03992918225,0.12994910099999998,0.19165876825000003,1082.0,209.0
0.6836515702615541,0.0,0.07561636933333334,0.08914850933333333,1082.0,209.0
0.6593077344653486,0.0,0.052511454250000006,0.0671661975,1082.0,209.0
0.772337065675096,0.037043677000000004,0.033003179333333334,0.046643844,1082.0,209.0
0.8328253204873856,0.3952670545,0.017248415500000003,0.040005673000000005,1082.0,209.0
0.8655072789197847,0.7650865815000001,0.03455216425,0.0645372335,1082.0,209.0
0.8734259531485339,0.6332709473333332,0.08708822266666667,0.18514848333333334,1082.0,209.0
0.8490287883434898,0.26208821,0.101912992,0.177089678,1082.0,209.0
0.774982527528359,0.00100899725,0.08805448925,0.11865477825,1082.0,209.0
0.6563372571719492,0.0,0.048076764499999994,0.072932059,1082.0,209.0
0.7076480435651995,0.0,0.029691403,0.09616085725,1082.0,209.0
0.835656717895746,0.43428814275000005,0.015037950000000001,0.09140320675000001,1082.0,209.0
0.894889737084219,0.826127006,0.022532079,0.118021266,1082.0,209.0
0.8892386015868383,0.45696922825,0.049095888500000004,0.16023054425,1082.0,209.0
0.8075761089035689,0.0012440556666666667,0.092183111,0.12630014,1082.0,209.0
0.677038635570334,0.0,0.08380160675000001,0.111949032,1082.0,209.0
0.6744231100849432,0.0,0.0474477915,0.08708124874999999,1082.0,209.0
0.8173580950645043,0.247750633,0.02686780075,0.09049400449999999,1082.0,209.0
0.8995773635275199,0.8044785966000001,0.0603093826,0.09798173299999999,1082.0,209.0
0.9150059167365503,0.607947447,0.1152743475,0.19237124249999998,1082.0,209.0
0.8669857963058342,0.17678159400000001,0.14155407,0.20041376166666666,1082.0,209.0
0.7432801224763792,0.0,0.13914510025,0.20190087075000002,1082.0,209.0
0.6494932717238193,0.0,0.099642863,0.2427578895,1082.0,209.0
0.7493055014345315,0.02731519825,0.0751337175,0.23948045825,1082.0,209.0
0.8482634445756865,0.43713025299999997,0.037929289,0.1580822645,1082.0,209.0
0.9090682162740433,0.7945594757500001,0.04998846,0.11740936275,1082.0,209.0
0.9185956419762343,0.6507538483333333,0.09974983666666666,0.18241744199999999,1082.0,209.0
0.8790904335442984,0.2635829605,0.1336860385,0.2063625795,1082.0,209.0
0.7870248804526576,0.00067882825,0.14650345175,0.1685949205,1082.0,209.0
0.6370047842500759,0.0,0.08532242616666667,0.1402432485,1082.0,209.0
0.6465925742949284,0.03860543,0.050458885333333335,0.14337188433333334,1082.0,209.0
0.7176785654756503,0.460989855,0.02846486,0.1363948575,1082.0,209.0
0.7574746975491387,0.85558925925,0.0453918355,0.153453852,1082.0,209.0
0.7757075281656558,0.7380283143333334,0.07935025733333333,0.27670493533333335,1082.0,209.0
0.7673081709729817,0.31567420199999996,0.1017438475,0.25821804800000003,1082.0,209.0
0.7343082635945511,0.00062562,0.12547762974999999,0.21295264174999998,1082.0,209.0
0.6413309861394728,0.0,0.09281789433333333,0.16665615033333334,1082.0,209.0
0.6489566570282636,0.039928913,0.05592005866666666,0.19662874099999997,1082.0,209.0
0.7239046101662163,0.47904511299999997,0.0285912185,0.19691031650000002,1082.0,209.0
0.7654325363810465,0.8524032876666666,0.032455199,0.22200092666666668,1082.0,209.0
0.7858903385096074,0.8071797357500001,0.10202718275,0.41111594250000005,1082.0,209.0
0.7715825070467137,0.324855597,0.1783518855,0.441098757,1082.0,209.0
0.744469975639119,0.0005414365,0.255458014,0.47676275025000003,1082.0,209.0
0.6865600131592443,0.0,0.239831377,0.537236419,1082.0,209.0
0.7184013693672091,0.0,0.2531531205,0.5419744120000001,1082.0,209.0
0.8483318314997857,0.40726304125,0.22733704325,0.49603172475,1082.0,209.0
0.9090822636188546,0.8690465414999999,0.17761883325,0.46192279199999997,1082.0,209.0
0.9055101754372014,0.51914909425,0.23291872074999997,0.57011919175,1082.0,209.0
0.8012512258559178,0.000481034,0.31163497825,0.525242834,1082.0,209.0
0.6716965134223326,0.0,0.23930663766666668,0.5092602618333334,1082.0,209.0
0.7726420950023872,0.03185092766666667,0.198133494,0.5661513233333334,1082.0,209.0
0.8364882010270981,0.4451858745,0.13789511,0.601561828,1082.0,209.0
0.8707613908274876,0.7982909505,0.104581478,0.5533999395,1082.0,209.0
0.8891986058488069,0.6905999216666667,0.12540727433333335,0.5634521413333333,1082.0,209.0
0.8603245038213337,0.2895282615,0.19236408700000002,0.573902442,1082.0,209.0
0.7818102648521584,0.00041800725,0.26608875975,0.602516864,1082.0,209.0
0.6638460232915903,0.0,0.22982280233333333,0.5841322480000001,1082.0,209.0
0.7740351190109523,0.014889077,0.251971368,0.5694188416666667,1082.0,209.0
0.8376955196362024,0.30786383700000003,0.273173244,0.5473869725,1082.0,209.0
0.8610605824803377,0.59965670025,0.2577344045,0.5087307889999999,1082.0,209.0
0.870771200590522,0.5487562396666666,0.270864901,0.5078434643333333,1082.0,209.0
0.8510545027654957,0.2189101275,0.280614594,0.47821374549999995,1082.0,209.0
0.7772393200232819,0.0003237885,0.260088274,0.42495253050000004,1082.0,209.0
0.6545146432482513,0.0,0.1880585633333333,0.35801521649999996,1082.0,209.0
0.7708191299773013,0.02335723166666667,0.16882151266666665,0.3156112016666667,1082.0,209.0
0.8317791243600255,0.400094193,0.1301515885,0.272358872,1082.0,209.0
0.8598315138590179,0.78207060775,0.09726614975,0.20786329025,1082.0,209.0
0.8712208780992273,0.590429053,0.095886137,0.22009639025,1082.0,209.0
0.8106327274294732,0.04345551775,0.11897647850000001,0.21916828975,1082.0,209.0
0.6727388387577345,0.0,0.085012342,0.1917712465,1082.0,209.0
0.6718597118258892,0.0,0.057597458250000004,0.16614540525000002,1082.0,209.0
0.7949528610204408,0.0407029755,0.049132682999999996,0.15699260999999998,1082.0,209.0
0.8408246027786467,0.5260842776666667,0.028478251333333333,0.16185555766666668,1082.0,209.0
0.8896119086960248,0.8479807377499999,0.05073995375,0.2581505395,1082.0,209.0
0.902225307804853,0.657731366,0.07585053,0.3998511335,1082.0,209.0
0.8347805408490531,0.14618723250000001,0.13340889875,0.405372368,1082.0,209.0
0.6821987125285095,0.0,0.1497487385,0.3921582295,1082.0,209.0
0.6129642024301847,0.0,0.11399579625,0.31759392375,1082.0,209.0
0.643789373070454,0.030066650333333333,0.08957728466666666,0.2996209543333334,1082.0,209.0
0.7120586150991819,0.47768278399999997,0.0510128725,0.3093167105,1082.0,209.0
0.7391293323862579,0.86403274525,0.047597350499999996,0.36936539375000005,1082.0,209.0
0.7485053906294349,0.6398448295,0.07631400625000001,0.47864373725,1082.0,209.0
0.7075845965745508,0.028047586166666666,0.10743156816666667,0.310066214,1082.0,209.0
0.6181330862153496,0.0,0.05676334283333334,0.18061812116666667,1082.0,209.0
0.6823056827581347,0.24274663775,0.02949266775,0.11676464725,1082.0,209.0
0.7424619748465963,0.838323634,0.0595576766,0.1359473704,1082.0,209.0
0.75153432813132,0.46308684075,0.17055632525,0.20400126625,1082.0,209.0
0.7223150527632292,0.0,0.2246361725,0.17577069425,1082.0,209.0
0.6606564977839536,0.0,0.23109769699999996,0.25200375533333336,3241.1666666666665,626.5
0.7893558661611384,0.09837384275,0.29101383075,0.32097342500000003,3673.0,710.0
0.8305674510541317,0.6260901165,0.2687223285,0.293039701,3673.0,710.0
0.8360769194561413,0.876063683,0.29113613250000003,0.39895264799999997,3673.0,710.0
0.8323718267916649,0.48865615749999997,0.3755804895,0.5568141707500001,3673.0,710.0
0.7885913379209942,0.0,0.436447282,0.5100403506666666,3673.0,710.0
0.6506594318101196,0.0,0.3587135108333333,0.42346343466666675,3673.0,710.0
0.755316528727516,0.016880581,0.35522024325,0.40989392525,3673.0,710.0
0.8285635567346715,0.47368236249999995,0.2885363345,0.456087381,3673.0,710.0
0.8337956846031752,0.88254730075,0.227001494,0.36328828425000004,3673.0,710.0
0.8412594759994603,0.7813027949999999,0.19686959666666662,0.3830554476666667,3673.0,710.0
0.8201172424588925,0.15218561575,0.22384141275,0.44017655175,3673.0,710.0
0.7285292158027292,0.0,0.236723667,0.45328717350000003,3673.0,710.0
0.6502097621117893,0.0,0.20611964733333332,0.48997783433333336,3673.0,710.0
0.7764977044583002,0.023526191000000002,0.16835166633333332,0.5133217196666666,3673.0,710.0
0.8289854439959361,0.4914476415,0.10627994099999999,0.4602630735,3673.0,710.0
0.8410860464110359,0.892832922,0.079267438,0.41242033300000003,3673.0,710.0
0.8569682290863607,0.8541558579999999,0.0927026645,0.44557969399999997,3673.0,710.0
0.838324745085841,0.41391836466666665,0.12532881833333334,0.48576568633333334,3673.0,710.0
0.7647584922260411,0.0,0.16032145800000003,0.45252575925000005,3673.0,710.0
0.6417332852515293,0.0,0.101035025,0.389807365,3673.0,710.0
0.7116674445393857,0.0,0.061492731749999995,0.343477469,3673.0,710.0
0.8274279495079397,0.45785253875,0.03232723275,0.30622186325,3673.0,710.0
0.841250267229198,0.9355616649999999,0.032797862000000004,0.25494145533333334,3673.0,710.0
0.8447907176942876,0.7834944853333333,0.06540312766666667,0.27157764700000003,3673.0,710.0
0.8331996342009215,0.290851993,0.114726392,0.24111106050000003,3673.0,710.0
0.7669325929533373,0.0,0.1274527505,0.16583783224999998,3673.0,710.0
0.6422776064316915,0.0,0.09448616600000001,0.11531299675000001,3673.0,710.0
0.7115372143504122,0.0,0.07597396625,0.12548649499999998,3673.0,710.0
0.8268547259750154,0.43825969474999993,0.053729054500000005,0.15640666625,3673.0,710.0
0.8407133247144806,0.90333082925,0.065899827,0.156335353,3673.0,710.0
0.8468094084100473,0.6777569975,0.0959823675,0.22013216200000002,3673.0,710.0
0.8078676028324271,0.10408446260000001,0.1408929026,0.22767484040000002,3673.0,710.0
0.6382456798769104,0.0,0.10316592875000001,0.2551045705,3673.0,710.0
0.6123902375478572,0.0,0.09293166366666668,0.2891748613333333,3673.0,710.0
0.6466480767943511,0.015035268333333332,0.10512152400000001,0.38311170999999994,3673.0,710.0
0.7054677619347155,0.44310038650000005,0.09377261049999999,0.4435607595,3673.0,710.0
0.7151093423203074,0.8209603272000001,0.23269868159999998,0.5245078754,3673.0,710.0
0.7248940084360527,0.6114314515,0.371355145,0.6369411764999999,3673.0,710.0
0.7230596416309514,0.11317230724999999,0.37622031,0.62252581525,3673.0,710.0
0.6667987970913966,0.0,0.34309439025,0.589103559,3673.0,710.0
0.6112886403747295,0.0,0.33013075049999996,0.56705869475,3673.0,710.0
0.6471094213650902,0.014007238,0.30254881333333333,0.520660795,3673.0,710.0
0.7116234296799562,0.435315452,0.29622913900000003,0.5036625415,3673.0,710.0
0.7082160812664617,0.77969028225,0.28223748425000006,0.39773807650000004,3673.0,710.0
0.7108758791912152,0.7317945375,0.31094114650000004,0.4631691005,3673.0,710.0
0.7223879231267082,0.3457654823333333,0.3217790973333334,0.5838255036666667,3673.0,710.0
0.7089589610834073,0.0,0.32923116025,0.49262719125,3673.0,710.0
0.6413877332634009,0.0,0.24288969475,0.30487659775,3673.0,710.0
0.7137158922280491,0.0,0.19776946175000001,0.244129233,3673.0,710.0
0.8305047531826522,0.14495835699999998,0.17481213699999998,0.2169301555,3673.0,710.0
0.8288698815283533,0.60285455725,0.1268102725,0.1484307775,3673.0,710.0
0.8282789583840119,0.5478020863999999,0.1188310526,0.3348977398,3673.0,710.0
0.7974694583497406,0.023307094,0.17165977699999999,0.4217090375,3673.0,710.0
0.6553176337959589,0.0,0.15659092342857142,0.3276258824285714,3673.0,710.0
0.7918502921646791,0.07590461625,0.13652252325,0.25148922625000003,3673.0,710.0
0.8288283327169256,0.6154165603333333,0.10790995600000002,0.21975974566666667,3673.0,710.0
0.8300015554936649,0.69007817375,0.15395736899999998,0.34917139925,3673.0,710.0
0.8292345026344763,0.3567590585,0.18572859149999998,0.435122888,3673.0,710.0
0.7974502955478573,0.01829470325,0.22981076050000002,0.40159271125,3673.0,710.0
0.6503187145658017,0.0,0.17541567016666668,0.20284942549999999,3673.0,710.0
0.7535338443634745,0.00366996925,0.148926529,0.189148514,3673.0,710.0
0.8288326561722161,0.2847760675,0.13783448650000002,0.22344597049999998,3673.0,710.0
0.8282350137935902,0.5679250925,0.25120160675000003,0.285573096,3673.0,710.0
0.8275814631279942,0.557540646,0.32568474300000005,0.2411567405,3673.0,710.0
0.8275726289037802,0.20598928800000002,0.2762575493333334,0.26503575966666665,3673.0,710.0
0.7634240806402847,0.0,0.3118160935,0.37066483975,3673.0,710.0
0.6506214026486535,0.0,0.35092422416666674,0.5435205156666667,3673.0,710.0
0.7762471630668092,0.0058431663333333335,0.3426558786666667,0.3117541973333333,3673.0,710.0
0.8282857479847645,0.1448504015,0.323051034,0.3507468405,3673.0,710.0
0.829136639762067,0.35536491049999996,0.386560078,0.42485190425,3673.0,710.0
0.8292057524825008,0.28770849750000005,0.3678165695,0.37535427175,3673.0,710.0
0.7979096539281089,0.00893096025,0.275082858,0.377258122,3673.0,710.0
0.6574508703233727,0.0,0.250417028,0.3787900198571429,3673.0,710.0
0.7892218198257579,0.05600469375,0.20708516075,0.3881893025,3673.0,710.0
0.8307421759735847,0.59415966675,0.2277572215,0.40398710824999995,3673.0,710.0
0.8317556029223248,0.608726895,0.25934166666666664,0.447085551,3673.0,710.0
0.8311910575550167,0.34252684,0.203214283,0.424018626,3673.0,710.0
0.7991118687347905,0.0077774615,0.17220642150000004,0.4472791425,3673.0,710.0
0.6321356776603396,0.0,0.16692328600000003,0.440486438,3673.0,710.0
0.638057855740706,0.0033411345,0.20106133775,0.4755306015,3673.0,710.0
0.7054503900910226,0.321324442,0.167124702,0.439137448,3673.0,710.0
0.7109626540413889,0.7275340336,0.2095131066,0.42534652780000004,3673.0,710.0
0.722993631037065,0.35514910375000003,0.34017451275,0.49053914625,3673.0,710.0
0.7074755426939557,0.0,0.4826967845,0.5920618605,3673.0,710.0
0.6195199004325891,0.0,0.6020054928571428,0.5857835057142857,3673.0,710.0
0.6681445987889828,0.051881691333333334,0.556290106,0.7475836473333333,3673.0,710.0
0.7085927479603037,0.38299092975000004,0.53312466375,0.7704660267499999,3673.0,710.0
0.7123980329651538,0.38640976574999997,0.54090727975,0.727123488,3673.0,710.0
0.7226414417870399,0.055479302499999994,0.397142175,0.54785151025,3673.0,710.0
0.6730571974438773,0.0,0.37679825074999995,0.46535808925,3673.0,710.0
0.6501145487161314,0.0,0.38340710624999996,0.49617034725,3673.0,710.0
0.7772798581288982,0.003875622,0.3533817436666667,0.5539792443333332,3673.0,710.0
0.8308214261679254,0.226602831,0.301126828,0.48897828200000004,3673.0,710.0
0.8282999669006333,0.405401401,0.3017153753333333,0.32677967299999994,3673.0,710.0
0.8268520647894698,0.35597478433333335,0.24175392966666667,0.3806357143333334,3673.0,710.0
0.8284147489534033,0.1628979975,0.159361953,0.472950273,3673.0,710.0
0.7978757881972358,0.00299349575,0.10212210675,0.36778715525,3673.0,710.0
0.661821003437956,0.0,0.048705751,0.14087831333333334,3673.0,710.0
0.6501676709327767,0.0,0.03511640775,0.068167598,3673.0,710.0
0.7915414037542237,0.0506750495,0.050747095,0.08421961725,3673.0,710.0
0.8286331844931465,0.5639794627500001,0.05798779825000001,0.08012962325,3673.0,710.0
0.8280598517232646,0.4538017796666667,0.076884251,0.15482366066666667,3673.0,710.0
0.8287415828437077,0.189892991,0.0781804905,0.18571873849999998,3673.0,710.0
0.7974393034673449,0.00416419375,0.08681768275,0.16467296675,3673.0,710.0
0.6547548521095088,0.0,0.05981234375,0.1215924625,3673.0,710.0
0.6561080753822245,0.0,0.05006854166666667,0.118784793,3673.0,710.0
0.792216165841044,0.07243932275000001,0.04410184425,0.09482618975,3673.0,710.0
0.828632638186534,0.6276480356666667,0.024542017333333332,0.07876800733333333,3673.0,710.0
0.8282058656373696,0.677125099,0.062993313,0.14343862175,3673.0,710.0
0.8284431244916493,0.259192393,0.105425994,0.28462935050000004,3673.0,710.0
0.7974042905859848,0.00329582075,0.1054049745,0.3118563655,3673.0,710.0
0.6731863155275291,0.0,0.11112256549999999,0.32921212899999996,3673.0,710.0
0.6479060718817807,0.0,0.153283753,0.4805181138,3673.0,710.0
0.776873641430316,0.0020901653333333333,0.23747933066666668,0.507901988,3673.0,710.0
0.8290611589331018,0.1525932225,0.2768876095,0.461985789,3673.0,710.0
0.8283055234476057,0.3808206623333333,0.3050005413333334,0.3436815983333333,3673.0,710.0
0.8275150974395474,0.3813495906666667,0.38910741466666665,0.39239230900000005,3673.0,710.0
0.8279876173435783,0.186245258,0.3686972785,0.3411402335,3673.0,710.0
0.797357091692594,0.0027263275,0.33561293425000005,0.3266134165,3673.0,710.0
0.6626378539607635,0.0,0.32246986699999997,0.3349140836666667,3673.0,710.0
0.6508020587558808,0.0,0.35813574425,0.350872185,3673.0,710.0
0.7892142810950069,0.0293958975,0.33400054074999996,0.31879194375,3673.0,710.0
0.8283846409738647,0.2906341505,0.2829003255,0.313424312,3673.0,710.0
0.8280670314745721,0.43589731725,0.357525345,0.316229514,3673.0,710.0
0.828015431022143,0.32308446300000004,0.363112031,0.359245752,3673.0,710.0
0.803484610893174,0.0348843448,0.320623773,0.3452567536000001,3673.0,710.0
0.625083267039727,0.0,0.3002644288571429,0.28896752571428574,3673.0,710.0
0.6440944647724541,0.0011976956666666667,0.30295700200000003,0.2818599256666667,3673.0,710.0
0.7053340551678993,0.21534255749999998,0.336045561,0.4016959395,3673.0,710.0
0.7085312816238454,0.4564656714,0.40325682039999994,0.43839172039999996,3673.0,710.0
0.7204515261066493,0.19482696050000003,0.37679023749999996,0.48522934799999995,3673.0,710.0
0.7039566938439609,0.0,0.377594791,0.5104704824999999,3673.0,710.0
0.6207684535314627,0.0,0.345890537,0.42730016666666665,3673.0,710.0
0.6162580486500865,0.0,0.31117315675,0.3316465575,3673.0,710.0
0.680335818024984,0.12041084575,0.25830635275,0.34282586349999994,3673.0,710.0
0.7089434699969104,0.5762952543333334,0.18533588733333337,0.19077956833333332,3673.0,710.0
0.7130543111435681,0.560246606,0.14744875400000002,0.23079980475,3673.0,710.0
0.713133967179601,0.040815207,0.10524745416666666,0.18632761416666666,3673.0,710.0
0.6499525716413178,0.0,0.11445862183333333,0.22860188549999996,3673.0,710.0
0.7785606598571927,0.001956939333333333,0.154627193,0.21622177,3673.0,710.0
0.8288993340049303,0.35488617299999997,0.148818117,0.2261674835,3673.0,710.0
0.8307911542517339,0.78124142725,0.14994347200000002,0.31107644425000003,3673.0,710.0
0.8310178309280469,0.5333021645,0.21875137575,0.36506753025,3673.0,710.0
0.7975836746038013,0.001990634,0.282225962,0.36443823275,3673.0,710.0
0.6508031872183202,0.0,0.24591652260000002,0.3604587532,3673.0,710.0
0.6874889026283263,0.0,0.23101319166666667,0.49469961733333334,3673.0,710.0
0.815476470849114,0.15042359900000002,0.19224782325,0.45773705375,3673.0,710.0
0.8292200339355126,0.68898467725,0.09741202474999999,0.44971841074999996,3673.0,710.0
0.8306477547150704,0.5082969425,0.0974549835,0.37973960799999995,3673.0,710.0
0.797476060607081,0.00159368825,0.11906405499999999,0.37556498424999996,3673.0,710.0
0.6504579310714864,0.0,0.10901277633333334,0.3109849781666667,3673.0,710.0
0.7570350170088116,0.00129746225,0.11695514400000001,0.23834916099999998,3673.0,710.0
0.8304349849592567,0.40468212000000003,0.09442579000000001,0.226443811,3673.0,710.0
0.8304636570210207,0.8234986966666668,0.06393089633333333,0.22269097733333332,3673.0,710.0
0.8347638167656277,0.8270180376666666,0.07785632466666666,0.23869239566666667,3673.0,710.0
0.8337254715132862,0.4488411065,0.09730762100000001,0.312271768,3673.0,710.0
0.7976238732762151,0.0018614225,0.12222205524999999,0.31810835175,3673.0,710.0
0.6555113326992131,0.0,0.084524044,0.1985046171428571,3673.0,710.0
0.79477214248436,0.08501310725,0.04395219325,0.16265173825,3673.0,710.0
0.8295305729204553,0.769547314,0.01681179125,0.15145406374999998,3673.0,710.0
0.8309789744489104,0.831109491,0.021431686000000002,0.18791268066666666,3673.0,710.0
0.8299310146116865,0.42942304249999996,0.031247907499999998,0.17088034600000002,3673.0,710.0
0.7974335089949699,0.001392628,0.030690300999999996,0.11737372850000001,3673.0,710.0
0.6506347881420357,0.0,0.020150831399999996,0.06356256340000001,3673.0,710.0
0.6889737959197456,0.0,0.020841331333333334,0.049375200333333334,3673.0,710.0
0.8190683305545807,0.0868582195,0.023316090749999997,0.0682898485,3673.0,710.0
0.8280134176104014,0.36551114175,0.03908150775,0.15067234525,3673.0,710.0
0.8274837172893809,0.17723718200000002,0.08470100875,0.27846847500000005,3673.0,710.0
0.7976937234882413,0.00095079925,0.13504455399999998,0.3519040455,3673.0,710.0
0.6560433173315079,0.0,0.17015700099999997,0.4176910245,3673.0,710.0
0.6118515578677212,0.0,0.23370187160000003,0.45678170720000005,3673.0,710.0
0.6474621490978172,0.00034571,0.3642306716666666,0.5005533556666666,3673.0,710.0
0.7214600287020796,0.13252100049999999,0.3661583145,0.4440879295,3673.0,710.0
0.7265810307478126,0.372802531,0.40582759825,0.53702727525,3673.0,710.0
0.7519311878249533,0.3460236555,0.5776177862499999,0.6431423865,3673.0,710.0
0.7448215679030809,0.00122109,0.4669895295,0.626636478,3673.0,710.0
0.6329777564671615,0.0,0.37907480657142856,0.6285522765714286,3673.0,710.0
0.6559590569780246,0.042911679,0.38626387575,0.676758242,3673.0,710.0
0.7439538856609356,0.4485225953333334,0.39278830233333334,0.582730196,3673.0,710.0
0.7421651296441997,0.5749403700000001,0.4682001225,0.5546808612499999,3673.0,710.0
0.7644141460812679,0.09405084183333333,0.4780133471666667,0.691144015,3673.0,710.0
0.6666378852867283,0.0,0.4821507971428572,0.7654899144285715,3673.0,710.0
0.746739652721153,0.0005913193333333334,0.5465292803333334,0.7050725880000001,3673.0,710.0
0.8488352165240635,0.5240676564,0.5714766934,0.5894664644000001,3673.0,710.0
0.8406235625137207,0.56728946425,0.706471987,0.6668542745,3673.0,710.0
0.8547059581482133,0.066756361,0.5641935123333334,0.6260320316666667,3673.0,710.0
0.7632800606052162,0.0,0.53927540325,0.60028158925,3673.0,710.0
0.6461021596581803,0.0,0.5059624524999999,0.5846042335,3673.0,710.0
0.7223369314232814,0.00033189875,0.42887388024999995,0.68871672325,3673.0,710.0
0.8463434126623165,0.16414078940000001,0.36791730419999996,0.589342606,3673.0,710.0
0.8454671420373169,0.19285657274999998,0.40130995175,0.5727572045,3673.0,710.0
0.8197809033289523,0.012978783166666667,0.36704910783333333,0.5766084176666667,3673.0,710.0
0.6567727936925629,0.0,0.337611513,0.50900772225,3673.0,710.0
0.6583592334159339,0.0,0.3077302843333333,0.427784883,3673.0,710.0
0.8006502355066772,0.07016235025,0.27276419625000003,0.35053680174999996,3673.0,710.0
0.8444053845571595,0.27753420366666665,0.2628848773333334,0.337946463,3673.0,710.0
0.8392143762814115,0.23171960233333333,0.3094920186666667,0.4847584253333333,3673.0,710.0
0.8358565095023854,0.0353719905,0.19393976333333338,0.4886429045,3673.0,710.0
0.7151137469601799,0.0,0.10121134066666666,0.41160873566666667,4396.333333333333,849.6666666666666
0.6635973704947424,0.0,0.11134147,0.37972851225,5843.0,1129.0
0.796954538926096,0.000441587,0.13625280866666667,0.449390019,5843.0,1129.0
0.8753994583961806,0.27702741,0.105174412,0.430882714,5843.0,1129.0
0.8476436932324738,0.6441323476666666,0.09483100366666668,0.352460205,5843.0,1129.0
0.8418291018598925,0.48546186675,0.17899968549999998,0.33605414925,5843.0,1129.0
0.8577557832317976,0.05405359666666667,0.19115953466666666,0.32383464666666667,5843.0,1129.0
0.8055787700198093,0.0,0.21213040733333333,0.36258287066666667,5843.0,1129.0
0.669867648545725,0.0,0.2679127866666666,0.4802605638333333,5843.0,1129.0
0.7818823470581306,0.0,0.2510402993333333,0.29450005500000004,5843.0,1129.0
0.8518515466110353,0.103391912,0.2209075425,0.228680918,5843.0,1129.0
0.8384067111112782,0.31577463425,0.285498927,0.28399842025,5843.0,1129.0
0.841672872471008,0.1961581014,0.3062430364,0.3125346552,5843.0,1129.0
0.8160840985414687,0.0,0.26705486675,0.34648767150000004,5843.0,1129.0
0.6445527657335437,0.0,0.209694677,0.2899530931666667,5843.0,1129.0
0.6886870437222035,0.052957911,0.155994711,0.20691842475,5843.0,1129.0
0.7439174602252442,0.64151877325,0.0632123385,0.11282698225000001,5843.0,1129.0
0.7249860338181128,0.777403017,0.051767990333333326,0.09619551500000001,5843.0,1129.0
0.7643336877857376,0.1558049904,0.0589158548,0.0926464798,5843.0,1129.0
0.7182926901274157,0.0,0.0524056695,0.09335526175,5843.0,1129.0
0.6517413516054863,0.0,0.05733459242857143,0.12567444957142856,5843.0,1129.0
0.743830729857659,0.290565175,0.07435843049999999,0.225182085,5843.0,1129.0
0.733092633555504,0.6143203702500001,0.11961449625000001,0.27436802275,5843.0,1129.0
0.7239655052624218,0.53916889,0.233808291,0.336236979,5843.0,1129.0
0.7507751300455691,0.152972365,0.31569216533333333,0.41112281433333336,5843.0,1129.0
0.7556972691476984,0.0,0.3790938365,0.44362761175,5843.0,1129.0
0.6774361859339194,0.0,0.4417551575714285,0.46600566328571424,5843.0,1129.0
0.8401334755743085,0.06362503775,0.44241715424999994,0.566685186,5843.0,1129.0
0.852583504586697,0.33257158233333334,0.5113264405,0.6369907788333334,5843.0,1129.0
0.8544852594542419,0.066113651,0.5177220261666667,0.7111487593333333,5843.0,1129.0
0.6875239818775677,0.0,0.4992560158333333,0.6412363995,5843.0,1129.0
0.7635602106807797,0.0,0.44635552975000004,0.6160338145,5843.0,1129.0
0.8697583902011594,0.15709992849999999,0.45001992700000004,0.49419359749999997,5843.0,1129.0
0.8500188233389014,0.341849834,0.4870781838,0.5251580832,5843.0,1129.0
0.8599274569223572,0.118970043,0.472632224,0.6019448407500001,5843.0,1129.0
0.7986999316771156,0.0,0.5232274939999999,0.595484705,5843.0,1129.0
0.6595326551880277,0.0,0.5710122,0.6390062950000001,5843.0,1129.0
0.7574596552140188,0.0,0.5404952845,0.66500623,5843.0,1129.0
0.8588475238337863,0.1516956845,0.442779932,0.6373772395,5843.0,1129.0
0.8425228121595647,0.41197855283333334,0.360031094,0.523077577,5843.0,1129.0
0.8492597727731268,0.231606227,0.1682764605,0.349679243,5843.0,1129.0
0.8429769536155529,0.00044170675,0.09816766200000002,0.193417075,5843.0,1129.0
0.688038159938273,0.0,0.09389604016666665,0.31057860433333334,5843.0,1129.0
0.7623266235478426,0.0,0.18254296125,0.40220566350000003,5843.0,1129.0
0.862130799449154,0.1205045195,0.286537952,0.468665027,5843.0,1129.0
0.8487429257841822,0.29179933933333335,0.4402843845,0.5189525158333333,5843.0,1129.0
0.8580991539054308,0.068132198,0.45555946375,0.5333698547500001,5843.0,1129.0
0.781825471083323,0.0,0.439628598,0.6085511035,5843.0,1129.0
0.6600447261260303,0.0,0.37364550374999994,0.5323308575000001,5843.0,1129.0
0.7596461877974126,0.0,0.36462111399999997,0.5314193355,5843.0,1129.0
0.8641790832011644,0.256115937,0.37526788099999997,0.4761112755,5843.0,1129.0
0.8471734208754574,0.5573542702500001,0.4624843725000001,0.542217503,5843.0,1129.0
0.8500533047926159,0.326547069,0.5134327535,0.625863474,5843.0,1129.0
0.8422374099927471,0.0003884795,0.51220568,0.67028037275,5843.0,1129.0
0.687432783596599,0.0,0.53253381775,0.615411921,5843.0,1129.0
0.623313090904834,0.0,0.5511814916666666,0.5543605846666667,5843.0,1129.0
0.6746044373835625,0.020173902,0.5617528,0.50826899225,5843.0,1129.0
0.7338668623352618,0.29476791649999995,0.6242413073333334,0.5016296485,5843.0,1129.0
0.7521246464223714,0.08616676233333335,0.5494605950000001,0.5496407345000001,5843.0,1129.0
0.7080315817103561,0.0,0.47766631950000005,0.61509766825,5843.0,1129.0
0.6328550243307901,0.0,0.4281248778333333,0.5109541015,5843.0,1129.0
0.7068948116717793,0.08731317866666667,0.3890528656666667,0.4423252813333334,5843.0,1129.0
0.7248868208879067,0.36687452,0.3572706205,0.37552824525,5843.0,1129.0
0.7364058885025735,0.28048970375000004,0.348286345,0.305461017,5843.0,1129.0
0.7490004252856002,0.00032405233333333334,0.30457789316666667,0.25116084,5843.0,1129.0
0.6713924439725041,0.0,0.20216570633333333,0.24787841566666668,5843.0,1129.0
0.8333258023588124,0.0736287535,0.12259502125,0.13273415325,5843.0,1129.0
0.8433086962113453,0.401997015,0.08925076450000001,0.09865664066666667,5843.0,1129.0
0.8488136773432366,0.07610371625000001,0.09543173775,0.09937931875,5843.0,1129.0
0.7818170076150277,0.0,0.07799889525,0.12116716725,5843.0,1129.0
0.6580385023386057,0.0,0.08252775575,0.12451182475,5843.0,1129.0
0.7568442898090948,0.0,0.11461210825,0.14688115499999999,5843.0,1129.0
0.8588007463757651,0.1920488795,0.1154467605,0.173651489,5843.0,1129.0
0.8380969134757387,0.5884346893333333,0.11967861133333334,0.23092284466666668,5843.0,1129.0
0.8447783326462939,0.13190443175,0.15738169475,0.3173156155,5843.0,1129.0
0.7813742483792773,0.0,0.186200533,0.2657071995,5843.0,1129.0
0.6716991902286277,0.0,0.20171155333333332,0.28681551883333334,5843.0,1129.0
0.8319009378617352,0.077536846,0.21670942575000002,0.32927717674999996,5843.0,1129.0
0.8374407484868458,0.46762453666666665,0.206023614,0.27011890833333335,5843.0,1129.0
0.8399409338634515,0.1893672825,0.19244201449999998,0.236180005,5843.0,1129.0
0.8308970475024194,0.0004732505,0.2529664555,0.2932565365,5843.0,1129.0
0.6849493769489698,0.0,0.27206055383333333,0.3706192036666667,5843.0,1129.0
0.7519831276835125,0.0,0.2096674215,0.32383229900000005,5843.0,1129.0
0.8477971678006544,0.1621755315,0.1700114795,0.292221453,5843.0,1129.0
0.8394700215430062,0.46747713125,0.129965985,0.18521910774999997,5843.0,1129.0
0.8391438198057559,0.29599641025,0.11360139975,0.1373761155,5843.0,1129.0
0.8322654887150938,0.00029663925,0.12405838675,0.20176982825,5843.0,1129.0
0.7192663787691597,0.0,0.12625694166666668,0.28187684566666665,5843.0,1129.0
0.6697701055846421,0.0,0.1260448922,0.2343816098,5843.0,1129.0
0.8301192250568783,0.08051964075000001,0.13162175774999998,0.24072923624999998,5843.0,1129.0
0.8394005030350247,0.4746485118333333,0.137860506,0.23034820016666668,5843.0,1129.0
0.8373674839769322,0.06918060266666666,0.17148875833333332,0.2951722308333333,5843.0,1129.0
0.6875816733664983,0.0,0.22047049775,0.42251270975,5843.0,1129.0
0.6287590225848702,0.0,0.22311557875,0.43491597025000006,5843.0,1129.0
0.6842850566834849,0.019498817666666664,0.24737316733333334,0.458169945,5843.0,1129.0
0.7375765671275633,0.39867640525000003,0.237275491,0.41896193550000005,5843.0,1129.0
0.7286028392108695,0.37313936366666667,0.2542231923333333,0.4252102423333333,5843.0,1129.0
0.76047320702209,0.04475343516666667,0.29757781533333333,0.5682693795000001,5843.0,1129.0
0.6600555620531918,0.0,0.3660481546666667,0.5861478296666667,5843.0,1129.0
0.6546068169868234,0.0,0.34390582799999997,0.638567797,5843.0,1129.0
0.739921108452113,0.0769300765,0.36321472850000003,0.668138201,5843.0,1129.0
0.7510925335188163,0.2245641076,0.3330236538,0.6048584158,5843.0,1129.0
0.7649018449410645,0.122240433,0.340900708,0.606101598,5843.0,1129.0
0.785562259163676,0.0082530274,0.3330133462,0.5719928324,5843.0,1129.0
0.6812993809557598,0.0,0.23004708133333332,0.48550725450000004,5843.0,1129.0
0.7561707685160416,0.0,0.1244933255,0.50032356175,5843.0,1129.0
0.8635677914819724,0.084939486,0.09481302,0.395687332,5843.0,1129.0
0.8500482103707645,0.3055472428,0.0802063338,0.35794350779999995,5843.0,1129.0
0.8585821937616173,0.13155577625,0.10915576,0.45176684575000003,5843.0,1129.0
0.8379101623794458,0.0,0.10916337966666667,0.3145861073333333,5843.0,1129.0
0.6866635847117317,0.0,0.1774540285,0.4371301918333333,5843.0,1129.0
0.7602029876959211,0.0,0.23494543025,0.5443414707500001,5843.0,1129.0
0.8606227748868319,0.20292896479999997,0.36702226959999995,0.6345686656,5843.0,1129.0
0.8576572258045528,0.30998183925,0.48410513425,0.60994234475,5843.0,1129.0
0.8694646845095271,0.02552837075,0.440011711,0.478206432,5843.0,1129.0
0.7860520228916417,0.0,0.429159435,0.3974477425,5843.0,1129.0
0.6724685062691166,0.0,0.36465871599999994,0.3361175525,5843.0,1129.0
0.7908137145747655,0.0,0.3260988413333334,0.2554154886666667,5843.0,1129.0
0.8676942095480323,0.26655441874999997,0.325212261,0.220615128,5843.0,1129.0
0.8502861856001985,0.46149837375,0.37930050925,0.36283177474999995,5843.0,1129.0
0.8789497030035552,0.10472180249999999,0.2756335935,0.42636584600000005,5843.0,1129.0
0.7866574147999204,0.0,0.25766462074999996,0.39915763825,5843.0,1129.0
0.6663928652481466,0.0,0.24206810175000004,0.40016003525,5843.0,1129.0
0.7680276151986679,0.0,0.22287114625,0.39472599175,5843.0,1129.0
0.8827485378706348,0.0761997865,0.2124113195,0.411809805,5843.0,1129.0
0.8567787778474021,0.2630035398,0.20359215960000002,0.33589528040000005,5843.0,1129.0
0.8686798851929162,0.08446725449999999,0.17140233075,0.231375438,5843.0,1129.0
0.8398116987460038,0.0,0.16778330899999996,0.2684888616666667,5843.0,1129.0
0.7061535278379145,0.0,0.1477571875,0.2405869645,5843.0,1129.0
0.7039315023559195,0.0,0.13624558199999998,0.27500124340000004,5843.0,1129.0
0.8669754950035635,0.052443487000000004,0.14465657899999998,0.262213297,5843.0,1129.0
0.8584001016824705,0.3994684403333333,0.23804666416666667,0.25689866483333335,5843.0,1129.0
0.86202933112095,0.06319601116666666,0.21885884316666668,0.30895214583333336,5843.0,1129.0
0.6698442619709003,0.0,0.21595455271428568,0.3475940157142858,5843.0,1129.0
0.6956381515601368,0.0166801795,0.16338102575,0.2935339305,5843.0,1129.0
0.7632506877700969,0.4453586358,0.2487740362,0.27899974040000003,5843.0,1129.0
0.7708297708075276,0.2649688575,0.33959591075,0.3778583775,5843.0,1129.0
0.7973750838722578,0.000376632,0.44797857575,0.587729587,5843.0,1129.0
0.6734349059009377,0.0,0.4642538366,0.620059428,5843.0,1129.0
0.6362312228309718,0.0,0.4239435946666667,0.5969790243333333,5843.0,1129.0
0.7102876250184289,0.03294455,0.36052234650000003,0.56594932375,5843.0,1129.0
0.7488751233754277,0.2867969426666667,0.41677320566666665,0.5506182513333333,5843.0,1129.0
0.7465600267306165,0.35211989125,0.42634528124999993,0.43365197725,5843.0,1129.0
0.7793926471624494,0.006466592,0.429004722,0.44032670739999996,5843.0,1129.0
0.6839168613224578,0.0,0.5702295276666666,0.49252821750000003,5843.0,1129.0
0.7351038988383237,0.0,0.625011057,0.634291437,5843.0,1129.0
0.8654116402174106,0.173652686,0.60310219275,0.779292165,5843.0,1129.0
0.8554169154203352,0.484984571,0.6169400325000001,0.675836889,5843.0,1129.0
0.8630077568294429,0.2617551043333333,0.461147751,0.5242145223333333,5843.0,1129.0
0.8568581451161472,0.000332787,0.39776933475,0.53152830825,5843.0,1129.0
0.7002439641517151,0.0,0.26933108359999997,0.46157437099999993,5843.0,1129.0
0.7003007745274962,0.0,0.23442307799999998,0.375667435,5843.0,1129.0
0.8682267895420491,0.0706309245,0.19887839449999997,0.33890831175,5843.0,1129.0
0.864568123234206,0.63142846425,0.1530173035,0.28529448600000007,5843.0,1129.0
0.8617466058010361,0.45118337575000006,0.16251495975,0.24134850349999998,5843.0,1129.0
0.8634618045880065,0.00045454975,0.16289196925,0.29535161325000003,5843.0,1129.0
0.6986033767758183,0.0,0.16972972516666665,0.3486930625,5843.0,1129.0
0.8082136347159711,0.0134045748,0.16686041560000003,0.3546298866,5843.0,1129.0
0.8942828703145811,0.512762253,0.1421570995,0.3591445765,5843.0,1129.0
0.8584693002899545,0.7943523855,0.12024796349999999,0.31141379875,5843.0,1129.0
0.8618103337350617,0.41661254333333336,0.11436773133333333,0.28729829300000004,5843.0,1129.0
0.8561552415992812,0.00048050425,0.1500505135,0.3517175775,5843.0,1129.0
0.6993964717391883,0.0,0.20389312183333333,0.4812868078333334,5843.0,1129.0
0.7179847732355362,0.0,0.22056268,0.5266741045000001,5843.0,1129.0
0.870934383346257,0.10906948175,0.22379276850000002,0.504015954,5843.0,1129.0
0.8609954029807155,0.6196269357499999,0.1630857045,0.3700164955,5843.0,1129.0
0.8656263110373945,0.2690895076,0.1566127496,0.2354881872,5843.0,1129.0
0.82536359326351,0.0,0.174569947,0.278957346,5843.0,1129.0
0.6785072808998569,0.0,0.171442192,0.40359042450000004,5843.0,1129.0
0.7178960177609514,0.0,0.2100965485,0.48725220325,5843.0,1129.0
0.8729381059322252,0.06728486299999999,0.24173459833333333,0.5238498063333333,5843.0,1129.0
0.8540235559040591,0.5023759011666666,0.2702313815,0.5097297645,5843.0,1129.0
0.8655323221893828,0.07949415933333333,0.2206148695,0.35980374983333335,5843.0,1129.0
0.7045149452945296,0.0,0.1947224995,0.43586057025,7336.5,1418.0
0.6582710904804813,0.0,0.18697112999999999,0.38104055475,8830.0,1707.0
0.7437830158450099,0.0617159465,0.1669232965,0.35781985625,8830.0,1707.0
0.7752803372890286,0.5338204456,0.16519275760000002,0.40700431360000006,8830.0,1707.0
0.7885688934757691,0.2711619943333333,0.20538293100000002,0.41122189166666673,8830.0,1707.0
0.8130656847818691,0.00034404675,0.22357136425000002,0.42260478425000003,8830.0,1707.0
0.6949587421514283,0.0,0.2346534125,0.4802258875,8830.0,1707.0
0.6482564419994143,0.0,0.22097762925,0.47364452975000004,8830.0,1707.0
0.7384866683408103,0.072079953,0.21176360025,0.41805415125,8830.0,1707.0
0.7637126238501618,0.5171537185,0.19231316733333337,0.3896351706666667,8830.0,1707.0
0.8026877262547468,0.07608273,0.22784304333333336,0.4666494033333333,8830.0,1707.0
0.7204279656982916,0.0,0.25153888,0.550851828,8830.0,1707.0
0.6652718086684007,0.0,0.2321466015,0.524058108,8830.0,1707.0
0.865156082369747,0.05302073780000001,0.198439044,0.4426888754,8830.0,1707.0
0.884568334563726,0.4952174088333334,0.12626320133333332,0.33552632033333335,8830.0,1707.0
0.9031647132870629,0.11421874966666667,0.12601955366666667,0.2620090286666667,8830.0,1707.0
0.8500346921551558,0.0,0.13400041925,0.1536685895,8830.0,1707.0
0.6781038150910725,0.0,0.104397509,0.09540573016666666,8830.0,1707.0
0.8605701255971775,0.05959150099999999,0.066265072,0.0877547638,8830.0,1707.0
0.8770024146013202,0.6444794808000001,0.03600446,0.11448365819999999,8830.0,1707.0
0.8685418470386089,0.527654192,0.0325653985,0.1082048005,8830.0,1707.0
0.8826821175772455,0.03146290225,0.04642624225,0.080667637,8830.0,1707.0
0.7538952345733876,0.0,0.05973478425,0.113450824,8830.0,1707.0
0.6681007009768856,0.0,0.061158986750000005,0.20945864449999999,8830.0,1707.0
0.8536025660643313,0.0064983135,0.06684755349999999,0.20869109125,8830.0,1707.0
0.8890636113041492,0.612276779,0.07648682666666666,0.21637415683333336,8830.0,1707.0
0.8782992427421764,0.39439638799999993,0.103626556,0.245734673,8830.0,1707.0
0.876710399304904,0.00043306375,0.13401645325,0.35007954500000005,8830.0,1707.0
0.6943855453505218,0.0,0.17042995400000002,0.39091875285714284,8830.0,1707.0
0.7880669677679033,0.0,0.15491248000000002,0.385210363,8830.0,1707.0
0.9073226518869923,0.21439813400000002,0.12889674325,0.31258690149999996,8830.0,1707.0
0.8653570898798291,0.6972224499999999,0.077540211,0.26305749275,8830.0,1707.0
0.8669555790081213,0.39262907499999994,0.10254404366666665,0.233169657,8830.0,1707.0
0.8515871389698457,0.000337483,0.129208583,0.22009288219999998,8830.0,1707.0
0.678354247245606,0.0,0.11009030466666668,0.23296770216666665,8830.0,1707.0
0.8556373410219129,0.00530654225,0.11265251875000001,0.30533550750000005,8830.0,1707.0
0.9136525529447695,0.37521689449999995,0.1259106015,0.3696501885,8830.0,1707.0
0.8850724765364986,0.6837616357499999,0.13636175125,0.40118168350000005,8830.0,1707.0
0.8824796725818991,0.483912416,0.17277999249999998,0.4538939415,8830.0,1707.0
0.890198074412498,0.022248247399999997,0.2819954936,0.5306246018,8830.0,1707.0
0.7210766388457545,0.0,0.2830052326666667,0.562270637,8830.0,1707.0
0.6477986365301247,0.0,0.2532701313333333,0.5839369041666667,8830.0,1707.0
0.7517199203006509,0.08487257233333334,0.18570555733333335,0.5307622373333333,8830.0,1707.0
0.7573249259784522,0.6248703305000001,0.12163227416666667,0.382707933,8830.0,1707.0
0.8019066728994595,0.13842644275000002,0.14883552075,0.47904572825,8830.0,1707.0
0.7818000454708378,0.0,0.17419079633333334,0.5395681256666667,8830.0,1707.0
0.6726224802816613,0.0,0.18056957525,0.53447194575,8830.0,1707.0
0.6681997461667725,0.0,0.20693974774999999,0.53338961725,8830.0,1707.0
0.760403212446724,0.115460577,0.198245054,0.532334934,8830.0,1707.0
0.7459283274226015,0.6912706158333334,0.14696554033333334,0.41919953216666667,8830.0,1707.0
0.7875212613764897,0.09629730199999999,0.2054328715,0.31303997866666666,8830.0,1707.0
0.6914159459382193,0.0,0.20839515628571428,0.2353145448571429,8830.0,1707.0
0.8710765326517299,0.06783266959999999,0.21799860259999998,0.24604730660000002,8830.0,1707.0
0.8761238027643683,0.6555102192000001,0.10128113000000001,0.2623806032,8830.0,1707.0
0.8790762769489936,0.17378275683333336,0.08865841533333334,0.4041021011666667,8830.0,1707.0
0.7262872977537089,0.0,0.07079924166666667,0.3777378891666667,8830.0,1707.0
0.7451424902466057,0.0,0.04674549125,0.33760630275,8830.0,1707.0
0.9323157656000266,0.072071201,0.04710967733333334,0.20058510733333335,8830.0,1707.0
0.889847922029704,0.4791353378,0.04668750000000001,0.1056360794,8830.0,1707.0
0.8882304033929815,0.265878756,0.0723876305,0.13039461,8830.0,1707.0
0.9081981030967423,0.01021876525,0.10771125025,0.225441063,8830.0,1707.0
0.7598967214191373,0.0,0.12465573599999999,0.29761616300000004,8830.0,1707.0
0.673507577277184,0.0,0.11457066275000001,0.18394513525,8830.0,1707.0
0.8727686798823504,0.0448710726,0.0800458074,0.1122435758,8830.0,1707.0
0.893297155590751,0.45025692766666675,0.08842686583333333,0.119835197,8830.0,1707.0
0.9074057494421669,0.08469305633333334,0.191646142,0.346145763,8830.0,1707.0
0.8443711950950504,0.0,0.31185957675,0.48338055425,8830.0,1707.0
0.6769425286515586,0.0,0.47527405450000004,0.59058296575,8830.0,1707.0
0.7241552725576035,0.0,0.57581876975,0.69557653575,8830.0,1707.0
0.903467666706078,0.028431508333333338,0.5824951933333332,0.8052836556666666,8830.0,1707.0
0.9042878729828029,0.3176467225,0.6487030791666667,0.8224528296666667,8830.0,1707.0
0.9315198065031927,0.08715921224999999,0.71289019825,0.8541163355,8830.0,1707.0
0.7814073016552037,0.0,0.5977261486000002,0.770419363,8830.0,1707.0
0.6666440544134414,0.0,0.54041845825,0.762145357,8830.0,1707.0
0.8609801382407747,0.0457021948,0.42898572960000003,0.6599158776,8830.0,1707.0
0.890648927254013,0.47578799025,0.39490956899999996,0.57806315725,8830.0,1707.0
0.9055734632207377,0.21657806300000004,0.3435684672,0.43547349300000004,8830.0,1707.0
0.8586128402509298,0.0,0.2943065895,0.38973853775,8830.0,1707.0
0.6583100132462819,0.0,0.30091226283333333,0.43284651783333333,8830.0,1707.0
0.7045937857487587,0.0024097715,0.30789383825,0.40987594800000005,8830.0,1707.0
0.7833515581186818,0.37530623775,0.30995032499999997,0.429229358,8830.0,1707.0
0.7821484278738104,0.3233292896,0.38218140540000006,0.5131107758,8830.0,1707.0
0.8024412897769508,0.00046190325,0.3779708165,0.52784804525,8830.0,1707.0
0.6688179639286854,0.0,0.36572283116666665,0.26188887833333335,8830.0,1707.0
0.6537223754807259,0.0,0.4138013106666667,0.2566176003333333,8830.0,1707.0
0.7540415138236559,0.08630114550000001,0.4875060995,0.40234419975,8830.0,1707.0
0.7655900456101576,0.3535372332500001,0.5662439445,0.58257623925,8830.0,1707.0
0.7989385875299506,0.11606614216666668,0.5041825598333333,0.6008397838333334,8830.0,1707.0
0.736533836004614,0.0,0.371144503,0.56822695875,8830.0,1707.0
0.6758017356337731,0.0,0.282479248,0.51381743,8830.0,1707.0
0.8851702270694585,0.0442290026,0.1901308886,0.4627582898,8830.0,1707.0
0.9042249645425364,0.50382859275,0.0989466035,0.33871910425,8830.0,1707.0
0.9035153182628013,0.4390581235,0.10105835875,0.30115089475,8830.0,1707.0
0.8969497503677254,0.0004309445,0.15800289975,0.40369343775,8830.0,1707.0
0.7120761675000209,0.0,0.24465225014285713,0.5199177904285713,8830.0,1707.0
0.8734259531079253,0.00162933975,0.3334816485,0.6414736142499999,8830.0,1707.0
0.9089879281932456,0.3856276103333333,0.383196327,0.6637768288333333,8830.0,1707.0
0.9184837474339081,0.14270625275000004,0.39700346724999996,0.533183942,8830.0,1707.0
0.8762334154535901,0.0,0.34764050566666665,0.4380993403333333,8830.0,1707.0
0.7135684775225517,0.0,0.28590392825,0.45937310950000004,8830.0,1707.0
0.6671005721590344,0.0,0.30539027133333335,0.5235889446666667,8830.0,1707.0
0.8480563405225854,0.00104387825,0.33639701074999995,0.54644734575,8830.0,1707.0
0.8958461475796948,0.32322486100000003,0.35219390175,0.58197601525,8830.0,1707.0
0.8792184980801349,0.48398073933333335,0.37005598,0.552786866,8830.0,1707.0
0.9105458050647377,0.08595172849999999,0.2603430745,0.46652213275000004,8830.0,1707.0
0.78186325833975,0.0,0.2405385734,0.4287268824,8830.0,1707.0
0.666372578605075,0.0,0.21045342949999998,0.46640021475000004,8830.0,1707.0
0.8648142834223632,0.0283016396,0.16850731439999997,0.38615211120000004,8830.0,1707.0
0.8865878681502247,0.3767780795,0.1967672865,0.3214590205,8830.0,1707.0
0.9040333733800081,0.044442911599999996,0.1646429728,0.3320447092,8830.0,1707.0
0.7570036447231645,0.0,0.1797649375,0.443818893,8830.0,1707.0
0.7139511688850138,0.0,0.20488301816666668,0.5325900888333334,8830.0,1707.0
0.9209982798273579,0.17654137200000003,0.19608519340000002,0.5880049678,8830.0,1707.0
0.8892722449047689,0.5025707377499999,0.1943287635,0.5595830912499999,8830.0,1707.0
0.896401655896696,0.06459769966666666,0.19529414166666667,0.531266055,8830.0,1707.0
0.7228727734873264,0.0,0.19249335433333334,0.4354441276666667,8830.0,1707.0
0.6542497424082901,0.0,0.16623726833333333,0.4546945546666666,8830.0,1707.0
0.757160158961967,0.072205433,0.13023320233333333,0.41313284266666667,8830.0,1707.0
0.7666949985101298,0.532012904,0.06406980983333334,0.2517704416666667,8830.0,1707.0
0.8047110057890331,0.08235946816666666,0.07477526716666666,0.1612654136666667,8830.0,1707.0
0.6755242211797157,0.0,0.09830823914285715,0.1969658667142857,8830.0,1707.0
0.7112009804777931,0.001380697,0.08598457725,0.20418506725,8830.0,1707.0
0.781009791112347,0.5565097548,0.0540090046,0.1597244378,8830.0,1707.0
0.7814893776756242,0.45743675975,0.029557445749999998,0.07461535475,8830.0,1707.0
0.8125976521750288,0.0,0.0411998485,0.09585393225000001,8830.0,1707.0
0.6963842153975075,0.0,0.062163328,0.11549227699999999,8830.0,1707.0
0.8335932957856753,0.0011345218000000002,0.0799707292,0.1166695042,8830.0,1707.0
0.9185650500512558,0.46254582333333333,0.07007398499999999,0.12196537333333334,8830.0,1707.0
0.8776948107248965,0.69382158975,0.03747189625,0.0830759325,8830.0,1707.0
0.8982913299689228,0.1565781913333333,0.054634138666666665,0.154385336,8830.0,1707.0
0.8757139774506473,0.0,0.059494618,0.14080310633333334,8830.0,1707.0
0.7228764180356035,0.0,0.05858805575,0.16008316700000003,8830.0,1707.0
0.6812321567758244,0.0,0.05926658266666666,0.26933334833333333,8830.0,1707.0
0.8797944935597357,0.020070116399999997,0.06283958780000001,0.28283948000000003,8830.0,1707.0
0.8900399142962622,0.46369793516666663,0.033448274833333326,0.26774928200000003,8830.0,1707.0
0.8943746460082994,0.0628270985,0.0474801795,0.1963779008333333,8830.0,1707.0
0.70036023032575,0.0,0.05709269328571429,0.13979069185714285,8830.0,1707.0
0.877658161376454,0.0308366956,0.04884002479999999,0.162274337,8830.0,1707.0
0.9135946312054493,0.3778970405,0.038726951499999995,0.152268227,8830.0,1707.0
0.8861133112815022,0.578202692,0.0239496705,0.12153056,8830.0,1707.0
0.8935572959734471,0.08522875116666667,0.02214801433333333,0.10845352583333333,8830.0,1707.0
0.708189807823195,0.0,0.022330865571428573,0.11689879314285714,8830.0,1707.0
0.8838303767745745,0.0427899828,0.021227533799999997,0.1099231678,8830.0,1707.0
0.8994192346094675,0.4999367313333334,0.012699849666666665,0.04025243283333333,8830.0,1707.0
0.9245199194230734,0.14457275166666667,0.024458345000000003,0.044013577,8830.0,1707.0
0.8624188393974651,0.0,0.030748040499999997,0.07025431125,8830.0,1707.0
0.6901413420809055,0.0,0.049903922600000004,0.0776341542,8830.0,1707.0
0.7635586420272423,0.0,0.07536908366666667,0.11269039733333334,8830.0,1707.0
0.9246918583804915,0.117699253,0.08540387625,0.08934281849999999,8830.0,1707.0
0.8890633459138412,0.4996341773333333,0.08228866233333333,0.07469699133333332,8830.0,1707.0
0.8855513646302778,0.4606997476666667,0.12731025033333335,0.103500938,8830.0,1707.0
0.9140624297446975,0.0395874005,0.18464197775000002,0.133091107,8830.0,1707.0
0.8141613742254192,0.0,0.222395847,0.178250387,8830.0,1707.0
0.6718890823950525,0.0,0.23375322925000003,0.2860852995,8830.0,1707.0
0.667282328635717,0.0,0.277836931,0.33464507275,8830.0,1707.0
0.775937526186921,0.2152923344,0.2359654012,0.3449272804,8830.0,1707.0
0.7625635546506415,0.5983891705,0.2437699565,0.38114314175,8830.0,1707.0
0.8033085935746282,0.28533929599999996,0.26060837800000003,0.462103475,8830.0,1707.0
0.8137664109909486,0.00044974475,0.32166862175,0.545647535,8830.0,1707.0
0.7189473957538736,0.0,0.32038773400000004,0.5579777693333333,8830.0,1707.0
0.6663503760513528,0.0,0.2879317201666666,0.5699260421666666,8830.0,1707.0
0.770831366682319,0.11178851199999999,0.26460811166666665,0.5833203969999999,8830.0,1707.0
0.7700389240761026,0.7484838027999998,0.15999957960000002,0.5364139176,8830.0,1707.0
0.7960764858625765,0.284003273,0.17737127219999999,0.5282583592,8830.0,1707.0
0.7572857168575109,0.0,0.1807180136,0.5224970648,8830.0,1707.0
0.6866092957577496,0.0,0.14913001225,0.47851789925000004,8830.0,1707.0
0.888562350498767,0.0710519348,0.1267077368,0.4914216486000001,8830.0,1707.0
0.9092519550292579,0.6578075135,0.0744576855,0.4034329095,8830.0,1707.0
0.8767706856791797,0.798495056,0.042104095,0.345248775,8830.0,1707.0
0.896741007503076,0.12375645166666667,0.060403212000000005,0.32482137783333337,8830.0,1707.0
0.7727751229298709,0.0,0.0709106205,0.310658279,8830.0,1707.0
