Demand,Avail_Sol,Avail_Wind_On,Avail_Wind_Off,Hyd_In,HydRoR_In
0.7736271311061008,0.0,0.556324024,0.5458967616666667,24971.0,1231.0
0.7824335094465742,0.0,0.5475193389999999,0.5295049785,24971.0,1231.0
0.8493136419050357,0.0,0.537803233,0.528013144,24971.0,1231.0
0.8877156420995138,0.0,0.525420416,0.519968219,24971.0,1231.0
0.8761381633052492,0.0,0.4970520315,0.490724024,24971.0,1231.0
0.8729143328570902,0.0,0.471164664,0.449814095,24971.0,1231.0
0.8745833965066622,0.005827449,0.48146441,0.415173725,24971.0,1231.0
0.8749983671996775,0.015089231,0.453577522,0.397468254,24971.0,1231.0
0.8742727839971187,0.0184537805,0.4073858695,0.351301055,24971.0,1231.0
0.8738825660516607,0.004935364,0.356598024,0.303254844,24971.0,1231.0
0.8755428265796564,0.0,0.33008032,0.269460115,24971.0,1231.0
0.8814578603065512,0.0,0.304176488,0.245630628,24971.0,1231.0
0.8829433863476784,0.0,0.284796707,0.227396127,24971.0,1231.0
0.8766903846998507,0.0,0.26791986300000004,0.19690325549999999,24971.0,1231.0
0.855920987317822,0.0,0.26238741649999997,0.1653928595,24971.0,1231.0
0.8030174054691868,0.0,0.25958989899999996,0.19088426749999998,24971.0,1231.0
0.7771206516087739,0.0,0.2570782965,0.2170904285,24971.0,1231.0
0.773750909203031,0.0,0.2489149665,0.2010052585,24971.0,1231.0
0.798195692270141,0.0,0.251790288,0.155343064,24971.0,1231.0
0.8555080994600227,0.0,0.261783432,0.120112047,24971.0,1231.0
0.8914605996998066,0.0,0.268720607,0.085793447,24971.0,1231.0
0.8803252577177734,0.0,0.26164137,0.06988901750000001,24971.0,1231.0
0.8834443992389146,0.0,0.252630033,0.076500934,24971.0,1231.0
0.8811528795498197,0.032392437,0.246478012,0.08824882,24971.0,1231.0
0.8810104228992598,0.09272038,0.225837168,0.105868437,24971.0,1231.0
0.8792342561225994,0.1010157375,0.1973477105,0.107529507,24971.0,1231.0
0.8809401884614416,0.024902483,0.162501534,0.106614557,24971.0,1231.0
0.8860428870454583,0.0,0.131078107,0.109111069,24971.0,1231.0
0.8935572230074373,0.0,0.12052217,0.129243741,24971.0,1231.0
0.8974131170048806,0.0,0.118273972,0.147724813,24971.0,1231.0
0.8928035272247956,0.0,0.12708089849999998,0.158574037,24971.0,1231.0
0.8750529361568777,0.0,0.146852433,0.15991792449999997,24971.0,1231.0
0.843694880666486,0.0,0.188117564,0.246114633,24971.0,1231.0
0.7982042112463541,0.0,0.206008308,0.203141455,24971.0,1231.0
0.7893475630625012,0.0,0.229157284,0.159849925,24971.0,1231.0
0.7836326550686868,0.0,0.261333018,0.1658252215,24971.0,1231.0
0.7826758518905799,0.0,0.285477873,0.180690087,24971.0,1231.0
0.8060092349562552,0.0,0.299249252,0.184467217,24971.0,1231.0
0.8572462617943728,0.0,0.314902219,0.18796947,24971.0,1231.0
0.8960171348600781,0.0,0.324891587,0.188363113,24971.0,1231.0
0.8801207066070555,0.0,0.336467108,0.192098835,24971.0,1231.0
0.8771342725682371,0.0,0.350853358,0.206723135,24971.0,1231.0
0.8769838648179843,0.007291466,0.365187353,0.203716509,24971.0,1231.0
0.8769137248191496,0.034603335,0.35148478,0.212521542,24971.0,1231.0
0.8756064353772011,0.048897758,0.354427365,0.242392168,24971.0,1231.0
0.8752231742297685,0.030110428,0.35257726,0.236390989,24971.0,1231.0
0.8752555465050609,0.007218656,0.358795562,0.236526409,24971.0,1231.0
0.8769900174349274,0.0,0.360971196,0.249082757,24971.0,1231.0
0.8844187846362221,0.0,0.359317174,0.265139841,24971.0,1231.0
0.8862424208780668,0.0,0.354604244,0.289716496,24971.0,1231.0
0.8795987278472446,0.0,0.3463433425,0.3216693625,24971.0,1231.0
0.8600105388935273,0.0,0.3443352,0.32077428399999997,24971.0,1231.0
0.807255566312395,0.0,0.346254712,0.31111844349999995,24971.0,1231.0
0.7798371987071271,0.0,0.33817337000000003,0.281181216,24971.0,1231.0
0.7780775496400707,0.0,0.3310725365,0.2684904845,24971.0,1231.0
0.8038919767306983,0.0,0.327140737,0.243506989,24971.0,1231.0
0.8580705231725845,0.0,0.321479672,0.243880871,24971.0,1231.0
0.8965413379064776,0.0,0.312591772,0.248274307,24971.0,1231.0
0.885847139056317,0.0,0.31273353400000004,0.260798609,24971.0,1231.0
0.8877854979529853,0.0,0.316321386,0.286698107,24971.0,1231.0
0.8853584318131733,0.007039926,0.321969099,0.316477827,24971.0,1231.0
0.8821779534147736,0.0204480825,0.309201335,0.31587448399999996,24971.0,1231.0
0.8802847450506144,0.011048295,0.3053794515,0.3263649925,24971.0,1231.0
0.8864768830516172,0.0,0.33198419599999995,0.355046869,24971.0,1231.0
0.8926990746023401,0.0,0.350849697,0.360717982,24971.0,1231.0
0.8860880377850705,0.0,0.368127107,0.38627312199999997,24971.0,1231.0
0.8683150605359684,0.0,0.3676507465,0.39655828299999996,24971.0,1231.0
0.8143023978256767,0.0,0.36644763950000003,0.36580284350000003,24971.0,1231.0
0.786388437008477,0.0,0.3556655165,0.3860620735,24971.0,1231.0
0.7943284081580856,0.0,0.3351181273333333,0.43909784733333335,24971.0,1231.0
0.8639044371261779,0.0,0.312529858,0.454726698,24971.0,1231.0
0.9025240504197473,0.0,0.294920849,0.459982871,24971.0,1231.0
0.8910491785456962,0.0,0.26770724999999995,0.475502849,24971.0,1231.0
0.8934652174844466,0.0,0.242527824,0.482068402,24971.0,1231.0
0.892123993796121,0.0428549735,0.22920548149999997,0.4556623275,24971.0,1231.0
0.8889183844800232,0.0892373795,0.200406303,0.4565164505,24971.0,1231.0
0.8926820364428107,0.014764617,0.1884045415,0.481879843,24971.0,1231.0
0.9023758197365911,0.0,0.184418352,0.50907448,24971.0,1231.0
0.906206724681915,0.0,0.183656869,0.567537156,24971.0,1231.0
0.9031593795696766,0.0,0.1957371365,0.6683184485,24971.0,1231.0
0.8867540823860178,0.0,0.221309205,0.6932275925,24971.0,1231.0
0.8506900304459685,0.0,0.273660203,0.620506084,24971.0,1231.0
0.7963261004862928,0.0,0.27637414849999997,0.6320915425,24971.0,1231.0
0.7858178524091326,0.0,0.3204424245,0.6532241745,24971.0,1231.0
0.786826290515753,0.0,0.3383303465,0.580748847,24971.0,1231.0
0.7908085258553476,0.0,0.35846372849999997,0.513813528,24971.0,1231.0
0.8281989880249877,0.0,0.3651424335,0.5476436325,24971.0,1231.0
0.8498041476309293,0.0,0.365617521,0.691947785,24971.0,1231.0
0.8512192503562711,0.054804549,0.407464113,0.744188903,24971.0,1231.0
0.850282821560473,0.145024174,0.420549291,0.747856451,24971.0,1231.0
0.8491383397487502,0.146370974,0.439556628,0.7467856575,24971.0,1231.0
0.8517349344264573,0.071708746,0.448947466,0.784682586,24971.0,1231.0
0.8579844813885699,0.002256172,0.460365306,0.789822757,24971.0,1231.0
0.8736687387960365,0.0,0.454350109,0.757807499,24971.0,1231.0
0.8764861651610911,0.0,0.460083296,0.752877377,24971.0,1231.0
0.8732928608717769,0.0,0.460773212,0.7289213865,24971.0,1231.0
0.8570957589838273,0.0,0.4486196075,0.7072400765,24971.0,1231.0
0.8284127204274222,0.0,0.433822727,0.726241739,24971.0,1231.0
0.8015388836526798,0.0,0.41813874900000003,0.7542643925,24971.0,1231.0
0.7920139189475931,0.0,0.389635657,0.584364552,24971.0,1231.0
0.7903384659623098,0.0,0.3549837945,0.41655100850000004,24971.0,1231.0
0.7938665670108956,0.0,0.405329987,0.48407266,24971.0,1231.0
0.7958887910386881,0.0,0.5203306835,0.6435019550000001,24971.0,1231.0
0.8301984947138441,0.0,0.6540460804999999,0.5118118684999999,24971.0,1231.0
0.8493151566566286,0.0,0.692180854,0.779083303,24971.0,1231.0
0.8506452580836,0.035181618,0.679870008,0.762548303,24971.0,1231.0
0.8484319243462225,0.065972632,0.657492112,0.555685599,24971.0,1231.0
0.8473834234002339,0.069862044,0.622957366,0.377137148,24971.0,1231.0
0.846092982618538,0.063074539,0.602893348,0.477932086,24971.0,1231.0
0.8465752530993755,0.022569492,0.61103609,0.651181632,24971.0,1231.0
0.8507518403465572,0.0,0.630235297,0.789882777,24971.0,1231.0
0.8605437815731681,0.0,0.639463652,0.788553552,24971.0,1231.0
0.8629265492023542,0.0,0.642717742,0.80180893,24971.0,1231.0
0.8624998411519725,0.0,0.6456816085,0.825274862,24971.0,1231.0
0.8450951697259899,0.0,0.641036583,0.8415004175,24971.0,1231.0
0.8007858029660502,0.0,0.6201548545,0.84215212,24971.0,1231.0
0.784528287051963,0.0,0.5748624545000001,0.869835361,24971.0,1231.0
0.784943328574216,0.0,0.5085389615,0.814625186,24971.0,1231.0
0.8106706487499236,0.0,0.474829093,0.723405144,24971.0,1231.0
0.863543420087248,0.0,0.461399871,0.643102844,24971.0,1231.0
0.9029150729604937,0.0,0.470787466,0.583816419,24971.0,1231.0
0.8919008903955901,0.0,0.490428539,0.546145367,24971.0,1231.0
0.892939310808487,0.0,0.477901086,0.539941169,24971.0,1231.0
0.8946287252306221,0.03979814,0.465632011,0.610583174,24971.0,1231.0
0.8907725947215135,0.10153483999999999,0.4480838105,0.653770958,24971.0,1231.0
0.8892475496935861,0.104071689,0.420613558,0.746507766,24971.0,1231.0
0.8924041275734147,0.045895108,0.41006654,0.776687875,24971.0,1231.0
0.8956780781984938,0.001898342,0.377908718,0.778989806,24971.0,1231.0
0.9063932909651333,0.0,0.356538971,0.789160851,24971.0,1231.0
0.9090519794816894,0.0,0.343453044,0.798008647,24971.0,1231.0
0.9063838253209504,0.0,0.32901946800000004,0.822634181,24971.0,1231.0
0.8907389446204994,0.0,0.32203654849999996,0.847706489,24971.0,1231.0
0.854339669703134,0.0,0.333079805,0.849055161,24971.0,1231.0
0.806665956192804,0.0,0.338210888,0.865890345,24971.0,1231.0
0.7980801178005372,0.0,0.341394282,0.876085554,24971.0,1231.0
0.7956721716199555,0.0,0.33743583450000003,0.850013643,24971.0,1231.0
0.821700497002548,0.0,0.337080068,0.807386748,24971.0,1231.0
0.8738985626900304,0.0,0.333439579,0.787329733,24971.0,1231.0
0.9112019889810913,0.0,0.331951288,0.776664264,24971.0,1231.0
0.9012244279321286,0.0,0.335745402,0.7612199495,24971.0,1231.0
0.9000502241426435,0.001177606,0.346511652,0.738538971,24971.0,1231.0
0.8992405395043984,0.081798191,0.389138616,0.726592521,24971.0,1231.0
0.8954430007218286,0.2489567445,0.37787702,0.6431279649999999,24971.0,1231.0
0.8940575727547574,0.230994094,0.368790821,0.605288039,24971.0,1231.0
0.8931890124517136,0.100076772,0.373743862,0.609420181,24971.0,1231.0
0.8965803362362496,0.003381202,0.377683716,0.622639013,24971.0,1231.0
0.9054828451089163,0.0,0.370247444,0.6163768839999999,24971.0,1231.0
0.9023491740673002,0.0,0.3781727075,0.5866484115,24971.0,1231.0
0.8843291456796045,0.0,0.3986214945,0.5470334450000001,24971.0,1231.0
0.8236353535798033,0.0,0.4509117625,0.4780157395,24971.0,1231.0
0.7904416879785353,0.0,0.458928777,0.515312698,24971.0,1231.0
0.787333786767478,0.0,0.4619432735,0.5250700305,24971.0,1231.0
0.812106196686812,0.0,0.455059356,0.510177892,24971.0,1231.0
0.8646662258740911,0.0,0.453800176,0.496168066,24971.0,1231.0
0.902905228939067,0.0,0.452948956,0.470069975,24971.0,1231.0
0.891993700513869,0.0,0.4603145485,0.44038432149999995,24971.0,1231.0
0.8935791829705768,0.0,0.461931278,0.44152393,24971.0,1231.0
0.8926982225804572,0.043261005,0.460159473,0.494267469,24971.0,1231.0
0.8903927888811053,0.143330013,0.471109093,0.50422558,24971.0,1231.0
0.8856351102834426,0.173461261,0.4711458375,0.458109357,24971.0,1231.0
0.8873825487626994,0.022777998,0.4495843035,0.42439670949999997,24971.0,1231.0
0.8955226535843379,0.0,0.427793028,0.440559242,24971.0,1231.0
0.8980379389894674,0.0,0.410927477,0.428803807,24971.0,1231.0
0.8917283331829212,0.0,0.3881091845,0.4250221205,24971.0,1231.0
0.8702346304240554,0.0,0.3794993045,0.4677589905,24971.0,1231.0
0.8285346370132456,0.0,0.375814515,0.457524237,24971.0,1231.0
0.7878180690471908,0.0,0.38172755449999995,0.5034619465000001,24971.0,1231.0
0.7781361651834583,0.0,0.36590852799999996,0.55464226,24971.0,1231.0
0.790042382973241,0.0,0.34722550500000005,0.6013383459999999,24971.0,1231.0
0.8580679675211411,0.0,0.337046834,0.599491889,24971.0,1231.0
0.8960171348600781,0.0,0.320658222,0.576473983,24971.0,1231.0
0.8833131588744867,0.0,0.298216957,0.5418404195,24971.0,1231.0
0.8834370160157415,0.0,0.27439781,0.521710484,24971.0,1231.0
0.8828743825160901,0.010484586,0.265701078,0.553471576,24971.0,1231.0
0.8815347207988491,0.026994958,0.243611074,0.584579361,24971.0,1231.0
0.8804891066620555,0.033706247,0.227142685,0.601285415,24971.0,1231.0
0.8800871513592313,0.015517319,0.208850196,0.590308467,24971.0,1231.0
0.885464256493231,0.001355164,0.207946531,0.580923743,24971.0,1231.0
0.8929917497109794,0.0,0.201368721,0.554796534,24971.0,1231.0
0.8952216483774529,0.0,0.196296928,0.534623226,24971.0,1231.0
0.8916137051741843,0.0,0.185233824,0.524247994,24971.0,1231.0
0.8764309334741811,0.0,0.183211668,0.5481764179999999,24971.0,1231.0
0.8173849548029106,0.0,0.1791575165,0.641451371,24971.0,1231.0
0.7869074102890543,0.0,0.1817462835,0.6541265279999999,24971.0,1231.0
0.7861337657208392,0.0,0.18583794599999998,0.6460752905,24971.0,1231.0
0.8125020467992881,0.0,0.197468152,0.612977492,24971.0,1231.0
0.863719195888173,0.0,0.198900143,0.554441314,24971.0,1231.0
0.9022519153758445,0.0,0.201750406,0.495991464,24971.0,1231.0
0.8915721986195637,0.0,0.19439276,0.4765665855,24971.0,1231.0
0.892939310808487,0.001166072,0.182236313,0.436680152,24971.0,1231.0
0.8924898856262724,0.039648224,0.187007529,0.406735596,24971.0,1231.0
0.8896468074793885,0.116499948,0.189182073,0.419822215,24971.0,1231.0
0.8884708524266453,0.10856857,0.19700489100000002,0.410187627,24971.0,1231.0
0.8912006750366004,0.027875623000000002,0.212352398,0.3882856705,24971.0,1231.0
0.9013381092728958,0.0,0.219121471,0.371217054,24971.0,1231.0
0.9046006066859719,0.0,0.226084935,0.403141765,24971.0,1231.0
0.8998168979292364,0.0,0.242206455,0.4185406255,24971.0,1231.0
0.8815599937892284,0.0,0.262530655,0.4263507595,24971.0,1231.0
0.8466985895836021,0.0,0.27114569,0.444974334,24971.0,1231.0
0.7933041704371154,0.0,0.2977041795,0.49542766949999995,24971.0,1231.0
0.7823930203891611,0.0,0.310875169,0.481108486,24971.0,1231.0
0.7830747544946784,0.0,0.323977221,0.414180709,24971.0,1231.0
0.7865135717683506,0.0,0.33969029949999996,0.387802004,24971.0,1231.0
0.823538804837549,0.0,0.3619757965,0.396232287,24971.0,1231.0
0.845092755733022,0.00103397,0.357176735,0.403119578,24971.0,1231.0
0.8485520424492958,0.045154988,0.363707229,0.396346955,24971.0,1231.0
0.8474803509339377,0.136199157,0.360532337,0.392389791,24971.0,1231.0
0.8457307351804815,0.1561935515,0.36283178400000005,0.3620857915,24971.0,1231.0
0.8511371364884049,0.0361106605,0.368095321,0.35819698499999997,24971.0,1231.0
0.8678990963696975,0.0,0.361122214,0.364374269,24971.0,1231.0
0.8697053160747692,0.0,0.360111208,0.407361247,24971.0,1231.0
0.866355735356519,0.0,0.3825593705,0.49309723950000006,24971.0,1231.0
0.8468202220240624,0.0,0.404568277,0.536543887,24971.0,1231.0
0.8153792008510244,0.0,0.400927775,0.602684956,24971.0,1231.0
0.7899201824491577,0.0,0.415223951,0.6394128214999999,24971.0,1231.0
0.7790732248841331,0.0,0.429524421,0.7022303070000001,24971.0,1231.0
0.77667337988391,0.0,0.4650216865,0.797681579,24971.0,1231.0
0.8028551182888862,0.0,0.51542692,0.8529850750000001,24971.0,1231.0
0.8308953498261022,0.0,0.557807775,0.869117671,24971.0,1231.0
0.8449110170215334,0.00121614,0.581962301,0.870138153,24971.0,1231.0
0.8467007666506987,0.043713787,0.599244619,0.885078259,24971.0,1231.0
0.846133211140334,0.132092769,0.622541564,0.887787174,24971.0,1231.0
0.8459182007050747,0.1255155485,0.654044663,0.852888913,24971.0,1231.0
0.8464615717586085,0.047536674,0.699574222,0.852206657,24971.0,1231.0
0.8526955002524916,0.002784323,0.733751904,0.862378923,24971.0,1231.0
0.8651011687553228,0.0,0.761857914,0.855528376,24971.0,1231.0
0.8683863837144379,0.0,0.784009722,0.8448033,24971.0,1231.0
0.8635231639607717,0.0,0.805187165,0.8500163015,24971.0,1231.0
0.8408895702431445,0.0,0.8359064759999999,0.835812994,24971.0,1231.0
0.8080581516657271,0.0,0.836288671,0.834173197,24971.0,1231.0
0.787338259364607,0.0,0.851652643,0.8225807755000001,24971.0,1231.0
0.7767246596307193,0.0,0.87396434,0.819032661,24971.0,1231.0
0.790420769122349,0.0,0.8748443385,0.817561024,24971.0,1231.0
0.8558386367311878,0.0,0.864289959,0.837400757,24971.0,1231.0
0.8930640667769106,0.0,0.860911553,0.84588212,24971.0,1231.0
0.8799850650960459,0.0,0.860949974,0.8635008200000001,24971.0,1231.0
0.8804733463282479,0.0,0.858444015,0.889779561,24971.0,1231.0
0.8805369551257926,0.00885233,0.858086074,0.915683348,24971.0,1231.0
0.8804919934712508,0.02307965,0.859698768,0.920473022,24971.0,1231.0
0.8790518074619089,0.0250274075,0.8608235275,0.9254512195,24971.0,1231.0
0.8779784121098877,0.010542233,0.862715593,0.926905466,24971.0,1231.0
0.8800907483247311,0.001318615,0.865802048,0.927754825,24971.0,1231.0
0.8868056222542383,0.0,0.866991397,0.924017302,24971.0,1231.0
0.8892643983538391,0.0,0.864663858,0.927098162,24971.0,1231.0
0.8815546929870655,0.0,0.8568794335000001,0.925313115,24971.0,1231.0
0.8614012674556586,0.0,0.847847045,0.914393416,24971.0,1231.0
0.807170234063376,0.0,0.8366325370000001,0.8950602145,24971.0,1231.0
0.7807654871110585,0.0,0.8038117675,0.8657602824999999,24971.0,1231.0
0.7870039355596313,0.0,0.7455202016666665,0.8030780423333334,24971.0,1231.0
0.8573603217194866,0.0,0.700732475,0.78700807,24971.0,1231.0
0.8957293817621521,0.0,0.680135838,0.792156627,24971.0,1231.0
0.8835315295564775,0.0,0.6520682645,0.798786964,24971.0,1231.0
0.8849504657589843,0.0,0.621836903,0.805532339,24971.0,1231.0
0.885183034596595,0.010940285,0.603526221,0.771630504,24971.0,1231.0
0.8841067996548703,0.031064154500000003,0.5993024170000001,0.7970697935,24971.0,1231.0
0.8836068282847938,0.0258138765,0.579843034,0.8219220615,24971.0,1231.0
0.8861435059836457,0.00490968,0.562427707,0.8325149,24971.0,1231.0
0.8929917497109794,0.0,0.547202831,0.839679251,24971.0,1231.0
0.8971871738075433,0.0,0.541695592,0.836162397,24971.0,1231.0
0.8927220284529415,0.0,0.533190526,0.8288977385,24971.0,1231.0
0.8750529361568777,0.0,0.52094906,0.834276753,24971.0,1231.0
0.8158870288818103,0.0,0.5118099895,0.8086710585000001,24971.0,1231.0
0.7853127461264235,0.0,0.493201035,0.7927210215,24971.0,1231.0
0.7850217036110038,0.0,0.470052746,0.769675341,24971.0,1231.0
0.810559144062047,0.0,0.456551875,0.760598468,24971.0,1231.0
0.8638548376062859,0.0,0.447061226,0.751780143,24971.0,1231.0
0.9019387942272465,0.0,0.435779753,0.745136053,24971.0,1231.0
0.891489422229091,0.0,0.4270243485,0.737036335,24971.0,1231.0
0.8933381895957366,0.001526548,0.417736778,0.729992399,24971.0,1231.0
0.8926982225804572,0.02633136,0.415024897,0.726845683,24971.0,1231.0
0.8910924835830667,0.059447012,0.417279541,0.724617231,24971.0,1231.0
0.890930196402766,0.0741917685,0.425419906,0.717575013,24971.0,1231.0
0.8912877581346716,0.044659019,0.437718514,0.718416432,24971.0,1231.0
0.8953675127013391,0.008371872,0.440496569,0.71715758,24971.0,1231.0
0.9028090585740565,0.0,0.442112958,0.715576963,24971.0,1231.0
0.9045878284287552,0.0,0.446095453,0.712791752,24971.0,1231.0
0.901120070162863,0.0,0.439630134,0.718410956,24971.0,1231.0
0.8860272213577373,0.0,0.44137344349999996,0.731115933,24971.0,1231.0
0.8248162780698547,0.0,0.440318589,0.715800886,24971.0,1231.0
0.7920182728746834,0.0,0.47125511,0.722582693,24971.0,1231.0
0.789171526933062,0.0,0.49114955149999995,0.7381517765000001,24971.0,1231.0
0.8141174405259317,0.0,0.503300783,0.742057006,24971.0,1231.0
0.866624273227819,0.0,0.510723646,0.741097362,24971.0,1231.0
0.9036441112629737,0.0,0.518262204,0.746264285,24971.0,1231.0
0.8926313009627755,0.0,0.516393759,0.757621871,24971.0,1231.0
0.8934595383050399,0.002094012,0.509404423,0.762449546,24971.0,1231.0
0.89482371605107,0.047017423,0.511512033,0.740587652,24971.0,1231.0
0.893802475663281,0.111281327,0.495081533,0.752474974,24971.0,1231.0
0.8916981537835903,0.09359780699999999,0.4595814946666667,0.7587443036666667,24971.0,1231.0
0.8946185026248487,0.005664336,0.448442418,0.772477544,24971.0,1231.0
0.9018515218370019,0.0,0.448656965,0.776785572,24971.0,1231.0
0.9046006066859719,0.0,0.439422168,0.788537662,24971.0,1231.0
0.8996219073158915,0.0,0.4215255235,0.805531548,24971.0,1231.0
0.8815919400535794,0.0,0.401647281,0.816762698,24971.0,1231.0
0.8466985895836021,0.0,0.3899996,0.796645059,24971.0,1231.0
0.7951447738021488,0.0,0.3935740585,0.8042708780000001,24971.0,1231.0
0.7871023143333309,0.0,0.3795927803333334,0.7908180556666666,24971.0,1231.0
0.8128369386188524,0.0,0.374006814,0.763280857,24971.0,1231.0
0.8645125053037016,0.0,0.372815089,0.75005553,24971.0,1231.0
0.9029150729604937,0.0,0.373170355,0.746660227,24971.0,1231.0
0.8917970530762496,0.0,0.3805658695,0.7567926505,24971.0,1231.0
0.8934652174844466,0.001993959,0.39206116,0.766585946,24971.0,1231.0
0.8936567061925844,0.027388808,0.382444553,0.728303688,24971.0,1231.0
0.8924334707597273,0.061465215,0.379601484,0.720207757,24971.0,1231.0
0.8906827664727226,0.061432263,0.370667218,0.6993244695,24971.0,1231.0
0.8900916892352366,0.021717783,0.364333145,0.676738346,24971.0,1231.0
0.8922549500151856,0.004291315,0.371462903,0.668207723,24971.0,1231.0
0.899208167229106,0.0,0.379063654,0.659666327,24971.0,1231.0
0.9016293648973379,0.0,0.377767715,0.641454299,24971.0,1231.0
0.8950840190915198,0.0,0.3786658935,0.651953915,24971.0,1231.0
0.8762126102187852,0.0,0.389951807,0.6637279549999999,24971.0,1231.0
0.8421143200133884,0.0,0.3879442,0.624139706,24971.0,1231.0
0.7936072578579074,0.0,0.397824996,0.635042481,24971.0,1231.0
0.7829253404247842,0.0,0.4002837125,0.6063337715,24971.0,1231.0
0.778768086452958,0.0,0.404769988,0.573295428,24971.0,1231.0
0.7802625104688512,0.0,0.40306754300000003,0.570763914,24971.0,1231.0
0.7843978753067755,0.0,0.40477227800000004,0.560796548,24971.0,1231.0
0.823680031088982,0.0,0.4067549465,0.5653050964999999,24971.0,1231.0
0.8442270348125787,0.001900622,0.407844669,0.568157636,24971.0,1231.0
0.8466903543385459,0.017111037,0.405399645,0.489555664,24971.0,1231.0
0.8460016398252574,0.0387832055,0.3765255745,0.445163332,24971.0,1231.0
0.8445168705386173,0.033307481,0.344864487,0.381663548,24971.0,1231.0
0.8497850272574929,0.0101668395,0.3310143965,0.366360362,24971.0,1231.0
0.8664268216091173,0.0,0.326261756,0.355431264,24971.0,1231.0
0.8694135870127907,0.0,0.318377758,0.343247155,24971.0,1231.0
0.8670727995828647,0.0,0.29940733799999997,0.31489367749999997,24971.0,1231.0
0.8493983116314481,0.0,0.26373173299999997,0.28186593299999996,24971.0,1231.0
0.8100576585616865,0.0,0.237062998,0.224042414,24971.0,1231.0
0.7883602805308352,0.0,0.202060505,0.19309741349999998,24971.0,1231.0
0.7834151362014762,0.0,0.16861025699999999,0.18124592,24971.0,1231.0
0.7832935273707617,0.0,0.145053414,0.17906890450000001,24971.0,1231.0
0.8085519704188606,0.0,0.12861803849999998,0.1934276265,24971.0,1231.0
0.8343188565937572,0.0,0.12657355,0.237782126,24971.0,1231.0
0.8477376250925108,0.005022152,0.127868929,0.261609876,24971.0,1231.0
0.8505898845311115,0.093583903,0.144782297,0.282929403,24971.0,1231.0
0.8491799883760522,0.214877515,0.144272229,0.335272689,24971.0,1231.0
0.8480386775188877,0.2366576095,0.143284643,0.3815876385,24971.0,1231.0
0.8483485326526348,0.162619942,0.143446482,0.455485993,24971.0,1231.0
0.8558878580809391,0.028417003,0.146367589,0.483014752,24971.0,1231.0
0.8712109091573026,0.0,0.155476915,0.500232166,24971.0,1231.0
0.8738489631701384,0.0,0.16761953,0.516673279,24971.0,1231.0
0.87005923341458,0.0,0.1840754565,0.521561881,24971.0,1231.0
0.8519070658352876,0.0,0.1994741935,0.5077887405,24971.0,1231.0
0.8105930783084241,0.0,0.25650233450000004,0.5252017245,24971.0,1231.0
0.7905503054430107,0.0,0.268957883,0.5660373025000001,24971.0,1231.0
0.7890288099539882,0.0,0.2824028435,0.5439197315,24971.0,1231.0
0.8142717293870474,0.0,0.293682539,0.523240032,24971.0,1231.0
0.8670390546286608,0.0,0.297226821,0.51199226,24971.0,1231.0
0.9036441112629737,0.0,0.300997544,0.501986109,24971.0,1231.0
0.8916213249090226,0.0,0.31606213650000003,0.498574183,24971.0,1231.0
0.8937741737910248,0.003375183,0.334211401,0.503943065,24971.0,1231.0
0.8922877008748247,0.049170774,0.344835491,0.513537376,24971.0,1231.0
0.8899714762789734,0.096446181,0.358989755,0.537993235,24971.0,1231.0
0.8890605099728313,0.0977604315,0.356247183,0.5065174335,24971.0,1231.0
0.8898139692438076,0.021043187499999998,0.34932659899999996,0.487724336,24971.0,1231.0
0.8971584929367344,0.0,0.357697858,0.498398403,24971.0,1231.0
0.9005081683010714,0.0,0.368755169,0.491828386,24971.0,1231.0
0.8986148654979284,0.0,0.381719148,0.496016078,24971.0,1231.0
0.8886559515919688,0.0,0.381953266,0.507594804,24971.0,1231.0
0.870476380967589,0.0,0.38868839,0.529547061,24971.0,1231.0
0.8195617988495708,0.0,0.401096619,0.508671012,24971.0,1231.0
0.7873980580876294,0.0,0.4257610155,0.525512306,24971.0,1231.0
0.784943328574216,0.0,0.4271464075,0.538110546,24971.0,1231.0
0.8091796324073568,0.0,0.445826953,0.568491475,24971.0,1231.0
0.8615500662224378,0.0,0.457932158,0.59260567,24971.0,1231.0
0.8979106269553943,0.0,0.45908383,0.596727815,24971.0,1231.0
0.88206200015372,0.0,0.4790268905,0.6095906655000001,24971.0,1231.0
0.8783057314141056,0.002173496,0.488778941,0.623865142,24971.0,1231.0
0.8769192147063832,0.019320253,0.500336304,0.697335229,24971.0,1231.0
0.8769137248191496,0.044265894,0.506858136,0.68962186,24971.0,1231.0
0.8752917522575183,0.040214511,0.5143546674999999,0.639490447,24971.0,1231.0
0.8744021308185038,0.013061545,0.532392156,0.637922843,24971.0,1231.0
0.875804644164596,0.003446521,0.569599662,0.677410923,24971.0,1231.0
0.8820770031117313,0.0,0.609572122,0.704102522,24971.0,1231.0
0.8833203055859946,0.0,0.643400941,0.712517649,24971.0,1231.0
0.8760431291074848,0.0,0.6820661610000001,0.7628436825,24971.0,1231.0
0.8552103126342907,0.0,0.7029450925,0.820019917,24971.0,1231.0
0.8135503584531033,0.0,0.670229209,0.845018136,24971.0,1231.0
0.778846390453405,0.0,0.65646999,0.8504715305,24971.0,1231.0
0.7617434413630808,0.0,0.6283934576666667,0.8808038203333334,24971.0,1231.0
0.78990025727333,0.0,0.600778382,0.853513764,24971.0,1231.0
0.8515314246297964,0.0,0.589288952,0.847760544,24971.0,1231.0
0.888322953108344,0.0,0.581054694,0.840384709,24971.0,1231.0
0.8767692801865636,0.0,0.5610126234999999,0.7989964755,24971.0,1231.0
0.8729964939444481,0.005921562,0.544588335,0.738663052,24971.0,1231.0
0.8720362122637768,0.042225047,0.563859105,0.731856028,24971.0,1231.0
0.8712623071599446,0.041863082,0.60241379,0.654440688,24971.0,1231.0
0.8690111112600413,0.037495213,0.64735162,0.573555634,24971.0,1231.0
0.8664084586114775,0.015552103500000001,0.7024194724999999,0.6840220185,24971.0,1231.0
0.8669336081187438,0.003841856,0.75223637,0.740091451,24971.0,1231.0
0.8720395250839136,0.0,0.765509315,0.684020496,24971.0,1231.0
0.8726409672069575,0.0,0.771415337,0.65077422,24971.0,1231.0
0.8663667151309857,0.0,0.7901523420000001,0.62565753,24971.0,1231.0
0.8499963935077606,0.0,0.7840698435,0.6878739775,24971.0,1231.0
0.8088217393105964,0.0,0.759411763,0.615677469,24971.0,1231.0
0.7650086997357415,0.0,0.740451596,0.50918303,24971.0,1231.0
0.7515164629543231,0.0,0.6964045940000001,0.3690709423333334,24971.0,1231.0
0.7634248260554042,0.0,0.6767243825,0.4301299575,24971.0,1231.0
0.8349341187022804,0.0,0.686515763,0.439695299,24971.0,1231.0
0.8818349684228346,0.0,0.682320615,0.463956049,24971.0,1231.0
0.8745118368165274,0.0,0.6428009834999999,0.48521100699999997,24971.0,1231.0
0.870995094126755,0.01277812,0.599574665,0.492962849,24971.0,1231.0
0.8706092777420852,0.097134061,0.593380935,0.498621776,24971.0,1231.0
0.870261039374578,0.130479659,0.575017944,0.495278271,24971.0,1231.0
0.8690345855605677,0.1327550375,0.529150209,0.49746609649999995,24971.0,1231.0
0.8693244212866066,0.107788079,0.460039046,0.484997871,24971.0,1231.0
0.8737102923630459,0.031158885,0.405515751,0.472736397,24971.0,1231.0
0.8811507973359127,0.0,0.371743842,0.458823128,24971.0,1231.0
0.8818719789776834,0.0,0.335199549,0.442800346,24971.0,1231.0
0.8763748499724908,0.0,0.31057523200000003,0.454969379,24971.0,1231.0
0.863378624889202,0.0,0.301144482,0.496172992,24971.0,1231.0
0.8349031661182882,0.0,0.297171649,0.5504916215,24971.0,1231.0
0.7901267683471873,0.0,0.295269456,0.573838806,24971.0,1231.0
0.7804292700391777,0.0,0.283799017,0.60265386,24971.0,1231.0
0.7772780165712581,0.0,0.275088497,0.5673225165,24971.0,1231.0
0.8046443000415316,0.0,0.270589378,0.517828079,24971.0,1231.0
0.8611760816341179,0.0,0.267638948,0.48495393,24971.0,1231.0
0.8986334177877415,0.0,0.272052362,0.45865516,24971.0,1231.0
0.8883387604545404,0.0,0.277535297,0.407262119,24971.0,1231.0
0.8913566675272764,0.017689564,0.294587714,0.337664716,24971.0,1231.0
0.8853584318131733,0.16669457,0.312993901,0.338179659,24971.0,1231.0
0.8815762743658583,0.225815364,0.295981946,0.314997047,24971.0,1231.0
0.8783576500737759,0.258019467,0.293524051,0.3067041935,24971.0,1231.0
0.8796272194258802,0.170644243,0.28917305,0.342988068,24971.0,1231.0
0.8867844194597921,0.063252084,0.281726676,0.402478614,24971.0,1231.0
0.8973349310531631,0.0,0.273235866,0.447013782,24971.0,1231.0
0.9012781922940406,0.0,0.26819458,0.453314918,24971.0,1231.0
0.899341395161354,0.0,0.26294928650000005,0.4214664245,24971.0,1231.0
0.8842430090424,0.0,0.2409790115,0.35401927899999996,24971.0,1231.0
0.8503876053406803,0.0,0.21909674,0.304505826,24971.0,1231.0
0.799144804884172,0.0,0.191996927,0.22279576,24971.0,1231.0
0.7894858548710411,0.0,0.176125931,0.1522858425,24971.0,1231.0
0.784786460451911,0.0,0.165993833,0.14645962350000002,24971.0,1231.0
0.7853151363025423,0.0,0.1419950965,0.18624688849999999,24971.0,1231.0
0.8097428335764253,0.0,0.130491282,0.224129225,24971.0,1231.0
0.8356797215196505,0.0,0.139000528,0.266161424,24971.0,1231.0
0.8481215485554471,0.019593932,0.150820269,0.32882732,24971.0,1231.0
0.8496845029653924,0.131852144,0.189693969,0.448975619,24971.0,1231.0
0.8483460718543812,0.18633936,0.222536254,0.482742716,24971.0,1231.0
0.8471970464091887,0.196665339,0.2893849205,0.5115619435000001,24971.0,1231.0
0.8465752530993755,0.146542726,0.38630279,0.566843948,24971.0,1231.0
0.8527303337402439,0.021094491,0.459339245,0.601781979,24971.0,1231.0
0.8664268216091173,0.0,0.530335785,0.626790781,24971.0,1231.0
0.867944152463223,0.0,0.59761315,0.680942543,24971.0,1231.0
0.8574809130529935,0.0,0.6553127059999999,0.7412846645,24971.0,1231.0
0.8312579758485057,0.0,0.6358932855,0.805336303,24971.0,1231.0
0.7973662243216468,0.0,0.615989817,0.810306397,24971.0,1231.0
0.7792538356434626,0.0,0.6194204075,0.8206698379999999,24971.0,1231.0
0.7666721314253986,0.0,0.62415051,0.8084332725,24971.0,1231.0
0.7620483668923366,0.0,0.617172723,0.7958197695,24971.0,1231.0
0.7612653987526201,0.0,0.5794859535000001,0.7286174409999999,24971.0,1231.0
0.8006282959308842,0.0,0.5611193155,0.6913350045,24971.0,1231.0
0.8247698965169097,0.011057736,0.55255236,0.687394651,24971.0,1231.0
0.8278815127421965,0.081251463,0.551859976,0.692605386,24971.0,1231.0
0.827631432514623,0.153206498,0.548581376,0.682336596,24971.0,1231.0
0.8283167869882829,0.15224193149999998,0.5383959515000001,0.700258292,24971.0,1231.0
0.8322457080008592,0.0588625445,0.520289895,0.7224034610000001,24971.0,1231.0
0.8499429128770056,0.0,0.518704087,0.743770693,24971.0,1231.0
0.8524205254117826,0.0,0.515329154,0.754486821,24971.0,1231.0
0.8494975578907241,0.0,0.505128263,0.7610912405,24971.0,1231.0
0.8314326629087794,0.0,0.48589512349999997,0.748073206,24971.0,1231.0
0.8032221930915696,0.0,0.422371434,0.721698016,24971.0,1231.0
0.7875466203427436,0.0,0.40689052950000004,0.714262752,24971.0,1231.0
0.7781381765681274,0.0,0.3694108155,0.7126318025,24971.0,1231.0
0.7915256847277798,0.0,0.331285195,0.6915106295,24971.0,1231.0
0.8586268147631195,0.0,0.311475039,0.651140826,24971.0,1231.0
0.8983857987726278,0.0,0.298916977,0.630983089,24971.0,1231.0
0.8866103477026334,0.0,0.29959841249999997,0.6339411189999999,24971.0,1231.0
0.8875547275981245,0.004938346,0.310863706,0.636323776,24971.0,1231.0
0.884561525432145,0.031388844,0.299111897,0.615841262,24971.0,1231.0
0.8808531049491645,0.068948532,0.300848332,0.621264259,24971.0,1231.0
0.879866556183549,0.0985035885,0.297217943,0.6276405684999999,24971.0,1231.0
0.8801151220737357,0.0350741045,0.293501417,0.5794877445,24971.0,1231.0
0.8878048078256979,0.0,0.302240684,0.559152756,24971.0,1231.0
0.8902226926737932,0.0,0.3175562,0.577119641,24971.0,1231.0
0.8835171891210731,0.0,0.3387712665,0.6062004445,24971.0,1231.0
0.8670763491217696,0.0,0.364535842,0.6520758455,24971.0,1231.0
0.8296090738864265,0.0,0.358065364,0.642851696,24971.0,1231.0
0.7879935843124984,0.0,0.3575065005,0.6939583014999999,24971.0,1231.0
0.781862238714877,0.0,0.361303735,0.7314634505,24971.0,1231.0
0.7984589059366349,0.0,0.3629223275,0.718487679,24971.0,1231.0
0.8644871372530294,0.0,0.363871466,0.723347691,24971.0,1231.0
0.9028041365633431,0.0,0.370607641,0.732326682,24971.0,1231.0
0.8920109275513657,0.0,0.364857016,0.7375007579999999,24971.0,1231.0
0.8934196883675908,0.037453749,0.359479783,0.739440518,24971.0,1231.0
0.8900648068471776,0.161847141,0.321666872,0.725155925,24971.0,1231.0
0.8862687353896058,0.216989035,0.336179388,0.74155412,24971.0,1231.0
0.8846181293837603,0.2434029865,0.3401826905,0.7800118575,24971.0,1231.0
0.8855107324851597,0.177500738,0.339568082,0.809208472,24971.0,1231.0
0.8928590426428626,0.05081584,0.339736588,0.813727879,24971.0,1231.0
0.8974249488012304,0.0,0.342344309,0.803821529,24971.0,1231.0
0.8971871738075433,0.0,0.360709917,0.77283013,24971.0,1231.0
0.8834866627551254,0.0,0.40003871550000003,0.766797001,24971.0,1231.0
0.8669678737299759,0.0,0.442769086,0.797049029,24971.0,1231.0
0.8372406409351805,0.0,0.4863882145,0.8132980735,24971.0,1231.0
0.7861480823393948,0.0,0.5371118125000001,0.812284096,24971.0,1231.0
0.7746978919694572,0.0,0.584912777,0.7791267575,24971.0,1231.0
0.787361828518323,0.0,0.630307468,0.7862011895000001,24971.0,1231.0
0.851475388761804,0.0,0.652092697,0.796574714,24971.0,1231.0
0.8876101955895968,0.0,0.67437912,0.806374153,24971.0,1231.0
0.8770675876693239,0.0,0.689521324,0.8047534915000001,24971.0,1231.0
0.8771010482710615,0.005005114,0.69559723,0.799188504,24971.0,1231.0
0.8786986468765855,0.030207993,0.721622415,0.773949534,24971.0,1231.0
0.8786457345365567,0.068594047,0.707641009,0.750912052,24971.0,1231.0
0.8784372555096904,0.0726893075,0.6918825975,0.7239100055000001,24971.0,1231.0
0.8802859282302494,0.0155835725,0.6564001955000001,0.7064301829999999,24971.0,1231.0
0.8888272784055107,0.0,0.633899067,0.701226694,24971.0,1231.0
0.8910185573265589,0.0,0.611173124,0.695744769,24971.0,1231.0
0.8826963826356797,0.0,0.5842391995,0.6868339880000001,24971.0,1231.0
0.8640005124308956,0.0,0.549841222,0.6858433575,24971.0,1231.0
0.816281506108272,0.0,0.5352300765,0.668676405,24971.0,1231.0
0.7962817779517148,0.0,0.5065434805,0.6660153209999999,17719.0,873.0
0.806270421429215,0.0,0.4769384763333333,0.6567864576666667,17719.0,873.0
0.8799500897427153,0.0,0.453829197,0.648550795,17719.0,873.0
0.9249942686306285,0.0,0.449371332,0.644333279,17719.0,873.0
0.9513665250518208,0.0,0.447535059,0.6405745119999999,17719.0,873.0
0.9517239923447428,0.017777895,0.453898238,0.656476848,17719.0,873.0
0.9459225455196316,0.082327907,0.479652627,0.637968621,17719.0,873.0
0.9420664622300149,0.137441279,0.470914454,0.610118843,17719.0,873.0
0.9372893791135529,0.14244621899999999,0.484128447,0.5808621125,17719.0,873.0
0.936268138932867,0.095319491,0.50554179,0.546361743,17719.0,873.0
0.9421368859600064,0.052858312,0.524995565,0.549114878,17719.0,873.0
0.9556729327650271,0.001952255,0.513634436,0.545432643,17719.0,873.0
0.9608956545989275,0.0,0.516386951,0.510497381,17719.0,873.0
0.954969025794451,0.0,0.516891504,0.4385072915,17719.0,873.0
0.9187804541905402,0.0,0.5046923305,0.41340346699999997,17719.0,873.0
0.8798168147980785,0.0,0.48030019,0.382367947,17719.0,873.0
0.8153038551103196,0.0,0.461633826,0.362560973,17719.0,873.0
0.8072890269141328,0.0,0.429773724,0.38989115500000004,17719.0,873.0
0.808012433049595,0.0,0.3806403185,0.38952654649999996,17719.0,873.0
0.8364369668411971,0.0,0.352386136,0.425860254,17719.0,873.0
0.8911631914584214,0.0,0.33054657,0.403175645,17719.0,873.0
0.9392887909492196,0.0,0.304571747,0.381663848,17719.0,873.0
0.9693649718536206,0.0,0.278328295,0.42895403249999997,17719.0,873.0
0.9662325312111314,0.098439021,0.243013717,0.436008192,17719.0,873.0
0.9651676550424262,0.329924537,0.247273702,0.382688783,17719.0,873.0
0.9571930081485435,0.443899094,0.223422019,0.336152363,17719.0,873.0
0.9547842105673876,0.47669369,0.1919737515,0.30115662649999997,17719.0,873.0
0.9536673681053142,0.346354823,0.182621741,0.274551997,17719.0,873.0
0.9640181561596974,0.170947033,0.180518431,0.274138236,17719.0,873.0
0.9805153165865622,0.005011076,0.184834878,0.295225268,17719.0,873.0
0.9844414450218237,0.0,0.194932892,0.321142784,17719.0,873.0
0.9803646248980494,0.0,0.220603873,0.352798061,17719.0,873.0
0.9523032852124738,0.0,0.246067169,0.40263854,17719.0,873.0
0.9215454886654911,0.0,0.260340832,0.415804945,17719.0,873.0
0.8906234647969825,0.0,0.298493723,0.440437985,17719.0,873.0
0.8199234311916156,0.0,0.301273237,0.415183083,17719.0,873.0
0.8114212682240937,0.0,0.31967320450000003,0.39831000299999997,17719.0,873.0
0.8065031955749669,0.0,0.351600423,0.39605067875,17719.0,873.0
0.8431048443288504,0.0,0.3844048835,0.45062325400000003,17719.0,873.0
0.8826301707600969,0.0,0.397742052,0.49861168,17719.0,873.0
0.8921642699516145,0.082577377,0.40451485,0.530285274,17719.0,873.0
0.8946469937892781,0.249155115,0.414960995,0.538500214,17719.0,873.0
0.8928919355751833,0.3734879795,0.3950107655,0.531964172,17719.0,873.0
0.8903056581493363,0.327174945,0.402778474,0.540633212,17719.0,873.0
0.9031204760930943,0.143985938,0.422815824,0.546748046,17719.0,873.0
0.9213507819904062,0.005668244,0.423962101,0.543450775,17719.0,873.0
0.9225237551736615,0.0,0.415058929,0.553079487,17719.0,873.0
0.9227923881052543,0.0,0.402266734,0.564896937,17719.0,873.0
0.9152123607176177,0.0,0.3841319835,0.5657184515,17719.0,873.0
0.8891703106169415,0.0,0.364355903,0.559278211,17719.0,873.0
0.8445448414602249,0.0,0.3753626315,0.5207136640000001,17719.0,873.0
0.8143549317884617,0.0,0.368898283,0.591668248,17719.0,873.0
0.8099934344610269,0.0,0.34914532099999995,0.645373241,17719.0,873.0
0.8100061659129579,0.0,0.318775898,0.6869821945,17719.0,873.0
0.8483917430439185,0.0,0.313042095,0.715133791,17719.0,873.0
0.8888121333748179,0.0,0.302067448,0.71304097,17719.0,873.0
0.8985211563453777,0.111221403,0.283449317,0.746225971,17719.0,873.0
0.8970990493954157,0.270919311,0.270439293,0.741679364,17719.0,873.0
0.8947945621569308,0.347008019,0.275863171,0.76265473,17719.0,873.0
0.890447783849247,0.3442270615,0.24323456799999998,0.7605188255,17719.0,873.0
0.8902342403247799,0.26918973,0.231634079,0.78428215,17719.0,873.0
0.9034515816549854,0.149282164,0.235197941,0.781417696,17719.0,873.0
0.9207467838017128,0.007695559,0.231963447,0.789861704,17719.0,873.0
0.9252087582017565,0.0,0.222628706,0.799679839,17719.0,873.0
0.9220696444923988,0.0,0.21887081349999998,0.8222649565,17719.0,873.0
0.899752626609085,0.0,0.231248348,0.8468114325,17719.0,873.0
0.8658510312679025,0.0,0.250654117,0.868645363,17719.0,873.0
0.8245434802962421,0.0,0.2677085505,0.880525708,17719.0,873.0
0.8167076933635568,0.0,0.2720721406666667,0.8836410569999998,17719.0,873.0
0.845430108765046,0.0,0.281034082,0.880339102,17719.0,873.0
0.8970768997258965,0.0,0.284631699,0.883757995,17719.0,873.0
0.960222842077922,0.0,0.2805384825,0.8848527035,17719.0,873.0
0.9724930583619167,0.0,0.277464017,0.884693781,17719.0,873.0
0.9661297352058474,0.096521809,0.275815943,0.885762602,17719.0,873.0
0.9678007866303426,0.198292467,0.276077592,0.883534717,17719.0,873.0
0.9646517816800666,0.270211267,0.271005157,0.879198167,17719.0,873.0
0.9592548456021199,0.302273326,0.25568837099999997,0.880753834,17719.0,873.0
0.9585351310782441,0.257922387,0.244509452,0.878565154,17719.0,873.0
0.9640953952363419,0.170688616,0.240316934,0.874965587,17719.0,873.0
0.9799935747526224,0.009416023,0.228979194,0.87035619,17719.0,873.0
0.9805440918963548,0.0,0.218516329,0.865179004,17719.0,873.0
0.9747936172700469,0.0,0.204689509,0.8468095840000001,17719.0,873.0
0.9334993654197346,0.0,0.18210369199999998,0.8089056075,17719.0,873.0
0.8875666542476642,0.0,0.180604642,0.748054091,17719.0,873.0
0.8214188016683756,0.0,0.166589458,0.703326068,17719.0,873.0
0.8134333640850964,0.0,0.1412315045,0.6503182525,17719.0,873.0
0.8100577057811784,0.0,0.128282224,0.5489404065,17719.0,873.0
0.8382126127537263,0.0,0.119031674,0.476145628,17719.0,873.0
0.8915236402066251,0.0,0.102518844,0.402248464,17719.0,873.0
0.9392887909492196,0.0,0.093030012,0.325906208,17719.0,873.0
0.967854740491531,0.0,0.1014389255,0.239416347,17719.0,873.0
0.9635064476393576,0.088923276,0.10820642,0.206213264,17719.0,873.0
0.9625678417764628,0.193669692,0.110626838,0.188626999,17719.0,873.0
0.9569850497787054,0.28602761,0.11433227,0.218138247,17719.0,873.0
0.9549398716932086,0.34560389550000004,0.11913058800000001,0.284713053,17719.0,873.0
0.9541882583315768,0.26579903,0.116335754,0.346880336,17719.0,873.0
0.9606567438522002,0.150789506,0.122530978,0.390612578,17719.0,873.0
0.9749769179526205,0.011363048,0.138305108,0.42239032,17719.0,873.0
0.9768667186434532,0.0,0.15735064,0.445788405,17719.0,873.0
0.9730759952075363,0.0,0.16494797,0.4986307625,17719.0,873.0
0.9313952172304556,0.0,0.177392496,0.512482683,17719.0,873.0
0.8855184942926795,0.0,0.173180309,0.446332917,17719.0,873.0
0.8206113885362109,0.0,0.183572093,0.507853555,17719.0,873.0
0.8117497234884548,0.0,0.20004661950000002,0.525902431,17719.0,873.0
0.8174305158136338,0.0,0.21990246066666663,0.48592427433333335,17719.0,873.0
0.8869034018098254,0.0,0.226529679,0.493060837,17719.0,873.0
0.9451084118940034,0.0,0.2268439365,0.4989963355,17719.0,873.0
0.9554604305546164,0.001263752,0.242636869,0.496597828,17719.0,873.0
0.9539308893198142,0.075920411,0.250521859,0.482214701,17719.0,873.0
0.9559481913368932,0.172386912,0.240323878,0.429073385,17719.0,873.0
0.9528633626464759,0.262141111,0.233041753,0.42726576,17719.0,873.0
0.9527125763118762,0.24231312850000003,0.210864345,0.4102586075,17719.0,873.0
0.9533441187899264,0.199104518,0.212820763,0.416540468,17719.0,873.0
0.9592431558784514,0.131463302,0.227065524,0.499027003,17719.0,873.0
0.9706807804788854,0.010854616,0.231626689,0.589234835,17719.0,873.0
0.975077158306461,0.0,0.243046542,0.671608359,17719.0,873.0
0.967916503379731,0.0,0.2513955855,0.7025190944999999,17719.0,873.0
0.9296890955994399,0.0,0.26531034200000003,0.714049968,17719.0,873.0
0.8852894275673789,0.0,0.267732958,0.754073684,17719.0,873.0
0.8205480638840291,0.0,0.293684307,0.806908559,17719.0,873.0
0.8119089343602838,0.0,0.3336270815,0.8779521429999999,17719.0,873.0
0.8176790186064293,0.0,0.38760375899999994,0.9050188873333335,17719.0,873.0
0.8870500233024049,0.0,0.414523064,0.910336186,17719.0,873.0
0.9445617280203331,0.0,0.4366344365,0.91506449,17719.0,873.0
0.9556146249767484,0.001384383,0.45597957,0.917188131,17719.0,873.0
0.9538852653497686,0.035627685,0.455595489,0.917033737,17719.0,873.0
0.9555930431837495,0.082306784,0.431757893,0.916771678,17719.0,873.0
0.9525935939618431,0.117023983,0.431033607,0.916270372,17719.0,873.0
0.9492518696971992,0.1385484015,0.424607069,0.9133781005,17719.0,873.0
0.9475291361246989,0.08081611,0.437176405,0.911902549,17719.0,873.0
0.9506986819681237,0.029228872,0.444332244,0.906865247,17719.0,873.0
0.9590148463218443,0.003464172,0.455798722,0.897422397,17719.0,873.0
0.956918412306387,0.0,0.454331052,0.881016976,17719.0,873.0
0.9447621140819278,0.0,0.45810439999999997,0.8526235870000001,17719.0,873.0
0.9012663604976907,0.0,0.47209784600000004,0.83399902,17719.0,873.0
0.8516838205691784,0.0,0.503552385,0.783566358,17719.0,873.0
0.8013309725023335,0.0,0.532010797,0.801541539,17719.0,873.0
0.7912837448920729,0.0,0.567698129,0.79891853,17719.0,873.0
0.7950742947066126,0.0,0.6163665420000001,0.769679745,17719.0,873.0
0.8640348726882144,0.0,0.647425338,0.754180178,17719.0,873.0
0.924758670496935,0.0,0.669638034,0.7390783185,17719.0,873.0
0.9338568801392514,0.001512744,0.694947211,0.765839203,17719.0,873.0
0.9333998824416904,0.053128813,0.706287447,0.798587847,17719.0,873.0
0.9346700668898066,0.117564365,0.704663593,0.815030608,17719.0,873.0
0.934747968696161,0.156673402,0.706190259,0.850754099,17719.0,873.0
0.9343353645695187,0.1656410465,0.6969435239999999,0.8747412745,17719.0,873.0
0.936431798792079,0.1072746,0.6716166,0.888082435,17719.0,873.0
0.9421384951505831,0.04093711,0.660599954,0.887010098,17719.0,873.0
0.9528464191330331,0.003237565,0.642439291,0.878625471,17719.0,873.0
0.9559845391620323,0.0,0.616004456,0.86583277,17719.0,873.0
0.9530576435177222,0.0,0.5865456954999999,0.835224948,17719.0,873.0
0.9157068422004608,0.0,0.5572183614999999,0.8010159,17719.0,873.0
0.8711674622543536,0.0,0.523628908,0.737513374,17719.0,873.0
0.8021643209403816,0.0,0.5279537945,0.750343821,17719.0,873.0
0.7937125150756512,0.0,0.502402145,0.76954607,17719.0,873.0
0.795432124705982,0.0,0.485090041,0.760203893,17719.0,873.0
0.792209524864053,0.0,0.4825688805,0.725949321,17719.0,873.0
0.8281510921346559,0.0,0.481437863,0.686376788,17719.0,873.0
0.8651648719918512,0.001731302,0.488828888,0.674170039,17719.0,873.0
0.8758204515107926,0.042779346,0.498059742,0.682971643,17719.0,873.0
0.8778725870156239,0.092414121,0.51291503,0.663122559,17719.0,873.0
0.8752004570979355,0.130329242,0.53746061,0.648834995,17719.0,873.0
0.8726469305317275,0.153793457,0.5771053129999999,0.6602521415,17719.0,873.0
0.8715015020520349,0.134050151,0.59790181,0.68484576,17719.0,873.0
0.8807092284002014,0.083080883,0.622299808,0.717914101,17719.0,873.0
0.896175777855387,0.005828398,0.629496185,0.745884486,17719.0,873.0
0.8972705655011312,0.0,0.653790329,0.765368957,17719.0,873.0
0.8947919116522977,0.0,0.669171292,0.778675745,17719.0,873.0
0.887232850754545,0.0,0.6927917985000001,0.7995853355,17719.0,873.0
0.8638398818677664,0.0,0.712192105,0.806001708,17719.0,873.0
0.820360219775089,0.0,0.718245559,0.781554847,17719.0,873.0
0.7910188271818126,0.0,0.7229707755,0.795633321,17719.0,873.0
0.7859732298037967,0.0,0.7515778795000001,0.7922886055,17719.0,873.0
0.7856083558850588,0.0,0.7642528155,0.7951555685,17719.0,873.0
0.8251775314133467,0.0,0.7660748135,0.7490930705,17719.0,873.0
0.8631841070920843,0.0024135,0.757577275,0.709092737,17719.0,873.0
0.8753901469091172,0.067242076,0.751813753,0.695449077,17719.0,873.0
0.8778725870156239,0.151100893,0.730584703,0.677183916,17719.0,873.0
0.8771585044516632,0.204487999,0.72092684,0.669031207,17719.0,873.0
0.8773229686990605,0.216650948,0.723510823,0.7021160645,17719.0,873.0
0.8794270224493559,0.133022481,0.720107168,0.701307621,17719.0,873.0
0.8901549190342285,0.061777275,0.726528372,0.692493429,17719.0,873.0
0.9071461821524867,0.007368416,0.737440038,0.697884908,17719.0,873.0
0.9102674531070267,0.0,0.737489628,0.705616676,17719.0,873.0
0.9031103161705061,0.0,0.7220890963333333,0.7142142373333332,17719.0,873.0
0.8661428073422698,0.0,0.707279126,0.71375985,17719.0,873.0
0.8126819872351299,0.0,0.6770943825,0.6928023295,17719.0,873.0
0.8040449717501245,0.0,0.6421704006666666,0.639605697,17719.0,873.0
0.8325549480385943,0.0,0.607414136,0.633123223,17719.0,873.0
0.882849014879624,0.0,0.59132536,0.642001864,17719.0,873.0
0.9421105244360788,0.0,0.563309733,0.6620050239999999,17719.0,873.0
0.9543579759545424,0.003822374,0.539774518,0.675614033,17719.0,873.0
0.954594425903016,0.107054211,0.518728095,0.681568142,17719.0,873.0
0.9528967762358248,0.199270962,0.481643872,0.667947636,17719.0,873.0
0.9502104477483103,0.244362606,0.466069427,0.686215135,17719.0,873.0
0.9461425724045877,0.258273221,0.46123124449999997,0.7244742104999999,17719.0,873.0
0.9454448180509546,0.165452886,0.454242103,0.741905777,17719.0,873.0
0.9525704978314572,0.079519156,0.452435604,0.741405153,17719.0,873.0
0.9646768651711696,0.018067388,0.456500595,0.728854855,17719.0,873.0
0.9675671764786755,0.0,0.457178175,0.722007306,17719.0,873.0
0.9633802717725307,0.0,0.4449678005,0.7139154745,17719.0,873.0
0.9261756661440104,0.0,0.42765811,0.7190862490000001,17719.0,873.0
0.8829598564235847,0.0,0.404390215,0.720295287,17719.0,873.0
0.8164228746394895,0.0,0.392517975,0.752385872,17719.0,873.0
0.8087488069415503,0.0,0.383748141,0.7935875625,17719.0,873.0
0.8083248442489914,0.0,0.353525858,0.8041547045,17719.0,873.0
0.8364369668411971,0.0,0.326773334,0.80186681,17719.0,873.0
0.8909186955570649,0.0,0.306680521,0.793916126,17719.0,873.0
0.9506304350981257,0.0,0.29524195649999996,0.8004321375000001,17719.0,873.0
0.9619703752032653,0.009077556,0.297325127,0.812177699,17719.0,873.0
0.9541571166625143,0.190307927,0.29426426,0.812778247,17719.0,873.0
0.9525593287648171,0.317970456,0.287285716,0.765156077,17719.0,873.0
0.9447670833121329,0.382935094,0.293702828,0.765592286,17719.0,873.0
0.939338911333243,0.36928395950000004,0.3010716835,0.73155951,17719.0,873.0
0.9393859077750968,0.268768102,0.32748242,0.715897612,17719.0,873.0
0.9482039366277307,0.157708648,0.361948987,0.733369239,17719.0,873.0
0.9611162972012046,0.018106198,0.401604395,0.760414625,17719.0,873.0
0.9658196431462291,0.0,0.438983201,0.776553704,17719.0,873.0
0.9575108620156815,0.0,0.469580084,0.798002076,17719.0,873.0
0.9115374958966675,0.0,0.5083009855,0.8099824855,17719.0,873.0
0.8596498532194523,0.0,0.564529864,0.79951215,17719.0,873.0
0.8040924574383795,0.0,0.601510559,0.829993512,17719.0,873.0
0.7977045238145377,0.0,0.630546624,0.843047203,17719.0,873.0
0.7893594263385122,0.0,0.658657527,0.853156369,17719.0,873.0
0.8159795072210283,0.0,0.669327409,0.873418437,17719.0,873.0
0.8699290817908037,0.0,0.66373693,0.879463912,17719.0,873.0
0.9128768266632598,0.0,0.65624238,0.878326586,17719.0,873.0
0.9382759755128662,0.0,0.661494593,0.876088358,17719.0,873.0
0.9341871336792593,0.006223907,0.654242,0.869972154,17719.0,873.0
0.9317280738485018,0.108923895,0.653750364,0.859708214,17719.0,873.0
0.9327636068308943,0.205291516,0.65424246,0.849424501,17719.0,873.0
0.9327253660840218,0.292805104,0.652237997,0.837206445,17719.0,873.0
0.9321296503598763,0.3420349165,0.661571385,0.8296903675,17719.0,873.0
0.9319053639868136,0.283935892,0.667639012,0.806458652,17719.0,873.0
0.9375403115701124,0.158940314,0.67411316,0.807885351,17719.0,873.0
0.9476701732910615,0.026630948,0.686775725,0.814783054,17719.0,873.0
0.9495150127415585,0.0,0.699322372,0.82070516,17719.0,873.0
0.9430551880627269,0.0,0.704795923,0.8166261695,17719.0,873.0
0.9021226157739513,0.0,0.720104868,0.8174803275,17719.0,873.0
0.8553093223819016,0.0,0.727908698,0.819089859,17719.0,873.0
0.8009302001720413,0.0,0.7430813460000001,0.8138455165,17719.0,873.0
0.7910834061190043,0.0,0.7558973753333333,0.8199417649999999,17719.0,873.0
0.8176197011218241,0.0,0.769459931,0.836658992,17719.0,873.0
0.8732179881544023,0.0,0.773146677,0.836818643,17719.0,873.0
0.9196590007947951,0.0,0.779294099,0.839438897,17719.0,873.0
0.9448208953077428,0.0029183055,0.7904678945,0.854156973,17719.0,873.0
0.9443840118710797,0.093630989,0.800508012,0.861004052,17719.0,873.0
0.9437903315555553,0.163933968,0.817509366,0.868802519,17719.0,873.0
0.9413117725599116,0.204491384,0.817483874,0.867345523,17719.0,873.0
0.9392711376936784,0.22443331,0.8114356005000001,0.868342458,17719.0,873.0
0.9383869119100167,0.152193592,0.805899736,0.87220724,17719.0,873.0
0.9462753273135053,0.07517671,0.804708655,0.877488111,17719.0,873.0
0.957779210801911,0.013178994,0.804454715,0.871376661,17719.0,873.0
0.9611177170996078,0.0,0.792426256,0.861569876,17719.0,873.0
0.9552381317493739,0.0,0.7560232425,0.8526356715,17719.0,873.0
0.9151162854128998,0.0,0.6886541534999999,0.8413088774999999,17719.0,873.0
0.8387074728209161,0.0,0.6419814075000001,0.79377168,17719.0,873.0
0.8005981953687752,0.0,0.5883704135,0.8022706725,17719.0,873.0
0.7978475959753153,0.0,0.5437904474999999,0.8077698285,17719.0,873.0
0.8258363822903975,0.0,0.514003482,0.79373764,17719.0,873.0
0.8805349673508693,0.0,0.495575577,0.778241366,17719.0,873.0
0.9373373696499714,0.0,0.4638780015,0.7670786540000001,17719.0,873.0
0.9484824135807499,0.009324368,0.425165263,0.772787564,17719.0,873.0
0.9459035197922819,0.133814912,0.400286941,0.77257117,17719.0,873.0
0.9433358895094377,0.241763108,0.382556812,0.745836332,17719.0,873.0
0.9403480827917078,0.303666521,0.355983416,0.73177653,17719.0,873.0
0.9383807590859704,0.29967429300000004,0.319356242,0.68004358,17719.0,873.0
0.9371562932539864,0.235199896,0.281094747,0.638597898,17719.0,873.0
0.9432491849957131,0.129277378,0.267915344,0.626486694,17719.0,873.0
0.9570999617257024,0.034931696,0.258007758,0.619373484,17719.0,873.0
0.9620288726979234,0.0,0.247085562,0.625842293,17719.0,873.0
0.9615684673270359,0.0,0.231171729,0.628641959,17719.0,873.0
0.9454355893326429,0.0,0.20859349300000002,0.6220727385,17719.0,873.0
0.8923963655587919,0.0,0.184581638,0.59821937,17719.0,873.0
0.8119117741570903,0.0,0.167446996,0.559379122,17719.0,873.0
0.8020675829059541,0.0,0.1438343785,0.5445886085,17719.0,873.0
0.799439373328751,0.0,0.122222888,0.5284957965,17719.0,873.0
0.7966205742847849,0.0,0.1164964225,0.5032909649999999,17719.0,873.0
0.832121661567431,0.0,0.118094325,0.4620631985,17719.0,873.0
0.8694503134222764,0.0221206,0.119343455,0.446926349,17719.0,873.0
0.8781208687604474,0.20152362,0.121129829,0.443492026,17719.0,873.0
0.8775150725032101,0.319576812,0.146500143,0.446724689,17719.0,873.0
0.8717811151723004,0.408238954,0.14282515,0.444590099,17719.0,873.0
0.870769719220144,0.433275452,0.13864750050000002,0.44421169400000005,17719.0,873.0
0.871929819292993,0.333666057,0.146696643,0.448952863,17719.0,873.0
0.8812960937832789,0.20231996,0.157432254,0.441642174,17719.0,873.0
0.9003480109683755,0.046076766,0.165105437,0.434054306,17719.0,873.0
0.9017695500418174,0.0,0.17259991,0.442686184,17719.0,873.0
0.8906192367195027,0.0,0.1910402486666667,0.440946519,17719.0,873.0
0.8534422390300049,0.0,0.223170552,0.40171365049999996,17719.0,873.0
0.804139027869292,0.0,0.253012461,0.410366732,17719.0,873.0
0.7933331824656762,0.0,0.250169811,0.39126449350000003,17719.0,873.0
0.7905329123088807,0.0,0.2180352945,0.338754687,17719.0,873.0
0.7870206894357289,0.0,0.18148396049999999,0.30913105900000004,17719.0,873.0
0.8269728183563405,0.0,0.1508168155,0.2756611605,17719.0,873.0
0.8614797369314299,0.019513898,0.13644787,0.277437222,17719.0,873.0
0.8712120449103427,0.178289321,0.120799623,0.269508251,17719.0,873.0
0.8721052160953652,0.260853553,0.116983892,0.234538486,17719.0,873.0
0.8686880514439298,0.3599868555,0.11490222750000001,0.2001170325,17719.0,873.0
0.8672270408102825,0.33654235,0.109989601,0.1652477785,17719.0,873.0
0.876465813974322,0.202472747,0.108498055,0.164703787,17719.0,873.0
0.8950619644822935,0.0607528,0.109944563,0.171185884,17719.0,873.0
0.9010575501059697,0.0,0.109756994,0.183314109,17719.0,873.0
0.9029845502296183,0.0,0.1120847,0.193771244,17719.0,873.0
0.8908915295759177,0.0,0.11605336666666666,0.19748060366666667,17719.0,873.0
0.8369205153548591,0.0,0.1243154745,0.150321344,17719.0,873.0
0.8095848533108261,0.0,0.12772164,0.14297225400000002,17719.0,873.0
0.8084649345402812,0.0,0.1315047145,0.1308430725,17719.0,873.0
0.837619216169359,0.0,0.139133069,0.138191006,17719.0,873.0
0.8911631914584214,0.0,0.145170269,0.145736153,17719.0,873.0
0.9507128326971488,0.0,0.1603640705,0.1582950795,17719.0,873.0
0.9594120214795339,0.027937387,0.171058373,0.164346254,17719.0,873.0
0.9536283697755421,0.170229892,0.17182812,0.181099613,17719.0,873.0
0.9507438325006328,0.280101457,0.180172086,0.200853543,17719.0,873.0
0.9432998258296618,0.331340374,0.18498767,0.173882421,17719.0,873.0
0.9373619801177442,0.3715975735,0.1988078455,0.1721113425,17719.0,873.0
0.9356094299213948,0.313715165,0.204550421,0.168645425,17719.0,873.0
0.9420435553918023,0.21285174,0.212563012,0.191717821,17719.0,873.0
0.9555494069886273,0.093966322,0.227400293,0.207713993,17719.0,873.0
0.9641832359173126,0.0,0.240656714,0.227034267,17719.0,873.0
0.9651127075008792,0.0,0.25835998,0.2582788715,17719.0,873.0
0.9265088067003167,0.0,0.28059479649999997,0.28584747850000003,17719.0,873.0
0.8821286848455304,0.0,0.264644203,0.317806839,17719.0,873.0
0.8193277626869621,0.0,0.266020144,0.333688705,17719.0,873.0
0.8110599674540067,0.0,0.263404849,0.3358199475,17719.0,873.0
0.8181857104009348,0.0,0.2292901563333333,0.32558119300000005,17719.0,873.0
0.8911631914584214,0.0,0.195637946,0.321727904,17719.0,873.0
0.9513837525035236,0.0,0.18092998799999999,0.31150357949999996,17719.0,873.0
0.9635865265128085,0.037101731,0.163640692,0.295866704,17719.0,873.0
0.9570018984389583,0.210338501,0.152315445,0.300928737,17719.0,873.0
0.9559481913368932,0.291119191,0.125888444,0.294353879,17719.0,873.0
0.9523177675134568,0.355908638,0.121721761,0.279265029,17719.0,873.0
0.9489442388500406,0.39586903549999997,0.11358539,0.28406889150000003,17719.0,873.0
0.9475291361246989,0.322377038,0.114474367,0.289097374,17719.0,873.0
0.9545207837918713,0.223679284,0.122262847,0.318221857,17719.0,873.0
0.9684564665528351,0.063784855,0.134356598,0.367619461,17719.0,873.0
0.9722246147224974,0.0,0.15078221,0.421833454,17719.0,873.0
0.9701244893025566,0.0,0.161595585,0.472728165,17719.0,873.0
0.9524004018312481,0.0,0.1719105845,0.5380703835,17719.0,873.0
0.9154895126254234,0.0,0.188389235,0.583532438,17719.0,873.0
0.8839320651680017,0.0,0.202293121,0.62295368,17719.0,873.0
0.8141281367073102,0.0,0.20356120433333333,0.5930953179999999,17719.0,873.0
0.8174437361667944,0.0,0.20969520166666666,0.5410111536666666,17719.0,873.0
0.8851027664309707,0.0,0.214288454,0.492710387,17719.0,873.0
0.9423376980325427,0.0,0.22116416900000002,0.4560019665,17719.0,873.0
0.9543412217332731,0.036965171,0.22032671,0.438558543,17719.0,873.0
0.9508854375435155,0.197257979,0.210497715,0.416771164,17719.0,873.0
0.9487007842627407,0.28981896,0.201881685,0.397778868,17719.0,873.0
0.9421808535199836,0.41413391050000004,0.1758156385,0.3625603725,17719.0,873.0
0.9380491802936458,0.449393101,0.158589447,0.310001745,17719.0,873.0
0.9383431808617047,0.40088423,0.155535726,0.270738942,17719.0,873.0
0.9467624253660724,0.28744845,0.152552952,0.219146037,17719.0,873.0
0.9625830816603453,0.12957208,0.146231249,0.204060244,17719.0,873.0
0.9683607696253611,0.001964089,0.142418221,0.211165929,17719.0,873.0
0.9706663930310921,0.0,0.13986143,0.197434025,17719.0,873.0
0.9521359337416753,0.0,0.13682568,0.171711736,17719.0,873.0
0.9013206927361228,0.0,0.13642798750000001,0.17568171700000002,17719.0,873.0
0.8176534930193823,0.0,0.135096345,0.23592594,17719.0,873.0
0.8224642104279933,0.0,0.11390178866666667,0.24480940666666665,17719.0,873.0
0.8936090944476157,0.0,0.10373206,0.246635547,17719.0,873.0
0.9567291955185355,0.0,0.094844704,0.244925895,17719.0,873.0
0.9696840561198855,0.075044996,0.080850461,0.241051377,17719.0,873.0
0.9635064476393576,0.226535087,0.069645852,0.246997837,17719.0,873.0
0.9575165416092942,0.348499988,0.096654508,0.252511056,17719.0,873.0
0.954384384905065,0.46770911550000005,0.081765563,0.24963811949999998,17719.0,873.0
0.9493713250705629,0.484530906,0.075033214,0.238698874,17719.0,873.0
0.9501023511479663,0.420632724,0.072813877,0.222020118,17719.0,873.0
0.9567535218409452,0.305149408,0.076187339,0.218322333,17719.0,873.0
0.9702287052062439,0.154636716,0.078061717,0.224739421,17719.0,873.0
0.9768667186434532,0.002405748,0.085320564,0.235563281,17719.0,873.0
0.9788217373224072,0.0,0.091862501,0.247324715,17719.0,873.0
0.9606883585445931,0.0,0.09397936700000001,0.2482474445,17719.0,873.0
0.9214526315348235,0.0,0.102650173,0.259957654,17719.0,873.0
0.8906234647969825,0.0,0.111910006,0.248865892,17719.0,873.0
0.8218748999174585,0.0,0.13207237449999998,0.27858937100000003,17719.0,873.0
0.8141325855566244,0.0,0.14980577,0.342995591,17719.0,873.0
0.828837582568459,0.0,0.18596591550000002,0.426415386,17719.0,873.0
0.893444771858694,0.0,0.20674582,0.512626291,17719.0,873.0
0.9556691939339488,0.0,0.217187326,0.644139528,17719.0,873.0
0.9686599763494961,0.054904305,0.224851164,0.700871603,17719.0,873.0
0.9610859127008354,0.187023784,0.223039977,0.700841683,17719.0,873.0
0.9555434436638575,0.28959407,0.233172483,0.707561733,17719.0,873.0
0.9512799626107779,0.349819393,0.234351228,0.704577873,17719.0,873.0
0.9409178153691691,0.37100006399999996,0.231388761,0.6931047065,17719.0,873.0
0.9394273669031226,0.277736582,0.229607238,0.68548832,17719.0,873.0
0.9506986819681237,0.163847597,0.238748247,0.691266237,17719.0,873.0
0.9694979632742036,0.078027608,0.255637653,0.698560338,17719.0,873.0
0.9719432979726716,0.002407216,0.270969635,0.69588819,17719.0,873.0
0.9701244893025566,0.0,0.269699773,0.676628582,17719.0,873.0
0.9527050984426166,0.0,0.26859072100000003,0.66255053,17719.0,873.0
0.8989764502062754,0.0,0.2576642685,0.638156741,17719.0,873.0
0.8161719898166278,0.0,0.252323381,0.6136922515000001,17719.0,873.0
0.8056765202037873,0.0,0.25565421066666666,0.5764503813333334,17719.0,873.0
0.8032399882126894,0.0,0.2431603175,0.5332578665000001,17719.0,873.0
0.8226054999839204,0.0,0.226929483,0.502053896,17719.0,873.0
0.8570445504804616,0.0,0.221064467,0.498009014,17719.0,873.0
0.8749372196145925,0.089739058,0.215607472,0.516270455,17719.0,873.0
0.882210657054921,0.201974581,0.207506388,0.539922242,17719.0,873.0
0.8847247118538205,0.304559461,0.20098353,0.548566105,17719.0,873.0
0.8827679895453062,0.359535525,0.206217128,0.568006462,17719.0,873.0
0.8807476586463503,0.358883295,0.2173111315,0.6138702355000001,17719.0,873.0
0.8814030546305828,0.265359861,0.226961822,0.6673949,17719.0,873.0
0.8905666713460906,0.1761024,0.240826178,0.693491435,17719.0,873.0
0.9086566976599394,0.063823947,0.256158744,0.707685394,17719.0,873.0
0.9115455890690423,0.002211373,0.271376644,0.71608013,17719.0,873.0
0.9114532049617049,0.0,0.285305631,0.724794803,17719.0,873.0
0.9027870511843219,0.0,0.295138923,0.7206950585,17719.0,873.0
0.8791566858882031,0.0,0.303839908,0.713091603,17719.0,873.0
0.8594974576942761,0.0,0.290023467,0.689185123,17719.0,873.0
0.8163016680028679,0.0,0.2909588705,0.681117363,17719.0,873.0
0.8055191550342,0.0,0.2871503275,0.663739356,17719.0,873.0
0.8077665176640414,0.0,0.302085598,0.6532626405,17719.0,873.0
0.8125613012555364,0.0,0.315135984,0.62868429,17719.0,873.0
0.8597668477945624,0.001086483,0.320865431,0.588942739,17719.0,873.0
0.8795228142300197,0.098699236,0.312251764,0.556250923,17719.0,873.0
0.8878829933632093,0.233782225,0.298858476,0.52185511,17719.0,873.0
0.8895612387187043,0.326832209,0.273113304,0.488863087,17719.0,873.0
0.8866715897267019,0.392206863,0.261978875,0.432523891,17719.0,873.0
0.8843963512355459,0.398679455,0.2390768855,0.376771974,17719.0,873.0
0.8852176787921737,0.331316538,0.209737177,0.329596459,17719.0,873.0
0.895906387755101,0.221119031,0.193794148,0.321046386,17719.0,873.0
0.9160816786035609,0.076839969,0.177770828,0.295835415,17719.0,873.0
0.9208723922062256,0.002414044,0.166639598,0.277091507,17719.0,873.0
0.9204613026240732,0.0,0.148255804,0.224183513,17719.0,873.0
0.9118409146823145,0.0,0.1174375755,0.1588525005,17719.0,873.0
0.8862223538366607,0.0,0.099315879,0.144834825,17719.0,873.0
0.8455193689302138,0.0,0.10123464,0.122623429,17719.0,873.0
0.8185603891986256,0.0,0.09330319133333333,0.09418823666666666,17719.0,873.0
0.8323065240139862,0.0,0.1016368195,0.0984545165,17719.0,873.0
0.9008273472134228,0.0,0.105312143,0.106019022,17719.0,873.0
0.9659327095980874,0.0009528975,0.11700559099999999,0.13252122,17719.0,873.0
0.9754126180025455,0.162755579,0.120914298,0.16461062,17719.0,873.0
0.9666351966702603,0.295594272,0.109672148,0.18251378,17719.0,873.0
0.9686879944905954,0.405486215,0.111607049,0.210352972,17719.0,873.0
0.96502500889259,0.5106539115,0.1094060145,0.241580019,17719.0,873.0
0.9588270494323959,0.531839211,0.121755305,0.285982635,17719.0,873.0
0.9593020315432501,0.449029274,0.136694622,0.315282227,17719.0,873.0
0.9664661417770046,0.352300138,0.157251085,0.331019762,17719.0,873.0
0.9792692691686822,0.197681869,0.19071541,0.348073242,17719.0,873.0
0.9853030011002472,0.007835037,0.226267733,0.360952207,17719.0,873.0
0.9837693898766149,0.0,0.250178357,0.357046264,17719.0,873.0
0.9662894195152129,0.0,0.2724543625,0.317506224,17719.0,873.0
0.9081789701912626,0.0,0.350521625,0.27356345449999997,17719.0,873.0
0.8250035543022747,0.0,0.391325311,0.21017215849999998,17719.0,873.0
0.8164877610556529,0.0,0.42179867400000004,0.20789070599999998,17719.0,873.0
0.8333873025891807,0.0,0.452752489,0.1981183,17719.0,873.0
0.9047928525628031,0.0,0.454577023,0.18608321,17719.0,873.0
0.9563648656594688,0.0,0.462586203,0.193039998,17719.0,873.0
0.9859624672804128,0.002716019,0.477948026,0.20364902,17719.0,873.0
0.983036092293131,0.208003476,0.482744795,0.220604878,17719.0,873.0
0.9727005437084243,0.378860199,0.48986243,0.257607316,17719.0,873.0
0.9716955841043682,0.54323476,0.529966521,0.274152502,17719.0,873.0
0.9702203755222041,0.648799006,0.540930678,0.279381643,17719.0,873.0
0.9692651575107215,0.677801106,0.538595403,0.29848074550000003,17719.0,873.0
0.9705054781154968,0.595464465,0.521814726,0.315936317,17719.0,873.0
0.9767858830155148,0.443351555,0.500696012,0.333238301,17719.0,873.0
0.989587401630822,0.237527423,0.502068904,0.346065252,17719.0,873.0
0.9944563952099817,0.011770683,0.501405932,0.352872318,17719.0,873.0
0.9920905708871355,0.0,0.497759518,0.35600322900000003,17719.0,873.0
0.9630161312056373,0.0,0.486681974,0.371813339,17719.0,873.0
0.9152261804959938,0.0,0.48446897200000005,0.3757165305,17719.0,873.0
0.8400347346581841,0.0,0.485553183,0.363776468,17719.0,873.0
0.8365243813041232,0.0,0.472119272,0.367023561,17719.0,873.0
0.840056931547195,0.0,0.445668788,0.330381025,17719.0,873.0
0.8710853956059794,0.0,0.429803328,0.289160208,17719.0,873.0
0.9239738802647227,0.0,0.425083844,0.28430721,17719.0,873.0
0.9725894176048945,0.0,0.423738131,0.284588407,17719.0,873.0
1.0,0.003347687,0.428939911,0.295657664,17719.0,873.0
0.9929354678045824,0.22522808,0.427833142,0.30521793,17719.0,873.0
0.9808333597458736,0.392721954,0.423997148,0.310485596,17719.0,873.0
0.9797491737044557,0.537541595,0.405246385,0.335870626,17719.0,873.0
0.9787750720383053,0.6336122095000001,0.3982717145,0.3557764035,17719.0,873.0
0.9777566714473226,0.636911245,0.382389605,0.364782703,17719.0,873.0
0.9776330512319391,0.566050301,0.374299185,0.348372718,17719.0,873.0
0.9825333757723349,0.445774991,0.369039596,0.331473345,17719.0,873.0
0.9956005930834446,0.2687637,0.366976777,0.31468422,17719.0,873.0
0.9981954839244885,0.015631124,0.370331567,0.298200665,17719.0,873.0
0.9969222703873925,0.0,0.3525824495,0.3036837315,17719.0,873.0
0.954256504994472,0.0,0.323630641,0.298924735,17719.0,873.0
0.9020449034668733,0.0,0.31433564,0.310273973,17719.0,873.0
0.8371085489630756,0.0,0.315448757,0.300088125,18883.5,930.5
0.8298342597079671,0.0,0.294533551,0.2738724695,20048.0,988.0
0.8470659481174425,0.0,0.272303148,0.2502423025,20048.0,988.0
0.9183270060318841,0.0,0.259074371,0.231969028,20048.0,988.0
0.9676752734932256,0.0,0.253737806,0.223492369,20048.0,988.0
0.99465072330072,0.005174396,0.250157834,0.224079974,20048.0,988.0
0.9889388207861396,0.263038301,0.245980042,0.223783916,20048.0,988.0
0.9800017151444889,0.433640487,0.231933292,0.21995458,20048.0,988.0
0.9763687352554029,0.558239602,0.217723254,0.206905996,20048.0,988.0
0.9742360478537905,0.649684928,0.227142101,0.193662888,20048.0,988.0
0.9689622121626111,0.6658289655,0.2162748935,0.185068842,20048.0,988.0
0.966241807770244,0.586924323,0.212477228,0.171353887,20048.0,988.0
0.9714702087835512,0.463099843,0.21473402,0.169548339,20048.0,988.0
0.9864265640557838,0.290618339,0.227259359,0.165693207,20048.0,988.0
0.9926037939519651,0.021657547,0.230444273,0.164126529,20048.0,988.0
0.9931125682365147,0.0,0.229691807,0.15855606,20048.0,988.0
0.9724115597971655,0.0,0.235130651,0.15522933,20048.0,988.0
0.9273850817984914,0.0,0.234916848,0.154422982,20048.0,988.0
0.8931966794060437,0.0,0.246678305,0.201827388,20048.0,988.0
0.8335794063933303,0.0,0.244711372,0.214717365,20048.0,988.0
0.8269028206372905,0.0,0.2392602165,0.22534888250000001,20048.0,988.0
0.8279830313359648,0.0,0.2449328865,0.19205936899999998,20048.0,988.0
0.8574636856012908,0.0,0.242425533,0.165464101,20048.0,988.0
0.9134924669419237,0.0,0.24167951,0.158019746,20048.0,988.0
0.9639596590792454,0.0,0.241130206,0.147213904,20048.0,988.0
0.988269605023531,0.007097374,0.243028043,0.139187879,20048.0,988.0
0.978994010596816,0.249059585,0.235222901,0.116174375,20048.0,988.0
0.9752707292285059,0.413237923,0.219771755,0.098226568,20048.0,988.0
0.9700153509739501,0.541306775,0.205636575,0.09273662,20048.0,988.0
0.965214414765512,0.61767243,0.195901108,0.089588516,20048.0,988.0
0.9590759464803345,0.617801151,0.1938769005,0.082097317,20048.0,988.0
0.9530814491831036,0.488434505,0.19872679,0.076720669,20048.0,988.0
0.9576737647062,0.312699037,0.210986562,0.077954441,20048.0,988.0
0.9728366584498677,0.140528756,0.21520766,0.077747978,20048.0,988.0
0.9784065773372186,0.008665652,0.22309492,0.084619979,20048.0,988.0
0.9781227997891392,0.0,0.223180277,0.091045608,20048.0,988.0
0.9580725488473631,0.0,0.2218623985,0.0962163805,20048.0,988.0
0.9154551525752077,0.0,0.217794677,0.102053101,20048.0,988.0
0.8819443904825982,0.0,0.239440264,0.14465313,20048.0,988.0
0.8110979242626192,0.0,0.236673465,0.136344454,20048.0,988.0
0.7997728924694039,0.0,0.2236282435,0.15392303499999999,20048.0,988.0
0.7947593121849766,0.0,0.1899827115,0.149612149,20048.0,988.0
0.8006945075993642,0.0,0.16157320566666666,0.14423920666666668,20048.0,988.0
0.8492405676704111,0.007662328,0.152602699,0.135931583,20048.0,988.0
0.8720412287134738,0.100582291,0.145971263,0.128980562,20048.0,988.0
0.8856311347335961,0.178114729,0.140916699,0.128113231,20048.0,988.0
0.8872230537455071,0.240813737,0.115822056,0.107478332,20048.0,988.0
0.8838830335246297,0.297840295,0.1095369415,0.110156195,20048.0,988.0
0.8817404072484006,0.297703864,0.102229207,0.106551802,20048.0,988.0
0.8822541983968534,0.231524481,0.095842404,0.110471207,20048.0,988.0
0.8907224745445932,0.134773687,0.091550241,0.116854314,20048.0,988.0
0.9121076542779676,0.047687338,0.090533926,0.125706203,20048.0,988.0
0.9160086043689362,0.0058177,0.086147833,0.131678535,20048.0,988.0
0.9135203432174444,0.0,0.081941069,0.14091229,20048.0,988.0
0.8905501538435896,0.0,0.0832333755,0.1431847705,20048.0,988.0
0.8567295364101299,0.0,0.089173156,0.122069767,20048.0,988.0
0.8068121044549503,0.0,0.0863863315,0.113974093,20048.0,988.0
0.7960427960650954,0.0,0.07917437499999999,0.1006669605,20048.0,988.0
0.8014349991138474,0.0,0.087850703,0.09194685550000001,20048.0,988.0
0.8496988908273917,0.011413717,0.09793175,0.092278129,20048.0,988.0
0.8718288213562527,0.154308598,0.104278318,0.090691742,20048.0,988.0
0.8827630675345929,0.292930606,0.105474972,0.086885435,20048.0,988.0
0.8805486924831588,0.395370919,0.096108977,0.081522777,20048.0,988.0
0.880590908779878,0.473665861,0.105207842,0.097664779,20048.0,988.0
0.8778253536478988,0.4885616335,0.1198962885,0.143370573,20048.0,988.0
0.8785892252310279,0.370063969,0.135078607,0.19060772,20048.0,988.0
0.8882095554987338,0.25508482,0.148411318,0.210027361,20048.0,988.0
0.9071736324170658,0.117319087,0.169760356,0.229859636,20048.0,988.0
0.9138637065866271,0.01964772,0.18772227,0.253256092,20048.0,988.0
0.9141373563821227,0.0,0.194609378,0.278770797,20048.0,988.0
0.895683662938917,0.0,0.21506974566666667,0.3234479643333333,20048.0,988.0
0.8346564935640413,0.0,0.2310290135,0.31756429799999997,20048.0,988.0
0.8042116288734832,0.0,0.2685094055,0.42767318,20048.0,988.0
0.8015599445815476,0.0,0.3037884965,0.5357203180000001,20048.0,988.0
0.8290794753917773,0.0,0.328701445,0.574237908,20048.0,988.0
0.8835566606812785,0.0,0.349649697,0.599936319,20048.0,988.0
0.9327988189029931,0.0,0.370086203,0.612697254,20048.0,988.0
0.9608719905920217,0.012105697,0.387635198,0.624074423,20048.0,988.0
0.9597400035134614,0.14448236,0.38790484,0.620470338,20048.0,988.0
0.9568849038638483,0.271752114,0.387232113,0.617441748,20048.0,988.0
0.9552455623991418,0.374562721,0.398117873,0.582000579,20048.0,988.0
0.9538172079790469,0.456756806,0.429909792,0.566560001,20048.0,988.0
0.9512295582884945,0.479874895,0.44608861850000003,0.550348101,20048.0,988.0
0.950794000311251,0.382213107,0.442916094,0.547219259,20048.0,988.0
0.9557011401982997,0.301732476,0.441342795,0.552027015,20048.0,988.0
0.969423374287986,0.159698475,0.442509364,0.556831138,20048.0,988.0
0.9730096888929697,0.024174941,0.450604297,0.562767451,20048.0,988.0
0.9726590841661926,0.0,0.438591866,0.561215377,20048.0,988.0
0.9557382924116238,0.0,0.413469676,0.5692861835,20048.0,988.0
0.9141033749162537,0.0,0.393114157,0.576266749,20048.0,988.0
0.8832979666243022,0.0,0.384934495,0.53966412,20048.0,988.0
0.8115560107008315,0.0,0.36942526750000004,0.53527904,20048.0,988.0
0.8029983795347343,0.0,0.3553236045,0.537876641,20048.0,988.0
0.8174055425013451,0.0,0.333624295,0.530808427,20048.0,988.0
0.8844510620583248,0.0,0.324687044,0.526131416,20048.0,988.0
0.9335590933135195,0.0,0.333165572,0.530325317,20048.0,988.0
0.9634717090047952,0.019280313,0.341559702,0.541518392,20048.0,988.0
0.9618713654556545,0.190289218,0.328555134,0.5449629,20048.0,988.0
0.9568849038638483,0.307588615,0.321797136,0.545167047,20048.0,988.0
0.9539172590407143,0.414935228,0.293957024,0.509111978,20048.0,988.0
0.9509634810083452,0.52979312,0.3055992165,0.5070102525,20048.0,988.0
0.9459843554202203,0.519569791,0.308510165,0.490816747,20048.0,988.0
0.9458205066830409,0.440582077,0.309867582,0.482899209,20048.0,988.0
0.9509227318295211,0.326421091,0.309527936,0.486835689,20048.0,988.0
0.9640793985979721,0.176455744,0.326812859,0.513423773,20048.0,988.0
0.9694464704183717,0.036398764,0.353864092,0.536564154,20048.0,988.0
0.9680025927974436,0.0,0.370274975,0.568047796,20048.0,988.0
0.9614272408685,0.0,0.381813014,0.598191739,20048.0,988.0
0.9231325805198787,0.0,0.3799392005,0.6209647885,20048.0,988.0
0.8782179855863246,0.0,0.352772819,0.607142722,20048.0,988.0
0.8019988629435915,0.0,0.357988158,0.5993184743333333,20048.0,988.0
0.7958203078641279,0.0,0.348219885,0.606514251,20048.0,988.0
0.8217636323625563,0.0,0.345921772,0.606184303,20048.0,988.0
0.8743588732077283,0.0,0.353095248,0.617160151,20048.0,988.0
0.9203637123606596,0.0,0.357519289,0.628412478,20048.0,988.0
0.9463864530028291,0.018001822,0.358884983,0.635066695,20048.0,988.0
0.9436853584831747,0.130577782,0.349684339,0.633835751,20048.0,988.0
0.945574685736471,0.204144957,0.33612309,0.623251132,20048.0,988.0
0.943025892303009,0.266081458,0.310464626,0.543861862,20048.0,988.0
0.9424490606477378,0.300420871,0.304972198,0.517310178,20048.0,988.0
0.9404406087646237,0.306931183,0.2997845725,0.46541597450000005,20048.0,988.0
0.9393094262813517,0.255024759,0.299392063,0.458119676,20048.0,988.0
0.9437996077004618,0.189074706,0.299598461,0.457690075,20048.0,988.0
0.9539820980302829,0.096303654,0.314762944,0.458218627,20048.0,988.0
0.9577951130012972,0.012049639,0.325374363,0.435085371,20048.0,988.0
0.9559960872272252,0.0,0.332838704,0.441233295,20048.0,988.0
0.9350154656676104,0.0,0.3314621385,0.47308673700000003,20048.0,988.0
0.8804254034255272,0.0,0.32204895050000004,0.483823745,20048.0,988.0
0.799742413322948,0.0,0.30185527,0.4175481105,20048.0,988.0
0.7911810435328757,0.0,0.2940736395,0.389267331,20048.0,988.0
0.8066349561822168,0.0,0.291381096,0.3971326645,20048.0,988.0
0.8720659340344361,0.0,0.299751358,0.407552986,20048.0,988.0
0.9176600621895619,0.0,0.310936712,0.412278924,20048.0,988.0
0.9436538378155593,0.029932396,0.322371194,0.405733912,20048.0,988.0
0.9429846224671568,0.126663379,0.326614104,0.395515363,20048.0,988.0
0.9427128660076007,0.204470016,0.326283952,0.367912161,20048.0,988.0
0.9419805148849838,0.262990644,0.298774172,0.32696629,20048.0,988.0
0.941009442307813,0.315804985,0.284571724,0.311151933,20048.0,988.0
0.93832297195472,0.30917563000000003,0.2871773145,0.2775212125,20048.0,988.0
0.9369719984768483,0.241203292,0.285148516,0.261133031,20048.0,988.0
0.9440230896853393,0.167278695,0.291092051,0.27173895,20048.0,988.0
0.9569694317246823,0.077500307,0.292863023,0.293853304,20048.0,988.0
0.9608153868475092,0.011453741,0.304894677,0.307625457,20048.0,988.0
0.962323251850329,0.0,0.308276673,0.300491731,20048.0,988.0
0.9439731115811005,0.0,0.30929348700000003,0.277242414,20048.0,988.0
0.8910376781142013,0.0,0.2861685225,0.27413431850000003,20048.0,988.0
0.8062484298483454,0.0,0.2553368715,0.25487832899999996,20048.0,988.0
0.7985701500888944,0.0,0.2199043755,0.230922472,20048.0,988.0
0.8138197957728812,0.0,0.2088642755,0.2171292155,20048.0,988.0
0.8825694017593585,0.0,0.212851225,0.232045084,20048.0,988.0
0.9295316832103608,0.0,0.216196316,0.251509435,20048.0,988.0
0.9577994671354905,0.035487343,0.214603591,0.276804445,20048.0,988.0
0.9527353882968992,0.143361083,0.19971285,0.301960562,20048.0,988.0
0.9503509170381528,0.264533499,0.17583027,0.303366524,20048.0,988.0
0.9481040748582367,0.326416498,0.150051077,0.238258028,20048.0,988.0
0.9443454395522493,0.3819557175,0.139234912,0.25842643649999997,20048.0,988.0
0.9408495687062741,0.365072371,0.133082035,0.277138858,20048.0,988.0
0.9406790939146153,0.30100722,0.133740968,0.290268896,20048.0,988.0
0.9468551880577564,0.208830496,0.135076812,0.300684036,20048.0,988.0
0.9569502162909533,0.109699858,0.145087087,0.313452423,20048.0,988.0
0.9635868102439654,0.033044498,0.163782014,0.335157799,20048.0,988.0
0.9636715746164646,0.0,0.17866334350000002,0.37200764350000004,20048.0,988.0
0.9232639625427819,0.0,0.1652135015,0.3755529775,20048.0,988.0
0.8801785885914958,0.0,0.137758644,0.282848213,20048.0,988.0
0.8062910249365143,0.0,0.1280329395,0.26380352799999995,20048.0,988.0
0.7959429816186447,0.0,0.12026384400000001,0.2436298845,20048.0,988.0
0.7966948789185364,0.0,0.1119525145,0.2224676495,20048.0,988.0
0.8022535577029066,0.0,0.1070261635,0.1932467995,20048.0,988.0
0.8479966028806442,0.036366818,0.103461009,0.170037457,20048.0,988.0
0.8669358800390301,0.15808418,0.096506001,0.151715304,20048.0,988.0
0.8767441964883577,0.279795166,0.084241969,0.124640053,20048.0,988.0
0.876139062546624,0.415889493,0.067603672,0.081296189,20048.0,988.0
0.8680420264577936,0.538538894,0.063514013,0.061316255,20048.0,988.0
0.8654068118275582,0.576422271,0.055069054,0.051490321,20048.0,988.0
0.8634852071521592,0.548043472,0.051790227,0.0459011,20048.0,988.0
0.864566742688944,0.472094254,0.051653662,0.039003397,20048.0,988.0
0.8758022778053262,0.382174267,0.049563496,0.031050472,20048.0,988.0
0.892397501518935,0.243293903,0.053896596,0.028805561,20048.0,988.0
0.9016032400921783,0.086883408,0.062518481,0.029603272,20048.0,988.0
0.9052400058247314,0.0,0.065694465,0.02982821,20048.0,988.0
0.8980609876932584,0.0,0.0680986715,0.0344339885,20048.0,988.0
0.8633315808136501,0.0,0.0888059835,0.064898379,20048.0,988.0
0.8102170587256889,0.0,0.10945808,0.095021381,20048.0,988.0
0.8017843732343948,0.0,0.116753979,0.099604977,20048.0,988.0
0.7945944693532325,0.0,0.122416885,0.119130743,20048.0,988.0
0.7954059999008225,0.0,0.144464278,0.185024953,20048.0,988.0
0.7993521479508952,0.0,0.1745945295,0.266470478,20048.0,988.0
0.8439818765957185,0.045882348,0.195148335,0.323624481,20048.0,988.0
0.8633609242070658,0.159144873,0.203123247,0.341831586,20048.0,988.0
0.8751377947612575,0.295532189,0.209623548,0.353624222,20048.0,988.0
0.8764342937209127,0.401956734,0.207300645,0.325420576,20048.0,988.0
0.8733375383809556,0.4523516235,0.21268319800000002,0.28620652550000003,20048.0,988.0
0.8699811899497503,0.34336123350000003,0.22676084400000002,0.2811645585,20048.0,988.0
0.8784318128419488,0.201698824,0.245044637,0.285925591,20048.0,988.0
0.8953168722815966,0.100186965,0.269102516,0.297746908,20048.0,988.0
0.899514188885688,0.014912704,0.297127403,0.299481263,20048.0,988.0
0.8990526477617605,0.0,0.310704295,0.292261332,20048.0,988.0
0.8796678896294138,0.0,0.33002249266666667,0.2866986173333333,20048.0,988.0
0.8242416232745771,0.0,0.3553365845,0.316700562,20048.0,988.0
0.798337486605197,0.0,0.365565184,0.342134605,20048.0,988.0
0.793376061492105,0.0,0.3534965525,0.3466296855,20048.0,988.0
0.8077318736755656,0.0,0.3363269,0.38937735399999995,20048.0,988.0
0.8729603354114824,0.0,0.339309001,0.443512313,20048.0,988.0
0.9186869817567577,0.0,0.329346159,0.443855421,20048.0,988.0
0.9450745252813241,0.031081572,0.317205168,0.454497963,20048.0,988.0
0.9426473642883224,0.075843305,0.285629206,0.456992321,20048.0,988.0
0.9428434908618105,0.13372062,0.251871749,0.454491219,20048.0,988.0
0.9372911778034059,0.191719028,0.192057653,0.4404224,20048.0,988.0
0.935821742839632,0.255081131,0.167745641,0.404248112,20048.0,988.0
0.9318921593044492,0.336272971,0.1297722645,0.3578161635,20048.0,988.0
0.9326610001177835,0.323008728,0.1118957485,0.35030665650000004,20048.0,988.0
0.947867057033243,0.211673646,0.123867288,0.348468838,20048.0,988.0
0.9533839691415816,0.086119653,0.136904065,0.341526409,20048.0,988.0
0.9574541634179793,0.0,0.146900058,0.336840336,20048.0,988.0
0.9435484861588319,0.0,0.162568922,0.3347484545,20048.0,988.0
0.9068307894978084,0.0,0.181518822,0.313233785,20048.0,988.0
0.8765209037956534,0.0,0.211490564,0.29050166,20048.0,988.0
0.8100395792952039,0.0,0.214477185,0.269294992,20048.0,988.0
0.8021530570205517,0.0,0.212316253,0.280402402,20048.0,988.0
0.7991641617692735,0.0,0.22739311750000002,0.30860534900000003,20048.0,988.0
0.8273288185313674,0.0,0.23898676,0.314858253,20048.0,988.0
0.8831397970665297,0.0,0.246087526,0.31245217,20048.0,988.0
0.9317570384504678,0.001092794,0.246026285,0.309789729,20048.0,988.0
0.9579650199164361,0.110729516,0.24011063,0.304219616,20048.0,988.0
0.9493315699863035,0.253106391,0.224860152,0.299221751,20048.0,988.0
0.9442534818700595,0.410475116,0.201237293,0.29011545,20048.0,988.0
0.9356293076706275,0.520788418,0.245314066,0.277391092,20048.0,988.0
0.9314162781593233,0.603428921,0.220570514,0.256439786,20048.0,988.0
0.9295299795808005,0.637510836,0.206692752,0.236768415,20048.0,988.0
0.9287390839511369,0.5852342545,0.20154579350000001,0.2109919635,20048.0,988.0
0.9330064935416741,0.460023066,0.186176749,0.189860201,20048.0,988.0
0.9436109587891305,0.31028686,0.169753959,0.196228117,20048.0,988.0
0.9472681705616424,0.12857778,0.166382386,0.21429433,20048.0,988.0
0.9467525809304397,0.0,0.171219286,0.221961034,20048.0,988.0
0.9337136661128952,0.0,0.1483426175,0.217713288,20048.0,988.0
0.905412090221173,0.0,0.133717223,0.194159675,20048.0,988.0
0.875892105847014,0.0,0.175326818,0.180443204,20048.0,988.0
0.8116181521733781,0.0,0.151404298,0.141272608,20048.0,988.0
0.802457516913152,0.0,0.1317856845,0.115334148,20048.0,988.0
0.799580552153589,0.0,0.1162976475,0.12022388,20048.0,988.0
0.8273288185313674,0.0,0.102919406,0.152835618,20048.0,988.0
0.882324906272208,0.0,0.099533561,0.18734014,20048.0,988.0
0.929227649328702,0.00222545,0.104250008,0.220783857,20048.0,988.0
0.9540468425808677,0.094662676,0.109596288,0.223894683,20048.0,988.0
0.9489588155900073,0.197664785,0.101596631,0.207072719,20048.0,988.0
0.9444889849434602,0.3394902,0.087537497,0.194731979,20048.0,988.0
0.9377412653011241,0.509491976,0.091104147,0.207138058,20048.0,988.0
0.9322580509274976,0.62653329,0.08520933,0.203534041,20048.0,988.0
0.9298153663194564,0.6465916780000001,0.0697517665,0.206357823,20048.0,988.0
0.9303894530311111,0.550991606,0.067776198,0.225121313,20048.0,988.0
0.9336714496090731,0.421479529,0.071843053,0.243329855,20048.0,988.0
0.9450847478870975,0.279165921,0.085056834,0.261179981,20048.0,988.0
0.9515105436734653,0.08625392,0.103047779,0.256320498,20048.0,988.0
0.9612866771396738,0.0,0.12000778,0.243739289,20048.0,988.0
0.9210438608853462,0.0,0.131401039,0.22646468050000002,20048.0,988.0
0.8776571505694232,0.0,0.162548899,0.238759959,20048.0,988.0
0.8118883938813413,0.0,0.173036102,0.232662134,20048.0,988.0
0.8025455466791931,0.0,0.20339786850000002,0.235858173,20048.0,988.0
0.7990771258906941,0.0,0.22993545399999998,0.2122890355,20048.0,988.0
0.8262784242494392,0.0,0.244841337,0.202888701,20048.0,988.0
0.8797280276562409,0.0,0.257298791,0.213567295,20048.0,988.0
0.9258192875917397,0.00330073,0.276121594,0.239838749,20048.0,988.0
0.9526850311941074,0.131227365,0.290480826,0.27377547,20048.0,988.0
0.9481360685491824,0.266995284,0.304424717,0.300937026,20048.0,988.0
0.9483214990793608,0.394306901,0.30786632,0.314010402,20048.0,988.0
0.9466617115746954,0.495455766,0.312319511,0.315147653,20048.0,988.0
0.942708322167028,0.581563009,0.343351051,0.315273972,20048.0,988.0
0.9399850309654658,0.5990322535,0.369518947,0.280491534,20048.0,988.0
0.940078030375918,0.530181349,0.35732379,0.233316769,20048.0,988.0
0.9466153304359562,0.431831017,0.366050831,0.251007109,20048.0,988.0
0.9613322066707357,0.295897248,0.386256525,0.267449303,20048.0,988.0
0.9661179978484811,0.108140243,0.414239786,0.261373547,20048.0,988.0
0.9680025927974436,0.001248181,0.431852724,0.26640581,20048.0,988.0
0.9506612928289282,0.0,0.444824192,0.304718705,20048.0,988.0
0.9110164635977234,0.0,0.447903153,0.319722936,20048.0,988.0
0.8798269429648682,0.0,0.465374146,0.358882271,20048.0,988.0
0.814328901422286,0.0,0.459304208,0.358256842,20048.0,988.0
0.8058664941603324,0.0,0.465436203,0.3668065135,20048.0,988.0
0.8156231918351833,0.0,0.4493115423333333,0.3537602166666667,20048.0,988.0
0.8923759201401421,0.0,0.43588779,0.382018451,20048.0,988.0
0.944472514867554,0.004181474,0.432634242,0.37226248,20048.0,988.0
0.9706133858378737,0.218264601,0.427578992,0.354405577,20048.0,988.0
0.9654631699478718,0.413246168,0.421082354,0.349771488,20048.0,988.0
0.962732353657558,0.571996267,0.404833507,0.344541894,20048.0,988.0
0.9620288726979234,0.694047259,0.371767353,0.302386107,20048.0,988.0
0.9560228747620945,0.7482420430000001,0.3856473705,0.3023362675,20048.0,988.0
0.9527707892469651,0.72490256,0.373659015,0.32099135,20048.0,988.0
0.9528733963742819,0.64798792,0.366194797,0.3083812,20048.0,988.0
0.9578458486884355,0.5275135,0.355600402,0.286334858,20048.0,988.0
0.9724616325474911,0.362145856,0.340231563,0.280917108,20048.0,988.0
0.9789091990048252,0.181658649,0.343876099,0.285634314,20048.0,988.0
0.9809861342696026,0.002175554,0.355179721,0.312071349,20048.0,988.0
0.9638668019485778,0.0,0.361580764,0.35903967000000003,20048.0,988.0
0.9202417957748363,0.0,0.364953946,0.44499613,20048.0,988.0
0.8870793664887177,0.0,0.385420246,0.52935607,20048.0,988.0
0.8124607769634358,0.0,0.379138429,0.5989700825,20048.0,988.0
0.8028110560828223,0.0,0.3640613165,0.673967615,20048.0,988.0
0.803779020802826,0.0,0.35303161,0.7087582126666666,20048.0,988.0
0.8253574246296969,0.002599582,0.330022547,0.7179422,20048.0,988.0
0.8588413043342473,0.123185038,0.321876378,0.721622608,20048.0,988.0
0.8799500897427153,0.26262098,0.306033148,0.718105474,20048.0,988.0
0.8870772842748108,0.430496252,0.301184384,0.709162427,20048.0,988.0
0.8895138162659086,0.542689021,0.297442063,0.709631938,20048.0,988.0
0.8846023220375638,0.6146499595,0.31629850299999995,0.6997249575,20048.0,988.0
0.8808226260098115,0.59603324,0.329916982,0.706359324,20048.0,988.0
0.8813810942532371,0.507896414,0.339368995,0.714554288,20048.0,988.0
0.8905145161747553,0.422205866,0.349469172,0.725483754,20048.0,988.0
0.907934285411939,0.299835681,0.357204713,0.735776447,20048.0,988.0
0.9145043363316164,0.161174225,0.371968355,0.743172148,20048.0,988.0
0.9167836452258087,0.002781186,0.387327243,0.746563838,20048.0,988.0
0.9117469215915037,0.0,0.405383966,0.752120413,20048.0,988.0
0.8876624456141219,0.0,0.409894908,0.759937553,20048.0,988.0
0.8409231254909688,0.0,0.43962176649999996,0.7717850895,20048.0,988.0
0.8114880005496017,0.0,0.45015107249999997,0.7738031665,20048.0,988.0
0.8111445895467212,0.0,0.46688892025,0.795360335,20048.0,988.0
0.8330155427016551,0.005028925,0.497280067,0.796865342,20048.0,988.0
0.8622667044378419,0.154709367,0.512275687,0.791736476,20048.0,988.0
0.8806889720666219,0.286260433,0.516118371,0.80393737,20048.0,988.0
0.8862900330372416,0.389374876,0.519839178,0.808904401,20048.0,988.0
0.8848099020301581,0.467001892,0.512922932,0.804842297,20048.0,988.0
0.8767581109128204,0.520648495,0.5147381645,0.8005454089999999,20048.0,988.0
0.8707931935206706,0.515577148,0.534888636,0.805548894,20048.0,988.0
0.8675753736167733,0.474807618,0.558075314,0.810623712,20048.0,988.0
0.8764887208125344,0.366592126,0.590934506,0.826399829,20048.0,988.0
0.8994442385932329,0.24955224,0.60881335,0.831815084,20048.0,988.0
0.9079535952846516,0.123038715,0.627988724,0.851500179,20048.0,988.0
0.9119668068179843,0.002747107,0.634654636,0.8590749,20048.0,988.0
0.9033023094506698,0.0,0.6436239665000001,0.8730017035,20048.0,988.0
0.8788730027791072,0.0,0.647648408,0.882372742,20048.0,988.0
0.8547834152917358,0.0,0.682103627,0.897996131,20048.0,988.0
0.8106784105574434,0.0,0.650314285,0.891102279,20048.0,988.0
0.800356019021403,0.0,0.6331845899999999,0.8882663120000001,20048.0,988.0
0.8135567950083066,0.0,0.629180115,0.8687923,20048.0,988.0
0.8797280276562409,0.0,0.64929634,0.905685573,20048.0,988.0
0.9255434607291474,0.006782962,0.66602893,0.907788958,20048.0,988.0
0.9494213035890077,0.076664228,0.673802257,0.911192325,20048.0,988.0
0.9429846224671568,0.148340682,0.666135064,0.909761936,20048.0,988.0
0.9359991274169276,0.247636506,0.635864242,0.906042421,20048.0,988.0
0.9304390525510032,0.361891893,0.599111607,0.879871338,20048.0,988.0
0.9274771815533625,0.474392441,0.664053361,0.870020281,20048.0,988.0
0.9243237278228065,0.542754341,0.708230746,0.87806131,20048.0,988.0
0.9241581746276547,0.492739353,0.706859217,0.885539318,20048.0,988.0
0.9317053563024625,0.405773186,0.691965407,0.888771149,20048.0,988.0
0.9434958575499601,0.27151208,0.699023942,0.886623729,20048.0,988.0
0.9476089308527867,0.14187869,0.676649859,0.883290143,20048.0,988.0
0.9488202396361043,0.0040899,0.654142034,0.87731108,20048.0,988.0
0.9435556800898316,0.0,0.629699173,0.862402478,20048.0,988.0
0.9117950065669058,0.0,0.5824399490000001,0.8119856400000001,20048.0,988.0
0.873706411666389,0.0,0.572568191,0.698204736,20048.0,988.0
0.8088684045946984,0.0,0.5178676,0.624385056,20048.0,988.0
0.8002891918427051,0.0,0.45965296450000004,0.539630406,20048.0,988.0
0.7992976262131868,0.0,0.389576105,0.3753766295,20048.0,988.0
0.8273288185313674,0.0,0.326285381,0.205889146,20048.0,988.0
0.8825694017593585,0.0,0.291921522,0.135327378,20048.0,988.0
0.9295316832103608,0.012520453,0.265475967,0.119062769,20048.0,988.0
0.9515561676435109,0.131970825,0.236117529,0.121092371,20048.0,988.0
0.9431643734037223,0.216203262,0.189350082,0.147540547,20048.0,988.0
0.9343605431209144,0.311411894,0.176548303,0.252528054,20048.0,988.0
0.9310441864927368,0.369298049,0.225624838,0.478387555,20048.0,988.0
0.9298504835383655,0.425321991,0.267538481,0.692114936,20048.0,988.0
0.9240987310863361,0.411092323,0.320156143,0.782398322,20048.0,988.0
0.9234746662704426,0.350730116,0.359766994,0.824606172,20048.0,988.0
0.9232276147176429,0.306256713,0.400678401,0.857253924,20048.0,988.0
0.9282974680030367,0.226633628,0.423515887,0.865913658,20048.0,988.0
0.9429270718475715,0.138664944,0.441943145,0.860651726,20048.0,988.0
0.9466437271614022,0.067543728,0.467331103,0.849840333,20048.0,988.0
0.9485049418346158,0.003148396,0.489798094,0.839513762,20048.0,988.0
0.9327682451104506,0.0,0.496118976,0.8219621615,20048.0,988.0
0.8977332423780989,0.0,0.478084193,0.801529923,20048.0,988.0
0.8679628940452094,0.0,0.492094621,0.794532122,20048.0,988.0
0.8034609145461236,0.0,0.474230838,0.772277863,20048.0,988.0
0.7928540825251911,0.0,0.4712222915,0.788444213,20048.0,988.0
0.7894038828687535,0.0,0.476996383,0.817446372,20048.0,988.0
0.8158990501774368,0.0,0.46919691,0.791750862,20048.0,988.0
0.8712226465146689,0.0,0.45859229,0.725165392,20048.0,988.0
0.9172133819509638,0.007165375,0.443402773,0.680278412,20048.0,988.0
0.939836090126005,0.079282434,0.434597676,0.643625248,20048.0,988.0
0.9321137957941881,0.138879094,0.414675012,0.600170662,20048.0,988.0
0.9292467699092413,0.163352361,0.397676529,0.582870596,20048.0,988.0
0.9296088278480217,0.220515499,0.423848334,0.642963438,20048.0,988.0
0.9287109239444592,0.21467022949999998,0.479161577,0.7089598245,20048.0,988.0
0.9277725073737378,0.176663031,0.480749422,0.67264362,20048.0,988.0
0.9288612372557283,0.145083106,0.437458407,0.642283858,20048.0,988.0
0.9340993878514784,0.104620278,0.420551937,0.605060282,20048.0,988.0
0.9456572254081757,0.069259129,0.390944504,0.565181685,20048.0,988.0
0.9494292546887008,0.028631245,0.35318053,0.551023678,20048.0,988.0
0.9485466851080044,0.002385092,0.316300847,0.566293632,20048.0,988.0
0.937734544807661,0.0,0.279040067,0.604063963,20048.0,988.0
0.8990013918318,0.0,0.2498172565,0.6774044535,20048.0,988.0
0.8580623827807181,0.0,0.27394007,0.739601713,20048.0,988.0
0.8004442380796174,0.0,0.276898285,0.738911822,20048.0,988.0
0.7923839277789635,0.0,0.28479074950000005,0.6848388255,20048.0,988.0
0.7933881536169691,0.0,0.3149988635,0.6481709335,20048.0,988.0
0.8197076161610682,0.0,0.328925522,0.581395029,20048.0,988.0
0.8744799377716684,0.0,0.303036423,0.482577964,20048.0,988.0
0.9212694725107254,0.024100723,0.259288875,0.408814807,20048.0,988.0
0.9428992429986458,0.142624072,0.233047026,0.328905363,20048.0,988.0
0.9336323568403174,0.249188405,0.213210948,0.268263519,20048.0,988.0
0.9301963555466027,0.367454119,0.195889293,0.240794288,20048.0,988.0
0.929621416813065,0.483222908,0.218102922,0.245590243,20048.0,988.0
0.9273258271351399,0.556135622,0.238302455,0.238663037,20048.0,988.0
0.9223716433796425,0.5662754185,0.215377342,0.217314149,20048.0,988.0
0.9215410396781082,0.506435455,0.170811653,0.1956839,20048.0,988.0
0.9252962202983804,0.393758236,0.122253609,0.177149899,20048.0,988.0
0.9381193202924805,0.265354721,0.09853902,0.161402905,20048.0,988.0
0.9460063157975659,0.121014911,0.086360045,0.139974569,20048.0,988.0
0.9480373425327286,0.00490844,0.073796786,0.125332665,20048.0,988.0
0.9382135024683615,0.0,0.068454664,0.12075628,20048.0,988.0
0.9042722462748004,0.0,0.0732161295,0.1329325765,20048.0,988.0
0.8661879108623901,0.0,0.10831272,0.174479227,20048.0,988.0
0.802625057676124,0.0,0.127630585,0.2164921535,20048.0,988.0
0.7934470294888708,0.0,0.1768312205,0.28859226250000003,20048.0,988.0
0.8053623579482359,0.0,0.226086562,0.3480546285,20048.0,988.0
0.8707366842151418,0.0,0.261069277,0.41047028,20048.0,988.0
0.9141399120335659,0.018379044,0.286809424,0.448906786,20048.0,988.0
0.9369347041908426,0.074988783,0.304198301,0.473758195,20048.0,988.0
0.9321137957941881,0.1362688,0.317257677,0.493718321,20048.0,988.0
0.9298909962055244,0.200580638,0.337390002,0.494809814,20048.0,988.0
0.9295095339550477,0.300967087,0.33627143,0.484395842,20048.0,988.0
0.9261954018205616,0.34743030350000004,0.3827551975,0.4787796015,20048.0,988.0
0.9235767051070332,0.299037087,0.434710852,0.50914171,20048.0,988.0
0.9232276147176429,0.257134584,0.47172119,0.520073433,20048.0,988.0
0.9272319286904157,0.183972223,0.500825944,0.514209844,20048.0,988.0
0.939729697155221,0.112497313,0.522318843,0.538484039,20048.0,988.0
0.9439095027835559,0.056501652,0.53851003,0.543719873,20048.0,988.0
0.9427316075895873,0.004367138,0.556106015,0.520144252,20048.0,988.0
0.9201819262225759,0.0,0.5601155584999999,0.4839687755,20048.0,988.0
0.8777347682304144,0.0,0.555496911,0.421074657,20048.0,988.0
0.8440645111206128,0.0,0.55091323,0.387298087,20048.0,988.0
0.7903665787494956,0.0,0.550103699,0.419896812,20048.0,988.0
0.7769804192448025,0.0,0.5373338245,0.478007333,20048.0,988.0
0.7717853603702975,0.0,0.5054983225,0.456650057,20048.0,988.0
0.7682948137291286,0.0,0.4717054195,0.4185796725,20048.0,988.0
0.7861602220979567,0.024125819,0.448408002,0.365370971,20048.0,988.0
0.8208344919367415,0.102098545,0.423599755,0.337872466,20048.0,988.0
0.8395593739629833,0.217413615,0.403220782,0.329937293,20048.0,988.0
0.848607226709611,0.341025443,0.399841154,0.330233836,20048.0,988.0
0.8465489390020428,0.480876145,0.414159841,0.365405117,20048.0,988.0
0.8411120583405602,0.5650342845,0.464414899,0.4269743185,20048.0,988.0
0.8404591707882793,0.555661964,0.482101984,0.505101145,20048.0,988.0
0.8404047436966576,0.495936467,0.467208152,0.570246237,20048.0,988.0
0.8479367803407727,0.382212872,0.475021005,0.619168736,20048.0,988.0
0.8692577838142881,0.252918555,0.489734761,0.649813814,20048.0,988.0
0.8756284897793244,0.13588475,0.487067847,0.690613514,20048.0,988.0
0.8823240542503249,0.008782834,0.473552409,0.71187542,20048.0,988.0
0.8760189446506537,0.0,0.4546865215,0.6994224275,20048.0,988.0
0.8520501377889623,0.0,0.433785758,0.70232482,20048.0,988.0
0.8298889707378488,0.0,0.433730812,0.700546811,20048.0,988.0
0.7916179031526898,0.0,0.3802899225,0.6995444405,20048.0,988.0
0.781440531857602,0.0,0.3356475810000001,0.7938748996666667,20048.0,988.0
0.7894487734869545,0.0,0.29565351949999996,0.819997402,20048.0,988.0
0.8367849210633412,0.038447381,0.261883844,0.777774006,20048.0,988.0
0.8509531730761217,0.20806405,0.231785798,0.75569853,20048.0,988.0
0.858917596950025,0.336240801,0.202386459,0.744092725,20048.0,988.0
0.8531710506540718,0.45482506,0.201647663,0.739676407,20048.0,988.0
0.846825333326949,0.549076056,0.251793297,0.708643628,20048.0,988.0
0.8400084203537481,0.600787344,0.2807880455,0.684712264,20048.0,988.0
0.8399094108132403,0.561747133,0.29168266,0.626690211,20048.0,988.0
0.8456682623430799,0.519921559,0.297792743,0.600932422,20048.0,988.0
0.86334256079522,0.420895599,0.280978728,0.604581615,20048.0,988.0
0.8704093649109238,0.297491665,0.265730005,0.571411627,20048.0,988.0
0.8750739970857454,0.174731755,0.263990094,0.546649351,20048.0,988.0
0.8798885635732835,0.013376664,0.244938119,0.523236512,20048.0,988.0
0.8736676026287903,0.0,0.235622809,0.496602588,20048.0,988.0
0.8429264658640931,0.0,0.2269113,0.4523343605,20048.0,988.0
0.7957775234837858,0.0,0.20935314500000002,0.341161709,20048.0,988.0
0.7871548798448117,0.0,0.20192140733333333,0.3003186353333333,20048.0,988.0
0.8158990501774368,0.0,0.202649223,0.313757218,20048.0,988.0
0.8709761632525953,0.0,0.192577992,0.309830602,20048.0,988.0
0.917652016236679,0.0,0.183948086,0.3054557,20048.0,988.0
0.9479804546428532,0.052855427,0.174674328,0.291239651,20048.0,988.0
0.9424443275149916,0.1855109,0.165234602,0.279968973,20048.0,988.0
0.9403225258630684,0.304614425,0.160662461,0.27675081,20048.0,988.0
0.9345389690122664,0.451964208,0.164090487,0.272290036,20048.0,988.0
0.9313877865806877,0.59006391,0.16573978,0.24637163,20048.0,988.0
0.9284919379593535,0.635228912,0.16427424499999999,0.243202056,20048.0,988.0
0.9262731613471312,0.606865866,0.18793472,0.28058324,20048.0,988.0
0.9319512716880161,0.536446371,0.188418929,0.311161298,20048.0,988.0
0.9434958575499601,0.433715073,0.184475905,0.331235691,20048.0,988.0
0.9457183729932607,0.319990092,0.177396827,0.345790576,20048.0,988.0
0.9456685841811951,0.181883195,0.1814536,0.352967264,20048.0,988.0
0.9431134488386167,0.015778647,0.18673641,0.339867491,20048.0,988.0
0.9126210668420736,0.0,0.17994396499999998,0.3126652855,20048.0,988.0
0.8763087801695896,0.0,0.172412161,0.300245577,20048.0,988.0
0.8065859245388449,0.0,0.20567336,0.3614684985,20048.0,988.0
0.798776452048664,0.0,0.18768393449999998,0.31307658650000003,20048.0,988.0
0.8140360840338621,0.0,0.194112264,0.2759965835,20048.0,988.0
0.8837893243720789,0.0,0.216802295,0.275254239,20048.0,988.0
0.9318814158345445,0.0,0.224185418,0.273406822,20048.0,988.0
0.9579650199164361,0.057436679,0.223833945,0.264398697,20048.0,988.0
0.9515543691607609,0.213219478,0.224392179,0.2547283,20048.0,988.0
0.9508684940300727,0.356144911,0.222876471,0.239811367,20048.0,988.0
0.949611182692363,0.497990233,0.223350276,0.231980774,20048.0,988.0
0.9452835249652186,0.644549767,0.232726804,0.22810863,20048.0,988.0
0.9389309454861571,0.732913597,0.251940076,0.2216978125,20048.0,988.0
0.9346285133227973,0.749370384,0.266099135,0.23195107,20048.0,988.0
0.9360623576301256,0.686116037,0.260330209,0.250102586,20048.0,988.0
0.946754852850726,0.582524574,0.243963465,0.246870027,20048.0,988.0
0.9509971311093594,0.439589823,0.232248698,0.234219347,20048.0,988.0
0.9570492264527701,0.266089034,0.22554229,0.22499191,20048.0,988.0
0.9596558546511803,0.038188269,0.224158185,0.211257691,20048.0,988.0
0.9268905058766645,0.0,0.2126892625,0.1881410875,20048.0,988.0
0.8849468687934845,0.0,0.207027859,0.181037045,20048.0,988.0
0.8128151205212912,0.0,0.2287926965,0.167557869,20048.0,988.0
0.8045312337967763,0.0,0.2157869395,0.14707208900000002,20048.0,988.0
0.8202596006297986,0.0,0.2087171345,0.13417628999999998,20048.0,988.0
0.8890654319835446,0.0,0.204101236,0.118206433,20048.0,988.0
0.9406020441301441,0.001267899,0.203939644,0.11243893,20048.0,988.0
0.9688237306476918,0.066850363,0.20409162,0.106221442,20048.0,988.0
0.9624701574882716,0.272738737,0.205061524,0.106463248,20048.0,988.0
0.9557596372787516,0.443656732,0.19364166,0.101855475,20048.0,988.0
0.9524017270835646,0.60166214,0.196533517,0.098492485,20048.0,988.0
0.9437891009493254,0.718315708,0.188947223,0.097085736,20048.0,988.0
0.9373307435954918,0.808794287,0.216722523,0.105342921,20048.0,988.0
0.9338688540082829,0.818902085,0.23788485250000002,0.12165936999999999,20048.0,988.0
0.9360740949874918,0.727603467,0.255941201,0.15112707,20048.0,988.0
0.9469131172616883,0.608878903,0.266581121,0.173480121,20048.0,988.0
0.9522988362250908,0.4494266,0.279790012,0.197528787,20048.0,988.0
0.9593874110117612,0.276923683,0.298631522,0.209646703,20048.0,988.0
0.9604482171916362,0.045271192,0.305540435,0.212234888,20048.0,988.0
0.9397774037533796,0.0,0.301181617,0.198140467,20048.0,988.0
0.8980091636796748,0.0,0.295679742,0.1775018035,20048.0,988.0
0.8145248387036006,0.0,0.320880976,0.177087717,20048.0,988.0
0.805319762860067,0.0,0.3138274985,0.17530610600000002,20048.0,988.0
0.8043053852455259,0.0,0.3130440285,0.165208853,20048.0,988.0
0.8323172674838909,0.0,0.304377312,0.151244503,20048.0,988.0
0.8866120513321936,0.0,0.293057488,0.14494486,20048.0,988.0
0.9376222833652971,0.002809497,0.290254404,0.139959897,20048.0,988.0
0.9657226211735416,0.098986682,0.277417152,0.128376808,20048.0,988.0
0.959389777371031,0.296239857,0.26093961,0.112771272,20048.0,988.0
0.9513628808668292,0.477101021,0.229247103,0.095244051,20048.0,988.0
0.9470316261741852,0.633495938,0.218663123,0.088186295,20048.0,988.0
0.9402897750034291,0.745920461,0.195054977,0.082862126,20048.0,988.0
0.9348163102122455,0.823706992,0.211215973,0.089547691,20048.0,988.0
0.9301904868679196,0.8307369255,0.2087335605,0.0966008505,20048.0,988.0
0.9334092534397866,0.737818801,0.18842169,0.110411207,20048.0,988.0
0.9434931126063435,0.612980363,0.163599492,0.122571835,20048.0,988.0
0.9469773883747368,0.455615992,0.147024901,0.136470309,20048.0,988.0
0.9472357038473662,0.273157828,0.137442492,0.145302924,20048.0,988.0
0.9582372498135285,0.053845851,0.12711485,0.146640953,20048.0,988.0
0.9374189628608093,0.0,0.114116687,0.135034408,20048.0,988.0
0.8967281883350591,0.0,0.1023968505,0.108463853,20048.0,988.0
0.810692656139658,0.0,0.10586450650000001,0.0818602095,20048.0,988.0
0.8016440932367257,0.0,0.100918156,0.058809414,20048.0,988.0
0.8026331506413956,0.0,0.10087045850000001,0.053264998,20048.0,988.0
0.8306855929735143,0.0,0.107574306,0.060398587,20048.0,988.0
0.8843203427651313,0.0,0.114115366,0.068838296,20048.0,988.0
0.9363599551636841,0.001918131,0.117004471,0.074639021,20048.0,988.0
0.9633409897116016,0.104633288,0.119868363,0.084750283,20048.0,988.0
0.9599606457015325,0.299238917,0.114799785,0.098798169,20048.0,988.0
0.951127188087049,0.469809293,0.104424689,0.111985268,20048.0,988.0
0.9465770892748777,0.617964644,0.100811123,0.127215697,20048.0,988.0
0.9379278315843427,0.731379697,0.105915103,0.150399022,20048.0,988.0
0.9348163102122455,0.795460242,0.120979823,0.156051469,20048.0,988.0
0.9301465665274343,0.8065024795,0.135769409,0.1674028125,20048.0,988.0
0.9334430456134823,0.727285969,0.144026103,0.163175717,20048.0,988.0
0.9437173517599143,0.605864793,0.147590514,0.15699813,20048.0,988.0
0.9466437271614022,0.460352776,0.139802626,0.142612427,20048.0,988.0
0.9456685841811951,0.286851268,0.135641774,0.129346602,20048.0,988.0
0.9535986480048829,0.070750813,0.130896061,0.116576374,20048.0,988.0
0.9358022436747461,0.0,0.129967361,0.109213394,20048.0,988.0
0.897350360022116,0.0,0.1202695945,0.09378458349999999,20048.0,988.0
0.8071748723429322,0.0,0.118602662,0.100738905,20048.0,988.0
0.7967703669390259,0.0,0.1120872355,0.11527615299999999,20048.0,988.0
0.7997507904335828,0.0,0.10630848600000001,0.12841334999999998,20048.0,988.0
0.8068776061742287,0.00232558,0.105987184,0.16776973150000002,20048.0,988.0
0.8530394789247893,0.122142808,0.105090834,0.205453097,20048.0,988.0
0.871644432140131,0.303152357,0.098290106,0.225571763,20048.0,988.0
0.8772646132770838,0.477216273,0.08520091,0.230840765,20048.0,988.0
0.8753219946852059,0.619793167,0.078837756,0.230499358,20048.0,988.0
0.8673742305935882,0.728898603,0.063662312,0.201433532,20048.0,988.0
0.8610888564633651,0.8055949305000001,0.06716655099999999,0.209123092,20048.0,988.0
0.8592045928792575,0.797670435,0.065876584,0.18043957,20048.0,988.0
0.8654288666438874,0.711187192,0.066264695,0.148271396,20048.0,988.0
0.882289789053299,0.575608205,0.065180632,0.125134291,20048.0,988.0
0.8852808141521821,0.435956103,0.070422566,0.118469847,20048.0,988.0
0.8877893790638481,0.274391136,0.074759119,0.117445668,20048.0,988.0
0.8932030213151603,0.073721638,0.075159097,0.120391966,20048.0,988.0
0.8839817593339805,0.0,0.077493972,0.1397143325,20048.0,988.0
0.8540260751169996,0.0,0.080962442,0.166806192,20048.0,988.0
0.7596698115317653,0.0,0.1213841135,0.258087878,20048.0,988.0
0.7477888903421079,0.0,0.1380633385,0.294508024,16411.0,809.0
0.7479083459225744,0.0,0.144173681,0.31600311,16411.0,809.0
0.752897930835241,0.0035925035,0.157427139,0.334148642,16411.0,809.0
0.7803739203035381,0.13013854,0.155002017,0.364185855,16411.0,809.0
0.7988301693981873,0.318830907,0.139913659,0.364855602,16411.0,809.0
0.8145095043807344,0.470138467,0.114864114,0.343877578,16411.0,809.0
0.8160031712279342,0.605638173,0.097767348,0.310022865,16411.0,809.0
0.8089396803465732,0.730398261,0.085034833,0.247700146,16411.0,809.0
0.8054041958677112,0.786022455,0.086885648,0.248321355,16411.0,809.0
0.8029460350712254,0.7818067175000001,0.088170287,0.240267698,16411.0,809.0
0.8061845373196437,0.67205759,0.089820543,0.21497687,16411.0,809.0
0.8145056236840776,0.539380433,0.098788438,0.20659479,16411.0,809.0
0.8182769902348931,0.410221203,0.107508273,0.165718399,16411.0,809.0
0.8193267217871115,0.258456524,0.118595931,0.132528973,16411.0,809.0
0.8205400183453525,0.088821165,0.121004378,0.12015117,16411.0,809.0
0.8136257990469979,0.0,0.121865692,0.112581016,16411.0,809.0
0.7800972178093168,0.0,0.12037780000000001,0.097669175,16411.0,809.0
0.7656868366686559,0.0,0.15216661250000002,0.0713847175,16411.0,809.0
0.75616251087643,0.0,0.13852545100000002,0.08217613,16411.0,809.0
0.7664266890631753,0.0,0.127717785,0.09675887450000001,16411.0,809.0
0.8365186549052245,0.0,0.116715955,0.102392568,16411.0,809.0
0.8683099018064869,0.00802727,0.107117367,0.095929863,16411.0,809.0
0.8471452698222,0.153094626,0.103661019,0.098235938,16411.0,809.0
0.8466517350073267,0.336419043,0.090899342,0.104373278,16411.0,809.0
0.8515482732900492,0.502034722,0.065612002,0.111547694,16411.0,809.0
0.8472903769773928,0.658159346,0.04746733,0.111567748,16411.0,809.0
0.8414967863987848,0.78260586,0.044919201,0.063196193,16411.0,809.0
0.8367121781935715,0.847383159,0.042181821,0.0356039865,16411.0,809.0
0.8335074683259518,0.79665442,0.049375791,0.031866539,16411.0,809.0
0.8335563102629444,0.707829859,0.058647659,0.038922026,16411.0,809.0
0.8373974382282477,0.585610678,0.064682126,0.043534957,16411.0,809.0
0.838433349794987,0.431797187,0.06078867,0.051095323,16411.0,809.0
0.8401899699801666,0.274519302,0.060194928,0.054672255,16411.0,809.0
0.8321696046772545,0.090324379,0.058981481,0.053658018,16411.0,809.0
0.8287425011512028,0.0,0.0582300625,0.039594139,16411.0,809.0
0.7977378425506968,0.0,0.055529702,0.030597089,16411.0,809.0
0.7695422808383087,0.0,0.076935209,0.034805263,16411.0,809.0
0.7576635607396998,0.0,0.0845733095,0.037649019500000006,16411.0,809.0
0.753839707652694,0.0,0.094340847,0.048790637,16411.0,809.0
0.7659394727547757,0.0,0.1131334245,0.061544664,16411.0,809.0
0.8372111556761862,0.0,0.132792636,0.069440031,16411.0,809.0
0.8673800042119787,0.008922761,0.148993651,0.075043754,16411.0,809.0
0.8471941121733987,0.095143055,0.169620593,0.09208802,16411.0,809.0
0.8467371144758378,0.192884574,0.185226734,0.109689931,16411.0,809.0
0.8500498741385156,0.288667441,0.192666648,0.127013605,16411.0,809.0
0.8476663493406361,0.394605862,0.212510426,0.150747212,16411.0,809.0
0.845052905795573,0.467437851,0.23578566,0.194544507,16411.0,809.0
0.841150252075044,0.4891954585,0.2848021295,0.169743442,16411.0,809.0
0.83969861223239,0.435205247,0.319720527,0.128552707,16411.0,809.0
0.841729260797412,0.353360578,0.324862611,0.118725844,16411.0,809.0
0.8449659171364854,0.264504757,0.334451095,0.130793308,16411.0,809.0
0.8461434337461072,0.165267565,0.353046871,0.167926975,16411.0,809.0
0.845698362698086,0.082005674,0.373009408,0.213121958,16411.0,809.0
0.8324891621739529,0.01607066,0.38451077,0.250428597,16411.0,809.0
0.8261599153369423,0.0,0.392140333,0.282013322,16411.0,809.0
0.796656022868549,0.0,0.39068601000000003,0.32808494600000004,16411.0,809.0
0.7566704805656914,0.0,0.4062204975,0.4106230105,16411.0,809.0
0.7462274266598036,0.0,0.4080784825,0.434372959,16411.0,809.0
0.7567652308251958,0.0,0.4249847415,0.4993410935,16411.0,809.0
0.8269645835254903,0.0,0.423555754,0.531958087,16411.0,809.0
0.8566314731233858,0.007277583,0.418524977,0.549199381,16411.0,809.0
0.8374896326292056,0.039649837,0.419104826,0.563466965,16411.0,809.0
0.8362209625184763,0.084069699,0.419054044,0.558344557,16411.0,809.0
0.8376280192909352,0.142916477,0.409291878,0.559825367,16411.0,809.0
0.8368240138320969,0.234992867,0.394422405,0.54553866,16411.0,809.0
0.8355811847953699,0.319220716,0.347207513,0.537368642,16411.0,809.0
0.8351703793585806,0.426404469,0.373175952,0.511055549,16411.0,809.0
0.8339216814360676,0.468632118,0.407951769,0.46995137,16411.0,809.0
0.8319753714397062,0.47616402,0.424793419,0.420775745,16411.0,809.0
0.8306984660839207,0.4007265,0.405358306,0.376024248,16411.0,809.0
0.8332588075825755,0.329370304,0.356342951,0.360783577,16411.0,809.0
0.8328527348643263,0.246914286,0.307645964,0.37995876,16411.0,809.0
0.8362392310771324,0.1537881,0.300836315,0.417347889,16411.0,809.0
0.8241825581105019,0.057931691,0.299476977,0.464073856,16411.0,809.0
0.8178583281373943,0.0,0.270371937,0.497138335,16411.0,809.0
0.8058922403811452,0.0,0.239142268,0.499893241,16411.0,809.0
0.7763843723629053,0.0,0.219801027,0.522692457,16411.0,809.0
0.7608292726917535,0.0,0.201451622,0.502465628,16411.0,809.0
0.7513105078231016,0.0,0.203292253,0.493256472,16411.0,809.0
0.7452325246004026,0.0,0.204060696,0.462023182,16411.0,809.0
0.7444802248993152,0.0,0.19801717949999997,0.4200559775,16411.0,809.0
0.7678469975303874,0.0,0.192950359,0.439542864,16411.0,809.0
0.8267001154359176,0.0,0.189274169,0.435900103,16411.0,809.0
0.8593714711196226,0.006453492,0.189084003,0.420446251,16411.0,809.0
0.8400231865929911,0.046542207,0.186270695,0.371470612,16411.0,809.0
0.8378175198099437,0.096960758,0.185245776,0.317777827,16411.0,809.0
0.8403821210038082,0.150162281,0.189094416,0.272424906,16411.0,809.0
0.8389090894887405,0.19804325,0.207070731,0.259615303,16411.0,809.0
0.8368885690905083,0.243154646,0.198082838,0.228746308,16411.0,809.0
0.8352205467549928,0.273263012,0.233122217,0.231266101,16411.0,809.0
0.8350537633678173,0.251008872,0.272444002,0.23899456,16411.0,809.0
0.8340948067323596,0.267404996,0.304210743,0.289717072,16411.0,809.0
0.8351675395617743,0.227612495,0.325396474,0.36892702,16411.0,809.0
0.8383187219933531,0.198892931,0.337876279,0.41261142,16411.0,809.0
0.839378960296708,0.157908674,0.363029954,0.476425406,16411.0,809.0
0.8389173243195908,0.106121187,0.400788091,0.526926468,16411.0,809.0
0.8264913994831802,0.042016606,0.438077774,0.566219384,16411.0,809.0
0.8195421578191062,0.0,0.479670715,0.599575178,16411.0,809.0
0.806943296978577,0.0,0.522304611,0.639894251,16411.0,809.0
0.7775623151905718,0.0,0.55280277,0.661584864,16411.0,809.0
0.7614128724741859,0.0,0.597865726,0.690514253,16411.0,809.0
0.7494261736168595,0.0,0.6093923880000001,0.636224918,16411.0,809.0
0.745458041579695,0.0,0.6177364009999999,0.5858179875,16411.0,809.0
0.7964829922183437,0.0,0.588414779,0.5276433045,16411.0,809.0
0.8594169057974949,0.005444091,0.571408724,0.47248697,16411.0,809.0
0.8389511164932864,0.082307684,0.548084576,0.434999187,16411.0,809.0
0.8366413286597413,0.194319961,0.489844981,0.42914009,16411.0,809.0
0.8357326338596793,0.351503094,0.48549609,0.486456837,16411.0,809.0
0.8321923222232938,0.511853256,0.518498019,0.585975764,16411.0,809.0
0.827773794726199,0.618689773,0.498231927,0.582663254,16411.0,809.0
0.8267846428825455,0.684307821,0.490513837,0.672273071,16411.0,809.0
0.824953244833181,0.703624088,0.488738181,0.720814854,16411.0,809.0
0.8240826019020243,0.682961491,0.458793442,0.705782167,16411.0,809.0
0.8240021444442266,0.597158431,0.403896989,0.68286799,16411.0,809.0
0.8276113654732169,0.511051552,0.349238448,0.688781285,16411.0,809.0
0.8282540778463193,0.361025132,0.309143703,0.674772405,16411.0,809.0
0.8288991561644856,0.221122738,0.269654086,0.677348304,16411.0,809.0
0.8235128693245629,0.071207028,0.249074742,0.643823537,16411.0,809.0
0.8178583281373943,0.0,0.250952658,0.603467062,16411.0,809.0
0.8050897496738996,0.0,0.264131338,0.551897241,16411.0,809.0
0.7772503297950137,0.0,0.273700812,0.509892183,16411.0,809.0
0.7517744153062994,0.0,0.268622662,0.45023535,16411.0,809.0
0.7414055003517355,0.0,0.295499472,0.491311582,16411.0,809.0
0.7355158346755127,0.0,0.314406217,0.574737954,16411.0,809.0
0.731373559844849,0.0,0.349597984,0.6132607095,16411.0,809.0
0.7301116812639237,0.0,0.366458751,0.623665241,16411.0,809.0
0.7432101112804367,0.01390536,0.377953461,0.633296455,16411.0,809.0
0.7670366505766386,0.050417397,0.37398126,0.632735303,16411.0,809.0
0.7868734526400344,0.099150694,0.348393379,0.608828812,16411.0,809.0
0.7974328622081713,0.154586434,0.331022729,0.565095054,16411.0,809.0
0.7948356994468411,0.229558906,0.338592154,0.522655106,16411.0,809.0
0.7902221339098066,0.326524388,0.351469948,0.489291058,16411.0,809.0
0.7873244870128255,0.381522796,0.347573197,0.43658661,16411.0,809.0
0.7842165621920223,0.405745316,0.349173422,0.421722787,16411.0,809.0
0.7829600080230058,0.385106159,0.339125962,0.379333308,16411.0,809.0
0.7843934265264955,0.362743474,0.312666377,0.330618104,16411.0,809.0
0.7932514473892599,0.259352131,0.28829492,0.292947281,16411.0,809.0
0.7979883962158068,0.18166893,0.270194239,0.272314735,16411.0,809.0
0.7971104649146666,0.108589701,0.239696967,0.249993103,16411.0,809.0
0.7954622254751941,0.044000635,0.204454614,0.237074907,16411.0,809.0
0.7762125959286758,0.0,0.148907592,0.215376351,16411.0,809.0
0.7475639176295894,0.0,0.1089987345,0.17215983750000002,16411.0,809.0
0.7345321252924978,0.0,0.0810334785,0.14185037150000002,16411.0,809.0
0.7296773536858068,0.0,0.0659965115,0.1200143525,16411.0,809.0
0.729372160027156,0.0,0.07449384,0.111686566,16411.0,809.0
0.7396273936409526,0.026461452,0.094616094,0.123571392,16411.0,809.0
0.761456840034163,0.099206256,0.116863592,0.16389862,16411.0,809.0
0.7808661296589919,0.186464542,0.141795906,0.197429424,16411.0,809.0
0.7903868823025668,0.256123457,0.154014914,0.221314661,16411.0,809.0
0.7898712926713642,0.334851622,0.15858337,0.249308649,16411.0,809.0
0.7896766808494691,0.378088965,0.153002825,0.280941342,16411.0,809.0
0.7873080641564111,0.4056591,0.154859428,0.318413707,16411.0,809.0
0.7875982312473049,0.400397273,0.162814039,0.34463692,16411.0,809.0
0.7865535165589894,0.35185288,0.164949572,0.376199177,16411.0,809.0
0.7904941745147256,0.285590308,0.157096406,0.389094566,16411.0,809.0
0.8007232829091568,0.200632055,0.158207756,0.398648007,16411.0,809.0
0.8038035681732075,0.108003648,0.162098448,0.433544166,16411.0,809.0
0.8031045357867498,0.048841921,0.173068199,0.506444183,16411.0,809.0
0.7969413151682213,0.016917291,0.17740748,0.575295028,16411.0,809.0
0.7778147143508203,0.0,0.1680483505,0.6077258205,16411.0,809.0
0.7451683479263378,0.0,0.179479651,0.620093372,16411.0,809.0
0.7526046402163838,0.0,0.19148006099999998,0.6344674975,16411.0,809.0
0.741739445710433,0.0,0.195186032,0.672559103,16411.0,809.0
0.7401755210227721,0.0,0.2067952905,0.67263601,16411.0,809.0
0.7920233607749272,0.0,0.20815720100000001,0.6196240289999999,16411.0,809.0
0.8559564833281809,0.0172085,0.203885609,0.596860145,16411.0,809.0
0.837871473878235,0.070528367,0.200466361,0.572498247,16411.0,809.0
0.8355782505595799,0.13498764,0.197922054,0.529612288,16411.0,809.0
0.8350390917746612,0.209359454,0.211472825,0.47308782,16411.0,809.0
0.8326733620979013,0.293469433,0.23251542,0.41368489,16411.0,809.0
0.8308324986114569,0.380235069,0.268525933,0.391185968,16411.0,809.0
0.8300761997507771,0.433435906,0.281451804,0.363590543,16411.0,809.0
0.829195901676161,0.4748748935,0.279180054,0.34489959800000003,16411.0,809.0
0.8294247791092882,0.41702278,0.246348091,0.331293982,16411.0,809.0
0.8316755019858613,0.352483348,0.21407378,0.332152573,16411.0,809.0
0.8327038414514601,0.27309391,0.184054142,0.325177656,16411.0,809.0
0.8322686144248654,0.175898394,0.169873,0.315605988,16411.0,809.0
0.8217368444134809,0.079082621,0.166854394,0.312040987,16411.0,809.0
0.8154887177639777,0.001471925,0.169488677,0.314830359,16411.0,809.0
0.78691017904952,0.0,0.1778794925,0.312326918,16411.0,809.0
0.7545412482640003,0.0,0.20858112,0.2942010435,16411.0,809.0
0.7437649825583623,0.0,0.2418049755,0.2342442395,16411.0,809.0
0.7558387883306089,0.0,0.267705794,0.1873388915,16411.0,809.0
0.8267995037678751,0.001311383,0.296906659,0.174547352,16411.0,809.0
0.8589310379369515,0.03553286,0.313770668,0.17719927,16411.0,809.0
0.8375867494550828,0.180757448,0.320470106,0.184089028,16411.0,809.0
0.8355995482072159,0.294119888,0.326459821,0.194053552,16411.0,809.0
0.8286614756097822,0.414346259,0.325190832,0.199616673,16411.0,809.0
0.8252183752382576,0.523779292,0.334035568,0.199196179,16411.0,809.0
0.8243158334693448,0.598451862,0.343677888,0.195690519,16411.0,809.0
0.8214671703749348,0.6869688895,0.3351814245,0.179810077,16411.0,809.0
0.8194009317747764,0.691783384,0.318416135,0.158955905,16411.0,809.0
0.8187230077437813,0.651520178,0.299939101,0.140547872,16411.0,809.0
0.8212828758048998,0.5565432,0.27710375,0.133654729,16411.0,809.0
0.8230215115767862,0.442167365,0.26103502,0.129303466,16411.0,809.0
0.8244705009148071,0.295106868,0.266805657,0.132649133,16411.0,809.0
0.8120734458271728,0.140663958,0.286812087,0.143040424,16411.0,809.0
0.806111179146759,0.0013872275,0.288798443,0.158631157,16411.0,809.0
0.7712296130465368,0.0,0.2785546,0.163027654,16411.0,809.0
0.7589942304573973,0.0,0.28872793,0.194112,16411.0,809.0
0.7480375510854842,0.0,0.2623927445,0.1902051995,16411.0,809.0
0.7457418665543694,0.0,0.24710851899999997,0.16977295850000002,16411.0,809.0
0.797310330319233,0.0,0.2083530695,0.128342128,16411.0,809.0
0.860176328186138,0.034906698,0.177336662,0.123901573,16411.0,809.0
0.8392106621579397,0.194893616,0.166403902,0.124380636,16411.0,809.0
0.8355387792064776,0.347005132,0.149285674,0.106045762,16411.0,809.0
0.8272073749688744,0.520765069,0.138530794,0.09965776,16411.0,809.0
0.8239033239887891,0.669460496,0.133358442,0.096310243,16411.0,809.0
0.8197645989041333,0.768283374,0.133823389,0.091953404,16411.0,809.0
0.8178399175060566,0.8432430235,0.14741858549999998,0.0992895865,16411.0,809.0
0.8122031242205159,0.806961636,0.153778846,0.13801524,16411.0,809.0
0.8113329543126896,0.749132903,0.154558479,0.179484063,16411.0,809.0
0.8145818214466658,0.632447425,0.14627391,0.191969574,16411.0,809.0
0.8184620417665186,0.486777202,0.147302726,0.199639661,16411.0,809.0
0.8194758044921508,0.328562162,0.159930251,0.206392355,16411.0,809.0
0.8112540116064847,0.17037568,0.173898287,0.209056296,16411.0,809.0
0.8100794292326529,0.004385592,0.182259223,0.212291398,16411.0,809.0
0.7865087916232157,0.0,0.1891751535,0.22572694,16411.0,809.0
0.7548642608606198,0.0,0.2383037235,0.20314393149999999,16411.0,809.0
0.746152577759278,0.0,0.25500649200000003,0.1604997645,16411.0,809.0
0.757067371785121,0.0,0.272044268,0.143390926,16411.0,809.0
0.8290731334826607,0.0,0.278479089,0.143647956,16411.0,809.0
0.8611058471962995,0.049875426,0.281823014,0.14343194,16411.0,809.0
0.8392106621579397,0.248082974,0.281921749,0.136591206,16411.0,809.0
0.8321962029199507,0.422711016,0.270794729,0.124870009,16411.0,809.0
0.8246705081849521,0.58767018,0.242290522,0.119454751,16411.0,809.0
0.8194204305254563,0.733798432,0.233064529,0.112448461,16411.0,809.0
0.818474631145768,0.846334902,0.232018677,0.102713495,16411.0,809.0
0.8118596187786518,0.929554525,0.27072861800000003,0.091426269,16411.0,809.0
0.8068711696190253,0.908524079,0.283762451,0.080937816,16411.0,809.0
0.8033543322831663,0.826580636,0.286006845,0.084429996,16411.0,809.0
0.8047431204969689,0.704315452,0.283322044,0.096910487,16411.0,809.0
0.8070016051810617,0.546318172,0.29460185,0.112585156,16411.0,809.0
0.8103272379541462,0.370239359,0.319513809,0.136753244,16411.0,809.0
0.8071502144485647,0.189310368,0.342511763,0.157991815,16411.0,809.0
0.8059988226441023,0.005833487,0.368988581,0.190428063,16411.0,809.0
0.7775965803875977,0.0,0.3904054475,0.245583082,16411.0,809.0
0.7422350627392132,0.0,0.433250465,0.31762441,16411.0,809.0
0.7356697447451789,0.0,0.4213201405,0.350873746,16411.0,809.0
0.7354687433804693,0.0,0.40831227800000003,0.391364948,16411.0,809.0
0.7899756980743278,0.00250759,0.40204932800000004,0.401055585,16411.0,809.0
0.8538573043691069,0.067182671,0.415955524,0.387414474,16411.0,809.0
0.8348129592851505,0.245679147,0.418393077,0.377561328,16411.0,809.0
0.828459480564714,0.370972297,0.402346784,0.376217631,16411.0,809.0
0.821475121681731,0.526122974,0.371660042,0.377150937,16411.0,809.0
0.8187093770504753,0.650907559,0.36208327,0.373081646,16411.0,809.0
0.8106210492300315,0.736797944,0.370188232,0.303250292,16411.0,809.0
0.8057033075315536,0.7777389985000001,0.39718650099999997,0.299535063,16411.0,809.0
0.8012842123650419,0.744842343,0.383293272,0.288367267,16411.0,809.0
0.797905288667582,0.659262569,0.373169005,0.27549978,16411.0,809.0
0.8017514330825823,0.540558412,0.366938234,0.263212572,16411.0,809.0
0.8033070042693544,0.407121206,0.370352557,0.245298755,16411.0,809.0
0.807128538216582,0.251148288,0.383402375,0.226971796,16411.0,809.0
0.8026601274684383,0.120795906,0.389563547,0.218689966,16411.0,809.0
0.7931787989584738,0.002945328,0.37315964700000004,0.21025264700000001,16411.0,809.0
0.7503545326429257,0.0,0.353792052,0.189171903,16411.0,809.0
0.714597875245473,0.0,0.348562852,0.163807874,16411.0,809.0
0.7003338078422827,0.0,0.33468134699999996,0.12959790799999998,16411.0,809.0
0.6971622746381408,0.0,0.29272731949999997,0.1035611545,16411.0,809.0
0.7030358254201611,0.003209065,0.248817736,0.074736546,16411.0,809.0
0.7218594804752455,0.077870646,0.224840952,0.056783702,16411.0,809.0
0.7511233260296653,0.24616281,0.207010615,0.05500375,16411.0,809.0
0.7661628837033123,0.419900874,0.180023124,0.054211392,16411.0,809.0
0.7673518063054456,0.576935102,0.153573386,0.058568826,16411.0,809.0
0.7634167330901325,0.697783867,0.13995063,0.069965268,16411.0,809.0
0.7509415873181765,0.796930725,0.152878373,0.111472584,16411.0,809.0
0.7442753426308457,0.876284947,0.15354501850000002,0.156389538,16411.0,809.0
0.743356827212,0.844750774,0.147349085,0.188041551,16411.0,809.0
0.7440015273600257,0.773888677,0.13400909,0.216064458,16411.0,809.0
0.750389602642343,0.664398445,0.11248901,0.25103633,16411.0,809.0
0.7558691256114862,0.515374472,0.097048958,0.277512583,16411.0,809.0
0.7704748289374499,0.34102122,0.093264106,0.282023662,16411.0,809.0
0.7739779883605111,0.182102032,0.091901957,0.256832875,16411.0,809.0
0.7710862571546021,0.008888314,0.09051502,0.212057234,16411.0,809.0
0.7463775742886454,0.0,0.0875172895,0.16316031450000001,16411.0,809.0
0.7196911317950527,0.0,0.110851174,0.133723165,16411.0,809.0
0.711540969842965,0.0,0.122170378,0.104122801,16411.0,809.0
0.7168604773449908,0.0,0.1462717805,0.13168628500000001,16411.0,809.0
0.7195912462087096,0.003678845,0.163545393,0.100801373,16411.0,809.0
0.7313507478598262,0.073685962,0.166450945,0.093345531,16411.0,809.0
0.7537444369432645,0.23986184,0.163252154,0.113220017,16411.0,809.0
0.7682606431781892,0.398808744,0.148313712,0.139898277,16411.0,809.0
0.7673518063054456,0.55426428,0.127608507,0.166172709,16411.0,809.0
0.7594468263870672,0.686032468,0.109870522,0.165321278,16411.0,809.0
0.7474900151899306,0.793182542,0.105835788,0.146274794,16411.0,809.0
0.7450736921058172,0.8611334245,0.093766002,0.0949487745,16411.0,809.0
0.7442965688279349,0.831332082,0.086770805,0.070211115,16411.0,809.0
0.7463593055228862,0.758929537,0.089997565,0.073264611,16411.0,809.0
0.7570775473785055,0.64769825,0.09186567,0.077857167,16411.0,809.0
0.7688094566923614,0.501737992,0.108646782,0.091988608,16411.0,809.0
0.7778031664927304,0.333594452,0.117040078,0.093427945,16411.0,809.0
0.7747563892570122,0.180833619,0.129186394,0.100319566,16411.0,809.0
0.7756756852471943,0.011082759,0.14117634,0.113059537,16411.0,809.0
0.7441350233526345,0.0,0.13567942999999996,0.12371051233333334,16411.0,809.0
0.7297544742995157,0.0,0.1295415975,0.14705145149999999,16411.0,809.0
0.7335528648968657,0.0,0.11032187533333333,0.15843461233333334,16411.0,809.0
0.8138247654172924,0.006358797,0.088702094,0.153552513,16411.0,809.0
0.8508237788281418,0.090926294,0.083742725,0.146105289,16411.0,809.0
0.8348477927729027,0.237137585,0.078214672,0.144011653,16411.0,809.0
0.8282586212726859,0.374555478,0.071016874,0.150493676,16411.0,809.0
0.8245106345834133,0.498161343,0.059706328,0.159801465,16411.0,809.0
0.8221984803905983,0.60382242,0.057039884,0.167549496,16411.0,809.0
0.8191330560118771,0.695140927,0.054604065,0.186493567,16411.0,809.0
0.8185152856785054,0.723540856,0.056496249,0.1616220495,16411.0,809.0
0.8162695322392406,0.666424123,0.052951694,0.139817049,16411.0,809.0
0.8167236901399951,0.578064019,0.053210284,0.133407887,16411.0,809.0
0.8200154363004001,0.489109605,0.055834875,0.131154386,16411.0,809.0
0.8200417508119391,0.370741966,0.057426499,0.120873658,16411.0,809.0
0.8194758044921508,0.250010106,0.052038755,0.106148373,16411.0,809.0
0.8073299657993362,0.121771546,0.042735852,0.096106637,16411.0,809.0
0.8048345577292335,0.00856408,0.037284064,0.088337951,16411.0,809.0
0.7745292156605482,0.0,0.030134236000000002,0.07370706399999999,16411.0,809.0
0.7310260790602413,0.0,0.024855888,0.054539691,16411.0,809.0
0.7194354432173101,0.0,0.027255768,0.06801475900000001,16411.0,809.0
0.7198540106687223,0.0,0.0299728935,0.104666743,16411.0,809.0
0.7758836910436271,0.0036793725,0.0343847815,0.1195620715,16411.0,809.0
0.8486589088576162,0.080310572,0.040134607,0.11139311,16411.0,809.0
0.8332865415783117,0.184259827,0.039721592,0.121138047,16411.0,809.0
0.8278534950153034,0.317876395,0.034417925,0.130259221,16411.0,809.0
0.8214392472941284,0.465131794,0.03135105,0.137607045,16411.0,809.0
0.8197645040509437,0.617976378,0.037119244,0.14435146,16411.0,809.0
0.816614457786611,0.72594047,0.052388706,0.14292638,16411.0,809.0
0.8126454503249205,0.7564887140000001,0.082190393,0.1475417825,16411.0,809.0
0.8136227699580182,0.729096568,0.119697503,0.148492113,16411.0,809.0
0.8144318867197433,0.644182039,0.145885152,0.144822674,16411.0,809.0
0.8199497452889486,0.513148542,0.17661468,0.144764177,16411.0,809.0
0.8198702347062238,0.38972892,0.20533207,0.146942881,16411.0,809.0
0.8191125159471406,0.243522826,0.227805386,0.152211668,16411.0,809.0
0.8080959193892694,0.120257032,0.251021127,0.154325757,16411.0,809.0
0.8050371210650279,0.008486333,0.256283107,0.160815339,16411.0,809.0
0.7744246683920062,0.0,0.25585631600000003,0.177931752,16411.0,809.0
0.7254478775012393,0.0,0.25906255499999997,0.22373747,16411.0,809.0
0.7129715011230535,0.0,0.2488179765,0.26353370649999996,16411.0,809.0
0.7224197712253728,0.0,0.20183449650000002,0.278111091,16411.0,809.0
0.7948117517087782,0.012138698,0.172427286,0.286294982,16411.0,809.0
0.8428411812487719,0.061469789,0.164345204,0.311944559,16411.0,809.0
0.8323315604927004,0.126691379,0.157015566,0.345634099,16411.0,809.0
0.8285109734205456,0.213697165,0.148873735,0.369296303,16411.0,809.0
0.8220319811487858,0.346665647,0.145723849,0.373727512,16411.0,809.0
0.8197645040509437,0.444237765,0.165671381,0.390090175,16411.0,809.0
0.8159179810515965,0.556063859,0.191172322,0.390057941,16411.0,809.0
0.8091704507014339,0.6169489105,0.24736499099999998,0.43815833800000004,16411.0,809.0
0.8046263152140325,0.575918089,0.27929975,0.458776249,16411.0,809.0
0.8025047028542824,0.492604006,0.263484162,0.488850665,16411.0,809.0
0.8053905651744053,0.419263883,0.255095289,0.499078031,16411.0,809.0
0.8034948011588028,0.311791381,0.229317134,0.478626045,16411.0,809.0
0.8056042031378562,0.198422774,0.199944239,0.507583572,16411.0,809.0
0.8012172907473604,0.100267216,0.183552962,0.527679832,16411.0,809.0
0.8016124785443327,0.012278221,0.167811331,0.527706104,16411.0,809.0
0.7688498983231795,0.0,0.1612954825,0.532236029,16411.0,809.0
0.7238881412653442,0.0,0.164032159,0.454997482,16411.0,809.0
0.7133305301799572,0.0,0.14856322700000002,0.4326624765,16411.0,809.0
0.7099925685632404,0.0,0.13307120849999998,0.47256595,16411.0,809.0
0.7640409637955563,0.001825472,0.131989399,0.4827129235,16411.0,809.0
0.8411372841114478,0.02441936,0.133604497,0.448067049,16411.0,809.0
0.8302456332283795,0.069530331,0.140161656,0.446855136,16411.0,809.0
0.8236388558992164,0.103399316,0.155149138,0.488349748,16411.0,809.0
0.8111001961829055,0.182375447,0.161812375,0.531625742,16411.0,809.0
0.8034651742413331,0.282740845,0.169899018,0.585080756,16411.0,809.0
0.7932655511058962,0.352225952,0.185087002,0.632439879,16411.0,809.0
0.7894222937071942,0.429667692,0.212565766,0.662560245,16411.0,809.0
0.7864065634944518,0.4834011525,0.2406743405,0.636414165,16411.0,809.0
0.7853016002553233,0.473304619,0.266934899,0.67305542,16411.0,809.0
0.7867314217933131,0.409876015,0.283139321,0.726133064,16411.0,809.0
0.7868401339038751,0.345683144,0.300431289,0.747782199,16411.0,809.0
0.7883859559224103,0.24153531,0.308176347,0.769369484,16411.0,809.0
0.7904947896107375,0.12475831,0.318146708,0.797203208,16411.0,809.0
0.7937394919026939,0.019620251,0.31845267,0.819140611,16411.0,809.0
0.7625105469291251,0.0,0.309808604,0.80960215,16411.0,809.0
0.7216100629773817,0.0,0.337781083,0.81885529,16411.0,809.0
0.712718817817442,0.0,0.3016745875,0.780455373,16411.0,809.0
0.7120867072557686,0.0,0.258776107,0.7313183645,16411.0,809.0
0.7696798629047499,0.001602359,0.229086954,0.731467348,16411.0,809.0
0.8431496641178138,0.029570546,0.221543369,0.735168344,16411.0,809.0
0.833377411348262,0.087012411,0.219219292,0.75131779,16411.0,809.0
0.8285153275547389,0.179411007,0.21927323,0.777016352,16411.0,809.0
0.821475121681731,0.265846833,0.213706615,0.789974532,16411.0,809.0
0.8197645040509437,0.347698456,0.221448234,0.793969412,16411.0,809.0
0.8181829024979955,0.382483871,0.229358128,0.775331901,16411.0,809.0
0.8169611814025253,0.36942821449999996,0.2795875165,0.7899245465,16411.0,809.0
0.8133268764682259,0.31467385,0.329633811,0.795722304,16411.0,809.0
0.8139801900314483,0.225700334,0.353195412,0.80263799,16411.0,809.0
0.8171428256750304,0.193836974,0.395007337,0.80974652,16411.0,809.0
0.8188023290343327,0.167058387,0.424554527,0.822720698,16411.0,809.0
0.8178400595787381,0.149248692,0.449059167,0.837841343,16411.0,809.0
0.8073065855235874,0.081943469,0.470249806,0.84137257,16411.0,809.0
0.8038162519914407,0.016096108,0.477291269,0.843052604,16411.0,809.0
0.770886580835106,0.0,0.498709956,0.837869923,16411.0,809.0
0.7149668901893818,0.0,0.5401918055,0.826078803,16411.0,809.0
0.7001701561291235,0.0,0.5314434806666667,0.8024266883333334,16411.0,809.0
0.7055321087076868,0.003998979,0.5282588255,0.7654873360000001,16411.0,809.0
0.7169582566934748,0.050404875,0.532141556,0.744876053,16411.0,809.0
0.7480355631034579,0.113001008,0.524617751,0.736012018,16411.0,809.0
0.7643622487386638,0.202324456,0.505724901,0.717253294,16411.0,809.0
0.7705243336041523,0.276668294,0.528547637,0.703365221,16411.0,809.0
0.7716017047131233,0.310752525,0.556882266,0.685624285,16411.0,809.0
0.7714368618813793,0.379108083,0.566068661,0.647545431,16411.0,809.0
0.7697012077718777,0.4569225475,0.5655348469999999,0.6103967135,16411.0,809.0
0.7688505372360404,0.436806004,0.569460743,0.583743882,16411.0,809.0
0.7710544055363379,0.428295048,0.56268789,0.579835296,16411.0,809.0
0.7782450663790905,0.36835073,0.544414575,0.58176526,16411.0,809.0
0.7824819496036802,0.282885375,0.512710971,0.583657481,16411.0,809.0
0.7818906828669177,0.190482892,0.488582431,0.56684525,16411.0,809.0
0.7815537560529383,0.103350145,0.470985141,0.536025379,16411.0,809.0
0.778547727996044,0.025143101,0.430832465,0.487867164,16411.0,809.0
0.7504924696839679,0.0,0.37133882549999997,0.44552716150000005,16411.0,809.0
0.7387912526255902,0.0,0.3019212415,0.448208882,16411.0,809.0
0.7305124061676211,0.0,0.1912245345,0.366953952,16411.0,809.0
0.7321027872323995,0.0,0.1202760595,0.28634050099999997,16411.0,809.0
0.7365088436060774,0.0162536395,0.08318046700000001,0.212567299,16411.0,809.0
0.7579260410543492,0.081342083,0.082694602,0.158425083,16411.0,809.0
0.7697290840473984,0.149071344,0.083727624,0.136792908,16411.0,809.0
0.7736192904613594,0.263137974,0.094420037,0.169569153,16411.0,809.0
0.7697630655132672,0.375167207,0.113976286,0.222985738,16411.0,809.0
0.7639445803215236,0.483065077,0.136826481,0.208483872,16411.0,809.0
0.7641157416597413,0.53006641,0.180423166,0.19979095549999998,16411.0,809.0
0.7654067741348058,0.460081037,0.205161855,0.179165579,16411.0,809.0
0.7690281115197152,0.405088416,0.221307607,0.178769697,16411.0,809.0
0.7792737372095444,0.291863906,0.238361315,0.193490252,16411.0,809.0
0.7830892129788124,0.207164628,0.259905674,0.206965051,16411.0,809.0
0.7837318304987251,0.115430896,0.291547078,0.221519085,16411.0,809.0
0.7809886141213352,0.047952305,0.318449252,0.260624808,16411.0,809.0
0.7707962793558818,0.014576522,0.33406146,0.314730978,16411.0,809.0
0.7400170909293825,0.0,0.359429647,0.3626657135,16411.0,809.0
0.7259632304136737,0.0,0.387036314,0.461104394,16411.0,809.0
0.714427423856457,0.0,0.414697204,0.5234095495,16411.0,809.0
0.7114030566187719,0.0,0.436556345,0.560333226,16411.0,809.0
0.7345618000507683,0.001492829,0.426690403,0.545490893,16411.0,809.0
0.7995116899804762,0.019547477,0.406210493,0.539419984,16411.0,809.0
0.8436935556212726,0.047916433,0.38980423,0.563752191,16411.0,809.0
0.8330464950785443,0.092895057,0.382557582,0.5791478,16411.0,809.0
0.8280053226639593,0.150154457,0.378866607,0.568429554,16411.0,809.0
0.8246618943555493,0.194535164,0.370674174,0.560679234,16411.0,809.0
0.8245414925213189,0.233690038,0.377536462,0.553187632,16411.0,809.0
0.8244028217142262,0.276385851,0.396926128,0.598702428,16411.0,809.0
0.8239252839519288,0.294381718,0.447039741,0.587262646,16411.0,809.0
0.8237815966951392,0.332105894,0.45208148,0.568837019,16411.0,809.0
0.8233571133455522,0.264732354,0.4323978555,0.5428088925000001,16411.0,809.0
0.8266388729976428,0.209356521,0.39840069,0.525403332,16411.0,809.0
0.8264437877382114,0.133863964,0.389573221,0.52982727,16411.0,809.0
0.8238249491591044,0.093881205,0.381719374,0.540642501,16411.0,809.0
0.811243031417812,0.055733663,0.389259226,0.556994038,16411.0,809.0
0.8053786385248658,0.02158752,0.387140357,0.548253278,16411.0,809.0
0.776502313398882,0.0,0.359680367,0.5607625675,16411.0,809.0
0.7304434257386756,0.0,0.34670462599999996,0.5373421815,16411.0,809.0
0.7225543320037153,0.0,0.307602693,0.510721981,16411.0,809.0
0.7783742715420002,0.0020792195,0.25654871349999997,0.5766452415000001,16411.0,809.0
0.8502949375021859,0.042550898,0.228897622,0.612734494,16411.0,809.0
0.8334915661265656,0.088763738,0.214246673,0.638063584,16411.0,809.0
0.8280053226639593,0.165239529,0.196556498,0.651094133,16411.0,809.0
0.8246281970350433,0.237027998,0.208361581,0.667586919,16411.0,809.0
0.8241746070108088,0.292529026,0.247926029,0.694137712,16411.0,809.0
0.8238187491155665,0.3524337355,0.292071311,0.700609531,16411.0,809.0
0.8209863197925006,0.40680841700000003,0.379139293,0.7216372440000001,16411.0,809.0
0.8226559038919978,0.3645395815,0.4287758325,0.7386441509999999,16411.0,809.0
0.8236571244578725,0.23728505,0.430482282,0.733268698,16411.0,809.0
0.8209273490674092,0.181566595,0.416149877,0.721971857,16411.0,809.0
0.8108599599767586,0.095081196,0.41909159,0.719373307,16411.0,809.0
0.8057078511650233,0.032691882,0.417665034,0.712420983,16411.0,809.0
0.7777573058039167,0.0,0.4063963705,0.6951014885,16411.0,809.0
0.7436988657430722,0.0,0.467067945,0.68072658,16411.0,809.0
0.7372732120293859,0.0,0.427718929,0.662515194,16411.0,809.0
0.7343049044765421,0.0,0.391390914,0.64339404,16411.0,809.0
0.7389402879040345,0.0,0.350694061,0.6236080079999999,16411.0,809.0
0.7607674623769586,0.0,0.318194599,0.604943013,16411.0,809.0
0.8231656722711123,0.005553644,0.293282058,0.594086245,16411.0,809.0
0.8556548158057921,0.053244989,0.271532665,0.570454545,16411.0,809.0
0.835476590307336,0.119645185,0.254128026,0.541854739,16411.0,809.0
0.8288027020683182,0.238704759,0.264049252,0.512947057,16411.0,809.0
0.8240485255829656,0.348372159,0.28931506,0.512446583,16411.0,809.0
0.8213810339448334,0.419662158,0.288494084,0.517517355,16411.0,809.0
0.8199539101309685,0.465975675,0.311465113,0.51404818,16411.0,809.0
0.8191936357204421,0.486601693,0.315489642,0.507551998,16411.0,809.0
0.8184922844013093,0.48105982150000004,0.301669198,0.515143451,16411.0,809.0
0.8180146043592272,0.43231761,0.29125294,0.494669528,16411.0,809.0
0.821507020519487,0.37624744,0.276666824,0.466665948,16411.0,809.0
0.821412743490416,0.303366886,0.244283119,0.430679738,16411.0,809.0
0.8202829334789526,0.220719651,0.221600283,0.430728313,16411.0,809.0
0.8111320005816779,0.134940973,0.197879791,0.42500748,16411.0,809.0
0.8066142740447989,0.056882458,0.17593089,0.409748315,16411.0,809.0
0.781439790566808,0.0,0.15874517,0.377783021,16411.0,809.0
0.7438945426958727,0.0,0.15065411,0.3539903,16411.0,809.0
0.7399828570049146,0.0,0.12508184066666667,0.31876834633333334,16411.0,809.0
0.7616502688835262,0.0,0.11127356,0.317834195,16411.0,809.0
0.8231286617162634,0.008808649,0.109239166,0.32432048,16411.0,809.0
0.8555115067191432,0.077805003,0.105625739,0.321391215,16411.0,809.0
0.8355219305462247,0.169320308,0.094386827,0.324348696,16411.0,809.0
0.8288718951920799,0.262773589,0.077613837,0.335668465,16411.0,809.0
0.8243405383761011,0.411152028,0.081042854,0.369855981,16411.0,809.0
0.8211409870308601,0.520941065,0.094357219,0.40984573,16411.0,809.0
0.8199456753001183,0.58989393,0.09503297,0.433562935,16411.0,809.0
0.8191936357204421,0.59308532,0.106990041,0.458559955,16411.0,809.0
0.8177850644034933,0.5923294100000001,0.11323487800000001,0.4745212585,16411.0,809.0
0.8180146043592272,0.520154088,0.10868546,0.456479656,16411.0,809.0
0.8214022367392797,0.40945807,0.106759805,0.427157432,16411.0,809.0
0.8216872448935889,0.318857262,0.097822693,0.380590746,16411.0,809.0
0.8209065248573097,0.20730863,0.088703463,0.360138766,16411.0,809.0
0.8104877738711886,0.112946633,0.08127303,0.337729776,16411.0,809.0
0.8066142740447989,0.056017751,0.083720746,0.341550233,16411.0,809.0
0.7809942460812502,0.0,0.09323874500000001,0.379055217,16411.0,809.0
0.7490421789104793,0.0,0.0871328865,0.3605162645,16411.0,809.0
0.7401432195767175,0.0,0.08823578700000001,0.3459006805,16411.0,809.0
0.7485762364328665,0.000765292,0.080644835,0.33062770399999997,16411.0,809.0
0.8239068261010993,0.0199304,0.079589938,0.344050515,16411.0,809.0
0.8538573043691069,0.086407235,0.078500454,0.362908599,16411.0,809.0
0.8356557733673815,0.170542249,0.07611784,0.370437614,16411.0,809.0
0.8304286973992878,0.330011613,0.070725451,0.373948866,16411.0,809.0
0.8242310218773539,0.432856083,0.073445726,0.366429496,16411.0,809.0
0.8237064402466077,0.561273557,0.080565807,0.375496499,16411.0,809.0
0.8224154311741858,0.642001132,0.061186663,0.332799468,16411.0,809.0
0.8203641004717459,0.629146539,0.0821955565,0.3394352555,16411.0,809.0
0.8186139642683643,0.593279293,0.099470901,0.361589412,16411.0,809.0
0.8190007275281072,0.541251624,0.090959393,0.351809434,16411.0,809.0
0.8218462664732445,0.465046377,0.09069563,0.32522128,16411.0,809.0
0.823067324839005,0.349753936,0.085633668,0.30416791,16411.0,809.0
0.8222348282157372,0.250496169,0.071455749,0.302021608,16411.0,809.0
0.8104877738711886,0.155338291,0.063140474,0.31672055,16411.0,809.0
0.8071257932729653,0.076731915,0.065753496,0.324287359,16411.0,809.0
0.7844402100664303,0.0,0.0696473405,0.3505176365,16411.0,809.0
0.7441518878907866,0.0,0.06655872,0.374024398,16411.0,809.0
0.7337100171645339,0.0,0.067811779,0.38048247,16411.0,809.0
0.7278084799281787,0.000584029,0.07360970233333335,0.40793291266666665,16411.0,809.0
0.7266004997048284,0.017937249,0.085483002,0.43659561,16411.0,809.0
0.7384811131393769,0.075517895,0.082931809,0.418965689,16411.0,809.0
0.7600996192932613,0.145784298,0.074005462,0.397991944,16411.0,809.0
0.7748522754766596,0.289095671,0.066799419,0.36848412,16411.0,809.0
0.7855930923914304,0.388644067,0.064364503,0.336875354,16411.0,809.0
0.7848126092810226,0.481378144,0.067213759,0.318399018,16411.0,809.0
0.7820416821034364,0.5911208400000001,0.0714075575,0.3510957635,16411.0,809.0
0.7773952004385414,0.609301804,0.086735023,0.335941031,16411.0,809.0
0.7724958223590125,0.560408636,0.098207341,0.291861827,16411.0,809.0
0.7743976441383685,0.521804649,0.10335381,0.232336574,16411.0,809.0
0.7822534507548997,0.468629855,0.105003852,0.183173971,16411.0,809.0
0.7893320394474617,0.368132385,0.102642811,0.141700997,16411.0,809.0
0.7886105736603278,0.25485011,0.101011725,0.122802929,16411.0,809.0
0.7875403020433729,0.15636066,0.099289033,0.118822575,16411.0,809.0
0.7844326613679328,0.087056108,0.099257011,0.11550225,16411.0,809.0
0.7554260895578799,0.0,0.095277519,0.10740973449999999,16411.0,809.0
0.7479682156819377,0.0,0.090005896,0.106057278,16411.0,809.0
0.7372106919724926,0.0,0.08194493950000001,0.10395127900000001,16411.0,809.0
0.7348080940206687,0.001147693,0.08145718066666667,0.10187774966666667,16411.0,809.0
0.7348159979008698,0.019021792,0.084325456,0.096401503,16411.0,809.0
0.7449011821126402,0.089710556,0.076295234,0.09386195,16411.0,809.0
0.7646149794708702,0.168069726,0.064581284,0.093235158,16411.0,809.0
0.7751604746145444,0.323068959,0.055697273,0.094561265,16411.0,809.0
0.7801901461834282,0.452096642,0.05454955,0.094747446,16411.0,809.0
0.7799758931239654,0.555034244,0.056173159,0.097237008,16411.0,809.0
0.7717237157379303,0.584893397,0.056675003,0.137389417,16411.0,809.0
0.7689943193460196,0.655140933,0.059352851,0.156827741,16411.0,809.0
0.7670135544462527,0.659583713,0.069858162,0.192729034,16411.0,809.0
0.7632596992854,0.644436626,0.075530179,0.215060502,16411.0,809.0
0.7643152993091987,0.599992214,0.079178947,0.226965288,16411.0,809.0
0.7754117378146498,0.525288299,0.079543799,0.230980668,16411.0,809.0
0.7809511305431561,0.400795016,0.086217371,0.235511907,16411.0,809.0
0.7809375474835482,0.30396419,0.088132937,0.234095448,16411.0,809.0
0.7775302266464363,0.192038865,0.090140195,0.234929116,16411.0,809.0
0.7779706121954096,0.113040815,0.084800571,0.223622141,16411.0,809.0
0.7500750854121907,0.000759171,0.0756637315,0.18832025749999998,16411.0,809.0
0.7491831214307552,0.0,0.064355021,0.153727542,16411.0,809.0
0.7423299078519072,0.0,0.0594476535,0.1267446065,16411.0,809.0
0.7558425981980279,0.0024517815,0.06721519649999999,0.133097732,16411.0,809.0
0.8268220320217409,0.027944179,0.074458854,0.136595842,16411.0,809.0
0.8556517867168123,0.115935765,0.076225043,0.127433285,16411.0,809.0
0.836026066551218,0.211333662,0.06948441,0.111281317,16411.0,809.0
0.828459480564714,0.359558836,0.064784111,0.114884744,16411.0,809.0
0.8195290954165264,0.484185165,0.081231091,0.130863551,16411.0,809.0
0.8155243080062173,0.582786157,0.12172156,0.150083469,16411.0,809.0
0.8087451625494556,0.651589245,0.158759905,0.161229168,16411.0,809.0
0.8044319399038025,0.6648969069999999,0.213554915,0.203583881,16411.0,809.0
0.8028128071389774,0.632424321,0.238117228,0.277221952,16411.0,809.0
0.8025047028542824,0.548448906,0.250430096,0.323231866,16411.0,809.0
0.8082114940659763,0.476031477,0.269931145,0.363535102,16411.0,809.0
0.8101380211662945,0.363524932,0.292540216,0.391832679,16411.0,809.0
0.8108608119986418,0.259489723,0.306399547,0.425247555,16411.0,809.0
0.8045724564131368,0.154326688,0.315940037,0.456818689,16411.0,809.0
0.8023783376952822,0.086647045,0.331115353,0.480500572,16411.0,809.0
0.7855505447298564,0.002061112,0.344765629,0.47249366,16411.0,809.0
0.7538446772971052,0.0,0.369716848,0.4534581,16411.0,809.0
0.67464285910146,0.0,0.405073563,0.399959488,16411.0,809.0
0.6578099552473538,0.0,0.4421089155,0.3918384775,12556.0,619.0
0.657431190513899,0.0,0.483796039,0.441447588,8701.0,429.0
0.6883500434278494,0.031077455499999997,0.52686276,0.526932375,8701.0,429.0
0.760376203324547,0.096341983,0.558109611,0.591827508,8701.0,429.0
0.7956450055007395,0.157388399,0.563499041,0.639732177,8701.0,429.0
0.8029447570384007,0.206422153,0.576104113,0.669978384,8701.0,429.0
0.8036342291345887,0.263040558,0.572495746,0.67063878,8701.0,429.0
0.8031010336744397,0.308954967,0.570030045,0.662022787,8701.0,429.0
0.8019981056368294,0.344085242,0.57019865,0.638048602,8701.0,429.0
0.799504638329261,0.374876617,0.562584762,0.59739694,8701.0,429.0
0.7987725239254123,0.3454717815,0.5409545015,0.591566474,8701.0,429.0
0.8012192785222837,0.256134314,0.4999456,0.597828008,8701.0,429.0
0.8049657504599634,0.195969476,0.465899511,0.60747017,8701.0,429.0
0.807756010705802,0.137528987,0.42508256,0.62319962,8701.0,429.0
0.7994037826723055,0.075328104,0.406360397,0.640795672,8701.0,429.0
0.7935392953403756,0.044051261,0.385547246,0.63845992,8701.0,429.0
0.7621238783154689,0.00100334,0.3662615215,0.6534682105,8701.0,429.0
0.6831181162782802,0.0,0.31565435399999997,0.666707122,8701.0,429.0
0.6701554226259667,0.0,0.294446745,0.669553769,8701.0,429.0
0.677033341318674,0.004681522,0.27705411300000005,0.6543141035,8701.0,429.0
0.7111275139015426,0.031293582,0.263867295,0.607170823,8701.0,429.0
0.760921277800538,0.078563517,0.252455578,0.570599187,8701.0,429.0
0.7942827210906489,0.173283442,0.244843406,0.538434146,8701.0,429.0
0.8009955128062493,0.309711362,0.266814563,0.509788876,8701.0,429.0
0.7992682358073823,0.429387513,0.316235752,0.484747387,8701.0,429.0
0.798050963699295,0.524726919,0.380298779,0.450904982,8701.0,429.0
0.7981897289453711,0.61731,0.423678583,0.394581296,8701.0,429.0
0.794279739221161,0.6210023,0.5073131655,0.3275599645,8701.0,429.0
0.792255006761417,0.569485228,0.548382786,0.282006039,8701.0,429.0
0.7945165205344895,0.521354407,0.56197278,0.283246908,8701.0,429.0
0.7948425147934939,0.453325441,0.563872796,0.303839609,8701.0,429.0
0.7982563664176896,0.372886552,0.580516767,0.350132607,8701.0,429.0
0.801270582085942,0.281062301,0.572189402,0.414307968,8701.0,429.0
0.7937696398913978,0.174101587,0.592181894,0.508024953,8701.0,429.0
0.7869803190483545,0.092002525,0.610921162,0.59391508,8701.0,429.0
0.7518555827132986,0.001540045,0.6323749375000001,0.6707577305,8701.0,429.0
0.6760707400840185,0.0,0.657306458,0.700606127,8701.0,429.0
0.6606567958350619,0.0,0.6596280880000001,0.7002818399999999,8701.0,429.0
0.6576748814057609,0.0,0.6376050445,0.7111841750000001,8701.0,429.0
0.6878554675060227,0.028118448,0.607780149,0.7269231389999999,8701.0,429.0
0.7593708651361443,0.097371175,0.587909695,0.725853903,8701.0,429.0
0.7956720771809718,0.159281663,0.578886101,0.727528534,8701.0,429.0
0.8016899069131506,0.216338824,0.587661904,0.776380885,8701.0,429.0
0.8011797127301976,0.296540178,0.603342521,0.83124188,8701.0,429.0
0.7998946669825457,0.390673623,0.614737644,0.84294046,8701.0,429.0
0.8000310658693519,0.429152052,0.612045044,0.841098722,8701.0,429.0
0.7971394769432274,0.423272274,0.613724561,0.801818813,8701.0,429.0
0.7972162900089304,0.415162761,0.585976278,0.795399937,8701.0,429.0
0.796837382995691,0.397499695,0.543861778,0.797904315,8701.0,429.0
0.797943718706628,0.338640051,0.48411695,0.796740774,8701.0,429.0
0.801365426991533,0.289182252,0.430909504,0.76302784,8701.0,429.0
0.8041157424467328,0.215834217,0.393037433,0.739880656,8701.0,429.0
0.796761753109623,0.143288543,0.374248937,0.724116181,8701.0,429.0
0.7900444651871479,0.077465569,0.358621327,0.69201193,8701.0,429.0
0.7603364006065898,0.0015392795,0.341197988,0.6893967075,8701.0,429.0
0.6843424164278367,0.0,0.3126927185,0.6491316195,8701.0,429.0
0.6752777622404479,0.0,0.247364931,0.627439186,8701.0,429.0
0.6832869108430218,0.001645406,0.20495934999999998,0.6162387739999999,8701.0,429.0
0.7179728233930862,0.023437068,0.187220055,0.628013748,8701.0,429.0
0.7627968331162589,0.07142997,0.180925953,0.631290831,8701.0,429.0
0.7956921442223778,0.136266359,0.177516884,0.643621585,8701.0,429.0
0.8026251046885129,0.217386969,0.167888935,0.650109093,8701.0,429.0
0.8015859747406204,0.319153942,0.169470666,0.655956247,8701.0,429.0
0.8007085164628107,0.482035678,0.194400423,0.649334851,8701.0,429.0
0.8000310658693519,0.558179344,0.213339645,0.616378573,8701.0,429.0
0.7959076276809673,0.5747582415,0.268048662,0.608565393,8701.0,429.0
0.7953007426830787,0.4804993,0.288678673,0.587542534,8701.0,429.0
0.7941537998659993,0.420877419,0.280369974,0.5675877,8701.0,429.0
0.7949915974985332,0.325874494,0.282785281,0.566609238,8701.0,429.0
0.7996546200685724,0.237037318,0.279517158,0.559473747,8701.0,429.0
0.8019971591759625,0.153239479,0.26828252,0.547983037,8701.0,429.0
0.7938928343029428,0.083765123,0.273272089,0.557495466,8701.0,429.0
0.7868130622236428,0.069475022,0.285019578,0.609856458,8701.0,429.0
0.7506930688545849,0.001699728,0.2940536415,0.6777593865,8701.0,429.0
0.6516047308198194,0.0,0.271394139,0.7341988835,8701.0,429.0
0.6283031757626623,0.0,0.26372495399999996,0.8134403914999999,8701.0,429.0
0.6298525629908988,0.008621575666666666,0.270013809,0.865575162,8701.0,429.0
0.6478875784587064,0.059441368,0.271067066,0.873151801,8701.0,429.0
0.6704742229539715,0.118288302,0.27221308,0.876203092,8701.0,429.0
0.6974732423293882,0.195699529,0.263639384,0.879511584,8701.0,429.0
0.7278488190429948,0.303014633,0.257768971,0.88070172,8701.0,429.0
0.7276952401310807,0.36744626,0.268642458,0.889561537,8701.0,429.0
0.7277767857082206,0.40291239,0.271833029,0.884027661,8701.0,429.0
0.7245553216193316,0.404429883,0.336667659,0.8906614785,8701.0,429.0
0.7249154394168866,0.358116622,0.388490627,0.881272198,8701.0,429.0
0.7232396548596454,0.374751954,0.411149146,0.86176347,8701.0,429.0
0.7249828340578985,0.354693989,0.420910022,0.834497126,8701.0,429.0
0.7301748876602727,0.306246781,0.43310077,0.828580256,8701.0,429.0
0.7338477647062994,0.216658039,0.452395386,0.846176753,8701.0,429.0
0.7358649246506971,0.14173015,0.479460898,0.869413714,8701.0,429.0
0.7325978838112545,0.080655229,0.502233882,0.884229424,8701.0,429.0
0.7220545421249311,0.001676916,0.5132658835,0.902285687,8701.0,429.0
0.6481821705130312,0.0,0.5174968975,0.917383655,8701.0,429.0
0.6270659310521525,0.0,0.519564764,0.919419555,8701.0,429.0
0.6212199015710521,0.0,0.50687072,0.918896962,8701.0,429.0
0.628422583709431,0.012228291,0.475199142,0.9167937565,8701.0,429.0
0.6445450498058773,0.043242838,0.454250136,0.908480869,8701.0,429.0
0.6694121861678667,0.067932467,0.426811148,0.883931907,8701.0,429.0
0.6995216860155299,0.109927381,0.39724399,0.808292669,8701.0,429.0
0.7265937792113651,0.166198972,0.406481799,0.716362082,8701.0,429.0
0.7284719846175133,0.245409486,0.420330048,0.629872783,8701.0,429.0
0.7259425482762557,0.307863485,0.416566743,0.606654836,8701.0,429.0
0.72511237037856,0.386314468,0.41699285,0.566074076,8701.0,429.0
0.7245278715618556,0.4448022065,0.42476923450000004,0.5215605245,8701.0,429.0
0.7232396548596454,0.439958504,0.400745183,0.47851468,8701.0,429.0
0.7247731244248024,0.404588955,0.376686121,0.465311532,8701.0,429.0
0.7303540235008262,0.328094968,0.353209661,0.456824876,8701.0,429.0
0.7334537607102712,0.254939877,0.311608381,0.417792757,8701.0,429.0
0.7345751938182031,0.151507234,0.291361353,0.413990362,8701.0,429.0
0.7319173092756263,0.0750944,0.295804045,0.414192024,8701.0,429.0
0.7220390659364865,0.002773851,0.3217852165,0.4121805665,8701.0,429.0
0.6639898354410652,0.0,0.380687474,0.4496234295,8701.0,429.0
0.6484257907827585,0.0,0.437303126,0.648241339,8701.0,429.0
0.6474092122842717,0.000631138,0.4687221955,0.746867142,8701.0,429.0
0.6543784973800058,0.004438119,0.48842908,0.79363859,8701.0,429.0
0.6866221985524624,0.01592941,0.480363767,0.815983896,8701.0,429.0
0.7486007050350608,0.065365674,0.435559795,0.813065631,8701.0,429.0
0.7881983483251354,0.134749771,0.394048304,0.762476333,8701.0,429.0
0.7965336328451893,0.218812572,0.385459675,0.713477698,8701.0,429.0
0.7962774948538623,0.272422338,0.41381251,0.673924365,8701.0,429.0
0.7927313615511825,0.33087242,0.411780984,0.615753812,8701.0,429.0
0.7932968820671321,0.366224001,0.357144413,0.559140698,8701.0,429.0
0.791009574853755,0.404116284,0.314938869,0.5581799365,8701.0,429.0
0.7899693559581082,0.3874367,0.308290894,0.606517856,8701.0,429.0
0.7872265181650652,0.364645248,0.300910572,0.615234944,8701.0,429.0
0.7881162816767612,0.349758985,0.288370963,0.615744999,8701.0,429.0
0.7899076404965031,0.303426213,0.261902847,0.596497041,8701.0,429.0
0.7936047970596538,0.21552473,0.247497452,0.563407053,8701.0,429.0
0.7893253189539984,0.126868568,0.251488484,0.51538039,8701.0,429.0
0.7823356590617494,0.080994848,0.245295661,0.458616704,8701.0,429.0
0.7414803966788559,0.004015024,0.2250889095,0.3572765445,8701.0,429.0
0.6721552604725749,0.0,0.237106966,0.299335075,8701.0,429.0
0.6528653079652771,0.0,0.226144538,0.2983957565,8701.0,429.0
0.6480987079902056,0.000599266,0.2274291035,0.31476475000000004,8701.0,429.0
0.6559607616626636,0.0106855,0.237819953,0.317020648,8701.0,429.0
0.685366874989676,0.050647219,0.255921962,0.3366156,8701.0,429.0
0.7475442053556811,0.165071189,0.261022599,0.378271309,8701.0,429.0
0.7875991777081717,0.314638685,0.242138924,0.421197135,8701.0,429.0
0.7976729087079387,0.44966392,0.260281762,0.447660583,8701.0,429.0
0.7953528978544142,0.581304857,0.291234848,0.464257549,8701.0,429.0
0.794498914291337,0.688308741,0.335380095,0.484995957,8701.0,429.0
0.7969417881915516,0.775639479,0.375898194,0.49602976,8701.0,429.0
0.7984914913209498,0.842921958,0.417040301,0.469416954,8701.0,429.0
0.7955906732623074,0.849786301,0.448488223,0.437914815,8701.0,429.0
0.7968335967380178,0.813064543,0.478206816,0.426188071,8701.0,429.0
0.795419440887749,0.739316487,0.500762546,0.428152335,8701.0,429.0
0.7936414286159498,0.635458726,0.515851084,0.421236612,8701.0,429.0
0.7972085282014106,0.490900447,0.51090005,0.454594345,8701.0,429.0
0.8000205591182156,0.34684701,0.510817547,0.526002477,8701.0,429.0
0.7988483431036536,0.21791845,0.536270695,0.623026763,8701.0,429.0
0.7890080801828724,0.14981754,0.561698056,0.70101293,8701.0,429.0
0.7580689711424454,0.012973182,0.567961161,0.731191593,8701.0,429.0
0.728948812430609,0.0,0.566248658,0.750131651,8701.0,429.0
0.6747264400872212,0.0,0.597627149,0.793126525,8701.0,429.0
0.6611582107132875,0.0,0.571908297,0.796232087,8701.0,429.0
0.6523622128601341,0.0,0.5491323345,0.8048292125000001,8701.0,429.0
0.6540647609282928,0.0133219495,0.521972206,0.834460399,8701.0,429.0
0.6887631207849252,0.110957405,0.506086282,0.845060585,8701.0,429.0
0.7508721572685436,0.231895125,0.501449332,0.831619669,8701.0,429.0
0.7921243819072071,0.372302004,0.460999619,0.776775876,8701.0,429.0
0.7992137138625708,0.540776415,0.424137646,0.715976773,8701.0,429.0
0.7971634721078853,0.691016353,0.453635413,0.675438427,8701.0,429.0
0.8001261949203059,0.813875215,0.507985553,0.643328544,8701.0,429.0
0.7978454661277105,0.90288132,0.58165566,0.586669482,8701.0,429.0
0.7969909146881133,0.94777094,0.622698593,0.517457307,8701.0,429.0
0.7965296577095488,0.935291779,0.651020652,0.421601308,8701.0,429.0
0.799148685580829,0.840241211,0.664079609,0.352591788,8701.0,429.0
0.7969337426528748,0.739396412,0.66071742,0.321314393,8701.0,429.0
0.7949047981316192,0.605727809,0.631942687,0.320880069,8701.0,429.0
0.796370067839167,0.458885363,0.595050035,0.334657774,8701.0,429.0
0.8001107661584562,0.351046253,0.563313094,0.336041275,8701.0,429.0
0.7990283781855823,0.229115865,0.546818558,0.338382113,8701.0,429.0
0.7909560470035081,0.160645482,0.529785323,0.360190211,8701.0,429.0
0.7459120812246172,0.0088966685,0.5475914735,0.47494747449999997,8701.0,429.0
0.6749108297175491,0.0,0.594244005,0.658568812,8701.0,429.0
0.6573308791237176,0.0,0.5816474414999999,0.701531758,8701.0,429.0
0.6511972618129127,0.0014113275,0.5729195205,0.70620514,8701.0,429.0
0.6572627505095522,0.025312849,0.552323798,0.717164634,8701.0,429.0
0.6880634260829638,0.113160418,0.527923332,0.714467,8701.0,429.0
0.7492313010522441,0.217510544,0.50674778,0.703183945,8701.0,429.0
0.7882964588313712,0.337618867,0.453806868,0.682629501,8701.0,429.0
0.7977645356465825,0.505842465,0.446488947,0.659452001,8701.0,429.0
0.7934435984129016,0.632368382,0.4699208,0.642361453,8701.0,429.0
0.7939288979827186,0.752106808,0.525146302,0.624945367,8701.0,429.0
0.7932968820671321,0.829139157,0.608107637,0.651882867,8701.0,429.0
0.791176500106509,0.8728017305,0.6373036495,0.622381262,8701.0,429.0
0.7907819752463494,0.816250089,0.63562832,0.579757039,8701.0,429.0
0.7869055407699637,0.696755362,0.625987305,0.582058829,8701.0,429.0
0.7862036690009055,0.552514319,0.592890878,0.585094294,8701.0,429.0
0.7886710112962113,0.410966701,0.54788073,0.593099261,8701.0,429.0
0.7928918030292413,0.276390059,0.519233275,0.604561338,8701.0,429.0
0.7915745270789785,0.168646283,0.502476802,0.609365405,8701.0,429.0
0.7799359955528186,0.098136082,0.483205498,0.607793937,8701.0,429.0
0.7543914081831644,0.018378312,0.463087876,0.623428848,8701.0,429.0
0.7250634808078695,0.0,0.450285275,0.625497988,8701.0,429.0
0.6641817497459384,0.0,0.4394620385,0.606166788,8701.0,429.0
0.6501156314229382,0.0,0.392373098,0.53291323,8701.0,429.0
0.6469393886957961,0.0024380725,0.3578118265,0.48686104799999996,8701.0,429.0
0.6539976974450328,0.029534167,0.309845654,0.512246816,8701.0,429.0
0.6848374657872,0.064982911,0.277009711,0.485443558,8701.0,429.0
0.7476853845947252,0.104927656,0.254332024,0.425068877,8701.0,429.0
0.7909982633002273,0.169175809,0.227003821,0.3074076,8701.0,429.0
0.7989443241764907,0.193710169,0.205766435,0.184156007,8701.0,429.0
0.7959691064238043,0.247520709,0.203180487,0.140596971,8701.0,429.0
0.795705395917131,0.27802988,0.202605347,0.182372282,8701.0,429.0
0.795190184870275,0.303478324,0.178417097,0.219562415,8701.0,429.0
0.7903374010385074,0.3119865305,0.17867777299999998,0.298906824,8701.0,429.0
0.790365016778411,0.31305072,0.160535302,0.319733544,8701.0,429.0
0.7877275310563012,0.280378192,0.154601837,0.34033845,8701.0,429.0
0.7860784868144374,0.242685546,0.15029588,0.377606054,8701.0,429.0
0.7886710112962113,0.202853262,0.143031714,0.4521562,8701.0,429.0
0.7936600285394608,0.164556242,0.141283688,0.530903894,8701.0,429.0
0.7896183254274926,0.102997049,0.144246122,0.582642492,8701.0,429.0
0.7823194259117143,0.07498841,0.146247671,0.594420868,8701.0,429.0
0.7460524082346751,0.0053528305,0.1270743975,0.5622616885,8701.0,429.0
0.6583609458286226,0.0,0.113187793,0.467382657,8701.0,429.0
0.6349394855703114,0.0,0.101156671,0.3291306085,8701.0,429.0
0.6263206832093833,0.0005293075,0.1014442525,0.210112023,8701.0,429.0
0.6337361042769412,0.0258192785,0.11848913750000001,0.1095818335,8701.0,429.0
0.6498623800337034,0.091515957,0.115943707,0.078312089,8701.0,429.0
0.6702203564687249,0.154375818,0.111802769,0.073915824,8701.0,429.0
0.6975500079684964,0.245330814,0.107242273,0.070516329,8701.0,429.0
0.7277028598659188,0.367771134,0.106724325,0.069572468,8701.0,429.0
0.7285110301667771,0.498289669,0.110991431,0.078998716,8701.0,429.0
0.7250743189238609,0.556736998,0.122870192,0.083531302,8701.0,429.0
0.7252595125281679,0.625068428,0.121141016,0.078488669,8701.0,429.0
0.7245908412394364,0.6631707835,0.1297309835,0.0626697645,8701.0,429.0
0.7240465945542738,0.56695754,0.137356845,0.050609216,8701.0,429.0
0.725712061652552,0.503445898,0.136995228,0.050019019,8701.0,429.0
0.7306175923490241,0.342837314,0.131176745,0.052905138,8701.0,429.0
0.7342378880056709,0.231224021,0.121789564,0.050868835,8701.0,429.0
0.7341594659564944,0.151005701,0.1119268,0.044906797,8701.0,429.0
0.7298027015547025,0.090926166,0.107510407,0.048123542,8701.0,429.0
0.7211375414576784,0.0105117195,0.0966466175,0.0698925115,8701.0,429.0
0.6506714495759367,0.0,0.07802086450000001,0.1305122855,8701.0,429.0
0.6319528621012509,0.0013979623333333334,0.08094092933333334,0.11593101100000001,8701.0,429.0
0.6323762096287635,0.0316744065,0.0991907545,0.14932007149999998,8701.0,429.0
0.6454719183114058,0.107798444,0.111226007,0.135742434,8701.0,429.0
0.6712961183871193,0.171398853,0.101463006,0.12850552,8701.0,429.0
0.6948291301385928,0.286931395,0.093953626,0.116025495,8701.0,429.0
0.7216152687192522,0.39113915,0.107363051,0.116027163,8701.0,429.0
0.7247913929834585,0.46284165,0.12294752,0.139073331,8701.0,429.0
0.7277087283374989,0.497233351,0.174930482,0.149689511,8701.0,429.0
0.7308828410099331,0.491582157,0.2150612915,0.19814463799999998,8701.0,429.0
0.7334236599410592,0.457182205,0.248651171,0.244375797,8701.0,429.0
0.7324521615600499,0.413658865,0.256510472,0.275339085,8701.0,429.0
0.7343098737067472,0.398864575,0.258739963,0.308607995,8701.0,429.0
0.7397143818858342,0.323565292,0.243646907,0.338830839,8701.0,429.0
0.7430578101942443,0.275424743,0.220473778,0.345609471,8701.0,429.0
0.7437899716104817,0.202297896,0.202246317,0.306334669,8701.0,429.0
0.7379353282999785,0.13862718,0.207101235,0.251811767,8701.0,429.0
0.7219838580664255,0.0165449665,0.205986638,0.1676571885,8701.0,429.0
0.667092838044052,0.0,0.235421326,0.1349939985,8701.0,429.0
0.6535105993924657,0.0,0.219066684,0.144900179,8701.0,429.0
0.6516475624196534,0.0024222255,0.1989524545,0.1642499495,8701.0,429.0
0.6585266879017415,0.025593332,0.183516198,0.183441966,8701.0,429.0
0.6894953770543524,0.092987793,0.175968863,0.193124016,8701.0,429.0
0.751091522045099,0.159260352,0.162302655,0.188704608,8701.0,429.0
0.7921243819072071,0.253211651,0.133567073,0.159247786,8701.0,429.0
0.7997697217219487,0.357031326,0.120109163,0.148380935,8701.0,429.0
0.7981122057233636,0.4971066,0.131874395,0.145100202,8701.0,429.0
0.8000504701810482,0.625843547,0.160996084,0.150785208,8701.0,429.0
0.7977246857091335,0.716559776,0.149143209,0.10838262,8701.0,429.0
0.7977516151095813,0.721746207,0.205244974,0.1066815745,8701.0,429.0
0.7983970249997056,0.673386348,0.202830755,0.095238917,8701.0,429.0
0.7949104773110258,0.570224602,0.176125261,0.066430664,8701.0,429.0
0.7936414286159498,0.510491553,0.134066288,0.05832488,8701.0,429.0
0.7971368738651892,0.434623343,0.097159025,0.053388429,8701.0,429.0
0.7999960430894265,0.316817437,0.065954368,0.051121758,8701.0,429.0
0.7988483431036536,0.21007176,0.054045634,0.060633603,8701.0,429.0
0.7862604152323055,0.159515223,0.048763126,0.097209646,8701.0,429.0
0.7390179766013666,0.020079007,0.0460260765,0.19872122949999999,8701.0,429.0
0.6727685820256668,0.0,0.053806837,0.248442399,8701.0,429.0
0.6547191630250635,0.0,0.0657986115,0.1963786905,8701.0,429.0
0.647473246885655,0.0025680315,0.08018787399999999,0.13540029199999998,8701.0,429.0
0.6534111634268103,0.018241865,0.085640808,0.12735368,8701.0,429.0
0.6844175258639795,0.093236685,0.082099287,0.118421843,8701.0,429.0
0.7501612930857359,0.181232933,0.080786745,0.114074945,8701.0,429.0
0.7902811044277949,0.295236853,0.079636113,0.11251291,8701.0,429.0
0.7998301117241342,0.480547965,0.069814273,0.10860093,8701.0,429.0
0.7971634721078853,0.598783864,0.077264417,0.111697539,8701.0,429.0
0.8001261949203059,0.701072544,0.085293959,0.112899472,8701.0,429.0
0.7986185192096596,0.784828477,0.073782403,0.086028697,8701.0,429.0
0.8004294716332714,0.8355992335,0.0844581635,0.10035607699999999,8701.0,429.0
0.8048425088289266,0.805210044,0.098916705,0.16583853,8701.0,429.0
0.8017612771040089,0.729736659,0.103484796,0.18932079,8701.0,429.0
0.7995709446438276,0.605792749,0.10164539,0.176528318,8701.0,429.0
0.7997689641390492,0.485705489,0.097710997,0.146310535,8701.0,429.0
0.8012929206334284,0.363253377,0.082241694,0.114369499,8701.0,429.0
0.7994590617858103,0.256740292,0.078261016,0.090863602,8701.0,429.0
0.7891334988810058,0.188334715,0.071895463,0.069202776,8701.0,429.0
0.7406227689307872,0.0275109815,0.06385856349999999,0.049769391499999996,8701.0,429.0
0.672938110356459,0.0,0.060706216,0.062460579,8701.0,429.0
0.6553768781490741,0.0,0.0723703695,0.1645339565,8701.0,429.0
0.6500247382503448,0.0020110165,0.0989373425,0.262208017,8701.0,429.0
0.6558763762887173,0.027889314,0.130919496,0.291786399,8701.0,429.0
0.6865176512839204,0.101952815,0.160852021,0.341513517,8701.0,429.0
0.7501650321239173,0.171672849,0.19612103,0.515175601,8701.0,429.0
0.7878720699207679,0.264368371,0.210894546,0.602960665,8701.0,429.0
0.798342503054894,0.378720253,0.227484022,0.65893239,8701.0,429.0
0.7953122907482716,0.456956033,0.287159551,0.701236891,8701.0,429.0
0.7940677576677785,0.517440207,0.341260245,0.729088622,8701.0,429.0
0.7933862370854896,0.480379413,0.388569372,0.72147037,8701.0,429.0
0.7920444927401357,0.457793664,0.447426757,0.708761431,8701.0,429.0
0.7893777578564909,0.420360455,0.498444576,0.70306559,8701.0,429.0
0.7891138580576442,0.357713694,0.55667434,0.688921784,8701.0,429.0
0.7872615409449906,0.325055356,0.602329944,0.642777732,8701.0,429.0
0.7879441504750339,0.258564122,0.627134638,0.599779477,8701.0,429.0
0.7904965880934874,0.212086832,0.637368915,0.571567787,8701.0,429.0
0.7935400048753711,0.17468653,0.632174586,0.539662986,8701.0,429.0
0.7884688741784616,0.113788813,0.620572777,0.496370298,8701.0,429.0
0.7814770376333219,0.086543519,0.578556388,0.436300836,8701.0,429.0
0.7588921916208068,0.036710816,0.537698343,0.378131517,8701.0,429.0
0.7287211656037117,0.001001408,0.497165963,0.329773662,8701.0,429.0
0.6722447103441223,0.0,0.429516467,0.260983246,8701.0,429.0
0.6541464489923203,0.0,0.3796256195,0.2284242725,8701.0,429.0
0.654659340692295,0.0022631175,0.3206485915,0.211319896,8701.0,429.0
0.6678942402177491,0.031716516,0.280354046,0.206845581,8701.0,429.0
0.7003769946238206,0.102104419,0.260987256,0.235842,8701.0,429.0
0.7522830475181675,0.182121976,0.238138667,0.274054089,8701.0,429.0
0.791196283209655,0.272475587,0.21876745,0.310835858,8701.0,429.0
0.79799095186725,0.39290093,0.201633929,0.345832976,8701.0,429.0
0.7995845749229274,0.514026503,0.193814286,0.370561682,8701.0,429.0
0.79498960972361,0.648865375,0.184771629,0.398329014,8701.0,429.0
0.7946488490182595,0.789338491,0.174544583,0.416668521,8701.0,429.0
0.7921127868296254,0.825924511,0.237814239,0.480505329,8701.0,429.0
0.7885512245579929,0.792073063,0.30060944,0.551816024,8701.0,429.0
0.787296279579553,0.732191786,0.33723349,0.585042278,8701.0,429.0
0.7862467373195078,0.609640557,0.365900971,0.597140578,8701.0,429.0
0.7887467832549608,0.499391915,0.387281725,0.652286056,8701.0,429.0
0.792311137482599,0.37175935,0.382892975,0.691344924,8701.0,429.0
0.7906111214561378,0.250641507,0.35552088,0.686280867,8701.0,429.0
0.7808344201134093,0.169777392,0.328937592,0.618994475,8701.0,429.0
0.7443011124614044,0.0242312855,0.2941480065,0.5209861675,8701.0,429.0
0.6730401964125413,0.0,0.263663021,0.458667339,8701.0,429.0
0.6560440351004186,0.0,0.2383946955,0.40030133300000004,8701.0,429.0
0.65901487469496,0.00089341,0.2074137305,0.2601931355,8701.0,429.0
0.672955243162075,0.012023312,0.183809188,0.193923877,8701.0,429.0
0.7009993558101538,0.091457482,0.16026258,0.156946348,8701.0,429.0
0.7508253503259661,0.170335881,0.135803218,0.137750604,8701.0,429.0
0.790022600077198,0.279839449,0.117816266,0.144956183,8701.0,429.0
0.7970506423747951,0.410152059,0.12066817,0.192396736,8701.0,429.0
0.7967138576334971,0.524258474,0.128898585,0.271746,8701.0,429.0
0.7938613136353274,0.624379372,0.15171934,0.345457449,8701.0,429.0
0.7929012212468295,0.702314766,0.153041799,0.355945054,8701.0,429.0
0.7911265454049129,0.7352872180000001,0.184411989,0.3547212905,8701.0,429.0
0.7901760841359224,0.730724218,0.198446238,0.336126659,8701.0,429.0
0.7878843279351624,0.664923157,0.206605529,0.322293117,8701.0,429.0
0.7882926253542062,0.570970706,0.205642025,0.284552822,8701.0,429.0
0.7904965880934874,0.470835492,0.195921098,0.246882649,8701.0,429.0
0.7935680706501682,0.344454809,0.184635713,0.214644853,8701.0,429.0
0.7910016709735537,0.232687691,0.173766354,0.201515934,8701.0,429.0
0.7823561995406918,0.145820695,0.165643873,0.211467621,8701.0,429.0
0.7435776354967045,0.026618102,0.14448810550000002,0.268931164,8701.0,429.0
0.6579911260823226,0.0,0.120188213,0.33420486,8701.0,429.0
0.6407741092660035,0.0,0.14041314,0.45840147900000006,8701.0,429.0
0.6396368211781773,0.001265077,0.169272404,0.6248913815,8701.0,429.0
0.6403731714603866,0.0503647995,0.20146042,0.7075862610000001,8701.0,429.0
0.6474417030224998,0.150148243,0.206628765,0.729748065,8701.0,429.0
0.6694121861678667,0.251225327,0.213373031,0.729669503,8701.0,429.0
0.695652681981809,0.365345222,0.23390274,0.72411657,8701.0,429.0
0.7205826227531579,0.472082445,0.262172893,0.706349231,8701.0,429.0
0.7254165463329003,0.559092882,0.295762453,0.676860561,8701.0,429.0
0.7251959985838129,0.628472012,0.310729234,0.588867416,8701.0,429.0
0.7272217249310186,0.6596374585,0.342983075,0.449394232,8701.0,429.0
0.7285990597257151,0.596983076,0.368899539,0.364390664,8701.0,429.0
0.7279477339374159,0.545619447,0.378813341,0.334270627,8701.0,429.0
0.7298445392670749,0.486464728,0.352174892,0.309878486,8701.0,429.0
0.7339951437817787,0.436161182,0.330797596,0.311738729,8701.0,429.0
0.7365503739775469,0.351941287,0.31479961,0.310325962,8701.0,429.0
0.7360227156241229,0.24452086,0.278241386,0.342648275,8701.0,429.0
0.7300122218956254,0.171518336,0.259185474,0.404779723,8701.0,429.0
0.7204569909460021,0.0344519005,0.232852757,0.5422100034999999,8701.0,429.0
0.6493157433795249,0.0,0.2170579115,0.694496497,8701.0,429.0
0.6286359377346218,0.0006850965,0.246909965,0.804022909,8701.0,429.0
0.6274949108157174,0.010721249,0.29922882650000004,0.8622735995,8701.0,429.0
0.6334974064321331,0.068575235,0.344240762,0.889407879,8701.0,429.0
0.6459610513583879,0.123731123,0.364540056,0.8985396,8701.0,429.0
0.6707310236750083,0.194166667,0.343777824,0.901792167,8701.0,429.0
0.6965090319041561,0.328829312,0.350806222,0.90224295,8701.0,429.0
0.7212004877326161,0.391851986,0.423161667,0.900100983,8701.0,429.0
0.7260419366082133,0.441822148,0.50107012,0.898332214,8701.0,429.0
0.7267467426130614,0.47448036,0.546735195,0.896650526,8701.0,429.0
0.7283327225312577,0.5029983060000001,0.6211254245,0.901105423,8701.0,429.0
0.7285990597257151,0.490148661,0.663108506,0.903282613,8701.0,429.0
0.7277682667320073,0.457232304,0.662691447,0.89818585,8701.0,429.0
0.728965093214342,0.400904576,0.651667209,0.893332173,8701.0,429.0
0.7337742646678362,0.321354863,0.621994432,0.884003982,8701.0,429.0
0.7368551178084072,0.242436821,0.59096345,0.87680632,8701.0,429.0
0.7368355242045375,0.153559952,0.569441284,0.867971102,8701.0,429.0
0.7312640905655935,0.101044179,0.546722151,0.853081374,8701.0,429.0
0.718781751069741,0.0192225005,0.51294699,0.8494520135,8701.0,429.0
0.6723636922799494,0.0,0.436599609,0.884247929,8701.0,429.0
0.6555224585347004,0.0,0.418459216,0.8619166009999999,8701.0,429.0
0.6501825056140248,0.000582245,0.37263411,0.8285679335,8701.0,429.0
0.6561624729765748,0.012661112,0.344984075,0.832065729,8701.0,429.0
0.6880250904829015,0.102750515,0.32709963,0.845439168,8701.0,429.0
0.7499331256018104,0.169636232,0.320509217,0.862932293,8701.0,429.0
0.7919553270139515,0.269553252,0.297934477,0.872703628,8701.0,429.0
0.7998787647831596,0.366499484,0.332076703,0.871765628,8701.0,429.0
0.7969209639814521,0.479180661,0.36909973,0.858343517,8701.0,429.0
0.7981084194656903,0.56008085,0.369921863,0.820694555,8701.0,429.0
0.7989596580851508,0.638633343,0.332538911,0.686543762,8701.0,429.0
0.7961757399555318,0.7035241415,0.3918416315,0.6327411549999999,8701.0,429.0
0.7956981071329416,0.720692626,0.383510408,0.568035241,8701.0,429.0
0.7939661450492326,0.651193965,0.366526789,0.5432824,8701.0,429.0
0.7944465698278284,0.555830725,0.344916532,0.505288853,8701.0,429.0
0.7958692446543102,0.445600428,0.29820644,0.457847014,8701.0,429.0
0.7976581426757987,0.309587577,0.240604171,0.399018982,8701.0,429.0
0.7940595228369285,0.174969622,0.21649783,0.386440925,8701.0,429.0
0.7857911123008582,0.094174247,0.202451363,0.395300719,8701.0,429.0
0.738579152816375,0.020669761,0.1600014315,0.3588573425,8701.0,429.0
0.6726940406731471,0.0,0.10267444,0.310748029,8701.0,429.0
0.6526172625250157,0.0,0.0814120215,0.259954047,8701.0,429.0
0.6474947336183612,0.0008934135,0.0606773285,0.198509756,8701.0,429.0
0.6697615130689221,0.0352036725,0.060850689,0.14239919150000002,8701.0,429.0
0.748730903671226,0.105366794,0.064116226,0.13677775,8701.0,429.0
0.787963602006222,0.18063482,0.068499504,0.213565057,8701.0,429.0
0.7969504968741441,0.294229886,0.109482213,0.316336011,8701.0,429.0
0.7950464027602957,0.385468398,0.15633031,0.378087969,8701.0,429.0
0.7936885197038904,0.433371924,0.190892209,0.399130691,8701.0,429.0
0.7943028825710386,0.415930143,0.171524289,0.403423215,8701.0,429.0
0.7961867671565934,0.41272494449999997,0.22395497450000001,0.4631603525,8701.0,429.0
0.7970606756883951,0.438508157,0.28304696,0.496087204,8701.0,429.0
0.7947601639997568,0.483500052,0.333251709,0.511243311,8701.0,429.0
0.7938806707275319,0.430237084,0.352993275,0.497349511,8701.0,429.0
0.7974642876083908,0.380510021,0.356372859,0.482206416,8701.0,429.0
0.7996674935931848,0.294875844,0.34771858,0.461300756,8701.0,429.0
0.7953127641858081,0.219815054,0.334644212,0.436356465,8701.0,429.0
0.7859291675977328,0.137769846,0.315724213,0.41987633,8701.0,429.0
0.7396279140908779,0.0411201755,0.278370489,0.39441251,8701.0,429.0
0.6648012003062276,0.0,0.19330708600000002,0.32507323200000005,8701.0,429.0
0.6479994771946229,0.0038721913333333337,0.174279963,0.3032703703333333,8701.0,429.0
0.6537268874463434,0.030666655,0.152995028,0.277241884,8701.0,429.0
0.6845974188732266,0.116471258,0.133270595,0.264799057,8701.0,429.0
0.7498495446160492,0.173800341,0.119960538,0.257669437,8701.0,429.0
0.7877162667222652,0.286693502,0.10820553,0.23746114,8701.0,429.0
0.7985013353423763,0.391994089,0.097868274,0.220454802,8701.0,429.0
0.7950233070441158,0.534739673,0.099475133,0.208914792,8701.0,429.0
0.7939032462008895,0.654800413,0.103529199,0.203491028,8701.0,429.0
0.7921524000483063,0.74434729,0.10608681,0.200797772,8701.0,429.0
0.793411817623875,0.791180075,0.147479288,0.269460894,8701.0,429.0
0.7941350578698068,0.742647986,0.165155604,0.32063302,8701.0,429.0
0.7923307315006747,0.698887684,0.172055301,0.334194044,8701.0,429.0
0.7919423590503554,0.623519189,0.175287723,0.333607916,8701.0,429.0
0.793859988590114,0.521199762,0.158435325,0.327999113,8701.0,429.0
0.7965708326922114,0.398044432,0.1333095,0.294395763,8701.0,429.0
0.7939795860361591,0.282675177,0.119952811,0.242845861,8701.0,429.0
0.7849470199786995,0.206824392,0.115744417,0.196553476,8701.0,429.0
0.7539078126571135,0.115543018,0.100707932,0.173866688,8701.0,429.0
0.7263960434473006,0.007141573,0.082236014,0.153263157,8701.0,429.0
0.6640407363964247,0.0,0.054984937,0.1113976045,8701.0,429.0
0.6490091300295737,0.0008257825,0.076591569,0.170692071,8701.0,429.0
0.6539080586955184,0.013721033499999999,0.099323223,0.2535231465,8701.0,429.0
0.6859139848742879,0.108791965,0.11489004,0.245724875,8701.0,429.0
0.7492006328207179,0.179208824,0.117416374,0.228514217,8701.0,429.0
0.7880048718420744,0.269233185,0.102572141,0.222725132,8701.0,429.0
0.7977069850269973,0.397728642,0.106325754,0.22115539,8701.0,429.0
0.7950327724811959,0.513636095,0.147921761,0.222133449,8701.0,429.0
0.7954695138451774,0.617828481,0.18575117,0.214560229,8701.0,429.0
0.7988839337600991,0.718882326,0.194384283,0.161329696,8701.0,429.0
0.796566194412655,0.7498155,0.2432843745,0.1715860195,8701.0,429.0
0.7991775557438113,0.741794466,0.246394502,0.175816772,8701.0,429.0
0.7965644907830949,0.709402258,0.233610944,0.173182192,8701.0,429.0
0.7954751930245841,0.623165177,0.221413827,0.174396356,8701.0,429.0
0.7981707976570053,0.515109122,0.208726879,0.174729346,8701.0,429.0
0.7993102628119281,0.395814583,0.186235641,0.167655163,8701.0,429.0
0.7992409748349766,0.275161395,0.161625035,0.177374084,8701.0,429.0
0.7896807036188074,0.201379329,0.149960748,0.21848095,8701.0,429.0
0.7580993552286085,0.116846031,0.131092599,0.283553704,8701.0,429.0
0.7262349868732297,0.005136862,0.108260831,0.356580014,8701.0,429.0
0.6732075476762368,0.0,0.09047551,0.437794565,8701.0,429.0
0.6554179112661581,0.0,0.09188299350000001,0.45543543649999996,8701.0,429.0
0.6481852706383516,0.0077066755,0.1007589285,0.470398007,8701.0,429.0
0.6533653029450995,0.051480213,0.105575173,0.486674011,8701.0,429.0
0.6868411371109733,0.170771235,0.106322424,0.485268281,8701.0,429.0
0.7499331256018104,0.243326197,0.108799379,0.48979805,8701.0,429.0
0.7920359737639225,0.361875526,0.11695005,0.515034343,8701.0,429.0
0.801396474221612,0.516211555,0.137611464,0.546964779,8701.0,429.0
0.8005112541362825,0.664670702,0.189133318,0.576887312,8701.0,429.0
0.8012192785222837,0.777022733,0.236871764,0.607976926,8701.0,429.0
0.8030264451024283,0.87842687,0.25882632,0.601711449,8701.0,429.0
0.8098951820892126,0.916660985,0.3009266685,0.6191895015,8701.0,429.0
0.8161726047055367,0.864699008,0.33076889,0.605018718,8701.0,429.0
0.8145763315594323,0.778512509,0.351704172,0.560432663,8701.0,429.0
0.8098586921913922,0.685157303,0.359508079,0.473062059,8701.0,429.0
0.8110690545138429,0.546844588,0.357270572,0.407344288,8701.0,429.0
0.8115170597976543,0.391260071,0.351701062,0.382285361,8701.0,429.0
0.8062924446278145,0.260160938,0.338845983,0.357847479,8701.0,429.0
0.7933362585670447,0.170998751,0.330527237,0.343423011,8701.0,429.0
0.7652976834398972,0.094259364,0.304831251,0.324575744,8701.0,429.0
0.7344903350067202,0.005635388,0.290370748,0.31152047,8701.0,429.0
0.6521754808944882,0.0,0.29056546699999997,0.2909451795,8701.0,429.0
0.6306459986012095,0.0011910185,0.2875268855,0.3411707555,8701.0,429.0
0.6270095636122024,0.0170377565,0.2883452445,0.40037678649999997,8701.0,429.0
0.6373792831620544,0.128799128,0.27806448,0.394313677,8701.0,429.0
0.6519495379042541,0.195425964,0.251325657,0.379075714,8701.0,429.0
0.6760331620668558,0.318036509,0.230105612,0.380135596,8701.0,429.0
0.704038181946179,0.444827181,0.212341932,0.390673482,8701.0,429.0
0.7285956520523885,0.579540403,0.212427611,0.407643511,8701.0,429.0
0.7348651712027173,0.696953644,0.217583892,0.409253913,8701.0,429.0
0.7350123609860232,0.774619081,0.202293085,0.365768726,8701.0,429.0
0.7409100253956368,0.787087604,0.22458696299999997,0.39082929050000004,8701.0,429.0
0.744522512025272,0.778769159,0.253747648,0.446139177,8701.0,429.0
0.7457478300862422,0.731247537,0.278936115,0.47219134,8701.0,429.0
0.7479014361369378,0.641827408,0.280432166,0.462791362,8701.0,429.0
0.7523184488824397,0.510610011,0.28447425,0.449689391,8701.0,429.0
0.7497391760954188,0.383028978,0.279444901,0.413736821,8701.0,429.0
0.7506482494798277,0.266549109,0.272077781,0.378417336,8701.0,429.0
0.7429064555689187,0.159053546,0.240709654,0.349441688,8701.0,429.0
0.7346635547419959,0.089348844,0.214016975,0.33976657,8701.0,429.0
0.7176835555435676,0.007059495,0.193909798,0.327650036,8701.0,429.0
0.6602905492374126,0.0,0.160975305,0.279032294,8701.0,429.0
0.6387960420903616,0.0,0.1497920285,0.2643863535,8701.0,429.0
0.6264205451859802,0.006020536,0.14397182349999998,0.290791297,8701.0,429.0
0.6328512155564665,0.076650984,0.1376234025,0.29923244800000004,8701.0,429.0
0.6514102842661456,0.192364144,0.148202927,0.296959444,8701.0,429.0
0.6786662936547723,0.310923795,0.145714829,0.289870192,8701.0,429.0
0.7085631019998515,0.412525771,0.152130786,0.295568621,8701.0,429.0
0.7313865750279369,0.52349733,0.18029169,0.312648862,8701.0,429.0
0.738549359802272,0.626702974,0.204865522,0.326554906,8701.0,429.0
0.7414304894038549,0.704568052,0.197864125,0.321676401,8701.0,429.0
0.7483404490069998,0.732799838,0.2342889665,0.3133019125,8701.0,429.0
0.7501710898876708,0.65402484,0.246399954,0.291978153,8701.0,429.0
0.7493456923422128,0.573314306,0.244084516,0.272324689,8701.0,429.0
0.7485039195740384,0.484528535,0.238497443,0.250329044,8701.0,429.0
0.7520129951023777,0.396676029,0.226985516,0.238103282,8701.0,429.0
0.7499652141459457,0.319643759,0.218729549,0.242354914,8701.0,429.0
0.750539111151221,0.223748104,0.211349745,0.246205528,8701.0,429.0
0.7468380743056195,0.155583556,0.227577657,0.23111472,8701.0,429.0
0.7308694946690932,0.047733626,0.23616317799999997,0.195019197,8701.0,429.0
0.6680937744645636,0.0,0.209584675,0.205481885,8701.0,429.0
0.6559553662144137,0.0,0.205353125,0.246576478,8701.0,429.0
0.653889553418094,0.006816403,0.200745547,0.28173103450000003,8701.0,429.0
0.6604936332302351,0.052341437,0.19903149,0.329846731,8701.0,429.0
0.6920019069716034,0.127998284,0.183267821,0.358152422,8701.0,429.0
0.7523953093747375,0.191901081,0.167116792,0.377714221,8701.0,429.0
0.7927842266717194,0.290284685,0.138911526,0.387946953,8701.0,429.0
0.8057763819732814,0.364689829,0.136200269,0.395372,8701.0,429.0
0.8005112541362825,0.489024469,0.159817921,0.414188198,8701.0,429.0
0.800977244247593,0.598292634,0.200484095,0.428085009,8701.0,429.0
0.8015514253982313,0.697170887,0.2032862505,0.35923590699999997,8701.0,429.0
0.8053496739228998,0.698042692,0.223443904,0.387294625,8701.0,429.0
0.8064618785196228,0.661472116,0.218819989,0.427454434,8701.0,429.0
0.8004582469430639,0.570267055,0.219239366,0.448351033,8701.0,429.0
0.7973021425007717,0.49246599,0.215267343,0.433360921,8701.0,429.0
0.796370067839167,0.379572951,0.201176427,0.399816509,8701.0,429.0
0.8001107661584562,0.259344174,0.195552207,0.408318203,8701.0,429.0
0.7996152435686595,0.175415141,0.202659882,0.429308764,8701.0,429.0
0.7904499228093855,0.122417053,0.205757182,0.450331186,8701.0,429.0
0.7586416379556968,0.080883745,0.207635307,0.494686218,8701.0,429.0
0.7303299336900818,0.008632877,0.214743567,0.557783537,8701.0,429.0
0.6748525691487622,0.0,0.227581769,0.594725214,8701.0,429.0
0.6573919556724619,0.0,0.2408932695,0.566434091,8701.0,429.0
0.6514941255804207,0.0035900085,0.2586343775,0.5103587669999999,8701.0,429.0
0.6585266879017415,0.029165557,0.273055444,0.445487179,8701.0,429.0
0.6895462548141721,0.122984682,0.278962533,0.431937731,8701.0,429.0
0.7523553645840988,0.184724932,0.277576669,0.435937887,8701.0,429.0
0.7919369636021055,0.27929101,0.274410831,0.455807484,8701.0,429.0
0.8014500492913506,0.375524478,0.291447087,0.4787011,8701.0,429.0
0.8013003987097912,0.475296011,0.325495397,0.497032703,8701.0,429.0
0.7996538628998789,0.556674229,0.344139619,0.507537326,8701.0,429.0
0.8005511040737316,0.595792601,0.348984448,0.524746671,8701.0,429.0
0.8047397128236425,0.608585065,0.360657355,0.517853813,8701.0,429.0
0.8101041345536153,0.574889487,0.369336172,0.518534568,8701.0,429.0
0.8168478786461048,0.526453539,0.367418205,0.49468301,8701.0,429.0
0.8145763315594323,0.464011144,0.360048379,0.480328068,8701.0,429.0
0.8173923380260837,0.423308942,0.360071994,0.479509648,8701.0,429.0
0.8193775514990276,0.348251743,0.359665009,0.486714215,8701.0,429.0
0.8193403520662114,0.283065256,0.346544767,0.477151264,8701.0,429.0
0.8139290757599632,0.215889543,0.324803999,0.464257572,8701.0,429.0
0.7990168301203894,0.15454394,0.303563193,0.45389956,8701.0,429.0
0.7673329698702696,0.100455903,0.276472345,0.446563656,8701.0,429.0
0.7380722006243212,0.00425841,0.249226011,0.424151042,8701.0,429.0
0.6774340662223716,0.0,0.237705243,0.375933195,8701.0,429.0
0.6595119826584841,0.0,0.23564718699999998,0.362584667,8701.0,429.0
0.6543287557874322,0.001021389,0.24411345950000002,0.344852814,8701.0,429.0
0.661149218299538,0.027077127,0.241605162,0.339534742,8701.0,429.0
0.6934986501272746,0.137055518,0.238641591,0.3585264,8701.0,429.0
0.7573091225357576,0.196908326,0.224239848,0.388702827,8701.0,429.0
0.8011306810868256,0.306592917,0.190881135,0.412078758,8701.0,429.0
0.806865963462949,0.416701829,0.181840713,0.414866071,8701.0,429.0
0.8093318386403596,0.541773169,0.203832736,0.428229045,8701.0,429.0
0.8168139916192194,0.66653133,0.224888735,0.463765166,8701.0,429.0
0.8381649065697738,0.741018005,0.173895442,0.434979311,8701.0,429.0
0.8566693352859116,0.7881801305,0.1797412435,0.493561348,8701.0,429.0
0.8599412036970842,0.747389487,0.174652255,0.525830878,8701.0,429.0
0.8532942922851087,0.700161237,0.167804789,0.545655676,8701.0,429.0
0.8501517236829328,0.583839236,0.1656225,0.561716253,8701.0,429.0
0.848134326812664,0.47382104,0.157069928,0.569221111,8701.0,429.0
0.8428798954331809,0.377235995,0.150568255,0.575607132,8701.0,429.0
0.8304192319622079,0.26889608,0.144359046,0.56633401,8701.0,429.0
0.8096153324572819,0.19128859,0.146299769,0.531487989,8701.0,429.0
0.7712758997462921,0.133347219,0.146977726,0.465543778,8701.0,429.0
0.7403716709989031,0.014922195,0.140919515,0.389945793,8701.0,429.0
0.6704995669806917,0.00058783,0.13725906100000002,0.2984490525,8701.0,429.0
0.6578270878458667,0.0015422695,0.1698214435,0.1994289495,8701.0,429.0
0.6546948364955509,0.019316792,0.191771837,0.20501177,8701.0,429.0
0.6605315898317446,0.070910912,0.205505268,0.278024432,8701.0,429.0
0.6934986501272746,0.182305912,0.209228863,0.362077028,8701.0,429.0
0.7585121488545272,0.252265477,0.187207393,0.416709736,8701.0,429.0
0.8011306810868256,0.373960029,0.149722694,0.402118434,8701.0,429.0
0.8064770231361095,0.515021226,0.15617773,0.339729649,8701.0,429.0
0.8136504095147706,0.640996439,0.196252702,0.258206621,8701.0,429.0
0.8216030960313077,0.735686491,0.239631693,0.205263842,8701.0,429.0
0.8376523460275508,0.77250035,0.17862446,0.128090223,8701.0,429.0
0.8434379852993628,0.770826459,0.20908899250000001,0.129992558,8701.0,429.0
0.8481594107179731,0.718229984,0.240711262,0.156280534,8701.0,429.0
0.841546385918677,0.616984117,0.243924805,0.162182777,8701.0,429.0
0.840524861799731,0.548797661,0.228954485,0.13161823,8701.0,429.0
0.8376833928434237,0.459574005,0.207951724,0.077150836,8701.0,429.0
0.8294906594129132,0.340265476,0.176726686,0.054417835,8701.0,429.0
0.821842290923398,0.22880633,0.146779034,0.077983731,8701.0,429.0
0.8085837746105299,0.153501778,0.145771125,0.096492048,8701.0,429.0
0.7687538938476995,0.099467748,0.149242438,0.104314201,8701.0,429.0
0.7385452898134417,0.010012922,0.150213734,0.110104616,8701.0,429.0
0.6600812181886633,0.001200334,0.123202869,0.106073117,8701.0,429.0
0.6373705748936679,0.000569525,0.107983309,0.09666277300000001,7625.0,376.0
0.6317258303013311,0.00982939,0.0901449255,0.07914072550000001,6549.0,323.0
0.6372318568670835,0.048740696,0.082624989,0.075438122,6549.0,323.0
0.6659971039374412,0.128333787,0.090491862,0.086577895,6549.0,323.0
0.7252331035776451,0.175398888,0.100301813,0.08018686,6549.0,323.0
0.7726618481632885,0.262676722,0.103784209,0.0682892,6549.0,323.0
0.7799483480061966,0.363440214,0.11114,0.060845085,6549.0,323.0
0.779611468411709,0.450191157,0.141188276,0.069182856,6549.0,323.0
0.7920429779885427,0.527375712,0.173371285,0.088620307,6549.0,323.0
0.8037742249868949,0.546467001,0.163506464,0.092656118,6549.0,323.0
0.8133433937636239,0.5884483815,0.19941426350000002,0.137119079,6549.0,323.0
0.8150897437093323,0.554178494,0.235665996,0.189166478,6549.0,323.0
0.8116840324770032,0.505006599,0.25892564,0.229302382,6549.0,323.0
0.8168598052956444,0.429281963,0.265928954,0.249285067,6549.0,323.0
0.8081192048118286,0.374171316,0.262968564,0.264306004,6549.0,323.0
0.8027119989086167,0.29558688,0.248634426,0.275920078,6549.0,323.0
0.7955700383443812,0.21685102,0.231647513,0.275194445,6549.0,323.0
0.7715711309205807,0.144613225,0.207188857,0.257036873,6549.0,323.0
0.739256532580596,0.100493702,0.195658773,0.242622121,6549.0,323.0
0.7096480456241687,0.006681484,0.180714905,0.226391328,6549.0,323.0
0.6430803947801353,0.0,0.152365455,0.197809962,6549.0,323.0
0.618190209714355,0.0,0.1677313635,0.199658667,6549.0,323.0
0.6048741429890048,0.0027474714999999998,0.1739708765,0.2303271255,6549.0,323.0
0.6062065163362624,0.026401585,0.18034734,0.239537101,6549.0,323.0
0.6112331115966747,0.120854619,0.181228361,0.234063291,6549.0,323.0
0.6219659301922607,0.175387673,0.173207178,0.229202095,6549.0,323.0
0.6544016879493753,0.27797901,0.167601239,0.221177743,6549.0,323.0
0.6802423108815032,0.372450935,0.18089151,0.212413269,6549.0,323.0
0.7062139372521877,0.485475635,0.209034978,0.216039708,6549.0,323.0
0.7212698229290595,0.566294077,0.236883081,0.240156582,6549.0,323.0
0.7303543548656812,0.60468778,0.204220982,0.235670444,6549.0,323.0
0.7458498925325787,0.6495316904999999,0.2566306015,0.270322233,6549.0,323.0
0.7493677471585422,0.612314368,0.292738954,0.302966023,6549.0,323.0
0.7435722636582007,0.575639315,0.304036366,0.340226524,6549.0,323.0
0.7463417945471295,0.484506949,0.296309189,0.35465832,6549.0,323.0
0.7406743798353485,0.413197773,0.292088192,0.380244155,6549.0,323.0
0.7378112350612646,0.323152328,0.266825736,0.393540758,6549.0,323.0
0.7297728849308536,0.217253413,0.233158423,0.386989498,6549.0,323.0
0.720415034977797,0.144891353,0.22078524,0.358889387,6549.0,323.0
0.701952278084501,0.050258839,0.20203415749999998,0.3412640355,6549.0,323.0
0.6410322824588485,0.0,0.164796014,0.295949267,6549.0,323.0
0.6161452683476265,0.0,0.18277126500000002,0.293202607,6549.0,323.0
0.6049055922060733,0.002260458,0.19221060150000002,0.29413123750000003,6549.0,323.0
0.6062065163362624,0.02478592,0.199981355,0.297703832,6549.0,323.0
0.6113812478408472,0.124768237,0.209689398,0.301988092,6549.0,323.0
0.6209253803459651,0.179963336,0.214397477,0.314327324,6549.0,323.0
0.6494910931695083,0.271031826,0.215112846,0.353820078,6549.0,323.0
0.6769409572113367,0.370835324,0.240710681,0.404377477,6549.0,323.0
0.7030339795108164,0.466976106,0.28153556,0.455818019,6549.0,323.0
0.7141891043888927,0.54712033,0.335504643,0.51060467,6549.0,323.0
0.7215402067097042,0.590539501,0.462316513,0.64244228,6549.0,323.0
0.7316671346090692,0.553491157,0.506237671,0.656519491,6549.0,323.0
0.7324508837343282,0.560659846,0.546691897,0.683554998,6549.0,323.0
0.7341677012015505,0.482716095,0.59668509,0.712949123,6549.0,323.0
0.7346887807199866,0.439397803,0.624769349,0.734145478,6549.0,323.0
0.7368450368611092,0.400122108,0.633270022,0.761408891,6549.0,323.0
0.7356401176206061,0.33606811,0.62929396,0.766832406,6549.0,323.0
0.728064965024191,0.260698125,0.622342157,0.755130963,6549.0,323.0
0.7235420327454418,0.180773429,0.61733904,0.748375045,6549.0,323.0
0.7131787025313011,0.107101189,0.610495524,0.748954671,6549.0,323.0
0.704621923387087,0.070497674,0.606793218,0.739806042,6549.0,323.0
0.6753975253689205,0.0023278165,0.6252787035,0.732814774,6549.0,323.0
0.6365561337200338,0.0,0.6179822515,0.7399869335,6549.0,323.0
0.6316772248760036,0.003838091,0.5857853934999999,0.7607067195,6549.0,323.0
0.651513553708966,0.0579297445,0.5740215875,0.7834914070000001,6549.0,323.0
0.7216338214232714,0.132570911,0.564643512,0.795158116,6549.0,323.0
0.7606507991667035,0.189141796,0.573056578,0.792639023,6549.0,323.0
0.7728388545704433,0.308885875,0.575383016,0.786922704,6549.0,323.0
0.769006056703386,0.419483523,0.579250704,0.803083668,6549.0,323.0
0.7688771354787364,0.554774761,0.579375278,0.821703743,6549.0,323.0
0.7707373088378933,0.648277662,0.560175565,0.820639259,6549.0,323.0
0.7715564593274244,0.687053248,0.587424008,0.829435093,6549.0,323.0
0.772238382518012,0.709340482,0.638533181,0.8419233475,6549.0,323.0
0.7725152738902007,0.654590799,0.665818152,0.866653312,6549.0,323.0
0.7709584244635008,0.558300585,0.679016295,0.873332193,6549.0,323.0
0.7687215215724071,0.470554222,0.680424085,0.870362327,6549.0,323.0
0.7676201078721835,0.369183099,0.666154033,0.863658252,6549.0,323.0
0.764132046260323,0.245602362,0.636095251,0.851896157,6549.0,323.0
0.756187026698116,0.167079166,0.599790249,0.834746634,6549.0,323.0
0.7274512648867524,0.105344917,0.562944066,0.824991486,6549.0,323.0
0.6985247719501506,0.012878576,0.523799174,0.818808699,6549.0,323.0
0.6458922366118698,0.000824247,0.506205396,0.843829527,6549.0,323.0
0.6308573172868135,0.00397898,0.5083319253333333,0.8341943893333333,6549.0,323.0
0.6350965193750439,0.037365225,0.477593322,0.801743343,6549.0,323.0
0.6650331776575722,0.116521635,0.453380521,0.779352501,6549.0,323.0
0.721959768048578,0.172622381,0.448625133,0.76638789,6549.0,323.0
0.7600813507346051,0.269572306,0.442591622,0.753714066,6549.0,323.0
0.7694179034542317,0.381032412,0.427415193,0.73567144,6549.0,323.0
0.7681149677322703,0.478411121,0.42987591,0.720634286,6549.0,323.0
0.7680587425721046,0.579732767,0.433779697,0.718511739,6549.0,323.0
0.7689503041523446,0.666611691,0.432164885,0.678641287,6549.0,323.0
0.769440242001718,0.694561085,0.473397336,0.695950201,6549.0,323.0
0.7702291498564585,0.7083859305,0.535591213,0.7242480625000001,6549.0,323.0
0.7687613715098561,0.651024335,0.568900853,0.722868995,6549.0,323.0
0.7664313273427317,0.589529409,0.568583511,0.702064757,6549.0,323.0
0.7635547411675154,0.485728799,0.551820194,0.673122332,6549.0,323.0
0.7634004995258915,0.372847065,0.519339066,0.632105364,6549.0,323.0
0.7605384428711498,0.254455114,0.453432064,0.586350865,6549.0,323.0
0.7525758174799965,0.184619132,0.375211628,0.547997687,6549.0,323.0
0.7208454340184561,0.123988955,0.313584679,0.521907092,6549.0,323.0
0.6976638786014367,0.020807031,0.270841469,0.485006382,6549.0,323.0
0.6458166067258019,0.0016626285,0.213915984,0.46033272199999997,6549.0,323.0
0.6306980116998634,0.006177529666666667,0.17859506800000002,0.42886847133333333,6549.0,323.0
0.6354427223339298,0.043138621,0.155835694,0.411130646,6549.0,323.0
0.664414366217247,0.132753467,0.142189821,0.389118409,6549.0,323.0
0.7231576830644608,0.192897903,0.12946661,0.338126575,6549.0,323.0
0.760990991995534,0.28639593,0.116125331,0.281045753,6549.0,323.0
0.768558477223413,0.368226372,0.114931681,0.246307105,6549.0,323.0
0.764932927776992,0.503234201,0.130461492,0.244824485,6549.0,323.0
0.767335146937366,0.615334551,0.162306354,0.249232807,6549.0,323.0
0.7679194094495084,0.679070885,0.19222106,0.286799187,6549.0,323.0
0.7692918456361344,0.7381248685,0.28224599699999997,0.3125052105,6549.0,323.0
0.7716125900486064,0.686623513,0.353818147,0.337736004,6549.0,323.0
0.7702453832135966,0.577823271,0.355458393,0.368044893,6549.0,323.0
0.768933361053108,0.481826935,0.345608797,0.43527334,6549.0,323.0
0.7674872587313851,0.399129722,0.319007124,0.533902313,6549.0,323.0
0.7661838499860933,0.300707452,0.28593912,0.604428422,6549.0,323.0
0.7628276906399584,0.201706319,0.252181956,0.642135865,6549.0,323.0
0.756187026698116,0.121942785,0.224199009,0.624808094,6549.0,323.0
0.7278828949478473,0.077314983,0.219659242,0.598062992,6549.0,323.0
0.698856114437913,0.009388444,0.211946308,0.576216714,6549.0,323.0
0.6458742521985767,0.000708584,0.21192563250000002,0.593670056,6549.0,323.0
0.632503947673778,0.001330566,0.224353787,0.565557819,6549.0,323.0
0.6309165006376869,0.0039468545,0.25102709500000003,0.5589289905,6549.0,323.0
0.6363966625196907,0.027479677,0.276175552,0.575467147,6549.0,323.0
0.6657224132420951,0.114582397,0.284866507,0.575088242,6549.0,323.0
0.7215758922193394,0.17196517,0.274659664,0.566449494,6549.0,323.0
0.7603137302800426,0.264526171,0.278921111,0.533579455,6549.0,323.0
0.7733860116745471,0.352795932,0.313288583,0.490354357,6549.0,323.0
0.7708699691007243,0.453774731,0.351893076,0.436622509,6549.0,323.0
0.771778710706072,0.542028323,0.379852031,0.392530056,6549.0,323.0
0.7731727995149349,0.605927065,0.394049824,0.321887355,6549.0,323.0
0.7777550102738844,0.6398930389999999,0.435304822,0.290507,6549.0,323.0
0.7830863735962121,0.624382252,0.458238791,0.257146338,6549.0,323.0
0.7802016466149232,0.586338581,0.470964579,0.2562615,6549.0,323.0
0.7789196303704571,0.518402641,0.46924965,0.256746601,6549.0,323.0
0.7788364279690428,0.441232895,0.448062898,0.247667568,6549.0,323.0
0.7737087403329067,0.32956096,0.405643434,0.228229051,6549.0,323.0
0.7683069294637385,0.238537296,0.343850407,0.20071403,6549.0,323.0
0.7608247292653868,0.165848353,0.290303294,0.177786365,6549.0,323.0
0.7314685468231215,0.1124405,0.246396496,0.16428175,6549.0,323.0
0.70151210564455,0.024227627,0.215019945,0.157630598,6549.0,323.0
0.6457842818771043,0.002128189,0.17605601999999998,0.1502857575,6549.0,323.0
0.632177243465572,0.0027845465,0.135880645,0.1459995595,6549.0,323.0
0.6341850324118734,0.020912658,0.11057803399999999,0.13957835600000001,6549.0,323.0
0.6658127147213194,0.115011871,0.094113127,0.129739078,6549.0,323.0
0.7217784079214358,0.173071204,0.086993015,0.129873504,6549.0,323.0
0.7621375562282666,0.258998723,0.090167966,0.148341817,6549.0,323.0
0.7737998462003163,0.333296237,0.094620485,0.187839689,6549.0,323.0
0.7722424288970963,0.438577853,0.114227244,0.260849642,6549.0,323.0
0.7719083418799232,0.552040091,0.133714674,0.342457156,6549.0,323.0
0.7758452607974782,0.607861044,0.117273078,0.347797938,6549.0,323.0
0.7838984718132189,0.6777407655000001,0.1525736765,0.406176753,6549.0,323.0
0.7922770615777462,0.665143077,0.193657053,0.43359891,6549.0,323.0
0.7901368020749934,0.60541223,0.201783141,0.42989527,6549.0,323.0
0.7893640803578993,0.502510105,0.194057348,0.417659487,6549.0,323.0
0.787186668227616,0.412103549,0.192563518,0.42443637,6549.0,323.0
0.7828344000326991,0.324508017,0.19748575,0.476984554,6549.0,323.0
0.7761339135509852,0.217207686,0.201721419,0.527983732,6549.0,323.0
0.7637771818383363,0.148817893,0.192034017,0.529287946,6549.0,323.0
0.7190789462021039,0.057604457,0.17356352949999998,0.497142191,6549.0,323.0
0.6286682625833193,0.0009371575,0.107693626,0.4205470855,6549.0,323.0
0.6078181238052329,0.002014169,0.0976186815,0.358576156,6549.0,323.0
0.6050002480265939,0.016598454999999998,0.085981635,0.292143822,6549.0,323.0
0.6144058045778087,0.1439007145,0.078635549,0.263959518,6549.0,323.0
0.6466668042383089,0.256976338,0.071849009,0.259700309,6549.0,323.0
0.672551394730414,0.348760421,0.080068099,0.255545728,6549.0,323.0
0.6963838024981961,0.43870294,0.088793998,0.246041614,6549.0,323.0
0.7084534434284226,0.515643584,0.1005608,0.234195161,6549.0,323.0
0.7143772326431959,0.5936998680000001,0.12539734,0.22738526650000002,6549.0,323.0
0.7174618012122023,0.5397688169999999,0.1703493565,0.247137494,6549.0,323.0
0.722125462902205,0.461643925,0.183231926,0.255471851,6549.0,323.0
0.7225779643928912,0.387977885,0.165277698,0.266147804,6549.0,323.0
0.7223321910800192,0.311652326,0.154736427,0.264222205,6549.0,323.0
0.7171800822682838,0.237015377,0.143650968,0.265400569,6549.0,323.0
0.711161684659585,0.177189455,0.121199476,0.261206023,6549.0,323.0
0.7051463157256597,0.126996414,0.104213863,0.256021153,6549.0,323.0
0.6975758726522447,0.0520492885,0.0789525465,0.2317737115,6549.0,323.0
0.628718619479008,0.0,0.05139051,0.17140843249999999,6549.0,323.0
0.6068127070557457,0.0021303126666666664,0.040642931666666667,0.13021407699999998,6549.0,323.0
0.6089559561598332,0.065599339,0.039792563,0.1537952165,6549.0,323.0
0.6175445160930738,0.148922516,0.041257314,0.180840286,6549.0,323.0
0.6441254884670037,0.220220647,0.046419695,0.190055181,6549.0,323.0
0.6718671760097942,0.304944156,0.05486644,0.198179947,6549.0,323.0
0.6936048538058852,0.39365407,0.075055736,0.219294455,6549.0,323.0
0.6994079098215731,0.456064293,0.10590985,0.261970771,6549.0,323.0
0.7044859977307141,0.485065596,0.13872396199999998,0.31759053800000003,6549.0,323.0
0.7065051928766298,0.46045391,0.178026947,0.364231796,6549.0,323.0
0.7038845081810752,0.3684216045,0.21546233250000002,0.39025343,6549.0,323.0
0.7029238002823592,0.292421129,0.242041146,0.396042222,6549.0,323.0
0.704366968368292,0.218818258,0.236170693,0.384304278,6549.0,323.0
0.7037078335529812,0.158017526,0.215729982,0.359153602,6549.0,323.0
0.7021882311927953,0.104126512,0.210381844,0.343616331,6549.0,323.0
0.6943431678390659,0.067464611,0.213482945,0.338702155,6549.0,323.0
0.6885172526188634,0.0227115825,0.242432268,0.37028254650000003,6549.0,323.0
0.6458543270227493,0.0,0.247364887,0.3906404,6549.0,323.0
0.6320294624031033,0.0,0.24990437,0.394793135,6549.0,323.0
0.6343041092008903,0.006056412000000001,0.2699621975,0.4107711605,6549.0,323.0
0.6657224132420951,0.021737608,0.274736269,0.386645708,6549.0,323.0
0.72193492106914,0.039186564,0.272048834,0.369381061,6549.0,323.0
0.7608169202383753,0.063625201,0.272579987,0.3608907,6549.0,323.0
0.7710254409343721,0.109524229,0.276511572,0.357815623,6549.0,323.0
0.7665285858270845,0.168038287,0.299178141,0.372438672,6549.0,323.0
0.7636545080838195,0.233022577,0.325639018,0.391884374,6549.0,323.0
0.7630128374389799,0.286075033,0.320999773,0.411560214,6549.0,323.0
0.7635256817123597,0.348123833,0.334177454,0.419070687,6549.0,323.0
0.7628347901319745,0.367920721,0.35217529,0.418115772,6549.0,323.0
0.7628434984003609,0.370859906,0.375911222,0.437523118,6549.0,323.0
0.7603939984456669,0.370812,0.387970507,0.47047454,6549.0,323.0
0.758508078865697,0.319610032,0.38181179,0.484084716,6549.0,323.0
0.7562660642575105,0.280034662,0.381571176,0.487899105,6549.0,323.0
0.7547584829858478,0.203257588,0.368304536,0.472776867,6549.0,323.0
0.7515173304398995,0.139573148,0.348700584,0.447894726,6549.0,323.0
0.7455847857372481,0.086084422,0.325269679,0.431284175,6549.0,323.0
0.709432325032605,0.035915573,0.30488042699999995,0.386635089,6549.0,323.0
0.6534561250813521,0.001072577,0.280299606,0.378430019,6549.0,323.0
0.6356414519854562,0.0,0.26791867999999996,0.37588723199999996,6549.0,323.0
0.6305509639892392,0.001483489,0.260818252,0.366318517,6549.0,323.0
0.6333109345878983,0.0119493415,0.250092026,0.347533294,6549.0,323.0
0.6651222013110748,0.056243782,0.231940689,0.310344014,6549.0,323.0
0.7225765921281859,0.086515901,0.218048363,0.279092434,6549.0,323.0
0.7613815410987438,0.142976921,0.202130079,0.257249244,6549.0,323.0
0.771656084171047,0.212510099,0.189103001,0.253023379,6549.0,323.0
0.764195276059315,0.28595366,0.187391727,0.261057962,6549.0,323.0
0.7629024689183495,0.364904335,0.191194335,0.269353211,6549.0,323.0
0.7637424904232657,0.436958364,0.196469116,0.25814511,6549.0,323.0
0.7652354473212639,0.510240132,0.258023762,0.2942034965,6549.0,323.0
0.7670318702244008,0.482703333,0.3096925615,0.3223085555,6549.0,323.0
0.7641270766159118,0.387294547,0.328580199,0.330451859,6549.0,323.0
0.7607136507955548,0.329869773,0.312668795,0.311523837,6549.0,323.0
0.7584938330763791,0.27513977,0.294911481,0.289559857,6549.0,323.0
0.7539976406988015,0.19269342,0.253183238,0.254716663,6549.0,323.0
0.7454034724153917,0.138177817,0.205901016,0.222037335,6549.0,323.0
0.7104031138786189,0.06561497100000001,0.1746124195,0.18225042,6549.0,323.0
0.645866490391057,0.003914667,0.1425838115,0.1350435725,6549.0,323.0
0.6312303081257407,0.0057940974999999995,0.12107548600000001,0.100818184,6549.0,323.0
0.6331029285843623,0.0337455645,0.109900795,0.07404387800000001,6549.0,323.0
0.6650089457741463,0.096006396,0.09548876,0.066202636,6549.0,323.0
0.722838031128779,0.135003099,0.076235682,0.061786101,6549.0,323.0
0.7611784103006355,0.192624066,0.0669663,0.058716706,6549.0,323.0
0.7720354169881251,0.256991762,0.067250685,0.053004572,6549.0,323.0
0.7696296480817428,0.313207614,0.070983524,0.048791715,6549.0,323.0
0.7631269922172833,0.347220089,0.070493379,0.045734957,6549.0,323.0
0.7637562629821502,0.40663551600000003,0.0908075645,0.051033202,6549.0,323.0
0.7638802619889834,0.422648825,0.109446103,0.055159909,6549.0,323.0
0.7659274040325545,0.425864688,0.1030028465,0.0448815135,6549.0,323.0
0.7623860272652635,0.394655194,0.102817643,0.036843563,6549.0,323.0
0.7572745259738767,0.323731076,0.118979956,0.033970817,6549.0,323.0
0.7555709602014075,0.249338414,0.147119203,0.022753845,6549.0,323.0
0.7535074663377628,0.160342117,0.152463566,0.017482966,6549.0,323.0
0.7455856849786231,0.109073196,0.168701325,0.024338577,6549.0,323.0
0.7226204176154816,0.087459767,0.200547066,0.044411828,6549.0,323.0
0.6967667322807738,0.037026363,0.224513264,0.074327613,6549.0,323.0
0.6532068964614557,0.008129968,0.198355445,0.099682849,6549.0,323.0
0.635526279917048,0.0041294125000000004,0.24396347200000001,0.1924531765,6549.0,323.0
0.6313962867105247,0.0199702715,0.29789768650000004,0.29551039349999997,6549.0,323.0
0.6513641398461748,0.048334356,0.380803515,0.3741028395,6549.0,323.0
0.721959768048578,0.073293428,0.457243657,0.467442139,6549.0,323.0
0.7608169202383753,0.099934078,0.542049667,0.547772355,6549.0,323.0
0.7715255069505352,0.111181264,0.619255569,0.603960157,6549.0,323.0
0.7656833109465999,0.138472174,0.681922866,0.663587036,6549.0,323.0
0.763562786706192,0.144134201,0.728851286,0.694245924,6549.0,323.0
0.7633088257819618,0.140648166,0.751966125,0.712055397,6549.0,323.0
0.7630202202479467,0.135892692,0.780491409,0.728222777,6549.0,323.0
0.7622904724104711,0.128837041,0.800376287,0.737131154,6549.0,323.0
0.7627288701845211,0.111534442,0.806277564,0.774962323,6549.0,323.0
0.7603939984456669,0.099283031,0.81567222,0.809014811,6549.0,323.0
0.7585129532427124,0.092905273,0.821338367,0.815849671,6549.0,323.0
0.7562146186211706,0.097157799,0.825510978,0.809438734,6549.0,323.0
0.7541546745035339,0.105424298,0.839037095,0.815246626,6549.0,323.0
0.7558311685957706,0.080374188,0.860354767,0.861284375,6549.0,323.0
0.7488329425078166,0.053498064,0.871561594,0.90750909,6549.0,323.0
0.7234448687000727,0.036513873,0.878802775,0.920663219,6549.0,323.0
0.6970406658074265,0.010584261,0.879403479,0.868583357,6549.0,323.0
0.6459132739309916,0.003691005,0.8557359085,0.8561209125,6549.0,323.0
0.6313239462419505,0.005891306,0.8216565425,0.796909224,6549.0,323.0
0.6331180261884604,0.0141340865,0.76316188,0.7947630404999999,6549.0,323.0
0.6650089457741463,0.069056899,0.731044408,0.795217657,6549.0,323.0
0.722838031128779,0.111056316,0.714696029,0.794891514,6549.0,323.0
0.7612060494431819,0.180271711,0.728238853,0.80620311,6549.0,323.0
0.7720030447128327,0.280592011,0.745049409,0.802998622,6549.0,323.0
0.7661119591382068,0.358383322,0.765174204,0.796239185,6549.0,323.0
0.7633091095131187,0.442152414,0.777461009,0.792513878,6549.0,323.0
0.7631040853790708,0.455801645,0.743021929,0.787146759,6549.0,323.0
0.7634836072812191,0.5418796485,0.740558279,0.805955228,6549.0,323.0
0.7629544109806625,0.5492342210000001,0.7615777640000001,0.788510824,6549.0,323.0
0.7587897265661716,0.462563188,0.761588903,0.781137263,6549.0,323.0
0.7562826764060983,0.403007048,0.742204438,0.776818534,6549.0,323.0
0.7547584829858478,0.293301105,0.717117022,0.763998452,6549.0,323.0
0.7515972672406691,0.208985092,0.660201285,0.726704826,6549.0,323.0
0.7462852848273948,0.146332566,0.592900835,0.690541789,6549.0,323.0
0.7230953997263357,0.113016425,0.548293483,0.697305692,6549.0,323.0
0.6973297915842638,0.031794298,0.511335053,0.6981248,6549.0,323.0
0.6294495507032216,0.003895204,0.448727902,0.7916422115,6549.0,323.0
0.6064447173408911,0.006062868000000001,0.4122692215,0.797902465,6549.0,323.0
0.6044525936681047,0.035323998,0.3751784255,0.7899126430000001,6549.0,323.0
0.6100018306251409,0.125948577,0.345864549,0.811156164,6549.0,323.0
0.6177986190899856,0.182756274,0.322376648,0.825073965,6549.0,323.0
0.6442811968123164,0.294208188,0.347242213,0.833496474,6549.0,323.0
0.6665875658718123,0.365027463,0.348984665,0.839712317,6549.0,323.0
0.6890539978250204,0.448608686,0.338416007,0.841858095,6549.0,323.0
0.6937395486489252,0.510380866,0.330147584,0.820273112,6549.0,323.0
0.6947776376969672,0.540359747,0.300247977,0.792706608,6549.0,323.0
0.6967082822127106,0.5469402640000001,0.30137133250000003,0.7504860545,6549.0,323.0
0.6998272816611705,0.5135714065,0.295130913,0.655951814,6549.0,323.0
0.7020323331411029,0.444767089,0.296493324,0.562049422,6549.0,323.0
0.703242032733844,0.371737181,0.292558804,0.472450026,6549.0,323.0
0.7002988090863093,0.304974179,0.286319951,0.406735133,6549.0,323.0
0.6974681306122954,0.202810585,0.27526675,0.37067926,6549.0,323.0
0.6935039507223347,0.141330963,0.264892901,0.359559361,6549.0,323.0
0.6882770166198197,0.060582485000000005,0.266899583,0.340508959,6549.0,323.0
0.628941320478343,0.0013133815,0.25443339,0.3265898385,6549.0,323.0
0.6069108018911853,0.003658329,0.272987765,0.29548198449999996,6549.0,323.0
0.604290921998022,0.0366463575,0.28628509550000003,0.2754822135,6549.0,323.0
0.6102918556433531,0.089779277,0.280186547,0.269091225,6549.0,323.0
0.6176456556882894,0.130254315,0.273242354,0.274429977,6549.0,323.0
0.6441875352934635,0.173227335,0.273541401,0.277322688,6549.0,323.0
0.6683262960826826,0.214635896,0.297618866,0.278975834,6549.0,323.0
0.691732943089362,0.282994189,0.320869853,0.288748784,6549.0,323.0
0.6943357373964011,0.318155656,0.333706052,0.318300014,6549.0,323.0
0.6939900078750515,0.378728254,0.338527989,0.35255198,6549.0,323.0
0.6958161049151499,0.433583709,0.341729862,0.398985276,6549.0,323.0
0.6947798147640638,0.41566548,0.331101765,0.43234703,6549.0,323.0
0.6954068614494453,0.404543809,0.302398881,0.434125304,6549.0,323.0
0.6952615173683812,0.355055605,0.276028498,0.389702711,6549.0,323.0
0.696024584356222,0.322394965,0.25134111,0.384068377,6549.0,323.0
0.698461447297969,0.279088076,0.243884883,0.37565431,6549.0,323.0
0.6964681882863485,0.215063683,0.241205784,0.360245534,6549.0,323.0
0.6971925878950661,0.142074932,0.229377616,0.409647679,6549.0,323.0
0.6921607392590857,0.107128345,0.218920832,0.470610308,6549.0,323.0
0.69330621495827,0.070812078,0.212772796,0.52022216,6549.0,323.0
0.6688155241899574,0.010484953500000001,0.223402835,0.5653466229999999,6549.0,323.0
0.6356906731281047,0.0027048365,0.22570614,0.5618918665,6549.0,323.0
0.6310388196247058,0.0067292805,0.2255765185,0.4885957525,6549.0,323.0
0.6510519417558007,0.0377253045,0.2050887615,0.41778714549999996,6549.0,323.0
0.72193492106914,0.077001204,0.187435634,0.396792937,6549.0,323.0
0.7608169202383753,0.118183448,0.191620416,0.399788857,6549.0,323.0
0.7715255069505352,0.178251503,0.237252808,0.410825672,6549.0,323.0
0.7674291874547717,0.239208014,0.322419841,0.430952318,6549.0,323.0
0.7636048141249439,0.240796032,0.407311849,0.427287311,6549.0,323.0
0.7629522577304149,0.25548202,0.383088955,0.346820336,6549.0,323.0
0.7635919406003314,0.242673342,0.421456263,0.351241881,6549.0,323.0
0.7628541944436709,0.27205647050000004,0.434328249,0.34948422349999997,6549.0,323.0
0.7605525465877861,0.216523932,0.433270067,0.349159688,6549.0,323.0
0.7578994428116532,0.198477456,0.431552037,0.357433332,6549.0,323.0
0.7552036488870589,0.176327404,0.426026215,0.348182352,6549.0,323.0
0.7538523442514352,0.181940428,0.425637898,0.365004019,6549.0,323.0
0.7519587573029293,0.136928567,0.416663687,0.430324545,6549.0,323.0
0.7463308615779486,0.094027937,0.423482386,0.575533264,6549.0,323.0
0.7099946271674016,0.0318056335,0.447459298,0.6666222045,6549.0,323.0
0.6458233038166223,0.0019596615,0.466433902,0.726778986,6549.0,323.0
0.6315512380942472,0.002682923,0.451817013,0.691673785,6549.0,323.0
0.6336554811367159,0.014078891,0.4436310545,0.6330822625,6549.0,323.0
0.6651718008309669,0.076142262,0.430920191,0.579206136,6549.0,323.0
0.7227989383600233,0.129737168,0.440860257,0.579470417,6549.0,323.0
0.7614837692275077,0.181524387,0.506738661,0.621386556,6549.0,323.0
0.7722537876701159,0.282231811,0.54436203,0.656410599,6549.0,323.0
0.7698873484583606,0.365306874,0.569995441,0.624890852,6549.0,323.0
0.7662533744747101,0.414453918,0.618848263,0.637822879,6549.0,323.0
0.7643729922085685,0.4230860555,0.6315572955,0.635322555,6549.0,323.0
0.7631399835835223,0.392283154,0.673114651,0.6611111785,6549.0,323.0
0.7594218135180988,0.364794083,0.7116457,0.7194899025,6549.0,323.0
0.7553566122887551,0.291672309,0.720907795,0.737203352,6549.0,323.0
0.7538523442514352,0.234685129,0.729413208,0.759786979,6549.0,323.0
0.7519742809179687,0.173229664,0.717082433,0.781755581,6549.0,323.0
0.7470976199702729,0.124435896,0.700725137,0.788246048,6549.0,323.0
0.7112592272893008,0.050484975499999994,0.681586528,0.775256677,6549.0,323.0
0.6529756054495667,0.002571735,0.64171189,0.734718964,6549.0,323.0
0.6346996517653604,0.0016379945,0.6024290225,0.7456559205,6549.0,323.0
0.629897579596779,0.004912615,0.543338533,0.7707044855,6549.0,323.0
0.6499651524292416,0.07277792,0.505933296,0.755585155,6549.0,323.0
0.723009310308623,0.150850793,0.476345653,0.758262279,6549.0,323.0
0.7617795682783165,0.206965441,0.4997368,0.776468463,6549.0,323.0
0.7721117096039027,0.28103175,0.501151348,0.780099224,6549.0,323.0
0.7710772175213607,0.361678885,0.496305138,0.785769017,6549.0,323.0
0.7719192272154064,0.392692651,0.48160874,0.785805008,6549.0,323.0
0.7714633180513937,0.383723468,0.410973958,0.754505588,6549.0,323.0
0.7712116286332437,0.340716279,0.411373425,0.748635505,6549.0,323.0
0.7709255081285372,0.28330023449999997,0.3824876155,0.7385581315,6549.0,323.0
0.7697974727829748,0.246408655,0.35412158,0.737267145,6549.0,323.0
0.76749232281478,0.240124262,0.347998052,0.735641779,6549.0,323.0
0.7655361683827859,0.215608361,0.345341845,0.733103431,6549.0,323.0
0.7634552107628764,0.208491709,0.347784662,0.725490981,6549.0,323.0
0.7582462608665512,0.147742857,0.346099318,0.705415534,6549.0,323.0
0.7517903647251774,0.088891945,0.340449981,0.679357497,6549.0,323.0
0.730358519707701,0.067723696,0.305529377,0.635914319,6549.0,323.0
0.7056986317663482,0.014598362,0.289143882,0.583191652,6549.0,323.0
0.6556621232292545,0.0011457,0.262821707,0.53964069,6549.0,323.0
0.6393464173685154,0.0,0.257571375,0.488444869,6549.0,323.0
0.6327345759559574,0.0,0.27146471650000004,0.410364274,6549.0,323.0
0.6330381840337777,0.002866747,0.282447669,0.341557529,6549.0,323.0
0.638501710364551,0.021395211,0.271264042,0.282891186,6549.0,323.0
0.665572052297128,0.069529715,0.25147836,0.235860754,6549.0,323.0
0.7236538683839673,0.100299916,0.237212535,0.195613155,6549.0,323.0
0.7670058874919227,0.175891908,0.244706723,0.177599441,6549.0,323.0
0.7745685923675639,0.231043706,0.274943352,0.185081439,6549.0,323.0
0.7726822937890412,0.288065458,0.289491649,0.201482753,6549.0,323.0
0.7706620575361721,0.359243045,0.298714209,0.222946968,6549.0,323.0
0.7713600486085732,0.430666299,0.299389265,0.209626702,6549.0,323.0
0.7713823637534167,0.45271210949999996,0.326962055,0.212441114,6549.0,323.0
0.7706394348433226,0.452334878,0.355242744,0.202688135,6549.0,323.0
0.7689649761597069,0.385985008,0.378738686,0.224638127,6549.0,323.0
0.7664755786338658,0.337794996,0.408700868,0.224811886,6549.0,323.0
0.7607012507084787,0.293524242,0.431113205,0.25615604,6549.0,323.0
0.7620587079610455,0.220280921,0.445513343,0.278868247,6549.0,323.0
0.7581974185153526,0.159693145,0.43783184,0.296691663,6549.0,323.0
0.7515696276839166,0.118398226,0.430510703,0.298062193,6549.0,323.0
0.7279036247189633,0.076975813,0.421234512,0.326564994,6549.0,323.0
0.7028797855028903,0.011625045,0.430120383,0.361873283,6549.0,323.0
0.6456423456764697,0.0005471185,0.4707883695,0.451317703,6549.0,323.0
0.6303933386982408,0.000869426,0.5130302945,0.557619023,6549.0,323.0
0.6327663805618327,0.0093370325,0.521845787,0.6023825915000001,6549.0,323.0
0.6646809165207267,0.053080642,0.51090159,0.579241676,6549.0,323.0
0.7225327190071925,0.071343371,0.516721641,0.548147157,6549.0,323.0
0.7616516411482315,0.110153129,0.550102829,0.525849994,6549.0,323.0
0.7724561140800389,0.161377522,0.59976381,0.543109415,6549.0,323.0
0.7709310690521115,0.220827403,0.634607384,0.581113721,6549.0,323.0
0.7682478172872746,0.270339452,0.667578237,0.598041595,6549.0,323.0
0.7693954228340639,0.316290246,0.665322093,0.612026081,6549.0,323.0
0.7666271697708567,0.325577494,0.680253351,0.638892865,6549.0,323.0
0.7650111133145032,0.34318891549999997,0.730677998,0.6598460235,6549.0,323.0
0.7626372436600832,0.340229034,0.755920693,0.659151414,6549.0,323.0
0.7600680990398521,0.289857552,0.745021472,0.639686963,6549.0,323.0
0.7577682973004152,0.242071023,0.731986561,0.620828425,6549.0,323.0
0.7592701517589733,0.19398571,0.719522381,0.643690162,6549.0,323.0
0.7569995511331675,0.123909668,0.689411261,0.678081115,6549.0,323.0
0.7496878253122686,0.083130435,0.665035104,0.705109226,6549.0,323.0
0.7259508779602954,0.057104256,0.647838922,0.715754387,6549.0,323.0
0.7024714408643545,0.007806157,0.625181955,0.710116189,6549.0,323.0
0.6376515130591469,0.0,0.60506618,0.713456407,6549.0,323.0
0.6150582425094022,0.0,0.612650198,0.772359743,6549.0,323.0
0.6039441665572748,0.004074684,0.6105008813333334,0.758784352,6549.0,323.0
0.6141019123546254,0.04776867,0.556912801,0.6849947295,6549.0,323.0
0.6442297988096745,0.106747388,0.536446829,0.619568971,6549.0,323.0
0.6685804467132922,0.153314132,0.541675627,0.577418516,6549.0,323.0
0.6944133078379005,0.210946205,0.529815337,0.553973949,6549.0,323.0
0.6946698248277801,0.264132963,0.523804159,0.560947509,6549.0,323.0
0.6941218629212851,0.314357847,0.488019037,0.581717645,6549.0,323.0
0.6944419412821146,0.291608763,0.5320628365,0.5816948710000001,6549.0,323.0
0.696954245024859,0.272514958,0.542684672,0.5601362535000001,6549.0,323.0
0.6990781765243873,0.275838999,0.523399711,0.537432818,6549.0,323.0
0.6984968486622412,0.216631632,0.512222166,0.511446195,6549.0,323.0
0.6974436622172043,0.173707298,0.498609742,0.463061445,6549.0,323.0
0.6973783025706076,0.113819442,0.474876592,0.424450078,6549.0,323.0
0.6921397729763047,0.071602855,0.437536274,0.398496417,6549.0,323.0
0.6880345087004895,0.0244358285,0.3944044055,0.359450603,6549.0,323.0
0.6289331092572389,0.0005146445,0.328327932,0.3012126465,6549.0,323.0
0.6065851628138847,0.0,0.31609363349999997,0.3332591105,6549.0,323.0
0.6033868180509214,0.004782978,0.304966983,0.338069662,6549.0,323.0
0.607606000593375,0.040422505,0.2835253945,0.3333934125,6549.0,323.0
0.6180155698735732,0.087120917,0.259187813,0.352129078,6549.0,323.0
0.6440361334486461,0.135440473,0.253973712,0.377692967,6549.0,323.0
0.665542236087485,0.161081035,0.253374001,0.417489299,6549.0,323.0
0.6886795397991641,0.211959616,0.26118201,0.485740524,6549.0,323.0
0.6945887050544788,0.259596501,0.274162837,0.531527328,6549.0,323.0
0.6950888655096257,0.268418711,0.24300331,0.512364393,6549.0,323.0
0.6970509832663896,0.292428148,0.278697745,0.573529595,6549.0,323.0
0.6990944336983742,0.2363316335,0.31465135099999997,0.6658790075,6549.0,323.0
0.6995519756627093,0.176897023,0.319764487,0.698493918,6549.0,323.0
0.701167653534716,0.146939334,0.331390191,0.744105272,6549.0,323.0
0.7025198097780169,0.128547796,0.330852339,0.784637261,6549.0,323.0
0.7019606788048816,0.080141126,0.320066713,0.79462324,6549.0,323.0
0.7008076778098427,0.058435461,0.295581865,0.788824933,6549.0,323.0
0.6943431678390659,0.025644079,0.293457746,0.781059868,6549.0,323.0
0.6933763549571047,0.01436398,0.293135313,0.771936947,6549.0,323.0
0.668799101333543,0.0017560955,0.295178583,0.748231801,6549.0,323.0
0.635949319758486,0.00068693,0.3166001405,0.7440203009999999,6549.0,323.0
0.631519646597394,0.0027722305000000003,0.330125575,0.7275982015,6549.0,323.0
0.6515788897458168,0.0179999705,0.313675948,0.7096291665000001,6549.0,323.0
0.7219663468835658,0.053599895,0.273014588,0.703564436,6549.0,323.0
0.7603146295214176,0.106619826,0.270813446,0.710259794,6549.0,323.0
0.7705842033635156,0.127696269,0.279091169,0.737657874,6549.0,323.0
0.7685672799307832,0.188697267,0.29114113,0.757743834,6549.0,323.0
0.7680587425721046,0.214079128,0.30372156,0.791518108,6549.0,323.0
0.7689503041523446,0.249859802,0.247913411,0.745688338,6549.0,323.0
0.7691691482718719,0.284450342,0.278866146,0.781550532,6549.0,323.0
0.7706642112006258,0.294864702,0.3307379525,0.8327672915,6549.0,323.0
0.7703599165762468,0.326934778,0.404548434,0.84791727,6549.0,323.0
0.7692185584995905,0.329506136,0.445066849,0.850050486,6549.0,323.0
0.7674898143828286,0.316597415,0.452914418,0.84752788,6549.0,323.0
0.7665593965454982,0.258285458,0.457397633,0.84400637,6549.0,323.0
0.7642290682330106,0.201315577,0.444449228,0.839142174,6549.0,323.0
0.7566290686571576,0.146911706,0.442712565,0.832080579,6549.0,323.0
0.7295321280676785,0.103444773,0.426353989,0.819645377,6549.0,323.0
0.7001072259391878,0.014507657,0.407805691,0.808929266,6549.0,323.0
0.6458613314544726,0.0006805875,0.386628399,0.7971811055,6549.0,323.0
0.6320294624031033,0.0028303860000000003,0.35589287150000004,0.779559345,6549.0,323.0
0.6339466423221745,0.018650311500000002,0.32603844800000004,0.752533645,6549.0,323.0
0.6657224132420951,0.099776636,0.318923513,0.732732263,6549.0,323.0
0.7215946338013259,0.148406989,0.301064963,0.742592062,6549.0,323.0
0.760167960809346,0.225824259,0.291706088,0.762393543,6549.0,323.0
0.7697332961089101,0.343014597,0.291267367,0.776558496,6549.0,323.0
0.7686953019140578,0.468563804,0.302175947,0.78534166,6549.0,323.0
0.7690897321281307,0.594357689,0.3209684,0.799670089,6549.0,323.0
0.770818334172211,0.67181539,0.347792286,0.814062816,6549.0,323.0
0.7717793734357817,0.747149685,0.401740019,0.81420126,6549.0,323.0
0.7734561278565327,0.788947979,0.4655273,0.8003251545,6549.0,323.0
0.7734153076413679,0.674893933,0.4805078,0.772680627,6549.0,323.0
0.7719461568229572,0.571721772,0.474784105,0.766358375,6549.0,323.0
0.7696425211921494,0.480098082,0.471161782,0.786065297,6549.0,323.0
0.7678286817522395,0.37063654,0.471388192,0.782209696,6549.0,323.0
0.7655890811370208,0.263935914,0.459440036,0.755176305,6549.0,323.0
0.7572914690731134,0.184367799,0.442650695,0.727469179,6549.0,323.0
0.7298351210494868,0.134194718,0.419043908,0.706014641,6549.0,323.0
0.7004059120062947,0.031602978,0.395924668,0.695028875,6549.0,323.0
0.6458613314544726,0.003501374,0.3851959355,0.707209127,6549.0,323.0
0.6317280075755307,0.0029505879999999996,0.354584998,0.6524541779999999,6549.0,323.0
0.6337552956867181,0.0241461665,0.3204604865,0.5867332845,6549.0,323.0
0.6657224132420951,0.110744683,0.298784808,0.506889909,6549.0,323.0
0.7215758922193394,0.145363628,0.284207447,0.473493544,6549.0,323.0
0.7603146295214176,0.23107742,0.270905197,0.442570112,6549.0,323.0
0.7716819728787476,0.292681402,0.257428121,0.412609226,6549.0,323.0
0.768940128766063,0.421642003,0.248058073,0.40058192,6549.0,323.0
0.7689846169830685,0.510658536,0.250938765,0.387212398,6549.0,323.0
0.7715104567730322,0.579750794,0.257133177,0.329973432,6549.0,323.0
0.7782551235095394,0.649510104,0.29655482850000003,0.303771259,6549.0,323.0
0.7821054565834086,0.676235418,0.338366933,0.267195494,6549.0,323.0
0.7843317582843823,0.611293062,0.352352095,0.23688847,6549.0,323.0
0.7818564172556857,0.542139262,0.352467677,0.23034249,6549.0,323.0
0.7787113878552561,0.435231716,0.353593912,0.231489399,6549.0,323.0
0.7719486176212109,0.333648904,0.342143445,0.194637328,6549.0,323.0
0.7682424690585167,0.227251702,0.307974314,0.180935406,6549.0,323.0
0.7609834194801877,0.160941446,0.2866555,0.186953866,6549.0,323.0
0.7312938123362529,0.107306488,0.265562331,0.199003269,6549.0,323.0
0.7034899835280187,0.013064858,0.237275107,0.216588127,6549.0,323.0
0.652951326346649,0.0,0.223449862,0.221950631,6549.0,323.0
0.6358280895121184,0.0,0.1839904525,0.237445592,6549.0,323.0
0.631436941243262,0.0018925654999999999,0.170905265,0.298449923,6549.0,323.0
0.6513991624189972,0.034135377,0.179431006,0.321584537,6549.0,323.0
0.7217784079214358,0.082903923,0.196450588,0.310885156,6549.0,323.0
0.763065371194662,0.134957758,0.190482043,0.310172093,6549.0,323.0
0.7745259974864981,0.194822531,0.242894085,0.29828886,6549.0,323.0
0.7721493824742552,0.254897515,0.342667952,0.271454716,6549.0,323.0
0.7716498843346121,0.274876242,0.408754766,0.250116514,6549.0,323.0
0.7746017218115497,0.295108705,0.442315765,0.250566975,6549.0,323.0
0.775664232035191,0.312958707,0.516833205,0.353828183,6549.0,323.0
0.776160843158536,0.298457489,0.553015063,0.475993721,6549.0,323.0
0.7785910804600092,0.287136293,0.59229421,0.497104278,6549.0,323.0
0.7791494070449593,0.287386483,0.630360748,0.480472698,6549.0,323.0
0.7747067425176283,0.305955252,0.644734174,0.481257996,6549.0,323.0
0.7707410950955664,0.309350674,0.645018785,0.484797228,6549.0,323.0
0.7682018619523742,0.262036333,0.630000557,0.498491905,6549.0,323.0
0.7655890811370208,0.178787811,0.588071264,0.507536753,6549.0,323.0
0.7574795973274165,0.148624261,0.540453758,0.507768759,6549.0,323.0
0.7298351210494868,0.113308077,0.52073677,0.509757624,6549.0,323.0
0.7004059120062947,0.026356866,0.508224472,0.50049974,6549.0,323.0
0.6526384417097161,0.003994075,0.502123119,0.461369075,6549.0,323.0
0.6391285673435528,0.001307393,0.447411344,0.399293176,6549.0,323.0
0.6315383966015706,0.003753471333333333,0.398229058,0.419493587,6549.0,323.0
0.6358161390457299,0.028848832,0.370925383,0.4604655,6549.0,323.0
0.6651222013110748,0.104649159,0.369768395,0.459968098,6549.0,323.0
0.72193492106914,0.15631559,0.375610315,0.427889908,6549.0,323.0
0.7604911152715441,0.226772384,0.372450752,0.402533202,6549.0,323.0
0.7691727452373717,0.311197985,0.378303749,0.387376905,6549.0,323.0
0.7685672799307832,0.408388456,0.379037938,0.367557191,6549.0,323.0
0.7681786713830047,0.479536357,0.392602352,0.377022797,6549.0,323.0
0.7693342276152809,0.539057621,0.43306988,0.46522679,6549.0,323.0
0.7710099173193325,0.591748148,0.473442756,0.48693693,6549.0,323.0
0.7719853914572914,0.6180832915000001,0.5002626145,0.514537865,6549.0,323.0
0.7709723388879637,0.56891349,0.510337357,0.567182088,6549.0,323.0
0.7701676238941298,0.512509955,0.486486196,0.574509145,6549.0,323.0
0.7686067989175834,0.442658185,0.444097239,0.561822352,6549.0,323.0
0.7666891221583331,0.351659118,0.404179176,0.546113796,6549.0,323.0
0.7642290682330106,0.247465384,0.379861138,0.547379511,6549.0,323.0
0.7560122922112475,0.155745033,0.363657299,0.534369948,6549.0,323.0
0.7274512648867524,0.114950029,0.339824706,0.50415289,6549.0,323.0
0.6974356166785275,0.019147617,0.302152022,0.470470864,6549.0,323.0
0.6375559105706564,0.001658845,0.237464668,0.444753176,6549.0,323.0
0.615258297206142,0.0,0.22613451950000002,0.433870191,6549.0,323.0
0.6037662691238321,0.0058953635,0.202058717,0.393927711,6549.0,323.0
0.6075253066239121,0.091481304,0.18828971,0.347261586,6549.0,323.0
0.617742109784457,0.198303522,0.161214429,0.315692308,6549.0,323.0
0.6434866572047642,0.291758007,0.135510461,0.29577054,6549.0,323.0
0.6677176600286389,0.386009204,0.124720057,0.285236188,6549.0,323.0
0.693348526108179,0.519731223,0.12605457,0.275088124,6549.0,323.0
0.6985139814678571,0.61455865,0.124411766,0.262944363,6549.0,323.0
0.6995968424640615,0.706464322,0.10638913,0.262783651,6549.0,323.0
0.7011876731495272,0.775154041,0.108745827,0.2801828205,6549.0,323.0
0.7050765547253779,0.775462398,0.112285977,0.294643135,6549.0,323.0
0.7056837708810185,0.733426434,0.113291569,0.310873056,6549.0,323.0
0.7082012333532445,0.638212867,0.115609236,0.339940318,6549.0,323.0
0.7098613994422566,0.570686441,0.121461571,0.380646028,6549.0,323.0
0.7082111722278608,0.446251422,0.133182355,0.408795555,6549.0,323.0
0.7076493907500926,0.318185516,0.140790881,0.404116751,6549.0,323.0
0.7038222720624419,0.225633306,0.156617056,0.368129184,6549.0,323.0
0.6977847538732037,0.162974854,0.153436293,0.321131273,6549.0,323.0
0.6849829987462313,0.035385206,0.137182927,0.272068925,6549.0,323.0
0.6328933138044561,0.001387838,0.09585490099999999,0.22579862150000002,6549.0,323.0
0.6105962919262075,0.0012534045,0.1012663275,0.164379682,5465.0,269.0
0.6081478571024188,0.0418763395,0.1140764645,0.1408981795,5465.0,269.0
0.6149919364019386,0.187032028,0.11249229,0.145920291,5465.0,269.0
0.6237946781511982,0.256895106,0.090730906,0.159421831,5465.0,269.0
0.6533615639069181,0.378421461,0.069961111,0.175720121,5465.0,269.0
0.6856711930166977,0.51425322,0.071323447,0.173411574,5465.0,269.0
0.7139239267643244,0.649228788,0.079121013,0.163173821,5465.0,269.0
0.7277752713708338,0.77121432,0.083798157,0.157771569,5465.0,269.0
0.7357006969149651,0.859761457,0.069794759,0.122812966,5465.0,269.0
0.741275064789699,0.910287952,0.077351601,0.111779769,5465.0,269.0
0.7465925372973097,0.8947835365,0.073171558,0.1036911315,5465.0,269.0
0.751655717101629,0.800961873,0.074623457,0.113353644,5465.0,269.0
0.7559209494179667,0.698133446,0.088649186,0.106729151,5465.0,269.0
0.7572748097050337,0.594681842,0.096965579,0.092927362,5465.0,269.0
0.7520656709307415,0.461662024,0.110902642,0.077860084,5465.0,269.0
0.7496077940725155,0.333437447,0.128898197,0.075425187,5465.0,269.0
0.7414237689103916,0.237731392,0.1437471,0.086280179,5465.0,269.0
0.7296951728308787,0.173563227,0.149316834,0.108862364,5465.0,269.0
0.6837515757020158,0.0265695695,0.125380159,0.1533689385,5465.0,269.0
0.6366270544973078,0.0033372205,0.116703642,0.180447026,5465.0,269.0
0.6315809126454146,0.021608167499999997,0.12447220950000001,0.176602714,5465.0,269.0
0.6365520871338466,0.086849801,0.11415648,0.192071066,5465.0,269.0
0.666149878046964,0.200574543,0.102930035,0.210999947,5465.0,269.0
0.7229750923310889,0.270518051,0.088600472,0.219297983,5465.0,269.0
0.7721433247105017,0.395886865,0.065965999,0.220960098,5465.0,269.0
0.7898902239597301,0.554945999,0.073397319,0.232932411,5465.0,269.0
0.794432466111192,0.691495551,0.102731984,0.259314459,5465.0,269.0
0.7970271676600627,0.809581153,0.125086429,0.27994796,5465.0,269.0
0.7996879392189374,0.889786507,0.129019357,0.304277765,5465.0,269.0
0.8054703128901044,0.9118922764999999,0.1550106865,0.32719973449999995,5465.0,269.0
0.8077590397947817,0.854081893,0.185027169,0.461482505,5465.0,269.0
0.80670552198489,0.785557936,0.212571502,0.497516824,5465.0,269.0
0.8037665576183589,0.679832761,0.238299889,0.449362688,5465.0,269.0
0.7997978343020316,0.557696139,0.269779354,0.369112998,5465.0,269.0
0.7957544275605031,0.422996187,0.292017382,0.389038092,5465.0,269.0
0.7928466997162241,0.282152622,0.296878071,0.476137999,5465.0,269.0
0.7858238159410055,0.20961428,0.285133252,0.515683702,5465.0,269.0
0.7502721350439027,0.147108173,0.26472608,0.490191519,5465.0,269.0
0.7112375038378264,0.040291004,0.239458638,0.468802994,5465.0,269.0
0.6467105350795179,0.0047284805,0.211663721,0.4357361915,5465.0,269.0
0.6327618133186171,0.0071206785,0.18921076050000002,0.43576882,5465.0,269.0
0.6344142886364503,0.031250364,0.18275030250000002,0.38799800900000003,5465.0,269.0
0.6663152415357362,0.10494321,0.170229226,0.352734297,5465.0,269.0
0.7229070349603673,0.15417613,0.148584356,0.330844395,5465.0,269.0
0.7680872337365342,0.226553589,0.135989836,0.315127838,5465.0,269.0
0.787749159654586,0.344721352,0.142666114,0.308264963,5465.0,269.0
0.7915730127415916,0.427278746,0.145816034,0.296628914,5465.0,269.0
0.794941145956758,0.501423224,0.146475403,0.277009739,5465.0,269.0
0.7975336704385321,0.557367623,0.127185436,0.24705103,5465.0,269.0
0.8028944947887989,0.599366136,0.159984568,0.26601329,5465.0,269.0
0.8112371629462318,0.628081954,0.200931744,0.2496551525,5465.0,269.0
0.8164188990896429,0.589049795,0.22996779,0.213456651,5465.0,269.0
0.8156389362220573,0.500451683,0.230075788,0.184825666,5465.0,269.0
0.8155124762098673,0.412832603,0.23225078,0.178059493,5465.0,269.0
0.806742153955392,0.319091011,0.228012471,0.163767555,5465.0,269.0
0.7990830894225671,0.228365568,0.228255041,0.163360808,5465.0,269.0
0.7878547006034866,0.163678073,0.238617785,0.170410328,5465.0,269.0
0.75336709190111,0.114594187,0.239150393,0.171292256,5465.0,269.0
0.7168737764663387,0.013864348,0.220833833,0.173312908,5465.0,269.0
0.6467978787132063,0.00063633,0.1892457815,0.1763836425,5465.0,269.0
0.6327692673710279,0.000564416,0.15900681300000002,0.18255334499999998,5465.0,269.0
0.6345796757349684,0.0119840465,0.1504207585,0.2268266215,5465.0,269.0
0.6665310565662836,0.106152529,0.128017718,0.223667591,5465.0,269.0
0.7229750923310889,0.151746135,0.111100088,0.208342857,5465.0,269.0
0.7698048560061478,0.231308284,0.097919023,0.21290229,5465.0,269.0
0.7885679787792621,0.338996209,0.092130606,0.226415436,5465.0,269.0
0.7915980017937111,0.437772711,0.093368213,0.238964575,5465.0,269.0
0.7950416700417557,0.536601878,0.098737443,0.258686572,5465.0,269.0
0.8017753808206453,0.624074684,0.094442408,0.274338851,5465.0,269.0
0.8104209471066969,0.679318981,0.104322364,0.306325702,5465.0,269.0
0.8230446549266639,0.6750523589999999,0.129091485,0.346706454,5465.0,269.0
0.8288769120559829,0.614687801,0.150416525,0.386032826,5465.0,269.0
0.8266477705582028,0.53552113,0.162215097,0.405683231,5465.0,269.0
0.822918810010486,0.451661505,0.169771167,0.432893046,5465.0,269.0
0.8167536016170339,0.335304372,0.171987322,0.447020862,5465.0,269.0
0.8076375017933052,0.256149714,0.173074633,0.448909936,5465.0,269.0
0.7891862223430672,0.175223457,0.171438849,0.423484591,5465.0,269.0
0.7569694031444636,0.126212955,0.160380662,0.403730376,5465.0,269.0
0.7188586113549358,0.020723617,0.145138057,0.395720816,5465.0,269.0
0.6543973338151821,0.001996382,0.11150931,0.364951979,5465.0,269.0
0.6363799321152703,0.0,0.10376092449999999,0.31727066049999997,5465.0,269.0
0.633642292539354,0.021079230333333334,0.09421929166666666,0.2378810783333333,5465.0,269.0
0.6665310565662836,0.154758328,0.101034746,0.199200264,5465.0,269.0
0.72349470473163,0.216956862,0.08439391,0.1891361,5465.0,269.0
0.7655852000261579,0.318847869,0.082475174,0.188680611,5465.0,269.0
0.7801518578028578,0.447097364,0.109845978,0.198100182,5465.0,269.0
0.784671287969297,0.573617842,0.131737059,0.208207807,5465.0,269.0
0.7885572351022544,0.689550787,0.16119942,0.23435759,5465.0,269.0
0.7924358938652287,0.753172236,0.186353114,0.242694828,5465.0,269.0
0.794845449029284,0.753125858,0.213770913,0.243844758,5465.0,269.0
0.7960133109096525,0.721064409,0.2415005075,0.2691940015,5465.0,269.0
0.7963515155493537,0.650549221,0.283081978,0.297563653,5465.0,269.0
0.7950746101935682,0.536951252,0.314705143,0.30548917,5465.0,269.0
0.793463807112783,0.442269407,0.341796522,0.311094794,5465.0,269.0
0.7888939730382666,0.330112182,0.35500455,0.336748811,5465.0,269.0
0.7847438891805912,0.21708069,0.363186903,0.420081138,5465.0,269.0
0.7762345797086643,0.152439038,0.366500983,0.481571418,5465.0,269.0
0.7384076131009139,0.094471024,0.370216465,0.479963489,5465.0,269.0
0.7069106032793755,0.025430546,0.376323471,0.451345911,5465.0,269.0
0.6538943807827206,0.004691224,0.370890943,0.468382859,5465.0,269.0
0.6367574898522412,0.002215911,0.3590499835,0.44766909850000003,5465.0,269.0
0.633502643929802,0.018971695,0.313186696,0.37377194133333336,5465.0,269.0
0.666149878046964,0.07217176,0.268610466,0.320773767,5465.0,269.0
0.7230071808752243,0.090945502,0.236209882,0.304081802,5465.0,269.0
0.7657644779393931,0.13415873,0.214288027,0.311067507,5465.0,269.0
0.7801490184202574,0.179118939,0.196065995,0.314913452,5465.0,269.0
0.784797085665983,0.226686955,0.188918076,0.326307774,5465.0,269.0
0.7886024332684614,0.270252612,0.189654554,0.339488494,5465.0,269.0
0.7902878725549561,0.298506984,0.180701453,0.321713976,5465.0,269.0
0.7938622603032972,0.314316124,0.234516872,0.3441282565,5465.0,269.0
0.7967426329432898,0.354506415,0.276948492,0.351417468,5465.0,269.0
0.7964620733621576,0.349171586,0.289267013,0.332280349,5465.0,269.0
0.7950746101935682,0.321825801,0.292908723,0.330722253,5465.0,269.0
0.793044624358256,0.271019772,0.299138902,0.332360316,5465.0,269.0
0.7888939730382666,0.20475986,0.307103301,0.322570885,5465.0,269.0
0.7852343949064847,0.136203484,0.309012189,0.303343711,5465.0,269.0
0.7770734182410487,0.075122701,0.301082817,0.259808523,5465.0,269.0
0.7264194469185894,0.0211341915,0.285074787,0.245451078,5465.0,269.0
0.641139101647677,0.0,0.278466359,0.267224235,5465.0,269.0
0.6192921200476549,0.0,0.284884299,0.22270897150000002,5465.0,269.0
0.6087971476891998,0.0023464885,0.2649376745,0.2105058925,5465.0,269.0
0.6127518857518265,0.0413052185,0.237445746,0.1752136655,5465.0,269.0
0.6237946781511982,0.111100807,0.209895168,0.167785353,5465.0,269.0
0.6493337752194128,0.176644334,0.205904782,0.184174146,5465.0,269.0
0.6774837601812473,0.204727394,0.201503812,0.197714496,5465.0,269.0
0.7104534705672043,0.270864495,0.197888028,0.210699254,5465.0,269.0
0.7191242151975488,0.346356109,0.201072567,0.223709224,5465.0,269.0
0.722261672496838,0.401899656,0.19816455,0.197681964,5465.0,269.0
0.7226990289568315,0.465515963,0.202145066,0.211751717,5465.0,269.0
0.7245826534209752,0.541798912,0.222567069,0.24316263649999997,5465.0,269.0
0.7279879628734178,0.535181232,0.233572124,0.291831991,5465.0,269.0
0.7318072721198509,0.486499369,0.237198406,0.259984653,5465.0,269.0
0.7344229399515024,0.405947763,0.217928617,0.226750267,5465.0,269.0
0.7323114557585421,0.32105325,0.186441665,0.211788386,5465.0,269.0
0.7317185326117113,0.234621361,0.179052656,0.217090161,5465.0,269.0
0.7282869326716817,0.160228512,0.159882964,0.222047529,5465.0,269.0
0.7156272083914305,0.111007567,0.146403628,0.227476643,5465.0,269.0
0.6986346202279587,0.013741852,0.126034822,0.220768105,5465.0,269.0
0.6330663916741532,0.0006636285,0.0631099175,0.21905552550000001,5465.0,269.0
0.6135365579353093,0.0,0.062983983,0.262709409,5465.0,269.0
0.6073068649055806,0.0060367960000000005,0.06633318999999999,0.29883046199999996,5465.0,269.0
0.6119252578072418,0.0836211325,0.06553347849999999,0.3298153625,5465.0,269.0
0.6232168996208539,0.196429546,0.061892749,0.364426218,5465.0,269.0
0.6504093950651256,0.2836523,0.064030063,0.373964836,5465.0,269.0
0.6812221865802502,0.422159922,0.075789282,0.396969859,5465.0,269.0
0.7120741180836223,0.554170537,0.101590397,0.436058377,5465.0,269.0
0.7196075746261406,0.632308641,0.130595221,0.466815407,5465.0,269.0
0.7229318819398053,0.65940839,0.135421109,0.449653668,5465.0,269.0
0.728934353946475,0.640708995,0.202701847,0.4724366755,5465.0,269.0
0.7371263063914433,0.548245591,0.238471807,0.494365705,5465.0,269.0
0.7394305094845651,0.465374933,0.260389742,0.49728982,5465.0,269.0
0.7393184373343745,0.387249659,0.284658093,0.507664667,5465.0,269.0
0.7359414065586483,0.296910484,0.300880041,0.486659565,5465.0,269.0
0.7323114557585421,0.216632421,0.304271349,0.51835897,5465.0,269.0
0.7315590375945191,0.15044518,0.291325151,0.548014771,5465.0,269.0
0.7282470355147407,0.081941564,0.277804895,0.543221965,5465.0,269.0
0.7223002918280572,0.044551992,0.274462046,0.497918805,5465.0,269.0
0.6788533333755271,0.002502608,0.286464962,0.433405586,5465.0,269.0
0.6365147690309919,0.0,0.331301928,0.3980547695,5465.0,269.0
0.6319042563997861,0.003943678,0.352947204,0.29142439350000005,5465.0,269.0
0.6518315732585314,0.02887283,0.3561261315,0.174201612,5465.0,269.0
0.723104202847912,0.073420113,0.358861003,0.135602439,5465.0,269.0
0.765893588456216,0.137268457,0.366012418,0.146470715,5465.0,269.0
0.7795771559951913,0.199655639,0.374481732,0.161016039,5465.0,269.0
0.7793115049330865,0.234126685,0.392792522,0.160870103,5465.0,269.0
0.7800929349185673,0.247284764,0.403806772,0.152969352,5465.0,269.0
0.7804992441484818,0.234193389,0.388834758,0.11844103,5465.0,269.0
0.7848721710781739,0.2301366505,0.3777362555,0.14360991750000002,5465.0,269.0
0.7910912152840847,0.258597812,0.362252544,0.170921886,5465.0,269.0
0.7900088273112106,0.257296837,0.346101737,0.187242429,5465.0,269.0
0.7899125625072164,0.268877276,0.334803134,0.206873806,5465.0,269.0
0.7890651101454291,0.237839816,0.326771646,0.225708751,5465.0,269.0
0.7890821008783637,0.187329369,0.308390471,0.255205531,5465.0,269.0
0.7874468766219792,0.137748666,0.292262059,0.278713017,5465.0,269.0
0.7790921401565312,0.118255971,0.278073732,0.269915142,5465.0,269.0
0.7482846024311808,0.088666666,0.262749412,0.25477463,5465.0,269.0
0.7144671555380735,0.014830386,0.242974691,0.235767778,5465.0,269.0
0.6543973338151821,0.001341371,0.207992971,0.168732171,5465.0,269.0
0.6364445820197685,0.0,0.19731017750000002,0.1286823175,5465.0,269.0
0.6319491470179872,0.0058709115,0.17301883499999998,0.097679568,5465.0,269.0
0.6371320899507792,0.044177447,0.156834403,0.106022092,5465.0,269.0
0.666588275821014,0.148183227,0.141921727,0.115562228,5465.0,269.0
0.7242602325177245,0.213576328,0.117908733,0.119608271,5465.0,269.0
0.7753988174847516,0.314894319,0.095802707,0.114047281,5465.0,269.0
0.7925419082516658,0.45685544,0.115464486,0.113447798,5465.0,269.0
0.7956954570425147,0.580117485,0.146828999,0.128354962,5465.0,269.0
0.8035246177826518,0.691053271,0.159963762,0.155927355,5465.0,269.0
0.8192508077556806,0.729120518,0.126559288,0.170457835,5465.0,269.0
0.8358959623540364,0.737319937,0.1466782775,0.2476097045,5465.0,269.0
0.839835957994269,0.613270594,0.148671948,0.316924216,5465.0,269.0
0.8403062073865832,0.489549149,0.146572137,0.329834649,5465.0,269.0
0.837538853564751,0.447946864,0.146540787,0.342221735,5465.0,269.0
0.8343199923467972,0.382468873,0.134863407,0.344698065,5465.0,269.0
0.8295105371621458,0.342884041,0.113037653,0.340438566,5465.0,269.0
0.817279697585167,0.249494536,0.09278207,0.336246602,5465.0,269.0
0.7961812300498683,0.186229365,0.080377474,0.330871418,5465.0,269.0
0.7583708279570076,0.12926537,0.06793369,0.329297587,5465.0,269.0
0.721160685014659,0.030004434,0.05442953,0.312939272,5465.0,269.0
0.6528854932625158,0.001666057,0.043716050500000006,0.25640345,5465.0,269.0
0.6330963501635808,0.007019785666666667,0.03666151966666666,0.20984968433333331,5465.0,269.0
0.651822580844782,0.073690861,0.032919192,0.17329496900000002,5465.0,269.0
0.7285797502672083,0.176207668,0.03126172,0.199423902,5465.0,269.0
0.7776552195407314,0.252348308,0.025856659,0.215877143,5465.0,269.0
0.7939627373759061,0.403891806,0.019148643,0.22610303,5465.0,269.0
0.7986156794128532,0.516300737,0.029093481,0.230687363,5465.0,269.0
0.8138037519150195,0.617192426,0.034150556,0.243799216,5465.0,269.0
0.8271453757761124,0.662910781,0.033779738,0.323798254,5465.0,269.0
0.83838464951647,0.6937527985,0.047667209,0.4308531115,5465.0,269.0
0.8349735900553827,0.613203096,0.051820701999999996,0.4550828735,5465.0,269.0
0.8285893482502303,0.487318136,0.049434858,0.408565943,5465.0,269.0
0.822918810010486,0.415229311,0.049926472,0.368600852,5465.0,269.0
0.811209618242669,0.299973726,0.050587716,0.358947544,5465.0,269.0
0.8030437667860116,0.205908224,0.048509275,0.357621886,5465.0,269.0
0.7893043526712173,0.153457492,0.046349201,0.330598208,5465.0,269.0
0.7565268405283937,0.107548395,0.048739542,0.287452877,5465.0,269.0
0.7198807982035916,0.027329064,0.048066031,0.225844229,5465.0,269.0
0.660617158592429,0.003258347,0.053685887,0.180074451,5465.0,269.0
0.6394098130570378,0.0013495745,0.045835535999999996,0.1333904505,5465.0,269.0
0.6319263112161154,0.012832151,0.052980348,0.152714776,5465.0,269.0
0.6517103902316557,0.0794072785,0.052910179,0.14010654849999998,5465.0,269.0
0.7253390235250987,0.159162354,0.039747695,0.133329385,5465.0,269.0
0.7730682050269009,0.241299334,0.029944103,0.162691576,5465.0,269.0
0.7888998887293386,0.363321772,0.030366139,0.186828106,5465.0,269.0
0.7930263085801081,0.46194585,0.040007705,0.215026237,5465.0,269.0
0.7950121375632697,0.506784524,0.049723511,0.23585661,5465.0,269.0
0.7990399262507751,0.527914204,0.060720774,0.242933852,5465.0,269.0
0.8047064887335701,0.5772612515,0.084752514,0.27736417999999996,5465.0,269.0
0.807400294676138,0.525592278,0.106446044,0.311245681,5465.0,269.0
0.8016083137023129,0.463416148,0.120583903,0.349866529,5465.0,269.0
0.7974312530175948,0.410711801,0.136505637,0.365963175,5465.0,269.0
0.7944142924057256,0.345099843,0.121059818,0.379236564,5465.0,269.0
0.7918318960907413,0.254153161,0.097359525,0.39282314,5465.0,269.0
0.7879552723221822,0.18729757,0.082189866,0.379233946,5465.0,269.0
0.7787376075136053,0.136157294,0.075938553,0.370325579,5465.0,269.0
0.727171060487324,0.0532286455,0.071156721,0.33817984700000003,5465.0,269.0
0.6469451865452416,0.0005303015,0.062058072,0.3403248465,5465.0,269.0
0.6327652207848407,0.0010073505,0.049251101,0.296649069,5465.0,269.0
0.6345796757349684,0.021179333,0.040744738,0.2618751695,5465.0,269.0
0.6665444031142265,0.093184174,0.034421393,0.223840517,5465.0,269.0
0.7230071808752243,0.141273481,0.027917855,0.203175856,5465.0,269.0
0.7657537818960832,0.236371226,0.023437515,0.186026707,5465.0,269.0
0.7847963757167815,0.355613817,0.024204793,0.169999301,5465.0,269.0
0.7892390874636043,0.465521812,0.026093472,0.164823375,5465.0,269.0
0.7922252377712657,0.554068126,0.031089225,0.170403767,5465.0,269.0
0.7950333403577159,0.638094951,0.036040367,0.165671793,5465.0,269.0
0.796751719796023,0.6846422320000001,0.07765570999999999,0.216039985,5465.0,269.0
0.8005765665633874,0.649902084,0.113329951,0.25364369,5465.0,269.0
0.8001148361472864,0.631397731,0.135129395,0.283761122,5465.0,269.0
0.797479621931257,0.556193183,0.136084701,0.282805947,5465.0,269.0
0.7938359459988613,0.470667456,0.144444706,0.273242499,5465.0,269.0
0.7890014069089009,0.354844938,0.127561581,0.252360878,5465.0,269.0
0.7852343949064847,0.247472237,0.108282721,0.234967606,5465.0,269.0
0.7771404819314117,0.174102823,0.095662609,0.211988189,5465.0,269.0
0.7388135913801794,0.113177303,0.089286603,0.189258057,5465.0,269.0
0.7076468350986491,0.017934495,0.077738977,0.149762237,5465.0,269.0
0.6415707312945658,0.001576296,0.048495612,0.108533672,5465.0,269.0
0.6196385835421581,0.0,0.039245221,0.067860778,5465.0,269.0
0.6086322102113692,0.007610492,0.0310515465,0.0420996765,5465.0,269.0
0.613032350479769,0.071456623,0.0251712555,0.024088332,5465.0,269.0
0.6237946781511982,0.159674069,0.022847474,0.021650891,5465.0,269.0
0.6493337752194128,0.235282966,0.020160943,0.02058162,5465.0,269.0
0.6777760571197459,0.334832188,0.023272125,0.021120603,5465.0,269.0
0.710551344561775,0.439014106,0.034263906,0.024393132,5465.0,269.0
0.7198419891659928,0.502160068,0.051015362,0.03433291,5465.0,269.0
0.7227392578928333,0.598083469,0.05915779,0.047849138,5465.0,269.0
0.7270002781476591,0.649614867,0.106642646,0.069619081,5465.0,269.0
0.7308684297452909,0.676898529,0.147211952,0.079103727,5465.0,269.0
0.7338053118979152,0.665540955,0.179258141,0.095282059,5465.0,269.0
0.7356344380269934,0.577709398,0.199546831,0.100202393,5465.0,269.0
0.7370944075536872,0.448684842,0.210107607,0.101132595,5465.0,269.0
0.735625682539115,0.3907143,0.208051786,0.092389336,5465.0,269.0
0.7323964566427064,0.282660101,0.190426446,0.0996703,5465.0,269.0
0.7319766111584696,0.178487484,0.158188017,0.113813217,5465.0,269.0
0.7283876936825505,0.09246937,0.136399509,0.126097743,5465.0,269.0
0.7202660467117414,0.055604963,0.119548673,0.142399378,5465.0,269.0
0.6712302850958831,0.0057090885,0.088147379,0.1852243935,5465.0,269.0
0.6195421768725854,0.0,0.0707354295,0.313978351,5465.0,269.0
0.6086322102113692,0.0050286715,0.0694058025,0.453431965,5465.0,269.0
0.6130709464083455,0.05970305,0.073978083,0.5394646315,5465.0,269.0
0.6233163828060012,0.12347757,0.06443852,0.567789505,5465.0,269.0
0.6494670977977475,0.189718964,0.055420237,0.574608224,5465.0,269.0
0.6838754800627624,0.300778426,0.059523805,0.582350546,5465.0,269.0
0.713110171723043,0.411682863,0.078753116,0.59579173,5465.0,269.0
0.7205050995311502,0.506560049,0.118021882,0.598708493,5465.0,269.0
0.7237903144902654,0.564381863,0.108923952,0.547776509,5465.0,269.0
0.7367231677018808,0.5771805590000001,0.1567970375,0.5729429135,5465.0,269.0
0.7434672433663282,0.477512955,0.181892799,0.570017516,5465.0,269.0
0.7491157740092352,0.40361734,0.190747115,0.550890695,5465.0,269.0
0.7550566483959265,0.294308433,0.202357306,0.520746638,5465.0,269.0
0.7572748097050337,0.233578184,0.205746693,0.480543096,5465.0,269.0
0.751803427127757,0.212850876,0.199439713,0.441448915,5465.0,269.0
0.748989692581392,0.150739333,0.187687852,0.386558406,5465.0,269.0
0.7363920147133948,0.134535894,0.173489459,0.326579842,5465.0,269.0
0.7292037202299121,0.098658745,0.163074593,0.270890391,5465.0,269.0
0.6843992573053235,0.002814725,0.11897136250000001,0.2288806605,5465.0,269.0
0.6364847161025806,0.0,0.0988270205,0.243432378,5465.0,269.0
0.6319042563997861,0.0015043925,0.10791655,0.2237975235,5465.0,269.0
0.6371320899507792,0.02019897,0.113212908,0.203842968,5465.0,269.0
0.666588275821014,0.121432349,0.113931065,0.173630027,5465.0,269.0
0.7229464118744862,0.195529645,0.115590186,0.150780756,5465.0,269.0
0.7721433247105017,0.299114478,0.090524825,0.140685495,5465.0,269.0
0.7907111725178051,0.422182108,0.109504377,0.147774397,5465.0,269.0
0.7945329906103957,0.557383386,0.156355464,0.163164324,5465.0,269.0
0.8004014534921721,0.663184658,0.204365594,0.184088483,5465.0,269.0
0.8116880080268496,0.729034281,0.214722081,0.191442136,5465.0,269.0
0.8301821192840246,0.7673376965,0.2642587105,0.189820183,5465.0,269.0
0.8383148408824902,0.768478763,0.273169557,0.193047692,5465.0,269.0
0.8388606257218887,0.70079796,0.252957186,0.204797317,5465.0,269.0
0.838550344370097,0.639353369,0.232701283,0.212298936,5465.0,269.0
0.8347554086655653,0.53650087,0.214728038,0.221959612,5465.0,269.0
0.8245185856831064,0.405264825,0.193971138,0.221781208,5465.0,269.0
0.8155683231998924,0.293700431,0.167004722,0.204391876,5465.0,269.0
0.7952398792433568,0.214608015,0.159697474,0.197150196,5465.0,269.0
0.7583708279570076,0.148453563,0.15382203,0.206416253,5465.0,269.0
0.7192970091289858,0.018889878,0.129730156,0.236755595,5465.0,269.0
0.6520100699791211,0.000759124,0.10551241850000001,0.214791756,5465.0,269.0
0.6325330542103569,0.006774433666666666,0.068116465,0.10934770066666667,5465.0,269.0
0.6367191070326872,0.051498771,0.077499688,0.063965777,5465.0,269.0
0.666175293317128,0.160813793,0.084410131,0.038850416,5465.0,269.0
0.727240182988951,0.241951843,0.09180654,0.027268026,5465.0,269.0
0.7767727448132246,0.343798558,0.068861984,0.023081992,5465.0,269.0
0.7939640152016277,0.472586305,0.08382116,0.024445046,5465.0,269.0
0.8007929494704549,0.594730446,0.121002669,0.043593724,5465.0,269.0
0.8152737543411074,0.697438328,0.175380695,0.10153969,5465.0,269.0
0.8258462263118241,0.699340396,0.19965237,0.13735037,5465.0,269.0
0.8392382070686055,0.639802086,0.2076129955,0.27869045400000003,5465.0,269.0
0.8393375011686824,0.537265105,0.156437084,0.354138406,5465.0,269.0
0.8376703304408439,0.480951266,0.122459659,0.357043637,5465.0,269.0
0.8383114332091638,0.40393476,0.108056108,0.335592116,5465.0,269.0
0.8378731775077953,0.339314034,0.097883852,0.290589031,5465.0,269.0
0.8255058446050264,0.258155472,0.094477033,0.253189572,5465.0,269.0
0.8201437896485296,0.181854628,0.085419796,0.22973161,5465.0,269.0
0.8035504588566544,0.118304949,0.080072776,0.199571172,5465.0,269.0
0.7631515078318662,0.074131946,0.0901236,0.155189369,5465.0,269.0
0.7242639243364141,0.012381332,0.108206339,0.120632999,5465.0,269.0
0.6675983467279567,0.0,0.12605415,0.094719664,5465.0,269.0
0.6457216199546325,0.0,0.134396345,0.089096311,5465.0,269.0
0.6377574325923943,0.006490629,0.1648293655,0.0888670495,5465.0,269.0
0.6386082454080162,0.04206326,0.188421527,0.085262268,5465.0,269.0
0.6697472672796043,0.094423723,0.197143858,0.0963929,5465.0,269.0
0.7290588023668928,0.139362659,0.196937671,0.149392616,5465.0,269.0
0.7767727448132246,0.228279719,0.171989259,0.225956902,5465.0,269.0
0.7931814494631069,0.301994195,0.1915374,0.28045817,5465.0,269.0
0.7945329906103957,0.431092089,0.268591803,0.313876504,5465.0,269.0
0.7970271676600627,0.494917518,0.340318313,0.340741896,5465.0,269.0
0.7974852066716801,0.535139294,0.353192573,0.343128883,5465.0,269.0
0.7959553814986178,0.5341639094999999,0.3608009935,0.2408272795,5465.0,269.0
0.796952011211531,0.489115575,0.320103328,0.174623578,5465.0,269.0
0.797292582210502,0.424633457,0.293011763,0.193551266,5465.0,269.0
0.7954700817216974,0.338953276,0.26027513,0.217969115,5465.0,269.0
0.7942124862386247,0.288319146,0.203392556,0.177731219,5465.0,269.0
0.7918563644858324,0.19827474,0.170188557,0.202406138,5465.0,269.0
0.7903311773852235,0.136910758,0.152428779,0.18553672,5465.0,269.0
0.7820796155094061,0.08890982,0.147001606,0.177514359,5465.0,269.0
0.7502721350439027,0.052309388,0.156162673,0.197736548,5465.0,269.0
0.7154651105033032,0.00566497,0.163115302,0.232694415,5465.0,269.0
0.6464415235635785,0.0,0.12565117050000002,0.3511650585,5465.0,269.0
0.6325215218849946,0.0032778806666666667,0.12596243166666668,0.34444677,5465.0,269.0
0.651828141975459,0.0387260735,0.1107334995,0.19965255,5465.0,269.0
0.7229750923310889,0.088559467,0.089243084,0.168267152,5465.0,269.0
0.7698645836928297,0.145978552,0.075751526,0.159196135,5465.0,269.0
0.7880591096415226,0.222605998,0.076588219,0.140275223,5465.0,269.0
0.7913269080638649,0.322666532,0.084019574,0.127207542,5465.0,269.0
0.7949941531499767,0.370331941,0.088164627,0.110818624,5465.0,269.0
0.7973671711967196,0.41120497,0.098489117,0.088218659,5465.0,269.0
0.8029883460140312,0.3952896755,0.107882875,0.0875654075,5465.0,269.0
0.8085009512076683,0.397613315,0.131262414,0.081345194,5465.0,269.0
0.8094081312561374,0.381815505,0.139769247,0.082762056,5465.0,269.0
0.8072340795796888,0.332497649,0.142215193,0.074553839,5465.0,269.0
0.805756977661585,0.298350805,0.138098193,0.061405598,5465.0,269.0
0.7978577713615969,0.216204253,0.126965561,0.052669906,5465.0,269.0
0.7942929436964223,0.159614799,0.124492668,0.051958631,5465.0,269.0
0.7864262045249163,0.125505543,0.118949666,0.050832123,5465.0,269.0
0.7332236524638112,0.041348574,0.097403638,0.0577236725,5465.0,269.0
0.6466504049916404,0.0,0.049769271,0.044758223,5465.0,269.0
0.63246638498224,0.0007476183333333334,0.043579461333333326,0.050953029000000004,5465.0,269.0
0.6370018909004079,0.019008657,0.039899803,0.084607176,5465.0,269.0
0.666149878046964,0.09739715,0.039320363,0.087193878,5465.0,269.0
0.72349470473163,0.160079809,0.035782666,0.075496621,5465.0,269.0
0.768216060107994,0.2419367,0.023037814,0.065512168,5465.0,269.0
0.7886338590828871,0.352551379,0.02702464,0.075213459,5465.0,269.0
0.7939752319019658,0.472853328,0.038189246,0.119990822,5465.0,269.0
0.7958208757406481,0.568975763,0.057127753,0.181898279,5465.0,269.0
0.7990399262507751,0.591960121,0.07787546,0.186779633,5465.0,269.0
0.8085602528834086,0.642138613,0.108606416,0.2085860765,5465.0,269.0
0.8173469977871952,0.598608974,0.1245236995,0.305152438,5465.0,269.0
0.8180767932583688,0.518409674,0.13378859,0.390421415,5465.0,269.0
0.8137931503106934,0.431459781,0.135528066,0.42571867,5465.0,269.0
0.8053012105702538,0.311920411,0.13330062,0.420577618,5465.0,269.0
0.7977791123865491,0.221450687,0.124511732,0.376834176,5465.0,269.0
0.7871949979116559,0.140782222,0.125147747,0.327298733,5465.0,269.0
0.7350540332230711,0.044337062,0.1068219335,0.274803183,5465.0,269.0
0.6414693551876849,0.0,0.07251756,0.223453411,5465.0,269.0
0.6192921200476549,0.0,0.0502724675,0.142828825,5465.0,269.0
0.6086356178846957,0.0017611425,0.0443156045,0.079634535,5465.0,269.0
0.6130357581530954,0.0512156215,0.04824452,0.08733219,5465.0,269.0
0.6230654981902425,0.135713721,0.049360686,0.105469976,5465.0,269.0
0.6534041115684921,0.217292016,0.044135492,0.092077828,5465.0,269.0
0.6853305743840288,0.330191503,0.046244284,0.076923657,5465.0,269.0
0.7127262482601067,0.438711694,0.050002168,0.06366728,5465.0,269.0
0.7200047025643382,0.508012068,0.060467411,0.059730486,5465.0,269.0
0.7237109931997139,0.575445393,0.074720054,0.07789596,5465.0,269.0
0.7278784933870592,0.6000932800000001,0.11346489700000001,0.07411825799999999,5465.0,269.0
0.7338053118979152,0.515834838,0.159788433,0.079998083,5465.0,269.0
0.7357489713896437,0.432417948,0.178705769,0.097714902,5465.0,269.0
0.7393184373343745,0.332688047,0.192073546,0.09492338,5465.0,269.0
0.7382097352641676,0.281530297,0.20439909,0.083854543,5465.0,269.0
0.7344258741872924,0.176604536,0.214866687,0.06882766,5465.0,269.0
0.7334705145173346,0.121574095,0.208498961,0.060278496,5465.0,269.0
0.7306843246745321,0.087817519,0.199691986,0.056657083,5465.0,269.0
0.7210999160139206,0.028537804,0.180698772,0.0426510835,5465.0,269.0
0.6451051272398793,0.0,0.133139328,0.025747731,5465.0,269.0
0.6195053083904183,0.0,0.12577099149999998,0.0377523335,5465.0,269.0
0.6084540918680231,0.001362061,0.10430116049999999,0.0447787925,5465.0,269.0
0.6125892674137741,0.0274014145,0.074123919,0.0434822985,5465.0,269.0
0.6232176572037534,0.093317539,0.050383193,0.044154128,5465.0,269.0
0.653561050934241,0.170203374,0.041768162,0.054986763,5465.0,269.0
0.6845497122750681,0.231179106,0.043003406,0.077338902,5465.0,269.0
0.7120655991074092,0.314041204,0.048021283,0.097987994,5465.0,269.0
0.7196075746261406,0.368010556,0.064067831,0.119204024,5465.0,269.0
0.7221065320280452,0.449993669,0.088697984,0.134997833,5465.0,269.0
0.725094906622295,0.504909354,0.126083306,0.165217388,5465.0,269.0
0.732336870821603,0.5544077965,0.171074848,0.185779036,5465.0,269.0
0.7390779173970706,0.484219767,0.218753307,0.211619281,5465.0,269.0
0.7394849842098846,0.393194156,0.236152913,0.235961756,5465.0,269.0
0.7420767038892674,0.285372921,0.24581107,0.245776199,5465.0,269.0
0.7347416458405236,0.196410011,0.238683562,0.249585562,5465.0,269.0
0.7338460610767392,0.144608649,0.220763402,0.259311183,5465.0,269.0
0.7307918061788644,0.099276407,0.210647194,0.280731749,5465.0,269.0
0.7279922221544213,0.059317876,0.203458698,0.325802759,5465.0,269.0
0.6878680094586772,0.0014650465,0.184171392,0.42136560700000003,5465.0,269.0
0.6396441333650096,0.0,0.184209433,0.615214113,5465.0,269.0
0.6321342461833106,0.001430652,0.1991322285,0.6840822125,5465.0,269.0
0.6520840908817156,0.0241830435,0.192081616,0.64187007,5465.0,269.0
0.727240182988951,0.069339102,0.175445244,0.556362225,5465.0,269.0
0.7741011827720561,0.109399521,0.175118675,0.496860618,5465.0,269.0
0.7907274060820462,0.165724943,0.18657823,0.492346875,5465.0,269.0
0.7941089330646471,0.226177865,0.192971612,0.51763031,5465.0,269.0
0.7968938927154258,0.303013557,0.203032736,0.533789642,5465.0,269.0
0.7996879392189374,0.372244868,0.212385754,0.498310176,5465.0,269.0
0.8064069307709727,0.4202337195,0.2352406295,0.44278307549999996,5465.0,269.0
0.8168934077629607,0.32744783,0.25304724,0.416249439,5465.0,269.0
0.8181373729669338,0.315624612,0.259998383,0.405593233,5465.0,269.0
0.8183080370507659,0.292197006,0.267040328,0.39103961,5465.0,269.0
0.8158799295968974,0.262887308,0.259111757,0.361005982,5465.0,269.0
0.8084621421700697,0.184731236,0.229755657,0.32856812,5465.0,269.0
0.7998299224319608,0.134859442,0.207488457,0.306394086,5465.0,269.0
0.7891862223430672,0.107106577,0.194720143,0.276258003,5465.0,269.0
0.7406166401306931,0.0365800185,0.18411236250000002,0.23906257050000002,5465.0,269.0
0.6650752046621179,0.0,0.142293055,0.188588162,5465.0,269.0
0.6449726566834277,0.0,0.1332272085,0.2595874875,5465.0,269.0
0.6377574325923943,0.001574165,0.11066234050000001,0.2992746465,5465.0,269.0
0.6559050569524232,0.0396792665,0.098375674,0.337191485,5465.0,269.0
0.7321411226253586,0.118053464,0.082227057,0.317685642,5465.0,269.0
0.7798289874860228,0.209482666,0.072541651,0.290635218,5465.0,269.0
0.7939640152016277,0.335899693,0.091586096,0.317176124,5465.0,269.0
0.7956470877146463,0.44345536,0.141679989,0.357591492,5465.0,269.0
0.798699923128324,0.496985714,0.239172784,0.407468271,5465.0,269.0
0.7996879392189374,0.492108924,0.24346447,0.44146371,5465.0,269.0
0.8043033974706026,0.45965851449999995,0.3382165125,0.4532867735,5465.0,269.0
0.8111193167634447,0.440889919,0.365863021,0.371645985,5465.0,269.0
0.8137972207137296,0.396348095,0.354889417,0.291421409,5465.0,269.0
0.8151698225827833,0.341248652,0.335503748,0.232986707,5465.0,269.0
0.808298955748394,0.27541832,0.280611861,0.189906059,5465.0,269.0
0.8035994905000263,0.189684106,0.208727018,0.14277198,5465.0,269.0
0.7980649725627416,0.139399811,0.138638497,0.100883801,5465.0,269.0
0.7891862223430672,0.080683516,0.112496407,0.065062071,5465.0,269.0
0.7407083851180662,0.022365582,0.11289647750000001,0.0376478,5465.0,269.0
0.6675983467279567,0.0,0.123274718,0.029364364,5465.0,269.0
0.6464073766223851,0.0,0.100103267,0.052124835,5465.0,269.0
0.6394052462280283,0.0006261805,0.103157596,0.054877839,5465.0,269.0
0.6569857406744279,0.018856683,0.111800373,0.0364911185,5465.0,269.0
0.7302232093544431,0.060968124,0.093533789,0.025228997,5465.0,269.0
0.7757233918453528,0.111049973,0.075877466,0.029272107,5465.0,269.0
0.790466866322828,0.199612423,0.097805069,0.051556144,5465.0,269.0
0.7941821017382555,0.268247141,0.111737025,0.068542416,5465.0,269.0
0.795434491065252,0.309496063,0.133426894,0.065868248,5465.0,269.0
0.7996879392189374,0.360653908,0.128552779,0.041923872,5465.0,269.0
0.8068427728935794,0.365901087,0.1670009555,0.061668305500000006,5465.0,269.0
0.8142589511298307,0.381011164,0.200333704,0.072232858,5465.0,269.0
0.8134478465931824,0.360105501,0.224799438,0.057330454,5465.0,269.0
0.8112563779657548,0.317953373,0.235776455,0.042340955,5465.0,269.0
0.8072001925528035,0.289942713,0.240705106,0.042224374,5465.0,269.0
0.798635841307449,0.233084297,0.223773824,0.048258145,5465.0,269.0
0.7944110740245725,0.145656343,0.200875816,0.054458161,5465.0,269.0
0.7864262045249163,0.089462057,0.184077386,0.055636654,5465.0,269.0
0.7526485131302744,0.043557609,0.171003053,0.045128967,5465.0,269.0
0.716238825900756,0.00112095,0.155910701,0.050236825,5465.0,269.0
0.6544934093270027,0.0,0.145486267,0.062568312,5465.0,269.0
0.6363498553700102,0.0,0.13961232,0.0767952515,5465.0,269.0
0.6336468675834505,0.0021610136666666666,0.12194584733333332,0.07248226366666667,5465.0,269.0
0.6665310565662836,0.047347716,0.102009866,0.065860744,5465.0,269.0
0.7228304586134326,0.11145233,0.090040458,0.072526753,5465.0,269.0
0.7730682050269009,0.203036687,0.075021993,0.080665757,5465.0,269.0
0.7900416730240394,0.367756641,0.070491235,0.083553223,5465.0,269.0
0.7941873078943318,0.515633974,0.075474596,0.081686767,5465.0,269.0
0.8021291090753858,0.648429239,0.083046065,0.079053584,5465.0,269.0
0.8126221649023614,0.719223485,0.070098838,0.086240744,5465.0,269.0
0.8331199478975156,0.767858213,0.086383602,0.103392155,5465.0,269.0
0.8450069504606724,0.7538146225,0.1127726535,0.144989869,5465.0,269.0
0.8530436437668092,0.702045505,0.134154683,0.196945117,5465.0,269.0
0.8567290629725935,0.636441326,0.135892078,0.231550305,5465.0,269.0
0.8576308475728129,0.521059716,0.131932563,0.266474077,5465.0,269.0
0.8471438499237968,0.414089277,0.135232968,0.300820933,5465.0,269.0
0.8357497666652953,0.297564157,0.14590135,0.342538224,5465.0,269.0
0.8138607346580846,0.190248628,0.162183919,0.369809842,5465.0,269.0
0.7649751917074089,0.105084794,0.181718513,0.36145683,5465.0,269.0
0.7260466221072615,0.003360776,0.191461464,0.316414447,5465.0,269.0
0.667926186689203,0.0,0.196071049,0.302478347,5465.0,269.0
0.6438121544164863,0.0,0.202360752,0.352311123,5465.0,269.0
0.6370640639216502,0.010625399,0.2253948796666667,0.3936897736666667,5465.0,269.0
0.6710319344429096,0.109079229,0.225222612,0.45350555,5465.0,269.0
0.7351978859551852,0.215513428,0.211393685,0.475835407,5465.0,269.0
0.7836284666169211,0.324723499,0.184149196,0.482432925,5465.0,269.0
0.8071077140064825,0.484827406,0.178554692,0.474537416,5465.0,269.0
0.8372688955879448,0.621736529,0.223605072,0.447150463,5465.0,269.0
0.8714734839109357,0.744499068,0.280169274,0.405995233,5465.0,269.0
0.8909454835061403,0.819997388,0.326665199,0.336093866,5465.0,269.0
0.9019571576390922,0.857538075,0.343573411,0.248833307,5465.0,269.0
0.9039025686011819,0.818544793,0.352710113,0.1661786035,5465.0,269.0
0.9012841556188105,0.727903633,0.346907627,0.14717692,5465.0,269.0
0.8998410351665758,0.651286088,0.333186184,0.160605863,5465.0,269.0
0.8958832916247153,0.54839384,0.307337638,0.172494445,5465.0,269.0
0.8891806280759046,0.433197736,0.28119175,0.190775113,5465.0,269.0
0.879545152777506,0.293686403,0.256979284,0.200520942,5465.0,269.0
0.8622918827821348,0.185613693,0.271037116,0.207750154,5465.0,269.0
0.8037022865053104,0.093473046,0.317339624,0.224066186,5465.0,269.0
0.7678468082382139,0.002811952,0.364313046,0.247003564,5465.0,269.0
0.6761219015749953,0.0,0.425443144,0.29151489,5465.0,269.0
0.6613855733948218,0.0,0.448644033,0.339084709,5465.0,269.0
0.6529496699365805,0.0,0.453257342,0.374250216,5465.0,269.0
0.6468899548583315,0.0032640095,0.4426416735,0.4383099205,5465.0,269.0
0.6441532224627398,0.032913604,0.411716611,0.518676163,5465.0,269.0
0.6475774863990881,0.114565097,0.386914863,0.537338074,5465.0,269.0
0.6573060081203277,0.217844482,0.36656338,0.546896817,5465.0,269.0
0.6905778594662101,0.315210086,0.338855189,0.549461022,5465.0,269.0
0.7284963585736207,0.46112067,0.367511132,0.549836732,5465.0,269.0
0.7703106956407014,0.581372412,0.445047763,0.553003466,5465.0,269.0
0.7855413158044418,0.673555983,0.534147335,0.556218585,5465.0,269.0
0.787872354066131,0.726570397,0.602234889,0.591550358,5465.0,269.0
0.787326379934559,0.749481135,0.610805668,0.497129512,5465.0,269.0
0.788203175482659,0.691913571,0.623254749,0.429545799,5465.0,269.0
0.7890520477428495,0.592297323,0.631201202,0.408022892,5465.0,269.0
0.7923738942582605,0.494827639,0.6386707,0.412815546,5465.0,269.0
0.7958352636026474,0.424957338,0.635206934,0.437221403,5465.0,269.0
0.7965875869134807,0.32921439,0.644381454,0.478081245,5465.0,269.0
0.786221558975215,0.259902374,0.657501091,0.575512549,5465.0,269.0
0.7708314442084887,0.153138422,0.656585177,0.680532439,5465.0,269.0
0.758750586577924,0.107520754,0.650881063,0.769145065,5465.0,269.0
0.7453289312699751,0.028329207000000002,0.650616061,0.802612085,5465.0,269.0
0.6589991143611523,0.0,0.6496087534999999,0.7587127465,5465.0,269.0
0.6369190670833403,0.0,0.643227204,0.702723459,5465.0,269.0
0.6249557721115087,0.0028194815,0.6354447830000001,0.7403132785,5465.0,269.0
0.6219940665891924,0.0454194175,0.6067093834999999,0.764397609,5465.0,269.0
0.6322666457034214,0.099496569,0.599524369,0.77278625,5465.0,269.0
0.6597123449032299,0.159555899,0.581606501,0.812020802,5465.0,269.0
0.687928636386734,0.255924905,0.58598081,0.83037582,5465.0,269.0
0.7158992962158416,0.362484902,0.591148272,0.823969876,5465.0,269.0
0.7282072800162752,0.480931762,0.597038587,0.798561676,5465.0,269.0
0.7351318163593867,0.545997286,0.531965992,0.661647963,5465.0,269.0
0.7407801104906285,0.578290809,0.535400283,0.646342004,5465.0,269.0
0.7469103437378528,0.5341693685,0.5246121619999999,0.6492251505,5465.0,269.0
0.751655717101629,0.503605946,0.492780703,0.619108726,5465.0,269.0
0.7564788501990782,0.45860671,0.484426351,0.575466598,5465.0,269.0
0.7580923982234801,0.378488664,0.471573085,0.521416823,5465.0,269.0
0.7527946615995237,0.274775506,0.459892764,0.525509595,5465.0,269.0
0.7498100732629469,0.193823092,0.422202328,0.46733196,5465.0,269.0
0.7414237689103916,0.127926455,0.416944068,0.362773866,5465.0,269.0
0.7253113129320055,0.0233161595,0.4281212785,0.290109454,5465.0,269.0
0.6559631280219336,0.0,0.41580570650000004,0.26755378949999997,5465.0,269.0
0.640992432659468,0.001102585,0.421491754,0.225652508,5465.0,269.0
0.6470060501920665,0.011824235,0.441447748,0.308421142,5465.0,269.0
0.6752869913729657,0.046149666,0.455010407,0.394125396,5465.0,269.0
0.7325828336337514,0.09417294,0.465960661,0.461315529,5465.0,269.0
0.7783220689440699,0.171649192,0.45003106,0.508308465,5465.0,269.0
0.7936277983368499,0.236504646,0.481292056,0.518867923,5465.0,269.0
0.7945329906103957,0.326699814,0.523168663,0.48997481,5465.0,269.0
0.798699923128324,0.425871777,0.572478766,0.457269455,5465.0,269.0
0.8007813069662784,0.490364984,0.578315081,0.45213225,5465.0,269.0
0.8063284138686067,0.534658375,0.586553022,0.406911857,5465.0,269.0
0.812460398379089,0.5993338775,0.5597605245,0.3261770385,5465.0,269.0
0.8154551148824555,0.549542842,0.517292929,0.233305975,5465.0,269.0
0.8074767765840892,0.477399194,0.466796036,0.214172143,5465.0,269.0
0.808538529224831,0.390951334,0.393030486,0.239517383,5465.0,269.0
0.8067311737667192,0.296435883,0.339467342,0.223126481,5465.0,269.0
0.8018284828670535,0.192733475,0.303589969,0.186860307,5465.0,269.0
0.7916763766233957,0.128294879,0.278925943,0.146314734,5465.0,269.0
0.7600131985106939,0.040618303,0.252478348,0.117905046,5465.0,269.0
0.7262201259879001,0.0,0.231840256,0.109073791,5465.0,269.0
0.663119855032515,0.0,0.215506559,0.0971165625,5465.0,269.0
0.6492776917177226,0.0,0.201723676,0.093643383,5465.0,269.0
0.6500717346921987,0.001263041,0.227233674,0.1606994655,5465.0,269.0
0.668690436649576,0.039470896,0.261493857,0.2768211685,5465.0,269.0
0.7399512580523523,0.12884621,0.270965446,0.314017816,5465.0,269.0
0.7826019256340719,0.207075295,0.255591468,0.290704704,5465.0,269.0
0.7944872717871605,0.270946628,0.274637545,0.268624796,5465.0,269.0
0.7978702658876566,0.370651214,0.344964404,0.259309306,5465.0,269.0
0.8021467149043321,0.426243972,0.420395356,0.29034928,5465.0,269.0
0.8118836611628014,0.457563231,0.407849692,0.298615437,5465.0,269.0
0.8156852229218126,0.4726807685,0.4452651915,0.2384195365,5465.0,269.0
0.814183510535936,0.441384603,0.440658307,0.198268031,5465.0,269.0
0.8123363047261691,0.373433312,0.417676138,0.186882528,5465.0,269.0
0.807271563157868,0.309163177,0.394794086,0.195329528,5465.0,269.0
0.8020198763077955,0.244600874,0.36847036,0.188102602,5465.0,269.0
0.7947264666792507,0.178572597,0.342051767,0.245963836,5465.0,269.0
0.7917914306430742,0.116776707,0.344631097,0.364517779,5465.0,269.0
0.7854560784086123,0.07500893,0.337949914,0.440698407,5465.0,269.0
0.7368794443379199,0.010929939,0.34760498,0.514560269,5465.0,269.0
0.6578338557659249,0.0,0.317294654,0.500864743,5465.0,269.0
0.6401987683383731,0.0,0.280867657,0.492304432,5215.5,256.5
0.6342434822728336,0.0014738695,0.2808848855,0.49823007,4966.0,244.0
0.6532863600317917,0.0360585195,0.2539939275,0.48228222249999997,4966.0,244.0
0.7273821662019744,0.099800428,0.22535843,0.447857862,4966.0,244.0
0.7678641303360033,0.171725808,0.20065971,0.41939704,4966.0,244.0
0.7769938132193401,0.321724357,0.189194538,0.37209025,4966.0,244.0
0.7721701122453711,0.423132627,0.210116773,0.395564565,4966.0,244.0
0.772599991043208,0.526484623,0.237599971,0.480092469,4966.0,244.0
0.7741693345817614,0.599327134,0.209386153,0.428684058,4966.0,244.0
0.77785264775679,0.5527690350000001,0.2247330395,0.41619611850000005,4966.0,244.0
0.783245300322678,0.452299505,0.227202077,0.344358872,4966.0,244.0
0.7815480292398337,0.38750524,0.209741892,0.297456972,4966.0,244.0
0.7789506771863299,0.341019833,0.187205973,0.291900342,4966.0,244.0
0.7790031165030284,0.318342685,0.178519812,0.287043678,4966.0,244.0
0.7751334501538037,0.247358429,0.158202218,0.267650445,4966.0,244.0
0.770519979469959,0.174433857,0.142884919,0.243251566,4966.0,244.0
0.7617361213753675,0.113480049,0.149244529,0.237726774,4966.0,244.0
0.719602699627816,0.013901506,0.13942627400000002,0.21068141099999999,4966.0,244.0
0.6552553877812953,0.0,0.095369635,0.16207866,4966.0,244.0
0.6369618990973804,0.0,0.0996171995,0.16429459899999999,4966.0,244.0
0.6345797308934099,0.002249693,0.077621973,0.13654534766666668,4966.0,244.0
0.6682120468653953,0.052732813,0.070292039,0.137482775,4966.0,244.0
0.7273821662019744,0.102568345,0.068999424,0.123809128,4966.0,244.0
0.7680407577446055,0.178880829,0.059401675,0.121861782,4966.0,244.0
0.7763382749553233,0.226575392,0.056023943,0.138717186,4966.0,244.0
0.7701733502930284,0.293351548,0.067304282,0.169391597,4966.0,244.0
0.7701325538947126,0.329296051,0.094588463,0.213619582,4966.0,244.0
0.7714276329559646,0.33250956,0.105366309,0.234492122,4966.0,244.0
0.77217044319602,0.377913343,0.14403745,0.239133686,4966.0,244.0
0.7720331927015366,0.359553235,0.170492563,0.271831163,4966.0,244.0
0.7728893533317104,0.335827224,0.198311377,0.345828482,4966.0,244.0
0.7714716949549253,0.256398474,0.205980744,0.396902798,4966.0,244.0
0.7708918818443721,0.226981986,0.204968964,0.37639452,4966.0,244.0
0.7693136875505445,0.166205771,0.195036957,0.332084537,4966.0,244.0
0.7684324430150616,0.127747034,0.187701396,0.312209705,4966.0,244.0
0.7666132553463938,0.100903884,0.170797203,0.276869067,4966.0,244.0
0.7607771647399099,0.053962608,0.162366319,0.265893935,4966.0,244.0
0.7207115437707043,0.0071549245,0.14730563800000002,0.266224483,4966.0,244.0
0.6501822214686617,0.0,0.115531644,0.216519141,4966.0,244.0
0.6357825048226151,0.0,0.10071950733333335,0.23700972966666667,4966.0,244.0
0.6549730769369051,0.0107720885,0.0777335005,0.2497729085,4966.0,244.0
0.7290804785988753,0.064164316,0.063729389,0.273953858,4966.0,244.0
0.7683477262762604,0.121626179,0.059852175,0.280910669,4966.0,244.0
0.7768122161663269,0.184558119,0.067093941,0.287510193,4966.0,244.0
0.77122573234988,0.23197438,0.074349332,0.311102049,4966.0,244.0
0.7701325538947126,0.258056426,0.086393658,0.341534888,4966.0,244.0
0.7719583672036539,0.23551086,0.102665552,0.368928923,4966.0,244.0
0.7729239026740994,0.286473964,0.122326956,0.347102973,4966.0,244.0
0.7733706537419351,0.2446095815,0.13747364750000002,0.29315511250000004,4966.0,244.0
0.7728922875675004,0.233063626,0.144200232,0.213412854,4966.0,244.0
0.7712651092639987,0.188349889,0.140951712,0.177553552,4966.0,244.0
0.7686742884117849,0.163787028,0.12044918,0.149788318,4966.0,244.0
0.7672928834211552,0.114822624,0.102758062,0.146752056,4966.0,244.0
0.7657018160169212,0.082957364,0.09257223,0.152706505,4966.0,244.0
0.7594865346660408,0.052935824,0.093187552,0.169135645,4966.0,244.0
0.7199166489814481,0.007331687,0.119013476,0.1819048055,4966.0,244.0
0.6329852953034947,0.0,0.138939974,0.14469889,4966.0,244.0
0.6111061783540515,0.0,0.1479399275,0.12869133,4966.0,244.0
0.607613975302814,0.0011802715,0.149505259,0.141087892,4966.0,244.0
0.6182733646891745,0.0382558925,0.159320722,0.1618135645,4966.0,244.0
0.6491076903636002,0.099304196,0.150878958,0.164588405,4966.0,244.0
0.6738997174965498,0.217931538,0.157376248,0.164933774,4966.0,244.0
0.6932440260591286,0.318231991,0.160660776,0.167318178,4966.0,244.0
0.6990574943869693,0.394374059,0.177101017,0.173841436,4966.0,244.0
0.700692055913644,0.453775665,0.167334539,0.180630804,4966.0,244.0
0.7009556247618419,0.473456258,0.205046349,0.206831932,4966.0,244.0
0.7018545223457631,0.49647011249999995,0.2449776175,0.2532850205,4966.0,244.0
0.7023126085768723,0.470775794,0.247762214,0.256578675,4966.0,244.0
0.7037759853626865,0.400792156,0.239039934,0.249528367,4966.0,244.0
0.7063127577076252,0.335569339,0.239869462,0.254112537,4966.0,244.0
0.7052022571546684,0.250530304,0.232963029,0.252916238,4966.0,244.0
0.7047144491528997,0.147250897,0.223795373,0.25395876,4966.0,244.0
0.7025895711925046,0.067720199,0.209974773,0.268728251,4966.0,244.0
0.6947085390121891,0.0053256925,0.20839257449999998,0.286434469,4966.0,244.0
0.6277136836918007,0.0,0.2153424595,0.294152305,4966.0,244.0
0.6068427917399555,0.0,0.2645816685,0.4060942495,4966.0,244.0
0.6044685907206806,0.0025252585,0.29779496250000004,0.455452676,4966.0,244.0
0.6152078458714697,0.042181324,0.3175512545,0.482090132,4966.0,244.0
0.6443373751671964,0.123338011,0.324399582,0.532404009,4966.0,244.0
0.6692862940321969,0.212631218,0.357008436,0.548964159,4966.0,244.0
0.6923418628745627,0.309769476,0.38059081,0.563641045,4966.0,244.0
0.698019500192117,0.401215728,0.400052381,0.589204813,4966.0,244.0
0.698459649229425,0.453725617,0.3858971,0.544652164,4966.0,244.0
0.6990579676174027,0.47769509450000003,0.441343355,0.5380740605000001,4966.0,244.0
0.6999251082291463,0.484563466,0.506636687,0.490090174,4966.0,244.0
0.6998861103135804,0.415358548,0.546054253,0.391083766,4966.0,244.0
0.7019872770475776,0.364211304,0.554207391,0.338192575,4966.0,244.0
0.7034699637061045,0.276852727,0.541708348,0.310238365,4966.0,244.0
0.7025604172983655,0.210526095,0.508796946,0.299145064,4966.0,244.0
0.7028460881823844,0.133411784,0.468320968,0.324953372,4966.0,244.0
0.696859115973905,0.081618161,0.428957549,0.365880983,4966.0,244.0
0.688268663326034,0.0045386175,0.3886876725,0.3411187015,4966.0,244.0
0.6464494272366768,0.0,0.3764854335,0.3596800875,4966.0,244.0
0.6326263374900347,0.0,0.32656147950000003,0.300861082,4966.0,244.0
0.6351098184963919,0.0014220275,0.252679598,0.23100253199999998,4966.0,244.0
0.6676116456422017,0.019280408,0.206590448,0.204055864,4966.0,244.0
0.7262979801605566,0.075196748,0.182481126,0.185923914,4966.0,244.0
0.7646964306090265,0.134892718,0.184872669,0.174464798,4966.0,244.0
0.7725740078965239,0.171056274,0.189767913,0.154196108,4966.0,244.0
0.7664514416036297,0.232660911,0.182571042,0.145311576,4966.0,244.0
0.7660804388847976,0.27030221,0.165279289,0.140083321,4966.0,244.0
0.7682164386923409,0.347277324,0.135731244,0.126293535,4966.0,244.0
0.7698239761724811,0.300092944,0.15112317,0.137653864,4966.0,244.0
0.7691313333288379,0.267600751,0.1654518475,0.13878337400000001,4966.0,244.0
0.7675284813477457,0.272967298,0.170905467,0.156053308,4966.0,244.0
0.7653965515290326,0.233658708,0.171154168,0.159444189,4966.0,244.0
0.7628824490964351,0.174806034,0.15496707,0.155139429,4966.0,244.0
0.7625689021439986,0.145063416,0.14540702,0.148060227,4966.0,244.0
0.7607074981786117,0.110321531,0.133666667,0.145218559,4966.0,244.0
0.7535360051358901,0.068395304,0.131411623,0.141500854,4966.0,244.0
0.7128887721591756,0.0044369225,0.1205093285,0.1265012815,4966.0,244.0
0.6466825641579106,0.0,0.10199038099999999,0.112638884,4966.0,244.0
0.6330952378131836,0.0,0.10013130349999999,0.1357135935,4966.0,244.0
0.6355623199870781,0.0016937075,0.0914947075,0.1732404735,4966.0,244.0
0.6680991226933215,0.027752305,0.083677684,0.165783693,4966.0,244.0
0.7258645516167117,0.075722841,0.080706379,0.153315854,4966.0,244.0
0.7664720293020638,0.145520099,0.076328749,0.13615072,4966.0,244.0
0.7763382749553233,0.23856536,0.085539912,0.133367639,4966.0,244.0
0.7707901267389385,0.324872874,0.106799018,0.131310843,4966.0,244.0
0.7718465315651284,0.423244017,0.147304649,0.139481676,4966.0,244.0
0.7722624014995187,0.484372839,0.163600199,0.124561238,4966.0,244.0
0.7762723946516983,0.4540912975,0.2521052705,0.20927321450000003,4966.0,244.0
0.7806204507851036,0.451237202,0.299570007,0.253420302,4966.0,244.0
0.778784935113211,0.397739401,0.303958024,0.249478641,4966.0,244.0
0.7739611869197501,0.343496978,0.282849154,0.215265965,4966.0,244.0
0.7717288746745147,0.306779599,0.251928894,0.172782113,4966.0,244.0
0.7692234805103039,0.238793667,0.223754951,0.170909578,4966.0,244.0
0.7673995601230961,0.155280842,0.210078204,0.18547399,4966.0,244.0
0.7608078806051338,0.107881353,0.222588004,0.185574649,4966.0,244.0
0.7205994950231567,0.004729613,0.23126832749999998,0.18451574850000002,4966.0,244.0
0.6581195266499439,0.0,0.24995504,0.20464115,4966.0,244.0
0.6403583577945489,0.0,0.269599074,0.2845558355,4966.0,244.0
0.6353669269725375,0.0,0.250949171,0.30674756400000003,4966.0,244.0
0.6410149131415672,0.004559446,0.242539283,0.319818048,4966.0,244.0
0.6706961906014621,0.027348541,0.245691537,0.346624925,4966.0,244.0
0.7290804785988753,0.084101446,0.246617592,0.333214077,4966.0,244.0
0.7710567718956078,0.141584309,0.236412372,0.301235315,4966.0,244.0
0.779911337865554,0.244112169,0.238084216,0.29384458,4966.0,244.0
0.7721701122453711,0.30710558,0.283540481,0.276843555,4966.0,244.0
0.7705529196217714,0.346921468,0.32989646,0.26177048,4966.0,244.0
0.770766936169569,0.365329683,0.361839177,0.204609018,4966.0,244.0
0.771751544586856,0.354009192,0.386801474,0.172830909,4966.0,244.0
0.7707184724027172,0.323057293,0.403049805,0.153823293,4966.0,244.0
0.7726812528891909,0.294433162,0.422328849,0.142569317,4966.0,244.0
0.7695202736556771,0.253042204,0.412885797,0.155737175,4966.0,244.0
0.7684450796138028,0.21881248,0.385344097,0.196243486,4966.0,244.0
0.7650644518725768,0.19152031,0.368199161,0.243454325,4966.0,244.0
0.7643253330370048,0.128830623,0.354994649,0.252854933,4966.0,244.0
0.7615102258117283,0.081841613,0.355056168,0.245658283,4966.0,244.0
0.7551966914677245,0.028083318,0.352338721,0.245823819,4966.0,244.0
0.7169832455384911,0.0016495385,0.33800502099999996,0.28201138049999996,4966.0,244.0
0.6464415709901734,0.0,0.329676375,0.3549113525,4966.0,244.0
0.6339304087579333,0.0,0.307929306,0.342294558,4966.0,244.0
0.6326310700014717,0.0,0.2785828125,0.327634019,4966.0,244.0
0.6535241352325819,0.006203597,0.254233233,0.511615716,4966.0,244.0
0.7258645516167117,0.064642565,0.241969806,0.582177585,4966.0,244.0
0.7664720293020638,0.104887289,0.219223969,0.625593613,4966.0,244.0
0.7765585389732537,0.188973182,0.215884748,0.641575425,4966.0,244.0
0.7701378544897726,0.252678577,0.254791534,0.649339562,4966.0,244.0
0.7701325538947126,0.364230554,0.316960465,0.670523193,4966.0,244.0
0.7709031457642019,0.431284049,0.306225862,0.660681978,4966.0,244.0
0.7723276192805371,0.405966014,0.35006616599999996,0.6730071485,4966.0,244.0
0.7732291199424963,0.418894016,0.364039881,0.629972541,4966.0,244.0
0.7712542235143095,0.356311933,0.341512394,0.565030282,4966.0,244.0
0.769886922240316,0.323524439,0.322741784,0.537854083,4966.0,244.0
0.7667308650175156,0.277650622,0.3008262,0.441940686,4966.0,244.0
0.7648629298508389,0.205074439,0.246617227,0.36949241,4966.0,244.0
0.7613709871281157,0.141480045,0.201116242,0.310106143,4966.0,244.0
0.7551916750180275,0.055180724,0.167948628,0.247913682,4966.0,244.0
0.7256312256104076,0.004981715,0.150682098,0.214032162,4966.0,244.0
0.6993896412629169,0.0,0.130957137,0.178320197,4966.0,244.0
0.6531800617070946,0.0,0.125576349,0.18040226,4966.0,244.0
0.636637608467936,0.0,0.1360401345,0.157353714,4966.0,244.0
0.6342409581010514,0.0009156250000000001,0.16946029166666668,0.14290171799999998,4966.0,244.0
0.6681232597235578,0.009844434,0.240411604,0.188458696,4966.0,244.0
0.7262319105647581,0.020614237,0.274673236,0.234080077,4966.0,244.0
0.7646964306090265,0.032895076,0.301223437,0.295604881,4966.0,244.0
0.7728342162908871,0.060612753,0.312007489,0.351117665,4966.0,244.0
0.7666372507181546,0.072084152,0.325297104,0.39393115,4966.0,244.0
0.7660012120332298,0.076943244,0.340898919,0.451879677,4966.0,244.0
0.7669662264324408,0.094019717,0.39654914,0.470794423,4966.0,244.0
0.7686481636066255,0.091545152,0.428229728,0.576277907,4966.0,244.0
0.7660695531351084,0.095361345,0.459168244,0.660254802,4966.0,244.0
0.7665285858270845,0.079915706,0.497236984,0.710557235,4966.0,244.0
0.7637805895116627,0.092866124,0.55093957,0.744911704,4966.0,244.0
0.7615363978363796,0.082783229,0.591964433,0.756674358,4966.0,244.0
0.75915410364473,0.075802826,0.620799154,0.778565418,4966.0,244.0
0.7551664490400368,0.064553859,0.639635652,0.801754798,4966.0,244.0
0.7542162955261552,0.038386627,0.653206036,0.800237521,4966.0,244.0
0.7473894906907269,0.023183526,0.668643779,0.76658098,4966.0,244.0
0.7100190483430009,0.0007292925,0.6647974194999999,0.696846875,4966.0,244.0
0.6281650730391928,0.0,0.635525355,0.657208029,4966.0,244.0
0.6063204343957979,0.0,0.5886058345,0.552428138,4966.0,244.0
0.6036295152624249,0.000631511,0.5045570075,0.4430264345,4966.0,244.0
0.6148655710358354,0.035180381,0.41804208200000004,0.4699431725,4966.0,244.0
0.645963133986501,0.11071803,0.348232274,0.510978816,4966.0,244.0
0.6672822441240769,0.243591727,0.345083507,0.498939718,4966.0,244.0
0.6892578862060282,0.308602387,0.355513117,0.504764408,4966.0,244.0
0.6959670809561287,0.379316941,0.353856932,0.581471872,4966.0,244.0
0.696935976466203,0.437636516,0.296167522,0.636849638,4966.0,244.0
0.6987493901022742,0.4282679,0.305945859,0.66292272,4966.0,244.0
0.6993054921935327,0.42764521899999997,0.32398755199999996,0.6733709605,4966.0,244.0
0.7001564940942251,0.419049353,0.32650418,0.655609459,4966.0,244.0
0.6998457869385949,0.35646502,0.330281088,0.644038256,4966.0,244.0
0.700483198302431,0.281539051,0.337680672,0.625381672,4966.0,244.0
0.6990847553593751,0.217205906,0.347462305,0.597558499,4966.0,244.0
0.6977308002191184,0.126401819,0.330150944,0.569182157,4966.0,244.0
0.6927007024321898,0.078838984,0.313339094,0.545069115,4966.0,244.0
0.6888236058474033,0.0013622985,0.3099334645,0.507849478,4966.0,244.0
0.6287839080892639,0.0,0.29634521150000004,0.4938006195,4966.0,244.0
0.6059267851672674,0.0,0.30942228699999996,0.45493289400000003,4966.0,244.0
0.6033859662361414,0.0,0.31370023,0.4612042905,4966.0,244.0
0.6149712066308228,0.0295737765,0.2873146545,0.424249237,4966.0,244.0
0.6467582886900652,0.109366424,0.272955625,0.372611324,4966.0,244.0
0.6708911337882122,0.205773485,0.289206485,0.358913036,4966.0,244.0
0.6983176656021957,0.265094729,0.300560128,0.35357566,4966.0,244.0
0.6983311538086139,0.29499682,0.29683984,0.35984084,4966.0,244.0
0.6957477638132711,0.320112277,0.267295036,0.451755301,4966.0,244.0
0.6953577821723753,0.340868619,0.266744149,0.436965012,4966.0,244.0
0.6965927549625988,0.33141404399999996,0.2816065035,0.4746719355,4966.0,244.0
0.6980974015842653,0.306964214,0.309887613,0.522016788,4966.0,244.0
0.7008715231190524,0.291086513,0.309983408,0.52881383,4966.0,244.0
0.7018748258988342,0.239152424,0.315033296,0.527289455,4966.0,244.0
0.7009333806533391,0.194165729,0.308801607,0.535487726,4966.0,244.0
0.6983588405848583,0.128481217,0.295133443,0.567777622,4966.0,244.0
0.6935944887132242,0.070689014,0.280789996,0.571184878,4966.0,244.0
0.6942407270154856,0.001032253,0.261948531,0.5530057855,4966.0,244.0
0.6466459326016145,0.0,0.2361274705,0.5250032055,4966.0,244.0
0.6315101732903988,0.0,0.21232282433333335,0.45146726433333334,4966.0,244.0
0.6521993341935675,0.002823193,0.1860478645,0.358660963,4966.0,244.0
0.7280499620661799,0.081776999,0.176291335,0.316646891,4966.0,244.0
0.7662119153466844,0.158256731,0.176986565,0.296843875,4966.0,244.0
0.7738242201564237,0.215757419,0.182816949,0.282819816,4966.0,244.0
0.7665933780113672,0.332410927,0.182284187,0.281252265,4966.0,244.0
0.7688273938861627,0.407785304,0.181687069,0.268481954,4966.0,244.0
0.7702376690397748,0.473056804,0.178751475,0.28713902,4966.0,244.0
0.7715260748270553,0.46513587349999996,0.18700796,0.28370308050000004,4966.0,244.0
0.7722432809189794,0.37930336249999996,0.17499170800000002,0.2664681965,4966.0,244.0
0.7702782289264253,0.279197703,0.172806321,0.25208337,4966.0,244.0
0.7681940052916648,0.23959717,0.16310191,0.24030266,4966.0,244.0
0.7664578783659358,0.197486,0.143632732,0.2271334,4966.0,244.0
0.7624180681757011,0.136482631,0.140174597,0.216777501,4966.0,244.0
0.7534257310542434,0.080908413,0.121858317,0.194489137,4966.0,244.0
0.7103263480324076,0.0009638175,0.0866668505,0.169459979,4966.0,244.0
0.6536410349545022,0.0,0.050478865,0.138367469,4966.0,244.0
0.6359713271482206,0.0,0.048660918,0.119374097,4966.0,244.0
0.6309438324393304,0.0,0.048942348,0.10071515049999999,4966.0,244.0
0.6515727371288736,0.00522723,0.051808186,0.068390368,4966.0,244.0
0.7267235520436919,0.101665525,0.053515415,0.044091974,4966.0,244.0
0.7654482332628316,0.194075856,0.042754509,0.037748461,4966.0,244.0
0.772546179047598,0.274893744,0.033726274,0.037846251,4966.0,244.0
0.7685680847331745,0.389988082,0.041990318,0.034243016,4966.0,244.0
0.7691404678152689,0.489697,0.059497418,0.027088931,4966.0,244.0
0.7700251196098722,0.555827824,0.081888959,0.023675629,4966.0,244.0
0.7713624626015412,0.572464495,0.100740684,0.02416616,4966.0,244.0
0.7710482529193947,0.490676023,0.0964147845,0.034147001999999996,4966.0,244.0
0.770703138079851,0.369820688,0.095536547,0.053218386,4966.0,244.0
0.7684237819661669,0.339320728,0.100743342,0.069017939,4966.0,244.0
0.7645755081177679,0.289986052,0.097877863,0.094998285,4966.0,244.0
0.7632512751623767,0.228229256,0.093854499,0.118306645,4966.0,244.0
0.7606373109602852,0.145422894,0.101530318,0.131766757,4966.0,244.0
0.751989567607137,0.077451415,0.10672341,0.145809717,4966.0,244.0
0.710834649086524,0.00085847,0.095426209,0.15001615699999998,4966.0,244.0
0.6462004827621434,0.0,0.060245243000000004,0.13124038300000002,4966.0,244.0
0.6341049181238035,0.000462932,0.089785914,0.1539720335,4966.0,244.0
0.6681232597235578,0.025125516,0.118888097,0.187763514,4966.0,244.0
0.7262250007791216,0.096597776,0.127470323,0.213337781,4966.0,244.0
0.7645037589283569,0.166225481,0.127868057,0.237865848,4966.0,244.0
0.7729852867708497,0.230341922,0.145821938,0.261947102,4966.0,244.0
0.7675477435867604,0.305564917,0.200743908,0.25672286,4966.0,244.0
0.7691728873100531,0.362654329,0.262942852,0.241999232,4966.0,244.0
0.7688273938861627,0.355713997,0.26146531,0.233622526,4966.0,244.0
0.7705944736029869,0.336450986,0.303667781,0.217948544,4966.0,244.0
0.7697519904714047,0.26653734,0.319430573,0.220825967,4966.0,244.0
0.7695962110897512,0.238437872,0.31851215899999996,0.24013788400000002,4966.0,244.0
0.767040957077134,0.199105729,0.305241591,0.273103134,4966.0,244.0
0.7645597003573654,0.151531221,0.285439154,0.252942727,4966.0,244.0
0.7633905134317832,0.109590708,0.276199903,0.275395,4966.0,244.0
0.7611556927545965,0.076151522,0.294342396,0.276066936,4966.0,244.0
0.7558641559670749,0.036742455,0.334680881,0.279079665,4966.0,244.0
0.7177642497201333,0.0,0.392463275,0.3084451185,4966.0,244.0
0.6502180250270265,0.0,0.451974305,0.3769867135,4966.0,244.0
0.6368816624804516,0.0,0.47906567,0.5374219483333333,4966.0,244.0
0.6418909515209738,0.002751075,0.471334483,0.570574367,4966.0,244.0
0.67139399238169,0.014099378,0.477108613,0.557549932,4966.0,244.0
0.7290804785988753,0.035578717,0.503988387,0.572567846,4966.0,244.0
0.7680407577446055,0.055932437,0.536566036,0.561648358,4966.0,244.0
0.775354045122383,0.064267563,0.549550256,0.54246229,4966.0,244.0
0.768995644391233,0.09630194,0.549758265,0.528929349,4966.0,244.0
0.7680360250260656,0.112546632,0.543245481,0.514792473,4966.0,244.0
0.7689227594487817,0.119451597,0.537043822,0.530810734,4966.0,244.0
0.7694784831627967,0.128852202,0.510125087,0.488600129,4966.0,244.0
0.768943962243228,0.128149784,0.479329054,0.397730606,4966.0,244.0
0.7696089659443249,0.106415205,0.461848806,0.316682899,4966.0,244.0
0.7675180690355929,0.08046756,0.447432877,0.259226431,4966.0,244.0
0.7653965515290326,0.055224766,0.448315971,0.199026498,4966.0,244.0
0.7634737630526894,0.04150004,0.454151757,0.17176863,4966.0,244.0
0.7613842864565665,0.02532631,0.435826734,0.159652286,4966.0,244.0
0.7591882744027725,0.011212455,0.425348764,0.151210277,4966.0,244.0
0.7535569237849733,0.00399753,0.403334758,0.139324658,4966.0,244.0
0.7136929903128302,0.0,0.3898592815,0.1387786405,4966.0,244.0
0.6536329890016194,0.0,0.3245612,0.203930382,4966.0,244.0
0.6366569655601406,0.0,0.3218688755,0.262169463,4966.0,244.0
0.6319330789290706,0.0,0.330786425,0.3399647,4966.0,244.0
0.6353908511008546,0.0,0.356422778,0.4642203935,4966.0,244.0
0.6680267111884067,0.00321624,0.368015972,0.513643207,4966.0,244.0
0.7261648468743951,0.052517973,0.367545467,0.652313583,4966.0,244.0
0.7651572617837527,0.104215428,0.389617522,0.728913272,4966.0,244.0
0.772546179047598,0.152663214,0.402206431,0.733935746,4966.0,244.0
0.7664514416036297,0.247619235,0.411430572,0.738056046,4966.0,244.0
0.7661445207056726,0.324053857,0.45988687,0.772019615,4966.0,244.0
0.7660148423123296,0.421446551,0.487462486,0.772453313,4966.0,244.0
0.7664158037276921,0.416404188,0.50594173,0.779623281,4966.0,244.0
0.7684137722623128,0.443430512,0.5148248875,0.7977150639999999,4966.0,244.0
0.7652498351832632,0.409510004,0.517989293,0.803104482,4966.0,244.0
0.7625633646230672,0.345344274,0.515210106,0.82881859,4966.0,244.0
0.7601367242870938,0.283447601,0.486162846,0.856896199,4966.0,244.0
0.7583591378191331,0.195858437,0.429082476,0.869308728,4966.0,244.0
0.7552367783310447,0.12744387,0.388943243,0.881969256,4966.0,244.0
0.7483598537329021,0.069456448,0.395492041,0.887511488,4966.0,244.0
0.7099936807065348,0.0,0.39583242799999996,0.889565683,4966.0,244.0
0.6362112319895123,0.0,0.338689807,0.838084964,4966.0,244.0
0.6147948865631236,0.0,0.3621875075,0.81920059,4966.0,244.0
0.6037588386811672,0.0,0.4248647965,0.810922421,4966.0,244.0
0.6085234270644664,0.0080042715,0.513586532,0.854810367,4966.0,244.0
0.619209083535771,0.056545431,0.577982579,0.893516008,4966.0,244.0
0.6443293768480114,0.104797261,0.615620533,0.887954279,4966.0,244.0
0.6680331475365069,0.143391822,0.67706892,0.878836722,4966.0,244.0
0.6898193835384335,0.180438343,0.728834104,0.873870465,4966.0,244.0
0.696032298530044,0.189371546,0.746209442,0.867447607,4966.0,244.0
0.6954595372778088,0.174794388,0.709162304,0.844873965,4966.0,244.0
0.6949348135743812,0.1673663,0.707317891,0.830303686,4966.0,244.0
0.6954561296044823,0.151737867,0.6584716595,0.8203398755,4966.0,244.0
0.6956619585409217,0.169297463,0.630692207,0.803307662,4966.0,244.0
0.6965089846846643,0.216834531,0.612334246,0.793572869,4966.0,244.0
0.6973740428753981,0.200701937,0.598437026,0.781742599,4966.0,244.0
0.6976435750483656,0.171360059,0.58414785,0.775421634,4966.0,244.0
0.6974880083615282,0.108419185,0.579814192,0.794955141,4966.0,244.0
0.6939410706706631,0.044132386,0.578520438,0.810770564,4966.0,244.0
0.6875072055287696,0.0,0.5994582365000001,0.816018554,4966.0,244.0
0.628062513545574,0.0,0.63525888,0.804648586,4966.0,244.0
0.6067140127950905,0.0,0.5939600345,0.7877701484999999,4966.0,244.0
0.6065241807731585,0.0010355136666666666,0.5370156953333333,0.7830224509999999,4966.0,244.0
0.6192310434989107,0.047407775,0.498777732,0.780709936,4966.0,244.0
0.645565769122432,0.095980284,0.482340137,0.776269339,4966.0,244.0
0.6677789024669135,0.201568166,0.499486555,0.77903227,4966.0,244.0
0.6894458723876499,0.272472155,0.528815053,0.7878778,4966.0,244.0
0.6961992239899009,0.282389935,0.522440517,0.791379809,4966.0,244.0
0.6982727988008437,0.339300691,0.546902865,0.790956457,4966.0,244.0
0.6991679102651602,0.363583493,0.530449102,0.7796522356666666,4966.0,244.0
0.6998861103135804,0.358199672,0.518193862,0.776231496,4966.0,244.0
0.7019872770475776,0.309758916,0.492930379,0.777786815,4966.0,244.0
0.7034699637061045,0.239923538,0.464715609,0.769201595,4966.0,244.0
0.7028199629630187,0.169277215,0.431554424,0.761953855,4966.0,244.0
0.7013722990844172,0.117093196,0.40500523,0.762744378,4966.0,244.0
0.6943092340068948,0.054657278,0.390168491,0.763223796,4966.0,244.0
0.6886980450765885,0.0,0.3798838195,0.7551885355,4966.0,244.0
0.6539209318059247,0.0,0.379940502,0.714561991,4966.0,244.0
0.6356710793171318,0.0,0.33687902950000004,0.650084146,4966.0,244.0
0.6306758624445503,0.0,0.311705442,0.5732055985,4966.0,244.0
0.6518318808065373,0.0012630015,0.3062157075,0.4872442,4966.0,244.0
0.7267439976694448,0.030621602,0.291314306,0.421358968,4966.0,244.0
0.7654311953104053,0.066969137,0.27850319,0.382611208,4966.0,244.0
0.7757426068648757,0.094170871,0.257730898,0.346954196,4966.0,244.0
0.7696833180046713,0.158883351,0.280611912,0.338176727,4966.0,244.0
0.7665639399718648,0.231323432,0.303108957,0.353624007,4966.0,244.0
0.7663983871909191,0.301631782,0.30532451,0.393000345,4966.0,244.0
0.7664073796046688,0.317909475,0.339351552,0.335180786,4966.0,244.0
0.7663661095617134,0.4051813245,0.38885617,0.3603026495,4966.0,244.0
0.7657357026296004,0.420946786,0.406500898,0.421211744,4966.0,244.0
0.7624515289845417,0.333196631,0.421962037,0.423460682,4966.0,244.0
0.7591754957313496,0.276945201,0.435619445,0.40930899,4966.0,244.0
0.7574579683149257,0.213896808,0.413764486,0.403522274,4966.0,244.0
0.7541482377412276,0.132924949,0.36794307,0.411799628,4966.0,244.0
0.748454698638493,0.048028426,0.343077598,0.398389055,4966.0,244.0
0.7128851988034217,0.0,0.3286666285,0.39852744900000003,4966.0,244.0
0.6454742372440809,0.0,0.329657137,0.476741778,4966.0,244.0
0.6309787131465742,0.0,0.30680067200000005,0.4633923725,4966.0,244.0
0.63405459705694,0.0,0.297242689,0.467695144,4966.0,244.0
0.6670617435944812,0.006373243,0.273462729,0.452916,4966.0,244.0
0.7280499620661799,0.0625994,0.259628747,0.398502684,4966.0,244.0
0.7657545862842685,0.138947219,0.221572908,0.334195072,4966.0,244.0
0.7754793693815328,0.232572173,0.223970857,0.302212911,4966.0,244.0
0.7667737916776425,0.341270677,0.247286282,0.314837401,4966.0,244.0
0.7661641143095423,0.404082363,0.237142284,0.326208562,4966.0,244.0
0.7681386793728742,0.478482824,0.198588492,0.345387917,4966.0,244.0
0.7697333909620998,0.493832708,0.213345086,0.327427718,4966.0,244.0
0.7691952732841343,0.47190585500000004,0.2358869005,0.3446916135,4966.0,244.0
0.7676687609312088,0.421392288,0.241111966,0.293269184,4966.0,244.0
0.7658164438185551,0.340724663,0.236249506,0.257181938,4966.0,244.0
0.763052640156937,0.248560187,0.223190465,0.221613604,4966.0,244.0
0.7630057855806616,0.191592971,0.211196366,0.195723755,4966.0,244.0
0.7551180324926767,0.104737856,0.215211462,0.185798615,4966.0,244.0
0.7474897310445675,0.039481316,0.241039179,0.210576035,4966.0,244.0
0.7112776377135355,0.0,0.27847612499999996,0.287098925,4966.0,244.0
0.6531933610355456,0.0,0.353173083,0.34482115,4966.0,244.0
0.6395283930058754,0.0,0.408181398,0.375958846,4966.0,244.0
0.6335949490618489,0.0,0.441406728,0.41554436,4966.0,244.0
0.6318299991926295,0.0,0.450418495,0.453895476,4966.0,244.0
0.6353908511008546,0.0,0.47292001699999997,0.5454914295,4966.0,244.0
0.6681804789782881,0.003538775,0.515760114,0.598486693,4966.0,244.0
0.7260370618169918,0.01778573,0.544824448,0.657267262,4966.0,244.0
0.7646594676878757,0.035848187,0.580343258,0.685957214,4966.0,244.0
0.7727919051409782,0.052109614,0.606624783,0.729279285,4966.0,244.0
0.7687779364389521,0.079232121,0.649028096,0.773651549,4966.0,244.0
0.7691728873100531,0.100363722,0.67004403,0.771843648,4966.0,244.0
0.7689227594487817,0.130397159,0.701175683,0.725796698,4966.0,244.0
0.7695933951097936,0.146541729,0.691615365,0.669398983,4966.0,244.0
0.7692764640937765,0.12524531849999998,0.644500353,0.6247309139999999,4966.0,244.0
0.7673196237365327,0.11021245,0.589544919,0.703850037,4966.0,244.0
0.7657234922489038,0.09736215,0.55939681,0.736826144,4966.0,244.0
0.7635408267430525,0.096810757,0.514854956,0.759133951,4966.0,244.0
0.7613842864565665,0.074350929,0.487822472,0.781407022,4966.0,244.0
0.7567981711841112,0.060050131,0.471789,0.799212364,4966.0,244.0
0.7495957253502945,0.015232536,0.460278627,0.801536512,4966.0,244.0
0.7114614354433912,0.0,0.4425003325,0.7995245355,4966.0,244.0
0.6462690371801474,0.0,0.45313468300000004,0.8224022195,4966.0,244.0
0.6337048913644346,0.0,0.42096598,0.811327594,4966.0,244.0
0.632081854293207,0.0,0.36716003750000004,0.805195362,4966.0,244.0
0.652752478232187,0.002890384,0.3154415595,0.808715796,4966.0,244.0
0.7264010603112037,0.043089759,0.298643558,0.815611463,4966.0,244.0
0.7648836124024628,0.10532641,0.286032714,0.818071725,4966.0,244.0
0.7740742059450135,0.208584808,0.267933751,0.819475797,4966.0,244.0
0.7661797799972633,0.307255611,0.273835596,0.830090525,4966.0,244.0
0.766141113032346,0.408031704,0.29451449,0.839101486,4966.0,244.0
0.7661073208586504,0.441242195,0.252546409,0.802884075,4966.0,244.0
0.7674210470629053,0.368516582,0.258306177,0.80893235,4966.0,244.0
0.7688517204156753,0.32175326049999997,0.2692533125,0.78690296,4966.0,244.0
0.7675923266569556,0.291134197,0.266341378,0.743735965,4966.0,244.0
0.766054881541952,0.239842345,0.264046239,0.674124346,4966.0,244.0
0.7620866788826529,0.210664428,0.246644987,0.60792599,4966.0,244.0
0.7577693858339636,0.165425075,0.22989514,0.539948465,4966.0,244.0
0.7552186042113722,0.091066323,0.23131527,0.469717293,4966.0,244.0
0.7473894906907269,0.014330728,0.24151086,0.425554784,4966.0,244.0
0.7103824079243519,0.0,0.248332532,0.3757633415,4966.0,244.0
0.6463467022677335,0.0,0.240344506,0.2919753385,4966.0,244.0
0.6324989308098751,0.0,0.24588162600000002,0.31733332550000004,4966.0,244.0
0.6349454727119301,0.0,0.24957079999999998,0.391385149,4966.0,244.0
0.6674967336952047,0.007630997,0.267053755,0.425250285,4966.0,244.0
0.7270139556462508,0.026106743,0.265296538,0.425187798,4966.0,244.0
0.7654311953104053,0.072153718,0.253919763,0.415695383,4966.0,244.0
0.7758646178896826,0.118136662,0.233189729,0.406398649,4966.0,244.0
0.7703348330851438,0.182866646,0.235911792,0.396087509,4966.0,244.0
0.7668553848884802,0.243995088,0.263047621,0.415874808,4966.0,244.0
0.7665051115265579,0.295898313,0.280013438,0.511993122,4966.0,244.0
0.765717481290436,0.307927975,0.294597045,0.50586203,4966.0,244.0
0.7657511313914502,0.286662409,0.280135161,0.47352335300000004,4966.0,244.0
0.766204390465036,0.264726692,0.277117624,0.465693964,4966.0,244.0
0.7632304505380709,0.224146181,0.276919762,0.458672234,4966.0,244.0
0.7606838341717057,0.160751749,0.275838327,0.465685057,4966.0,244.0
0.7610217550802497,0.103020696,0.262916403,0.476342183,4966.0,244.0
0.7595519887516211,0.057958791,0.256585554,0.493596911,4966.0,244.0
0.7529733716362387,0.011594898,0.256287742,0.514418421,4966.0,244.0
0.7168266613544461,0.0,0.249876789,0.5498845375,4966.0,244.0
0.6374359817597565,0.0,0.22666896,0.488527871,4966.0,244.0
0.6149875348411505,0.0,0.218000748,0.4810024685,4966.0,244.0
0.6041642488768099,0.0,0.1807368905,0.504537848,4966.0,244.0
0.6110514437144237,0.0013167665,0.15191988,0.50557434,4966.0,244.0
0.624231040930833,0.023449845,0.135208662,0.508717436,4966.0,244.0
0.6482465600890152,0.099163422,0.128903613,0.524534417,4966.0,244.0
0.6760182063283364,0.174252858,0.124600508,0.534138464,4966.0,244.0
0.70189972051197,0.252485372,0.138457694,0.545147657,4966.0,244.0
0.7029770916209408,0.312699312,0.153468866,0.548806008,4966.0,244.0
0.696317685682906,0.376627356,0.156171859,0.568505186,4966.0,244.0
0.695148971780654,0.423222356,0.168728134,0.484996167,4966.0,244.0
0.69551767938366,0.4440893935,0.200522947,0.42317119000000003,4966.0,244.0
0.6956066322079248,0.362588104,0.234566283,0.452543159,4966.0,244.0
0.6964601423334656,0.292843327,0.254667216,0.418529799,4966.0,244.0
0.697508738132644,0.238648254,0.239005343,0.367594104,4966.0,244.0
0.7035837399000614,0.140062237,0.226833569,0.371431217,4966.0,244.0
0.7069894987660884,0.07679744,0.205491475,0.389889676,4966.0,244.0
0.7062143158365344,0.011838081,0.200985281,0.404751649,4966.0,244.0
0.6968700487359831,0.0,0.21667183950000002,0.4597142795,4966.0,244.0
0.6315451326967958,0.0,0.2121778245,0.5103427455,4966.0,244.0
0.6082927039290974,0.0,0.22546819299999998,0.450909252,4966.0,244.0
0.6048106998738875,0.0,0.2322919295,0.4733740625,4966.0,244.0
0.6122024805442853,0.00844107,0.228933903,0.468645293,4966.0,244.0
0.6229155162438282,0.05270785,0.22319815,0.448130179,4966.0,244.0
0.6480522792177688,0.137002245,0.210392822,0.42798592,4966.0,244.0
0.6763121124574115,0.241611749,0.205463968,0.398647585,4966.0,244.0
0.7025588081077888,0.373358567,0.217200462,0.400256468,4966.0,244.0
0.7044004291771326,0.484048941,0.22024949,0.404189939,4966.0,244.0
0.6983620589660114,0.535599857,0.197739268,0.39465667,4966.0,244.0
0.6957495622960211,0.597197273,0.213831084,0.380520351,4966.0,244.0
0.6956360700403244,0.5854625855,0.22843641450000002,0.37207721000000005,4966.0,244.0
0.6954787522973318,0.539806268,0.217716422,0.351180928,4966.0,244.0
0.6967115480204586,0.44093896,0.203339528,0.334998322,4966.0,244.0
0.6975785939861155,0.350751781,0.184098002,0.305371821,4966.0,244.0
0.6963308901581672,0.239701963,0.16377485,0.270869891,4966.0,244.0
0.7006179879986608,0.124423565,0.149620511,0.243346796,4966.0,244.0
0.7017313755679159,0.012165335,0.139506712,0.229205599,4966.0,244.0
0.6960687412083726,0.0,0.1356262385,0.2248078095,4966.0,244.0
0.6529155936175218,0.0,0.119655805,0.195208299,4966.0,244.0
0.6381191119468279,0.0,0.140681553,0.19797935,4966.0,244.0
0.631163670239216,0.0,0.1758158745,0.206774697,4966.0,244.0
0.6336143059469503,0.0,0.2305610755,0.23371572000000002,4966.0,244.0
0.6662770007888636,0.004755318,0.272389812,0.256795782,4966.0,244.0
0.7267235520436919,0.036100976,0.293125605,0.282286066,4966.0,244.0
0.7659984666754068,0.077671624,0.315918419,0.291656794,4966.0,244.0
0.7762853153958027,0.110204254,0.3661927,0.296565531,4966.0,244.0
0.7719512681258439,0.182487582,0.419337256,0.282943065,4966.0,244.0
0.7689727851867185,0.225415924,0.451190632,0.253375001,4966.0,244.0
0.7660827103908777,0.251431016,0.438768964,0.2138533,4966.0,244.0
0.7662444296946583,0.265714981,0.461706719,0.200182836,4966.0,244.0
0.7663752910605333,0.224403088,0.469136198,0.172800061,4966.0,244.0
0.7685692677057064,0.193213605,0.453057832,0.145117215,4966.0,244.0
0.7665179374174725,0.170207144,0.417369103,0.16218786,4966.0,244.0
0.7640010428217665,0.134362619,0.340025028,0.190435776,4966.0,244.0
0.7598836149705406,0.111290067,0.281063109,0.197611772,4966.0,244.0
0.7575515830284928,0.074146481,0.236534569,0.198597845,4966.0,244.0
0.7549696597368389,0.046073645,0.201328526,0.207002003,4966.0,244.0
0.747163784419261,0.003516463,0.174356002,0.215801882,4966.0,244.0
0.7101104147460275,0.0,0.14497015400000002,0.1633841445,4966.0,244.0
0.6533771823751474,0.0,0.120380589,0.08497717,4966.0,244.0
0.6366387918546741,0.0,0.10142792249999999,0.050950588000000005,4966.0,244.0
0.632081854293207,0.0,0.07813524399999999,0.048285111,4966.0,244.0
0.6529855205073342,0.002033057,0.07155848549999999,0.050179654000000004,4966.0,244.0
0.7262979801605566,0.036174473,0.068084357,0.061281286,4966.0,244.0
0.7651690935801024,0.097296353,0.063574812,0.065309408,4966.0,244.0
0.7728884540903354,0.156901582,0.059619434,0.066818481,4966.0,244.0
0.7665877932709441,0.242700471,0.059686966,0.067774216,4966.0,244.0
0.7661725388467717,0.296773901,0.066734411,0.081295402,4966.0,244.0
0.7678717028513499,0.355821868,0.096444147,0.099279181,4966.0,244.0
0.769427274452328,0.376978272,0.110093964,0.119439941,4966.0,244.0
0.769020822942629,0.3582927615,0.14604894950000002,0.1708602795,4966.0,244.0
0.7671413395036562,0.357272733,0.160136429,0.185192316,4966.0,244.0
0.7655667421753283,0.307012723,0.149938094,0.17503817,4966.0,244.0
0.7631039433063893,0.25364356,0.145277805,0.156447085,4966.0,244.0
0.7613842864565665,0.197722714,0.143582739,0.164468661,4966.0,244.0
0.7549726888258188,0.126791692,0.183919456,0.202693182,4966.0,244.0
0.7475342192615729,0.006911812,0.224627187,0.250531866,4966.0,244.0
0.7106027189546711,0.0,0.266773097,0.3232884125,4966.0,244.0
0.6462573000298841,0.0,0.2575528675,0.340658378,4966.0,244.0
0.63379387970687,0.0,0.28207033825,0.30858524775,4966.0,244.0
0.6675696658571478,0.003054971,0.333669813,0.284979147,4966.0,244.0
0.7262761618558924,0.021855611,0.347476937,0.306501566,4966.0,244.0
0.7651690935801024,0.077219374,0.362494491,0.377971955,4966.0,244.0
0.7728884540903354,0.124931468,0.399520301,0.455796006,4966.0,244.0
0.7662917100747723,0.210367349,0.462891684,0.498393405,4966.0,244.0
0.7660012120332298,0.293273948,0.540172367,0.511314699,4966.0,244.0
0.7660952997701272,0.308623658,0.578062916,0.53573475,4966.0,244.0
0.7663057901816627,0.308809504,0.6278789945,0.480032945,4966.0,244.0
0.7671682691112071,0.222164481,0.627941933,0.40363191,4966.0,244.0
0.7639275900027952,0.176383618,0.586838005,0.411338803,4966.0,244.0
0.7614058678353595,0.147883009,0.559848557,0.48999535,4966.0,244.0
0.7588655933781108,0.099395646,0.560625192,0.635145881,4966.0,244.0
0.7577808862654586,0.069513348,0.55360682,0.749184983,4966.0,244.0
0.7532836529880303,0.028828053,0.562406037,0.793536407,4966.0,244.0
0.7476086661751089,0.001560417,0.569883956,0.819522839,4966.0,244.0
0.7105541843585814,0.0,0.5385730310000001,0.8349898305000001,4966.0,244.0
0.6463535412241324,0.0,0.4518705005,0.7302662595,4966.0,244.0
0.6330171233120129,0.0,0.408269922,0.71356322,4966.0,244.0
0.6314119760079915,0.0,0.35429201099999996,0.7069263075000001,4966.0,244.0
0.6520246707430398,0.000809758,0.318235524,0.745965714,4966.0,244.0
0.7267878231567403,0.010240456,0.309503384,0.765147633,4966.0,244.0
0.766141444397201,0.062929097,0.305254975,0.776074888,4966.0,244.0
0.7762853153958027,0.130358961,0.287003458,0.781990634,4966.0,244.0
0.7693375880691157,0.229570171,0.288937747,0.782552752,4966.0,244.0
0.7659452229705231,0.342085755,0.310804201,0.78305619,4966.0,244.0
0.7660057554595963,0.431743817,0.313305797,0.752494318,4966.0,244.0
0.7689045147069746,0.4753909025,0.3435216115,0.741165861,4966.0,244.0
0.7685110073440227,0.4481898825,0.3575735645,0.7298792304999999,4966.0,244.0
0.7656180457389867,0.390372682,0.370639267,0.701240379,4966.0,244.0
0.7619193276189574,0.318609347,0.357277497,0.658927654,4966.0,244.0
0.7587059090687452,0.215833685,0.323861804,0.596007311,4966.0,244.0
0.7539538152115057,0.117870187,0.305370983,0.529245136,4966.0,244.0
0.7505896575461859,0.003927293,0.27618504,0.469440395,4966.0,244.0
0.7149193256639048,0.0,0.2491768105,0.408719085,4966.0,244.0
0.6525385803544281,0.0,0.223470917,0.324440644,4966.0,244.0
0.6353788536220771,0.0,0.2121941105,0.300575821,4966.0,244.0
0.6309472401126567,0.0,0.1885588205,0.2151380725,4966.0,244.0
0.6522223828973585,0.0015540455,0.15867364,0.12917584399999998,4966.0,244.0
0.7288681660948441,0.035798114,0.155690588,0.11267432,4966.0,244.0
0.7707094327694757,0.139708219,0.150553236,0.115772885,4966.0,244.0
0.7759015335913417,0.261623294,0.142317759,0.10928853,4966.0,244.0
0.7697599892047958,0.386311238,0.145328838,0.109548878,4966.0,244.0
0.7663005131963485,0.515183523,0.14383906,0.097360303,4966.0,244.0
0.7680473837990851,0.571826426,0.119660568,0.074700237,4966.0,244.0
0.7692208774322655,0.586623106,0.121254735,0.054945459,4966.0,244.0
0.769759610620449,0.545265414,0.105072322,0.052570079,4966.0,244.0
0.7677042567344645,0.466962271,0.080585155,0.045393222,4966.0,244.0
0.7662065198984347,0.361034826,0.065102832,0.043383487,4966.0,244.0
0.7636569220767875,0.298479103,0.066954959,0.043992368,4966.0,244.0
0.7625689021439986,0.254285182,0.083891121,0.042244737,4966.0,244.0
0.7553117927068947,0.15598416,0.092614507,0.039499257,4966.0,244.0
0.7498308030340628,0.003721221,0.102257165,0.057870995,4966.0,244.0
0.7142259256515682,0.0,0.1257618455,0.1304859875,4966.0,244.0
0.6580322538454932,0.0,0.188299588,0.295162552,4966.0,244.0
0.6277144646773432,0.0,0.2111287345,0.432931188,6273.5,308.5
0.6150408968018668,0.0,0.22115967749999998,0.583678508,7581.0,373.0
0.621221415908439,0.001304088,0.24356587150000003,0.6725822484999999,7581.0,373.0
0.6308022748230424,0.060819377,0.260868002,0.699274368,7581.0,373.0
0.6631401113660945,0.221626977,0.24695816,0.690212534,7581.0,373.0
0.6860443255831347,0.364260355,0.203278011,0.673047495,7581.0,373.0
0.7024121866152091,0.482072316,0.195312517,0.638767084,7581.0,373.0
0.7035324835558948,0.576920756,0.234465558,0.621002687,7581.0,373.0
0.7025574830625754,0.659406258,0.246673875,0.545931802,7581.0,373.0
0.7013772213022337,0.6591260975,0.2991156505,0.5424624395,7581.0,373.0
0.7015477907399793,0.560416521,0.318175857,0.524180978,7581.0,373.0
0.7019194089690293,0.479142575,0.298789446,0.522416286,7581.0,373.0
0.7028696573361006,0.353038114,0.264873689,0.529643996,7581.0,373.0
0.7045863327306413,0.256292236,0.22334623,0.543520259,7581.0,373.0
0.7059607334966509,0.14026935,0.197376532,0.564340392,7581.0,373.0
0.7041153733891257,0.05361085,0.198789317,0.580848036,7581.0,373.0
0.7016269227383574,0.001359995,0.206901232,0.61933338,7581.0,373.0
0.6973118777931053,0.0,0.2105748825,0.6593226544999999,7581.0,373.0
0.6554287019555546,0.0,0.189753529,0.671445535,7581.0,373.0
0.6257627828424779,0.0,0.20882606199999998,0.7411756764999999,7581.0,373.0
0.6129305721787957,0.0,0.22669390150000002,0.779709293,7581.0,373.0
0.6212088584230568,0.0023056166666666667,0.22794751300000002,0.8367171656666667,7581.0,373.0
0.6592631090131886,0.061597794,0.22844744,0.837571689,7581.0,373.0
0.6801119701726565,0.10827139,0.219083499,0.83431319,7581.0,373.0
0.6995618196841361,0.16571575,0.222893365,0.830022655,7581.0,373.0
0.7027415409138422,0.251348583,0.230616803,0.812205347,7581.0,373.0
0.7016211487057609,0.298558163,0.203224472,0.783594453,7581.0,373.0
0.7019453919086104,0.39644005800000004,0.260903439,0.7600614015,7581.0,373.0
0.701575619588905,0.405327167,0.317127516,0.72136397,7581.0,373.0
0.7012044271636936,0.385154004,0.339974048,0.712677439,7581.0,373.0
0.7031075271829773,0.32607745,0.354301133,0.735944122,7581.0,373.0
0.7053773702258836,0.220396427,0.373992067,0.779605973,7581.0,373.0
0.7054141914885591,0.139696651,0.40038993,0.783776535,7581.0,373.0
0.7058123131071152,0.064552041,0.422420337,0.768267549,7581.0,373.0
0.699566741832918,0.0003487153333333333,0.3919696483333333,0.6940015769999999,7581.0,373.0
0.6725005173848003,0.0,0.316453979,0.673777336,7581.0,373.0
0.647998751574625,0.0,0.3155684175,0.6944646545,7581.0,373.0
0.6400258323342545,0.0,0.317315205,0.804679579,7581.0,373.0
0.6660726627871685,0.000670279,0.3104542735,0.8485601924999999,7581.0,373.0
0.746224326534483,0.015291466,0.295668387,0.866069143,7581.0,373.0
0.7774981385165071,0.094096994,0.28457686,0.874874148,7581.0,373.0
0.7797367454513671,0.141800672,0.277161937,0.875211383,7581.0,373.0
0.7725679497185644,0.23076021,0.277183483,0.855273074,7581.0,373.0
0.7704557555764024,0.302941632,0.28951341,0.803430456,7581.0,373.0
0.7693247621782011,0.391223056,0.284201089,0.700188839,7581.0,373.0
0.7693501298146671,0.412980771,0.291727503,0.549843431,7581.0,373.0
0.7696729056925184,0.407663557,0.286666344,0.445351094,7581.0,373.0
0.7693291163123943,0.365599785,0.266069225,0.357767696,7581.0,373.0
0.7675528553038531,0.29823334,0.2430018,0.282636598,7581.0,373.0
0.7666237148780385,0.241636816,0.216483291,0.222012131,7581.0,373.0
0.7650663452085164,0.170533239,0.181702014,0.190040787,7581.0,373.0
0.7642559502068635,0.114808239,0.170081945,0.198322119,7581.0,373.0
0.761834941830805,0.058849834,0.173209616,0.239833602,7581.0,373.0
0.7576572188305832,0.0,0.169358739,0.258453365,7581.0,373.0
0.7229463170212963,0.0,0.15904449650000002,0.25851248699999996,7581.0,373.0
0.6730507980168675,0.0,0.118392043,0.257337962,7581.0,373.0
0.6479975209683952,0.0,0.1375978545,0.3142814225,7581.0,373.0
0.6399805633388098,0.0,0.140377394,0.23516596350000002,7581.0,373.0
0.6659983817631628,0.0,0.123477399,0.1916351865,7581.0,373.0
0.7469483479730602,0.015598943,0.105274065,0.18181772,7581.0,373.0
0.7781792809286552,0.084747989,0.092406334,0.182591603,7581.0,373.0
0.782269305734794,0.138971223,0.080602573,0.180393842,7581.0,373.0
0.7731236734325792,0.194228491,0.078137546,0.178343378,7581.0,373.0
0.770815967812941,0.275297745,0.077417565,0.176926803,7581.0,373.0
0.7695511788130746,0.342738104,0.070850647,0.145596385,7581.0,373.0
0.7693922280626566,0.38662511450000003,0.072883428,0.133437688,7581.0,373.0
0.7689874567798749,0.376753773,0.062213606,0.118796203,7581.0,373.0
0.7669965637133183,0.333315549,0.057564799,0.126345828,7581.0,373.0
0.7657566689123815,0.280550961,0.052833172,0.13867129,7581.0,373.0
0.765612650290737,0.231946038,0.055108422,0.147610056,7581.0,373.0
0.7648969585361998,0.157562851,0.059117369,0.157359042,7581.0,373.0
0.761607200564924,0.077345026,0.068853386,0.173938489,7581.0,373.0
0.7459876872938362,0.0,0.0691595285,0.199226656,7581.0,373.0
0.6916629451632088,0.0,0.062202431,0.1730738375,7581.0,373.0
0.6480879170937062,0.0,0.06231294,0.11150993549999999,7581.0,373.0
0.642592066259407,0.0,0.07894973833333332,0.10166821566666667,7581.0,373.0
0.6845646680135875,0.0,0.099638243,0.109631912,7581.0,373.0
0.7459152285694294,0.014957046,0.11268449,0.113309512,7581.0,373.0
0.7773320650785331,0.099188574,0.108499214,0.113388921,7581.0,373.0
0.7806045962194152,0.158831517,0.10400065,0.122645644,7581.0,373.0
0.7732883741916415,0.259577972,0.098318627,0.130978509,7581.0,373.0
0.7723562050910532,0.355943537,0.120596492,0.133705983,7581.0,373.0
0.7697309297496401,0.399475164,0.159612287,0.10855993,7581.0,373.0
0.769309995938958,0.405334325,0.155853448,0.10862662349999999,7581.0,373.0
0.7690755811920025,0.389245213,0.143655073,0.083418756,7581.0,373.0
0.7670632488193346,0.344302979,0.140548361,0.063874492,7581.0,373.0
0.7660368022754691,0.301248271,0.141888932,0.047104246,7581.0,373.0
0.7644147824943459,0.223450888,0.132268696,0.039367845,7581.0,373.0
0.7642583169803396,0.144330041,0.136801598,0.038872415,7581.0,373.0
0.7619372648127587,0.060628676,0.147485575,0.044499468,7581.0,373.0
0.7458260156237535,0.0,0.167768307,0.057466431,7581.0,373.0
0.7105385186708605,0.0,0.177913042,0.076197973,7581.0,373.0
0.6630212710887428,0.0,0.1772396015,0.09700796,7581.0,373.0
0.6407164640003317,0.0,0.15964973100000002,0.09328132699999998,7581.0,373.0
0.6659347021363804,0.0,0.14674361,0.0823708925,7581.0,373.0
0.7446977199496769,0.015861631,0.158972716,0.072695198,7581.0,373.0
0.7762946859796929,0.065076091,0.16835898,0.073555979,7581.0,373.0
0.7797275637454442,0.10028888,0.190880977,0.087386141,7581.0,373.0
0.7731613463029317,0.15977576,0.211950745,0.097637313,7581.0,373.0
0.7730191733835289,0.207006756,0.238204943,0.113997384,7581.0,373.0
0.7730423643671045,0.253565713,0.240022542,0.115801078,7581.0,373.0
0.7726698941161713,0.286027805,0.24189138999999998,0.12190216000000001,7581.0,373.0
0.7717251356363335,0.254778237,0.243590908,0.135558344,7581.0,373.0
0.7693718532661415,0.22269125,0.238733907,0.148924342,7581.0,373.0
0.7674234134221753,0.205918716,0.217535896,0.164052759,7581.0,373.0
0.7660449426673356,0.15958259,0.202162333,0.181575403,7581.0,373.0
0.7655811300373278,0.104364576,0.213329804,0.217016174,7581.0,373.0
0.7617941454324892,0.033133506,0.232408828,0.251016932,7581.0,373.0
0.74674339466825,0.0,0.2456018575,0.2745751795,7581.0,373.0
0.7123896528109821,0.0,0.254438735,0.255174527,7581.0,373.0
0.6614322150691778,0.0,0.263827731,0.24720225149999997,7581.0,373.0
0.6412458732028075,0.0,0.2869734075,0.2651072875,7581.0,373.0
0.6438594113939573,0.0,0.2775458165,0.2157619415,7581.0,373.0
0.6846209880269428,0.0,0.272961922,0.186896526,7581.0,373.0
0.743347645920283,0.009573548,0.282044799,0.188491894,7581.0,373.0
0.7740464715350713,0.079659735,0.28582328,0.194574491,7581.0,373.0
0.7763365713257631,0.125296526,0.289151994,0.21244937,7581.0,373.0
0.7704753019607803,0.215683287,0.295104564,0.228025272,7581.0,373.0
0.7691439699275789,0.294243548,0.325668117,0.241150955,7581.0,373.0
0.7692691757237932,0.410323325,0.360622198,0.192883728,7581.0,373.0
0.7697539784534311,0.4633452285,0.388100452,0.210087093,7581.0,373.0
0.7680963205892674,0.417993988,0.38983614,0.244773424,7581.0,373.0
0.7656522164970291,0.355481942,0.397965433,0.283831601,7581.0,373.0
0.7646996489901797,0.260944943,0.37976551,0.326567374,7581.0,373.0
0.7642559502068635,0.169153653,0.367719404,0.347895752,7581.0,373.0
0.7618309662809586,0.050875053,0.378193794,0.35179653,7581.0,373.0
0.7465205754130824,0.0,0.3847264075,0.309396724,7581.0,373.0
0.7126828013571578,0.0,0.38890191,0.287985734,7581.0,373.0
0.6540405764714616,0.0,0.42488121,0.258845191,7581.0,373.0
0.6248825321944567,0.0,0.4149322285,0.264672656,7581.0,373.0
0.6123867751143204,0.0,0.4139727315,0.298042924,7581.0,373.0
0.6177614668766613,0.0,0.42856024400000003,0.32728434,7581.0,373.0
0.625529337959032,0.013987094,0.442689131,0.382892117,7581.0,373.0
0.6563760160868358,0.09371953,0.452795827,0.446797816,7581.0,373.0
0.6802137248638841,0.164501184,0.450232598,0.483300756,7581.0,373.0
0.6996679761432546,0.259850019,0.448271679,0.493977399,7581.0,373.0
0.7035852070179565,0.335524006,0.469454665,0.474383606,7581.0,373.0
0.7045856704151376,0.439155738,0.472820651,0.425631892,7581.0,373.0
0.7023228313897487,0.48531654150000003,0.4960047065,0.441318532,7581.0,373.0
0.7031650778025627,0.444705398,0.484925721,0.436933633,7581.0,373.0
0.70215614264866,0.362115038,0.473305092,0.433201144,7581.0,373.0
0.7027058081847152,0.306179896,0.464180045,0.420131205,7581.0,373.0
0.7047444078494303,0.23351319,0.449715315,0.427467309,7581.0,373.0
0.7042351129078523,0.135523959,0.43496896,0.442328955,7581.0,373.0
0.7064189613862356,0.032399295,0.443998094,0.474074612,7581.0,373.0
0.7008756407415806,0.0,0.45170811933333327,0.505317512,7581.0,373.0
0.6454445624858103,0.0,0.5453772255,0.531327393,7581.0,373.0
0.6157904751690835,0.0,0.551219272,0.5182871680000001,7581.0,373.0
0.6170079760569894,0.0,0.5488311166666666,0.49581673466666665,7581.0,373.0
0.6278352927296181,0.011436948,0.558413786,0.529992496,7581.0,373.0
0.660641106744698,0.074129265,0.560672993,0.5620699,7581.0,373.0
0.6843033238661842,0.15634526,0.541627212,0.605561493,7581.0,373.0
0.7065043408547467,0.235066521,0.524271015,0.627085251,7581.0,373.0
0.7071055936856173,0.313392541,0.536328483,0.644719603,7581.0,373.0
0.7048494757750006,0.409341182,0.554012247,0.608734433,7581.0,373.0
0.704424566207369,0.412474299,0.573088733,0.619657891,7581.0,373.0
0.7037451988753278,0.4175604305,0.5917427424999999,0.6935996455,7581.0,373.0
0.702999808752774,0.345848822,0.593129283,0.692587492,7581.0,373.0
0.7031428336940597,0.267247652,0.601450949,0.682500498,7581.0,373.0
0.7047567130833167,0.197845513,0.623795706,0.690384497,7581.0,373.0
0.7040168842985431,0.108274927,0.652859194,0.701015036,7581.0,373.0
0.7049004951932959,0.017731179,0.687638213,0.753529124,7581.0,373.0
0.7018048990090219,0.0,0.735660742,0.8120478369999999,7581.0,373.0
0.6937245933246119,0.0,0.744981595,0.836958158,7581.0,373.0
0.6619365643902967,0.0,0.7248280905,0.842767001,7581.0,373.0
0.6406771660615033,0.0,0.720930298,0.835286941,7581.0,373.0
0.6660566423319496,0.0,0.679683995,0.8316290639999999,7581.0,373.0
0.7452057370655333,0.012667135,0.662931566,0.827757067,7581.0,373.0
0.7773320650785331,0.069423845,0.640992289,0.80215504,7581.0,373.0
0.7822546337274315,0.12943442,0.613186929,0.782995553,7581.0,373.0
0.7767803645480629,0.209080535,0.576350309,0.775821393,7581.0,373.0
0.7769969839667955,0.274932084,0.572656845,0.766339524,7581.0,373.0
0.7741029812548061,0.33239749,0.548233531,0.717132184,7581.0,373.0
0.7733781554280438,0.392394931,0.599341184,0.72735284,7581.0,373.0
0.7729921021175026,0.4288113585,0.640677862,0.7229352394999999,7581.0,373.0
0.7700704598487608,0.362788135,0.648466662,0.675231677,7581.0,373.0
0.7686220383872598,0.277488001,0.641883773,0.648616219,7581.0,373.0
0.7670229726638409,0.210432268,0.620906549,0.607533548,7581.0,373.0
0.7674174028779136,0.126702214,0.59861196,0.598160939,7581.0,373.0
0.7641077667431992,0.02326004,0.582133749,0.589177438,7581.0,373.0
0.7485774432222474,0.0,0.5654151645000001,0.5889004885,7581.0,373.0
0.7126892381194639,0.0,0.542907908,0.575670953,7581.0,373.0
0.673601267941108,0.0,0.516956367,0.520697172,7581.0,373.0
0.6479975209683952,0.0,0.456965452,0.49383324500000003,7581.0,373.0
0.6400027600207177,0.0,0.417269986,0.567522405,7581.0,373.0
0.6437362167753093,0.0,0.393871436,0.6536250895,7581.0,373.0
0.684503662501184,0.0,0.37756525,0.701341719,7581.0,373.0
0.746224326534483,0.005591194,0.379146057,0.724943765,7581.0,373.0
0.7784521731412515,0.050077821,0.397670329,0.714245129,7581.0,373.0
0.7841665840877834,0.106093998,0.404666313,0.684952693,7581.0,373.0
0.7816183585308415,0.17631053,0.443134635,0.592958891,7581.0,373.0
0.7813873984696014,0.221944794,0.484649067,0.495794048,7581.0,373.0
0.7810709645008665,0.261156944,0.459772267,0.364957872,7581.0,373.0
0.7769098060155346,0.27310089,0.503106091,0.323301256,7581.0,373.0
0.7734744908541725,0.2209548835,0.512694785,0.300214213,7581.0,373.0
0.7727968271516915,0.209330207,0.496435079,0.259210663,7581.0,373.0
0.7691018480698436,0.181591465,0.455046605,0.232486662,7581.0,373.0
0.7691550917747273,0.131696481,0.422008214,0.257110146,7581.0,373.0
0.7683651900325252,0.083546418,0.419681678,0.274171157,7581.0,373.0
0.7665611473945503,0.010434851,0.423154748,0.275390754,7581.0,373.0
0.7605215942108968,0.0,0.430578244,0.290936137,7581.0,373.0
0.726003932373006,0.0,0.435025723,0.3554728625,7581.0,373.0
0.6639155780268055,0.0,0.45627902200000003,0.3186562555,7581.0,373.0
0.6411992553453003,0.0,0.4384880215,0.321340902,7581.0,373.0
0.6437457060292382,0.0,0.4081662315,0.33109008,7581.0,373.0
0.6842940473070714,0.0,0.38576647,0.340172092,7581.0,373.0
0.7467513693776889,0.004858109,0.393897314,0.343202837,7581.0,373.0
0.7793789944272882,0.077465844,0.39956125,0.34490878,7581.0,373.0
0.7841780372997866,0.155983373,0.402545145,0.359280873,7581.0,373.0
0.783416958501075,0.248011609,0.410207643,0.379020344,7581.0,373.0
0.7817750137512273,0.352696499,0.478354628,0.435429056,7581.0,373.0
0.7819061588482593,0.407240051,0.513623382,0.505906486,7581.0,373.0
0.7807313399627622,0.417110917,0.564964376,0.54878011,7581.0,373.0
0.7759322494565658,0.390299468,0.603017655,0.569139799,7581.0,373.0
0.7749681338845233,0.367440036,0.61777531,0.561429505,7581.0,373.0
0.771420723170328,0.276954067,0.621667922,0.505504517,7581.0,373.0
0.7689976793856481,0.17716459,0.620317108,0.474341804,7581.0,373.0
0.7691550917747273,0.142039846,0.591868818,0.473479171,7581.0,373.0
0.7712752374307884,0.073034588,0.574316893,0.468973406,7581.0,373.0
0.7670203697929057,0.008666934,0.554883469,0.468993841,7581.0,373.0
0.7509504138423957,0.0,0.5470337255,0.44586633600000003,7581.0,373.0
0.7166290440533172,0.0,0.543101905,0.452752057,7581.0,373.0
0.674322070998532,0.0,0.562387977,0.493020204,7581.0,373.0
0.6481044582059532,0.0,0.509157664,0.4449926065,7581.0,373.0
0.6399339452741994,0.0,0.431218981,0.362649211,7581.0,373.0
0.6661186181220689,0.0,0.3717827975,0.4041060305,7581.0,373.0
0.7477787151629293,0.001312373,0.350840336,0.485288572,7581.0,373.0
0.7796137403319955,0.071886177,0.350367718,0.530195119,7581.0,373.0
0.7843779501309479,0.146215582,0.346623393,0.572696458,7581.0,373.0
0.7831731725489202,0.231250652,0.373563909,0.632085231,7581.0,373.0
0.7809957131991452,0.310807507,0.4257447,0.664218469,7581.0,373.0
0.780517796852501,0.353957569,0.425866319,0.648108211,7581.0,373.0
0.7758073275986117,0.35375146,0.482526295,0.7101868259999999,7581.0,373.0
0.7750294707617817,0.298731606,0.512409334,0.688099213,7581.0,373.0
0.775455090278615,0.265890873,0.5173059,0.623061612,7581.0,373.0
0.7735200914215753,0.181158436,0.480652165,0.621264435,7581.0,373.0
0.7736772196652913,0.122042072,0.436690322,0.620599938,7581.0,373.0
0.7739746279066766,0.060882542,0.424226462,0.581803746,7581.0,373.0
0.7690044475128093,0.007426418,0.410729615,0.57229566,7581.0,373.0
0.7522835207486009,0.0,0.405046514,0.584248221,7581.0,373.0
0.7159368742330043,0.0,0.395575164,0.567757514,7581.0,373.0
0.6639386739500883,0.0,0.356670452,0.5765150240000001,7581.0,373.0
0.6408150478060352,0.0,0.31607911466666666,0.6998272543333334,7581.0,373.0
0.6656965719609895,0.0,0.31818360700000003,0.739814041,7581.0,373.0
0.7472267304870958,0.001631139,0.317663105,0.758717181,7581.0,373.0
0.7807856722011943,0.05325882,0.325400591,0.772982456,7581.0,373.0
0.7860495694319632,0.114415603,0.32125294,0.771308793,7581.0,373.0
0.7831391910830513,0.177541627,0.342899628,0.774447096,7581.0,373.0
0.78193725329783,0.2572253,0.40088366,0.789459613,7581.0,373.0
0.7802744371183908,0.312622195,0.378107596,0.778350938,7581.0,373.0
0.7754322544767434,0.3560372625,0.449004007,0.7773820920000001,7581.0,373.0
0.7737062791204469,0.307659669,0.460343379,0.738915306,7581.0,373.0
0.7730973117015485,0.222572456,0.4797476,0.696244403,7581.0,373.0
0.7727566934830854,0.160120311,0.474248941,0.639157157,7581.0,373.0
0.774515680027535,0.097429395,0.455540043,0.56879757,7581.0,373.0
0.7740276823193869,0.050870652,0.441541716,0.5415919,7581.0,373.0
0.7687731560867143,0.002970679,0.424948672,0.531053405,7581.0,373.0
0.7532416966056192,0.0,0.42568006550000004,0.4922001675,7581.0,373.0
0.7186473397507549,0.0,0.422007559,0.439549848,7581.0,373.0
0.6592551583277017,0.0,0.365149737,0.393436602,7581.0,373.0
0.6284336347273416,0.0,0.35552741099999996,0.31346238049999997,7581.0,373.0
0.6159170062176141,0.0,0.368249928,0.339731486,7581.0,373.0
0.6186977535997779,0.0,0.375192921,0.406645324,7581.0,373.0
0.6331064309037756,0.00118493,0.363643763,0.435555617,7581.0,373.0
0.6670752322151056,0.063105517,0.356279821,0.433475655,7581.0,373.0
0.693805192440885,0.181608165,0.341314247,0.459466065,7581.0,373.0
0.7187121791545295,0.262507034,0.358707123,0.508850164,7581.0,373.0
0.7196610548426895,0.319924283,0.420241072,0.542020429,7581.0,373.0
0.715467524082065,0.361395182,0.413567591,0.573964309,7581.0,373.0
0.710516179916271,0.370936208,0.4611630865,0.6224486315,7581.0,373.0
0.7051991336267049,0.365367002,0.512120091,0.674348066,7581.0,373.0
0.7075195230645761,0.337018247,0.527823261,0.662196064,7581.0,373.0
0.7093277305445711,0.278638568,0.524805732,0.632286162,7581.0,373.0
0.7140039107845857,0.181770599,0.490527258,0.606152106,7581.0,373.0
0.7198649904431891,0.106048665,0.460401514,0.575333241,7581.0,373.0
0.7244062861337842,0.007963071,0.430097304,0.544140528,7581.0,373.0
0.7159406368809316,0.0,0.4088193185,0.5328364465,7581.0,373.0
0.6828317590548055,0.0,0.399316606,0.537313384,7581.0,373.0
0.6313020807177946,0.0,0.38305052500000003,0.45703719249999997,7581.0,373.0
0.6203814888425063,0.0,0.33055917349999997,0.42185192,7581.0,373.0
0.6274684072191081,0.0,0.303624901,0.47034816150000003,7581.0,373.0
0.63984605758084,0.0,0.293008673,0.542002749,7581.0,373.0
0.6691930583171825,0.049598504,0.287879645,0.530030757,7581.0,373.0
0.6950751403773361,0.10731141,0.283101637,0.461240733,7581.0,373.0
0.7206340207557997,0.164964782,0.28815128,0.410006801,7581.0,373.0
0.7251861073428945,0.224480187,0.306945781,0.366109302,7581.0,373.0
0.7234161878292639,0.269972896,0.322001673,0.420860196,7581.0,373.0
0.7201906533373387,0.302458787,0.390156272,0.326743381,7581.0,373.0
0.7166693436114537,0.3027629195,0.47408591850000004,0.290183338,7581.0,373.0
0.714866697055033,0.220283433,0.499547661,0.31256375,7581.0,373.0
0.7145701408355308,0.125127238,0.476214341,0.33445003,7581.0,373.0
0.7156714596825647,0.067400178,0.456962404,0.343018741,7581.0,373.0
0.7130264014451085,0.035897773,0.458730496,0.356141781,7581.0,373.0
0.7108455344220072,0.001237637,0.458841058,0.38928318,7581.0,373.0
0.7041037070681001,0.0,0.4335323545,0.445078902,7581.0,373.0
0.683699254848253,0.0,0.40673215549999997,0.4978780495,7581.0,373.0
0.6535337899618352,0.0,0.408568467,0.556371636,7581.0,373.0
0.6411081726734306,0.0,0.3967618505,0.5818302785,7581.0,373.0
0.6399723755203485,0.0,0.40072446,0.657370269,7581.0,373.0
0.6659372577878238,0.0,0.407910545,0.706190899,7581.0,373.0
0.7471436225246652,0.001216564,0.425823965,0.733352949,7581.0,373.0
0.7793016604974539,0.036133681,0.418646579,0.746030082,7581.0,373.0
0.7850106287762443,0.126958967,0.394256314,0.75928478,7581.0,373.0
0.7831731725489202,0.192675735,0.382214728,0.766240523,7581.0,373.0
0.7810709645008665,0.241015758,0.417960818,0.774466485,7581.0,373.0
0.7771990738650535,0.296299256,0.458219918,0.796610978,7581.0,373.0
0.774656622340708,0.310900955,0.480116486,0.806212475,7581.0,373.0
0.7733387310873301,0.246428312,0.505669241,0.8140259595,7581.0,373.0
0.7709094876733186,0.179573906,0.488883489,0.817233502,7581.0,373.0
0.7686045269972971,0.140949318,0.480182769,0.823366503,7581.0,373.0
0.7672792055083575,0.095519455,0.431332328,0.813734228,7581.0,373.0
0.7681569479315302,0.051083661,0.402255129,0.801271136,7581.0,373.0
0.765369858433147,0.001975536,0.398411049,0.81355689,7581.0,373.0
0.7597227476886431,0.0,0.390369777,0.816235218,7581.0,373.0
0.7239590620426182,0.0,0.3831928865,0.8156407345,7581.0,373.0
0.6630212710887428,0.0,0.31805584,0.750995686,7581.0,373.0
0.6411377763953604,0.0,0.338416433,0.6646794295,7581.0,373.0
0.6436169745109679,0.0,0.35830116050000005,0.6541203185,7581.0,373.0
0.6840899696338905,0.0,0.386263809,0.632510439,7581.0,373.0
0.7437253219130866,0.0,0.412461958,0.617353458,7581.0,373.0
0.7748430937707367,0.022076494,0.428866702,0.595335568,7581.0,373.0
0.7773117615254619,0.061696634,0.433586679,0.594402849,7581.0,373.0
0.7707738459552057,0.11338255,0.442068829,0.56822125,7581.0,373.0
0.7692593553121124,0.187020303,0.445658214,0.486374806,7581.0,373.0
0.7693290218734107,0.239937238,0.459892211,0.511192424,7581.0,373.0
0.7691299606499264,0.323766618,0.504053884,0.469078789,7581.0,373.0
0.769429640811598,0.36989444,0.519654834,0.429880737,7581.0,373.0
0.7705717560569477,0.384238122,0.50946286,0.395742331,7581.0,373.0
0.7672177265584175,0.344178571,0.482969686,0.348730436,7581.0,373.0
0.7657566689123815,0.280262802,0.450807379,0.290475716,7581.0,373.0
0.7643680227712603,0.191910656,0.448231952,0.25691024,7581.0,373.0
0.7647809108361626,0.088307683,0.465881636,0.304939137,7581.0,373.0
0.7621393074915248,0.001833519,0.493414036,0.354142342,7581.0,373.0
0.7466511526335942,0.0,0.5227927695,0.4157858415,7581.0,373.0
0.7122918732553951,0.0,0.536278,0.434042397,7581.0,373.0
0.6714150058839629,0.0,0.545542669,0.466413494,7581.0,373.0
0.6473577432452889,0.0,0.559524734,0.5225912105,7581.0,373.0
0.6400994036161614,0.0,0.5814413359999999,0.6413875714999999,7581.0,373.0
0.6657688416003258,0.0,0.580056152,0.702391641,7581.0,373.0
0.7432030594221185,0.001061384,0.57599311,0.781021066,7581.0,373.0
0.7748028652489409,0.029341142,0.578549318,0.823518778,7581.0,373.0
0.7780487505134291,0.09330767,0.578452531,0.85505508,7581.0,373.0
0.7725385593127598,0.148486573,0.596709876,0.869983896,7581.0,373.0
0.7695141210387341,0.245074524,0.62906657,0.873061732,7581.0,373.0
0.7694373549854198,0.283813477,0.691509379,0.874738915,7581.0,373.0
0.7691700239035009,0.4100515785,0.670803992,0.845882905,7581.0,373.0
0.769367026108618,0.445303698,0.665605133,0.796026009,7581.0,373.0
0.7668498473675489,0.389985615,0.664438505,0.817291039,7581.0,373.0
0.7656401949942998,0.264697762,0.650201657,0.81867893,7581.0,373.0
0.7649172148697791,0.147653949,0.664767737,0.737351676,7581.0,373.0
0.7655811300373278,0.042780873,0.691069581,0.631215914,7581.0,373.0
0.7621883863543887,0.0,0.72643215,0.61180352,7581.0,373.0
0.7460983871793214,0.0,0.7543081065,0.6200659745,7581.0,373.0
0.7106832948754044,0.0,0.772740477,0.658259392,7581.0,373.0
0.6715663600950825,0.0,0.794964526,0.720417158,7581.0,373.0
0.6478586138567404,0.0,0.8218422274999999,0.7407181935,7581.0,373.0
0.6399607330161718,0.0,0.851053384,0.763889815,7581.0,373.0
0.6439319883741965,0.0,0.855654863,0.7859402265,7581.0,373.0
0.6845646680135875,0.0,0.852719975,0.808616951,7581.0,373.0
0.746224326534483,0.0,0.855248897,0.818730375,7581.0,373.0
0.7785437524461976,0.038110054,0.846181304,0.622519265,7581.0,373.0
0.7850872999763686,0.150708269,0.821870596,0.42001772,7581.0,373.0
0.7825385061287006,0.246260069,0.815818902,0.384104861,7581.0,373.0
0.7810709645008665,0.302574547,0.807146029,0.383784087,7581.0,373.0
0.7791172240618403,0.323463281,0.782588739,0.606554191,7581.0,373.0
0.7751691590660819,0.3570482185,0.813361802,0.706124976,7581.0,373.0
0.7721307353312524,0.3161714025,0.831458755,0.668636197,7581.0,373.0
0.7689559837459573,0.233616944,0.818784143,0.744411932,7581.0,373.0
0.7718433131839754,0.166838003,0.801307557,0.767650078,7581.0,373.0
0.7735321125100985,0.085658826,0.785119548,0.785406263,7581.0,373.0
0.7688397939732388,0.001616742,0.763100992,0.844912216,7581.0,373.0
0.7523103084905732,0.0,0.7378745595,0.8796990060000001,7581.0,373.0
0.7159916799089726,0.0,0.702248946,0.889943258,7581.0,373.0
0.6743056009226257,0.0,0.632951524,0.886938933,7581.0,373.0
0.6480405420675056,0.0,0.5949529295,0.896614265,7581.0,373.0
0.6402620457710628,0.0,0.5433836384999999,0.8713020975,7581.0,373.0
0.6664593073768725,0.0,0.5114985205,0.8499313645,7581.0,373.0
0.7477787151629293,0.0,0.520566926,0.770562595,7581.0,373.0
0.7812324472929819,0.027948714,0.520010656,0.708450911,7581.0,373.0
0.7868496465604469,0.069929914,0.53627,0.688952885,7581.0,373.0
0.7831921038372861,0.11514116,0.5476183,0.698894542,7581.0,373.0
0.7810183358919947,0.126557616,0.571093121,0.735574584,7581.0,373.0
0.7779787525872761,0.109545319,0.633485652,0.756158758,7581.0,373.0
0.7779671100830996,0.1149524585,0.679448095,0.750467637,7581.0,373.0
0.7753148579146437,0.135515615,0.704112251,0.660722902,7581.0,373.0
0.7734491470345554,0.123587277,0.694454822,0.558867533,7581.0,373.0
0.7763639739566442,0.119440544,0.689136759,0.472614718,7581.0,373.0
0.7767317587085293,0.072482301,0.668105919,0.448436927,7581.0,373.0
0.7773684129036722,0.032310364,0.656352946,0.463719064,7581.0,373.0
0.773324627577797,0.0,0.63351215,0.507321306,7581.0,373.0
0.7588239921774036,0.0,0.6199744899999999,0.61458515,7581.0,373.0
0.7204383676198481,0.0,0.62756595,0.645297077,7581.0,373.0
0.6623047749460202,0.0,0.655043699,0.598186576,7581.0,373.0
0.6276920312766672,0.0,0.672462513,0.7128383255,7581.0,373.0
0.614920897161729,0.0,0.748050404,0.7229437304999999,7581.0,373.0
0.6207727006754259,0.0,0.7604754604999999,0.6903175075,7581.0,373.0
0.6479482764231039,0.0070692365,0.7553214960000001,0.6474308225000001,7581.0,373.0
0.693805192440885,0.06612889,0.761772475,0.61113724,7581.0,373.0
0.7198057834135355,0.138366012,0.757104339,0.614145411,7581.0,373.0
0.7232678622929177,0.215937876,0.760926104,0.6475151,7581.0,373.0
0.7218332608168961,0.280206962,0.757563885,0.670496734,7581.0,373.0
0.719991166724222,0.343201692,0.742712212,0.683749639,7581.0,373.0
0.7162116835983892,0.366231411,0.75484398,0.7048758735,7581.0,373.0
0.7142625099883723,0.291556025,0.760354918,0.71936185,7581.0,373.0
0.71752921946296,0.218951526,0.74480127,0.777605588,7581.0,373.0
0.7226222633177233,0.131915337,0.722428787,0.807449912,7581.0,373.0
0.7266754668611867,0.047000734,0.710503843,0.828812204,7581.0,373.0
0.7240516114181768,0.0,0.691279723,0.839790331,7581.0,373.0
0.7159406368809316,0.0,0.6586913114999999,0.848480253,7581.0,373.0
0.6825046528596099,0.0,0.6323361165,0.8374409705,7581.0,373.0
0.631031365572295,0.0,0.6358677785,0.8239649005,7581.0,373.0
0.6188737657742994,0.0,0.6405899953333333,0.836517256,7581.0,373.0
0.6334286389051069,0.0,0.6501198695,0.862094479,7581.0,373.0
0.6702743101228102,0.013748378,0.64936848,0.879147218,7581.0,373.0
0.6967102225610391,0.116394232,0.6275013,0.88332632,7581.0,373.0
0.7219345424847934,0.203444073,0.633948538,0.886290709,7581.0,373.0
0.7256883504261543,0.279300288,0.667609548,0.88499026,7581.0,373.0
0.7256819608833399,0.335336386,0.659507398,0.885166817,7581.0,373.0
0.7250979116873228,0.36684025750000004,0.6727632434999999,0.8866555055,7581.0,373.0
0.724270171392341,0.344999691,0.679067319,0.884772236,7581.0,373.0
0.7255526138548517,0.304043825,0.701087677,0.906792431,7581.0,373.0
0.7269013156195401,0.210103281,0.705800206,0.911765078,7581.0,373.0
0.7284771431398918,0.162351525,0.70215336,0.915448697,7581.0,373.0
0.7331242639247506,0.080175823,0.717697907,0.922815422,7581.0,373.0
0.734176078105082,0.0,0.718385623,0.923927675,7581.0,373.0
0.7271894000823209,0.0,0.7285078190000001,0.9208738275,7581.0,373.0
0.7092637435768858,0.0,0.729753862,0.923567983,7581.0,373.0
0.6874622204715849,0.0,0.757787063,0.913704047,7581.0,373.0
0.6683165941339375,0.0,0.731100504,0.9177498155,7581.0,373.0
0.6650646743012356,0.0,0.7275775195,0.912779035,7581.0,373.0
0.6949357600352479,0.0,0.7162072930000001,0.91209444,7581.0,373.0
0.7663463264585675,0.0,0.702770348,0.914318643,7581.0,373.0
0.7925300764553158,0.014879822,0.705728712,0.919358082,7581.0,373.0
0.7954702710138709,0.136609248,0.68364711,0.912925074,7581.0,373.0
0.7933651287300271,0.24134083,0.705114239,0.903101754,7581.0,373.0
0.7922543444459133,0.344364716,0.733712337,0.890527869,7581.0,373.0
0.7916495418690346,0.416782058,0.750829837,0.889616101,7581.0,373.0
0.7891406694093626,0.4543495015,0.762762998,0.862905077,7581.0,373.0
0.7869215378225395,0.459986882,0.756336832,0.790002954,7581.0,373.0
0.7851200508360079,0.382924079,0.751167716,0.763865906,7581.0,373.0
0.7846658929352532,0.345782946,0.728224269,0.762026838,7581.0,373.0
0.7836349029650213,0.237379319,0.680708976,0.766567025,7581.0,373.0
0.7862212276103602,0.106374321,0.656586015,0.780562177,7581.0,373.0
0.7801832836172835,0.0,0.626078893,0.809396501,7581.0,373.0
0.7701819405126853,0.0,0.5855875695,0.8246172855,7581.0,373.0
0.7419606085555324,0.0,0.53456667,0.841424149,7581.0,373.0
0.6985537369663226,0.0,0.507424296,0.861271782,7581.0,373.0
0.6802211553065489,0.0,0.488664421,0.8643354894999999,7581.0,373.0
0.6728176136690387,0.0,0.478139824,0.868675138,7581.0,373.0
0.6947344983420243,0.0,0.4944754845,0.8719208629999999,7581.0,373.0
0.7633230239375817,0.0,0.5032448,0.876836033,7581.0,373.0
0.7905625160308104,0.016075642,0.524716661,0.891617151,7581.0,373.0
0.7936255736360555,0.092440756,0.542530471,0.903806694,7581.0,373.0
0.7896373039353503,0.162282951,0.539883604,0.910631225,7581.0,373.0
0.7872369304772179,0.188524345,0.585205885,0.917365633,7581.0,373.0
0.7845860982071654,0.208053778,0.625454095,0.917726486,7581.0,373.0
0.7825640634715463,0.2027391,0.681537601,0.923263106,7581.0,373.0
0.7816015098705886,0.16612313,0.710293413,0.924875718,7581.0,373.0
0.7815725924881145,0.144602606,0.721209347,0.93103793,7581.0,373.0
0.7792072890293994,0.106466774,0.734042383,0.925173183,7581.0,373.0
0.7782120790077862,0.074455531,0.732351141,0.913123784,7581.0,373.0
0.7767699050164182,0.045925249,0.727057157,0.89959797,7581.0,373.0
0.775140170647267,0.010230928,0.743713035,0.858210771,7581.0,373.0
0.7685881517745806,0.0,0.768673158,0.805629983,7581.0,373.0
0.7534294700924247,0.0,0.798213492,0.7730682680000001,7581.0,373.0
0.7181690448197641,0.0,0.813068915,0.686785381,7581.0,373.0
0.674322070998532,0.0,0.798140657,0.732976841,7581.0,373.0
0.6480782149378581,0.0,0.7927974945,0.7095623630000001,7581.0,373.0
0.6425396743002691,0.0,0.791793775,0.8127288913333334,7581.0,373.0
0.6845226410090417,0.0,0.790082309,0.85169145,7581.0,373.0
0.7610599249978847,0.004934741,0.7808046355,0.8453819055,7581.0,373.0
0.7816225233728614,0.03169334,0.761372853,0.806951121,7581.0,373.0
0.7766773316169076,0.075016851,0.73312481,0.598791528,7581.0,373.0
0.7745991661601064,0.109987911,0.721681288,0.629402049,7581.0,373.0
0.7740471814842729,0.156503741,0.720384166,0.6715431,7581.0,373.0
0.7723110386806447,0.297718896,0.712898833,0.5182402086666666,7581.0,373.0
0.771042289594625,0.279243186,0.716525026,0.631359044,7581.0,373.0
0.7706492792789554,0.233214596,0.727742821,0.85031739,7581.0,373.0
0.7731994453913287,0.15780802,0.773497672,0.923969094,7581.0,373.0
0.7743435960452996,0.048397665,0.790703031,0.929078402,7581.0,373.0
0.7691747802317868,0.0,0.795667923,0.919786193,7581.0,373.0
0.7542755972018955,0.0,0.8020443755,0.9285423845,7581.0,373.0
0.7186473397507549,0.0,0.804208636,0.919061692,7581.0,373.0
0.6754347486185854,0.0,0.789224282,0.911621959,7581.0,373.0
0.6483845917761439,0.0,0.7425516415,0.8462642885,7581.0,373.0
0.6405093098115758,0.0,0.6503590435,0.6712806575,7581.0,373.0
0.648371268837947,0.0,0.544322355,0.520438912,7581.0,373.0
0.6851087488092197,0.0,0.441944084,0.433253801,7581.0,373.0
0.7477275536719524,0.0,0.34287411,0.364677758,7581.0,373.0
0.7823807151552747,0.010319495,0.283442306,0.316983797,7581.0,373.0
0.7876551191371802,0.109429791,0.234373818,0.28531919,7581.0,373.0
0.7862924561427431,0.146355017,0.206331944,0.254670476,7581.0,373.0
0.7847642871726461,0.148911028,0.210141044,0.222477628,7581.0,373.0
0.7851432414053774,0.168632318,0.208046342,0.205411338,7581.0,373.0
0.7855447234777683,0.172906361,0.221923247,0.18954225,7581.0,373.0
0.7866137646955964,0.1509014065,0.230225086,0.1689743885,7581.0,373.0
0.7855619507223679,0.12009031,0.235795918,0.168891711,7581.0,373.0
0.7849542139096992,0.087815145,0.238614916,0.189090824,7581.0,373.0
0.7843805057823913,0.047845442,0.254000112,0.224832616,7581.0,373.0
0.7850061797888612,0.013233217,0.277081106,0.261056429,7581.0,373.0
0.7779327972523755,0.0,0.321477546,0.302537499,7581.0,373.0
0.7744188469328148,0.0,0.376991095,0.307316341,7581.0,373.0
0.7467100523223449,0.0,0.44131595199999996,0.3076316455,7581.0,373.0
0.6841766745618209,0.0,0.496561722,0.315340819,7581.0,373.0
0.6601184652551773,0.0,0.4909355565,0.301496097,7581.0,373.0
0.6561572670276015,0.0,0.4986578655,0.427125599,7581.0,373.0
0.6888533750446577,0.0,0.4959845965,0.5041759215,7581.0,373.0
0.7622944951798094,0.0,0.461565358,0.514681808,7581.0,373.0
0.7909126001005593,0.008656802,0.426895043,0.476385788,7581.0,373.0
0.7939709722067563,0.13644855,0.394720203,0.44876111,7581.0,373.0
0.7922718082021782,0.264561341,0.390294475,0.451966383,7581.0,373.0
0.7916495418690346,0.396944292,0.443114083,0.440342952,7581.0,373.0
0.7905447681291824,0.494742156,0.495681568,0.453237368,7581.0,373.0
0.7874864902548661,0.5558019295000001,0.4995471035,0.43088068599999996,7581.0,373.0
0.7856786611521148,0.495618599,0.511243864,0.411529461,7581.0,373.0
0.7847973693971402,0.428093,0.497023933,0.420572427,7581.0,373.0
0.7843669699422751,0.33537234,0.431796047,0.368052653,7581.0,373.0
0.784695803998086,0.196663753,0.362465166,0.352936532,7581.0,373.0
0.7877658662421573,0.046029481,0.345010451,0.382514785,7581.0,373.0
0.7810716272305763,0.0,0.319818603,0.435319479,7581.0,373.0
0.776809849807057,0.0,0.334422349,0.485614403,7581.0,373.0
0.7623112021815869,0.0,0.331449746,0.577573701,7581.0,373.0
0.7387355475011436,0.0,0.361279414,0.699453489,7581.0,373.0
0.6774327407629519,0.0,0.368431624,0.725174448,7581.0,373.0
0.6436779089870307,0.0,0.37328841999999995,0.7345892425,7581.0,373.0
0.6281550631282357,0.0,0.46254695749999997,0.851056985,7581.0,373.0
0.6273427045827147,0.0,0.5636606895,0.8945688254999999,7581.0,373.0
0.6391251124507344,0.0,0.630527279,0.904635593,7581.0,373.0
0.6685667215810027,0.00501684,0.665530668,0.890763558,7581.0,373.0
0.6960492892629784,0.026798093,0.684386651,0.89036246,7581.0,373.0
0.7226576646819954,0.055940201,0.678623544,0.885926031,7581.0,373.0
0.725646465080084,0.086331066,0.701755999,0.832679589,7581.0,373.0
0.7260166634107308,0.120729143,0.725514763,0.832654802,7581.0,373.0
0.7260365411599634,0.136533277,0.76557309,0.794725126,7581.0,373.0
0.7251216941571644,0.142042996,0.781243482,0.811518199,7581.0,373.0
0.7247817854736971,0.148782102,0.795767916,0.816359007,7581.0,373.0
0.7253367516048125,0.14493002,0.796941237,0.870870439,7581.0,373.0
0.7257243668864384,0.125631756,0.799919978,0.899474636,7581.0,373.0
0.7273434047980736,0.090829298,0.789066406,0.913947763,7581.0,373.0
0.7269893923979699,0.018449585,0.779337008,0.918829345,7581.0,373.0
0.7244062861337842,0.0,0.760017748,0.918648066,7581.0,373.0
0.7160111554641129,0.0,0.732226559,0.9120554935,7581.0,373.0
0.6811597611694435,0.0,0.6842462925,0.8954541035,7581.0,373.0
0.629308229598599,0.0,0.656519444,0.8715250704999999,7581.0,373.0
0.6194413685386732,0.0,0.5813225245,0.807584333,7581.0,373.0
0.6533018834397282,0.0017953835,0.4817019065,0.7471125175,7581.0,373.0
0.6953329824124292,0.117359563,0.441725664,0.725841895,7581.0,373.0
0.7206340207557997,0.189975786,0.415422785,0.706308293,7581.0,373.0
0.7251428497321188,0.249843347,0.42133636,0.708978729,7581.0,373.0
0.7241766991656613,0.296513743,0.458030783,0.704822225,7581.0,373.0
0.7209934994333909,0.30615003350000003,0.471046049,0.6278079645000001,7581.0,373.0
0.7200004428691286,0.298705163,0.469011108,0.551687531,7581.0,373.0
0.7224993530515414,0.250090565,0.449863334,0.529872218,7581.0,373.0
0.7253569134994082,0.19745446,0.428148308,0.509361185,7581.0,373.0
0.7282736337574367,0.119111691,0.383585359,0.535427117,7581.0,373.0
0.7303187642092356,0.026317874,0.345351021,0.53212587,7581.0,373.0
0.7324243799306158,0.0,0.31866167,0.533162395,7581.0,373.0
0.7305863558267718,0.0,0.293400906,0.518849848,7581.0,373.0
0.7167490675103039,0.0,0.259859062,0.4781106225,7581.0,373.0
0.7152348131717728,0.0,0.220756635,0.453749156,7581.0,373.0
0.7047184957390871,0.0,0.2039107235,0.4456296415,11143.0,549.0
0.7039741943571847,0.0,0.19842415949999997,0.5097840935,14705.0,725.0
0.7414752143396285,0.0,0.22327161950000002,0.543352963,14705.0,725.0
0.8151824119620327,0.0,0.249165852,0.515537736,14705.0,725.0
0.8196595309785629,0.003546765,0.262171978,0.478656469,14705.0,725.0
0.8188969846477503,0.061293665,0.268034966,0.45219335,14705.0,725.0
0.8128146000713661,0.160163559,0.253993745,0.447628165,14705.0,725.0
0.8102986519365268,0.283507411,0.261558366,0.454227053,14705.0,725.0
0.8068961586711447,0.358074914,0.260402225,0.491851356,14705.0,725.0
0.8043879249172304,0.404900642,0.2412826845,0.5024563725,14705.0,725.0
0.8015799169768669,0.383724826,0.211484068,0.535918072,14705.0,725.0
0.8022006689726237,0.329910615,0.188256079,0.530169673,14705.0,725.0
0.802931410490458,0.263635426,0.17596766,0.497410527,14705.0,725.0
0.8050392981321244,0.161075743,0.158445053,0.455703112,14705.0,725.0
0.808456462990663,0.030774168,0.137375898,0.436933534,14705.0,725.0
0.8014299822499444,0.0,0.123179908,0.443898396,14705.0,725.0
0.7975935399907923,0.0,0.114002669,0.47490955300000004,14705.0,725.0
0.7593420898263517,0.0,0.120679354,0.468856001,14705.0,725.0
0.7143154225355042,0.0,0.1385121165,0.49225013949999996,14705.0,725.0
0.7026887466225431,0.0,0.1482540625,0.512443988,14705.0,725.0
0.7097472208471041,0.0,0.1498088495,0.5311363695,14705.0,725.0
0.7691969299013057,0.0,0.153915294,0.534042016,14705.0,725.0
0.8155409673742969,0.0,0.159462022,0.513415814,14705.0,725.0
0.8190658506630386,0.003045761,0.169513668,0.476943859,14705.0,725.0
0.8192260079957345,0.057033378,0.16602203,0.420359618,14705.0,725.0
0.8150778174739987,0.117284515,0.174025202,0.351315812,14705.0,725.0
0.8130377979108804,0.190763513,0.184543038,0.284837779,14705.0,725.0
0.811724545144162,0.265516607,0.173481964,0.272476525,14705.0,725.0
0.8123108422365133,0.322074635,0.184287501,0.258505613,14705.0,725.0
0.8116483471744709,0.3167143145,0.1872982425,0.264352911,14705.0,725.0
0.8120325545756673,0.219176912,0.191682458,0.26687192,14705.0,725.0
0.8118061383549997,0.15142522,0.189137642,0.260708115,14705.0,725.0
0.8108284397233494,0.096455915,0.206993379,0.242156732,14705.0,725.0
0.8099525906361162,0.011902109,0.251709191,0.223479719,14705.0,725.0
0.8010680187501477,0.0,0.28493053,0.211036603,14705.0,725.0
0.7963537400430452,0.0,0.3057693095,0.21170097650000003,14705.0,725.0
0.7563762434859675,0.0,0.323074628,0.232871964,14705.0,725.0
0.7124335727372614,0.0,0.373693907,0.316451056,14705.0,725.0
0.697008009386771,0.0,0.37439434800000004,0.33080641200000005,14705.0,725.0
0.6906479758552987,0.0,0.35367491500000003,0.333361394,14705.0,725.0
0.7345386094813989,0.0,0.3199884465,0.334735151,14705.0,725.0
0.8130018286700882,0.0,0.311882306,0.317303705,14705.0,725.0
0.8188577025868212,0.002770394,0.303338105,0.301971026,14705.0,725.0
0.8172831052584935,0.121551698,0.30270419,0.27982187,14705.0,725.0
0.8112588391782145,0.233829319,0.289855777,0.258885436,14705.0,725.0
0.8076185709191452,0.340976752,0.295748131,0.236910329,14705.0,725.0
0.8068911418072418,0.460504202,0.376268043,0.218354195,14705.0,725.0
0.8051346164752518,0.509570165,0.41970868,0.194571138,14705.0,725.0
0.801179002573893,0.4655775235,0.4357367765,0.1792789705,14705.0,725.0
0.7994815896254701,0.361679001,0.434101146,0.194178674,14705.0,725.0
0.801270297940579,0.265095844,0.402535125,0.193264267,14705.0,725.0
0.804699389448657,0.16692164,0.362558543,0.187994256,14705.0,725.0
0.8070222400989879,0.015019014,0.314074644,0.190103792,14705.0,725.0
0.80059171159408,0.0,0.289382157,0.195551938,14705.0,725.0
0.7964926471547,0.0,0.2582032895,0.1778574015,14705.0,725.0
0.760239141708031,0.0,0.216850081,0.151981665,14705.0,725.0
0.7206586784430643,0.0,0.185728401,0.144715695,14705.0,725.0
0.7091012905070546,0.0,0.159486772,0.19120546900000002,14705.0,725.0
0.6986127547038028,0.0,0.137032402,0.24000250750000002,14705.0,725.0
0.7382396939606981,0.0,0.160292382,0.261252023,14705.0,725.0
0.8146380470210375,0.0,0.180669727,0.29780533,14705.0,725.0
0.8183949308566637,0.002388497,0.21530199,0.354286905,14705.0,725.0
0.8177511775837111,0.043017513,0.241411652,0.394756693,14705.0,725.0
0.81243058175524,0.084918523,0.25653939,0.439254058,14705.0,725.0
0.8106722579405001,0.141957037,0.282372099,0.479751308,14705.0,725.0
0.8101624423418938,0.168972499,0.29206615,0.487096721,14705.0,725.0
0.8069124394548776,0.200018098,0.328689704,0.544004684,14705.0,725.0
0.8055749548047332,0.204685383,0.336877065,0.594712682,14705.0,725.0
0.8032521041544024,0.140958095,0.342386135,0.621875578,14705.0,725.0
0.8015956298840797,0.11855733,0.350423889,0.625701966,14705.0,725.0
0.8000057926718694,0.067457541,0.374358051,0.645580222,14705.0,725.0
0.7990824266928573,0.021733686,0.399331559,0.667226413,14705.0,725.0
0.7976140330431399,0.001665823,0.433501503,0.689994454,14705.0,725.0
0.7893863716858938,0.0,0.461787657,0.709438424,14705.0,725.0
0.7807954692102321,0.0,0.512429529,0.7308993755,14705.0,725.0
0.732272173697613,0.0,0.557480107,0.754129661,14705.0,725.0
0.6880058516465296,0.0,0.5868076085,0.7769800950000001,14705.0,725.0
0.6734055675856645,0.0,0.6032118989999999,0.7912049735,14705.0,725.0
0.6788983894690526,0.0,0.6059017375,0.8083154485,14705.0,725.0
0.7339082023421828,0.0,0.602353748,0.817254213,14705.0,725.0
0.7963643886597601,0.0,0.582675631,0.809752842,14705.0,725.0
0.8139037081234972,0.001945886,0.565659479,0.798015096,14705.0,725.0
0.812523628178081,0.108314317,0.549947502,0.772171915,14705.0,725.0
0.8065094902645916,0.226101097,0.548663702,0.753546549,14705.0,725.0
0.804637673987052,0.341056807,0.542358646,0.733519378,14705.0,725.0
0.8033566042034527,0.417653966,0.580043875,0.717686215,14705.0,725.0
0.8013174366622174,0.443916953,0.624142011,0.737839058,14705.0,725.0
0.8001735227270148,0.442813678,0.6423692089999999,0.7270418845,14705.0,725.0
0.7995762452388876,0.366821017,0.642145839,0.69272518,14705.0,725.0
0.799991783808423,0.274241726,0.611059725,0.681025867,14705.0,725.0
0.802970692965593,0.163307912,0.607510018,0.687678244,14705.0,725.0
0.8040435202339913,0.007065591,0.602298029,0.695739671,14705.0,725.0
0.7970093725389428,0.0,0.600342496,0.699629761,14705.0,725.0
0.7936465401259395,0.0,0.5963485275,0.7118602495,14705.0,725.0
0.7529356039126964,0.0,0.587665531,0.680157351,14705.0,725.0
0.6911259634453866,0.0,0.550945963,0.5814943335,14705.0,725.0
0.6710582013207507,0.0,0.495953811,0.553366138,14705.0,725.0
0.6696602786205168,0.0,0.454032511,0.628024059,14705.0,725.0
0.6748426774936378,0.0,0.4100638035,0.6428746135000001,14705.0,725.0
0.7018240431993071,0.000568133,0.32162964650000003,0.5971906570000001,14705.0,725.0
0.7378974661374526,0.09656891,0.265674066,0.559740634,14705.0,725.0
0.7550539983054996,0.164511015,0.229063872,0.540056695,14705.0,725.0
0.7584723933560618,0.233706008,0.205144038,0.533469975,14705.0,725.0
0.7549465640206592,0.326771474,0.186570501,0.430859096,14705.0,725.0
0.7518809739595105,0.35085610899999997,0.2031225645,0.3113852585,14705.0,725.0
0.7509567323488693,0.330691758,0.199246285,0.255449677,14705.0,725.0
0.7518295523471227,0.289787432,0.186722348,0.279211833,14705.0,725.0
0.7591035576639712,0.20518598,0.187252618,0.327426059,14705.0,725.0
0.7670978453812155,0.11651681,0.192198382,0.386423496,14705.0,725.0
0.7690975411551422,0.004047974,0.197377359,0.398077563,14705.0,725.0
0.7689609529761625,0.0,0.207179631,0.389442101,14705.0,725.0
0.7635101580973201,0.0,0.211324857,0.385248754,14705.0,725.0
0.7378961885188341,0.0,0.21201098149999997,0.388451171,14705.0,725.0
0.7072819373630624,0.0,0.2046039895,0.403998163,14705.0,725.0
0.6958516009255086,0.0,0.2144241705,0.31890276399999995,14705.0,725.0
0.6972762163074222,0.0,0.2028714715,0.267963477,14705.0,725.0
0.7037259362221069,0.0,0.17584830099999998,0.2522981635,14705.0,725.0
0.7274962265412943,0.00103741,0.169857713,0.317130667,14705.0,725.0
0.7495969087370324,0.086071647,0.166217695,0.386794854,14705.0,725.0
0.7683311613471644,0.203424477,0.152617327,0.464202027,14705.0,725.0
0.765365078495115,0.306502411,0.156598938,0.556776945,14705.0,725.0
0.7630987847840107,0.364085564,0.15912257,0.640455114,14705.0,725.0
0.7593674574628178,0.371598069,0.190263877,0.708081583,14705.0,725.0
0.7553618184448315,0.399321845,0.230091519,0.765167121,14705.0,725.0
0.7530212675265706,0.419240987,0.273013026,0.807612232,14705.0,725.0
0.7518295523471227,0.361957005,0.305930465,0.829146988,14705.0,725.0
0.7558574826931036,0.314557091,0.352008223,0.84546996,14705.0,725.0
0.7636981442789418,0.150139449,0.420877717,0.856337632,14705.0,725.0
0.766378651514368,0.002744229,0.503668487,0.860640264,14705.0,725.0
0.7645269494977261,0.0,0.544049209,0.863464735,14705.0,725.0
0.7592255686887781,0.0,0.579898257,0.875897174,14705.0,725.0
0.7416819899440377,0.0,0.623798618,0.890241451,14705.0,725.0
0.7183195474232066,0.0,0.662207256,0.891686135,14705.0,725.0
0.7057838219426859,0.0,0.675211291,0.890766288,14705.0,725.0
0.6872609349615122,0.0,0.716358295,0.899642961,14705.0,725.0
0.6780484763090118,0.0,0.755112953,0.910225182,14705.0,725.0
0.6741982142714833,0.0,0.781132916,0.920009069,14705.0,725.0
0.6738026483043704,0.0,0.794621182,0.924867298,14705.0,725.0
0.6835273365484449,0.0,0.786703296,0.921539823,14705.0,725.0
0.7290232593441451,0.0,0.77192262,0.916762307,14705.0,725.0
0.7930077562902949,0.0,0.757837896,0.909809953,14705.0,725.0
0.8084608171248562,0.0,0.726985955,0.895214211,14705.0,725.0
0.8085547155695803,0.041903557,0.685900728,0.891107783,14705.0,725.0
0.8023498461166466,0.108115232,0.649526431,0.88874624,14705.0,725.0
0.7987860597655285,0.172166412,0.616655275,0.88900674,14705.0,725.0
0.7967752889497391,0.25773609,0.597073731,0.886592608,14705.0,725.0
0.7919578352387999,0.353807897,0.6225092105000001,0.901970749,14705.0,725.0
0.7907047833891967,0.374759158,0.630794332,0.9088111,14705.0,725.0
0.7900421936810678,0.315305466,0.622042818,0.906702291,14705.0,725.0
0.7926738581510892,0.205032527,0.60570087,0.904496304,14705.0,725.0
0.7934868560236771,0.083269003,0.583247819,0.893620106,14705.0,725.0
0.7968975841199093,0.001581783,0.579187224,0.890880698,14705.0,725.0
0.7891824833048859,0.0,0.572059133,0.89937445,14705.0,725.0
0.7817552068312322,0.0,0.571686303,0.919372353,14705.0,725.0
0.7362507414495731,0.0,0.583629798,0.927351348,14705.0,725.0
0.6884524844585326,0.0,0.589515496,0.9249862185,14705.0,725.0
0.6727041531001062,0.0,0.598098072,0.9146162203333333,14705.0,725.0
0.704875387471138,0.0,0.6325294095,0.895623301,14705.0,725.0
0.7927052365389199,0.0,0.64468507,0.8850674065,14705.0,725.0
0.79549535491918,0.011406167,0.652944229,0.857553268,14705.0,725.0
0.7887676074650602,0.031255448,0.647902854,0.831938211,14705.0,725.0
0.7843044973119766,0.051792424,0.639182356,0.804516668,14705.0,725.0
0.784695803998086,0.062907318,0.661436965,0.795047021,14705.0,725.0
0.7831319737494087,0.070664377,0.6573000625000001,0.7785198945,14705.0,725.0
0.7814349157755865,0.065701439,0.651594163,0.759145163,14705.0,725.0
0.780755003969668,0.049258274,0.640687946,0.741244191,14705.0,725.0
0.7794094733666408,0.038896557,0.633662837,0.726057787,14705.0,725.0
0.7793989666155045,0.00984141,0.622742823,0.723198675,14705.0,725.0
0.7789669579700628,0.0,0.608904245,0.716351161,14705.0,725.0
0.7774962217779245,0.0,0.5789494745,0.6896394905000001,14705.0,725.0
0.7440618939595682,0.0,0.5587752909999999,0.722826426,14705.0,725.0
0.6935572892804082,0.0,0.56124409,0.779233488,14705.0,725.0
0.6774987867490044,0.0,0.503678937,0.7885205255000001,14705.0,725.0
0.6719946773360406,0.0,0.464595256,0.768023485,14705.0,725.0
0.6777475419313643,0.0,0.37721711150000004,0.7155659080000001,14705.0,725.0
0.7280072723319243,0.0,0.308826031,0.626706127,14705.0,725.0
0.7898292656668184,0.0,0.29127542,0.553505485,14705.0,725.0
0.7996170420514096,0.0,0.272126573,0.471441287,14705.0,725.0
0.7996580277418988,0.034781883,0.251308344,0.396796032,14705.0,725.0
0.7919567469123547,0.093591095,0.240700896,0.406014835,14705.0,725.0
0.7824467847510731,0.12616123,0.234598258,0.428938202,14705.0,725.0
0.7806887450816964,0.169953008,0.244714439,0.417205609,14705.0,725.0
0.7783374504864279,0.202908425,0.25134599,0.431719127,14705.0,725.0
0.7768089029319841,0.192413659,0.268823763,0.506855315,14705.0,725.0
0.7766912932608623,0.183223702,0.284288583,0.586864092,14705.0,725.0
0.7756875646772421,0.181367965,0.290356575,0.633036913,14705.0,725.0
0.7754917694686089,0.134741728,0.286207325,0.637765739,14705.0,725.0
0.7764623686082432,0.089249897,0.292392841,0.648946411,14705.0,725.0
0.7784588464152228,0.001688434,0.296365136,0.667563468,14705.0,725.0
0.7790214322811765,0.0,0.2801122,0.659110081,14705.0,725.0
0.7744694405472716,0.0,0.24617171399999999,0.5880009785,14705.0,725.0
0.7307966809700859,0.0,0.22035454,0.52051305,14705.0,725.0
0.6879124500419846,0.0,0.22035945099999998,0.5477887135,14705.0,725.0
0.6726650603313505,0.0,0.23120562833333333,0.5829772573333334,14705.0,725.0
0.7059573492259672,0.0,0.2444206135,0.577274654,14705.0,725.0
0.7930072356332666,0.0,0.27012255,0.55042003,14705.0,725.0
0.8044055781727717,0.0,0.291953177,0.530259926,14705.0,725.0
0.8023903587838054,0.024299462,0.307402583,0.535637639,14705.0,725.0
0.795197000216928,0.122421149,0.321040774,0.552855243,14705.0,725.0
0.7888868735462506,0.202281015,0.334390967,0.550255481,14705.0,725.0
0.7803454759443943,0.302382448,0.344585027,0.451451212,14705.0,725.0
0.7765203926653648,0.392365151,0.379914769,0.435006462,14705.0,725.0
0.7742113143668153,0.408893259,0.41077878,0.426552464,14705.0,725.0
0.7736621694877883,0.358323203,0.43106942,0.446215141,14705.0,725.0
0.7739841881969463,0.254050837,0.452781328,0.465306254,14705.0,725.0
0.7742161891580368,0.117380017,0.461616449,0.467388543,14705.0,725.0
0.7756207851322422,0.001120357,0.465132967,0.48441844,14705.0,725.0
0.7734263112326837,0.0,0.4608115875,0.5306025535,14705.0,725.0
0.7409972505663895,0.0,0.445777403,0.565907175,14705.0,725.0
0.6934923082181581,0.0,0.442264867,0.614188232,14705.0,725.0
0.6774987867490044,0.0,0.441215915,0.6160833960000001,14705.0,725.0
0.6719338136892157,0.0,0.4278457485,0.6142790825,14705.0,725.0
0.7046583894680585,0.0,0.42429525599999995,0.631664148,14705.0,725.0
0.7901765101468641,0.0,0.437034814,0.6369706485,14705.0,725.0
0.7927094488075346,0.031463356,0.439543016,0.633233383,14705.0,725.0
0.7832935271636587,0.133145119,0.441717843,0.622218694,14705.0,725.0
0.7808966090125508,0.214369591,0.456530362,0.616940341,14705.0,725.0
0.7803174582175012,0.276611452,0.443635597,0.599650436,14705.0,725.0
0.7801355297996331,0.30588536,0.482431314,0.6192092515000001,14705.0,725.0
0.7799331557560122,0.264708673,0.52163768,0.633364772,14705.0,725.0
0.7780828740519796,0.186323336,0.534135672,0.650083648,14705.0,725.0
0.7769998237636019,0.112366634,0.555620535,0.672251,14705.0,725.0
0.7764227079629675,0.017453381,0.582874302,0.694462882,14705.0,725.0
0.7756314811755519,0.0,0.609134407,0.75506215,14705.0,725.0
0.7708841672563442,0.0,0.648297974,0.805636276,14705.0,725.0
0.7666816442890734,0.0,0.6908292574999999,0.809328839,14705.0,725.0
0.7232612366526444,0.0,0.731438727,0.771436939,14705.0,725.0
0.6701130170370743,0.0,0.7726412645,0.739873588,14705.0,725.0
0.6503763838769724,0.0,0.783998768,0.7972858485000001,14705.0,725.0
0.6493414583277795,0.0,0.793724861,0.8637943056666666,14705.0,725.0
0.6744357289366563,0.0,0.7716907319999999,0.8925086680000001,14705.0,725.0
0.7028191113553417,0.004185709,0.761572602,0.90760319,14705.0,725.0
0.7138715346671178,0.016191812,0.742512156,0.903954303,14705.0,725.0
0.7186216883831319,0.025676234,0.711045164,0.901794076,14705.0,725.0
0.7188638175110122,0.04609692,0.69308497,0.890641545,14705.0,725.0
0.7187822715196661,0.0501778965,0.6198700455,0.8818813974999999,14705.0,725.0
0.7191206182320489,0.026354279,0.578796673,0.869941785,14705.0,725.0
0.717485204683491,0.020835315,0.580052247,0.849886844,14705.0,725.0
0.7188877652490752,0.010513648,0.604529283,0.815677171,14705.0,725.0
0.7219094585794843,0.003264544,0.626330772,0.724786666,14705.0,725.0
0.7219385180346398,0.0,0.632121382,0.664228047,14705.0,725.0
0.7176713136832097,0.0,0.6438027196666667,0.5535675703333333,14705.0,725.0
0.7029517239844748,0.0,0.645159988,0.496216565,14705.0,725.0
0.6778443986358306,0.0,0.618539686,0.482141888,14705.0,725.0
0.6581117884521701,0.0,0.6204357695,0.433873564,14705.0,725.0
0.6482618944118813,0.0,0.622787625,0.391959555,14705.0,725.0
0.650453031674454,0.0,0.666521374,0.401817769,14705.0,725.0
0.656752651179789,0.0,0.689547213,0.51855662,14705.0,725.0
0.6854197401102129,0.0,0.683352664,0.647335436,14705.0,725.0
0.7021919225972788,0.007090247,0.683056005,0.648490856,14705.0,725.0
0.7125788691846275,0.043397837,0.676611848,0.628962917,14705.0,725.0
0.7161693486316313,0.0844973,0.665720187,0.654486355,14705.0,725.0
0.7176040449608426,0.098175492,0.634398983,0.709094806,14705.0,725.0
0.7184236684737041,0.084351051,0.6203044885,0.6962708474999999,14705.0,725.0
0.7192652523639113,0.057021356,0.6170488,0.687378696,14705.0,725.0
0.7212627710707414,0.045976797,0.618495038,0.73232809,14705.0,725.0
0.7232450503078951,0.028636627,0.610783921,0.777732123,14705.0,725.0
0.7323948474521298,0.008061177,0.600650411,0.807697888,14705.0,725.0
0.7382705042649059,0.0,0.601685963,0.799604378,14705.0,725.0
0.7404000677243491,0.0,0.587161052,0.736754128,14705.0,725.0
0.7360908678480342,0.0,0.550616641,0.585399844,14705.0,725.0
0.7118338346579836,0.0,0.465436949,0.546989823,14705.0,725.0
0.697660281635937,0.0,0.347642616,0.467340224,14705.0,725.0
0.682437281621241,0.0,0.309124493,0.50613823,14705.0,725.0
0.6743585372866066,0.0,0.3189579435,0.4990590605,14705.0,725.0
0.6796537418688656,0.0,0.275305536,0.3815632535,14705.0,725.0
0.7341502842505714,0.0,0.206245977,0.380658794,14705.0,725.0
0.8039422385660941,0.0,0.1700816605,0.3566355715,14705.0,725.0
0.8107179763495292,0.005892757,0.162094897,0.364672091,14705.0,725.0
0.8068236523130401,0.043736821,0.162421922,0.398618755,14705.0,725.0
0.8053723914689388,0.102988282,0.162280507,0.403231257,14705.0,725.0
0.8039836032551361,0.146942589,0.151423272,0.403365928,14705.0,725.0
0.7995159496756857,0.1728431355,0.1523035985,0.43923274349999997,14705.0,725.0
0.7970336044223688,0.145791061,0.161480099,0.489166035,14705.0,725.0
0.7987576630400826,0.104056165,0.165442423,0.531580099,14705.0,725.0
0.7993901523932057,0.04708643,0.17010646,0.593230229,14705.0,725.0
0.8020611461436479,0.009886235,0.170817551,0.638372474,14705.0,725.0
0.8032828672391182,0.0,0.173917212,0.687942614,14705.0,725.0
0.797349659806757,0.0,0.18159963099999998,0.73673674,14705.0,725.0
0.769570843453285,0.0,0.2063862005,0.7895805835,14705.0,725.0
0.7111910750653894,0.0,0.232455778,0.820055037,14705.0,725.0
0.7018352126801533,0.0,0.2612094495,0.844264073,14705.0,725.0
0.7018675375288508,0.0,0.2827670295,0.8429800519999999,14705.0,725.0
0.7400307688421801,0.0,0.26646760449999995,0.8093338919999999,14705.0,725.0
0.8179740918991715,0.0,0.26130470699999997,0.7421118394999999,14705.0,725.0
0.8207211891803211,0.010225134,0.275944235,0.683493395,14705.0,725.0
0.8156126217105183,0.128398889,0.286517262,0.668379383,14705.0,725.0
0.8125486172302003,0.278394481,0.292982711,0.641309213,14705.0,725.0
0.8071655487714308,0.379916468,0.289087341,0.625640707,14705.0,725.0
0.8013019130471779,0.40769907299999997,0.30863757700000005,0.6553123635,14705.0,725.0
0.7977181540936376,0.351911935,0.326026328,0.657491926,14705.0,725.0
0.7974603120585444,0.302746294,0.337928737,0.657045837,14705.0,725.0
0.7990370864539688,0.176614405,0.345104082,0.647846663,14705.0,725.0
0.7986837367835748,0.031261478,0.382073926,0.669172218,14705.0,725.0
0.7969185031831986,0.0,0.412552345,0.671045714,14705.0,725.0
0.7897152527540934,0.0,0.43497658299999997,0.702577502,14705.0,725.0
0.7546052828653833,0.0,0.45979189600000003,0.760230123,14705.0,725.0
0.6880894564491397,0.0,0.437661842,0.7995591795,14705.0,725.0
0.6729761384085152,0.0,0.403543849,0.8264732945,14705.0,725.0
0.6776177452821887,0.0,0.367108534,0.821312162,14705.0,725.0
0.7290131783968472,0.0,0.350758809,0.835472042,14705.0,725.0
0.792770217808273,0.0,0.359049002,0.845684698,14705.0,725.0
0.8017292834130634,0.0,0.368514605,0.846869295,14705.0,725.0
0.8016378461807989,0.00334515,0.373516026,0.847365624,14705.0,725.0
0.7961444087871928,0.02803858,0.365801845,0.854259869,14705.0,725.0
0.7947751197382761,0.065287403,0.359796214,0.86944875,14705.0,725.0
0.7946928637977285,0.106442231,0.363096171,0.856334187,14705.0,725.0
0.7912492665860246,0.173329179,0.429991251,0.8692854575,14705.0,725.0
0.7906916737671251,0.189858472,0.472530943,0.873959216,14705.0,725.0
0.7902696984352835,0.191176029,0.45966857,0.874666319,14705.0,725.0
0.7902759459054164,0.12474258,0.447559093,0.882466012,14705.0,725.0
0.7910603101266872,0.03680173,0.454612526,0.892228868,14705.0,725.0
0.7940854583499147,0.0,0.481547071,0.89460109,14705.0,725.0
0.7919664016416079,0.0,0.5071838655,0.8929281520000001,14705.0,725.0
0.7575424723589108,0.0,0.5148658045000001,0.898985127,14705.0,725.0
0.6909304993945053,0.0,0.5531190095,0.8974303115,14705.0,725.0
0.675963377042622,0.0,0.5352073165,0.905818601,14705.0,725.0
0.6847965743285913,0.0,0.5474203285,0.9077740525,14705.0,725.0
0.7461379533856135,0.0,0.554965229,0.908100389,14705.0,725.0
0.8101564317976322,0.0,0.5754574459999999,0.899217171,14705.0,725.0
0.815926689319983,0.010581457,0.586353383,0.887349108,14705.0,725.0
0.8107558389262612,0.175009007,0.569173206,0.885804928,14705.0,725.0
0.8073319535742595,0.278230108,0.561470352,0.88986175,14705.0,725.0
0.8051760756032775,0.307254277,0.59084653,0.881297898,14705.0,725.0
0.8037458282614489,0.317431546,0.620690418,0.873519836,14705.0,725.0
0.7999851579610464,0.2857956705,0.6206500214999999,0.865553887,14705.0,725.0
0.7992803517490953,0.248961152,0.594067883,0.859545393,14705.0,725.0
0.8023382980514537,0.177341179,0.571038546,0.853488045,14705.0,725.0
0.8067807732866114,0.046343941,0.560599107,0.849246962,14705.0,725.0
0.8076041830571459,0.0,0.537068008,0.843992105,14705.0,725.0
0.8004142319564919,0.0,0.4933176555,0.8343377985,14705.0,725.0
0.7735569599037424,0.0,0.4386005995,0.8318312175,14705.0,725.0
0.7163180999718156,0.0,0.428615607,0.830994572,14705.0,725.0
0.7040281956449678,0.0,0.42359021399999996,0.8475799435,14705.0,725.0
0.698642807839317,0.0,0.388011824,0.857254119,14705.0,725.0
0.7375036986530896,0.0,0.31766782,0.8213349485,14705.0,725.0
0.8160016566834443,0.0,0.253476353,0.6929378365000001,14705.0,725.0
0.8192260079957345,0.004481257,0.221442183,0.597515594,14705.0,725.0
0.8135996742418383,0.069149589,0.208937512,0.549254755,14705.0,725.0
0.8125486172302003,0.115671279,0.191449829,0.529099561,14705.0,725.0
0.8104093041883143,0.13605238,0.161912563,0.511169056,14705.0,725.0
0.8072135391007462,0.13626444,0.1898510145,0.604865095,14705.0,725.0
0.8045315651616312,0.095603111,0.203508488,0.66276212,14705.0,725.0
0.8050072100021951,0.066451915,0.202364895,0.669533035,14705.0,725.0
0.8052732868681384,0.028479332,0.202086256,0.638135116,14705.0,725.0
0.8067807732866114,0.006018408,0.2033938,0.605320227,14705.0,725.0
0.8063074003663337,0.0,0.215717455,0.627893489,14705.0,725.0
0.7993319390439106,0.0,0.21999903850000002,0.6865280979999999,14705.0,725.0
0.7693735337001618,0.0,0.19556203900000002,0.7482168295,14705.0,725.0
0.6979088947456153,0.0,0.16420062,0.733421594,14705.0,725.0
0.6779736272013831,0.0,0.16624970900000002,0.7332828874999999,14705.0,725.0
0.6696119097068546,0.0,0.1830382405,0.737930557,14705.0,725.0
0.6771350015709179,0.0,0.236297828,0.7323137735,14705.0,725.0
0.7014310801031294,0.0,0.2818387525,0.707372695,14705.0,725.0
0.7382793073864822,0.003662852,0.292502497,0.714273138,14705.0,725.0
0.7578028466428043,0.065539707,0.284311698,0.738111079,14705.0,725.0
0.7608095370152023,0.095103868,0.275065642,0.761121691,14705.0,725.0
0.7575885931691356,0.144448069,0.259491438,0.811693487,14705.0,725.0
0.7531480112699176,0.185823685,0.268725193,0.81896201,14705.0,725.0
0.7484409026769657,0.21619574949999998,0.2837708405,0.8491069149999999,14705.0,725.0
0.7488525365258922,0.162284227,0.308483975,0.8864881,14705.0,725.0
0.7529480039997726,0.078112407,0.329052907,0.894108078,14705.0,725.0
0.7607095803925186,0.008464965,0.363839836,0.901371308,14705.0,725.0
0.7629598302457612,0.0,0.403748824,0.910924675,14705.0,725.0
0.7605144951330869,0.0,0.453192337,0.917293244,14705.0,725.0
0.7460972042067895,0.0,0.5211967375,0.9229298770000001,14705.0,725.0
0.7006401374610769,0.0,0.564349766,0.8839546455,14705.0,725.0
0.6641921146314963,0.0,0.5839875765,0.8424228765,14705.0,725.0
0.6529837458414331,0.0,0.572014078,0.843592388,14705.0,725.0
0.6533832875654957,0.0,0.559774427,0.900084951,14705.0,725.0
0.6650704957604269,0.0,0.5614498575,0.913178324,14705.0,725.0
0.7000669025642023,0.0,0.578007586,0.899365623,14705.0,725.0
0.724026433073884,0.001580582,0.588834459,0.868672592,14705.0,725.0
0.7395207637442976,0.034413863,0.588878621,0.834012564,14705.0,725.0
0.7394445187622177,0.052309045,0.587660905,0.8594154,14705.0,725.0
0.73700552555866,0.059014632,0.598153026,0.836099762,14705.0,725.0
0.7358638833366405,0.077595923,0.604855046,0.879731124,14705.0,725.0
0.7359328401558403,0.077346265,0.6178243880000001,0.904999055,14705.0,725.0
0.7393217029350194,0.047680962,0.642821662,0.902844224,14705.0,725.0
0.7483180156063237,0.014814649,0.638107872,0.910444465,14705.0,725.0
0.7535129090055043,0.001559837,0.643045162,0.905629471,14705.0,725.0
0.7530136001580344,0.0,0.656461972,0.899791362,14705.0,725.0
0.7468650983521541,0.0,0.700358779,0.9102181325,14705.0,725.0
0.7221401819219562,0.0,0.7126965855,0.933737751,14705.0,725.0
0.6945631477116332,0.0,0.754265312,0.9026822649999999,14705.0,725.0
0.6798889612111093,0.0,0.762666794,0.916025077,14705.0,725.0
0.684170994968208,0.0,0.788612857,0.926808866,14705.0,725.0
0.7235012833595147,0.0,0.8017805665,0.9292212195,14705.0,725.0
0.8105677578914499,0.0,0.788625637,0.9292306674999999,14705.0,725.0
0.8163266098354953,0.003337508,0.78422001,0.930866085,14705.0,725.0
0.8120242248916275,0.120120205,0.782836401,0.931565897,14705.0,725.0
0.8116270497339381,0.189441625,0.763704206,0.924881887,14705.0,725.0
0.8077482488982822,0.26552817,0.743914808,0.911787578,14705.0,725.0
0.8063267100319433,0.2648344325,0.7713780299999999,0.9255881525,14705.0,725.0
0.8056830514050772,0.243696083,0.782912499,0.928262452,14705.0,725.0
0.8065239725655746,0.1751073,0.765194739,0.932415903,14705.0,725.0
0.809034808983321,0.088189834,0.714290243,0.928691168,14705.0,725.0
0.8087300179329688,0.003598102,0.639855948,0.91397775,14705.0,725.0
0.8062841149437745,0.0,0.629051458,0.896030006,14705.0,725.0
0.796775951472346,0.0,0.6394770545,0.8407517695,14705.0,725.0
0.7796344701031113,0.0,0.615414125,0.775880213,14705.0,725.0
0.7403416650828808,0.0,0.58028355,0.749985191,14705.0,725.0
0.6988305575092736,0.0,0.53110704,0.729135871,14705.0,725.0
0.6796696204585059,0.0,0.48777537449999997,0.7278021754999999,14705.0,725.0
0.6742127437919582,0.0,0.43424835100000003,0.753136538,14705.0,725.0
0.7123939831283265,0.0,0.4471813805,0.74273755,14705.0,725.0
0.8014305501264645,0.0,0.487892359,0.714092049,14705.0,725.0
0.8160099865745872,0.0,0.513239707,0.64460231,14705.0,725.0
0.8146872679565828,0.002361068,0.52153522,0.622452005,14705.0,725.0
0.8094317952630432,0.125098843,0.521353152,0.664739015,14705.0,725.0
0.8068911418072418,0.217935662,0.517725376,0.679129746,14705.0,725.0
0.806213691213783,0.283612263,0.523349947,0.689265016,14705.0,725.0
0.8049765413564629,0.329874066,0.577199857,0.664504797,14705.0,725.0
0.8055475991862407,0.308155499,0.5972363475,0.5717534184999999,14705.0,725.0
0.8082100741675728,0.262823217,0.60295953,0.543435593,14705.0,725.0
0.8104962928474018,0.172540545,0.57904991,0.498357285,14705.0,725.0
0.811466040379359,0.013675672,0.554495499,0.468783615,14705.0,725.0
0.8108618533126983,0.0,0.537400947,0.466871517,14705.0,725.0
0.8032358233706695,0.0,0.5251897205,0.49596662849999995,14705.0,725.0
0.7773577168603624,0.0,0.536503411,0.599473108,14705.0,725.0
0.7153475480516732,0.0,0.555832925,0.6982363325000001,14705.0,725.0
0.7042085857014971,0.0,0.534397692,0.709466551,14705.0,725.0
0.7106221945098112,0.0,0.5558918055,0.7643426355,14705.0,725.0
0.7927535584401934,0.0,0.5384652815,0.748660843,14705.0,725.0
0.8220315077112494,0.000907916,0.522317986,0.7046432355,14705.0,725.0
0.8173088518935123,0.115568021,0.499743574,0.684647542,14705.0,725.0
0.8137110836623193,0.20409546,0.464337431,0.677988315,14705.0,725.0
0.8126206505649746,0.248276744,0.461684636,0.66829288,14705.0,725.0
0.8105285704766074,0.2632804065,0.471905961,0.671900685,14705.0,725.0
0.8100722353016532,0.214500514,0.437919555,0.672363828,14705.0,725.0
0.8102946763866803,0.171747438,0.417999327,0.670533587,14705.0,725.0
0.8119070410243441,0.087308537,0.370610225,0.664314198,14705.0,725.0
0.8120234677229341,0.004434084,0.33539457,0.639331352,14705.0,725.0
0.8102147868054027,0.0,0.309359175,0.578182403,14705.0,725.0
0.8013221693807574,0.0,0.2988857735,0.47096484949999995,14705.0,725.0
0.7693298262615959,0.0,0.3184016765,0.3861458415,14705.0,725.0
0.7072551498281932,0.0,0.32897199,0.387492395,14705.0,725.0
0.694893212166571,0.0,0.347521643,0.34339971,14705.0,725.0
0.6958407394068744,0.0,0.3445754465,0.261868814,14705.0,725.0
0.7331643743978169,0.0,0.3775216715,0.2292380345,14705.0,725.0
0.8093272952139929,0.0,0.417542507,0.265684173,14705.0,725.0
0.8172881693418883,0.000582937,0.428025121,0.312011766,14705.0,725.0
0.8124974085197317,0.096951022,0.408074008,0.315850143,14705.0,725.0
0.8108484119115658,0.237019247,0.37605033,0.296695935,14705.0,725.0
0.8110907307458255,0.342883648,0.347758063,0.332293512,14705.0,725.0
0.8107224727635072,0.39878357649999996,0.3502167435,0.322162224,14705.0,725.0
0.810111044339252,0.371175169,0.322372804,0.28872355,14705.0,725.0
0.8098264147692895,0.26091364,0.305192819,0.245974868,14705.0,725.0
0.8125200312125812,0.146607023,0.287421247,0.195595843,14705.0,725.0
0.8146751520148697,0.007548381,0.266976183,0.163399707,14705.0,725.0
0.8143380831282088,0.0,0.241529293,0.120239477,14705.0,725.0
0.8092148914918444,0.0,0.200178314,0.0801664695,14705.0,725.0
0.7828170779349097,0.0,0.14949100199999998,0.0466415075,14705.0,725.0
0.7255275301566456,0.0,0.12236228799999999,0.050480073,14705.0,725.0
0.7139174663922723,0.0,0.086026063,0.022327891500000002,14705.0,725.0
0.7205015499922451,0.0,0.0677076095,0.0200308445,14705.0,725.0
0.7767933797311508,0.0,0.063715656,0.031696627,14705.0,725.0
0.820732737245514,0.0,0.065781654,0.046140846,14705.0,725.0
0.8238181812390465,0.0,0.0729775735,0.076566769,14705.0,725.0
0.8279100987598156,0.069131492,0.076298129,0.097790909,14705.0,725.0
0.8242854489689756,0.167826028,0.086907287,0.105318044,14705.0,725.0
0.8191131782626445,0.233770075,0.121559731,0.089198159,14705.0,725.0
0.8153116169178393,0.32375268,0.114178791,0.080653525,14705.0,725.0
0.8139367903479913,0.3051616745,0.11913431299999999,0.0901570275,14705.0,725.0
0.8148589733544715,0.224719598,0.127608739,0.105329703,14705.0,725.0
0.8157410694976315,0.106774069,0.142746514,0.123374824,14705.0,725.0
0.818051330768713,0.004889829,0.151256049,0.133692505,14705.0,725.0
0.8146992262238523,0.0,0.16260319133333334,0.13343984033333334,14705.0,725.0
0.785039333049696,0.0,0.178606414,0.1417523255,14705.0,725.0
0.7148497065292014,0.0,0.19869388500000001,0.11516327900000001,14705.0,725.0
0.7023099108527473,0.0,0.1859838185,0.14877113,14705.0,725.0
0.6999672300868817,0.0,0.195424797,0.236518202,14705.0,725.0
0.7046531597022362,0.0,0.209339004,0.276036674,14705.0,725.0
0.7234785898374276,0.0,0.232742854,0.274110693,14705.0,725.0
0.7575486487927028,0.0,0.251089098,0.25363893,14705.0,725.0
0.7785836023836465,0.100556483,0.263716838,0.23003307,14705.0,725.0
0.7791445322537378,0.24417692,0.27655543,0.200242695,14705.0,725.0
0.7759942962830256,0.342814655,0.318837722,0.200451623,14705.0,725.0
0.7718054984480445,0.39950386449999997,0.26642903900000003,0.149872898,14705.0,725.0
0.769158735959719,0.384816078,0.245529913,0.13973466,14705.0,725.0
0.7729974975657523,0.288818648,0.223983387,0.156271135,14705.0,725.0
0.7813654385064617,0.154229309,0.216669151,0.190250515,14705.0,725.0
0.7879337857965789,0.005921938,0.209739123,0.210819286,14705.0,725.0
0.7897772049344667,0.0,0.206247015,0.210936713,14705.0,725.0
0.7829291030727115,0.0,0.19968149899999998,0.1909684255,14705.0,725.0
0.7535712167937829,0.0,0.1925849135,0.17876692849999998,14705.0,725.0
0.7278119033413357,0.0,0.202712247,0.144502207,14705.0,725.0
0.7166719702992379,0.0,0.1816659195,0.1068055825,14705.0,725.0
0.7147403082862869,0.0,0.1685087805,0.0938116755,14705.0,725.0
0.7151255806112856,0.0,0.15838921350000001,0.1031933765,14705.0,725.0
0.7189847163925249,0.0,0.1507654745,0.095872662,14705.0,725.0
0.7421535643815652,0.0,0.145997215,0.111525165,14705.0,725.0
0.7604945229448705,0.097687025,0.152061495,0.13776271,14705.0,725.0
0.779860223594069,0.242054782,0.169977312,0.183829497,14705.0,725.0
0.7806969799125465,0.365267986,0.161827867,0.225318232,14705.0,725.0
0.7794444961465664,0.463532135,0.155687582,0.265507406,14705.0,725.0
0.7770918290794895,0.48049540749999997,0.148061853,0.31323544849999996,14705.0,725.0
0.7792112645792458,0.361897117,0.149033485,0.359597538,14705.0,725.0
0.7859384437426394,0.20470899,0.166122714,0.436307852,14705.0,725.0
0.7963162090382713,0.004912139,0.187942994,0.49311512,14705.0,725.0
0.8010988766880534,0.0,0.211111141,0.537696332,14705.0,725.0
0.8022097558253568,0.0,0.23088156,0.565854248,14705.0,725.0
0.7877270418789343,0.0,0.29111818999999994,0.6240834423333332,14705.0,725.0
0.7483931250424665,0.0,0.33659331400000003,0.6655766080000001,14705.0,725.0
0.7282076584625533,0.0,0.381857412,0.715522192,14705.0,725.0
0.7311732212098492,0.0,0.4233800035,0.7366921980000001,14705.0,725.0
0.7867223821600716,0.0,0.445273352,0.722295798,14705.0,725.0
0.8312215808038749,0.0,0.4615397885,0.6908030585,14705.0,725.0
0.8328388204398633,0.081197661,0.488935906,0.682222949,14705.0,725.0
0.8334045774674782,0.242259004,0.514859232,0.687541495,14705.0,725.0
0.8320442804181049,0.33756742,0.52374885,0.654036895,14705.0,725.0
0.8284218076943615,0.4007919145,0.588177254,0.674655829,14705.0,725.0
0.8280702565067175,0.376171247,0.618510866,0.688667862,14705.0,725.0
0.8280554900603716,0.26352949,0.609929456,0.706538942,14705.0,725.0
0.8299966887538462,0.112930386,0.603891583,0.723180388,14705.0,725.0
0.8301116007008432,0.002264631,0.595522052,0.710024628,14705.0,725.0
0.8295966737993504,0.0,0.60100232,0.698767348,14705.0,725.0
0.8230825170891898,0.0,0.620289858,0.692032023,14705.0,725.0
0.8111151044948299,0.0,0.6428275855000001,0.702489907,14705.0,725.0
0.7740870318359281,0.0,0.580655075,0.687321335,14705.0,725.0
0.732525093721993,0.0,0.60484254,0.701190508,14705.0,725.0
0.7191143237495271,0.0,0.609248904,0.7204082865,14705.0,725.0
0.7148165534754698,0.0,0.6145807985,0.7003955365000001,14705.0,725.0
0.7518526482704054,0.0,0.6178249195000001,0.666784869,14705.0,725.0
0.8216156852034541,0.0,0.6209800735,0.656842067,14705.0,725.0
0.8246857476546285,0.025530005,0.636460087,0.65086668,14705.0,725.0
0.8257091651095141,0.130574264,0.636224177,0.661225013,14705.0,725.0
0.8231680386303822,0.187102726,0.627267273,0.671330673,14705.0,725.0
0.8191131782626445,0.202053972,0.631682367,0.691806732,14705.0,725.0
0.8176338992774439,0.191200095,0.639736355,0.702692264,14705.0,725.0
0.8167894760046365,0.110241112,0.6695792225,0.7314525755000001,14705.0,725.0
0.8180232181886301,0.03141854,0.698589293,0.742279277,14705.0,725.0
0.8182376133207744,0.0,0.69916085,0.730946444,14705.0,725.0
0.8181197669308842,0.0,0.6843283499999999,0.7244645035,14705.0,725.0
0.8082539945080582,0.0,0.6492829,0.6814677855,14705.0,725.0
0.7957074781310379,0.0,0.59065671,0.59085693,14705.0,725.0
0.7612319853703742,0.0,0.571761744,0.489653686,14705.0,725.0
0.719282479608511,0.0,0.533330354,0.433299305,14705.0,725.0
0.699697981852174,0.0,0.5022815865,0.4555396695,14705.0,725.0
0.6915868890590964,0.0,0.486022305,0.487361249,14705.0,725.0
0.7315583514621664,0.0,0.47133481749999995,0.558825519,14705.0,725.0
0.8122786120339025,0.0,0.439087545,0.5707329685,14705.0,725.0
0.8171159432869713,0.008762686,0.429098059,0.57387882,14705.0,725.0
0.812870162916028,0.039670497,0.432726228,0.572351762,14705.0,725.0
0.8126206505649746,0.051534141,0.419096718,0.529666023,14705.0,725.0
0.8124033209899373,0.0521049305,0.47090941249999996,0.5499719005,14705.0,725.0
0.8120936077217686,0.069604922,0.519662911,0.592441527,14705.0,725.0
0.8113343742110928,0.052306804,0.526571045,0.60107867,14705.0,725.0
0.8108787019729512,0.031743308,0.524933161,0.599672102,14705.0,725.0
0.810753188421628,0.001160146,0.510212739,0.556563732,14705.0,725.0
0.811466040379359,0.0,0.488003667,0.555426819,14705.0,725.0
0.8060445414673376,0.0,0.460423511,0.6368689665,14705.0,725.0
0.7967478152825173,0.0,0.4198784525,0.749733751,14705.0,725.0
0.7486737790625824,0.0,0.385140464,0.8048083285000001,14705.0,725.0
0.7289929222703708,0.0,0.369113203,0.8328104675,26559.0,1309.0
0.72362438291787,0.0,0.3767499445,0.7978332785,26559.0,1309.0
0.7524950762910418,0.0,0.398256148,0.696190087,26559.0,1309.0
0.8215306845263929,0.0,0.410431564,0.668967754,26559.0,1309.0
0.8617965494845115,0.0,0.4521303605,0.7251618154999999,26559.0,1309.0
0.8523876801131597,0.018129502,0.482163674,0.76124578,26559.0,1309.0
0.8468584627709348,0.096621166,0.490563443,0.776607242,26559.0,1309.0
0.8460445188516863,0.132119093,0.503311059,0.733334747,26559.0,1309.0
0.8454975034060579,0.154396387,0.517867542,0.741376204,26559.0,1309.0
0.8450199656437604,0.155718369,0.528245566,0.74120427,26559.0,1309.0
0.8441071060016786,0.107545038,0.546711135,0.712538178,26559.0,1309.0
0.8429046951931269,0.059901615,0.565943287,0.678637242,26559.0,1309.0
0.8433483463427451,0.008589053,0.57667643,0.66236761,26559.0,1309.0
0.8472967188865094,0.0,0.592242523,0.687716559,26559.0,1309.0
0.8453180362006495,0.0,0.596605754,0.726684456,26559.0,1309.0
0.8365038884588785,0.0,0.6030245755,0.7665540455,26559.0,1309.0
0.8210886425673513,0.0,0.619301251,0.782777972,26559.0,1309.0
0.7821379235047877,0.0,0.6100465075,0.7960665094999999,26559.0,1309.0
0.7235952764503255,0.0,0.5932697955,0.816772936,26559.0,1309.0
0.7134451107620992,0.0,0.5341003230000001,0.787825442,26559.0,1309.0
0.7157211540556465,0.0,0.480260044,0.72486242,26559.0,1309.0
0.7425686295135641,0.0,0.453767785,0.681304022,26559.0,1309.0
0.8147036431792992,0.0,0.437706371,0.662965485,26559.0,1309.0
0.8606314327548625,0.0,0.410888168,0.6587034055000001,26559.0,1309.0
0.8522778794690494,0.003239923,0.390478694,0.670794714,26559.0,1309.0
0.8471643899885333,0.018251768,0.374069589,0.679546728,26559.0,1309.0
0.8468727087673555,0.037016966,0.3482801165,0.6972262835,26559.0,1309.0
0.8462210514070987,0.047388302,0.3310622805,0.6786644614999999,26559.0,1309.0
0.8457389702184346,0.048904213,0.318306529,0.635710702,26559.0,1309.0
0.8471235935902174,0.030014004,0.314702768,0.631551882,26559.0,1309.0
0.8522057516952916,0.0,0.318110819,0.61169841,26559.0,1309.0
0.8530398575091359,0.0,0.317768268,0.570835672,26559.0,1309.0
0.8438584930991031,0.0,0.33970013,0.549604278,26559.0,1309.0
0.8191553001203798,0.0,0.37721599100000003,0.6251478435,26559.0,1309.0
0.7817725525387675,0.0,0.413450404,0.642740949,26559.0,1309.0
0.7384988138215131,0.0,0.37097535049999997,0.6866775155,26559.0,1309.0
0.7270287929218346,0.0,0.316973589,0.7047968055,26559.0,1309.0
0.7269857956395731,0.0,0.2843351335,0.6695267555,26559.0,1309.0
0.7398050149370163,0.0,0.28448890000000004,0.6212044240000001,26559.0,1309.0
0.7755685823272088,0.0,0.299205717,0.606881396,26559.0,1309.0
0.7897988811664493,0.020483182,0.318935057,0.60641526,26559.0,1309.0
0.8007501652972157,0.141372775,0.347753204,0.656617676,26559.0,1309.0
0.8022581247390191,0.191011954,0.363321364,0.659013569,26559.0,1309.0
0.8004043879350653,0.171076393,0.424143569,0.709238303,26559.0,1309.0
0.7988966175783323,0.055690613,0.457537033,0.741830963,26559.0,1309.0
0.7987254800569635,0.018846711,0.476936483,0.768855439,26559.0,1309.0
0.8010235305331423,0.00581281,0.50443353,0.774370289,26559.0,1309.0
0.8073688692759186,0.0,0.520376158,0.805436728,26559.0,1309.0
0.8057409806090092,0.0,0.535991381,0.840613163,26559.0,1309.0
0.7897095577658217,0.0,0.5461316743333332,0.8636989476666667,26559.0,1309.0
0.747971410246242,0.0,0.5557879649999999,0.871316346,26559.0,1309.0
0.6994249635138301,0.0,0.5610165113333333,0.872346108,26559.0,1309.0
0.6848048331833936,0.0,0.6025666515,0.877534982,26559.0,1309.0
0.6945089337290338,0.0,0.649290192,0.8545713235000001,26559.0,1309.0
0.735425698671613,0.0,0.6880037649999999,0.8476030784999999,26559.0,1309.0
0.7709541651824974,0.004824935,0.703819785,0.861372534,26559.0,1309.0
0.7794828313324225,0.031558545,0.699939629,0.864224587,26559.0,1309.0
0.7827854628283107,0.057023395,0.660341123,0.866591729,26559.0,1309.0
0.7811019881211996,0.0751195485,0.634217985,0.861369689,26559.0,1309.0
0.7822169136375873,0.059448498,0.605858805,0.851434106,26559.0,1309.0
0.7826782182498497,0.026048404,0.592032198,0.846744095,26559.0,1309.0
0.7865059048140206,0.010143682,0.589585317,0.85004487,26559.0,1309.0
0.7963899455883997,0.0,0.575994979,0.846169117,26559.0,1309.0
0.8001423808508492,0.0,0.568687982,0.838941295,26559.0,1309.0
0.7972683503270761,0.0,0.560819099,0.837875972,26559.0,1309.0
0.7852134286237038,0.0,0.5382374365,0.8280505035,26559.0,1309.0
0.7602468090765672,0.0,0.504580471,0.836739893,26559.0,1309.0
0.7400466708344633,0.0,0.467793481,0.865572576,26559.0,1309.0
0.7218228487118463,0.0,0.464269447,0.8795854425,26559.0,1309.0
0.7109777446499446,0.0,0.43102067600000005,0.8813633795,26559.0,1309.0
0.7246833199928604,0.0,0.4084744265,0.8824067959999999,26559.0,1309.0
0.8105307477508071,0.0,0.406036223,0.872949521,26559.0,1309.0
0.8591929978016757,0.0,0.40510193149999996,0.8588978469999999,26559.0,1309.0
0.8514146197610657,0.005120737,0.393952091,0.854378821,26559.0,1309.0
0.8436254033973613,0.060568401,0.375833833,0.846738877,26559.0,1309.0
0.8434158358369466,0.104839812,0.347347708,0.822297241,26559.0,1309.0
0.8418989784203774,0.1422485185,0.34758452900000003,0.799151824,26559.0,1309.0
0.8412380923418086,0.126440705,0.346582871,0.800720419,26559.0,1309.0
0.8405481472222902,0.08442271,0.345094294,0.777353061,26559.0,1309.0
0.8420122811767978,0.026310907,0.338872541,0.711960347,26559.0,1309.0
0.8470911264617352,0.0,0.330311176,0.647177263,26559.0,1309.0
0.8472225088988445,0.0,0.323249577,0.595390965,26559.0,1309.0
0.8394507090719131,0.0,0.3063710085,0.5580601035,26559.0,1309.0
0.8143262985513506,0.0,0.2959729525,0.5041286825,26559.0,1309.0
0.7701804970045362,0.0,0.275107355,0.431488237,26559.0,1309.0
0.7284305252823846,0.0,0.27876846050000004,0.472300463,26559.0,1309.0
0.7162578282254628,0.0,0.27786712449999995,0.4934828985,26559.0,1309.0
0.7290447935034462,0.0,0.27701581249999996,0.5143063555,26559.0,1309.0
0.8131474092628174,0.0,0.271030259,0.497560293,26559.0,1309.0
0.8602739184495518,0.0,0.2678218395,0.4504653805,26559.0,1309.0
0.8521207508111274,0.003457926,0.255233641,0.379598577,26559.0,1309.0
0.8455108499540007,0.04138236,0.238763579,0.324330567,26559.0,1309.0
0.8421993208975528,0.074020592,0.237172678,0.247928421,26559.0,1309.0
0.8417177601588139,0.097154626,0.2145023285,0.1691382125,26559.0,1309.0
0.841467821796819,0.077481208,0.189652834,0.12106342,26559.0,1309.0
0.8410528511038036,0.053956773,0.191353074,0.110971121,26559.0,1309.0
0.8418002524039235,0.020028764,0.193698876,0.1014561,26559.0,1309.0
0.8464865608107278,0.0,0.203323825,0.101271402,26559.0,1309.0
0.8414017205832907,0.0,0.21214484233333333,0.138270353,26559.0,1309.0
0.8139494741662243,0.0,0.2153803445,0.1869793945,26559.0,1309.0
0.7466696817278675,0.0,0.202896807,0.18954331000000002,26559.0,1309.0
0.713686814086141,0.0,0.186697055,0.1912554205,26559.0,1309.0
0.708908287668633,0.0,0.163948786,0.2108004675,26559.0,1309.0
0.7349618150052643,0.0,0.154630427,0.234885546,26559.0,1309.0
0.8081464653700283,0.0,0.154423778,0.248259671,26559.0,1309.0
0.8553918620536062,0.0,0.16640364149999998,0.2513218185,26559.0,1309.0
0.846703322302142,0.004360231,0.180144105,0.299530162,26559.0,1309.0
0.8421480173338944,0.074312815,0.188717019,0.312714134,26559.0,1309.0
0.8383924585434814,0.129233708,0.210327946,0.315320807,26559.0,1309.0
0.8341002968266961,0.1467897375,0.21805562099999998,0.3024511715,26559.0,1309.0
0.8335138100279653,0.081383815,0.2431246425,0.322236499,26559.0,1309.0
0.8375305238807111,0.010177002,0.265060161,0.35690094,26559.0,1309.0
0.8437704161135703,0.0,0.285346979,0.37407424,26559.0,1309.0
0.8452566993233911,0.0,0.306557152,0.384308089,26559.0,1309.0
0.8372698894754065,0.0,0.34898164,0.4113479075,26559.0,1309.0
0.8110366822385504,0.0,0.3977923645,0.4339387145,26559.0,1309.0
0.7460340214201864,0.0,0.4094132545,0.4239163185,26559.0,1309.0
0.716090547791005,0.0,0.4121179545,0.44620586,26559.0,1309.0
0.7104669591878288,0.0,0.40774173550000004,0.42018000899999997,26559.0,1309.0
0.7348633731341736,0.0,0.400322869,0.448448149,26559.0,1309.0
0.8076522682396513,0.0,0.398812718,0.474965776,26559.0,1309.0
0.8552092713202343,0.0,0.398886041,0.5298441094999999,26559.0,1309.0
0.846703322302142,0.001583295,0.388230708,0.54679615,26559.0,1309.0
0.842321237483376,0.034692777,0.37072282,0.542836798,26559.0,1309.0
0.8422496775861383,0.077715511,0.347626423,0.528798225,26559.0,1309.0
0.842022551416269,0.08950332,0.3176623465,0.503202001,26559.0,1309.0
0.841467821796819,0.062443029,0.287885307,0.469831993,26559.0,1309.0
0.8408231220629994,0.039438006,0.269811808,0.452279756,26559.0,1309.0
0.8419433717841932,0.00684622,0.254246454,0.44604701,26559.0,1309.0
0.8469989320607774,0.0,0.239199051,0.430630003,26559.0,1309.0
0.8464016547797533,0.0,0.22099483,0.410569173,26559.0,1309.0
0.8371462220405311,0.0,0.20102332,0.398846523,26559.0,1309.0
0.8103138914062031,0.0,0.180396497,0.37255587,26559.0,1309.0
0.745432058640114,0.0,0.1601271755,0.3043647195,26559.0,1309.0
0.7157704696372785,0.0,0.1507984285,0.28233781999999996,26559.0,1309.0
0.7226974200423922,0.0,0.134414018,0.28537464700000004,26559.0,1309.0
0.8124441175953562,0.0,0.13455336,0.306757618,26559.0,1309.0
0.8604101278370817,0.0,0.1395828955,0.3285571705,26559.0,1309.0
0.8522388811392774,0.002376415,0.146299641,0.334236179,26559.0,1309.0
0.8468584627709348,0.051048269,0.151955238,0.332289853,26559.0,1309.0
0.8434648200537238,0.1062807965,0.1535072945,0.2778985785,26559.0,1309.0
0.8415095176436127,0.14276585549999998,0.17604421,0.207001286,26559.0,1309.0
0.8411785539473001,0.09962502,0.186259317,0.159054892,26559.0,1309.0
0.8416698168418871,0.018562683,0.198648544,0.157229216,26559.0,1309.0
0.8488362934349117,0.0,0.224213962,0.168322776,26559.0,1309.0
0.85088454782888,0.0,0.251714473,0.169041579,26559.0,1309.0
0.8420862072262025,0.0,0.28602796900000005,0.16934,26559.0,1309.0
0.8150090971664643,0.0,0.33061297700000003,0.219888131,26559.0,1309.0
0.771445522930274,0.0,0.385759359,0.294100482,26559.0,1309.0
0.7229106319258671,0.0,0.419654314,0.370657458,26559.0,1309.0
0.7068947955189729,0.0,0.456094635,0.4201384185,26559.0,1309.0
0.697114071199803,0.0,0.5168776665,0.47841139499999996,26559.0,1309.0
0.6997598395935638,0.0,0.56736135,0.586686465,26559.0,1309.0
0.7188407215877294,0.0,0.622907844,0.668592096,26559.0,1309.0
0.7594435607864222,0.0,0.676663771,0.711384882,26559.0,1309.0
0.7753818739713088,0.001386193,0.704641744,0.742534375,26559.0,1309.0
0.78093702682652,0.056785922,0.73536684,0.779749537,26559.0,1309.0
0.782953760967079,0.121119834,0.751616202,0.814773091,26559.0,1309.0
0.7812036009468485,0.13691610599999998,0.7946724215000001,0.8579308784999999,26559.0,1309.0
0.7805842452397491,0.053074432500000004,0.818418471,0.8915484275000001,26559.0,1309.0
0.7855558929586144,0.002005333,0.837160371,0.897263866,26559.0,1309.0
0.7956857074600716,0.0,0.840059268,0.900331415,26559.0,1309.0
0.7974569520189156,0.0,0.803986984,0.897426522,26559.0,1309.0
0.7752966365754794,0.0,0.7303835903333334,0.8483687099999999,26559.0,1309.0
0.7366205611958732,0.0,0.698172156,0.791562612,26559.0,1309.0
0.7085296886176056,0.0,0.7122369074999999,0.769715764,26559.0,1309.0
0.6919326902380958,0.0,0.7222988965,0.7562016465000001,26559.0,1309.0
0.6927823668864714,0.0,0.7160222885,0.7782281695,26559.0,1309.0
0.7264802396671421,0.0,0.6953515913333334,0.7602130343333333,26559.0,1309.0
0.7717974527022646,0.0,0.67443637,0.732490045,26559.0,1309.0
0.7802598599642182,0.010743119,0.667019527,0.73604372,26559.0,1309.0
0.7827854628283107,0.020513443,0.690403756,0.732920928,26559.0,1309.0
0.78083534296453,0.0312654825,0.699826478,0.7207379115,26559.0,1309.0
0.7798044714572337,0.03302047,0.693282948,0.68462862,26559.0,1309.0
0.7797884275993721,0.017157911,0.683722416,0.679240016,26559.0,1309.0
0.7841593901567838,0.004355662,0.676635486,0.693845423,26559.0,1309.0
0.7934232472261323,0.0,0.667732995,0.69141814,26559.0,1309.0
0.7959261329583919,0.0,0.653827152,0.692771193,26559.0,1309.0
0.7908930537161815,0.0,0.6397878435,0.682273489,26559.0,1309.0
0.7680403793673618,0.0,0.610590505,0.6653875745,26559.0,1309.0
0.7308445528364658,0.0,0.6100117955,0.6373776755,26559.0,1309.0
0.7132872251425867,0.0,0.598504182,0.605808539,26559.0,1309.0
0.7087668010886858,0.0,0.5660609505,0.5954971775,26559.0,1309.0
0.7344236971201958,0.0,0.550215182,0.58878905,26559.0,1309.0
0.8076327690747652,0.0,0.541537501,0.584092817,26559.0,1309.0
0.8550830952463044,0.0,0.5362532165,0.6053377285,26559.0,1309.0
0.8474334963576623,0.0,0.522994692,0.623478877,26559.0,1309.0
0.842321237483376,0.015898521,0.504369759,0.624279359,26559.0,1309.0
0.8422496775861383,0.04314136,0.420536072,0.528288633,26559.0,1309.0
0.8410990433645753,0.072330647,0.402584916,0.521639209,26559.0,1309.0
0.8404253786145837,0.087263561,0.37687357099999996,0.47857088950000004,26559.0,1309.0
0.8407798644522237,0.069562359,0.341612905,0.438584203,26559.0,1309.0
0.8419433717841932,0.010699467,0.308948077,0.417039132,26559.0,1309.0
0.8465459099130629,0.0,0.284823558,0.404116583,26559.0,1309.0
0.8468097152729259,0.0,0.261918455,0.383438669,26559.0,1309.0
0.8380099077594565,0.0,0.2399184895,0.378578104,26559.0,1309.0
0.8109459073217897,0.0,0.2229319395,0.41424296949999995,26559.0,1309.0
0.7480037589117885,0.0,0.172203877,0.3225481155,26559.0,1309.0
0.7157412685236475,0.0,0.17707877100000002,0.326907446,26559.0,1309.0
0.7113815694718595,0.0,0.180572818,0.3639303155,26559.0,1309.0
0.7385929959973941,0.0,0.18972156,0.38898252,26559.0,1309.0
0.8105510040843866,0.0,0.192960155,0.37865077,26559.0,1309.0
0.8586740007042497,0.0,0.193113209,0.3538753945,26559.0,1309.0
0.8514146197610657,0.0,0.186827421,0.330726789,26559.0,1309.0
0.8448318846089491,0.028177418,0.184438772,0.323469434,26559.0,1309.0
0.8434708308050884,0.069966894,0.160618618,0.271684676,26559.0,1309.0
0.841604883413335,0.093485711,0.155475096,0.274811194,26559.0,1309.0
0.8418115165308564,0.0932249865,0.1438105385,0.31475087749999997,26559.0,1309.0
0.8433102000348562,0.037294751,0.141789453,0.361039642,26559.0,1309.0
0.845700729471562,0.003457013,0.133859181,0.377744131,26559.0,1309.0
0.8504479957570719,0.0,0.128526202,0.394266856,26559.0,1309.0
0.8516957468045121,0.0,0.126738238,0.414527453,26559.0,1309.0
0.8419279432294464,0.0,0.1332396695,0.457718599,26559.0,1309.0
0.8150193671988325,0.0,0.146701777,0.4942946095,26559.0,1309.0
0.7726399354196406,0.0,0.14168739,0.482109381,26559.0,1309.0
0.7341765511284125,0.0,0.161466617,0.528278588,26559.0,1309.0
0.7208737124880694,0.0,0.181611873,0.629347647,26559.0,1309.0
0.7175509431215374,0.0,0.19173120100000002,0.7573814999999999,26559.0,1309.0
0.7466721901598191,0.0,0.20368967,0.820901876,26559.0,1309.0
0.8172548978252209,0.0,0.221141718,0.841923059,26559.0,1309.0
0.8623011591341443,0.0,0.2423889885,0.8525900825,26559.0,1309.0
0.8523933592925665,0.0,0.258121151,0.860925019,26559.0,1309.0
0.8475839041079151,0.026170372,0.271559592,0.85933042,26559.0,1309.0
0.8478642743968741,0.042739717,0.259321349,0.842601137,26559.0,1309.0
0.8467835904677663,0.047746834,0.29153061,0.859584772,26559.0,1309.0
0.8454940959398345,0.026969642,0.330002274,0.866229284,26559.0,1309.0
0.8432909850153334,0.010083902,0.365688119,0.881695683,26559.0,1309.0
0.8430874752186722,0.001634997,0.395348058,0.884469272,26559.0,1309.0
0.8480852007303082,0.0,0.425019358,0.897397323,26559.0,1309.0
0.847609650328728,0.0,0.443429934,0.90216618,26559.0,1309.0
0.8383435689727909,0.0,0.458221695,0.9021553525,26559.0,1309.0
0.809697777690003,0.0,0.4774321065,0.889495759,26559.0,1309.0
0.758300687958173,0.0,0.452818887,0.863458331,26559.0,1309.0
0.7243597157028717,0.0,0.461127615,0.869075913,26559.0,1309.0
0.7103971977733408,0.0,0.4708081645,0.885372101,26559.0,1309.0
0.7057586670010358,0.0,0.45699918500000003,0.9028320974999999,26559.0,1309.0
0.7316298403230636,0.0,0.434635357,0.906379502,26559.0,1309.0
0.7998033241892648,0.0,0.423469153,0.910058798,26559.0,1309.0
0.8510653872989937,0.0,0.412421129,0.9142816985,26559.0,1309.0
0.8430772521986928,0.0,0.408354815,0.916278251,26559.0,1309.0
0.8369315429701268,0.014199928,0.406720726,0.915666528,26559.0,1309.0
0.835090489777303,0.057027844,0.374152851,0.914506316,26559.0,1309.0
0.8313053667526056,0.06412750466666667,0.37857301933333337,0.9090236423333332,26559.0,1309.0
0.8322521443489592,0.044115402,0.376859443,0.887959813,26559.0,1309.0
0.8363442041495129,0.007964104,0.373778673,0.8760922,26559.0,1309.0
0.841725380100755,0.0,0.377682838,0.874843101,26559.0,1309.0
0.8419164898103402,0.0,0.38242015,0.864505249,26559.0,1309.0
0.8339643239508314,0.0,0.4087386205,0.8437198025,26559.0,1309.0
0.8072879383805844,0.0,0.44056232100000003,0.812035587,26559.0,1309.0
0.7414669556919294,0.0,0.4914935925,0.8281048435,26559.0,1309.0
0.7124785107820573,0.0,0.5016941195,0.878632751,26559.0,1309.0
0.7169104553801953,0.0,0.461207525,0.8766459846666667,26559.0,1309.0
0.8076522682396513,0.0,0.441567109,0.88427592,26559.0,1309.0
0.8551753372809601,0.0,0.436213228,0.9033512385,26559.0,1309.0
0.8473968643871603,0.0,0.444019805,0.908357024,26559.0,1309.0
0.842321237483376,0.045424284,0.455458442,0.910097374,26559.0,1309.0
0.8423545562195353,0.096526472,0.456206936,0.912055479,26559.0,1309.0
0.8410990433645753,0.111280974,0.458078615,0.912702411,26559.0,1309.0
0.8404444517685281,0.1055254035,0.436036752,0.878733258,26559.0,1309.0
0.8409479728846128,0.057280419,0.418534909,0.844352338,26559.0,1309.0
0.8420122811767978,0.005591947,0.409965656,0.87693081,26559.0,1309.0
0.847601983374398,0.0,0.406118465,0.888686487,26559.0,1309.0
0.8478248026295656,0.0,0.393368333,0.896208585,26559.0,1309.0
0.8412508235866365,0.0,0.3792961885,0.8906465415,26559.0,1309.0
0.8150685409148861,0.0,0.36165903050000003,0.86735943,26559.0,1309.0
0.7713409284422401,0.0,0.340678511,0.856919423,26559.0,1309.0
0.7186398859054473,0.0,0.33103563550000004,0.8227120455,26559.0,1309.0
0.7012699526998207,0.0,0.3181421735,0.7157442365,26559.0,1309.0
0.7079277573862289,0.0,0.3007882783333334,0.5711914153333334,26559.0,1309.0
0.7521034858737754,0.0,0.279048272,0.43078110199999997,26559.0,1309.0
0.7876872549008074,0.0,0.255738324,0.31129209,26559.0,1309.0
0.7992086025596842,0.036085513,0.241943577,0.283528334,26559.0,1309.0
0.8005972963345033,0.092187108,0.215686781,0.228278743,26559.0,1309.0
0.7989994135836163,0.1229548575,0.187408181,0.165793095,26559.0,1309.0
0.7974631518553508,0.107341352,0.162034704,0.117341743,26559.0,1309.0
0.7977298914510038,0.061025117,0.140661951,0.09121425,26559.0,1309.0
0.8033338866574135,0.005184727,0.11113913,0.073025127,26559.0,1309.0
0.8166209889879009,0.0,0.091889033,0.063278861,26559.0,1309.0
0.8204536920017685,0.0,0.08467422,0.05414223,26559.0,1309.0
0.8165538306514512,0.0,0.0936621715,0.05474804,26559.0,1309.0
0.7925780193580365,0.0,0.097319388,0.0480427105,26559.0,1309.0
0.7519856394838853,0.0,0.0922153295,0.050650008499999996,26559.0,1309.0
0.7311820713438142,0.0,0.0965060995,0.056507676,26559.0,1309.0
0.7251809484063098,0.0,0.1228543175,0.07747167799999999,26559.0,1309.0
0.7298889802645885,0.0,0.1540001405,0.094676362,26559.0,1309.0
0.7647389310511086,0.0,0.16750967249999998,0.131921645,26559.0,1309.0
0.7978384614888843,0.0,0.175605681,0.158122842,26559.0,1309.0
0.8078901380865279,0.051309215,0.173750747,0.16771365,26559.0,1309.0
0.8068024495185939,0.163087781,0.177538139,0.187306791,26559.0,1309.0
0.8029004581135686,0.216902522,0.17400837400000002,0.2058870335,26559.0,1309.0
0.8015180122230885,0.177097551,0.165009465,0.201412833,26559.0,1309.0
0.802782233346435,0.086178073,0.162634032,0.194228163,26559.0,1309.0
0.8089454543791696,0.005050594,0.156706734,0.178149813,26559.0,1309.0
0.8235797909422443,0.0,0.149757585,0.169968471,26559.0,1309.0
0.8281953911975566,0.0,0.13469716766666667,0.17599195566666667,26559.0,1309.0
0.7989647223756486,0.0,0.12666235199999998,0.21902002250000002,26559.0,1309.0
0.7672910611215563,0.0,0.1462188775,0.289715025,26559.0,1309.0
0.7555435099368284,0.0,0.1472209215,0.32511745999999997,26559.0,1309.0
0.7624737417514521,0.0,0.153307623,0.34195274866666664,26559.0,1309.0
0.8544697262666177,0.0,0.153249454,0.330246407,26559.0,1309.0
0.8777182035084214,0.0,0.15159759350000002,0.3412425165,26559.0,1309.0
0.8642968795653274,0.0,0.157568541,0.337599016,26559.0,1309.0
0.8654642680081597,0.063645651,0.160331889,0.342907408,26559.0,1309.0
0.8615660628608076,0.228245724,0.183319904,0.369863807,26559.0,1309.0
0.8605210644413351,0.304992095,0.177719097,0.356154373,26559.0,1309.0
0.8583483850295919,0.2758451595,0.17600429550000002,0.33398182649999997,26559.0,1309.0
0.8595048409174492,0.129847824,0.175488082,0.332309007,26559.0,1309.0
0.8615692812419607,0.005793141,0.183873939,0.353792624,26559.0,1309.0
0.8672398194817054,0.0,0.185361087,0.36404959,26559.0,1309.0
0.8685560064842137,0.0,0.1956583,0.378735843,26559.0,1309.0
0.8615573073729293,0.0,0.209824794,0.380737092,26559.0,1309.0
0.8371352418518583,0.0,0.21815939099999998,0.361775379,26559.0,1309.0
0.8011117497984598,0.0,0.22556098,0.271031321,26559.0,1309.0
0.7668399087000355,0.0,0.20966598,0.2083154495,26559.0,1309.0
0.7571140686179185,0.0,0.1945119936666667,0.19793464000000002,26559.0,1309.0
0.7853371909117688,0.0,0.194477456,0.228408143,26559.0,1309.0
0.8593574618419701,0.0,0.193372074,0.240063496,26559.0,1309.0
0.8809907816616924,0.0,0.1918200805,0.248607541,26559.0,1309.0
0.8674338634270803,0.0,0.204864373,0.26975579,26559.0,1309.0
0.8712182923804755,0.058402918,0.200655648,0.29425538,26559.0,1309.0
0.8688007861167271,0.231024903,0.206472332,0.29480984,26559.0,1309.0
0.8637111973618852,0.29232872,0.1858708095,0.2984294665,26559.0,1309.0
0.8629817334626694,0.261886742,0.183385882,0.37483839,26559.0,1309.0
0.8647056027882098,0.139228072,0.196177818,0.437289618,26559.0,1309.0
0.8692074271257026,0.004896132,0.210739976,0.462314659,26559.0,1309.0
0.876470547107068,0.0,0.23149879,0.443604262,26559.0,1309.0
0.8777465055877807,0.0,0.25940777,0.406711423,26559.0,1309.0
0.8698071181925916,0.0,0.294326918,0.3145790885,26559.0,1309.0
0.8420082584074595,0.0,0.3230040985,0.19879189149999998,26559.0,1309.0
0.801153019634312,0.0,0.35905757,0.140734787,26559.0,1309.0
0.7613647083163902,0.0,0.36763084966666665,0.107858252,26559.0,1309.0
0.7538875799332799,0.0,0.3579964565,0.1277602525,26559.0,1309.0
0.782352886306349,0.0,0.356838353,0.142223619,26559.0,1309.0
0.8541104132714541,0.0,0.350297924,0.142136891,26559.0,1309.0
0.8760502283923978,0.0,0.3415126155,0.14599816999999998,26559.0,1309.0
0.8613014058932675,0.0,0.333163921,0.137106643,26559.0,1309.0
0.8622123721994098,0.025570233,0.322558687,0.130222264,26559.0,1309.0
0.8608584170591531,0.142376268,0.319539706,0.129321768,26559.0,1309.0
0.8583188997705977,0.2193178345,0.294206623,0.12449749700000001,26559.0,1309.0
0.8572974705048414,0.173767807,0.264075404,0.114842813,26559.0,1309.0
0.8587479741802493,0.090180937,0.239676538,0.110663079,26559.0,1309.0
0.8615692812419607,0.002995599,0.215198873,0.107377545,26559.0,1309.0
0.8667902994463008,0.0,0.19609931,0.105369593,26559.0,1309.0
0.8685339516678844,0.0,0.182956748,0.106977161,26559.0,1309.0
0.8603719817362958,0.0,0.1707341435,0.114407068,26559.0,1309.0
0.8359030614318463,0.0,0.156848893,0.11160964500000001,26559.0,1309.0
0.7853751951469761,0.0,0.162477735,0.1075568385,26559.0,1309.0
0.7612517682664172,0.0,0.1580256175,0.1006487175,26559.0,1309.0
0.7697797721008387,0.0,0.158898646,0.08981981266666667,26559.0,1309.0
0.85934032945056,0.0,0.151079292,0.088956531,26559.0,1309.0
0.8837256685621453,0.0,0.1446148575,0.0904777205,26559.0,1309.0
0.870651872623151,0.0,0.142119902,0.09168177,26559.0,1309.0
0.8721207397104046,0.045872996,0.138618083,0.095158613,26559.0,1309.0
0.8690646863297797,0.244555987,0.156412539,0.098628431,26559.0,1309.0
0.8645572298252691,0.327511809,0.140995603,0.109856374,26559.0,1309.0
0.8636691229307444,0.273666963,0.133741023,0.10943476,26559.0,1309.0
0.868438065448237,0.135895517,0.138734384,0.110058888,26559.0,1309.0
0.8734788592784752,0.003941957,0.140513601,0.119702223,26559.0,1309.0
0.87876878687542,0.0,0.138090449,0.138475161,26559.0,1309.0
0.8794788936824312,0.0,0.13713940000000002,0.17384012599999998,26559.0,1309.0
0.8603782287922226,0.0,0.14497344499999998,0.21449325,26559.0,1309.0
0.840786017069167,0.0,0.158470151,0.228906802,26559.0,1309.0
0.7949438670835258,0.0,0.186161371,0.237524304,26559.0,1309.0
0.7655749774203846,0.0,0.21020010150000001,0.262006876,26559.0,1309.0
0.7628348609612122,0.0,0.22714480050000002,0.32799597199999997,26559.0,1309.0
0.7903699387891242,0.0,0.236737276,0.39248212,26559.0,1309.0
0.8621586074232919,0.0,0.248416135,0.459739227,26559.0,1309.0
0.8937060215671135,0.0,0.257013804,0.511006875,26559.0,1309.0
0.8740881108427369,0.0,0.280973309,0.580890074,26559.0,1309.0
0.8732708060554474,0.034635791,0.309616302,0.635183369,26559.0,1309.0
0.8750303608906232,0.208188721,0.338806183,0.650731919,26559.0,1309.0
0.8737641515781475,0.264465162,0.343574317,0.646191298,26559.0,1309.0
0.8729264487988032,0.251275648,0.334086257,0.6031325015,26559.0,1309.0
0.8731375311108106,0.115602328,0.33477431,0.628341534,26559.0,1309.0
0.8750579055941861,0.002924226,0.340725445,0.638786356,26559.0,1309.0
0.8802365177954276,0.0,0.342390614,0.6668317,26559.0,1309.0
0.8748955710563248,0.0,0.345551857,0.700089815,26559.0,1309.0
0.8476212458205157,0.0,0.36307949549999996,0.7536632245,26559.0,1309.0
0.8136102754319585,0.0,0.40003961,0.771293058,26559.0,1309.0
0.7672870857788129,0.0,0.408351319,0.777135581,26559.0,1309.0
0.7563970913058129,0.0,0.392434485,0.7874602509999999,26559.0,1309.0
0.7568832192877674,0.0,0.3789326575,0.7950350675,26559.0,1309.0
0.775672798230896,0.0,0.36687527600000003,0.7817107974999999,26559.0,1309.0
0.8099772957499756,0.0,0.361158099,0.70384213,26559.0,1309.0
0.8291625829400018,0.023378895,0.340747635,0.63323403,26559.0,1309.0
0.8326466694162217,0.143402582,0.360022488,0.614688102,26559.0,1309.0
0.828069215192661,0.21591622900000002,0.35217566,0.6168263270000001,26559.0,1309.0
0.8253552475626003,0.182342369,0.359064138,0.622221306,26559.0,1309.0
0.8262616700281699,0.095655892,0.365105796,0.642492674,26559.0,1309.0
0.832108078507823,0.002522484,0.367493249,0.646400748,26559.0,1309.0
0.8452737376900233,0.0,0.363668468,0.652810256,26559.0,1309.0
0.8487420164058408,0.0,0.371705217,0.664939504,26559.0,1309.0
0.8438375270234252,0.0,0.376305471,0.635294916,26559.0,1309.0
0.8177465397183608,0.0,0.347730529,0.554003478,26559.0,1309.0
0.7875530803005897,0.0,0.324658128,0.469465755,26559.0,1309.0
0.7672233351156896,0.0,0.3034366995,0.432129345,26559.0,1309.0
0.7559237419952813,0.0,0.271668892,0.408223158,26559.0,1309.0
0.7566343220327258,0.0,0.25927500800000003,0.416997731,26559.0,1309.0
0.775610751404436,0.0,0.25110976399999996,0.4248675325,26559.0,1309.0
0.8101775397388888,0.0,0.246680318,0.4178049925,26559.0,1309.0
0.8292824168977122,0.022094841,0.236139926,0.444934666,26559.0,1309.0
0.8326466694162217,0.168572764,0.222431294,0.40467976,26559.0,1309.0
0.827905886698304,0.241519588,0.1987190005,0.40169064899999996,26559.0,1309.0
0.8264974576611397,0.217568243,0.187730807,0.423685161,26559.0,1309.0
0.8298202506374176,0.09889761,0.19137523,0.451583803,26559.0,1309.0
0.8369593714048467,0.002282156,0.202389756,0.464840101,26559.0,1309.0
0.848548445483796,0.0,0.203202177,0.471441821,26559.0,1309.0
0.8496779719712055,0.0,0.2028553435,0.4876664155,26559.0,1309.0
0.8355423759648744,0.0,0.233529034,0.5203302075,26559.0,1309.0
0.80781034335844,0.0,0.243840107,0.531909638,26559.0,1309.0
0.788782752495753,0.0,0.247525593,0.536076295,26559.0,1309.0
0.773417082514372,0.0,0.28605369449999996,0.596920794,26559.0,1309.0
0.7639575955046115,0.0,0.295645244,0.605937027,26559.0,1309.0
0.7637269197958374,0.0,0.269943689,0.5795691970000001,26559.0,1309.0
0.7920505505038892,0.0,0.249880049,0.54600589,26559.0,1309.0
0.8642849529157879,0.0,0.234409225,0.522265966,26559.0,1309.0
0.8950139737387719,0.0,0.220893165,0.498497691,26559.0,1309.0
0.8741067577786366,0.0,0.19747096349999999,0.432697175,26559.0,1309.0
0.8732825434128137,0.016225443,0.177805401,0.381424037,26559.0,1309.0
0.875241916225961,0.117159493,0.188493291,0.325774162,26559.0,1309.0
0.8747812743434084,0.194234401,0.18529308649999998,0.38498278649999995,26559.0,1309.0
0.8741910489207023,0.167305246,0.177711818,0.422334455,26559.0,1309.0
0.8733842036650576,0.084683733,0.17185966,0.415445941,26559.0,1309.0
0.8752942606894699,0.001776072,0.160802873,0.390838627,26559.0,1309.0
0.8796850537766224,0.0,0.154073662,0.340295933,26559.0,1309.0
0.8807444404723004,0.0,0.145407152,0.269890055,26559.0,1309.0
0.8722222104633721,0.0,0.1380628595,0.1990766785,26559.0,1309.0
0.8498302728502949,0.0,0.135173996,0.151899794,26559.0,1309.0
0.8156541756917336,0.0,0.141308655,0.100746359,26559.0,1309.0
0.773949378733146,0.0,0.122312273,0.07636517500000001,26559.0,1309.0
0.7635681821544418,0.0,0.1040880645,0.052820599999999995,26559.0,1309.0
0.7776873550972554,0.0,0.0923065325,0.049284185499999994,26559.0,1309.0
0.8642504035733988,0.0,0.095663561,0.066554445,26559.0,1309.0
0.8951446934461715,0.0,0.102469944,0.08827118,26559.0,1309.0
0.8740211417984606,0.0,0.11390831300000001,0.14723618100000002,26559.0,1309.0
0.8733718984311712,0.014930804,0.127555036,0.251052108,26559.0,1309.0
0.8745003833974212,0.137237161,0.149630466,0.372222865,26559.0,1309.0
0.8751998892214155,0.180969042,0.163607689,0.448442311,26559.0,1309.0
0.873213066143689,0.197850877,0.18059295,0.505002939,26559.0,1309.0
0.8740214257367206,0.061385003,0.194905513,0.540004537,26559.0,1309.0
0.8743767631820377,0.00103638,0.205070117,0.581160311,26559.0,1309.0
0.8797967477566724,0.0,0.217674361,0.620483787,26559.0,1309.0
0.8807418848208569,0.0,0.231481584,0.647368453,26559.0,1309.0
0.8726943529845228,0.0,0.2471294745,0.6598687995,26559.0,1309.0
0.8482402937725062,0.0,0.26838018750000003,0.6838921855,26559.0,1309.0
0.7953269387316821,0.0,0.2937767905,0.6980947065,26559.0,1309.0
0.7653953681422946,0.0,0.281818209,0.7155730505,26559.0,1309.0
0.7628308381918738,0.0,0.284032245,0.707974094,26559.0,1309.0
0.7909386304667352,0.0,0.294034697,0.685644736,26559.0,1309.0
0.8630294400608279,0.0,0.310072601,0.663280626,26559.0,1309.0
0.885650065814859,0.0,0.3390418325,0.6429913955,26559.0,1309.0
0.8717675793321841,0.0,0.382325453,0.640067811,26559.0,1309.0
0.8728526173954851,0.005601139,0.407868286,0.636315509,26559.0,1309.0
0.8750887631178855,0.067985806,0.42399864,0.647501385,26559.0,1309.0
0.8739591423985954,0.1024035025,0.4627728655,0.629288942,26559.0,1309.0
0.8707205927235823,0.061230858,0.503859407,0.615529945,26559.0,1309.0
0.8706350239628979,0.010504641,0.530789446,0.622031933,26559.0,1309.0
0.8693514929668389,0.0,0.552517454,0.625376249,26559.0,1309.0
0.873723828203162,0.0,0.570533354,0.603624911,26559.0,1309.0
0.8706965501323297,0.0,0.593796004,0.616377344,26559.0,1309.0
0.8574669514090387,0.0,0.6267416625,0.602546636,26559.0,1309.0
0.8273294336273793,0.0,0.671557422,0.565628199,26559.0,1309.0
0.7764546068007235,0.0,0.6877030305,0.599148424,26559.0,1309.0
0.7523180939078389,0.0,0.7141308955,0.6465783700000001,26559.0,1309.0
0.744128744540909,0.0,0.737354352,0.71431567,26559.0,1309.0
0.7691275942906564,0.0,0.732567313,0.746945722,26559.0,1309.0
0.8400650247195696,0.0,0.710718297,0.75716037,26559.0,1309.0
0.874855531550565,0.0,0.691810408,0.791803425,26559.0,1309.0
0.8582551018879827,0.0,0.6706029124999999,0.8126768449999999,26559.0,1309.0
0.8510814315710615,0.001489446,0.64771323,0.816606693,26559.0,1309.0
0.8484577179936301,0.0162654195,0.6181543785000001,0.8415836235,26559.0,1309.0
0.847014692187482,0.020468947,0.608785935,0.8400683019999999,26559.0,1309.0
0.8463484582943613,0.003237144,0.613773374,0.827259756,26559.0,1309.0
0.8473898601625401,0.0,0.638300211,0.828424565,26559.0,1309.0
0.8522129456262912,0.0,0.657200114,0.824061725,26559.0,1309.0
0.8453716430261866,0.0,0.7025699203333332,0.8655169800000001,26559.0,1309.0
0.8144866926028147,0.0,0.7565580199999999,0.8796028499999999,26559.0,1309.0
0.7711195758907613,0.0,0.736062576,0.827517625,26559.0,1309.0
0.7290227625039658,0.0,0.7610494590000001,0.859432918,26559.0,1309.0
0.7161503229042818,0.0,0.7523125500000001,0.8519734313333333,26559.0,1309.0
0.7415956163809619,0.0,0.747533266,0.887990876,26559.0,1309.0
0.8121706570920337,0.0,0.739004697,0.880075685,26559.0,1309.0
0.861823526311554,0.0,0.733575436,0.869351269,26559.0,1309.0
0.8545350389008256,0.0,0.7376046865,0.862381349,26559.0,1309.0
0.847201116398019,0.001636763,0.758248315,0.847240882,26559.0,1309.0
0.8471416728567002,0.026677108,0.760841246,0.864205659,26559.0,1309.0
0.8470485315806694,0.061844916,0.78017013,0.859899984,26559.0,1309.0
0.846236291083878,0.063444835,0.7937980330000001,0.83365748,26559.0,1309.0
0.8457049887525656,0.013846429,0.79841336,0.853522396,26559.0,1309.0
0.8466572248945601,0.0,0.799251225,0.871618527,26559.0,1309.0
0.8517862379901158,0.0,0.799611866,0.881695603,26559.0,1309.0
0.8520211731869964,0.0,0.800561922,0.886795282,26559.0,1309.0
0.84218417586686,0.0,0.796441969,0.8890831695,26559.0,1309.0
0.8158499236808749,0.0,0.789914724,0.9009026665,26559.0,1309.0
0.7751731584327775,0.0,0.768021009,0.892364208,26559.0,1309.0
0.7468625424936077,0.0,0.772542486,0.8902796305,27240.5,1343.0
0.7327414292024657,0.0,0.7685193429999999,0.900321541,27922.0,1377.0
0.7331285236199603,0.0,0.7535712864999999,0.9032657685,27922.0,1377.0
0.7387698129052727,0.0,0.7356624025,0.9054892880000001,27922.0,1377.0
0.7908005511459085,0.0,0.7291507915,0.9088887809999999,27922.0,1377.0
0.8129069837644973,0.001831757,0.708206458,0.905552466,27922.0,1377.0
0.8170212876735538,0.019063706,0.700482489,0.910508705,27922.0,1377.0
0.8145219044678105,0.061250231,0.686777885,0.8998775699999999,27922.0,1377.0
0.8161433089458188,0.042885574,0.6379323575,0.8894673445000001,27922.0,1377.0
0.8220471257652726,0.0,0.579872446,0.894089832,27922.0,1377.0
0.8361226155005752,0.0,0.554025514,0.896925683,27922.0,1377.0
0.8382466888656819,0.0,0.531801763,0.9041680665,27922.0,1377.0
0.8253631983861559,0.0,0.5057771243333333,0.911541716,27922.0,1377.0
0.78143860718007,0.0,0.485969575,0.906852215,27922.0,1377.0
0.7610076277538677,0.0,0.4818173825,0.913240073,27922.0,1377.0
0.7504416159481001,0.0,0.4745952255,0.9088066455,27922.0,1377.0
0.7490739360207255,0.0,0.48980952566666663,0.8877418796666667,27922.0,1377.0
0.7928735344705853,0.0,0.546509277,0.847986218,27922.0,1377.0
0.8147044952011824,0.001041941,0.579565642,0.83714972,27922.0,1377.0
0.817425325397388,0.026563892000000002,0.613799667,0.837871842,27922.0,1377.0
0.8167260567063681,0.0256496705,0.6465970894999999,0.8402995314999999,27922.0,1377.0
0.8191036181794777,0.001316152,0.631394281,0.8438953375,27922.0,1377.0
0.8341465833193483,0.0,0.590714402,0.836090817,27922.0,1377.0
0.8368953844371613,0.0,0.555399688,0.821111086,27922.0,1377.0
0.8335873574930234,0.0,0.5014507475,0.793897318,27922.0,1377.0
0.8173248485318823,0.0,0.442401161,0.7601641045,27922.0,1377.0
0.7709087936020161,0.0,0.36685856366666664,0.691484424,27922.0,1377.0
0.7537593922675778,0.0,0.2950208395,0.6305022295,27922.0,1377.0
0.7658931624452745,0.0,0.261046865,0.6020808025,27922.0,1377.0
0.8341596457219281,0.0,0.257054536,0.579267888,27922.0,1377.0
0.8781224779510239,0.0,0.264929424,0.567962339,27922.0,1377.0
0.8704770911238936,0.0,0.281250128,0.5553378085,27922.0,1377.0
0.8642264558353359,0.0,0.286283953,0.509383163,27922.0,1377.0
0.864133693143652,0.007871219,0.289233587,0.476351491,27922.0,1377.0
0.864749901713042,0.018696281,0.285837004,0.472595022,27922.0,1377.0
0.8632913837024812,0.010462800333333333,0.27586699933333336,0.46407342300000004,27922.0,1377.0
0.8654618067957001,0.0,0.273714776,0.42255879,27922.0,1377.0
0.8712951528727734,0.0,0.275955667,0.397619669,27922.0,1377.0
0.8719376755394963,0.0,0.278613401,0.379104091,27922.0,1377.0
0.8664865020763073,0.0,0.302167401,0.347121118,27922.0,1377.0
0.8494720009620846,0.0,0.371396459,0.3058002615,27922.0,1377.0
0.8099056416208573,0.0,0.432950171,0.302378226,27922.0,1377.0
0.7783653027379966,0.0,0.496140574,0.3422067175,27922.0,1377.0
0.7697754179666456,0.0,0.5890812925,0.34983596699999997,27922.0,1377.0
0.7817980858576611,0.0,0.6372003415,0.364893792,27922.0,1377.0
0.8502789408638162,0.0,0.649639368,0.411286845,27922.0,1377.0
0.886314170067478,0.0,0.654082879,0.461178757,27922.0,1377.0
0.8734976957136513,0.0,0.6568232895,0.5244598165000001,27922.0,1377.0
0.8718988669161037,0.00325983,0.657153198,0.598039046,27922.0,1377.0
0.8730055807971813,0.073107459,0.661899809,0.628197256,27922.0,1377.0
0.8729897734509847,0.105517909,0.67026764,0.683866836,27922.0,1377.0
0.8722737033192038,0.1139639725,0.6741602595,0.6929251155,27922.0,1377.0
0.8735404803010965,0.03695949,0.678197528,0.658646718,27922.0,1377.0
0.8754749585011082,0.0,0.668121636,0.675770117,27922.0,1377.0
0.8825565286489521,0.0,0.650499222,0.692783179,27922.0,1377.0
0.883809959290005,0.0,0.637983034,0.696841776,27922.0,1377.0
0.8785196058892216,0.0,0.621985534,0.740891003,27922.0,1377.0
0.8613638785235661,0.0,0.593508224,0.7668820935,27922.0,1377.0
0.8264826912147937,0.0,0.599450875,0.747758943,27922.0,1377.0
0.7896169529556841,0.0,0.5439916665,0.76001373,27922.0,1377.0
0.782912396278037,0.0,0.49416394750000003,0.7629156215,27922.0,1377.0
0.7972952563248811,0.0,0.46259467,0.7881478825,27922.0,1377.0
0.8622468266886092,0.0,0.433454553,0.706618761,27922.0,1377.0
0.8984967351697783,0.0,0.395238041,0.556641782,27922.0,1377.0
0.8856464214227644,0.0,0.36486377950000004,0.6674032585,27922.0,1377.0
0.8861854381350016,0.003131439,0.393598726,0.780756316,27922.0,1377.0
0.8808006656324658,0.06336545,0.426137194,0.777353943,27922.0,1377.0
0.8759840165168148,0.10580737,0.417580524,0.725526887,27922.0,1377.0
0.875190234285059,0.09750610200000001,0.379373336,0.6254783559999999,27922.0,1377.0
0.8760266118120867,0.016504827,0.339365065,0.570977278,27922.0,1377.0
0.879847672321778,0.0,0.321536374,0.539587197,27922.0,1377.0
0.8869353955007709,0.0,0.304511899,0.516569904,27922.0,1377.0
0.890392883320089,0.0,0.288689642,0.510756322,27922.0,1377.0
0.8849988820992414,0.0,0.274452629,0.5086353975,27922.0,1377.0
0.8669372050842437,0.0,0.2582601745,0.464330947,27922.0,1377.0
0.8304968496231993,0.0,0.246202056,0.443828835,27922.0,1377.0
0.7892295507830805,0.0,0.21052560399999998,0.39425646599999997,27922.0,1377.0
0.7814481438605938,0.0,0.1985444055,0.4068723385,27922.0,1377.0
0.7967297121991854,0.0,0.195694375,0.4026038735,27922.0,1377.0
0.862859816876846,0.0,0.183227295,0.30062701,27922.0,1377.0
0.901460972319586,0.0,0.183796713,0.228456423,27922.0,1377.0
0.8877435181679314,0.0,0.184444984,0.18538438000000002,27922.0,1377.0
0.8861007213962006,0.001308504,0.198153574,0.181307442,27922.0,1377.0
0.8853284258971508,0.020652913,0.194584001,0.218082931,27922.0,1377.0
0.882190495160325,0.0421302345,0.210175582,0.2087042815,27922.0,1377.0
0.8777321651523762,0.013065208500000002,0.2227372115,0.235757842,27922.0,1377.0
0.879847672321778,0.0,0.261450023,0.296825686,27922.0,1377.0
0.8859824017758771,0.0,0.274399804,0.30633871,27922.0,1377.0
0.8876616884454285,0.0,0.280866048,0.309926418,27922.0,1377.0
0.8787402957109905,0.0,0.2958016785,0.325299981,27922.0,1377.0
0.8633285519317734,0.0,0.296274136,0.342142965,27922.0,1377.0
0.8323872181905521,0.0,0.289693778,0.31039971450000003,27922.0,1377.0
0.7875536481771097,0.0,0.275122212,0.275549202,27922.0,1377.0
0.7756770577190026,0.0,0.253146761,0.266054263,27922.0,1377.0
0.7711965074193998,0.0,0.231722201,0.2513373395,27922.0,1377.0
0.7956764313151651,0.0,0.214149783,0.245822191,27922.0,1377.0
0.8489677703110046,0.0,0.195487058,0.226696997,27922.0,1377.0
0.8860440227984984,0.0,0.179946074,0.23054038,27922.0,1377.0
0.8730346874718288,0.0,0.1660019165,0.2340893915,27922.0,1377.0
0.8720660284734197,0.0,0.158756387,0.251352223,27922.0,1377.0
0.8725748027579695,0.008955339,0.164017457,0.266167665,27922.0,1377.0
0.8726193858281646,0.020389388,0.164990154,0.232679652,27922.0,1377.0
0.871850024564905,0.020649441,0.165336266,0.212772792,27922.0,1377.0
0.8713978540248676,0.009882233,0.180823009,0.211264868,27922.0,1377.0
0.8716309911532045,0.0028777,0.211879803,0.218132678,27922.0,1377.0
0.8732954165232202,0.0,0.236117439,0.232066062,27922.0,1377.0
0.8794561763434952,0.0,0.259910272,0.265465308,27922.0,1377.0
0.8808388119403548,0.0,0.286719051,0.316466052,27922.0,1377.0
0.8741234173538194,0.0,0.30366956349999996,0.3741817975,27922.0,1377.0
0.8532427520026822,0.0,0.2964966295,0.40755510549999996,27922.0,1377.0
0.8141303140505441,0.0,0.302433481,0.387220696,27922.0,1377.0
0.7764670541072913,0.0,0.293918115,0.41697979100000004,27922.0,1377.0
0.7639385698808135,0.0,0.27078441025,0.3945884375,27922.0,1377.0
0.7668591001098126,0.0,0.25551354849999997,0.3382609015,27922.0,1377.0
0.8078117630497403,0.0,0.23590988200000002,0.3052809145,27922.0,1377.0
0.8298844273114824,0.0,0.226965519,0.294464558,27922.0,1377.0
0.8314259896348078,0.01449126,0.208409127,0.28404255,27922.0,1377.0
0.8308822874235224,0.02624962,0.206963799,0.303946938,27922.0,1377.0
0.8298511557948149,0.033778587,0.201238061,0.3173434345,27922.0,1377.0
0.8311304747293622,0.008761876,0.195173933,0.326871709,27922.0,1377.0
0.8392494711955384,0.0,0.196306012,0.349372497,27922.0,1377.0
0.8516344099272537,0.0,0.199044026,0.372275856,27922.0,1377.0
0.855165635125112,0.0,0.209958649,0.392484135,27922.0,1377.0
0.8506850135820654,0.0,0.21803370500000002,0.4426278915,27922.0,1377.0
0.8311323678581989,0.0,0.22791717849999998,0.556039395,27922.0,1377.0
0.7918664452260273,0.0,0.25383341800000003,0.5689134035000001,27922.0,1377.0
0.7745450704333395,0.0,0.311430106,0.637898243,27922.0,1377.0
0.7699554845282353,0.0,0.3604541053333333,0.6323789676666667,27922.0,1377.0
0.7686952072679711,0.0,0.388086515,0.6270681615,27922.0,1377.0
0.8065616454359271,0.0,0.409780947,0.598198966,27922.0,1377.0
0.8281715377604085,0.001108285,0.422699697,0.571029559,27922.0,1377.0
0.8306880537717678,0.023534824,0.47592305,0.523641498,27922.0,1377.0
0.8294321623324612,0.057284115,0.473606958,0.579963115,27922.0,1377.0
0.8286758160451866,0.058154460000000005,0.477462056,0.6342319105,27922.0,1377.0
0.83096274488132,0.020682046,0.492724261,0.649825272,27922.0,1377.0
0.8369818996587125,0.0,0.498849406,0.6412132,27922.0,1377.0
0.8505407584487558,0.0,0.505438761,0.630193247,27922.0,1377.0
0.8524379423627617,0.0,0.510148971,0.60734688,27922.0,1377.0
0.8492269848179061,0.0,0.5151725595,0.5956990135,27922.0,1377.0
0.8297937470408083,0.0,0.517872949,0.621727055,27922.0,1377.0
0.7977493906158897,0.0,0.558887457,0.56830838,27922.0,1377.0
0.7857458194885645,0.0,0.5485242285,0.6416734335000001,27922.0,1377.0
0.7743600974627983,0.0,0.542934456,0.7445420733333333,27922.0,1377.0
0.7977279985292701,0.0,0.550310417,0.77298205,27922.0,1377.0
0.8505915885748778,0.0,0.554750278,0.774158981,27922.0,1377.0
0.8858921951498424,0.0,0.56400355,0.785899002,27922.0,1377.0
0.8734836868502048,0.0,0.567820404,0.796214982,27922.0,1377.0
0.871510021028248,0.001045507,0.569461004,0.784271303,27922.0,1377.0
0.8677908100629741,0.033624215,0.591656934,0.745210898,27922.0,1377.0
0.8666072352753925,0.067825054,0.593304842,0.751808117,27922.0,1377.0
0.8647837883257212,0.0822980575,0.5939550805,0.757115814,27922.0,1377.0
0.8640397946989278,0.022774678,0.584851454,0.752238627,27922.0,1377.0
0.8653668674511255,0.0,0.575284222,0.738545662,27922.0,1377.0
0.8725310721238636,0.0,0.566439549,0.722647245,27922.0,1377.0
0.8738019193016896,0.0,0.555824284,0.694674968,27922.0,1377.0
0.8685576156747903,0.0,0.5225562,0.6395344605,27922.0,1377.0
0.8525616572242318,0.0,0.4809202525,0.5422855695,27922.0,1377.0
0.8137320027256084,0.0,0.467690895,0.436021775,27922.0,1377.0
0.7833781968900713,0.0,0.440584545,0.4259812285,27922.0,1377.0
0.7738221061867182,0.0,0.3944887143333333,0.4162867266666667,27922.0,1377.0
0.8006004198624667,0.0,0.349081227,0.302246225,27922.0,1377.0
0.8568391473478608,0.0,0.322027135,0.212211368,27922.0,1377.0
0.8942002191116966,0.0,0.296103758,0.140898698,27922.0,1377.0
0.8827254891032241,0.0,0.269518082,0.1237478715,27922.0,1377.0
0.8855718800702448,0.001313397,0.239017644,0.08783089,27922.0,1377.0
0.8827975220237922,0.04493652,0.2491826,0.067359375,27922.0,1377.0
0.8788590883546444,0.098547982,0.213727228,0.050892313,27922.0,1377.0
0.8758923901994802,0.11249516300000001,0.1829501875,0.0404357075,27922.0,1377.0
0.8822089530111547,0.029549745,0.160424527,0.045535267,27922.0,1377.0
0.8881770883702517,0.0,0.15574026,0.05713965,27922.0,1377.0
0.8942777419194982,0.0,0.15587451,0.070027355,27922.0,1377.0
0.8985658338545564,0.0,0.152431349,0.085622591,27922.0,1377.0
0.8941839855474556,0.0,0.145856732,0.1205842385,27922.0,1377.0
0.8768845237055187,0.0,0.139033953,0.165392398,27922.0,1377.0
0.8410421550604938,0.0,0.175396964,0.219412761,27922.0,1377.0
0.7978592856989838,0.0,0.173761911,0.28050454,27922.0,1377.0
0.7879988849075585,0.0,0.17620618049999998,0.349562357,27922.0,1377.0
0.7955115883453523,0.0,0.17188333599999997,0.4018610523333333,27922.0,1377.0
0.8669902122774622,0.0,0.16233532,0.423339435,27922.0,1377.0
0.9032325482432849,0.0,0.155709029,0.43480908,27922.0,1377.0
0.8910264139872683,0.0,0.16009544850000001,0.44684068099999996,27922.0,1377.0
0.892667838080088,0.0,0.167467959,0.446000883,27922.0,1377.0
0.8926327208611787,0.03964155,0.194098757,0.457369634,27922.0,1377.0
0.8918937440982884,0.113973349,0.205808397,0.499860817,27922.0,1377.0
0.8911283579706692,0.11482485399999999,0.20130007649999998,0.48464455100000003,27922.0,1377.0
0.8899909754438594,0.018673375,0.202593374,0.478119861,27922.0,1377.0
0.893904987937408,0.0,0.1982672,0.478557966,27922.0,1377.0
0.9029955304182913,0.0,0.192863991,0.481419531,27922.0,1377.0
0.9051621988715668,0.0,0.195350829,0.499410613,27922.0,1377.0
0.9007772744630973,0.0,0.1876523645,0.514943585,27922.0,1377.0
0.8831821082164384,0.0,0.1952656855,0.5380155360000001,27922.0,1377.0
0.847661332476733,0.0,0.200961271,0.578022371,27922.0,1377.0
0.7976411993694591,0.0,0.2150185765,0.5802046535000001,27922.0,1377.0
0.7876538889451565,0.0,0.209117915,0.5481355855,27922.0,1377.0
0.8018920676406462,0.0,0.19747117349999999,0.5309960765,27922.0,1377.0
0.8693010414250637,0.0,0.186596168,0.498385139,27922.0,1377.0
0.9055567239388292,0.0,0.185808429,0.492753986,27922.0,1377.0
0.8929872537112076,0.0,0.1862125725,0.5122375225,27922.0,1377.0
0.8933136739811538,0.0,0.193237854,0.52717447,27922.0,1377.0
0.8949719467342261,0.028825842,0.200876778,0.533498081,27922.0,1377.0
0.8936766783808009,0.103389201,0.197987159,0.536993436,27922.0,1377.0
0.8932020274276986,0.10053538649999999,0.1962056865,0.5137807160000001,27922.0,1377.0
0.8933949830466285,0.016246663,0.1954685,0.48512443,27922.0,1377.0
0.8958973009023677,0.0,0.191490273,0.488561842,27922.0,1377.0
0.9047992418985145,0.0,0.1882211855,0.49066347,27922.0,1377.0
0.9010505926866351,0.0,0.183823762,0.4686731535,27922.0,1377.0
0.8836964198148163,0.0,0.1770126215,0.44027695499999997,27922.0,1377.0
0.8466732219471359,0.0,0.19524172,0.466638293,27922.0,1377.0
0.7989907053152299,0.0,0.1916227145,0.48816095000000004,27922.0,1377.0
0.789995086577159,0.0,0.178333403,0.471735737,27922.0,1377.0
0.8174222490889165,0.0,0.160754138,0.439698781,27922.0,1377.0
0.8723687377240711,0.0,0.156961942,0.431252357,27922.0,1377.0
0.9095608486194288,0.0,0.156106758,0.415458138,27922.0,1377.0
0.8966548301621744,0.0,0.1590848265,0.3966691615,27922.0,1377.0
0.8967133274497294,0.0,0.162753395,0.394457213,27922.0,1377.0
0.8978377424271492,0.034270269,0.188082636,0.457742797,27922.0,1377.0
0.8963316754928732,0.134843363,0.182274127,0.461048261,27922.0,1377.0
0.8946179345412255,0.127389881,0.170279967,0.43757509650000004,27922.0,1377.0
0.8952511808559389,0.019248187,0.165482473,0.433961413,27922.0,1377.0
0.8980526105826236,0.0,0.165385935,0.429503216,27922.0,1377.0
0.906194608740202,0.0,0.169083403,0.422487882,27922.0,1377.0
0.9071086985743078,0.0,0.174624024,0.417124154,27922.0,1377.0
0.902462713542489,0.0,0.18918791499999998,0.425630028,27922.0,1377.0
0.8851399662779929,0.0,0.20660754850000002,0.4269738905,27922.0,1377.0
0.8479415134735186,0.0,0.228822142,0.423582862,27922.0,1377.0
0.7943672485372768,0.0,0.23747465,0.44780959200000003,27922.0,1377.0
0.7826550588840041,0.0,0.23962151933333334,0.4348928793333333,27922.0,1377.0
0.7825462679362203,0.0,0.2477015105,0.4286680735,27922.0,1377.0
0.8069161308593611,0.0,0.27494220199999997,0.42971042049999997,27922.0,1377.0
0.832284705916425,0.0,0.304581901,0.421557936,27922.0,1377.0
0.8468544872210884,0.0,0.322383235,0.418127126,27922.0,1377.0
0.8476187373885642,0.053296683500000004,0.35892176200000003,0.4774305175,27922.0,1377.0
0.8465825888959537,0.0735116585,0.3642121875,0.466634232,27922.0,1377.0
0.8473857897595037,0.008127916,0.357377752,0.453775808,27922.0,1377.0
0.8528225281412017,0.0,0.364169426,0.459302964,27922.0,1377.0
0.8644184175668042,0.0,0.371247149,0.481892518,27922.0,1377.0
0.8669200722786276,0.0,0.391005358,0.511471581,27922.0,1377.0
0.8629516329005603,0.0,0.432042256,0.503622657,27922.0,1377.0
0.841360576804152,0.0,0.49163065799999994,0.47167931799999996,27922.0,1377.0
0.8074767765840892,0.0,0.524046419,0.483279209,27922.0,1377.0
0.7826435976640169,0.0,0.5542946209999999,0.494384638,27922.0,1377.0
0.7708411935838286,0.0,0.587463867,0.580797903,27922.0,1377.0
0.7716604623291923,0.0,0.605113604,0.6124930395,27922.0,1377.0
0.7755049265172753,0.0,0.626992714,0.657432891,27922.0,1377.0
0.8107334999645688,0.0,0.6556893385,0.6918862235000001,27922.0,1377.0
0.8329033756982748,0.0,0.667877657,0.715789275,27922.0,1377.0
0.8348016005121309,0.014530528,0.67493571,0.739278068,27922.0,1377.0
0.8330509910783159,0.07181214450000001,0.6797694295000001,0.7564876265,27922.0,1377.0
0.8329399128155871,0.053950681,0.669046488,0.771245814,27922.0,1377.0
0.8348451422682697,0.011366162,0.658815701,0.768857062,27922.0,1377.0
0.8405290266417508,0.0,0.647909756,0.762836146,27922.0,1377.0
0.8537270580992438,0.0,0.636439328,0.757033037,27922.0,1377.0
0.8563949283217226,0.0,0.6084103265,0.748952211,27922.0,1377.0
0.8481843049169027,0.0,0.569920282,0.754493083,27922.0,1377.0
0.8335409761471814,0.0,0.513439611,0.755984752,27922.0,1377.0
0.8011569951841586,0.0,0.441117494,0.712245906,27922.0,1377.0
0.7868261248333255,0.0,0.39898129800000004,0.704368967,27922.0,1377.0
0.7758145925659521,0.0,0.33194873700000005,0.6743080225,27922.0,1377.0
0.7902908067907461,0.0,0.269518121,0.609759258,27922.0,1377.0
0.8572234493951439,0.0,0.233693782,0.557573313,27922.0,1377.0
0.8973004765639638,0.0,0.201300435,0.518956176,27922.0,1377.0
0.8830160819979564,0.0,0.1681225575,0.46053353399999997,27922.0,1377.0
0.8855718800702448,0.0,0.149083993,0.406783714,27922.0,1377.0
0.8853284258971508,0.015419101,0.132262989,0.33297499,27922.0,1377.0
0.8871444896236491,0.035878047,0.120937904,0.265465436,27922.0,1377.0
0.8862703443730793,0.0417781275,0.1087321105,0.198873419,27922.0,1377.0
0.8861160557190665,0.011023556,0.097275775,0.161733118,27922.0,1377.0
0.8898369707281067,0.0,0.095747354,0.153745205,27922.0,1377.0
0.8966261494984685,0.0,0.092206329,0.149590198,27922.0,1377.0
0.8991103880877251,0.0,0.089715971,0.155080193,27922.0,1377.0
0.8965931144934662,0.0,0.0968579415,0.169072483,27922.0,1377.0
0.8783858100804536,0.0,0.102285667,0.1748629345,27922.0,1377.0
0.8448002699165561,0.0,0.110598232,0.16769007,27922.0,1377.0
0.7972035823738484,0.0,0.107216973,0.1756402165,27922.0,1377.0
0.7876914197428273,0.0,0.102283438,0.16965428049999998,27922.0,1377.0
0.8015660497718958,0.0,0.115636772,0.206742472,27922.0,1377.0
0.8676163597214686,0.0,0.129434615,0.225165979,27922.0,1377.0
0.9050109390994308,0.0,0.143385463,0.228478135,27922.0,1377.0
0.8916099661360029,0.0,0.1602185365,0.2577271545,27922.0,1377.0
0.8918448068939,0.0,0.186631708,0.303445086,27922.0,1377.0
0.8910259405497319,0.017994525,0.209208688,0.371494909,27922.0,1377.0
0.8907108792599084,0.08038216649999999,0.2448486215,0.4234951,27922.0,1377.0
0.8882337871750567,0.0301980685,0.29875281350000005,0.501351398,27922.0,1377.0
0.8893160805018441,0.0,0.355291704,0.509493807,27922.0,1377.0
0.8940384525884243,0.0,0.391440705,0.482202021,27922.0,1377.0
0.8918609932386492,0.0,0.4345300065,0.5376526804999999,27922.0,1377.0
0.8744736905086385,0.0,0.4827055195,0.6637110749999999,27922.0,1377.0
0.8523499123896175,0.0,0.511276309,0.700186279,27922.0,1377.0
0.8040304104048166,0.0,0.532216196,0.7126636275,27922.0,1377.0
0.7775947110756101,0.0,0.564904153,0.741533822,27922.0,1377.0
0.7801153050837835,0.0,0.6069414970000001,0.7885708526666667,27922.0,1377.0
0.8505915885748778,0.0,0.626940065,0.807431989,27922.0,1377.0
0.8860440227984984,0.0,0.636578801,0.812483073,27922.0,1377.0
0.8735451658001447,0.0,0.647319262,0.8113701799999999,27922.0,1377.0
0.8714413013420226,0.0,0.653904175,0.811712083,27922.0,1377.0
0.8711314930135613,0.004004887,0.664639741,0.810186622,27922.0,1377.0
0.8713842237457677,0.01022734,0.671008174,0.797548628,27922.0,1377.0
0.8707682991146377,0.009555405,0.673475374,0.7960052904999999,27922.0,1377.0
0.8703707455797046,0.002198198,0.67402048,0.808244748,27922.0,1377.0
0.8721859572843199,0.0,0.683408131,0.815347102,27922.0,1377.0
0.8786415696945368,0.0,0.687350001,0.81709611,27922.0,1377.0
0.8749360206260924,0.0,0.6748917006666667,0.8031233630000001,27922.0,1377.0
0.852694837729885,0.0,0.652688908,0.788736825,27922.0,1377.0
0.8128653353442982,0.0,0.640897088,0.750170272,27922.0,1377.0
0.7817426884883236,0.0,0.655369636,0.7524729195,27922.0,1377.0
0.7695819889101791,0.0,0.6639140045,0.7530801385,27922.0,1377.0
0.7816423534883963,0.0,0.6645044935,0.7635616885000001,27922.0,1377.0
0.8507149246448983,0.0,0.658550539,0.77602402,27922.0,1377.0
0.8864341933173616,0.0,0.655048037,0.773747116,27922.0,1377.0
0.8741030189475583,0.0,0.6562006625000001,0.79368205,27922.0,1377.0
0.871510021028248,0.0,0.655118027,0.810001695,27922.0,1377.0
0.8709692534669585,0.008794114,0.643686926,0.785124465,27922.0,1377.0
0.8711212071723281,0.03664066033333333,0.6605974526666667,0.776772207,27922.0,1377.0
0.8721877557670699,0.0019718195,0.6779574644999999,0.7715560335,27922.0,1377.0
0.8785461569124258,0.0,0.680171167,0.793917147,27922.0,1377.0
0.8764391843900334,0.0,0.6771549763333334,0.8035157933333333,27922.0,1377.0
0.8542353117267653,0.0,0.66646641,0.8000857185,27922.0,1377.0
0.8002817616071434,0.0,0.668365906,0.786368595,27922.0,1377.0
0.7762378925288012,0.0,0.6570912365,0.7765398050000001,27922.0,1377.0
0.7810854942974786,0.0,0.6554323826666666,0.7828552650000001,27922.0,1377.0
0.8508067408757154,0.0,0.647362928,0.776350325,27922.0,1377.0
0.8861170970331231,0.0,0.637200424,0.764897083,27922.0,1377.0
0.8753512908591298,0.0,0.6268930484999999,0.7476676904999999,27922.0,1377.0
0.8751298436615644,0.0,0.622400777,0.732706394,27922.0,1377.0
0.8756482730895734,0.0236574,0.592430259,0.668581219,27922.0,1377.0
0.875754192622821,0.033302664999999995,0.5990558749999999,0.6580558925,27922.0,1377.0
0.8769768127525631,0.0035458475,0.580620292,0.6471460265,27922.0,1377.0
0.8850069750645129,0.0,0.568487646,0.617798553,27922.0,1377.0
0.8837646506688465,0.0,0.539826469,0.5907373296666667,27922.0,1377.0
0.8645307264357629,0.0,0.501500387,0.5539548384999999,27922.0,1377.0
0.8296324537479692,0.0,0.427141335,0.434303353,27922.0,1377.0
0.7840406919521136,0.0,0.42091208,0.430897081,27922.0,1377.0
0.774772078347376,0.0,0.38689473399999996,0.43014367200000003,27922.0,1377.0
0.7764932737656407,0.0,0.351674963,0.427333782,27922.0,1377.0
0.7813645392650868,0.0,0.3243926835,0.44386122699999997,27922.0,1377.0
0.8195639761237704,0.0,0.291014106,0.446232252,27922.0,1377.0
0.842208975626806,0.0,0.255271605,0.425327194,27922.0,1377.0
0.843931519907133,0.008406077,0.217564034,0.357696404,27922.0,1377.0
0.8442253311830183,0.024326835,0.203902399,0.353953053,27922.0,1377.0
0.8439992303112378,0.02261618233333333,0.18212961866666666,0.315666051,27922.0,1377.0
0.8505009080971008,0.0,0.166325133,0.274423256,27922.0,1377.0
0.8638597596169992,0.0,0.159721637,0.26596696,27922.0,1377.0
0.8669200722786276,0.0,0.156495446,0.255163699,27922.0,1377.0
0.8638304162235836,0.0,0.15098258,0.233614814,27922.0,1377.0
0.8458408195557487,0.0,0.1437120635,0.206842784,27922.0,1377.0
0.8182122456843083,0.0,0.145864275,0.187498966,27922.0,1377.0
0.7924587768865923,0.0,0.15067206249999998,0.200615718,27922.0,1377.0
0.7835053903576572,0.0,0.15453571500000002,0.2639064355,27922.0,1377.0
0.7881549250319324,0.0,0.1580308705,0.29968395150000005,27922.0,1377.0
0.8248973031970693,0.0,0.1501234925,0.328646248,27922.0,1377.0
0.8465095620879239,0.0,0.146374179,0.352191299,27922.0,1377.0
0.8476849016304492,0.016463054,0.151377686,0.346011765,27922.0,1377.0
0.8476621844986162,0.080377347,0.150125143,0.386805359,27922.0,1377.0
0.8450504447902163,0.07517043300000001,0.142621502,0.453602752,27922.0,1377.0
0.8505501766663439,0.008331959,0.1528437045,0.4955425455,27922.0,1377.0
0.8669038863480845,0.0,0.162836892,0.515979821,27922.0,1377.0
0.8697344699689086,0.0,0.171762216,0.526466336,27922.0,1377.0
0.8672862006204443,0.0,0.1964051785,0.5753271625,27922.0,1377.0
0.8507100500607798,0.0,0.232171073,0.6554841185,27922.0,1377.0
0.821001559055074,0.0,0.281923094,0.699383017,27922.0,1377.0
0.797408724970832,0.0,0.3363916225,0.770344615,27922.0,1377.0
0.7872747926397438,0.0,0.371257004,0.802095601,27922.0,1377.0
0.7879115414809732,0.0,0.411219864,0.806110508,27922.0,1377.0
0.8145609972365662,0.0,0.438077464,0.750656698,27922.0,1377.0
0.8684104263056905,0.0,0.445418768,0.631508731,27922.0,1377.0
0.9055567239388292,0.0,0.433928743,0.537773798,27922.0,1377.0
0.8922859023920748,0.0,0.4185690365,0.5104391585,27922.0,1377.0
0.8930598074959071,0.0,0.389428381,0.487452763,27922.0,1377.0
0.8936233874564253,0.016351912,0.373855726,0.421470294,27922.0,1377.0
0.8924306309629209,0.033223736,0.362512549,0.409325618,27922.0,1377.0
0.8913437469902752,0.0197589175,0.353332879,0.441181907,27922.0,1377.0
0.8900124623836688,0.004306898,0.363418217,0.528778981,27922.0,1377.0
0.8901610716511716,0.0,0.392819923,0.626379751,27922.0,1377.0
0.8937359330441523,0.0,0.431330483,0.709047129,27922.0,1377.0
0.891693831267127,0.0,0.477526027,0.778290948,27922.0,1377.0
0.8792423967215689,0.0,0.5452721595000001,0.8489875444999999,27922.0,1377.0
0.8636613611232248,0.0,0.602436983,0.908162729,27922.0,1377.0
0.831766892205737,0.0,0.651233196,0.9200737265,27922.0,1377.0
0.78704250753329,0.0,0.690443599,0.930224053,27922.0,1377.0
0.7741192146119442,0.0,0.7273220890000001,0.9324245515,27922.0,1377.0
0.76942372470632,0.0,0.7495364755,0.927778199,27922.0,1377.0
0.7941959217237349,0.0,0.759390457,0.915999145,27922.0,1377.0
0.8501740622304191,0.0,0.763426133,0.917471511,27922.0,1377.0
0.886842348663724,0.0,0.762900053,0.914543306,27922.0,1377.0
0.8742054365755987,0.0,0.7534018845,0.896913716,27922.0,1377.0
0.8725618352085794,0.0,0.746480642,0.880514689,27922.0,1377.0
0.8739895268989646,0.015654547,0.732358032,0.872692385,27922.0,1377.0
0.8732569864841744,0.066079985,0.725432469,0.87631217,27922.0,1377.0
0.8716733023031132,0.054483709500000005,0.726655582,0.8583461115,27922.0,1377.0
0.8713450361238225,0.007493273,0.718498214,0.84533076,27922.0,1377.0
0.8730308539946637,0.0,0.713571182,0.831024381,27922.0,1377.0
0.8771444955882166,0.0,0.701691311,0.812965138,27922.0,1377.0
0.8740145790484751,0.0,0.6976677836666667,0.7900603236666667,27922.0,1377.0
0.8532496147759299,0.0,0.6819340684999999,0.7779666759999999,27922.0,1377.0
0.8133295269728589,0.0,0.66467237,0.765093002,27922.0,1377.0
0.7841846397445202,0.0,0.6421028559999999,0.8182322745,27922.0,1377.0
0.7751502752043109,0.0,0.6011487465,0.791502662,27922.0,1377.0
0.7896078186763561,0.0,0.539791019,0.740713272,27922.0,1377.0
0.8543072974278416,0.0,0.486187721,0.691113646,27922.0,1377.0
0.886277254365819,0.0,0.423223353,0.588657127,27922.0,1377.0
0.8744424069739976,0.0,0.32840152199999995,0.4085002805,27922.0,1377.0
0.8720789019980322,0.0,0.293147221,0.330708181,27922.0,1377.0
0.8721004833768251,0.005996639,0.277110453,0.316719135,27922.0,1377.0
0.872548962098173,0.013582573,0.282806095,0.37386471,27922.0,1377.0
0.8701258710940015,0.012870219,0.287901813,0.47556551449999995,27922.0,1377.0
0.8703707455797046,0.003849033,0.295768503,0.551162251,27922.0,1377.0
0.871743063303395,0.0,0.29862751,0.547336291,27922.0,1377.0
0.8771444955882166,0.0,0.301758635,0.566623034,27922.0,1377.0
0.8781067650438111,0.0,0.310179601,0.602081225,27922.0,1377.0
0.8718088965946312,0.0,0.32292916549999995,0.632077015,27922.0,1377.0
0.8524780760313677,0.0,0.3330314215,0.659028028,27922.0,1377.0
0.81354780280166,0.0,0.337967522,0.690923275,27922.0,1377.0
0.7823392088077573,0.0,0.3341397775,0.738633682,27922.0,1377.0
0.770305931580569,0.0,0.3145104943333333,0.7913839526666667,27922.0,1377.0
0.7944082342277661,0.0,0.325646662,0.798411596,27922.0,1377.0
0.8502789408638162,0.0,0.323820912,0.792895565,27922.0,1377.0
0.8865656701934547,0.0,0.322100369,0.782761343,27922.0,1377.0
0.8743815433271724,0.0,0.331343132,0.7610508229999999,27922.0,1377.0
0.871231733367402,0.0,0.339123617,0.726295894,27922.0,1377.0
0.868100144953899,0.00903734,0.362528043,0.693215413,27922.0,1377.0
0.8677566393049316,0.018296927,0.360825685,0.64992126,27922.0,1377.0
0.8652708391587964,0.0171181135,0.34331120049999997,0.5846688265,27922.0,1377.0
0.8641558423989649,0.006197267,0.332918157,0.536544932,27922.0,1377.0
0.8671080584602492,0.0,0.325631615,0.527664644,27922.0,1377.0
0.873680949176733,0.0,0.33436636,0.518200467,27922.0,1377.0
0.8739088486693323,0.0,0.3433573573333333,0.5035756776666667,27922.0,1377.0
0.8531127426586902,0.0,0.3832209305,0.537210719,27922.0,1377.0
0.8138741756450113,0.0,0.391499217,0.4721197,27922.0,1377.0
0.783976728387071,0.0,0.41355786549999995,0.4790999055,27922.0,1377.0
0.7738490356562003,0.0,0.40250166866666665,0.417877289,27922.0,1377.0
0.8024933440812627,0.0,0.376881046,0.394739712,27922.0,1377.0
0.8550851776673143,0.0,0.341341605,0.351118598,27922.0,1377.0
0.8944274873542473,0.0,0.306131669,0.343389243,27922.0,1377.0
0.8810039863440566,0.0,0.28770431350000003,0.40066412949999997,27922.0,1377.0
0.881801744125659,0.0,0.267149387,0.480022723,27922.0,1377.0
0.8778019735792529,0.013881453,0.231617459,0.565651821,27922.0,1377.0
0.8760849196003653,0.051762046,0.240739661,0.697831649,27922.0,1377.0
0.8757542400494157,0.053763441,0.24875942099999998,0.812144515,27922.0,1377.0
0.8761356552875036,0.010417382,0.261808947,0.849775372,27922.0,1377.0
0.8802501484887334,0.0,0.283440177,0.852004213,27922.0,1377.0
0.8869353955007709,0.0,0.310747284,0.870643843,27922.0,1377.0
0.8867156993593607,0.0,0.334584938,0.884392907,27922.0,1377.0
0.8776154072960344,0.0,0.384108347,0.8752141280000001,27922.0,1377.0
0.8685864858377726,0.0,0.417981642,0.845482475,27922.0,1377.0
0.8533955739530059,0.0,0.448854251,0.856276254,27922.0,1377.0
0.8213338007842114,0.0,0.461725445,0.866415649,27922.0,1377.0
0.7854491214034839,0.0,0.515762904,0.855686597,27922.0,1377.0
0.7778454300089414,0.0,0.552231515,0.837642175,27922.0,1377.0
0.7747283949327619,0.0,0.5455082155,0.8367681785000001,27922.0,1377.0
0.7791366283735365,0.0,0.5138266490000001,0.8398151985,27922.0,1377.0
0.782076965211876,0.0,0.46429494250000003,0.830965272,27922.0,1377.0
0.8190840717951,0.0,0.436160437,0.8139929349999999,27922.0,1377.0
0.8399102624209175,0.0,0.422529194,0.811533265,27922.0,1377.0
0.8403940476533478,0.005259879,0.402156189,0.777075193,27922.0,1377.0
0.8388456699833692,0.013589892,0.389942165,0.771572505,27922.0,1377.0
0.8348618962824359,0.0169609885,0.3674075965,0.734052295,27922.0,1377.0
0.8380631988909351,0.002613527,0.3755790825,0.711080507,27922.0,1377.0
0.8527484130067267,0.0,0.402485984,0.670115522,27922.0,1377.0
0.8543132607526114,0.0,0.399448155,0.642547846,27922.0,1377.0
0.8485730559515687,0.0,0.377068112,0.5964031535,27922.0,1377.0
0.8392765428757707,0.0,0.355733613,0.526799703,27922.0,1377.0
0.8081975796415133,0.0,0.32474807,0.452008118,27922.0,1377.0
0.7794342731265869,0.0,0.3235339345,0.409444469,27922.0,1377.0
0.7679650806390457,0.0,0.368093047,0.414409221,27922.0,1377.0
0.7713111118183908,0.0,0.408499054,0.3250336755,27922.0,1377.0
0.7774071506978271,0.0,0.394978993,0.16794683100000002,27922.0,1377.0
0.8182499659812557,0.0,0.36204203349999997,0.15053130450000002,27922.0,1377.0
0.842350202085342,0.0,0.341545737,0.241392304,27922.0,1377.0
0.8439568875435992,0.036269209,0.311569191,0.339228085,27922.0,1377.0
0.8402999599164502,0.085014523,0.288076361,0.480408107,27922.0,1377.0
0.8355012007751088,0.0655244225,0.2612316995,0.5971644014999999,27922.0,1377.0
0.8378961787849915,0.009014919,0.228887864,0.597298648,27922.0,1377.0
0.8446995561251791,0.0,0.240692138,0.59439108,27922.0,1377.0
0.8586130896308299,0.0,0.249454477,0.609191647,27922.0,1377.0
0.8620724707860874,0.0,0.264747098,0.640783039,27922.0,1377.0
0.859710811719467,0.0,0.296305226,0.6952614669999999,27922.0,1377.0
0.8355433226328441,0.0,0.33475948099999997,0.7583762835,27922.0,1377.0
0.7908809218965692,0.0,0.34953853633333337,0.7923477946666667,27922.0,1377.0
0.7731100429463763,0.0,0.39434665300000005,0.805467852,27922.0,1377.0
0.7829940841349616,0.0,0.4577046005,0.812965048,27922.0,1377.0
0.8507149246448983,0.0,0.50189004,0.807650197,27922.0,1377.0
0.8824086765501425,0.0,0.545374449,0.759836294,27922.0,1377.0
0.8712225518685821,0.0,0.604311643,0.740992461,27922.0,1377.0
0.8652334028001093,0.0,0.657800413,0.753227441,27922.0,1377.0
0.8649299367949705,0.005426659,0.681834413,0.758823268,27922.0,1377.0
0.8651263470996156,0.016695819,0.707950061,0.792719365,27922.0,1377.0
0.8638429109567463,0.024038266500000002,0.6970164169999999,0.7706282865,27922.0,1377.0
0.8619806549694762,0.007556547,0.707025512,0.769939711,27922.0,1377.0
0.8622958583319812,0.0,0.715555884,0.770634193,27922.0,1377.0
0.8692163246862625,0.0,0.725495035,0.804533978,27922.0,1377.0
0.8681526787095811,0.0,0.72986011,0.834416051,27922.0,1377.0
0.860194076294869,0.0,0.708034963,0.8232376415,27922.0,1377.0
0.8435028244960341,0.0,0.686393995,0.836537128,27922.0,1377.0
0.8063337144636666,0.0,0.662671026,0.853714732,27922.0,1377.0
0.7623774138500667,0.0,0.669699676,0.863349042,27922.0,1377.0
