Demand,Avail_Sol,Avail_Wind_On,Avail_Wind_Off,Hyd_In,HydRoR_In
0.7792714652892581,0.0,0.556072906,0.568197845,24971.0,1231.0
0.7708049640145223,0.0,0.556449583,0.5347462199999999,24971.0,1231.0
0.7711607036539321,0.0,0.548045546,0.52675387,24971.0,1231.0
0.7937063152392162,0.0,0.546993132,0.532256087,24971.0,1231.0
0.8493136419050357,0.0,0.537803233,0.528013144,24971.0,1231.0
0.8877156420995138,0.0,0.525420416,0.519968219,24971.0,1231.0
0.8791867862432091,0.0,0.507808506,0.506105524,24971.0,1231.0
0.8730895403672891,0.0,0.486295557,0.475342524,24971.0,1231.0
0.8729143328570902,0.0,0.471164664,0.449814095,24971.0,1231.0
0.8745833965066622,0.005827449,0.48146441,0.415173725,24971.0,1231.0
0.8749983671996775,0.015089231,0.453577522,0.397468254,24971.0,1231.0
0.8746667882002499,0.020642175,0.421319287,0.366604325,24971.0,1231.0
0.8738787797939875,0.016265386,0.393452452,0.335997785,24971.0,1231.0
0.8738825660516607,0.004935364,0.356598024,0.303254844,24971.0,1231.0
0.8755428265796564,0.0,0.33008032,0.269460115,24971.0,1231.0
0.8814578603065512,0.0,0.304176488,0.245630628,24971.0,1231.0
0.8829433863476784,0.0,0.284796707,0.227396127,24971.0,1231.0
0.882214159167231,0.0,0.273853067,0.207716469,24971.0,1231.0
0.8711666102324704,0.0,0.261986659,0.186090042,24971.0,1231.0
0.8633068756997907,0.0,0.258463549,0.170113304,24971.0,1231.0
0.8485350989358531,0.0,0.266311284,0.160672415,24971.0,1231.0
0.8173463354716914,0.0,0.260583433,0.182014652,24971.0,1231.0
0.7886884754666822,0.0,0.258596365,0.199753883,24971.0,1231.0
0.7803410745907093,0.0,0.259759522,0.215789721,24971.0,1231.0
0.7735138913780373,0.0,0.251200632,0.21270250000000002,24971.0,1231.0
0.7743742642768259,0.0,0.24982574,0.194996653,24971.0,1231.0
0.798195692270141,0.0,0.251790288,0.155343064,24971.0,1231.0
0.8555080994600227,0.0,0.261783432,0.120112047,24971.0,1231.0
0.8914605996998066,0.0,0.268720607,0.085793447,24971.0,1231.0
0.8829322172810384,0.0,0.264003453,0.070866941,24971.0,1231.0
0.8777182981545082,0.0,0.259279287,0.068911094,24971.0,1231.0
0.8834443992389146,0.0,0.252630033,0.076500934,24971.0,1231.0
0.8811528795498197,0.032392437,0.246478012,0.08824882,24971.0,1231.0
0.8810104228992598,0.09272038,0.225837168,0.105868437,24971.0,1231.0
0.879543354294756,0.11373056,0.210833603,0.105739134,24971.0,1231.0
0.8789251579504427,0.088300915,0.183861818,0.10931988,24971.0,1231.0
0.8809401884614416,0.024902483,0.162501534,0.106614557,24971.0,1231.0
0.8860428870454583,0.0,0.131078107,0.109111069,24971.0,1231.0
0.8935572230074373,0.0,0.12052217,0.129243741,24971.0,1231.0
0.8974131170048806,0.0,0.118273972,0.147724813,24971.0,1231.0
0.8981398833870743,0.0,0.124219094,0.157550911,24971.0,1231.0
0.8874671710625169,0.0,0.129942703,0.159597163,24971.0,1231.0
0.8812162990551909,0.0,0.141244874,0.161901002,24971.0,1231.0
0.8688895732585645,0.0,0.152459992,0.157934847,24971.0,1231.0
0.843694880666486,0.0,0.188117564,0.246114633,24971.0,1231.0
0.7982042112463541,0.0,0.206008308,0.203141455,24971.0,1231.0
0.7893475630625012,0.0,0.229157284,0.159849925,24971.0,1231.0
0.7833402873009506,0.0,0.249223136,0.155718289,24971.0,1231.0
0.7839250228364231,0.0,0.2734429,0.175932154,24971.0,1231.0
0.7826758518905799,0.0,0.285477873,0.180690087,24971.0,1231.0
0.8060092349562552,0.0,0.299249252,0.184467217,24971.0,1231.0
0.8572462617943728,0.0,0.314902219,0.18796947,24971.0,1231.0
0.8960171348600781,0.0,0.324891587,0.188363113,24971.0,1231.0
0.8828167370433152,0.0,0.333244872,0.189766832,24971.0,1231.0
0.877424676170796,0.0,0.339689344,0.194430838,24971.0,1231.0
0.8771342725682371,0.0,0.350853358,0.206723135,24971.0,1231.0
0.8769838648179843,0.007291466,0.365187353,0.203716509,24971.0,1231.0
0.8769137248191496,0.034603335,0.35148478,0.212521542,24971.0,1231.0
0.8756064353772011,0.048897758,0.354427365,0.242392168,24971.0,1231.0
0.8752231742297685,0.030110428,0.35257726,0.236390989,24971.0,1231.0
0.8752555465050609,0.007218656,0.358795562,0.236526409,24971.0,1231.0
0.8769900174349274,0.0,0.360971196,0.249082757,24971.0,1231.0
0.8844187846362221,0.0,0.359317174,0.265139841,24971.0,1231.0
0.8862424208780668,0.0,0.354604244,0.289716496,24971.0,1231.0
0.8845085182389263,0.0,0.346122542,0.314911474,24971.0,1231.0
0.874688937455563,0.0,0.346564143,0.328427251,24971.0,1231.0
0.866959259900573,0.0,0.345706208,0.325754389,24971.0,1231.0
0.8530618178864817,0.0,0.342964192,0.315794179,24971.0,1231.0
0.8236666847481422,0.0,0.349160174,0.329273622,24971.0,1231.0
0.7908444478766479,0.0,0.34334925,0.292963265,24971.0,1231.0
0.7814289996703085,0.0,0.339237845,0.279412726,24971.0,1231.0
0.7782453977439455,0.0,0.337108895,0.282949706,24971.0,1231.0
0.7780775496400707,0.0,0.3310725365,0.2684904845,24971.0,1231.0
0.8038919767306983,0.0,0.327140737,0.243506989,24971.0,1231.0
0.8580705231725845,0.0,0.321479672,0.243880871,24971.0,1231.0
0.8965413379064776,0.0,0.312591772,0.248274307,24971.0,1231.0
0.8873182776496509,0.0,0.311054765,0.252889582,24971.0,1231.0
0.8843760004629829,0.0,0.314412303,0.268707636,24971.0,1231.0
0.8877854979529853,0.0,0.316321386,0.286698107,24971.0,1231.0
0.8853584318131733,0.007039926,0.321969099,0.316477827,24971.0,1231.0
0.8832893532091054,0.019239199,0.311564712,0.311579646,24971.0,1231.0
0.8810665536204417,0.021656966,0.306837958,0.320169322,24971.0,1231.0
0.8804300887174724,0.015018226,0.301056418,0.319616363,24971.0,1231.0
0.8801394013837563,0.007078364,0.309702485,0.333113622,24971.0,1231.0
0.8825233992049663,0.0,0.324954086,0.351912299,24971.0,1231.0
0.890430366898268,0.0,0.339014306,0.358181439,24971.0,1231.0
0.8926990746023401,0.0,0.350849697,0.360717982,24971.0,1231.0
0.8907741566925984,0.0,0.364423504,0.375414729,24971.0,1231.0
0.8814019188775426,0.0,0.37183071,0.397131515,24971.0,1231.0
0.8749644801727922,0.0,0.367691825,0.398396879,24971.0,1231.0
0.8616656408991447,0.0,0.367609668,0.394719687,24971.0,1231.0
0.8345570101717911,0.0,0.368549743,0.366505638,24971.0,1231.0
0.7940477854795622,0.0,0.364345536,0.365100049,24971.0,1231.0
0.7885022877678104,0.0,0.359538701,0.377207169,24971.0,1231.0
0.7842745862491438,0.0,0.351792332,0.394916978,24971.0,1231.0
0.7860329102709867,0.0,0.33879364,0.431232013,24971.0,1231.0
0.8109194039322836,0.0,0.327767102,0.454829516,24971.0,1231.0
0.8639044371261779,0.0,0.312529858,0.454726698,24971.0,1231.0
0.9025240504197473,0.0,0.294920849,0.459982871,24971.0,1231.0
0.8928080232245673,0.0,0.275084772,0.470963022,24971.0,1231.0
0.8892903338668252,0.0,0.260329728,0.480042676,24971.0,1231.0
0.8934652174844466,0.0,0.242527824,0.482068402,24971.0,1231.0
0.8922877008748247,0.01527217,0.234984707,0.462969887,24971.0,1231.0
0.8919602867174171,0.070437777,0.223426256,0.448354768,24971.0,1231.0
0.8893029232460746,0.094297105,0.20559462,0.45232226,24971.0,1231.0
0.888533845713972,0.084177654,0.195217986,0.460710641,24971.0,1231.0
0.8901176247482228,0.029529234,0.191004335,0.482109182,24971.0,1231.0
0.8952464481373988,0.0,0.185804748,0.481650504,24971.0,1231.0
0.9023758197365911,0.0,0.184418352,0.50907448,24971.0,1231.0
0.906206724681915,0.0,0.183656869,0.567537156,24971.0,1231.0
0.9061660227225828,0.0,0.189517951,0.644835348,24971.0,1231.0
0.9001527364167705,0.0,0.201956322,0.691801549,24971.0,1231.0
0.8940585196298303,0.0,0.214702169,0.696408156,24971.0,1231.0
0.8794496451422052,0.0,0.227916241,0.690047029,24971.0,1231.0
0.8506900304459685,0.0,0.273660203,0.620506084,24971.0,1231.0
0.8002043804578174,0.0,0.268663623,0.618775739,24971.0,1231.0
0.7924478205147683,0.0,0.284084674,0.645407346,24971.0,1231.0
0.7869679189612786,0.0,0.314783581,0.660527885,24971.0,1231.0
0.7846677858569867,0.0,0.326101268,0.645920464,24971.0,1231.0
0.7848589432002697,0.0,0.333674382,0.599106148,24971.0,1231.0
0.7887936378312362,0.0,0.342986311,0.562391546,24971.0,1231.0
0.7824813340934622,0.0,0.35501333,0.524366093,24971.0,1231.0
0.7991357176172329,0.0,0.361914127,0.503260963,24971.0,1231.0
0.8204938260845808,0.0,0.363704566,0.50859155,24971.0,1231.0
0.8359041499653946,0.0,0.366580301,0.586695715,24971.0,1231.0
0.8498041476309293,0.0,0.365617521,0.691947785,24971.0,1231.0
0.8512192503562711,0.054804549,0.407464113,0.744188903,24971.0,1231.0
0.850282821560473,0.145024174,0.420549291,0.747856451,24971.0,1231.0
0.8494996403117341,0.158527942,0.431643614,0.741809524,24971.0,1231.0
0.8487770391857663,0.134214006,0.447469642,0.751761791,24971.0,1231.0
0.8517349344264573,0.071708746,0.448947466,0.784682586,24971.0,1231.0
0.8579844813885699,0.002256172,0.460365306,0.789822757,24971.0,1231.0
0.8736687387960365,0.0,0.454350109,0.757807499,24971.0,1231.0
0.8764861651610911,0.0,0.460083296,0.752877377,24971.0,1231.0
0.8747131693389889,0.0,0.461527018,0.741302352,24971.0,1231.0
0.8718725524045648,0.0,0.460019406,0.716540421,24971.0,1231.0
0.8658887985772385,0.0,0.454045666,0.708352729,24971.0,1231.0
0.8483027193904159,0.0,0.443193549,0.706127424,24971.0,1231.0
0.8284127204274222,0.0,0.433822727,0.726241739,24971.0,1231.0
0.8052407253006726,0.0,0.430722657,0.766989199,24971.0,1231.0
0.7978370420046871,0.0,0.405554841,0.741539586,24971.0,1231.0
0.7920139189475931,0.0,0.389635657,0.584364552,24971.0,1231.0
0.7901218463364741,0.0,0.34832885,0.429575868,24971.0,1231.0
0.7905550855881455,0.0,0.361638739,0.403526149,24971.0,1231.0
0.7938665670108956,0.0,0.405329987,0.48407266,24971.0,1231.0
0.7876578640807969,0.0,0.478616753,0.639058042,24971.0,1231.0
0.8041197179965794,0.0,0.562044614,0.647945868,24971.0,1231.0
0.8240731360507383,0.0,0.638446922,0.464293179,24971.0,1231.0
0.83632385337695,0.0,0.669645239,0.559330558,24971.0,1231.0
0.8493151566566286,0.0,0.692180854,0.779083303,24971.0,1231.0
0.8506452580836,0.035181618,0.679870008,0.762548303,24971.0,1231.0
0.8484319243462225,0.065972632,0.657492112,0.555685599,24971.0,1231.0
0.8473834234002339,0.069862044,0.622957366,0.377137148,24971.0,1231.0
0.846092982618538,0.063074539,0.602893348,0.477932086,24971.0,1231.0
0.8465752530993755,0.022569492,0.61103609,0.651181632,24971.0,1231.0
0.8507518403465572,0.0,0.630235297,0.789882777,24971.0,1231.0
0.8605437815731681,0.0,0.639463652,0.788553552,24971.0,1231.0
0.8629265492023542,0.0,0.642717742,0.80180893,24971.0,1231.0
0.8633454950310099,0.0,0.645965196,0.821580657,24971.0,1231.0
0.8616541872729352,0.0,0.645398021,0.828969067,24971.0,1231.0
0.8546991719904711,0.0,0.645982711,0.836854008,24971.0,1231.0
0.8354911674615088,0.0,0.636090455,0.846146827,24971.0,1231.0
0.8078917472771046,0.0,0.627352765,0.82335673,24971.0,1231.0
0.7936798586549957,0.0,0.612956944,0.86094751,24971.0,1231.0
0.7859737502537218,0.0,0.590707406,0.876434866,24971.0,1231.0
0.7830828238502041,0.0,0.559017503,0.863235856,24971.0,1231.0
0.7837736682110974,0.0,0.518617305,0.83360533,24971.0,1231.0
0.7861129889373346,0.0,0.498460618,0.795645042,24971.0,1231.0
0.8106706487499236,0.0,0.474829093,0.723405144,24971.0,1231.0
0.863543420087248,0.0,0.461399871,0.643102844,24971.0,1231.0
0.9029150729604937,0.0,0.470787466,0.583816419,24971.0,1231.0
0.893729212136483,0.0,0.489776385,0.55436239,24971.0,1231.0
0.8900725686546972,0.0,0.491080693,0.537928344,24971.0,1231.0
0.892939310808487,0.0,0.477901086,0.539941169,24971.0,1231.0
0.8946287252306221,0.03979814,0.465632011,0.610583174,24971.0,1231.0
0.8918878752125021,0.096424031,0.458602948,0.632977248,24971.0,1231.0
0.889657314230525,0.106645649,0.437564673,0.674564668,24971.0,1231.0
0.8892475496935861,0.104071689,0.420613558,0.746507766,24971.0,1231.0
0.8924041275734147,0.045895108,0.41006654,0.776687875,24971.0,1231.0
0.8956780781984938,0.001898342,0.377908718,0.778989806,24971.0,1231.0
0.9063932909651333,0.0,0.356538971,0.789160851,24971.0,1231.0
0.9090519794816894,0.0,0.343453044,0.798008647,24971.0,1231.0
0.9083785992912669,0.0,0.335617249,0.817474811,24971.0,1231.0
0.904389051350634,0.0,0.322421687,0.827793551,24971.0,1231.0
0.8985007107196249,0.0,0.319804019,0.84027006,24971.0,1231.0
0.882977178521374,0.0,0.324269078,0.855142918,24971.0,1231.0
0.854339669703134,0.0,0.333079805,0.849055161,24971.0,1231.0
0.806665956192804,0.0,0.338210888,0.865890345,24971.0,1231.0
0.8009256569527777,0.0,0.338654631,0.874353064,24971.0,1231.0
0.7952345786482967,0.0,0.344133933,0.877818044,24971.0,1231.0
0.7949460679674715,0.0,0.337934502,0.863819844,24971.0,1231.0
0.7963982752724394,0.0,0.336937167,0.836207442,24971.0,1231.0
0.821700497002548,0.0,0.337080068,0.807386748,24971.0,1231.0
0.8738985626900304,0.0,0.333439579,0.787329733,24971.0,1231.0
0.9112019889810913,0.0,0.331951288,0.776664264,24971.0,1231.0
0.9040109967734837,0.0,0.333020654,0.766928495,24971.0,1231.0
0.8984378590907736,0.0,0.33847015,0.755511404,24971.0,1231.0
0.9000502241426435,0.001177606,0.346511652,0.738538971,24971.0,1231.0
0.8992405395043984,0.081798191,0.389138616,0.726592521,24971.0,1231.0
0.8966297464639683,0.230753754,0.382869049,0.661074493,24971.0,1231.0
0.8942562549796889,0.267159735,0.372884991,0.625181437,24971.0,1231.0
0.8940575727547574,0.230994094,0.368790821,0.605288039,24971.0,1231.0
0.8931890124517136,0.100076772,0.373743862,0.609420181,24971.0,1231.0
0.8965803362362496,0.003381202,0.377683716,0.622639013,24971.0,1231.0
0.9048842897950675,0.0,0.371603401,0.621274653,24971.0,1231.0
0.9060814004227652,0.0,0.368891487,0.611479115,24971.0,1231.0
0.9053051289596629,0.0,0.374878669,0.596478147,24971.0,1231.0
0.8993932191749375,0.0,0.381466746,0.576818676,24971.0,1231.0
0.8917436200791925,0.0,0.391366565,0.560640182,24971.0,1231.0
0.8769146712800165,0.0,0.405876424,0.533426708,24971.0,1231.0
0.8463861311647138,0.0,0.444821243,0.470433248,24971.0,1231.0
0.8008845759948927,0.0,0.457002282,0.485598231,24971.0,1231.0
0.7932919600564188,0.0,0.457556502,0.506962538,24971.0,1231.0
0.7875914159006518,0.0,0.460301052,0.523662858,24971.0,1231.0
0.7867399879890181,0.0,0.465167434,0.532856099,24971.0,1231.0
0.7879275855459379,0.0,0.458719113,0.517283962,24971.0,1231.0
0.812106196686812,0.0,0.455059356,0.510177892,24971.0,1231.0
0.8646662258740911,0.0,0.453800176,0.496168066,24971.0,1231.0
0.902905228939067,0.0,0.452948956,0.470069975,24971.0,1231.0
0.8937196522604194,0.0,0.459610273,0.450301633,24971.0,1231.0
0.8902677487673185,0.0,0.461018824,0.43046701,24971.0,1231.0
0.8935791829705768,0.0,0.461931278,0.44152393,24971.0,1231.0
0.8926982225804572,0.043261005,0.460159473,0.494267469,24971.0,1231.0
0.8903927888811053,0.143330013,0.471109093,0.50422558,24971.0,1231.0
0.8860771522424842,0.19213035,0.476642754,0.477497087,24971.0,1231.0
0.885193068324401,0.154792172,0.465648921,0.438721627,24971.0,1231.0
0.8855107324851597,0.044531515,0.455427418,0.417777246,24971.0,1231.0
0.8892543650402391,0.001024481,0.443741189,0.431016173,24971.0,1231.0
0.8955226535843379,0.0,0.427793028,0.440559242,24971.0,1231.0
0.8980379389894674,0.0,0.410927477,0.428803807,24971.0,1231.0
0.8960298186783111,0.0,0.394054199,0.422590101,24971.0,1231.0
0.8874268476875313,0.0,0.38216417,0.42745414,24971.0,1231.0
0.8785857227045117,0.0,0.380721913,0.451975346,24971.0,1231.0
0.8618835381435989,0.0,0.378276696,0.483542635,24971.0,1231.0
0.8285346370132456,0.0,0.375814515,0.457524237,24971.0,1231.0
0.7918384272920312,0.0,0.382470685,0.491800875,24971.0,1231.0
0.7812809108527309,0.0,0.375634448,0.5241356260000001,24971.0,1231.0
0.7770206954002963,0.0,0.3567527285,0.586296063,24971.0,1231.0
0.8035515946096945,0.0,0.342478137,0.606220852,24971.0,1231.0
0.8580679675211411,0.0,0.337046834,0.599491889,24971.0,1231.0
0.8960171348600781,0.0,0.320658222,0.576473983,24971.0,1231.0
0.8857281567062837,0.0,0.306567765,0.55259406,24971.0,1231.0
0.8808981610426898,0.0,0.289866149,0.531086779,24971.0,1231.0
0.8834370160157415,0.0,0.27439781,0.521710484,24971.0,1231.0
0.8828743825160901,0.010484586,0.265701078,0.553471576,24971.0,1231.0
0.8815347207988491,0.026994958,0.243611074,0.584579361,24971.0,1231.0
0.8810665536204417,0.038920346,0.233720261,0.601894023,24971.0,1231.0
0.8799116597036694,0.028492148,0.220565109,0.600676807,24971.0,1231.0
0.8800871513592313,0.015517319,0.208850196,0.590308467,24971.0,1231.0
0.885464256493231,0.001355164,0.207946531,0.580923743,24971.0,1231.0
0.8929917497109794,0.0,0.201368721,0.554796534,24971.0,1231.0
0.8952216483774529,0.0,0.196296928,0.534623226,24971.0,1231.0
0.8931212388121491,0.0,0.186038318,0.522782157,24971.0,1231.0
0.8901061715362194,0.0,0.18442933,0.525713831,24971.0,1231.0
0.8829466047288317,0.0,0.184617007,0.536168003,24971.0,1231.0
0.8699152622195305,0.0,0.181806329,0.560184833,24971.0,1231.0
0.8384038173165009,0.0,0.1783458,0.630671288,24971.0,1231.0
0.7963660922893204,0.0,0.179969233,0.652231454,24971.0,1231.0
0.7869074102890543,0.0,0.1817462835,0.6541265279999999,24971.0,1231.0
0.7861337657208392,0.0,0.18583794599999998,0.6460752905,24971.0,1231.0
0.8125020467992881,0.0,0.197468152,0.612977492,24971.0,1231.0
0.863719195888173,0.0,0.198900143,0.554441314,24971.0,1231.0
0.9022519153758445,0.0,0.201750406,0.495991464,24971.0,1231.0
0.8938002041572006,0.0,0.200029261,0.500856428,24971.0,1231.0
0.8893441930819269,0.0,0.188756259,0.452276743,24971.0,1231.0
0.892939310808487,0.001166072,0.182236313,0.436680152,24971.0,1231.0
0.8924898856262724,0.039648224,0.187007529,0.406735596,24971.0,1231.0
0.8896468074793885,0.116499948,0.189182073,0.419822215,24971.0,1231.0
0.8893029232460746,0.114817296,0.194766988,0.415174573,24971.0,1231.0
0.8876387816072159,0.102319844,0.199242794,0.405200681,24971.0,1231.0
0.8889967122973192,0.052101105,0.207124668,0.393408713,24971.0,1231.0
0.8934046377758816,0.003650141,0.217580128,0.383162628,24971.0,1231.0
0.9013381092728958,0.0,0.219121471,0.371217054,24971.0,1231.0
0.9046006066859719,0.0,0.226084935,0.403141765,24971.0,1231.0
0.903291613614463,0.0,0.235963343,0.418025014,24971.0,1231.0
0.8963421822440097,0.0,0.248449567,0.419056237,24971.0,1231.0
0.8884301032478212,0.0,0.255849512,0.421573631,24971.0,1231.0
0.8746898843306358,0.0,0.269211798,0.431127888,24971.0,1231.0
0.8466985895836021,0.0,0.27114569,0.444974334,24971.0,1231.0
0.7972857672780552,0.0,0.293521677,0.488073755,24971.0,1231.0
0.7893225735961756,0.0,0.301886682,0.502781584,24971.0,1231.0
0.7823930203891611,0.0,0.310875169,0.481108486,24971.0,1231.0
0.781587784738299,0.0,0.321774264,0.432310885,24971.0,1231.0
0.7845617242510579,0.0,0.326180178,0.396050533,24971.0,1231.0
0.777753377680665,0.0,0.331221726,0.383475815,24971.0,1231.0
0.7952737658560362,0.0,0.348158873,0.392128193,24971.0,1231.0
0.8161158116688509,0.0,0.361123937,0.391302436,24971.0,1231.0
0.8309617980062471,0.0,0.362827656,0.401162138,24971.0,1231.0
0.845092755733022,0.00103397,0.357176735,0.403119578,24971.0,1231.0
0.8485520424492958,0.045154988,0.363707229,0.396346955,24971.0,1231.0
0.8474803509339377,0.136199157,0.360532337,0.392389791,24971.0,1231.0
0.8458100566781359,0.16994365,0.360501999,0.366088053,24971.0,1231.0
0.8456514136828269,0.142443453,0.365161569,0.35808353,24971.0,1231.0
0.8478874649662436,0.068550516,0.368973977,0.361861291,24971.0,1231.0
0.8543868080105663,0.003670805,0.367216665,0.354532679,24971.0,1231.0
0.8678990963696975,0.0,0.361122214,0.364374269,24971.0,1231.0
0.8697053160747692,0.0,0.360111208,0.407361247,24971.0,1231.0
0.866355735356519,0.0,0.3825593705,0.49309723950000006,24971.0,1231.0
0.8566034549822867,0.0,0.402490155,0.529641908,24971.0,1231.0
0.8370369890658379,0.0,0.406646399,0.543445866,24971.0,1231.0
0.8153792008510244,0.0,0.400927775,0.602684956,24971.0,1231.0
0.7941850363882517,0.0,0.412476697,0.634265338,24971.0,1231.0
0.7856553285100638,0.0,0.417971205,0.644560305,24971.0,1231.0
0.7802326466255104,0.0,0.419222992,0.666120967,24971.0,1231.0
0.7784935140134446,0.0,0.43467513550000003,0.7202849769999999,24971.0,1231.0
0.7796593643020411,0.0,0.455549322,0.779470568,24971.0,1231.0
0.7736873954657789,0.0,0.474494051,0.81589259,24971.0,1231.0
0.7922900295413424,0.0,0.499789361,0.844428237,24971.0,1231.0
0.81342020703643,0.0,0.531064479,0.861541913,24971.0,1231.0
0.8308953498261022,0.0,0.557807775,0.869117671,24971.0,1231.0
0.8449110170215334,0.00121614,0.581962301,0.870138153,24971.0,1231.0
0.8467007666506987,0.043713787,0.599244619,0.885078259,24971.0,1231.0
0.846133211140334,0.132092769,0.622541564,0.887787174,24971.0,1231.0
0.8460712115333658,0.141450723,0.63918303,0.862715294,24971.0,1231.0
0.8457651898767837,0.109580374,0.668906296,0.843062532,24971.0,1231.0
0.8464615717586085,0.047536674,0.699574222,0.852206657,24971.0,1231.0
0.8526955002524916,0.002784323,0.733751904,0.862378923,24971.0,1231.0
0.8651011687553228,0.0,0.761857914,0.855528376,24971.0,1231.0
0.8683863837144379,0.0,0.784009722,0.8448033,24971.0,1231.0
0.86595278595913,0.0,0.798559506,0.853143368,24971.0,1231.0
0.8610935419624133,0.0,0.811814824,0.846889235,24971.0,1231.0
0.8518437886097009,0.0,0.828444546,0.836699974,24971.0,1231.0
0.829935351876588,0.0,0.843368406,0.834926014,24971.0,1231.0
0.8080581516657271,0.0,0.836288671,0.834173197,24971.0,1231.0
0.7910746503549887,0.0,0.846888329,0.823842284,24971.0,1231.0
0.7836018683742252,0.0,0.856416957,0.821319267,24971.0,1231.0
0.7767246596307193,0.0,0.87396434,0.819032661,24971.0,1231.0
0.7778601492357955,0.0,0.87766781,0.817966216,24971.0,1231.0
0.8029813890089027,0.0,0.872020867,0.817155832,24971.0,1231.0
0.8558386367311878,0.0,0.864289959,0.837400757,24971.0,1231.0
0.8930640667769106,0.0,0.860911553,0.84588212,24971.0,1231.0
0.8828167370433152,0.0,0.861158635,0.852958421,24971.0,1231.0
0.8771533931487765,0.0,0.860741313,0.874043219,24971.0,1231.0
0.8804733463282479,0.0,0.858444015,0.889779561,24971.0,1231.0
0.8805369551257926,0.00885233,0.858086074,0.915683348,24971.0,1231.0
0.8804919934712508,0.02307965,0.859698768,0.920473022,24971.0,1231.0
0.879543354294756,0.027006248,0.859809037,0.924012177,24971.0,1231.0
0.8785602606290619,0.023048567,0.861838018,0.926890262,24971.0,1231.0
0.8779784121098877,0.010542233,0.862715593,0.926905466,24971.0,1231.0
0.8800907483247311,0.001318615,0.865802048,0.927754825,24971.0,1231.0
0.8868056222542383,0.0,0.866991397,0.924017302,24971.0,1231.0
0.8892643983538391,0.0,0.864663858,0.927098162,24971.0,1231.0
0.8815546929870655,0.0,0.8568794335000001,0.925313115,24971.0,1231.0
0.8682131635649564,0.0,0.850273298,0.921176724,24971.0,1231.0
0.8545893713463607,0.0,0.845420792,0.907610108,24971.0,1231.0
0.8238847712847699,0.0,0.84228002,0.898965413,24971.0,1231.0
0.7904556968419819,0.0,0.830985054,0.891155016,24971.0,1231.0
0.7807654871110585,0.0,0.8038117675,0.8657602824999999,24971.0,1231.0
0.778315277414266,0.0,0.7571798335,0.808249836,24971.0,1231.0
0.8043812518503621,0.0,0.722200938,0.792734455,24971.0,1231.0
0.8573603217194866,0.0,0.700732475,0.78700807,24971.0,1231.0
0.8957293817621521,0.0,0.680135838,0.792156627,24971.0,1231.0
0.8835315295564775,0.0,0.6520682645,0.798786964,24971.0,1231.0
0.8849504657589843,0.0,0.621836903,0.805532339,24971.0,1231.0
0.885183034596595,0.010940285,0.603526221,0.771630504,24971.0,1231.0
0.8844174595910087,0.026735854,0.60044786,0.781422383,24971.0,1231.0
0.8837961397187318,0.035392455,0.598156974,0.812717204,24971.0,1231.0
0.8836202694788232,0.029470409,0.58591172,0.821379918,24971.0,1231.0
0.8835933870907642,0.022157344,0.573774348,0.822464205,24971.0,1231.0
0.8861435059836457,0.00490968,0.562427707,0.8325149,24971.0,1231.0
0.8929917497109794,0.0,0.547202831,0.839679251,24971.0,1231.0
0.8971871738075433,0.0,0.541695592,0.836162397,24971.0,1231.0
0.8949628598814929,0.0,0.535966133,0.829024903,24971.0,1231.0
0.89048119702439,0.0,0.530414919,0.828770574,24971.0,1231.0
0.8812162990551909,0.0,0.524805429,0.833773924,24971.0,1231.0
0.8688895732585645,0.0,0.517092691,0.834779582,24971.0,1231.0
0.8377400918553317,0.0,0.515720111,0.811893065,24971.0,1231.0
0.794033965908289,0.0,0.507899868,0.805449052,24971.0,1231.0
0.7864784545494414,0.0,0.500846569,0.800373234,24971.0,1231.0
0.7841074006678758,0.0,0.48018178499999997,0.7785555120000001,24971.0,1231.0
0.7859756435896615,0.0,0.465297423,0.767308467,24971.0,1231.0
0.810559144062047,0.0,0.456551875,0.760598468,24971.0,1231.0
0.8638548376062859,0.0,0.447061226,0.751780143,24971.0,1231.0
0.9019387942272465,0.0,0.435779753,0.745136053,24971.0,1231.0
0.891489422229091,0.0,0.4270243485,0.737036335,24971.0,1231.0
0.8933381895957366,0.001526548,0.417736778,0.729992399,24971.0,1231.0
0.8926982225804572,0.02633136,0.415024897,0.726845683,24971.0,1231.0
0.8910924835830667,0.059447012,0.417279541,0.724617231,24971.0,1231.0
0.8909529611682969,0.076327887,0.423482717,0.719985171,24971.0,1231.0
0.8909074316372352,0.07205565,0.427357095,0.715164855,24971.0,1231.0
0.8912877581346716,0.044659019,0.437718514,0.718416432,24971.0,1231.0
0.8953675127013391,0.008371872,0.440496569,0.71715758,24971.0,1231.0
0.9028090585740565,0.0,0.442112958,0.715576963,24971.0,1231.0
0.9045878284287552,0.0,0.446095453,0.712791752,24971.0,1231.0
0.9032814854476733,0.0,0.441355849,0.714055337,24971.0,1231.0
0.8989586548780526,0.0,0.437904419,0.722766575,24971.0,1231.0
0.8928641539457493,0.0,0.441435492,0.732626584,24971.0,1231.0
0.8791902887697253,0.0,0.441311395,0.729605282,24971.0,1231.0
0.8482156362923448,0.0,0.436295452,0.713047655,24971.0,1231.0
0.8014169198473646,0.0,0.444341726,0.718554117,24971.0,1231.0
0.7943161342657918,0.0,0.462109696,0.719582951,24971.0,1231.0
0.789720411483575,0.0,0.480400524,0.725582435,24971.0,1231.0
0.7881166130416161,0.0,0.486561928,0.734988838,24971.0,1231.0
0.790226440824508,0.0,0.495737175,0.741314715,24971.0,1231.0
0.8141174405259317,0.0,0.503300783,0.742057006,24971.0,1231.0
0.866624273227819,0.0,0.510723646,0.741097362,24971.0,1231.0
0.9036441112629737,0.0,0.518262204,0.746264285,24971.0,1231.0
0.8943669076456824,0.0,0.517487898,0.75358631,24971.0,1231.0
0.8908956942798688,0.0,0.51529962,0.761657432,24971.0,1231.0
0.8934595383050399,0.002094012,0.509404423,0.762449546,24971.0,1231.0
0.89482371605107,0.047017423,0.511512033,0.740587652,24971.0,1231.0
0.893802475663281,0.111281327,0.495081533,0.752474974,24971.0,1231.0
0.8919208627909094,0.119582759,0.4651474815,0.7579041055,24971.0,1231.0
0.8912527357689521,0.041627903,0.448449521,0.7604247,24971.0,1231.0
0.8946185026248487,0.005664336,0.448442418,0.772477544,24971.0,1231.0
0.9018515218370019,0.0,0.448656965,0.776785572,24971.0,1231.0
0.9046006066859719,0.0,0.439422168,0.788537662,24971.0,1231.0
0.903096622794015,0.0,0.426458101,0.803938837,24971.0,1231.0
0.8961471918377679,0.0,0.416592946,0.807124259,24971.0,1231.0
0.8884301032478212,0.0,0.407096309,0.813650921,24971.0,1231.0
0.8747537768593375,0.0,0.396198253,0.819874475,24971.0,1231.0
0.8466985895836021,0.0,0.3899996,0.796645059,24971.0,1231.0
0.7989697862519406,0.0,0.391365829,0.798440557,24971.0,1231.0
0.7913197613523569,0.0,0.395782288,0.810101199,24971.0,1231.0
0.7864311029258837,0.0,0.382751157,0.7999894235,24971.0,1231.0
0.7884447371482253,0.0,0.373276027,0.77247532,24971.0,1231.0
0.8128369386188524,0.0,0.374006814,0.763280857,24971.0,1231.0
0.8645125053037016,0.0,0.372815089,0.75005553,24971.0,1231.0
0.9029150729604937,0.0,0.373170355,0.746660227,24971.0,1231.0
0.8934460024649238,0.0,0.378385904,0.752584824,24971.0,1231.0
0.8901481036875755,0.0,0.382745835,0.761000477,24971.0,1231.0
0.8934652174844466,0.001993959,0.39206116,0.766585946,24971.0,1231.0
0.8936567061925844,0.027388808,0.382444553,0.728303688,24971.0,1231.0
0.8924334707597273,0.061465215,0.379601484,0.720207757,24971.0,1231.0
0.8909789915344729,0.073091689,0.373902673,0.705332254,24971.0,1231.0
0.8903865414109723,0.049772837,0.367431763,0.693316685,24971.0,1231.0
0.8900916892352366,0.021717783,0.364333145,0.676738346,24971.0,1231.0
0.8922549500151856,0.004291315,0.371462903,0.668207723,24971.0,1231.0
0.899208167229106,0.0,0.379063654,0.659666327,24971.0,1231.0
0.9016293648973379,0.0,0.377767715,0.641454299,24971.0,1231.0
0.8950840190915198,0.0,0.3786658935,0.651953915,24971.0,1231.0
0.8829466047288317,0.0,0.387925132,0.662964802,24971.0,1231.0
0.8694786157087386,0.0,0.391978482,0.664491108,24971.0,1231.0
0.8421143200133884,0.0,0.3879442,0.624139706,24971.0,1231.0
0.7936072578579074,0.0,0.397824996,0.635042481,24971.0,1231.0
0.7859819854987781,0.0,0.398577663,0.615809487,24971.0,1231.0
0.7798686953507903,0.0,0.401989762,0.596858056,24971.0,1231.0
0.778768086452958,0.0,0.404769988,0.573295428,24971.0,1231.0
0.7802625104688512,0.0,0.40306754300000003,0.570763914,24971.0,1231.0
0.7744970328845322,0.0,0.403344923,0.562173975,24971.0,1231.0
0.7942987177290188,0.0,0.406199633,0.559419121,24971.0,1231.0
0.8162311022001947,0.0,0.404753222,0.560401742,24971.0,1231.0
0.8311289599777695,0.0,0.408756671,0.570208451,24971.0,1231.0
0.8442270348125787,0.001900622,0.407844669,0.568157636,24971.0,1231.0
0.8466903543385459,0.017111037,0.405399645,0.489555664,24971.0,1231.0
0.846133211140334,0.034519201,0.38334991,0.462740353,24971.0,1231.0
0.8458700685101808,0.04304721,0.369701239,0.427586311,24971.0,1231.0
0.8445168705386173,0.033307481,0.344864487,0.381663548,24971.0,1231.0
0.8468745542624944,0.016121977,0.333825083,0.374289882,24971.0,1231.0
0.8526955002524916,0.004211702,0.32820371,0.358430842,24971.0,1231.0
0.8664268216091173,0.0,0.326261756,0.355431264,24971.0,1231.0
0.8694135870127907,0.0,0.318377758,0.343247155,24971.0,1231.0
0.8689388890472997,0.0,0.307746798,0.326652776,24971.0,1231.0
0.8652067101184296,0.0,0.291067878,0.303134579,24971.0,1231.0
0.8582739385302619,0.0,0.27116833,0.283750085,24971.0,1231.0
0.8405226847326344,0.0,0.256295136,0.279981781,24971.0,1231.0
0.8211436375354931,0.0,0.240418677,0.240031194,24971.0,1231.0
0.7989716795878801,0.0,0.233707319,0.208053634,24971.0,1231.0
0.7915086467753536,0.0,0.215426786,0.199113677,24971.0,1231.0
0.7852119142863168,0.0,0.188694224,0.18708115,24971.0,1231.0
0.7834151362014762,0.0,0.16861025699999999,0.18124592,24971.0,1231.0
0.7865676202756255,0.0,0.151668978,0.178630482,24971.0,1231.0
0.780019434465898,0.0,0.13843785,0.179507327,24971.0,1231.0
0.7979066137127955,0.0,0.130405433,0.181573917,24971.0,1231.0
0.8191973271249257,0.0,0.126830644,0.205281336,24971.0,1231.0
0.8343188565937572,0.0,0.12657355,0.237782126,24971.0,1231.0
0.8477376250925108,0.005022152,0.127868929,0.261609876,24971.0,1231.0
0.8505898845311115,0.093583903,0.144782297,0.282929403,24971.0,1231.0
0.8491799883760522,0.214877515,0.144272229,0.335272689,24971.0,1231.0
0.8484441351411253,0.246626538,0.143236901,0.36129001,24971.0,1231.0
0.8476332198966502,0.226688681,0.143332385,0.401885267,24971.0,1231.0
0.8483485326526348,0.162619942,0.143446482,0.455485993,24971.0,1231.0
0.8558878580809391,0.028417003,0.146367589,0.483014752,24971.0,1231.0
0.8712109091573026,0.0,0.155476915,0.500232166,24971.0,1231.0
0.8738489631701384,0.0,0.16761953,0.516673279,24971.0,1231.0
0.8722778679541207,0.0,0.179023432,0.523657826,24971.0,1231.0
0.8678405988750395,0.0,0.189127481,0.519465936,24971.0,1231.0
0.8621345652462452,0.0,0.196294328,0.51245012,24971.0,1231.0
0.8416795664243302,0.0,0.202654059,0.503127361,24971.0,1231.0
0.8207433384356341,0.0,0.248942671,0.508804054,24971.0,1231.0
0.8004428181812142,0.0,0.264061998,0.541599395,24971.0,1231.0
0.7926668539264689,0.0,0.269475995,0.571998894,24971.0,1231.0
0.7882751850005842,0.0,0.2742678725,0.5573527389999999,24971.0,1231.0
0.7899410068663603,0.0,0.284709713,0.533209696,24971.0,1231.0
0.8142717293870474,0.0,0.293682539,0.523240032,24971.0,1231.0
0.8670390546286608,0.0,0.297226821,0.51199226,24971.0,1231.0
0.9036441112629737,0.0,0.300997544,0.501986109,24971.0,1231.0
0.8930915170414897,0.0,0.312149958,0.503726568,24971.0,1231.0
0.8901511327765553,0.0,0.319974315,0.493421798,24971.0,1231.0
0.8937741737910248,0.003375183,0.334211401,0.503943065,24971.0,1231.0
0.8922877008748247,0.049170774,0.344835491,0.513537376,24971.0,1231.0
0.8899714762789734,0.096446181,0.358989755,0.537993235,24971.0,1231.0
0.8893029232460746,0.104366088,0.361112316,0.524049411,24971.0,1231.0
0.8888180966995878,0.091154775,0.35138205,0.488985456,24971.0,1231.0
0.888570193539111,0.036740653,0.347893087,0.485022138,24971.0,1231.0
0.8910577449485043,0.005345722,0.350760111,0.490426534,24971.0,1231.0
0.8971584929367344,0.0,0.357697858,0.498398403,24971.0,1231.0
0.9005081683010714,0.0,0.368755169,0.491828386,24971.0,1231.0
0.8986148654979284,0.0,0.381719148,0.496016078,24971.0,1231.0
0.8924601634414069,0.0,0.383250018,0.499387758,24971.0,1231.0
0.8848517397425305,0.0,0.380656514,0.51580185,24971.0,1231.0
0.870476380967589,0.0,0.38868839,0.529547061,24971.0,1231.0
0.8420718195713063,0.0,0.396859902,0.506884296,24971.0,1231.0
0.7970517781278353,0.0,0.405333336,0.510457728,24971.0,1231.0
0.7895294438466715,0.0,0.426137608,0.528482791,24971.0,1231.0
0.7852666723285874,0.0,0.425384423,0.522541821,24971.0,1231.0
0.784943328574216,0.0,0.4271464075,0.538110546,24971.0,1231.0
0.8091796324073568,0.0,0.445826953,0.568491475,24971.0,1231.0
0.8615500662224378,0.0,0.457932158,0.59260567,24971.0,1231.0
0.8979106269553943,0.0,0.45908383,0.596727815,24971.0,1231.0
0.8856005609410537,0.0,0.475542822,0.60905916,24971.0,1231.0
0.8785234393663865,0.0,0.482510959,0.610122171,24971.0,1231.0
0.8783057314141056,0.002173496,0.488778941,0.623865142,24971.0,1231.0
0.8769192147063832,0.019320253,0.500336304,0.697335229,24971.0,1231.0
0.8769137248191496,0.044265894,0.506858136,0.68962186,24971.0,1231.0
0.8756729779963298,0.049941872,0.514355936,0.651408339,24971.0,1231.0
0.8749105265187068,0.03048715,0.514353399,0.627572555,24971.0,1231.0
0.8744021308185038,0.013061545,0.532392156,0.637922843,24971.0,1231.0
0.875804644164596,0.003446521,0.569599662,0.677410923,24971.0,1231.0
0.8820770031117313,0.0,0.609572122,0.704102522,24971.0,1231.0
0.8833203055859946,0.0,0.643400941,0.712517649,24971.0,1231.0
0.8813463556186746,0.0,0.672047396,0.740329782,24971.0,1231.0
0.8707399025962951,0.0,0.692084926,0.785357583,24971.0,1231.0
0.8626627438424913,0.0,0.703624512,0.813969036,24971.0,1231.0
0.8477578814260902,0.0,0.702265673,0.826070798,24971.0,1231.0
0.8135503584531033,0.0,0.670229209,0.845018136,24971.0,1231.0
0.7821898895910528,0.0,0.664171372,0.844296964,24971.0,1231.0
0.7755028913157571,0.0,0.648768608,0.856646097,24971.0,1231.0
0.7620319676456682,0.0,0.6374925505,0.8809871895,24971.0,1231.0
0.7611663887979062,0.0,0.610195272,0.880437082,24971.0,1231.0
0.78990025727333,0.0,0.600778382,0.853513764,24971.0,1231.0
0.8515314246297964,0.0,0.589288952,0.847760544,24971.0,1231.0
0.888322953108344,0.0,0.581054694,0.840384709,24971.0,1231.0
0.8797942865442127,0.0,0.566780494,0.818283558,24971.0,1231.0
0.8737442738289146,0.0,0.555244753,0.779709393,24971.0,1231.0
0.8729964939444481,0.005921562,0.544588335,0.738663052,24971.0,1231.0
0.8720362122637768,0.042225047,0.563859105,0.731856028,24971.0,1231.0
0.8712623071599446,0.041863082,0.60241379,0.654440688,24971.0,1231.0
0.8690111112600413,0.037495213,0.64735162,0.573555634,24971.0,1231.0
0.8666740624540905,0.021876354,0.68280533,0.658263617,24971.0,1231.0
0.8661428547688647,0.009227853,0.722033615,0.70978042,24971.0,1231.0
0.8669336081187438,0.003841856,0.75223637,0.740091451,24971.0,1231.0
0.8720395250839136,0.0,0.765509315,0.684020496,24971.0,1231.0
0.8726409672069575,0.0,0.771415337,0.65077422,24971.0,1231.0
0.8663667151309857,0.0,0.7901523420000001,0.62565753,24971.0,1231.0
0.8574207121358782,0.0,0.791147459,0.682659769,24971.0,1231.0
0.8425720748796428,0.0,0.776992228,0.693088186,24971.0,1231.0
0.8088217393105964,0.0,0.759411763,0.615677469,24971.0,1231.0
0.7650086997357415,0.0,0.740451596,0.50918303,24971.0,1231.0
0.7566291635103474,0.0,0.718520625,0.396241318,24971.0,1231.0
0.7489601126763111,0.0,0.6853465785,0.3554857545,24971.0,1231.0
0.7511576388603892,0.0,0.67185579,0.420860543,24971.0,1231.0
0.775692013250419,0.0,0.681592975,0.439399372,24971.0,1231.0
0.8349341187022804,0.0,0.686515763,0.439695299,24971.0,1231.0
0.8818349684228346,0.0,0.682320615,0.463956049,24971.0,1231.0
0.8773277486370922,0.0,0.659674624,0.479628533,24971.0,1231.0
0.8716959249959627,0.0,0.625927343,0.490793481,24971.0,1231.0
0.870995094126755,0.01277812,0.599574665,0.492962849,24971.0,1231.0
0.8706092777420852,0.097134061,0.593380935,0.498621776,24971.0,1231.0
0.870261039374578,0.130479659,0.575017944,0.495278271,24971.0,1231.0
0.8688914661802982,0.135131233,0.543033372,0.496431996,24971.0,1231.0
0.8691777049408371,0.130378842,0.515267046,0.498500197,24971.0,1231.0
0.8693244212866066,0.107788079,0.460039046,0.484997871,24971.0,1231.0
0.8737102923630459,0.031158885,0.405515751,0.472736397,24971.0,1231.0
0.8811507973359127,0.0,0.371743842,0.458823128,24971.0,1231.0
0.8818719789776834,0.0,0.335199549,0.442800346,24971.0,1231.0
0.8810780068324451,0.0,0.317047295,0.447806631,24971.0,1231.0
0.8716716931125367,0.0,0.304103169,0.462132127,24971.0,1231.0
0.863378624889202,0.0,0.301144482,0.496172992,24971.0,1231.0
0.8486741483272926,0.0,0.298193306,0.526661177,24971.0,1231.0
0.8211321839092839,0.0,0.296149992,0.574322066,24971.0,1231.0
0.7901267683471873,0.0,0.295269456,0.573838806,24971.0,1231.0
0.7826983797302395,0.0,0.285443587,0.600469669,24971.0,1231.0
0.778160160348116,0.0,0.282154447,0.604838051,24971.0,1231.0
0.775441790950164,0.0,0.276597595,0.580086307,24971.0,1231.0
0.7791142421923523,0.0,0.273579399,0.554558726,24971.0,1231.0
0.8046443000415316,0.0,0.270589378,0.517828079,24971.0,1231.0
0.8611760816341179,0.0,0.267638948,0.48495393,24971.0,1231.0
0.8986334177877415,0.0,0.272052362,0.45865516,24971.0,1231.0
0.8897876549393716,0.0,0.273034754,0.430248603,24971.0,1231.0
0.8868898659697092,0.0,0.28203584,0.384275635,24971.0,1231.0
0.8913566675272764,0.017689564,0.294587714,0.337664716,24971.0,1231.0
0.8853584318131733,0.16669457,0.312993901,0.338179659,24971.0,1231.0
0.8815762743658583,0.225815364,0.295981946,0.314997047,24971.0,1231.0
0.8794052517783896,0.263166714,0.294650092,0.307692481,24971.0,1231.0
0.8773100483691622,0.25287222,0.29239801,0.305715906,24971.0,1231.0
0.8796272194258802,0.170644243,0.28917305,0.342988068,24971.0,1231.0
0.8867844194597921,0.063252084,0.281726676,0.402478614,24971.0,1231.0
0.8973349310531631,0.0,0.273235866,0.447013782,24971.0,1231.0
0.9012781922940406,0.0,0.26819458,0.453314918,24971.0,1231.0
0.9020226593583706,0.0,0.266497635,0.441300547,24971.0,1231.0
0.8966601309643375,0.0,0.259400938,0.401632302,24971.0,1231.0
0.8905250229258916,0.0,0.247322199,0.371743281,24971.0,1231.0
0.8779609951589086,0.0,0.234635824,0.336295277,24971.0,1231.0
0.8503876053406803,0.0,0.21909674,0.304505826,24971.0,1231.0
0.799144804884172,0.0,0.191996927,0.22279576,24971.0,1231.0
0.7919380049161622,0.0,0.177061432,0.16382234,24971.0,1231.0
0.7870337048259198,0.0,0.17519043,0.140749345,24971.0,1231.0
0.784786460451911,0.0,0.165993833,0.14645962350000002,24971.0,1231.0
0.788469347615998,0.0,0.147426069,0.175110672,24971.0,1231.0
0.7821609249890868,0.0,0.136564124,0.197383105,24971.0,1231.0
0.7989918410682698,0.0,0.130098856,0.214953942,24971.0,1231.0
0.8204938260845808,0.0,0.130883708,0.233304508,24971.0,1231.0
0.8356797215196505,0.0,0.139000528,0.266161424,24971.0,1231.0
0.8481215485554471,0.019593932,0.150820269,0.32882732,24971.0,1231.0
0.8496845029653924,0.131852144,0.189693969,0.448975619,24971.0,1231.0
0.8483460718543812,0.18633936,0.222536254,0.482742716,24971.0,1231.0
0.8483587556726142,0.198748456,0.259786232,0.495327066,24971.0,1231.0
0.8460353371457632,0.194582222,0.318983609,0.527796821,24971.0,1231.0
0.8465752530993755,0.146542726,0.38630279,0.566843948,24971.0,1231.0
0.8527303337402439,0.021094491,0.459339245,0.601781979,24971.0,1231.0
0.8664268216091173,0.0,0.530335785,0.626790781,24971.0,1231.0
0.867944152463223,0.0,0.59761315,0.680942543,24971.0,1231.0
0.8630048295930552,0.0,0.645889867,0.722285905,24971.0,1231.0
0.8519569965129317,0.0,0.664735545,0.760283424,24971.0,1231.0
0.8424879260173618,0.0,0.649235192,0.796129039,24971.0,1231.0
0.8200280256796496,0.0,0.622551379,0.814543567,24971.0,1231.0
0.7973662243216468,0.0,0.615989817,0.810306397,24971.0,1231.0
0.7839350561500231,0.0,0.622345535,0.821945178,24971.0,1231.0
0.7745726151369022,0.0,0.61649528,0.819394498,24971.0,1231.0
0.7666721314253986,0.0,0.62415051,0.8084332725,24971.0,1231.0
0.7620483668923366,0.0,0.617172723,0.7958197695,24971.0,1231.0
0.7530000643179183,0.0,0.587391894,0.745169254,24971.0,1231.0
0.7695307331873218,0.0,0.571580013,0.712065628,24971.0,1231.0
0.792472998859061,0.0,0.564078621,0.693875353,24971.0,1231.0
0.8087835930027075,0.0,0.55816001,0.688794656,24971.0,1231.0
0.8247698965169097,0.011057736,0.55255236,0.687394651,24971.0,1231.0
0.8278815127421965,0.081251463,0.551859976,0.692605386,24971.0,1231.0
0.827631432514623,0.153206498,0.548581376,0.682336596,24971.0,1231.0
0.8283546019313169,0.174242382,0.544019115,0.69337948,24971.0,1231.0
0.8282789720452489,0.130241481,0.532772788,0.707137104,24971.0,1231.0
0.8292271381984134,0.08697576,0.523076203,0.719648936,24971.0,1231.0
0.8352642778033048,0.030749329,0.517503587,0.725157986,24971.0,1231.0
0.8499429128770056,0.0,0.518704087,0.743770693,24971.0,1231.0
0.8524205254117826,0.0,0.515329154,0.754486821,24971.0,1231.0
0.8494975578907241,0.0,0.505128263,0.7610912405,24971.0,1231.0
0.8404812256046087,0.0,0.492524796,0.753061602,24971.0,1231.0
0.82238410021295,0.0,0.479265451,0.74308481,24971.0,1231.0
0.8032221930915696,0.0,0.422371434,0.721698016,24971.0,1231.0
0.7914182980766374,0.0,0.41510215,0.718669314,24971.0,1231.0
0.7836749426088497,0.0,0.398678909,0.70985619,24971.0,1231.0
0.7781381765681274,0.0,0.3694108155,0.7126318025,24971.0,1231.0
0.7790493083495941,0.0,0.33779321,0.702220116,24971.0,1231.0
0.8040020611059656,0.0,0.32477718,0.680801143,24971.0,1231.0
0.8586268147631195,0.0,0.311475039,0.651140826,24971.0,1231.0
0.8983857987726278,0.0,0.298916977,0.630983089,24971.0,1231.0
0.8882666326807825,0.0,0.296369333,0.631933901,24971.0,1231.0
0.8849540627244842,0.0,0.302827492,0.635948337,24971.0,1231.0
0.8875547275981245,0.004938346,0.310863706,0.636323776,24971.0,1231.0
0.884561525432145,0.031388844,0.299111897,0.615841262,24971.0,1231.0
0.8808531049491645,0.068948532,0.300848332,0.621264259,24971.0,1231.0
0.8807424526973769,0.108180236,0.302475458,0.632307454,24971.0,1231.0
0.878990659669721,0.088826941,0.291960428,0.622973683,24971.0,1231.0
0.8786529284675564,0.049051236,0.291875524,0.591427519,24971.0,1231.0
0.8815773156799149,0.021096973,0.29512731,0.56754797,24971.0,1231.0
0.8878048078256979,0.0,0.302240684,0.559152756,24971.0,1231.0
0.8902226926737932,0.0,0.3175562,0.577119641,24971.0,1231.0
0.8880194866889992,0.0,0.33064499,0.599277127,24971.0,1231.0
0.879014891553147,0.0,0.346897543,0.613123762,24971.0,1231.0
0.8735742724747922,0.0,0.358658603,0.634860559,24971.0,1231.0
0.8605784257687469,0.0,0.370413081,0.669291132,24971.0,1231.0
0.8296090738864265,0.0,0.358065364,0.642851696,24971.0,1231.0
0.7910908839192297,0.0,0.355863711,0.672398846,24971.0,1231.0
0.7848962847057672,0.0,0.35914929,0.715517757,24971.0,1231.0
0.781862238714877,0.0,0.361303735,0.7314634505,24971.0,1231.0
0.7858407118207503,0.0,0.362319359,0.717381209,24971.0,1231.0
0.8110771000525197,0.0,0.363525296,0.719594149,24971.0,1231.0
0.8644871372530294,0.0,0.363871466,0.723347691,24971.0,1231.0
0.9028041365633431,0.0,0.370607641,0.732326682,24971.0,1231.0
0.8933179332621572,0.0,0.363403356,0.73460722,24971.0,1231.0
0.890703921840574,0.0,0.366310676,0.740394296,24971.0,1231.0
0.8934196883675908,0.037453749,0.359479783,0.739440518,24971.0,1231.0
0.8900648068471776,0.161847141,0.321666872,0.725155925,24971.0,1231.0
0.8862687353896058,0.216989035,0.336179388,0.74155412,24971.0,1231.0
0.8847146781260145,0.248790231,0.33642772,0.765449354,24971.0,1231.0
0.8845215806415061,0.238015742,0.343937661,0.794574361,24971.0,1231.0
0.8855107324851597,0.177500738,0.339568082,0.809208472,24971.0,1231.0
0.8928590426428626,0.05081584,0.339736588,0.813727879,24971.0,1231.0
0.8974249488012304,0.0,0.342344309,0.803821529,24971.0,1231.0
0.8971871738075433,0.0,0.360709917,0.77283013,24971.0,1231.0
0.890874680777596,0.0,0.382646233,0.757878668,24971.0,1231.0
0.8760986447326549,0.0,0.417431198,0.775715334,24971.0,1231.0
0.8669678737299759,0.0,0.442769086,0.797049029,24971.0,1231.0
0.8524040553358764,0.0,0.470968783,0.815692806,24971.0,1231.0
0.8220772265344847,0.0,0.501807646,0.810903341,24971.0,1231.0
0.7903612777402296,0.0,0.523477314,0.822348382,24971.0,1231.0
0.7819348869385601,0.0,0.550746311,0.80221981,24971.0,1231.0
0.7746978919694572,0.0,0.584912777,0.7791267575,24971.0,1231.0
0.7755922935536065,0.0,0.62213645,0.785643588,24971.0,1231.0
0.7991313634830396,0.0,0.638478486,0.786758791,24971.0,1231.0
0.851475388761804,0.0,0.652092697,0.796574714,24971.0,1231.0
0.8876101955895968,0.0,0.67437912,0.806374153,24971.0,1231.0
0.8796266515493602,0.0,0.688103013,0.806995038,24971.0,1231.0
0.8745085237892877,0.0,0.690939635,0.802511945,24971.0,1231.0
0.8771010482710615,0.005005114,0.69559723,0.799188504,24971.0,1231.0
0.8786986468765855,0.030207993,0.721622415,0.773949534,24971.0,1231.0
0.8786457345365567,0.068594047,0.707641009,0.750912052,24971.0,1231.0
0.8783142503903189,0.084336704,0.698825395,0.729799956,24971.0,1231.0
0.8785602606290619,0.061041911,0.6849398,0.718020055,24971.0,1231.0
0.8790067511612806,0.024186948,0.662675487,0.708748892,24971.0,1231.0
0.8815651052992183,0.006980197,0.650124904,0.704111474,24971.0,1231.0
0.8888272784055107,0.0,0.633899067,0.701226694,24971.0,1231.0
0.8910185573265589,0.0,0.611173124,0.695744769,24971.0,1231.0
0.8881183075586427,0.0,0.592914668,0.689397577,24971.0,1231.0
0.8772744577127166,0.0,0.575563731,0.684270399,24971.0,1231.0
0.8694628079483361,0.0,0.558573649,0.684911908,24971.0,1231.0
0.8585382169134552,0.0,0.541108795,0.686774807,24971.0,1231.0
0.8261263124554201,0.0,0.542506012,0.669514202,24971.0,1231.0
0.806436699761124,0.0,0.527954141,0.667838608,24971.0,1231.0
0.7962817779517148,0.0,0.5065434805,0.6660153209999999,17719.0,873.0
0.7964874409986237,0.0,0.4820906535,0.6588920685,17719.0,873.0
0.8258363822903975,0.0,0.466634122,0.652575236,17719.0,873.0
0.8799500897427153,0.0,0.453829197,0.648550795,17719.0,873.0
0.9249942686306285,0.0,0.449371332,0.644333279,17719.0,873.0
0.9515876878969202,0.0,0.448279536,0.639606575,17719.0,873.0
0.9511453622067215,0.0,0.446790582,0.641542449,17719.0,873.0
0.9517239923447428,0.017777895,0.453898238,0.656476848,17719.0,873.0
0.9459225455196316,0.082327907,0.479652627,0.637968621,17719.0,873.0
0.9420664622300149,0.137441279,0.470914454,0.610118843,17719.0,873.0
0.938045583328146,0.153260276,0.476575626,0.585768759,17719.0,873.0
0.9365331748989598,0.131632162,0.491681268,0.575955466,17719.0,873.0
0.936268138932867,0.095319491,0.50554179,0.546361743,17719.0,873.0
0.9421368859600064,0.052858312,0.524995565,0.549114878,17719.0,873.0
0.9556729327650271,0.001952255,0.513634436,0.545432643,17719.0,873.0
0.9608956545989275,0.0,0.516386951,0.510497381,17719.0,873.0
0.9587351387625951,0.0,0.5153993,0.451705799,17719.0,873.0
0.9512029128263068,0.0,0.518383708,0.425308784,17719.0,873.0
0.9314525311312725,0.0,0.509000173,0.410164327,17719.0,873.0
0.906108377249808,0.0,0.500384488,0.416642607,17719.0,873.0
0.8798168147980785,0.0,0.48030019,0.382367947,17719.0,873.0
0.8153038551103196,0.0,0.461633826,0.362560973,17719.0,873.0
0.809520771282848,0.0,0.439545732,0.390991452,17719.0,873.0
0.8050572825454176,0.0,0.420001716,0.388790858,17719.0,873.0
0.8067187736796432,0.0,0.393647064,0.377326004,17719.0,873.0
0.8093060924195469,0.0,0.367633573,0.401727089,17719.0,873.0
0.8364369668411971,0.0,0.352386136,0.425860254,17719.0,873.0
0.8911631914584214,0.0,0.33054657,0.403175645,17719.0,873.0
0.9392887909492196,0.0,0.304571747,0.381663848,17719.0,873.0
0.9697968858529756,0.0,0.287221944,0.413771817,17719.0,873.0
0.9689330578542656,0.0,0.269434646,0.444136248,17719.0,873.0
0.9662325312111314,0.098439021,0.243013717,0.436008192,17719.0,873.0
0.9651676550424262,0.329924537,0.247273702,0.382688783,17719.0,873.0
0.9571930081485435,0.443899094,0.223422019,0.336152363,17719.0,873.0
0.954990276015492,0.491133176,0.199593654,0.31006726,17719.0,873.0
0.9545781451192831,0.462254204,0.184353849,0.292245993,17719.0,873.0
0.9536673681053142,0.346354823,0.182621741,0.274551997,17719.0,873.0
0.9640181561596974,0.170947033,0.180518431,0.274138236,17719.0,873.0
0.9805153165865622,0.005011076,0.184834878,0.295225268,17719.0,873.0
0.9844414450218237,0.0,0.194932892,0.321142784,17719.0,873.0
0.9835638923050305,0.0,0.21165876,0.340287021,17719.0,873.0
0.9771653574910684,0.0,0.229548986,0.365309101,17719.0,873.0
0.9523032852124738,0.0,0.246067169,0.40263854,17719.0,873.0
0.9215454886654911,0.0,0.260340832,0.415804945,17719.0,873.0
0.8906234647969825,0.0,0.298493723,0.440437985,17719.0,873.0
0.8199234311916156,0.0,0.301273237,0.415183083,17719.0,873.0
0.8114212682240937,0.0,0.31967320450000003,0.39831000299999997,17719.0,873.0
0.806976710567926,0.0,0.3430277475,0.39066334550000004,17719.0,873.0
0.806029680582008,0.0,0.3601730985,0.40143801199999996,17719.0,873.0
0.8246783644314555,0.0,0.379236629,0.437870233,17719.0,873.0
0.8615313242262452,0.0,0.389573138,0.463376275,17719.0,873.0
0.8826301707600969,0.0,0.397742052,0.49861168,17719.0,873.0
0.8921642699516145,0.082577377,0.40451485,0.530285274,17719.0,873.0
0.8946469937892781,0.249155115,0.414960995,0.538500214,17719.0,873.0
0.8938579440689592,0.350576655,0.40137792,0.527670006,17719.0,873.0
0.8919259270814074,0.396399304,0.388643611,0.536258338,17719.0,873.0
0.8889400132854112,0.369741414,0.389684625,0.534313279,17719.0,873.0
0.8916713030132614,0.284608476,0.415872323,0.546953145,17719.0,873.0
0.9031204760930943,0.143985938,0.422815824,0.546748046,17719.0,873.0
0.9213507819904062,0.005668244,0.423962101,0.543450775,17719.0,873.0
0.9225237551736615,0.0,0.415058929,0.553079487,17719.0,873.0
0.9227923881052543,0.0,0.402266734,0.564896937,17719.0,873.0
0.9199140978862717,0.0,0.391654491,0.568356796,17719.0,873.0
0.9105106235489636,0.0,0.376609476,0.563080107,17719.0,873.0
0.8891703106169415,0.0,0.364355903,0.559278211,17719.0,873.0
0.865507904203282,0.0,0.36987082,0.50363992,17719.0,873.0
0.8235817787171678,0.0,0.380854443,0.537787408,17719.0,873.0
0.8174998667499077,0.0,0.375982494,0.579492063,17719.0,873.0
0.8112099968270159,0.0,0.361814072,0.603844433,17719.0,873.0
0.8099934344610269,0.0,0.34914532099999995,0.645373241,17719.0,873.0
0.8144004613195236,0.0,0.321315761,0.671760709,17719.0,873.0
0.8056118705063923,0.0,0.316236035,0.70220368,17719.0,873.0
0.8303693482969529,0.0,0.311904487,0.707720887,17719.0,873.0
0.8664141377908842,0.0,0.314179703,0.722546695,17719.0,873.0
0.8888121333748179,0.0,0.302067448,0.71304097,17719.0,873.0
0.8985211563453777,0.111221403,0.283449317,0.746225971,17719.0,873.0
0.8970990493954157,0.270919311,0.270439293,0.741679364,17719.0,873.0
0.8947945621569308,0.347008019,0.275863171,0.76265473,17719.0,873.0
0.8919259270814074,0.347920503,0.25038356,0.757320838,17719.0,873.0
0.8889696406170868,0.34053362,0.236085576,0.763716813,17719.0,873.0
0.8902342403247799,0.26918973,0.231634079,0.78428215,17719.0,873.0
0.9034515816549854,0.149282164,0.235197941,0.781417696,17719.0,873.0
0.9207467838017128,0.007695559,0.231963447,0.789861704,17719.0,873.0
0.9252087582017565,0.0,0.222628706,0.799679839,17719.0,873.0
0.9241659364351746,0.0,0.220760218,0.819492526,17719.0,873.0
0.9199733525496231,0.0,0.216981409,0.825037387,17719.0,873.0
0.9105106235489636,0.0,0.227142547,0.840376801,17719.0,873.0
0.8889946296692063,0.0,0.235354149,0.853246064,17719.0,873.0
0.8658510312679025,0.0,0.250654117,0.868645363,17719.0,873.0
0.8245434802962421,0.0,0.2677085505,0.880525708,17719.0,873.0
0.8162710940032223,0.0,0.27037574600000003,0.8846035465,17719.0,873.0
0.8175808920842255,0.0,0.27546493,0.881716078,17719.0,873.0
0.845430108765046,0.0,0.281034082,0.880339102,17719.0,873.0
0.8970768997258965,0.0,0.284631699,0.883757995,17719.0,873.0
0.9460816615382709,0.0,0.282069673,0.885086063,17719.0,873.0
0.9743640226175732,0.0,0.279007292,0.884619344,17719.0,873.0
0.9724930583619167,0.0,0.277464017,0.884693781,17719.0,873.0
0.9661297352058474,0.096521809,0.275815943,0.885762602,17719.0,873.0
0.9678007866303426,0.198292467,0.276077592,0.883534717,17719.0,873.0
0.9646517816800666,0.270211267,0.271005157,0.879198167,17719.0,873.0
0.9597599757016779,0.289592777,0.259233344,0.880238585,17719.0,873.0
0.9587497155025618,0.314953875,0.252143398,0.881269083,17719.0,873.0
0.9585351310782441,0.257922387,0.244509452,0.878565154,17719.0,873.0
0.9640953952363419,0.170688616,0.240316934,0.874965587,17719.0,873.0
0.9799935747526224,0.009416023,0.228979194,0.87035619,17719.0,873.0
0.9805440918963548,0.0,0.218516329,0.865179004,17719.0,873.0
0.9778695956193962,0.0,0.210005088,0.8535846,17719.0,873.0
0.9717176389206975,0.0,0.19937393,0.840034568,17719.0,873.0
0.9466503528016758,0.0,0.187091579,0.82099227,17719.0,873.0
0.9203483780377935,0.0,0.177115805,0.796818945,17719.0,873.0
0.8875666542476642,0.0,0.180604642,0.748054091,17719.0,873.0
0.8214188016683756,0.0,0.166589458,0.703326068,17719.0,873.0
0.8163427957660385,0.0,0.147542053,0.670992565,17719.0,873.0
0.8105239324041543,0.0,0.134920956,0.62964394,17719.0,873.0
0.809586935731836,0.0,0.130129267,0.576101765,17719.0,873.0
0.8105284758305208,0.0,0.126435181,0.521779048,17719.0,873.0
0.8382126127537263,0.0,0.119031674,0.476145628,17719.0,873.0
0.8915236402066251,0.0,0.102518844,0.402248464,17719.0,873.0
0.9392887909492196,0.0,0.093030012,0.325906208,17719.0,873.0
0.9680277711417363,0.0,0.096851148,0.253271162,17719.0,873.0
0.9676817098413257,0.0,0.106026703,0.225561532,17719.0,873.0
0.9635064476393576,0.088923276,0.10820642,0.206213264,17719.0,873.0
0.9625678417764628,0.193669692,0.110626838,0.188626999,17719.0,873.0
0.9569850497787054,0.28602761,0.11433227,0.218138247,17719.0,873.0
0.9551065130077024,0.342745144,0.121281126,0.260869362,17719.0,873.0
0.9547732303787148,0.348462647,0.11698005,0.308556744,17719.0,873.0
0.9541882583315768,0.26579903,0.116335754,0.346880336,17719.0,873.0
0.9606567438522002,0.150789506,0.122530978,0.390612578,17719.0,873.0
0.9749769179526205,0.011363048,0.138305108,0.42239032,17719.0,873.0
0.9768667186434532,0.0,0.15735064,0.445788405,17719.0,873.0
0.9747263642875106,0.0,0.165065474,0.489535717,17719.0,873.0
0.9714256261275621,0.0,0.164830466,0.507725808,17719.0,873.0
0.9465845673512405,0.0,0.172418554,0.5169858,17719.0,873.0
0.9162058671096706,0.0,0.182366438,0.507979566,17719.0,873.0
0.8855184942926795,0.0,0.173180309,0.446332917,17719.0,873.0
0.8206113885362109,0.0,0.183572093,0.507853555,17719.0,873.0
0.8148644632417048,0.0,0.196130514,0.540213705,17719.0,873.0
0.807909637044311,0.0,0.2070554415,0.501039621,17719.0,873.0
0.8093060924195469,0.0,0.220993699,0.482491574,17719.0,873.0
0.8358011646679373,0.0,0.228565525,0.484793164,17719.0,873.0
0.8869034018098254,0.0,0.226529679,0.493060837,17719.0,873.0
0.931598868892695,0.0,0.223350837,0.493716621,17719.0,873.0
0.9586179548953118,0.0,0.230337036,0.50427605,17719.0,873.0
0.9554604305546164,0.001263752,0.242636869,0.496597828,17719.0,873.0
0.9539308893198142,0.075920411,0.250521859,0.482214701,17719.0,873.0
0.9559481913368932,0.172386912,0.240323878,0.429073385,17719.0,873.0
0.9528633626464759,0.262141111,0.233041753,0.42726576,17719.0,873.0
0.9527847985246178,0.259575433,0.212804954,0.415947566,17719.0,873.0
0.9526403540991347,0.225050824,0.208923736,0.404569649,17719.0,873.0
0.9533441187899264,0.199104518,0.212820763,0.416540468,17719.0,873.0
0.9592431558784514,0.131463302,0.227065524,0.499027003,17719.0,873.0
0.9706807804788854,0.010854616,0.231626689,0.589234835,17719.0,873.0
0.975077158306461,0.0,0.243046542,0.671608359,17719.0,873.0
0.9705886805169113,0.0,0.247649174,0.700694788,17719.0,873.0
0.9652443262425506,0.0,0.255141997,0.704343401,17719.0,873.0
0.9438886785734564,0.0,0.262027108,0.701916448,17719.0,873.0
0.9154895126254234,0.0,0.268593576,0.726183488,17719.0,873.0
0.8852894275673789,0.0,0.267732958,0.754073684,17719.0,873.0
0.8205480638840291,0.0,0.293684307,0.806908559,17719.0,873.0
0.8151514595851435,0.0,0.320843861,0.86559137,17719.0,873.0
0.8086664091354241,0.0,0.346410302,0.890312916,17719.0,873.0
0.808545060633224,0.0,0.3787087575,0.9031445275000001,17719.0,873.0
0.83594693455284,0.0,0.405393762,0.908767607,17719.0,873.0
0.8870500233024049,0.0,0.414523064,0.910336186,17719.0,873.0
0.9309296531300865,0.0,0.430244663,0.914223354,17719.0,873.0
0.9581938029105797,0.0,0.44302421,0.915905626,17719.0,873.0
0.9556146249767484,0.001384383,0.45597957,0.917188131,17719.0,873.0
0.9538852653497686,0.035627685,0.455595489,0.917033737,17719.0,873.0
0.9555930431837495,0.082306784,0.431757893,0.916771678,17719.0,873.0
0.9525935939618431,0.117023983,0.431033607,0.916270372,17719.0,873.0
0.9504399879111474,0.16039279,0.424955447,0.913520349,17719.0,873.0
0.9480637514832512,0.116704013,0.424258691,0.913235852,17719.0,873.0
0.9475291361246989,0.08081611,0.437176405,0.911902549,17719.0,873.0
0.9506986819681237,0.029228872,0.444332244,0.906865247,17719.0,873.0
0.9590148463218443,0.003464172,0.455798722,0.897422397,17719.0,873.0
0.956918412306387,0.0,0.454331052,0.881016976,17719.0,873.0
0.9501422959386051,0.0,0.456760355,0.859070899,17719.0,873.0
0.9393819322252503,0.0,0.459448445,0.846176275,17719.0,873.0
0.9161017456449669,0.0,0.465124898,0.838194194,17719.0,873.0
0.8864309753504145,0.0,0.479070794,0.829803846,17719.0,873.0
0.8516838205691784,0.0,0.503552385,0.783566358,17719.0,873.0
0.8013309725023335,0.0,0.532010797,0.801541539,17719.0,873.0
0.7954606162846176,0.0,0.556790289,0.803753625,17719.0,873.0
0.7871068734995281,0.0,0.578605969,0.794083435,17719.0,873.0
0.787399643461357,0.0,0.605065698,0.7723105935000001,17719.0,873.0
0.8104235971971239,0.0,0.63896823,0.764418048,17719.0,873.0
0.8640348726882144,0.0,0.647425338,0.754180178,17719.0,873.0
0.9103627714501541,0.0,0.660499451,0.741893565,17719.0,873.0
0.939154569543716,0.0,0.678776617,0.736263072,17719.0,873.0
0.9338568801392514,0.001512744,0.694947211,0.765839203,17719.0,873.0
0.9333998824416904,0.053128813,0.706287447,0.798587847,17719.0,873.0
0.9346700668898066,0.117564365,0.704663593,0.815030608,17719.0,873.0
0.934747968696161,0.156673402,0.706190259,0.850754099,17719.0,873.0
0.9344785785958748,0.16708936,0.701587651,0.871362065,17719.0,873.0
0.9341921505431625,0.164192733,0.692299397,0.878120484,17719.0,873.0
0.936431798792079,0.1072746,0.6716166,0.888082435,17719.0,873.0
0.9421384951505831,0.04093711,0.660599954,0.887010098,17719.0,873.0
0.9528464191330331,0.003237565,0.642439291,0.878625471,17719.0,873.0
0.9559845391620323,0.0,0.616004456,0.86583277,17719.0,873.0
0.955775160893791,0.0,0.593791624,0.844923384,17719.0,873.0
0.9503401261416533,0.0,0.579299767,0.825526512,17719.0,873.0
0.929093238216819,0.0,0.565178371,0.809058366,17719.0,873.0
0.9023204461841026,0.0,0.549258352,0.792973434,17719.0,873.0
0.8711674622543536,0.0,0.523628908,0.737513374,17719.0,873.0
0.8054543632641235,0.0,0.525901841,0.740670858,17719.0,873.0
0.7988742786166397,0.0,0.530005748,0.760016784,17719.0,873.0
0.7937125150756512,0.0,0.502402145,0.76954607,17719.0,873.0
0.795432124705982,0.0,0.485090041,0.760203893,17719.0,873.0
0.7961412852592294,0.0,0.483050406,0.738710776,17719.0,873.0
0.7882777644688765,0.0,0.482087355,0.713187866,17719.0,873.0
0.8109144815073642,0.0,0.481099388,0.690734109,17719.0,873.0
0.8453877027619475,0.0,0.481776338,0.682019467,17719.0,873.0
0.8651648719918512,0.001731302,0.488828888,0.674170039,17719.0,873.0
0.8758204515107926,0.042779346,0.498059742,0.682971643,17719.0,873.0
0.8778725870156239,0.092414121,0.51291503,0.663122559,17719.0,873.0
0.8752004570979355,0.130329242,0.53746061,0.648834995,17719.0,873.0
0.8735019554088611,0.154650884,0.566628285,0.652071782,17719.0,873.0
0.8717919056545939,0.15293603,0.587582341,0.668432501,17719.0,873.0
0.8715015020520349,0.134050151,0.59790181,0.68484576,17719.0,873.0
0.8807092284002014,0.083080883,0.622299808,0.717914101,17719.0,873.0
0.896175777855387,0.005828398,0.629496185,0.745884486,17719.0,873.0
0.8972705655011312,0.0,0.653790329,0.765368957,17719.0,873.0
0.8947919116522977,0.0,0.669171292,0.778675745,17719.0,873.0
0.8895735439525906,0.0,0.686350132,0.796181165,17719.0,873.0
0.8848921575564996,0.0,0.699233465,0.802989506,17719.0,873.0
0.8638398818677664,0.0,0.712192105,0.806001708,17719.0,873.0
0.8395367512701338,0.0,0.720719417,0.784850059,17719.0,873.0
0.8011836882800443,0.0,0.715771701,0.778259635,17719.0,873.0
0.7940489212326024,0.0,0.717140835,0.790690678,17719.0,873.0
0.7879887331310229,0.0,0.728800716,0.800575964,17719.0,873.0
0.7859732298037967,0.0,0.7515778795000001,0.7922886055,17719.0,873.0
0.7856083558850588,0.0,0.7642528155,0.7951555685,17719.0,873.0
0.8074412807808333,0.0,0.767771158,0.765260749,17719.0,873.0
0.8429137820458602,0.0,0.764378469,0.732925392,17719.0,873.0
0.8631841070920843,0.0024135,0.757577275,0.709092737,17719.0,873.0
0.8753901469091172,0.067242076,0.751813753,0.695449077,17719.0,873.0
0.8778725870156239,0.151100893,0.730584703,0.677183916,17719.0,873.0
0.8771585044516632,0.204487999,0.72092684,0.669031207,17719.0,873.0
0.8771639943388965,0.223336004,0.72157919,0.692073666,17719.0,873.0
0.8774819430592243,0.209965892,0.725442456,0.712158463,17719.0,873.0
0.8794270224493559,0.133022481,0.720107168,0.701307621,17719.0,873.0
0.8901549190342285,0.061777275,0.726528372,0.692493429,17719.0,873.0
0.9071461821524867,0.007368416,0.737440038,0.697884908,17719.0,873.0
0.9102674531070267,0.0,0.737489628,0.705616676,17719.0,873.0
0.9087996277480356,0.0,0.732437539,0.710954886,17719.0,873.0
0.9002656603817412,0.0,0.716914875,0.715843913,17719.0,873.0
0.8763929294460767,0.0,0.70285284,0.719568953,17719.0,873.0
0.8558926852384628,0.0,0.711705412,0.707950747,17719.0,873.0
0.8153839335695643,0.0,0.686342821,0.703262486,17719.0,873.0
0.8099800409006953,0.0,0.667845944,0.682342173,17719.0,873.0
0.8035992065617663,0.0,0.650089267,0.6429293695,17719.0,873.0
0.8049365021268404,0.0,0.626332668,0.632958352,17719.0,873.0
0.8325549480385943,0.0,0.607414136,0.633123223,17719.0,873.0
0.882849014879624,0.0,0.59132536,0.642001864,17719.0,873.0
0.9282735198507679,0.0,0.571041868,0.654896457,17719.0,873.0
0.9559475290213896,0.0,0.555577598,0.669113591,17719.0,873.0
0.9543579759545424,0.003822374,0.539774518,0.675614033,17719.0,873.0
0.954594425903016,0.107054211,0.518728095,0.681568142,17719.0,873.0
0.9528967762358248,0.199270962,0.481643872,0.667947636,17719.0,873.0
0.9502104477483103,0.244362606,0.466069427,0.686215135,17719.0,873.0
0.9466067166065535,0.27330357,0.462132049,0.714838854,17719.0,873.0
0.9456784282026218,0.243242872,0.46033044,0.734109567,17719.0,873.0
0.9454448180509546,0.165452886,0.454242103,0.741905777,17719.0,873.0
0.9525704978314572,0.079519156,0.452435604,0.741405153,17719.0,873.0
0.9646768651711696,0.018067388,0.456500595,0.728854855,17719.0,873.0
0.9675671764786755,0.0,0.457178175,0.722007306,17719.0,873.0
0.9669339299568591,0.0,0.449190982,0.713657298,17719.0,873.0
0.9598266135882023,0.0,0.440744619,0.714173651,17719.0,873.0
0.9393260856494313,0.0,0.432498108,0.716943022,17719.0,873.0
0.9130252466385893,0.0,0.422818112,0.721229476,17719.0,873.0
0.8829598564235847,0.0,0.404390215,0.720295287,17719.0,873.0
0.8164228746394895,0.0,0.392517975,0.752385872,17719.0,873.0
0.811343177332669,0.0,0.387140081,0.787232512,17719.0,873.0
0.8061544365504315,0.0,0.380356201,0.799942613,17719.0,873.0
0.8073233397448567,0.0,0.363677879,0.804720854,17719.0,873.0
0.8093263487531261,0.0,0.343373837,0.803588555,17719.0,873.0
0.8364369668411971,0.0,0.326773334,0.80186681,17719.0,873.0
0.8909186955570649,0.0,0.306680521,0.793916126,17719.0,873.0
0.936575959072199,0.0,0.295206439,0.796855649,17719.0,873.0
0.9646849111240524,0.0,0.295277474,0.804008626,17719.0,873.0
0.9619703752032653,0.009077556,0.297325127,0.812177699,17719.0,873.0
0.9541571166625143,0.190307927,0.29426426,0.812778247,17719.0,873.0
0.9525593287648171,0.317970456,0.287285716,0.765156077,17719.0,873.0
0.9447670833121329,0.382935094,0.293702828,0.765592286,17719.0,873.0
0.9390019843121605,0.386486366,0.293776639,0.740787358,17719.0,873.0
0.9396758383543254,0.352081553,0.308366728,0.722331662,17719.0,873.0
0.9393859077750968,0.268768102,0.32748242,0.715897612,17719.0,873.0
0.9482039366277307,0.157708648,0.361948987,0.733369239,17719.0,873.0
0.9611162972012046,0.018106198,0.401604395,0.760414625,17719.0,873.0
0.9658196431462291,0.0,0.438983201,0.776553704,17719.0,873.0
0.9629625561358988,0.0,0.45850606,0.788838151,17719.0,873.0
0.9520591678954642,0.0,0.480654108,0.807166001,17719.0,873.0
0.9276030738961354,0.0,0.494335292,0.811134707,17719.0,873.0
0.8954719178971997,0.0,0.522266679,0.808830264,17719.0,873.0
0.8596498532194523,0.0,0.564529864,0.79951215,17719.0,873.0
0.8040924574383795,0.0,0.601510559,0.829993512,17719.0,873.0
0.7977045238145377,0.0,0.630546624,0.843047203,17719.0,873.0
0.7886111889634427,0.0,0.652614806,0.849206856,17719.0,873.0
0.7908559010886511,0.0,0.670742969,0.861055395,17719.0,873.0
0.8159795072210283,0.0,0.669327409,0.873418437,17719.0,873.0
0.8699290817908037,0.0,0.66373693,0.879463912,17719.0,873.0
0.9128768266632598,0.0,0.65624238,0.878326586,17719.0,873.0
0.9382759755128662,0.0,0.661494593,0.876088358,17719.0,873.0
0.9341871336792593,0.006223907,0.654242,0.869972154,17719.0,873.0
0.9317280738485018,0.108923895,0.653750364,0.859708214,17719.0,873.0
0.9327636068308943,0.205291516,0.65424246,0.849424501,17719.0,873.0
0.9327253660840218,0.292805104,0.652237997,0.837206445,17719.0,873.0
0.9323937870845942,0.339193014,0.656626438,0.837414545,17719.0,873.0
0.9318655136351583,0.344876819,0.666516332,0.82196619,17719.0,873.0
0.9319053639868136,0.283935892,0.667639012,0.806458652,17719.0,873.0
0.9375403115701124,0.158940314,0.67411316,0.807885351,17719.0,873.0
0.9476701732910615,0.026630948,0.686775725,0.814783054,17719.0,873.0
0.9495150127415585,0.0,0.699322372,0.82070516,17719.0,873.0
0.9475518536707381,0.0,0.702165982,0.8183829,17719.0,873.0
0.9385585224547156,0.0,0.707425864,0.814869439,17719.0,873.0
0.9161017456449669,0.0,0.7133478,0.815735835,17719.0,873.0
0.8881434859029355,0.0,0.726861936,0.81922482,17719.0,873.0
0.8553093223819016,0.0,0.727908698,0.819089859,17719.0,873.0
0.8041558765295449,0.0,0.739279334,0.812224708,17719.0,873.0
0.7943962131392428,0.0,0.748069501,0.8158541255,17719.0,873.0
0.7910811579465327,0.0,0.7592182409999999,0.8217916845,17719.0,873.0
0.8176197011218241,0.0,0.769459931,0.836658992,17719.0,873.0
0.8732179881544023,0.0,0.773146677,0.836818643,17719.0,873.0
0.9196590007947951,0.0,0.779294099,0.839438897,17719.0,873.0
0.9457933405638249,0.0,0.785957561,0.85027846,17719.0,873.0
0.9438484500516606,0.005836611,0.794978228,0.858035486,17719.0,873.0
0.9443840118710797,0.093630989,0.800508012,0.861004052,17719.0,873.0
0.9437903315555553,0.163933968,0.817509366,0.868802519,17719.0,873.0
0.9413117725599116,0.204491384,0.817483874,0.867345523,17719.0,873.0
0.9392683453234668,0.239142484,0.813487523,0.868270282,17719.0,873.0
0.9392739300638899,0.209724136,0.809383678,0.868414634,17719.0,873.0
0.9383869119100167,0.152193592,0.805899736,0.87220724,17719.0,873.0
0.9462753273135053,0.07517671,0.804708655,0.877488111,17719.0,873.0
0.957779210801911,0.013178994,0.804454715,0.871376661,17719.0,873.0
0.9611177170996078,0.0,0.792426256,0.861569876,17719.0,873.0
0.9594140092544571,0.0,0.770099914,0.854982245,17719.0,873.0
0.9510622542442908,0.0,0.741946571,0.850289098,17719.0,873.0
0.929093238216819,0.0,0.704568702,0.843318241,17719.0,873.0
0.9011393326089807,0.0,0.672739605,0.839299514,17719.0,873.0
0.8690140454958312,0.0,0.657542853,0.792507972,17719.0,873.0
0.8084009001460011,0.0,0.626419962,0.795035388,17719.0,873.0
0.8039222663778778,0.0,0.600961172,0.798713994,17719.0,873.0
0.7972741243596726,0.0,0.575779655,0.805827351,17719.0,873.0
0.7978475959753153,0.0,0.5437904474999999,0.8077698285,17719.0,873.0
0.8258363822903975,0.0,0.514003482,0.79373764,17719.0,873.0
0.8805349673508693,0.0,0.495575577,0.778241366,17719.0,873.0
0.9244272809967838,0.0,0.475509512,0.769811401,17719.0,873.0
0.950247458303159,0.0,0.452246491,0.764345907,17719.0,873.0
0.9484824135807499,0.009324368,0.425165263,0.772787564,17719.0,873.0
0.9459035197922819,0.133814912,0.400286941,0.77257117,17719.0,873.0
0.9433358895094377,0.241763108,0.382556812,0.745836332,17719.0,873.0
0.9403480827917078,0.303666521,0.355983416,0.73177653,17719.0,873.0
0.9392116467257647,0.310414954,0.332366332,0.697706712,17719.0,873.0
0.9375498714461761,0.288933632,0.306346152,0.662380448,17719.0,873.0
0.9371562932539864,0.235199896,0.281094747,0.638597898,17719.0,873.0
0.9432491849957131,0.129277378,0.267915344,0.626486694,17719.0,873.0
0.9570999617257024,0.034931696,0.258007758,0.619373484,17719.0,873.0
0.9620288726979234,0.0,0.247085562,0.625842293,17719.0,873.0
0.9615684673270359,0.0,0.231171729,0.628641959,17719.0,873.0
0.9555310439909874,0.0,0.215627078,0.627400958,17719.0,873.0
0.9353401346742983,0.0,0.201559908,0.616744519,17719.0,873.0
0.9083927974468868,0.0,0.194630278,0.610845658,17719.0,873.0
0.8763999336706969,0.0,0.174532998,0.585593082,17719.0,873.0
0.8119117741570903,0.0,0.167446996,0.559379122,17719.0,873.0
0.8049102824684913,0.0,0.152774363,0.546914884,17719.0,873.0
0.799224883343417,0.0,0.134894394,0.542262333,17719.0,873.0
0.7992915212299415,0.0,0.12554584,0.53326017,17719.0,873.0
0.7995872254275604,0.0,0.118899936,0.523731423,17719.0,873.0
0.8018929432722753,0.0,0.117616662,0.514530482,17719.0,873.0
0.7913482052972945,0.0,0.115376183,0.492051448,17719.0,873.0
0.8148651259714146,0.0,0.118291297,0.472627736,17719.0,873.0
0.8493781971634473,0.0,0.117897353,0.451498661,17719.0,873.0
0.8694503134222764,0.0221206,0.119343455,0.446926349,17719.0,873.0
0.8781208687604474,0.20152362,0.121129829,0.443492026,17719.0,873.0
0.8775150725032101,0.319576812,0.146500143,0.446724689,17719.0,873.0
0.8717811151723004,0.408238954,0.14282515,0.444590099,17719.0,873.0
0.870769719220144,0.433275452,0.13864750050000002,0.44421169400000005,17719.0,873.0
0.871929819292993,0.333666057,0.146696643,0.448952863,17719.0,873.0
0.8812960937832789,0.20231996,0.157432254,0.441642174,17719.0,873.0
0.9003480109683755,0.046076766,0.165105437,0.434054306,17719.0,873.0
0.9017695500418174,0.0,0.17259991,0.442686184,17719.0,873.0
0.8967416293219856,0.0,0.179699626,0.444333024,17719.0,873.0
0.8914202763248211,0.0,0.192995686,0.445988482,17719.0,873.0
0.8836958045117015,0.0,0.200425434,0.432518051,17719.0,873.0
0.8642959331044607,0.0,0.213261866,0.42295577,17719.0,873.0
0.842588544955549,0.0,0.233079238,0.380471531,17719.0,873.0
0.804139027869292,0.0,0.253012461,0.410366732,17719.0,873.0
0.7933331824656762,0.0,0.250169811,0.39126449350000003,17719.0,873.0
0.7905329123088807,0.0,0.2180352945,0.338754687,17719.0,873.0
0.7908993479916001,0.0,0.190683184,0.324679808,17719.0,873.0
0.7831420308798577,0.0,0.172284737,0.29358231,17719.0,873.0
0.809970385757236,0.0,0.155901209,0.275251791,17719.0,873.0
0.8439752509554449,0.0,0.145732422,0.27607053,17719.0,873.0
0.8614797369314299,0.019513898,0.13644787,0.277437222,17719.0,873.0
0.8712120449103427,0.178289321,0.120799623,0.269508251,17719.0,873.0
0.8721052160953652,0.260853553,0.116983892,0.234538486,17719.0,873.0
0.870321903228506,0.334964321,0.115895844,0.215273983,17719.0,873.0
0.8670541996593536,0.38500939,0.113908611,0.184960082,17719.0,873.0
0.8664109194097311,0.358727884,0.109789326,0.168685381,17719.0,873.0
0.8680431622108339,0.314356816,0.110189876,0.161810176,17719.0,873.0
0.876465813974322,0.202472747,0.108498055,0.164703787,17719.0,873.0
0.8950619644822935,0.0607528,0.109944563,0.171185884,17719.0,873.0
0.9010575501059697,0.0,0.109756994,0.183314109,17719.0,873.0
0.9029845502296183,0.0,0.1120847,0.193771244,17719.0,873.0
0.8981014057143306,0.0,0.1152011235,0.1990520895,17719.0,873.0
0.8764717772990919,0.0,0.117757853,0.194337632,17719.0,873.0
0.8573037175607683,0.0,0.124418429,0.147251505,17719.0,873.0
0.8165373131489501,0.0,0.12421252,0.153391183,17719.0,873.0
0.81118690069663,0.0,0.124663169,0.147208368,17719.0,873.0
0.8079828059250223,0.0,0.130780111,0.13873614,17719.0,873.0
0.8084649345402812,0.0,0.1315047145,0.1308430725,17719.0,873.0
0.837619216169359,0.0,0.139133069,0.138191006,17719.0,873.0
0.8911631914584214,0.0,0.145170269,0.145736153,17719.0,873.0
0.936575959072199,0.0,0.155795272,0.162478058,17719.0,873.0
0.9648497063220984,0.0,0.164932869,0.154112101,17719.0,873.0
0.9594120214795339,0.027937387,0.171058373,0.164346254,17719.0,873.0
0.9536283697755421,0.170229892,0.17182812,0.181099613,17719.0,873.0
0.9507438325006328,0.280101457,0.180172086,0.200853543,17719.0,873.0
0.9432998258296618,0.331340374,0.18498767,0.173882421,17719.0,873.0
0.9381907853365286,0.380065641,0.191406518,0.170081125,17719.0,873.0
0.9365331748989598,0.363129506,0.206209173,0.17414156,17719.0,873.0
0.9356094299213948,0.313715165,0.204550421,0.168645425,17719.0,873.0
0.9420435553918023,0.21285174,0.212563012,0.191717821,17719.0,873.0
0.9555494069886273,0.093966322,0.227400293,0.207713993,17719.0,873.0
0.9641832359173126,0.0,0.240656714,0.227034267,17719.0,873.0
0.9672262268953576,0.0,0.250204593,0.246806028,17719.0,873.0
0.9629991881064008,0.0,0.266515367,0.269751715,17719.0,873.0
0.9407080585165813,0.0,0.276098473,0.27786108,17719.0,873.0
0.912309554884052,0.0,0.28509112,0.293833877,17719.0,873.0
0.8821286848455304,0.0,0.264644203,0.317806839,17719.0,873.0
0.8193277626869621,0.0,0.266020144,0.333688705,17719.0,873.0
0.8139684526740821,0.0,0.265933376,0.335734411,17719.0,873.0
0.8081514822339313,0.0,0.260876322,0.335905484,17719.0,873.0
0.8085450606332241,0.0,0.237795126,0.328413954,17719.0,873.0
0.8374670099363561,0.0,0.212280217,0.319915671,17719.0,873.0
0.8911631914584214,0.0,0.195637946,0.321727904,17719.0,873.0
0.9371158754400172,0.0,0.185329317,0.317257764,17719.0,873.0
0.9656516295670299,0.0,0.176530659,0.305749395,17719.0,873.0
0.9635865265128085,0.037101731,0.163640692,0.295866704,17719.0,873.0
0.9570018984389583,0.210338501,0.152315445,0.300928737,17719.0,873.0
0.9559481913368932,0.291119191,0.125888444,0.294353879,17719.0,873.0
0.9523177675134568,0.355908638,0.121721761,0.279265029,17719.0,873.0
0.9501408760402019,0.398341408,0.114601187,0.28140184,17719.0,873.0
0.9477476016598795,0.393396663,0.112569593,0.286735943,17719.0,873.0
0.9475291361246989,0.322377038,0.114474367,0.289097374,17719.0,873.0
0.9545207837918713,0.223679284,0.122262847,0.318221857,17719.0,873.0
0.9684564665528351,0.063784855,0.134356598,0.367619461,17719.0,873.0
0.9722246147224974,0.0,0.15078221,0.421833454,17719.0,873.0
0.9701244893025566,0.0,0.161595585,0.472728165,17719.0,873.0
0.9628957293714069,0.0,0.165555719,0.51938725,17719.0,873.0
0.9419050742910893,0.0,0.17826545,0.556753517,17719.0,873.0
0.9154895126254234,0.0,0.188389235,0.583532438,17719.0,873.0
0.8839320651680017,0.0,0.202293121,0.62295368,17719.0,873.0
0.8198861364914038,0.0,0.207607418,0.612245735,17719.0,873.0
0.8112491368152633,0.0,0.2015380975,0.5835201095,17719.0,873.0
0.8083147160822016,0.0,0.208376959,0.5485609815,17719.0,873.0
0.8357017763359799,0.0,0.212331687,0.525911498,17719.0,873.0
0.8851027664309707,0.0,0.214288454,0.492710387,17719.0,873.0
0.9284666177494822,0.0,0.220673527,0.464349131,17719.0,873.0
0.9562087783156032,0.0,0.221654811,0.447654802,17719.0,873.0
0.9543412217332731,0.036965171,0.22032671,0.438558543,17719.0,873.0
0.9508854375435155,0.197257979,0.210497715,0.416771164,17719.0,873.0
0.9487007842627407,0.28981896,0.201881685,0.397778868,17719.0,873.0
0.9447670833121329,0.385860372,0.182784092,0.376445156,17719.0,873.0
0.9395946237278344,0.442407449,0.168847185,0.348675589,17719.0,873.0
0.9380491802936458,0.449393101,0.158589447,0.310001745,17719.0,873.0
0.9383431808617047,0.40088423,0.155535726,0.270738942,17719.0,873.0
0.9467624253660724,0.28744845,0.152552952,0.219146037,17719.0,873.0
0.9625830816603453,0.12957208,0.146231249,0.204060244,17719.0,873.0
0.9683607696253611,0.001964089,0.142418221,0.211165929,17719.0,873.0
0.9706663930310921,0.0,0.13986143,0.197434025,17719.0,873.0
0.9623667931922614,0.0,0.140611052,0.177532059,17719.0,873.0
0.9419050742910893,0.0,0.133040308,0.165891413,17719.0,873.0
0.9170389316094585,0.0,0.12693796,0.161138119,17719.0,873.0
0.8856024538627871,0.0,0.145918015,0.190225315,17719.0,873.0
0.8221760469899222,0.0,0.140331926,0.236932566,17719.0,873.0
0.8153922160341124,0.0,0.1324785545,0.235422627,17719.0,873.0
0.8129925525251815,0.0,0.11740246,0.245126331,17719.0,873.0
0.841407526233617,0.0,0.106900446,0.244175558,17719.0,873.0
0.8936090944476157,0.0,0.10373206,0.246635547,17719.0,873.0
0.9407440277573735,0.0,0.098219959,0.242577208,17719.0,873.0
0.9727143632796975,0.0,0.091469449,0.247274582,17719.0,873.0
0.9696840561198855,0.075044996,0.080850461,0.241051377,17719.0,873.0
0.9635064476393576,0.226535087,0.069645852,0.246997837,17719.0,873.0
0.9575165416092942,0.348499988,0.096654508,0.252511056,17719.0,873.0
0.9559839712855123,0.440278533,0.08359601,0.254972145,17719.0,873.0
0.9527847985246178,0.495139698,0.079935116,0.244304094,17719.0,873.0
0.9493713250705629,0.484530906,0.075033214,0.238698874,17719.0,873.0
0.9501023511479663,0.420632724,0.072813877,0.222020118,17719.0,873.0
0.9567535218409452,0.305149408,0.076187339,0.218322333,17719.0,873.0
0.9702287052062439,0.154636716,0.078061717,0.224739421,17719.0,873.0
0.9768667186434532,0.002405748,0.085320564,0.235563281,17719.0,873.0
0.9788217373224072,0.0,0.091862501,0.247324715,17719.0,873.0
0.9729000775410329,0.0,0.093552598,0.245861124,17719.0,873.0
0.9484766395481534,0.0,0.094406136,0.250633765,17719.0,873.0
0.9214526315348235,0.0,0.102650173,0.259957654,17719.0,873.0
0.8906234647969825,0.0,0.111910006,0.248865892,17719.0,873.0
0.8241309708156864,0.0,0.12709494,0.269645554,17719.0,873.0
0.8196188290192308,0.0,0.137049809,0.287533188,17719.0,873.0
0.8141325855566244,0.0,0.14980577,0.342995591,17719.0,873.0
0.8161638964371501,0.0,0.177949873,0.400537483,17719.0,873.0
0.8415112686997678,0.0,0.193981958,0.452293289,17719.0,873.0
0.893444771858694,0.0,0.20674582,0.512626291,17719.0,873.0
0.9408748419037567,0.0,0.213761338,0.602608059,17719.0,873.0
0.970463545964141,0.0,0.220613314,0.685670997,17719.0,873.0
0.9686599763494961,0.054904305,0.224851164,0.700871603,17719.0,873.0
0.9610859127008354,0.187023784,0.223039977,0.700841683,17719.0,873.0
0.9555434436638575,0.28959407,0.233172483,0.707561733,17719.0,873.0
0.9512799626107779,0.349819393,0.234351228,0.704577873,17719.0,873.0
0.9431520681698359,0.384374034,0.23304325,0.697364572,17719.0,873.0
0.9386835625685024,0.357626094,0.229734272,0.688844841,17719.0,873.0
0.9394273669031226,0.277736582,0.229607238,0.68548832,17719.0,873.0
0.9506986819681237,0.163847597,0.238748247,0.691266237,17719.0,873.0
0.9694979632742036,0.078027608,0.255637653,0.698560338,17719.0,873.0
0.9719432979726716,0.002407216,0.270969635,0.69588819,17719.0,873.0
0.9701244893025566,0.0,0.269699773,0.676628582,17719.0,873.0
0.9636766386998595,0.0,0.270551822,0.669419064,17719.0,873.0
0.9417335581853739,0.0,0.26662962,0.655681996,17719.0,873.0
0.9135059083430562,0.0,0.26378459,0.640144455,17719.0,873.0
0.8844469920694946,0.0,0.251543947,0.636169027,17719.0,873.0
0.8196193024567672,0.0,0.250892047,0.627605498,17719.0,873.0
0.8127246771764884,0.0,0.253754715,0.599779005,17719.0,873.0
0.8059559910442684,0.0,0.2569453945,0.5822976870000001,17719.0,873.0
0.8051175785228255,0.0,0.253071843,0.56475577,17719.0,873.0
0.8032399882126894,0.0,0.2431603175,0.5332578665000001,17719.0,873.0
0.8226054999839204,0.0,0.226929483,0.502053896,17719.0,873.0
0.8570445504804616,0.0,0.221064467,0.498009014,17719.0,873.0
0.8749372196145925,0.089739058,0.215607472,0.516270455,17719.0,873.0
0.882210657054921,0.201974581,0.207506388,0.539922242,17719.0,873.0
0.8847247118538205,0.304559461,0.20098353,0.548566105,17719.0,873.0
0.8827679895453062,0.359535525,0.206217128,0.568006462,17719.0,873.0
0.8814867300553274,0.389220171,0.215771432,0.590825111,17719.0,873.0
0.8800085872373733,0.328546419,0.218850831,0.63691536,17719.0,873.0
0.8814030546305828,0.265359861,0.226961822,0.6673949,17719.0,873.0
0.8905666713460906,0.1761024,0.240826178,0.693491435,17719.0,873.0
0.9086566976599394,0.063823947,0.256158744,0.707685394,17719.0,873.0
0.9115455890690423,0.002211373,0.271376644,0.71608013,17719.0,873.0
0.9114532049617049,0.0,0.285305631,0.724794803,17719.0,873.0
0.9064299225214293,0.0,0.292079316,0.724594799,17719.0,873.0
0.8991441798472146,0.0,0.29819853,0.716795318,17719.0,873.0
0.8791566858882031,0.0,0.303839908,0.713091603,17719.0,873.0
0.8594974576942761,0.0,0.290023467,0.689185123,17719.0,873.0
0.8196193024567672,0.0,0.292528209,0.686392891,17719.0,873.0
0.8095468962951106,0.0,0.28678206100000003,0.671050369,17719.0,873.0
0.8050230647749864,0.0,0.293595885,0.6578483070000001,17719.0,873.0
0.8104154568052574,0.0,0.307105491,0.652048476,17719.0,873.0
0.8013044686986213,0.0,0.313652293,0.639524846,17719.0,873.0
0.8238181338124516,0.0,0.316619675,0.617843734,17719.0,873.0
0.8597668477945624,0.001086483,0.320865431,0.588942739,17719.0,873.0
0.8795228142300197,0.098699236,0.312251764,0.556250923,17719.0,873.0
0.8878829933632093,0.233782225,0.298858476,0.52185511,17719.0,873.0
0.8895612387187043,0.326832209,0.273113304,0.488863087,17719.0,873.0
0.8866715897267019,0.392206863,0.261978875,0.432523891,17719.0,873.0
0.8849869080231069,0.399127271,0.248508146,0.39783814,17719.0,873.0
0.8838057944479851,0.398231639,0.229645625,0.355705808,17719.0,873.0
0.8852176787921737,0.331316538,0.209737177,0.329596459,17719.0,873.0
0.895906387755101,0.221119031,0.193794148,0.321046386,17719.0,873.0
0.9160816786035609,0.076839969,0.177770828,0.295835415,17719.0,873.0
0.9208723922062256,0.002414044,0.166639598,0.277091507,17719.0,873.0
0.9204613026240732,0.0,0.148255804,0.224183513,17719.0,873.0
0.9166511270356592,0.0,0.127389129,0.171792217,17719.0,873.0
0.9070307023289698,0.0,0.107486022,0.145912784,17719.0,873.0
0.8862223538366607,0.0,0.099315879,0.144834825,17719.0,873.0
0.8643686283405326,0.0,0.104870366,0.135480226,17719.0,873.0
0.8266701095198952,0.0,0.097598914,0.109766632,17719.0,873.0
0.8225811732473048,0.0,0.092849558,0.096840731,17719.0,873.0
0.8165499971742862,0.0,0.093530008,0.09286198949999999,17719.0,873.0
0.8182165049653118,0.0,0.100661419,0.100545774,17719.0,873.0
0.8463965430626605,0.0,0.10261222,0.096363259,17719.0,873.0
0.9008273472134228,0.0,0.105312143,0.106019022,17719.0,873.0
0.9522342809666794,0.0,0.113365475,0.123774455,17719.0,873.0
0.9796311382294953,0.001905795,0.120645707,0.141267985,17719.0,873.0
0.9754126180025455,0.162755579,0.120914298,0.16461062,17719.0,873.0
0.9666351966702603,0.295594272,0.109672148,0.18251378,17719.0,873.0
0.9686879944905954,0.405486215,0.111607049,0.210352972,17719.0,873.0
0.9655117285679135,0.485380359,0.106175128,0.226622506,17719.0,873.0
0.9645382892172666,0.535927464,0.112636901,0.256537532,17719.0,873.0
0.9588270494323959,0.531839211,0.121755305,0.285982635,17719.0,873.0
0.9593020315432501,0.449029274,0.136694622,0.315282227,17719.0,873.0
0.9664661417770046,0.352300138,0.157251085,0.331019762,17719.0,873.0
0.9792692691686822,0.197681869,0.19071541,0.348073242,17719.0,873.0
0.9853030011002472,0.007835037,0.226267733,0.360952207,17719.0,873.0
0.9837693898766149,0.0,0.250178357,0.357046264,17719.0,873.0
0.9783955975627519,0.0,0.2637899,0.332147597,17719.0,873.0
0.9541832414676739,0.0,0.281118825,0.302864851,17719.0,873.0
0.9245159732854317,0.0,0.315263855,0.283761292,17719.0,873.0
0.8918419670970936,0.0,0.385779395,0.263365617,17719.0,873.0
0.8272910508078252,0.0,0.384142796,0.212519039,17719.0,873.0
0.8227160577967242,0.0,0.398507826,0.207825278,17719.0,873.0
0.8164877610556529,0.0,0.42179867400000004,0.20789070599999998,17719.0,873.0
0.8182165049653118,0.0,0.455325842,0.205304773,17719.0,873.0
0.8485581002130494,0.0,0.450179136,0.190931827,17719.0,873.0
0.9047928525628031,0.0,0.454577023,0.18608321,17719.0,873.0
0.9563648656594688,0.0,0.462586203,0.193039998,17719.0,873.0
0.9859624672804128,0.002716019,0.477948026,0.20364902,17719.0,873.0
0.983036092293131,0.208003476,0.482744795,0.220604878,17719.0,873.0
0.9727005437084243,0.378860199,0.48986243,0.257607316,17719.0,873.0
0.9716955841043682,0.54323476,0.529966521,0.274152502,17719.0,873.0
0.9702203755222041,0.648799006,0.540930678,0.279381643,17719.0,873.0
0.968949244199015,0.68699861,0.541333913,0.2952475,17719.0,873.0
0.9695810708224281,0.668603602,0.535856893,0.301713991,17719.0,873.0
0.9705054781154968,0.595464465,0.521814726,0.315936317,17719.0,873.0
0.9767858830155148,0.443351555,0.500696012,0.333238301,17719.0,873.0
0.989587401630822,0.237527423,0.502068904,0.346065252,17719.0,873.0
0.9944563952099817,0.011770683,0.501405932,0.352872318,17719.0,873.0
0.9957976661177994,0.0,0.503649199,0.354823561,17719.0,873.0
0.9883834756564714,0.0,0.491869837,0.357182897,17719.0,873.0
0.9630161312056373,0.0,0.486681974,0.371813339,17719.0,873.0
0.9316364469098578,0.0,0.480874787,0.378696654,17719.0,873.0
0.8988159140821298,0.0,0.488063157,0.372736407,17719.0,873.0
0.8400347346581841,0.0,0.485553183,0.363776468,17719.0,873.0
0.8382953417176042,0.0,0.479776112,0.372321377,17719.0,873.0
0.8366534443943512,0.0,0.4576668805,0.3512872685,17719.0,873.0
0.8415603951963295,0.0,0.440466247,0.319913258,17719.0,873.0
0.8710853956059794,0.0,0.429803328,0.289160208,17719.0,873.0
0.9239738802647227,0.0,0.425083844,0.28430721,17719.0,873.0
0.9725894176048945,0.0,0.423738131,0.284588407,17719.0,873.0
1.0,0.003347687,0.428939911,0.295657664,17719.0,873.0
0.9929354678045824,0.22522808,0.427833142,0.30521793,17719.0,873.0
0.9808333597458736,0.392721954,0.423997148,0.310485596,17719.0,873.0
0.9797491737044557,0.537541595,0.405246385,0.335870626,17719.0,873.0
0.979074089470267,0.613808447,0.403394045,0.347494053,17719.0,873.0
0.9784760546063435,0.653415972,0.393149384,0.364058754,17719.0,873.0
0.9777566714473226,0.636911245,0.382389605,0.364782703,17719.0,873.0
0.9776330512319391,0.566050301,0.374299185,0.348372718,17719.0,873.0
0.9825333757723349,0.445774991,0.369039596,0.331473345,17719.0,873.0
0.9956005930834446,0.2687637,0.366976777,0.31468422,17719.0,873.0
0.9981954839244885,0.015631124,0.370331567,0.298200665,17719.0,873.0
0.9986356329617965,0.0,0.359175947,0.297512013,17719.0,873.0
0.9952089078129884,0.0,0.345988952,0.30985545,17719.0,873.0
0.9703583831853809,0.0,0.330912812,0.308251876,17719.0,873.0
0.938154626803563,0.0,0.31634847,0.289597594,17719.0,873.0
0.9020449034668733,0.0,0.31433564,0.310273973,17719.0,873.0
0.8399421616728796,0.0,0.318115501,0.297668069,17719.0,873.0
0.8342749362532718,0.0,0.312782013,0.302508181,20048.0,988.0
0.8298342597079671,0.0,0.294533551,0.2738724695,20048.0,988.0
0.8328026619068977,0.0,0.277108896,0.254443845,20048.0,988.0
0.8613292343279872,0.0,0.2674974,0.24604076,20048.0,988.0
0.9183270060318841,0.0,0.259074371,0.231969028,20048.0,988.0
0.9676752734932256,0.0,0.253737806,0.223492369,20048.0,988.0
0.99465072330072,0.005174396,0.250157834,0.224079974,20048.0,988.0
0.9889388207861396,0.263038301,0.245980042,0.223783916,20048.0,988.0
0.9800017151444889,0.433640487,0.231933292,0.21995458,20048.0,988.0
0.9763687352554029,0.558239602,0.217723254,0.206905996,20048.0,988.0
0.9742360478537905,0.649684928,0.227142101,0.193662888,20048.0,988.0
0.9703877267858996,0.675687375,0.219415126,0.18813298,20048.0,988.0
0.9675366975393226,0.655970556,0.213134661,0.182004704,20048.0,988.0
0.966241807770244,0.586924323,0.212477228,0.171353887,20048.0,988.0
0.9714702087835512,0.463099843,0.21473402,0.169548339,20048.0,988.0
0.9864265640557838,0.290618339,0.227259359,0.165693207,20048.0,988.0
0.9926037939519651,0.021657547,0.230444273,0.164126529,20048.0,988.0
0.9931125682365147,0.0,0.229691807,0.15855606,20048.0,988.0
0.9856787841713172,0.0,0.235194773,0.156950794,20048.0,988.0
0.9591443354230139,0.0,0.235066529,0.153507866,20048.0,988.0
0.9273850817984914,0.0,0.234916848,0.154422982,20048.0,988.0
0.8931966794060437,0.0,0.246678305,0.201827388,20048.0,988.0
0.8335794063933303,0.0,0.244711372,0.214717365,20048.0,988.0
0.8294995573876792,0.0,0.240903611,0.230473121,20048.0,988.0
0.8243060838869017,0.0,0.237616822,0.220224644,20048.0,988.0
0.8279830313359648,0.0,0.2449328865,0.19205936899999998,20048.0,988.0
0.8574636856012908,0.0,0.242425533,0.165464101,20048.0,988.0
0.9134924669419237,0.0,0.24167951,0.158019746,20048.0,988.0
0.9639596590792454,0.0,0.241130206,0.147213904,20048.0,988.0
0.988269605023531,0.007097374,0.243028043,0.139187879,20048.0,988.0
0.978994010596816,0.249059585,0.235222901,0.116174375,20048.0,988.0
0.9752707292285059,0.413237923,0.219771755,0.098226568,20048.0,988.0
0.9700153509739501,0.541306775,0.205636575,0.09273662,20048.0,988.0
0.965214414765512,0.61767243,0.195901108,0.089588516,20048.0,988.0
0.9624926853279313,0.630241316,0.19285918,0.084763539,20048.0,988.0
0.9556592076327375,0.605360986,0.194894621,0.079431095,20048.0,988.0
0.9530814491831036,0.488434505,0.19872679,0.076720669,20048.0,988.0
0.9576737647062,0.312699037,0.210986562,0.077954441,20048.0,988.0
0.9728366584498677,0.140528756,0.21520766,0.077747978,20048.0,988.0
0.9784065773372186,0.008665652,0.22309492,0.084619979,20048.0,988.0
0.9781227997891392,0.0,0.223180277,0.091045608,20048.0,988.0
0.9710060175691966,0.0,0.223671712,0.096381453,20048.0,988.0
0.9451390801255296,0.0,0.220053085,0.096051308,20048.0,988.0
0.9154551525752077,0.0,0.217794677,0.102053101,20048.0,988.0
0.8819443904825982,0.0,0.239440264,0.14465313,20048.0,988.0
0.8110979242626192,0.0,0.236673465,0.136344454,20048.0,988.0
0.8032634629274219,0.0,0.23267475,0.150777478,20048.0,988.0
0.7956415504008181,0.0,0.20668283599999998,0.1552429005,20048.0,988.0
0.7945178455797031,0.0,0.181181488,0.145807089,20048.0,988.0
0.7942963513697487,0.0,0.16540700549999998,0.146742317,20048.0,988.0
0.813490820058595,0.0,0.153905606,0.139232986,20048.0,988.0
0.8492405676704111,0.007662328,0.152602699,0.135931583,20048.0,988.0
0.8720412287134738,0.100582291,0.145971263,0.128980562,20048.0,988.0
0.8856311347335961,0.178114729,0.140916699,0.128113231,20048.0,988.0
0.8872230537455071,0.240813737,0.115822056,0.107478332,20048.0,988.0
0.8841558312982423,0.292644344,0.109981571,0.110336699,20048.0,988.0
0.8836102357510172,0.303036246,0.109092312,0.109975691,20048.0,988.0
0.8817404072484006,0.297703864,0.102229207,0.106551802,20048.0,988.0
0.8822541983968534,0.231524481,0.095842404,0.110471207,20048.0,988.0
0.8907224745445932,0.134773687,0.091550241,0.116854314,20048.0,988.0
0.9121076542779676,0.047687338,0.090533926,0.125706203,20048.0,988.0
0.9160086043689362,0.0058177,0.086147833,0.131678535,20048.0,988.0
0.9158292320167174,0.0,0.081925257,0.139497071,20048.0,988.0
0.9112114544181712,0.0,0.081956881,0.142327509,20048.0,988.0
0.9005734807281762,0.0,0.082336704,0.142961968,20048.0,988.0
0.8805268269590029,0.0,0.084130047,0.143407573,20048.0,988.0
0.8567295364101299,0.0,0.089173156,0.122069767,20048.0,988.0
0.8068121044549503,0.0,0.0863863315,0.113974093,20048.0,988.0
0.7954851321063037,0.0,0.0793924595,0.1037834145,20048.0,988.0
0.7966004600238872,0.0,0.0789562905,0.0975505065,20048.0,988.0
0.7896877554771254,0.0,0.085042833,0.092499843,20048.0,988.0
0.8131822427505695,0.0,0.090658573,0.091393868,20048.0,988.0
0.8496988908273917,0.011413717,0.09793175,0.092278129,20048.0,988.0
0.8718288213562527,0.154308598,0.104278318,0.090691742,20048.0,988.0
0.8827630675345929,0.292930606,0.105474972,0.086885435,20048.0,988.0
0.8805486924831588,0.395370919,0.096108977,0.081522777,20048.0,988.0
0.880590908779878,0.473665861,0.105207842,0.097664779,20048.0,988.0
0.8781659248539729,0.510312547,0.115384183,0.124649339,20048.0,988.0
0.8774847824418246,0.46681072,0.124408394,0.162091807,20048.0,988.0
0.8785892252310279,0.370063969,0.135078607,0.19060772,20048.0,988.0
0.8882095554987338,0.25508482,0.148411318,0.210027361,20048.0,988.0
0.9071736324170658,0.117319087,0.169760356,0.229859636,20048.0,988.0
0.9138637065866271,0.01964772,0.18772227,0.253256092,20048.0,988.0
0.9141373563821227,0.0,0.194609378,0.278770797,20048.0,988.0
0.9095678532582551,0.0,0.201740526,0.30583546,20048.0,988.0
0.8989944348266715,0.0,0.215224522,0.326256713,20048.0,988.0
0.8784887007318243,0.0,0.228244189,0.33825172,20048.0,988.0
0.8552926630138219,0.0,0.220724417,0.302759357,20048.0,988.0
0.8140203241142605,0.0,0.24133361,0.332369239,20048.0,988.0
0.8074877567727621,0.0,0.263285878,0.395536516,20048.0,988.0
0.8009355009742043,0.0,0.273732933,0.459809844,20048.0,988.0
0.800747136208236,0.0,0.292709433,0.515813084,20048.0,988.0
0.8023727529548591,0.0,0.31486756,0.555627552,20048.0,988.0
0.8290794753917773,0.0,0.328701445,0.574237908,20048.0,988.0
0.8835566606812785,0.0,0.349649697,0.599936319,20048.0,988.0
0.9327988189029931,0.0,0.370086203,0.612697254,20048.0,988.0
0.9608719905920217,0.012105697,0.387635198,0.624074423,20048.0,988.0
0.9597400035134614,0.14448236,0.38790484,0.620470338,20048.0,988.0
0.9568849038638483,0.271752114,0.387232113,0.617441748,20048.0,988.0
0.9552455623991418,0.374562721,0.398117873,0.582000579,20048.0,988.0
0.9538172079790469,0.456756806,0.429909792,0.566560001,20048.0,988.0
0.9517678178320385,0.487935854,0.444788139,0.5537787,20048.0,988.0
0.9506912987449506,0.471813936,0.447389098,0.546917502,20048.0,988.0
0.950794000311251,0.382213107,0.442916094,0.547219259,20048.0,988.0
0.9557011401982997,0.301732476,0.441342795,0.552027015,20048.0,988.0
0.969423374287986,0.159698475,0.442509364,0.556831138,20048.0,988.0
0.9730096888929697,0.024174941,0.450604297,0.562767451,20048.0,988.0
0.9726590841661926,0.0,0.438591866,0.561215377,20048.0,988.0
0.9687121315208316,0.0,0.422985223,0.566972695,20048.0,988.0
0.9427644533024161,0.0,0.403954129,0.571599672,20048.0,988.0
0.9141033749162537,0.0,0.393114157,0.576266749,20048.0,988.0
0.8832979666243022,0.0,0.384934495,0.53966412,20048.0,988.0
0.8148211111919458,0.0,0.373006622,0.533322151,20048.0,988.0
0.8082909102097172,0.0,0.365843913,0.537235929,20048.0,988.0
0.8029983795347343,0.0,0.3553236045,0.537876641,20048.0,988.0
0.8044310406624275,0.0,0.338907855,0.532387316,20048.0,988.0
0.8303800443402626,0.0,0.328340735,0.529229538,20048.0,988.0
0.8844510620583248,0.0,0.324687044,0.526131416,20048.0,988.0
0.9335590933135195,0.0,0.333165572,0.530325317,20048.0,988.0
0.9634717090047952,0.019280313,0.341559702,0.541518392,20048.0,988.0
0.9618713654556545,0.190289218,0.328555134,0.5449629,20048.0,988.0
0.9568849038638483,0.307588615,0.321797136,0.545167047,20048.0,988.0
0.9539172590407143,0.414935228,0.293957024,0.509111978,20048.0,988.0
0.952529227995605,0.523890759,0.301863857,0.511831577,20048.0,988.0
0.9493977340210854,0.535695481,0.309334576,0.502188928,20048.0,988.0
0.9459843554202203,0.519569791,0.308510165,0.490816747,20048.0,988.0
0.9458205066830409,0.440582077,0.309867582,0.482899209,20048.0,988.0
0.9509227318295211,0.326421091,0.309527936,0.486835689,20048.0,988.0
0.9640793985979721,0.176455744,0.326812859,0.513423773,20048.0,988.0
0.9694464704183717,0.036398764,0.353864092,0.536564154,20048.0,988.0
0.9680025927974436,0.0,0.370274975,0.568047796,20048.0,988.0
0.9614272408685,0.0,0.381813014,0.598191739,20048.0,988.0
0.9374537959343553,0.0,0.381585606,0.616808013,20048.0,988.0
0.908811365105402,0.0,0.378292795,0.625121564,20048.0,988.0
0.8782179855863246,0.0,0.352772819,0.607142722,20048.0,988.0
0.8085479002229273,0.0,0.353649604,0.599393761,20048.0,988.0
0.8014248709470577,0.0,0.36155575,0.596133927,20048.0,988.0
0.7954150395340639,0.0,0.3547047335,0.604147447,20048.0,988.0
0.7968343543209173,0.0,0.345789423,0.607161343,20048.0,988.0
0.8217636323625563,0.0,0.345921772,0.606184303,20048.0,988.0
0.8743588732077283,0.0,0.353095248,0.617160151,20048.0,988.0
0.9203637123606596,0.0,0.357519289,0.628412478,20048.0,988.0
0.9463864530028291,0.018001822,0.358884983,0.635066695,20048.0,988.0
0.9436853584831747,0.130577782,0.349684339,0.633835751,20048.0,988.0
0.945574685736471,0.204144957,0.33612309,0.623251132,20048.0,988.0
0.943025892303009,0.266081458,0.310464626,0.543861862,20048.0,988.0
0.9424490606477378,0.300420871,0.304972198,0.517310178,20048.0,988.0
0.9407477191618571,0.308638976,0.302197335,0.47933666,20048.0,988.0
0.9401334983673902,0.30522339,0.29737181,0.451495289,20048.0,988.0
0.9393094262813517,0.255024759,0.299392063,0.458119676,20048.0,988.0
0.9437996077004618,0.189074706,0.299598461,0.457690075,20048.0,988.0
0.9539820980302829,0.096303654,0.314762944,0.458218627,20048.0,988.0
0.9577951130012972,0.012049639,0.325374363,0.435085371,20048.0,988.0
0.9559960872272252,0.0,0.332838704,0.441233295,20048.0,988.0
0.9468029380332312,0.0,0.331265813,0.459175033,20048.0,988.0
0.9232279933019896,0.0,0.331658464,0.486998441,20048.0,988.0
0.8946628959886643,0.0,0.328139671,0.49342706,20048.0,988.0
0.8661879108623901,0.0,0.31595823,0.47422043,20048.0,988.0
0.8035705258980604,0.0,0.301457757,0.426628027,20048.0,988.0
0.7959143007478358,0.0,0.302252783,0.408468194,20048.0,988.0
0.7904996171824673,0.0,0.297520661,0.386146899,20048.0,988.0
0.7930122997166615,0.0,0.28989692450000004,0.39510558149999997,20048.0,988.0
0.8191077828143947,0.0,0.293594961,0.396441929,20048.0,988.0
0.8720659340344361,0.0,0.299751358,0.407552986,20048.0,988.0
0.9176600621895619,0.0,0.310936712,0.412278924,20048.0,988.0
0.9436538378155593,0.029932396,0.322371194,0.405733912,20048.0,988.0
0.9429846224671568,0.126663379,0.326614104,0.395515363,20048.0,988.0
0.9427128660076007,0.204470016,0.326283952,0.367912161,20048.0,988.0
0.9419805148849838,0.262990644,0.298774172,0.32696629,20048.0,988.0
0.941009442307813,0.315804985,0.284571724,0.311151933,20048.0,988.0
0.9395407645127326,0.317100152,0.288991758,0.295342249,20048.0,988.0
0.9371051793967075,0.301251108,0.285362871,0.259700176,20048.0,988.0
0.9369719984768483,0.241203292,0.285148516,0.261133031,20048.0,988.0
0.9440230896853393,0.167278695,0.291092051,0.27173895,20048.0,988.0
0.9569694317246823,0.077500307,0.292863023,0.293853304,20048.0,988.0
0.9608153868475092,0.011453741,0.304894677,0.307625457,20048.0,988.0
0.962323251850329,0.0,0.308276673,0.300491731,20048.0,988.0
0.9553201509711533,0.0,0.309906395,0.283129603,20048.0,988.0
0.9326260721910479,0.0,0.308680579,0.271355225,20048.0,988.0
0.905412090221173,0.0,0.302716153,0.279454156,20048.0,988.0
0.8766632660072297,0.0,0.269620892,0.268814481,20048.0,988.0
0.8090001652019484,0.0,0.260006833,0.258922573,20048.0,988.0
0.8034966944947424,0.0,0.25066691,0.250834085,20048.0,988.0
0.7985701500888944,0.0,0.2199043755,0.230922472,20048.0,988.0
0.8003466478162037,0.0,0.208002572,0.214289102,20048.0,988.0
0.8272929437295589,0.0,0.209725979,0.219969329,20048.0,988.0
0.8825694017593585,0.0,0.212851225,0.232045084,20048.0,988.0
0.9295316832103608,0.0,0.216196316,0.251509435,20048.0,988.0
0.9577994671354905,0.035487343,0.214603591,0.276804445,20048.0,988.0
0.9527353882968992,0.143361083,0.19971285,0.301960562,20048.0,988.0
0.9503509170381528,0.264533499,0.17583027,0.303366524,20048.0,988.0
0.9481040748582367,0.326416498,0.150051077,0.238258028,20048.0,988.0
0.9462443745224101,0.374009476,0.141814901,0.250032898,20048.0,988.0
0.9424465045820883,0.389901959,0.136654923,0.266819975,20048.0,988.0
0.9408495687062741,0.365072371,0.133082035,0.277138858,20048.0,988.0
0.9406790939146153,0.30100722,0.133740968,0.290268896,20048.0,988.0
0.9468551880577564,0.208830496,0.135076812,0.300684036,20048.0,988.0
0.9569502162909533,0.109699858,0.145087087,0.313452423,20048.0,988.0
0.9635868102439654,0.033044498,0.163782014,0.335157799,20048.0,988.0
0.9672356923324376,0.0,0.177459133,0.362467552,20048.0,988.0
0.9601074569004917,0.0,0.179867554,0.381547735,20048.0,988.0
0.9377808315074163,0.0,0.172066048,0.382712698,20048.0,988.0
0.9087470935781474,0.0,0.158360955,0.368393257,20048.0,988.0
0.8801785885914958,0.0,0.137758644,0.282848213,20048.0,988.0
0.8101401982333912,0.0,0.131041029,0.268716896,20048.0,988.0
0.8024418516396372,0.0,0.12502485,0.25889016,20048.0,988.0
0.7959429816186447,0.0,0.12026384400000001,0.2436298845,20048.0,988.0
0.7941628867187325,0.0,0.114343785,0.227460521,20048.0,988.0
0.7992268711183402,0.0,0.109561244,0.217474778,20048.0,988.0
0.7909606376493666,0.0,0.106765825,0.199992508,20048.0,988.0
0.8135464777564465,0.0,0.107286502,0.186501091,20048.0,988.0
0.8479966028806442,0.036366818,0.103461009,0.170037457,20048.0,988.0
0.8669358800390301,0.15808418,0.096506001,0.151715304,20048.0,988.0
0.8767441964883577,0.279795166,0.084241969,0.124640053,20048.0,988.0
0.876139062546624,0.415889493,0.067603672,0.081296189,20048.0,988.0
0.8680420264577936,0.538538894,0.063514013,0.061316255,20048.0,988.0
0.8654068118275582,0.576422271,0.055069054,0.051490321,20048.0,988.0
0.8634852071521592,0.548043472,0.051790227,0.0459011,20048.0,988.0
0.864566742688944,0.472094254,0.051653662,0.039003397,20048.0,988.0
0.8758022778053262,0.382174267,0.049563496,0.031050472,20048.0,988.0
0.892397501518935,0.243293903,0.053896596,0.028805561,20048.0,988.0
0.9016032400921783,0.086883408,0.062518481,0.029603272,20048.0,988.0
0.9052400058247314,0.0,0.065694465,0.02982821,20048.0,988.0
0.9023176063872961,0.0,0.065855767,0.031066731,20048.0,988.0
0.8938043689992207,0.0,0.070341576,0.037801246,20048.0,988.0
0.873912571553477,0.0,0.07989179,0.048784251,20048.0,988.0
0.8527505900738233,0.0,0.097720177,0.081012507,20048.0,988.0
0.8102170587256889,0.0,0.10945808,0.095021381,20048.0,988.0
0.8017843732343948,0.0,0.116753979,0.099604977,20048.0,988.0
0.795333777688081,0.0,0.119438513,0.107646832,20048.0,988.0
0.793871205290452,0.0,0.1308214665,0.147992309,20048.0,988.0
0.7969247502391253,0.0,0.15268088,0.204679942,20048.0,988.0
0.7883006708928829,0.0,0.168492037,0.247115738,20048.0,988.0
0.8104036250089075,0.0,0.180697022,0.285825218,20048.0,988.0
0.8439818765957185,0.045882348,0.195148335,0.323624481,20048.0,988.0
0.8633609242070658,0.159144873,0.203123247,0.341831586,20048.0,988.0
0.8751377947612575,0.295532189,0.209623548,0.353624222,20048.0,988.0
0.8764342937209127,0.401956734,0.207300645,0.325420576,20048.0,988.0
0.8742559823492545,0.455104647,0.21007549,0.29164796,20048.0,988.0
0.8724190944126566,0.4495986,0.215290906,0.280765091,20048.0,988.0
0.8704989092214548,0.385629605,0.221756818,0.280359333,20048.0,988.0
0.8694634706780459,0.301092862,0.23176487,0.281969784,20048.0,988.0
0.8784318128419488,0.201698824,0.245044637,0.285925591,20048.0,988.0
0.8953168722815966,0.100186965,0.269102516,0.297746908,20048.0,988.0
0.899514188885688,0.014912704,0.297127403,0.299481263,20048.0,988.0
0.8990526477617605,0.0,0.310704295,0.292261332,20048.0,988.0
0.8932030213151603,0.0,0.322078828,0.289201232,20048.0,988.0
0.8839451275705815,0.0,0.329551855,0.281730312,20048.0,988.0
0.8618555200024998,0.0,0.338436795,0.289164308,20048.0,988.0
0.8426373873067479,0.0,0.350233008,0.302261117,20048.0,988.0
0.8058458592424061,0.0,0.360440161,0.331140007,20048.0,988.0
0.798337486605197,0.0,0.365565184,0.342134605,20048.0,988.0
0.7934437877050748,0.0,0.354386298,0.336881649,20048.0,988.0
0.7933083352791354,0.0,0.352606807,0.356377722,20048.0,988.0
0.7953540340216603,0.0,0.339457282,0.371722941,20048.0,988.0
0.820109713329471,0.0,0.333196518,0.407031767,20048.0,988.0
0.8729603354114824,0.0,0.339309001,0.443512313,20048.0,988.0
0.9186869817567577,0.0,0.329346159,0.443855421,20048.0,988.0
0.9450745252813241,0.031081572,0.317205168,0.454497963,20048.0,988.0
0.9426473642883224,0.075843305,0.285629206,0.456992321,20048.0,988.0
0.9428434908618105,0.13372062,0.251871749,0.454491219,20048.0,988.0
0.9372911778034059,0.191719028,0.192057653,0.4404224,20048.0,988.0
0.935821742839632,0.255081131,0.167745641,0.404248112,20048.0,988.0
0.9331659881446601,0.318784325,0.138586123,0.363629841,20048.0,988.0
0.9306183304642384,0.353761617,0.120958406,0.352002486,20048.0,988.0
0.9303894530311111,0.349086877,0.111671127,0.349297069,20048.0,988.0
0.9349325472044561,0.296930579,0.11212037,0.351316244,20048.0,988.0
0.947867057033243,0.211673646,0.123867288,0.348468838,20048.0,988.0
0.9533839691415816,0.086119653,0.136904065,0.341526409,20048.0,988.0
0.9574541634179793,0.0,0.146900058,0.336840336,20048.0,988.0
0.9540756178906602,0.0,0.155747338,0.337283624,20048.0,988.0
0.9330213544270037,0.0,0.169390506,0.332213285,20048.0,988.0
0.9068307894978084,0.0,0.181518822,0.313233785,20048.0,988.0
0.8765209037956534,0.0,0.211490564,0.29050166,20048.0,988.0
0.8100395792952039,0.0,0.214477185,0.269294992,20048.0,988.0
0.804857464567446,0.0,0.212840563,0.27195143,20048.0,988.0
0.7994486494736575,0.0,0.211791943,0.288853374,20048.0,988.0
0.798135112561576,0.0,0.220222825,0.305715494,20048.0,988.0
0.800193210976971,0.0,0.23456341,0.311495204,20048.0,988.0
0.8273288185313674,0.0,0.23898676,0.314858253,20048.0,988.0
0.8831397970665297,0.0,0.246087526,0.31245217,20048.0,988.0
0.9317570384504678,0.001092794,0.246026285,0.309789729,20048.0,988.0
0.9579650199164361,0.110729516,0.24011063,0.304219616,20048.0,988.0
0.9493315699863035,0.253106391,0.224860152,0.299221751,20048.0,988.0
0.9442534818700595,0.410475116,0.201237293,0.29011545,20048.0,988.0
0.9356293076706275,0.520788418,0.245314066,0.277391092,20048.0,988.0
0.9314162781593233,0.603428921,0.220570514,0.256439786,20048.0,988.0
0.9295299795808005,0.637510836,0.206692752,0.236768415,20048.0,988.0
0.9287929901786274,0.607170507,0.199740801,0.218885924,20048.0,988.0
0.9286851777236463,0.563298002,0.203350786,0.203098003,20048.0,988.0
0.9330064935416741,0.460023066,0.186176749,0.189860201,20048.0,988.0
0.9436109587891305,0.31028686,0.169753959,0.196228117,20048.0,988.0
0.9472681705616424,0.12857778,0.166382386,0.21429433,20048.0,988.0
0.9467525809304397,0.0,0.171219286,0.221961034,20048.0,988.0
0.9409702546858677,0.0,0.158816394,0.221485944,20048.0,988.0
0.9264570775399227,0.0,0.137868841,0.213940632,20048.0,988.0
0.905412090221173,0.0,0.133717223,0.194159675,20048.0,988.0
0.875892105847014,0.0,0.175326818,0.180443204,20048.0,988.0
0.8116181521733781,0.0,0.151404298,0.141272608,20048.0,988.0
0.8055244084097682,0.0,0.135461769,0.119187663,20048.0,988.0
0.7993906254165359,0.0,0.1281096,0.111480633,20048.0,988.0
0.7986493767333592,0.0,0.119840863,0.113329252,20048.0,988.0
0.8005117275738188,0.0,0.112754432,0.127118508,20048.0,988.0
0.8273288185313674,0.0,0.102919406,0.152835618,20048.0,988.0
0.882324906272208,0.0,0.099533561,0.18734014,20048.0,988.0
0.929227649328702,0.00222545,0.104250008,0.220783857,20048.0,988.0
0.9540468425808677,0.094662676,0.109596288,0.223894683,20048.0,988.0
0.9489588155900073,0.197664785,0.101596631,0.207072719,20048.0,988.0
0.9444889849434602,0.3394902,0.087537497,0.194731979,20048.0,988.0
0.9377412653011241,0.509491976,0.091104147,0.207138058,20048.0,988.0
0.9322580509274976,0.62653329,0.08520933,0.203534041,20048.0,988.0
0.9302298635749353,0.649606688,0.073899385,0.204837402,20048.0,988.0
0.9294008690639776,0.643576668,0.065604148,0.207878244,20048.0,988.0
0.9303894530311111,0.550991606,0.067776198,0.225121313,20048.0,988.0
0.9336714496090731,0.421479529,0.071843053,0.243329855,20048.0,988.0
0.9450847478870975,0.279165921,0.085056834,0.261179981,20048.0,988.0
0.9515105436734653,0.08625392,0.103047779,0.256320498,20048.0,988.0
0.9635965598264086,0.0,0.115932262,0.249688994,20048.0,988.0
0.9589767944529389,0.0,0.124083298,0.237789584,20048.0,988.0
0.9354239998054225,0.0,0.131363355,0.229665468,20048.0,988.0
0.9066637219652699,0.0,0.131438723,0.223263893,20048.0,988.0
0.8776571505694232,0.0,0.162548899,0.238759959,20048.0,988.0
0.8118883938813413,0.0,0.173036102,0.232662134,20048.0,988.0
0.8057004679418502,0.0,0.192515656,0.238259418,20048.0,988.0
0.7993906254165359,0.0,0.214280081,0.233456928,20048.0,988.0
0.7985609685900744,0.0,0.225564707,0.217179067,20048.0,988.0
0.799593283191314,0.0,0.234306201,0.207399004,20048.0,988.0
0.8262784242494392,0.0,0.244841337,0.202888701,20048.0,988.0
0.8797280276562409,0.0,0.257298791,0.213567295,20048.0,988.0
0.9258192875917397,0.00330073,0.276121594,0.239838749,20048.0,988.0
0.9526850311941074,0.131227365,0.290480826,0.27377547,20048.0,988.0
0.9481360685491824,0.266995284,0.304424717,0.300937026,20048.0,988.0
0.9483214990793608,0.394306901,0.30786632,0.314010402,20048.0,988.0
0.9466617115746954,0.495455766,0.312319511,0.315147653,20048.0,988.0
0.942708322167028,0.581563009,0.343351051,0.315273972,20048.0,988.0
0.9407477191618571,0.604156201,0.368836466,0.299440127,20048.0,988.0
0.9392223427690746,0.593908306,0.370201428,0.261542941,20048.0,988.0
0.940078030375918,0.530181349,0.35732379,0.233316769,20048.0,988.0
0.9466153304359562,0.431831017,0.366050831,0.251007109,20048.0,988.0
0.9613322066707357,0.295897248,0.386256525,0.267449303,20048.0,988.0
0.9661179978484811,0.108140243,0.414239786,0.261373547,20048.0,988.0
0.9680025927974436,0.001248181,0.431852724,0.26640581,20048.0,988.0
0.9619200185146798,0.0,0.440733249,0.292475971,20048.0,988.0
0.9394025671431765,0.0,0.448915135,0.316961439,20048.0,988.0
0.9110164635977234,0.0,0.447903153,0.319722936,20048.0,988.0
0.8798269429648682,0.0,0.465374146,0.358882271,20048.0,988.0
0.814328901422286,0.0,0.459304208,0.358256842,20048.0,988.0
0.8081372840783114,0.0,0.46891533,0.371075697,20048.0,988.0
0.8035957042423533,0.0,0.461957076,0.36253733,20048.0,988.0
0.8057737316757514,0.0,0.4530922885,0.349346171,20048.0,988.0
0.8353221121540471,0.0,0.44175005,0.362588308,20048.0,988.0
0.8923759201401421,0.0,0.43588779,0.382018451,20048.0,988.0
0.944472514867554,0.004181474,0.432634242,0.37226248,20048.0,988.0
0.9706133858378737,0.218264601,0.427578992,0.354405577,20048.0,988.0
0.9654631699478718,0.413246168,0.421082354,0.349771488,20048.0,988.0
0.962732353657558,0.571996267,0.404833507,0.344541894,20048.0,988.0
0.9620288726979234,0.694047259,0.371767353,0.302386107,20048.0,988.0
0.9567056263648193,0.736722599,0.384692358,0.293105367,20048.0,988.0
0.9553401231593697,0.759761487,0.386602383,0.311567168,20048.0,988.0
0.9527707892469651,0.72490256,0.373659015,0.32099135,20048.0,988.0
0.9528733963742819,0.64798792,0.366194797,0.3083812,20048.0,988.0
0.9578458486884355,0.5275135,0.355600402,0.286334858,20048.0,988.0
0.9724616325474911,0.362145856,0.340231563,0.280917108,20048.0,988.0
0.9789091990048252,0.181658649,0.343876099,0.285634314,20048.0,988.0
0.9809861342696026,0.002175554,0.355179721,0.312071349,20048.0,988.0
0.9760973573801937,0.0,0.361677501,0.338765676,20048.0,988.0
0.9516362465169619,0.0,0.361484027,0.379313664,20048.0,988.0
0.9202417957748363,0.0,0.364953946,0.44499613,20048.0,988.0
0.8870793664887177,0.0,0.385420246,0.52935607,20048.0,988.0
0.8159825363100082,0.0,0.383913662,0.581287364,20048.0,988.0
0.8089390176168634,0.0,0.374363196,0.616652801,20048.0,988.0
0.8036754045314574,0.0,0.366404591,0.658477311,20048.0,988.0
0.8026734265897862,0.0,0.3613772085,0.6956997615,20048.0,988.0
0.8077730490724344,0.0,0.356232412,0.711952216,20048.0,988.0
0.8001638677906584,0.0,0.341826043,0.712380818,20048.0,988.0
0.8253574246296969,0.002599582,0.330022547,0.7179422,20048.0,988.0
0.8588413043342473,0.123185038,0.321876378,0.721622608,20048.0,988.0
0.8799500897427153,0.26262098,0.306033148,0.718105474,20048.0,988.0
0.8870772842748108,0.430496252,0.301184384,0.709162427,20048.0,988.0
0.8895138162659086,0.542689021,0.297442063,0.709631938,20048.0,988.0
0.8870208694082657,0.606789711,0.312467615,0.701034228,20048.0,988.0
0.8821837746668618,0.622510208,0.320129391,0.698415687,20048.0,988.0
0.8808226260098115,0.59603324,0.329916982,0.706359324,20048.0,988.0
0.8813810942532371,0.507896414,0.339368995,0.714554288,20048.0,988.0
0.8905145161747553,0.422205866,0.349469172,0.725483754,20048.0,988.0
0.907934285411939,0.299835681,0.357204713,0.735776447,20048.0,988.0
0.9145043363316164,0.161174225,0.371968355,0.743172148,20048.0,988.0
0.9167836452258087,0.002781186,0.387327243,0.746563838,20048.0,988.0
0.9161424476042992,0.0,0.402421971,0.749354313,20048.0,988.0
0.9073513955787081,0.0,0.408345961,0.754886513,20048.0,988.0
0.8876624456141219,0.0,0.409894908,0.759937553,20048.0,988.0
0.8620418969935448,0.0,0.438706754,0.777410645,20048.0,988.0
0.8198043539883927,0.0,0.440536779,0.766159534,20048.0,988.0
0.8141081643810251,0.0,0.447522919,0.767562712,20048.0,988.0
0.8088678367181784,0.0,0.452779226,0.780043621,20048.0,988.0
0.8085515918345139,0.0,0.4600670685,0.7918455074999999,20048.0,988.0
0.8137375872589285,0.0,0.473710772,0.7988751624999999,20048.0,988.0
0.8330155427016551,0.005028925,0.497280067,0.796865342,20048.0,988.0
0.8622667044378419,0.154709367,0.512275687,0.791736476,20048.0,988.0
0.8806889720666219,0.286260433,0.516118371,0.80393737,20048.0,988.0
0.8862900330372416,0.389374876,0.519839178,0.808904401,20048.0,988.0
0.8848099020301581,0.467001892,0.512922932,0.804842297,20048.0,988.0
0.8802141792479412,0.512448165,0.510539911,0.803175969,20048.0,988.0
0.8733020425776997,0.528848825,0.518936418,0.797914849,20048.0,988.0
0.8707931935206706,0.515577148,0.534888636,0.805548894,20048.0,988.0
0.8675753736167733,0.474807618,0.558075314,0.810623712,20048.0,988.0
0.8764887208125344,0.366592126,0.590934506,0.826399829,20048.0,988.0
0.8994442385932329,0.24955224,0.60881335,0.831815084,20048.0,988.0
0.9079535952846516,0.123038715,0.627988724,0.851500179,20048.0,988.0
0.9119668068179843,0.002747107,0.634654636,0.8590749,20048.0,988.0
0.9087916766483425,0.0,0.642110052,0.868884417,20048.0,988.0
0.897812942252997,0.0,0.645137881,0.87711899,20048.0,988.0
0.8788730027791072,0.0,0.647648408,0.882372742,20048.0,988.0
0.8547834152917358,0.0,0.682103627,0.897996131,20048.0,988.0
0.8140203241142605,0.0,0.657239065,0.894005137,20048.0,988.0
0.8073364970006262,0.0,0.643389505,0.888199421,20048.0,988.0
0.800356019021403,0.0,0.6331845899999999,0.8882663120000001,20048.0,988.0
0.8004095938840387,0.0,0.626082395,0.869138267,20048.0,988.0
0.8267039961325745,0.0,0.632277835,0.868446333,20048.0,988.0
0.8797280276562409,0.0,0.64929634,0.905685573,20048.0,988.0
0.9255434607291474,0.006782962,0.66602893,0.907788958,20048.0,988.0
0.9494213035890077,0.076664228,0.673802257,0.911192325,20048.0,988.0
0.9429846224671568,0.148340682,0.666135064,0.909761936,20048.0,988.0
0.9359991274169276,0.247636506,0.635864242,0.906042421,20048.0,988.0
0.9304390525510032,0.361891893,0.599111607,0.879871338,20048.0,988.0
0.9299102112250474,0.443802072,0.637622414,0.863041375,20048.0,988.0
0.9250441518816777,0.50498281,0.690484308,0.876999187,20048.0,988.0
0.9243237278228065,0.542754341,0.708230746,0.87806131,20048.0,988.0
0.9241581746276547,0.492739353,0.706859217,0.885539318,20048.0,988.0
0.9317053563024625,0.405773186,0.691965407,0.888771149,20048.0,988.0
0.9434958575499601,0.27151208,0.699023942,0.886623729,20048.0,988.0
0.9476089308527867,0.14187869,0.676649859,0.883290143,20048.0,988.0
0.9488202396361043,0.0040899,0.654142034,0.87731108,20048.0,988.0
0.9435556800898316,0.0,0.629699173,0.862402478,20048.0,988.0
0.9235449951472444,0.0,0.598894609,0.832907985,20048.0,988.0
0.9000450179865672,0.0,0.565985289,0.791063295,20048.0,988.0
0.873706411666389,0.0,0.572568191,0.698204736,20048.0,988.0
0.8088684045946984,0.0,0.5178676,0.624385056,20048.0,988.0
0.8018235604421341,0.0,0.475289901,0.559768393,20048.0,988.0
0.7987548232432762,0.0,0.444016028,0.519492419,20048.0,988.0
0.7984020414494025,0.0,0.408893858,0.433072438,20048.0,988.0
0.800193210976971,0.0,0.370258352,0.317680821,20048.0,988.0
0.8273288185313674,0.0,0.326285381,0.205889146,20048.0,988.0
0.8825694017593585,0.0,0.291921522,0.135327378,20048.0,988.0
0.9295316832103608,0.012520453,0.265475967,0.119062769,20048.0,988.0
0.9515561676435109,0.131970825,0.236117529,0.121092371,20048.0,988.0
0.9431643734037223,0.216203262,0.189350082,0.147540547,20048.0,988.0
0.9343605431209144,0.311411894,0.176548303,0.252528054,20048.0,988.0
0.9310441864927368,0.369298049,0.225624838,0.478387555,20048.0,988.0
0.9298504835383655,0.425321991,0.267538481,0.692114936,20048.0,988.0
0.9240987310863361,0.411092323,0.320156143,0.782398322,20048.0,988.0
0.9234746662704426,0.350730116,0.359766994,0.824606172,20048.0,988.0
0.9232276147176429,0.306256713,0.400678401,0.857253924,20048.0,988.0
0.9282974680030367,0.226633628,0.423515887,0.865913658,20048.0,988.0
0.9429270718475715,0.138664944,0.441943145,0.860651726,20048.0,988.0
0.9466437271614022,0.067543728,0.467331103,0.849840333,20048.0,988.0
0.9485049418346158,0.003148396,0.489798094,0.839513762,20048.0,988.0
0.9431134488386167,0.0,0.499947303,0.828536183,20048.0,988.0
0.9224230413822845,0.0,0.492290649,0.81538814,20048.0,988.0
0.8977332423780989,0.0,0.478084193,0.801529923,20048.0,988.0
0.8679628940452094,0.0,0.492094621,0.794532122,20048.0,988.0
0.8034609145461236,0.0,0.474230838,0.772277863,20048.0,988.0
0.7961815137810252,0.0,0.471129574,0.778284191,20048.0,988.0
0.7895266512693568,0.0,0.471315009,0.798604235,20048.0,988.0
0.7884848708168315,0.0,0.477324227,0.816977875,20048.0,988.0
0.7903228949206754,0.0,0.476668539,0.817914869,20048.0,988.0
0.8158990501774368,0.0,0.46919691,0.791750862,20048.0,988.0
0.8712226465146689,0.0,0.45859229,0.725165392,20048.0,988.0
0.9172133819509638,0.007165375,0.443402773,0.680278412,20048.0,988.0
0.939836090126005,0.079282434,0.434597676,0.643625248,20048.0,988.0
0.9321137957941881,0.138879094,0.414675012,0.600170662,20048.0,988.0
0.9292467699092413,0.163352361,0.397676529,0.582870596,20048.0,988.0
0.9296088278480217,0.220515499,0.423848334,0.642963438,20048.0,988.0
0.9288355854738992,0.224468079,0.467199285,0.712943959,20048.0,988.0
0.9285862624150192,0.20487238,0.491123869,0.70497569,20048.0,988.0
0.9277725073737378,0.176663031,0.480749422,0.67264362,20048.0,988.0
0.9288612372557283,0.145083106,0.437458407,0.642283858,20048.0,988.0
0.9340993878514784,0.104620278,0.420551937,0.605060282,20048.0,988.0
0.9456572254081757,0.069259129,0.390944504,0.565181685,20048.0,988.0
0.9494292546887008,0.028631245,0.35318053,0.551023678,20048.0,988.0
0.9485466851080044,0.002385092,0.316300847,0.566293632,20048.0,988.0
0.937734544807661,0.0,0.279040067,0.604063963,20048.0,988.0
0.9133413964619611,0.0,0.251737845,0.648768637,20048.0,988.0
0.8846613872016388,0.0,0.247896668,0.70604027,20048.0,988.0
0.8580623827807181,0.0,0.27394007,0.739601713,20048.0,988.0
0.8004442380796174,0.0,0.276898285,0.738911822,20048.0,988.0
0.7922499898975139,0.0,0.283824318,0.700055089,20048.0,988.0
0.7925178656604132,0.0,0.285757181,0.669622562,20048.0,988.0
0.7915839452965666,0.0,0.30566963,0.656849481,20048.0,988.0
0.7951923619373716,0.0,0.324328097,0.639492386,20048.0,988.0
0.8197076161610682,0.0,0.328925522,0.581395029,20048.0,988.0
0.8744799377716684,0.0,0.303036423,0.482577964,20048.0,988.0
0.9212694725107254,0.024100723,0.259288875,0.408814807,20048.0,988.0
0.9428992429986458,0.142624072,0.233047026,0.328905363,20048.0,988.0
0.9336323568403174,0.249188405,0.213210948,0.268263519,20048.0,988.0
0.9301963555466027,0.367454119,0.195889293,0.240794288,20048.0,988.0
0.929621416813065,0.483222908,0.218102922,0.245590243,20048.0,988.0
0.9273258271351399,0.556135622,0.238302455,0.238663037,20048.0,988.0
0.9233468807988331,0.577324847,0.227418129,0.221181319,20048.0,988.0
0.9213964059604518,0.55522599,0.203336555,0.213446979,20048.0,988.0
0.9215410396781082,0.506435455,0.170811653,0.1956839,20048.0,988.0
0.9252962202983804,0.393758236,0.122253609,0.177149899,20048.0,988.0
0.9381193202924805,0.265354721,0.09853902,0.161402905,20048.0,988.0
0.9460063157975659,0.121014911,0.086360045,0.139974569,20048.0,988.0
0.9480373425327286,0.00490844,0.073796786,0.125332665,20048.0,988.0
0.9382135024683615,0.0,0.068454664,0.12075628,20048.0,988.0
0.9158262977809274,0.0,0.068344182,0.126532822,20048.0,988.0
0.8927181947686734,0.0,0.078088077,0.139332331,20048.0,988.0
0.8661879108623901,0.0,0.10831272,0.174479227,20048.0,988.0
0.8061424154619082,0.0,0.120077533,0.202045888,20048.0,988.0
0.7991076998903398,0.0,0.135183637,0.230938419,20048.0,988.0
0.7934470294888708,0.0,0.1768312205,0.28859226250000003,20048.0,988.0
0.7938296989429345,0.0,0.214112337,0.330777891,20048.0,988.0
0.8168950169535373,0.0,0.238060787,0.365331366,20048.0,988.0
0.8707366842151418,0.0,0.261069277,0.41047028,20048.0,988.0
0.9141399120335659,0.018379044,0.286809424,0.448906786,20048.0,988.0
0.9369347041908426,0.074988783,0.304198301,0.473758195,20048.0,988.0
0.9321137957941881,0.1362688,0.317257677,0.493718321,20048.0,988.0
0.9298909962055244,0.200580638,0.337390002,0.494809814,20048.0,988.0
0.9295095339550477,0.300967087,0.33627143,0.484395842,20048.0,988.0
0.927802891874107,0.345004701,0.371213417,0.480602041,20048.0,988.0
0.9245879117670162,0.349855906,0.394296978,0.476957162,20048.0,988.0
0.9235767051070332,0.299037087,0.434710852,0.50914171,20048.0,988.0
0.9232276147176429,0.257134584,0.47172119,0.520073433,20048.0,988.0
0.9272319286904157,0.183972223,0.500825944,0.514209844,20048.0,988.0
0.939729697155221,0.112497313,0.522318843,0.538484039,20048.0,988.0
0.9439095027835559,0.056501652,0.53851003,0.543719873,20048.0,988.0
0.9427316075895873,0.004367138,0.556106015,0.520144252,20048.0,988.0
0.9319971798034247,0.0,0.56057744,0.499703085,20048.0,988.0
0.9083666726417272,0.0,0.559653677,0.468234466,20048.0,988.0
0.8777347682304144,0.0,0.555496911,0.421074657,20048.0,988.0
0.8440645111206128,0.0,0.55091323,0.387298087,20048.0,988.0
0.7903665787494956,0.0,0.550103699,0.419896812,20048.0,988.0
0.7807930554243672,0.0,0.542681074,0.474666208,20048.0,988.0
0.7731677830652379,0.0,0.531986575,0.481348458,20048.0,988.0
0.7713325039050104,0.0,0.51522407,0.46103507,20048.0,988.0
0.7722382168355846,0.0,0.495772575,0.452265044,20048.0,988.0
0.7741182207244826,0.0,0.478626701,0.435769231,20048.0,988.0
0.7624714067337746,0.0,0.464784138,0.401390114,20048.0,988.0
0.7861602220979567,0.024125819,0.448408002,0.365370971,20048.0,988.0
0.8208344919367415,0.102098545,0.423599755,0.337872466,20048.0,988.0
0.8395593739629833,0.217413615,0.403220782,0.329937293,20048.0,988.0
0.848607226709611,0.341025443,0.399841154,0.330233836,20048.0,988.0
0.8465489390020428,0.480876145,0.414159841,0.365405117,20048.0,988.0
0.8426342637787844,0.562380083,0.45074717,0.395295586,20048.0,988.0
0.8395898529023361,0.567688486,0.478082628,0.458653051,20048.0,988.0
0.8404591707882793,0.555661964,0.482101984,0.505101145,20048.0,988.0
0.8404047436966576,0.495936467,0.467208152,0.570246237,20048.0,988.0
0.8479367803407727,0.382212872,0.475021005,0.619168736,20048.0,988.0
0.8692577838142881,0.252918555,0.489734761,0.649813814,20048.0,988.0
0.8756284897793244,0.13588475,0.487067847,0.690613514,20048.0,988.0
0.8823240542503249,0.008782834,0.473552409,0.71187542,20048.0,988.0
0.8798885635732835,0.0,0.458109787,0.704902583,20048.0,988.0
0.872149325728024,0.0,0.451263256,0.693942272,20048.0,988.0
0.8520501377889623,0.0,0.433785758,0.70232482,20048.0,988.0
0.8298889707378488,0.0,0.433730812,0.700546811,20048.0,988.0
0.7952740500013991,0.0,0.396414302,0.694640212,20048.0,988.0
0.7879617563039804,0.0,0.364165543,0.704448669,20048.0,988.0
0.7798338146435463,0.0,0.351590622,0.74207251,20048.0,988.0
0.78224389046463,0.0,0.3276760605,0.8197760945,20048.0,988.0
0.7759926398729574,0.0,0.302341904,0.830829021,20048.0,988.0
0.8029049071009516,0.0,0.288965135,0.809165783,20048.0,988.0
0.8367849210633412,0.038447381,0.261883844,0.777774006,20048.0,988.0
0.8509531730761217,0.20806405,0.231785798,0.75569853,20048.0,988.0
0.858917596950025,0.336240801,0.202386459,0.744092725,20048.0,988.0
0.8531710506540718,0.45482506,0.201647663,0.739676407,20048.0,988.0
0.846825333326949,0.549076056,0.251793297,0.708643628,20048.0,988.0
0.8396466463532278,0.602683132,0.275291102,0.700544514,20048.0,988.0
0.8403701943542685,0.598891556,0.286284989,0.668880014,20048.0,988.0
0.8399094108132403,0.561747133,0.29168266,0.626690211,20048.0,988.0
0.8456682623430799,0.519921559,0.297792743,0.600932422,20048.0,988.0
0.86334256079522,0.420895599,0.280978728,0.604581615,20048.0,988.0
0.8704093649109238,0.297491665,0.265730005,0.571411627,20048.0,988.0
0.8750739970857454,0.174731755,0.263990094,0.546649351,20048.0,988.0
0.8798885635732835,0.013376664,0.244938119,0.523236512,20048.0,988.0
0.8736676026287903,0.0,0.235622809,0.496602588,20048.0,988.0
0.854041315000882,0.0,0.23226935,0.467850109,20048.0,988.0
0.8318116167273044,0.0,0.22155325,0.436818612,20048.0,988.0
0.7985257565179756,0.0,0.220465045,0.359630662,20048.0,988.0
0.7930292904495959,0.0,0.198241245,0.322692756,20048.0,988.0
0.7855527456138021,0.0,0.200109661,0.29705994199999997,20048.0,988.0
0.7903591483068308,0.0,0.2055449,0.306836022,20048.0,988.0
0.8158990501774368,0.0,0.202649223,0.313757218,20048.0,988.0
0.8709761632525953,0.0,0.192577992,0.309830602,20048.0,988.0
0.917652016236679,0.0,0.183948086,0.3054557,20048.0,988.0
0.9479804546428532,0.052855427,0.174674328,0.291239651,20048.0,988.0
0.9424443275149916,0.1855109,0.165234602,0.279968973,20048.0,988.0
0.9403225258630684,0.304614425,0.160662461,0.27675081,20048.0,988.0
0.9345389690122664,0.451964208,0.164090487,0.272290036,20048.0,988.0
0.9313877865806877,0.59006391,0.16573978,0.24637163,20048.0,988.0
0.9292113685449691,0.628715762,0.15792544,0.235720777,20048.0,988.0
0.9277725073737378,0.641742062,0.17062305,0.250683335,20048.0,988.0
0.9262731613471312,0.606865866,0.18793472,0.28058324,20048.0,988.0
0.9319512716880161,0.536446371,0.188418929,0.311161298,20048.0,988.0
0.9434958575499601,0.433715073,0.184475905,0.331235691,20048.0,988.0
0.9457183729932607,0.319990092,0.177396827,0.345790576,20048.0,988.0
0.9456685841811951,0.181883195,0.1814536,0.352967264,20048.0,988.0
0.9431134488386167,0.015778647,0.18673641,0.339867491,20048.0,988.0
0.9239500269656434,0.0,0.181438769,0.318306632,20048.0,988.0
0.9012921067185036,0.0,0.178449161,0.307023939,20048.0,988.0
0.8763087801695896,0.0,0.172412161,0.300245577,20048.0,988.0
0.8085479002229273,0.0,0.213512741,0.369441618,20048.0,988.0
0.8046239488547625,0.0,0.197833979,0.353495379,20048.0,988.0
0.7991891033947982,0.0,0.18911136,0.32701619,20048.0,988.0
0.7983638007025299,0.0,0.186256509,0.299136983,20048.0,988.0
0.8003466478162037,0.0,0.186827018,0.277467864,20048.0,988.0
0.8277255202515205,0.0,0.20139751,0.274525303,20048.0,988.0
0.8837893243720789,0.0,0.216802295,0.275254239,20048.0,988.0
0.9318814158345445,0.0,0.224185418,0.273406822,20048.0,988.0
0.9579650199164361,0.057436679,0.223833945,0.264398697,20048.0,988.0
0.9515543691607609,0.213219478,0.224392179,0.2547283,20048.0,988.0
0.9508684940300727,0.356144911,0.222876471,0.239811367,20048.0,988.0
0.949611182692363,0.497990233,0.223350276,0.231980774,20048.0,988.0
0.9452835249652186,0.644549767,0.232726804,0.22810863,20048.0,988.0
0.940930026164072,0.708231646,0.246744433,0.222210754,20048.0,988.0
0.9369318648082422,0.757595548,0.257135719,0.221184871,20048.0,988.0
0.9346285133227973,0.749370384,0.266099135,0.23195107,20048.0,988.0
0.9360623576301256,0.686116037,0.260330209,0.250102586,20048.0,988.0
0.946754852850726,0.582524574,0.243963465,0.246870027,20048.0,988.0
0.9509971311093594,0.439589823,0.232248698,0.234219347,20048.0,988.0
0.9570492264527701,0.266089034,0.22554229,0.22499191,20048.0,988.0
0.9596558546511803,0.038188269,0.224158185,0.211257691,20048.0,988.0
0.9402005148382614,0.0,0.216162178,0.188587327,20048.0,988.0
0.9135804969150677,0.0,0.209216347,0.187694848,20048.0,988.0
0.8849468687934845,0.0,0.207027859,0.181037045,20048.0,988.0
0.8158054354638696,0.0,0.233574487,0.173753284,20048.0,988.0
0.809824805578713,0.0,0.224010906,0.161362454,20048.0,988.0
0.8045312337967763,0.0,0.2157869395,0.14707208900000002,20048.0,988.0
0.8069801182412525,0.0,0.210741601,0.139939925,20048.0,988.0
0.8335390830183448,0.0,0.206692668,0.128412655,20048.0,988.0
0.8890654319835446,0.0,0.204101236,0.118206433,20048.0,988.0
0.9406020441301441,0.001267899,0.203939644,0.11243893,20048.0,988.0
0.9688237306476918,0.066850363,0.20409162,0.106221442,20048.0,988.0
0.9624701574882716,0.272738737,0.205061524,0.106463248,20048.0,988.0
0.9557596372787516,0.443656732,0.19364166,0.101855475,20048.0,988.0
0.9524017270835646,0.60166214,0.196533517,0.098492485,20048.0,988.0
0.9437891009493254,0.718315708,0.188947223,0.097085736,20048.0,988.0
0.9373307435954918,0.808794287,0.216722523,0.105342921,20048.0,988.0
0.9343584604928015,0.835153774,0.231239509,0.114445054,20048.0,988.0
0.9333792475237643,0.802650396,0.244530196,0.128873686,20048.0,988.0
0.9360740949874918,0.727603467,0.255941201,0.15112707,20048.0,988.0
0.9469131172616883,0.608878903,0.266581121,0.173480121,20048.0,988.0
0.9522988362250908,0.4494266,0.279790012,0.197528787,20048.0,988.0
0.9593874110117612,0.276923683,0.298631522,0.209646703,20048.0,988.0
0.9604482171916362,0.045271192,0.305540435,0.212234888,20048.0,988.0
0.9397774037533796,0.0,0.301181617,0.198140467,20048.0,988.0
0.9116758353389053,0.0,0.297374562,0.183757242,20048.0,988.0
0.8843424920204443,0.0,0.293984922,0.171246365,20048.0,988.0
0.8145248387036006,0.0,0.320880976,0.177087717,20048.0,988.0
0.8081372840783114,0.0,0.311645448,0.174664581,20048.0,988.0
0.8025022416418227,0.0,0.316009549,0.175947631,20048.0,988.0
0.8043053852455259,0.0,0.3130440285,0.165208853,20048.0,988.0
0.8323172674838909,0.0,0.304377312,0.151244503,20048.0,988.0
0.8866120513321936,0.0,0.293057488,0.14494486,20048.0,988.0
0.9376222833652971,0.002809497,0.290254404,0.139959897,20048.0,988.0
0.9657226211735416,0.098986682,0.277417152,0.128376808,20048.0,988.0
0.959389777371031,0.296239857,0.26093961,0.112771272,20048.0,988.0
0.9513628808668292,0.477101021,0.229247103,0.095244051,20048.0,988.0
0.9470316261741852,0.633495938,0.218663123,0.088186295,20048.0,988.0
0.9402897750034291,0.745920461,0.195054977,0.082862126,20048.0,988.0
0.9348163102122455,0.823706992,0.211215973,0.089547691,20048.0,988.0
0.9306183304642384,0.847154261,0.214118478,0.092772499,20048.0,988.0
0.929762643271601,0.81431959,0.203348643,0.100429202,20048.0,988.0
0.9334092534397866,0.737818801,0.18842169,0.110411207,20048.0,988.0
0.9434931126063435,0.612980363,0.163599492,0.122571835,20048.0,988.0
0.9469773883747368,0.455615992,0.147024901,0.136470309,20048.0,988.0
0.9472357038473662,0.273157828,0.137442492,0.145302924,20048.0,988.0
0.9582372498135285,0.053845851,0.12711485,0.146640953,20048.0,988.0
0.9374189628608093,0.0,0.114116687,0.135034408,20048.0,988.0
0.9114248082362589,0.0,0.104811844,0.118982072,20048.0,988.0
0.8820315684338591,0.0,0.099981857,0.097945634,20048.0,988.0
0.813897555506554,0.0,0.108118131,0.089793614,20048.0,988.0
0.8074877567727621,0.0,0.103610882,0.073926805,20048.0,988.0
0.8016440932367257,0.0,0.100918156,0.058809414,20048.0,988.0
0.8026331506413956,0.0,0.10087045850000001,0.053264998,20048.0,988.0
0.8306855929735143,0.0,0.107574306,0.060398587,20048.0,988.0
0.8843203427651313,0.0,0.114115366,0.068838296,20048.0,988.0
0.9363599551636841,0.001918131,0.117004471,0.074639021,20048.0,988.0
0.9633409897116016,0.104633288,0.119868363,0.084750283,20048.0,988.0
0.9599606457015325,0.299238917,0.114799785,0.098798169,20048.0,988.0
0.951127188087049,0.469809293,0.104424689,0.111985268,20048.0,988.0
0.9465770892748777,0.617964644,0.100811123,0.127215697,20048.0,988.0
0.9379278315843427,0.731379697,0.105915103,0.150399022,20048.0,988.0
0.9348163102122455,0.795460242,0.120979823,0.156051469,20048.0,988.0
0.9308381210446324,0.81481525,0.131981955,0.166282127,20048.0,988.0
0.9294550120102363,0.798189709,0.139556863,0.168523498,20048.0,988.0
0.9334430456134823,0.727285969,0.144026103,0.163175717,20048.0,988.0
0.9437173517599143,0.605864793,0.147590514,0.15699813,20048.0,988.0
0.9466437271614022,0.460352776,0.139802626,0.142612427,20048.0,988.0
0.9456685841811951,0.286851268,0.135641774,0.129346602,20048.0,988.0
0.9535986480048829,0.070750813,0.130896061,0.116576374,20048.0,988.0
0.9358022436747461,0.0,0.129967361,0.109213394,20048.0,988.0
0.9114027534199297,0.0,0.125258796,0.100347365,20048.0,988.0
0.8832979666243022,0.0,0.115280393,0.087221802,20048.0,988.0
0.8106453755524411,0.0,0.118726699,0.094722279,20048.0,988.0
0.8037043691334234,0.0,0.118478625,0.106755531,20048.0,988.0
0.7967703669390259,0.0,0.1120872355,0.11527615299999999,20048.0,988.0
0.7972773427408257,0.0,0.106954482,0.122569552,20048.0,988.0
0.8022242381263398,0.0,0.10566249,0.134257148,20048.0,988.0
0.7946564215336059,0.0,0.105525642,0.154659621,20048.0,988.0
0.8190987908148513,0.00465116,0.106448726,0.180879842,20048.0,988.0
0.8530394789247893,0.122142808,0.105090834,0.205453097,20048.0,988.0
0.871644432140131,0.303152357,0.098290106,0.225571763,20048.0,988.0
0.8772646132770838,0.477216273,0.08520091,0.230840765,20048.0,988.0
0.8753219946852059,0.619793167,0.078837756,0.230499358,20048.0,988.0
0.8673742305935882,0.728898603,0.063662312,0.201433532,20048.0,988.0
0.8627271098087295,0.791934486,0.06734324,0.214123946,20048.0,988.0
0.8594506031180007,0.819255375,0.066989862,0.204122238,20048.0,988.0
0.8592045928792575,0.797670435,0.065876584,0.18043957,20048.0,988.0
0.8654288666438874,0.711187192,0.066264695,0.148271396,20048.0,988.0
0.882289789053299,0.575608205,0.065180632,0.125134291,20048.0,988.0
0.8852808141521821,0.435956103,0.070422566,0.118469847,20048.0,988.0
0.8877893790638481,0.274391136,0.074759119,0.117445668,20048.0,988.0
0.8932030213151603,0.073721638,0.075159097,0.120391966,20048.0,988.0
0.8930625524395238,0.0,0.076742056,0.131736129,20048.0,988.0
0.8749009662284372,0.0,0.078245888,0.147692536,20048.0,988.0
0.8540260751169996,0.0,0.080962442,0.166806192,20048.0,988.0
0.7642160058304309,0.0,0.11654955,0.252566123,20048.0,988.0
0.7551236172330997,0.0,0.126218677,0.263609633,20048.0,988.0
0.7486022665919395,0.0,0.134750194,0.285663353,16411.0,809.0
0.7469755140922762,0.0,0.141376483,0.303352695,16411.0,809.0
0.7463038375314139,0.0,0.143640068,0.314367645,16411.0,809.0
0.7495128543137349,0.0,0.144707294,0.317638575,16411.0,809.0
0.7477621974533252,0.0,0.154185174,0.327886178,16411.0,809.0
0.7580336642171569,0.007185007,0.160669104,0.340411106,16411.0,809.0
0.7803739203035381,0.13013854,0.155002017,0.364185855,16411.0,809.0
0.7988301693981873,0.318830907,0.139913659,0.364855602,16411.0,809.0
0.8145095043807344,0.470138467,0.114864114,0.343877578,16411.0,809.0
0.8160031712279342,0.605638173,0.097767348,0.310022865,16411.0,809.0
0.8089396803465732,0.730398261,0.085034833,0.247700146,16411.0,809.0
0.8054041958677112,0.786022455,0.086885648,0.248321355,16411.0,809.0
0.8033485582505698,0.805829514,0.08846762,0.2467848,16411.0,809.0
0.8025435118918811,0.757783921,0.087872954,0.233750596,16411.0,809.0
0.8061845373196437,0.67205759,0.089820543,0.21497687,16411.0,809.0
0.8145056236840776,0.539380433,0.098788438,0.20659479,16411.0,809.0
0.8182769902348931,0.410221203,0.107508273,0.165718399,16411.0,809.0
0.8193267217871115,0.258456524,0.118595931,0.132528973,16411.0,809.0
0.8205400183453525,0.088821165,0.121004378,0.12015117,16411.0,809.0
0.8136257990469979,0.0,0.121865692,0.112581016,16411.0,809.0
0.7896945231900806,0.0,0.122728026,0.104421448,16411.0,809.0
0.770499912428553,0.0,0.118027574,0.090916902,16411.0,809.0
0.7697620241992108,0.0,0.156522406,0.073041021,16411.0,809.0
0.761611649138101,0.0,0.147810819,0.069728414,16411.0,809.0
0.75616251087643,0.0,0.13852545100000002,0.08217613,16411.0,809.0
0.7555068307468346,0.0,0.132778864,0.095832798,16411.0,809.0
0.7773465473795161,0.0,0.122656706,0.097684951,16411.0,809.0
0.8365186549052245,0.0,0.116715955,0.102392568,16411.0,809.0
0.8683099018064869,0.00802727,0.107117367,0.095929863,16411.0,809.0
0.8471452698222,0.153094626,0.103661019,0.098235938,16411.0,809.0
0.8466517350073267,0.336419043,0.090899342,0.104373278,16411.0,809.0
0.8515482732900492,0.502034722,0.065612002,0.111547694,16411.0,809.0
0.8472903769773928,0.658159346,0.04746733,0.111567748,16411.0,809.0
0.8414967863987848,0.78260586,0.044919201,0.063196193,16411.0,809.0
0.8380857741571897,0.855541895,0.042625278,0.040867018,16411.0,809.0
0.8353385822299533,0.839224423,0.041738364,0.030340955,16411.0,809.0
0.8335074683259518,0.79665442,0.049375791,0.031866539,16411.0,809.0
0.8335563102629444,0.707829859,0.058647659,0.038922026,16411.0,809.0
0.8373974382282477,0.585610678,0.064682126,0.043534957,16411.0,809.0
0.838433349794987,0.431797187,0.06078867,0.051095323,16411.0,809.0
0.8401899699801666,0.274519302,0.060194928,0.054672255,16411.0,809.0
0.8321696046772545,0.090324379,0.058981481,0.053658018,16411.0,809.0
0.8334995172262587,0.0,0.059635424,0.044303746,16411.0,809.0
0.823985485076147,0.0,0.056824701,0.034884532,16411.0,809.0
0.7977378425506968,0.0,0.055529702,0.030597089,16411.0,809.0
0.7695422808383087,0.0,0.076935209,0.034805263,16411.0,809.0
0.760169759292096,0.0,0.083092739,0.036045144,16411.0,809.0
0.7551573621873036,0.0,0.08605388,0.039252895,16411.0,809.0
0.753839707652694,0.0,0.094340847,0.048790637,16411.0,809.0
0.7548190154749209,0.0,0.106402353,0.057892696,16411.0,809.0
0.7770599300346305,0.0,0.119864496,0.065196632,16411.0,809.0
0.8372111556761862,0.0,0.132792636,0.069440031,16411.0,809.0
0.8673800042119787,0.008922761,0.148993651,0.075043754,16411.0,809.0
0.8471941121733987,0.095143055,0.169620593,0.09208802,16411.0,809.0
0.8467371144758378,0.192884574,0.185226734,0.109689931,16411.0,809.0
0.8500498741385156,0.288667441,0.192666648,0.127013605,16411.0,809.0
0.8476663493406361,0.394605862,0.212510426,0.150747212,16411.0,809.0
0.845052905795573,0.467437851,0.23578566,0.194544507,16411.0,809.0
0.8421216087975778,0.498739342,0.274006198,0.188388583,16411.0,809.0
0.8401788953525101,0.479651575,0.295598061,0.151098301,16411.0,809.0
0.83969861223239,0.435205247,0.319720527,0.128552707,16411.0,809.0
0.841729260797412,0.353360578,0.324862611,0.118725844,16411.0,809.0
0.8449659171364854,0.264504757,0.334451095,0.130793308,16411.0,809.0
0.8461434337461072,0.165267565,0.353046871,0.167926975,16411.0,809.0
0.845698362698086,0.082005674,0.373009408,0.213121958,16411.0,809.0
0.8324891621739529,0.01607066,0.38451077,0.250428597,16411.0,809.0
0.8261599153369423,0.0,0.392140333,0.282013322,16411.0,809.0
0.8120138129936808,0.0,0.390226527,0.3115022,16411.0,809.0
0.7812982327434171,0.0,0.391145493,0.344667692,16411.0,809.0
0.7617152027262845,0.0,0.409245724,0.407053167,16411.0,809.0
0.7516257584050985,0.0,0.403195271,0.414192854,16411.0,809.0
0.7462274266598036,0.0,0.4080784825,0.434372959,16411.0,809.0
0.7457832310363084,0.0,0.422624228,0.480047805,16411.0,809.0
0.7677472306140832,0.0,0.427345255,0.518634382,16411.0,809.0
0.8269645835254903,0.0,0.423555754,0.531958087,16411.0,809.0
0.8566314731233858,0.007277583,0.418524977,0.549199381,16411.0,809.0
0.8374896326292056,0.039649837,0.419104826,0.563466965,16411.0,809.0
0.8362209625184763,0.084069699,0.419054044,0.558344557,16411.0,809.0
0.8376280192909352,0.142916477,0.409291878,0.559825367,16411.0,809.0
0.8368240138320969,0.234992867,0.394422405,0.54553866,16411.0,809.0
0.8355811847953699,0.319220716,0.347207513,0.537368642,16411.0,809.0
0.8351703793585806,0.426404469,0.373175952,0.511055549,16411.0,809.0
0.8339216814360676,0.468632118,0.407951769,0.46995137,16411.0,809.0
0.8319753714397062,0.47616402,0.424793419,0.420775745,16411.0,809.0
0.8306984660839207,0.4007265,0.405358306,0.376024248,16411.0,809.0
0.8332588075825755,0.329370304,0.356342951,0.360783577,16411.0,809.0
0.8328527348643263,0.246914286,0.307645964,0.37995876,16411.0,809.0
0.8362392310771324,0.1537881,0.300836315,0.417347889,16411.0,809.0
0.8241825581105019,0.057931691,0.299476977,0.464073856,16411.0,809.0
0.8178583281373943,0.0,0.270371937,0.497138335,16411.0,809.0
0.8058922403811452,0.0,0.239142268,0.499893241,16411.0,809.0
0.7763843723629053,0.0,0.219801027,0.522692457,16411.0,809.0
0.7608292726917535,0.0,0.201451622,0.502465628,16411.0,809.0
0.7513105078231016,0.0,0.203292253,0.493256472,16411.0,809.0
0.7452325246004026,0.0,0.204060696,0.462023182,16411.0,809.0
0.7439271280801875,0.0,0.199722412,0.422771499,16411.0,809.0
0.7450333217184428,0.0,0.196311947,0.417340456,16411.0,809.0
0.7678469975303874,0.0,0.192950359,0.439542864,16411.0,809.0
0.8267001154359176,0.0,0.189274169,0.435900103,16411.0,809.0
0.8593714711196226,0.006453492,0.189084003,0.420446251,16411.0,809.0
0.8400231865929911,0.046542207,0.186270695,0.371470612,16411.0,809.0
0.8378175198099437,0.096960758,0.185245776,0.317777827,16411.0,809.0
0.8403821210038082,0.150162281,0.189094416,0.272424906,16411.0,809.0
0.8389090894887405,0.19804325,0.207070731,0.259615303,16411.0,809.0
0.8368885690905083,0.243154646,0.198082838,0.228746308,16411.0,809.0
0.8352205467549928,0.273263012,0.233122217,0.231266101,16411.0,809.0
0.8350537633678173,0.251008872,0.272444002,0.23899456,16411.0,809.0
0.8340948067323596,0.267404996,0.304210743,0.289717072,16411.0,809.0
0.8351675395617743,0.227612495,0.325396474,0.36892702,16411.0,809.0
0.8383187219933531,0.198892931,0.337876279,0.41261142,16411.0,809.0
0.839378960296708,0.157908674,0.363029954,0.476425406,16411.0,809.0
0.8389173243195908,0.106121187,0.400788091,0.526926468,16411.0,809.0
0.8264913994831802,0.042016606,0.438077774,0.566219384,16411.0,809.0
0.8195421578191062,0.0,0.479670715,0.599575178,16411.0,809.0
0.806943296978577,0.0,0.522304611,0.639894251,16411.0,809.0
0.7775623151905718,0.0,0.55280277,0.661584864,16411.0,809.0
0.7614128724741859,0.0,0.597865726,0.690514253,16411.0,809.0
0.7519930701336531,0.0,0.604979432,0.654921171,16411.0,809.0
0.7468592771000657,0.0,0.613805344,0.617528665,16411.0,809.0
0.745458041579695,0.0,0.6177364009999999,0.5858179875,16411.0,809.0
0.766702705217941,0.0,0.595453167,0.546215797,16411.0,809.0
0.8262632792187464,0.0,0.581376391,0.509070812,16411.0,809.0
0.8594169057974949,0.005444091,0.571408724,0.47248697,16411.0,809.0
0.8389511164932864,0.082307684,0.548084576,0.434999187,16411.0,809.0
0.8366413286597413,0.194319961,0.489844981,0.42914009,16411.0,809.0
0.8357326338596793,0.351503094,0.48549609,0.486456837,16411.0,809.0
0.8321923222232938,0.511853256,0.518498019,0.585975764,16411.0,809.0
0.827773794726199,0.618689773,0.498231927,0.582663254,16411.0,809.0
0.8267846428825455,0.684307821,0.490513837,0.672273071,16411.0,809.0
0.824953244833181,0.703624088,0.488738181,0.720814854,16411.0,809.0
0.8240826019020243,0.682961491,0.458793442,0.705782167,16411.0,809.0
0.8240021444442266,0.597158431,0.403896989,0.68286799,16411.0,809.0
0.8276113654732169,0.511051552,0.349238448,0.688781285,16411.0,809.0
0.8282540778463193,0.361025132,0.309143703,0.674772405,16411.0,809.0
0.8288991561644856,0.221122738,0.269654086,0.677348304,16411.0,809.0
0.8235128693245629,0.071207028,0.249074742,0.643823537,16411.0,809.0
0.8178583281373943,0.0,0.250952658,0.603467062,16411.0,809.0
0.8050897496738996,0.0,0.264131338,0.551897241,16411.0,809.0
0.7772503297950137,0.0,0.273700812,0.509892183,16411.0,809.0
0.7517744153062994,0.0,0.268622662,0.45023535,16411.0,809.0
0.7414055003517355,0.0,0.295499472,0.491311582,16411.0,809.0
0.7355158346755127,0.0,0.314406217,0.574737954,16411.0,809.0
0.7322897795265595,0.0,0.341437921,0.606993246,16411.0,809.0
0.7304573401631386,0.0,0.357758047,0.619528173,16411.0,809.0
0.7322324654186395,0.0,0.361365623,0.623487995,16411.0,809.0
0.7279908971092077,0.0,0.371551879,0.623842487,16411.0,809.0
0.7432101112804367,0.01390536,0.377953461,0.633296455,16411.0,809.0
0.7670366505766386,0.050417397,0.37398126,0.632735303,16411.0,809.0
0.7868734526400344,0.099150694,0.348393379,0.608828812,16411.0,809.0
0.7974328622081713,0.154586434,0.331022729,0.565095054,16411.0,809.0
0.7948356994468411,0.229558906,0.338592154,0.522655106,16411.0,809.0
0.7902221339098066,0.326524388,0.351469948,0.489291058,16411.0,809.0
0.7873244870128255,0.381522796,0.347573197,0.43658661,16411.0,809.0
0.7842165621920223,0.405745316,0.349173422,0.421722787,16411.0,809.0
0.7829600080230058,0.385106159,0.339125962,0.379333308,16411.0,809.0
0.7843934265264955,0.362743474,0.312666377,0.330618104,16411.0,809.0
0.7932514473892599,0.259352131,0.28829492,0.292947281,16411.0,809.0
0.7979883962158068,0.18166893,0.270194239,0.272314735,16411.0,809.0
0.7971104649146666,0.108589701,0.239696967,0.249993103,16411.0,809.0
0.7954622254751941,0.044000635,0.204454614,0.237074907,16411.0,809.0
0.7859812755495765,0.0,0.162283763,0.223572947,16411.0,809.0
0.766443916307775,0.0,0.135531421,0.207179755,16411.0,809.0
0.7471596195772411,0.0,0.11275078,0.179637221,16411.0,809.0
0.7479682156819377,0.0,0.105246689,0.164682454,16411.0,809.0
0.7376078197035871,0.0,0.087656128,0.145201272,16411.0,809.0
0.7314564308814084,0.0,0.074410829,0.138499471,16411.0,809.0
0.7292945423661646,0.0,0.065440723,0.126514447,16411.0,809.0
0.730060165005449,0.0,0.0665523,0.113514258,16411.0,809.0
0.7315866771512716,0.0,0.068982207,0.109973939,16411.0,809.0
0.7271576429030404,0.0,0.080005473,0.113399193,16411.0,809.0
0.7396273936409526,0.026461452,0.094616094,0.123571392,16411.0,809.0
0.761456840034163,0.099206256,0.116863592,0.16389862,16411.0,809.0
0.7808661296589919,0.186464542,0.141795906,0.197429424,16411.0,809.0
0.7903868823025668,0.256123457,0.154014914,0.221314661,16411.0,809.0
0.7898712926713642,0.334851622,0.15858337,0.249308649,16411.0,809.0
0.7896766808494691,0.378088965,0.153002825,0.280941342,16411.0,809.0
0.7873080641564111,0.4056591,0.154859428,0.318413707,16411.0,809.0
0.7875982312473049,0.400397273,0.162814039,0.34463692,16411.0,809.0
0.7865535165589894,0.35185288,0.164949572,0.376199177,16411.0,809.0
0.7904941745147256,0.285590308,0.157096406,0.389094566,16411.0,809.0
0.8007232829091568,0.200632055,0.158207756,0.398648007,16411.0,809.0
0.8038035681732075,0.108003648,0.162098448,0.433544166,16411.0,809.0
0.8031045357867498,0.048841921,0.173068199,0.506444183,16411.0,809.0
0.7969413151682213,0.016917291,0.17740748,0.575295028,16411.0,809.0
0.7891855123938656,0.0,0.168389169,0.602443705,16411.0,809.0
0.766443916307775,0.0,0.167707532,0.613007936,16411.0,809.0
0.7451683479263378,0.0,0.179479651,0.620093372,16411.0,809.0
0.7574597667976756,0.0,0.191571206,0.620786865,16411.0,809.0
0.7477495136350921,0.0,0.191388916,0.64814813,16411.0,809.0
0.741739445710433,0.0,0.195186032,0.672559103,16411.0,809.0
0.7401381557004256,0.0,0.202190679,0.677750843,16411.0,809.0
0.7402128863451186,0.0,0.211399902,0.667521177,16411.0,809.0
0.7607764547907082,0.0,0.212304058,0.631594535,16411.0,809.0
0.8232702667591462,0.0,0.204010344,0.607653523,16411.0,809.0
0.8559564833281809,0.0172085,0.203885609,0.596860145,16411.0,809.0
0.837871473878235,0.070528367,0.200466361,0.572498247,16411.0,809.0
0.8355782505595799,0.13498764,0.197922054,0.529612288,16411.0,809.0
0.8350390917746612,0.209359454,0.211472825,0.47308782,16411.0,809.0
0.8326733620979013,0.293469433,0.23251542,0.41368489,16411.0,809.0
0.8308324986114569,0.380235069,0.268525933,0.391185968,16411.0,809.0
0.8300761997507771,0.433435906,0.281451804,0.363590543,16411.0,809.0
0.8296896257832077,0.476921411,0.287751321,0.350781704,16411.0,809.0
0.8287021775691144,0.472828376,0.270608787,0.339017492,16411.0,809.0
0.8294247791092882,0.41702278,0.246348091,0.331293982,16411.0,809.0
0.8316755019858613,0.352483348,0.21407378,0.332152573,16411.0,809.0
0.8327038414514601,0.27309391,0.184054142,0.325177656,16411.0,809.0
0.8322686144248654,0.175898394,0.169873,0.315605988,16411.0,809.0
0.8217368444134809,0.079082621,0.166854394,0.312040987,16411.0,809.0
0.8154887177639777,0.001471925,0.169488677,0.314830359,16411.0,809.0
0.8017998019962446,0.0,0.173938325,0.316785616,16411.0,809.0
0.7720205561027954,0.0,0.18182066,0.30786822,16411.0,809.0
0.7591984025695622,0.0,0.197514251,0.310397102,16411.0,809.0
0.7498840939584384,0.0,0.219647989,0.278004985,16411.0,809.0
0.7435909108012037,0.0,0.235938093,0.246179013,16411.0,809.0
0.7439390543155211,0.0,0.247671858,0.222309466,16411.0,809.0
0.7442237787386733,0.0,0.258791041,0.196251111,16411.0,809.0
0.7674537979225445,0.0,0.276620547,0.178426672,16411.0,809.0
0.8267995037678751,0.001311383,0.296906659,0.174547352,16411.0,809.0
0.8589310379369515,0.03553286,0.313770668,0.17719927,16411.0,809.0
0.8375867494550828,0.180757448,0.320470106,0.184089028,16411.0,809.0
0.8355995482072159,0.294119888,0.326459821,0.194053552,16411.0,809.0
0.8286614756097822,0.414346259,0.325190832,0.199616673,16411.0,809.0
0.8252183752382576,0.523779292,0.334035568,0.199196179,16411.0,809.0
0.8243158334693448,0.598451862,0.343677888,0.195690519,16411.0,809.0
0.8222841435902662,0.664934276,0.34052206,0.186705716,16411.0,809.0
0.8206501971596034,0.709003503,0.329840789,0.172914438,16411.0,809.0
0.8194009317747764,0.691783384,0.318416135,0.158955905,16411.0,809.0
0.8187230077437813,0.651520178,0.299939101,0.140547872,16411.0,809.0
0.8212828758048998,0.5565432,0.27710375,0.133654729,16411.0,809.0
0.8230215115767862,0.442167365,0.26103502,0.129303466,16411.0,809.0
0.8244705009148071,0.295106868,0.266805657,0.132649133,16411.0,809.0
0.8120734458271728,0.140663958,0.286812087,0.143040424,16411.0,809.0
0.8113152540447596,0.002774455,0.288797348,0.155297782,16411.0,809.0
0.8009071042487586,0.0,0.288799538,0.161964532,16411.0,809.0
0.7712296130465368,0.0,0.2785546,0.163027654,16411.0,809.0
0.7589942304573973,0.0,0.28872793,0.194112,16411.0,809.0
0.7500074304426648,0.0,0.266366103,0.191206183,16411.0,809.0
0.7460676717283035,0.0,0.258419386,0.189204216,16411.0,809.0
0.7458604701129528,0.0,0.253363792,0.177507538,16411.0,809.0
0.7456232629957859,0.0,0.240853246,0.162038379,16411.0,809.0
0.7686672837729587,0.0,0.218956876,0.131863663,16411.0,809.0
0.8259533768655075,0.0,0.197749263,0.124820593,16411.0,809.0
0.860176328186138,0.034906698,0.177336662,0.123901573,16411.0,809.0
0.8392106621579397,0.194893616,0.166403902,0.124380636,16411.0,809.0
0.8355387792064776,0.347005132,0.149285674,0.106045762,16411.0,809.0
0.8272073749688744,0.520765069,0.138530794,0.09965776,16411.0,809.0
0.8239033239887891,0.669460496,0.133358442,0.096310243,16411.0,809.0
0.8197645989041333,0.768283374,0.133823389,0.091953404,16411.0,809.0
0.8191428055943201,0.837986016,0.142503061,0.093623052,16411.0,809.0
0.816537029417793,0.848500031,0.15233411,0.104956121,16411.0,809.0
0.8122031242205159,0.806961636,0.153778846,0.13801524,16411.0,809.0
0.8113329543126896,0.749132903,0.154558479,0.179484063,16411.0,809.0
0.8145818214466658,0.632447425,0.14627391,0.191969574,16411.0,809.0
0.8184620417665186,0.486777202,0.147302726,0.199639661,16411.0,809.0
0.8194758044921508,0.328562162,0.159930251,0.206392355,16411.0,809.0
0.8112540116064847,0.17037568,0.173898287,0.209056296,16411.0,809.0
0.8100794292326529,0.004385592,0.182259223,0.212291398,16411.0,809.0
0.8009970271436361,0.0,0.18611585,0.221875957,16411.0,809.0
0.7720205561027954,0.0,0.192234457,0.229577923,16411.0,809.0
0.759116904211914,0.0,0.23195765,0.218589298,16411.0,809.0
0.7506116175093255,0.0,0.244649797,0.187698565,16411.0,809.0
0.746152577759278,0.0,0.25500649200000003,0.1604997645,16411.0,809.0
0.7460556502255742,0.0,0.270275167,0.146993537,16411.0,809.0
0.7680790933446677,0.0,0.273813369,0.139788315,16411.0,809.0
0.8290731334826607,0.0,0.278479089,0.143647956,16411.0,809.0
0.8611058471962995,0.049875426,0.281823014,0.14343194,16411.0,809.0
0.8392106621579397,0.248082974,0.281921749,0.136591206,16411.0,809.0
0.8321962029199507,0.422711016,0.270794729,0.124870009,16411.0,809.0
0.8246705081849521,0.58767018,0.242290522,0.119454751,16411.0,809.0
0.8194204305254563,0.733798432,0.233064529,0.112448461,16411.0,809.0
0.818474631145768,0.846334902,0.232018677,0.102713495,16411.0,809.0
0.8142859279568734,0.919109052,0.262917412,0.096650962,16411.0,809.0
0.8094333096004301,0.939999998,0.278539824,0.086201576,16411.0,809.0
0.8068711696190253,0.908524079,0.283762451,0.080937816,16411.0,809.0
0.8033543322831663,0.826580636,0.286006845,0.084429996,16411.0,809.0
0.8047431204969689,0.704315452,0.283322044,0.096910487,16411.0,809.0
0.8070016051810617,0.546318172,0.29460185,0.112585156,16411.0,809.0
0.8103272379541462,0.370239359,0.319513809,0.136753244,16411.0,809.0
0.8071502144485647,0.189310368,0.342511763,0.157991815,16411.0,809.0
0.8059988226441023,0.005833487,0.368988581,0.190428063,16411.0,809.0
0.7927137080885381,0.0,0.383813209,0.224319174,16411.0,809.0
0.7624794526866574,0.0,0.396997686,0.26684699,16411.0,809.0
0.7422350627392132,0.0,0.433250465,0.31762441,16411.0,809.0
0.7370345850138157,0.0,0.426756436,0.341027659,16411.0,809.0
0.7343049044765421,0.0,0.415883845,0.360719833,16411.0,809.0
0.7354687433804693,0.0,0.40831227800000003,0.391364948,16411.0,809.0
0.7579690145197618,0.0,0.399114656,0.403036526,16411.0,809.0
0.8219823816288938,0.00501518,0.404984,0.399074644,16411.0,809.0
0.8538573043691069,0.067182671,0.415955524,0.387414474,16411.0,809.0
0.8348129592851505,0.245679147,0.418393077,0.377561328,16411.0,809.0
0.828459480564714,0.370972297,0.402346784,0.376217631,16411.0,809.0
0.821475121681731,0.526122974,0.371660042,0.377150937,16411.0,809.0
0.8187093770504753,0.650907559,0.36208327,0.373081646,16411.0,809.0
0.8106210492300315,0.736797944,0.370188232,0.303250292,16411.0,809.0
0.8070211039317416,0.777984823,0.395973105,0.302626431,16411.0,809.0
0.8043855111313656,0.777493174,0.398399897,0.296443695,16411.0,809.0
0.8012842123650419,0.744842343,0.383293272,0.288367267,16411.0,809.0
0.797905288667582,0.659262569,0.373169005,0.27549978,16411.0,809.0
0.8017514330825823,0.540558412,0.366938234,0.263212572,16411.0,809.0
0.8033070042693544,0.407121206,0.370352557,0.245298755,16411.0,809.0
0.807128538216582,0.251148288,0.383402375,0.226971796,16411.0,809.0
0.8026601274684383,0.120795906,0.389563547,0.218689966,16411.0,809.0
0.8017421565234697,0.005890656,0.381735728,0.217495741,16411.0,809.0
0.7846154413934779,0.0,0.364583566,0.203009553,16411.0,809.0
0.7503545326429257,0.0,0.353792052,0.189171903,16411.0,809.0
0.714597875245473,0.0,0.348562852,0.163807874,16411.0,809.0
0.7041483135409381,0.0,0.342236055,0.140020768,16411.0,809.0
0.6965193021436275,0.0,0.327126639,0.119175048,16411.0,809.0
0.6971622746381408,0.0,0.29272731949999997,0.1035611545,16411.0,809.0
0.6991837651069858,0.0,0.258522328,0.085651614,16411.0,809.0
0.7068878857333364,0.00641813,0.239113144,0.063821478,16411.0,809.0
0.7218594804752455,0.077870646,0.224840952,0.056783702,16411.0,809.0
0.7511233260296653,0.24616281,0.207010615,0.05500375,16411.0,809.0
0.7661628837033123,0.419900874,0.180023124,0.054211392,16411.0,809.0
0.7673518063054456,0.576935102,0.153573386,0.058568826,16411.0,809.0
0.7634167330901325,0.697783867,0.13995063,0.069965268,16411.0,809.0
0.7509415873181765,0.796930725,0.152878373,0.111472584,16411.0,809.0
0.7454867224505041,0.865935471,0.154931551,0.141232442,16411.0,809.0
0.7430639628111874,0.886634423,0.152158486,0.171546634,16411.0,809.0
0.743356827212,0.844750774,0.147349085,0.188041551,16411.0,809.0
0.7440015273600257,0.773888677,0.13400909,0.216064458,16411.0,809.0
0.750389602642343,0.664398445,0.11248901,0.25103633,16411.0,809.0
0.7558691256114862,0.515374472,0.097048958,0.277512583,16411.0,809.0
0.7704748289374499,0.34102122,0.093264106,0.282023662,16411.0,809.0
0.7739779883605111,0.182102032,0.091901957,0.256832875,16411.0,809.0
0.7710862571546021,0.008888314,0.09051502,0.212057234,16411.0,809.0
0.7563449125247316,0.0,0.085029521,0.173141857,16411.0,809.0
0.7364102360525591,0.0,0.090005058,0.153178772,16411.0,809.0
0.7233151903067297,0.0,0.112168158,0.139153524,16411.0,809.0
0.7160670732833756,0.0,0.10953419,0.128292806,16411.0,809.0
0.711540969842965,0.0,0.122170378,0.104122801,16411.0,809.0
0.7168604773449908,0.0,0.1462717805,0.13168628500000001,16411.0,809.0
0.7195912462087096,0.003678845,0.163545393,0.100801373,16411.0,809.0
0.7313507478598262,0.073685962,0.166450945,0.093345531,16411.0,809.0
0.7537444369432645,0.23986184,0.163252154,0.113220017,16411.0,809.0
0.7682606431781892,0.398808744,0.148313712,0.139898277,16411.0,809.0
0.7673518063054456,0.55426428,0.127608507,0.166172709,16411.0,809.0
0.7594468263870672,0.686032468,0.109870522,0.165321278,16411.0,809.0
0.7474900151899306,0.793182542,0.105835788,0.146274794,16411.0,809.0
0.7456348110609786,0.849256542,0.094992278,0.106431623,16411.0,809.0
0.7445125731506557,0.873010307,0.092539726,0.083465926,16411.0,809.0
0.7442965688279349,0.831332082,0.086770805,0.070211115,16411.0,809.0
0.7463593055228862,0.758929537,0.089997565,0.073264611,16411.0,809.0
0.7570775473785055,0.64769825,0.09186567,0.077857167,16411.0,809.0
0.7688094566923614,0.501737992,0.108646782,0.091988608,16411.0,809.0
0.7778031664927304,0.333594452,0.117040078,0.093427945,16411.0,809.0
0.7747563892570122,0.180833619,0.129186394,0.100319566,16411.0,809.0
0.7756756852471943,0.011082759,0.14117634,0.113059537,16411.0,809.0
0.7570239723087668,0.0,0.13359631,0.110675259,16411.0,809.0
0.7362705243456161,0.0,0.133488861,0.117290964,16411.0,809.0
0.7391105734035202,0.0,0.139953119,0.143165314,16411.0,809.0
0.732587944936638,0.0,0.130596783,0.146938916,16411.0,809.0
0.7263258088023793,0.0,0.1263461515,0.14936158,16411.0,809.0
0.7272001433451226,0.0,0.110567846,0.16157376,16411.0,809.0
0.7477278374031096,0.0,0.096191889,0.162170904,16411.0,809.0
0.8138247654172924,0.006358797,0.088702094,0.153552513,16411.0,809.0
0.8508237788281418,0.090926294,0.083742725,0.146105289,16411.0,809.0
0.8348477927729027,0.237137585,0.078214672,0.144011653,16411.0,809.0
0.8282586212726859,0.374555478,0.071016874,0.150493676,16411.0,809.0
0.8245106345834133,0.498161343,0.059706328,0.159801465,16411.0,809.0
0.8221984803905983,0.60382242,0.057039884,0.167549496,16411.0,809.0
0.8191330560118771,0.695140927,0.054604065,0.186493567,16411.0,809.0
0.8191936357204421,0.722363362,0.057641741,0.169402973,16411.0,809.0
0.8178369356365688,0.72471835,0.055350757,0.153841126,16411.0,809.0
0.8162695322392406,0.666424123,0.052951694,0.139817049,16411.0,809.0
0.8167236901399951,0.578064019,0.053210284,0.133407887,16411.0,809.0
0.8200154363004001,0.489109605,0.055834875,0.131154386,16411.0,809.0
0.8200417508119391,0.370741966,0.057426499,0.120873658,16411.0,809.0
0.8194758044921508,0.250010106,0.052038755,0.106148373,16411.0,809.0
0.8073299657993362,0.121771546,0.042735852,0.096106637,16411.0,809.0
0.8048345577292335,0.00856408,0.037284064,0.088337951,16411.0,809.0
0.7911523628691696,0.0,0.031665706,0.079105157,16411.0,809.0
0.7579060684519269,0.0,0.028602766,0.068308971,16411.0,809.0
0.7310260790602413,0.0,0.024855888,0.054539691,16411.0,809.0
0.7194354432173101,0.0,0.027255768,0.06801475900000001,16411.0,809.0
0.7198540106687223,0.0,0.0299728935,0.104666743,16411.0,809.0
0.7428887548867824,0.0,0.031929898,0.123598702,16411.0,809.0
0.8088786272004718,0.007358745,0.036839665,0.115525441,16411.0,809.0
0.8486589088576162,0.080310572,0.040134607,0.11139311,16411.0,809.0
0.8332865415783117,0.184259827,0.039721592,0.121138047,16411.0,809.0
0.8278534950153034,0.317876395,0.034417925,0.130259221,16411.0,809.0
0.8214392472941284,0.465131794,0.03135105,0.137607045,16411.0,809.0
0.8197645040509437,0.617976378,0.037119244,0.14435146,16411.0,809.0
0.816614457786611,0.72594047,0.052388706,0.14292638,16411.0,809.0
0.8142859279568734,0.751080365,0.072451695,0.147967608,16411.0,809.0
0.8110049726929678,0.761897063,0.091929091,0.147115957,16411.0,809.0
0.8136227699580182,0.729096568,0.119697503,0.148492113,16411.0,809.0
0.8144318867197433,0.644182039,0.145885152,0.144822674,16411.0,809.0
0.8199497452889486,0.513148542,0.17661468,0.144764177,16411.0,809.0
0.8198702347062238,0.38972892,0.20533207,0.146942881,16411.0,809.0
0.8191125159471406,0.243522826,0.227805386,0.152211668,16411.0,809.0
0.8080959193892694,0.120257032,0.251021127,0.154325757,16411.0,809.0
0.8050371210650279,0.008486333,0.256283107,0.160815339,16411.0,809.0
0.7910970837556648,0.0,0.257782235,0.173959517,16411.0,809.0
0.7577522530283475,0.0,0.253930397,0.181903987,16411.0,809.0
0.7302850668887297,0.0,0.25190116,0.213892227,16411.0,809.0
0.7206106881137488,0.0,0.26622395,0.233582713,16411.0,809.0
0.7139178685863649,0.0,0.2553632,0.256852085,16411.0,809.0
0.7120251336597421,0.0,0.242272753,0.270215328,16411.0,809.0
0.711974067021955,0.0,0.210261983,0.274606672,16411.0,809.0
0.7328654754287907,0.0,0.19340701,0.28161551,16411.0,809.0
0.7948117517087782,0.012138698,0.172427286,0.286294982,16411.0,809.0
0.8428411812487719,0.061469789,0.164345204,0.311944559,16411.0,809.0
0.8323315604927004,0.126691379,0.157015566,0.345634099,16411.0,809.0
0.8285109734205456,0.213697165,0.148873735,0.369296303,16411.0,809.0
0.8220319811487858,0.346665647,0.145723849,0.373727512,16411.0,809.0
0.8197645040509437,0.444237765,0.165671381,0.390090175,16411.0,809.0
0.8159179810515965,0.556063859,0.191172322,0.390057941,16411.0,809.0
0.8101436059067176,0.606919709,0.225810624,0.431945095,16411.0,809.0
0.8081972954961502,0.626978112,0.268919358,0.444371581,16411.0,809.0
0.8046263152140325,0.575918089,0.27929975,0.458776249,16411.0,809.0
0.8025047028542824,0.492604006,0.263484162,0.488850665,16411.0,809.0
0.8053905651744053,0.419263883,0.255095289,0.499078031,16411.0,809.0
0.8034948011588028,0.311791381,0.229317134,0.478626045,16411.0,809.0
0.8056042031378562,0.198422774,0.199944239,0.507583572,16411.0,809.0
0.8012172907473604,0.100267216,0.183552962,0.527679832,16411.0,809.0
0.8016124785443327,0.012278221,0.167811331,0.527706104,16411.0,809.0
0.7846773461472564,0.0,0.166499113,0.535765714,16411.0,809.0
0.7530224504991025,0.0,0.156091852,0.528706344,16411.0,809.0
0.7238881412653442,0.0,0.164032159,0.454997482,16411.0,809.0
0.7160871875442735,0.0,0.156186175,0.4421547,16411.0,809.0
0.7105738728156409,0.0,0.140940279,0.423170253,16411.0,809.0
0.7095925299989987,0.0,0.133408067,0.457509943,16411.0,809.0
0.7103926071274823,0.0,0.13273435,0.487621957,16411.0,809.0
0.7328596541767023,0.0,0.131413918,0.488900265,16411.0,809.0
0.7952222734144104,0.003650944,0.13256488,0.476525582,16411.0,809.0
0.8411372841114478,0.02441936,0.133604497,0.448067049,16411.0,809.0
0.8302456332283795,0.069530331,0.140161656,0.446855136,16411.0,809.0
0.8236388558992164,0.103399316,0.155149138,0.488349748,16411.0,809.0
0.8111001961829055,0.182375447,0.161812375,0.531625742,16411.0,809.0
0.8034651742413331,0.282740845,0.169899018,0.585080756,16411.0,809.0
0.7932655511058962,0.352225952,0.185087002,0.632439879,16411.0,809.0
0.7894222937071942,0.429667692,0.212565766,0.662560245,16411.0,809.0
0.7868381461289519,0.471620186,0.233132755,0.637222629,16411.0,809.0
0.7859749808599518,0.495182119,0.248215926,0.635605701,16411.0,809.0
0.7853016002553233,0.473304619,0.266934899,0.67305542,16411.0,809.0
0.7867314217933131,0.409876015,0.283139321,0.726133064,16411.0,809.0
0.7868401339038751,0.345683144,0.300431289,0.747782199,16411.0,809.0
0.7883859559224103,0.24153531,0.308176347,0.769369484,16411.0,809.0
0.7904947896107375,0.12475831,0.318146708,0.797203208,16411.0,809.0
0.7937394919026939,0.019620251,0.31845267,0.819140611,16411.0,809.0
0.7815726397076064,0.0,0.309932368,0.817310105,16411.0,809.0
0.7434484541506438,0.0,0.30968484,0.801894195,16411.0,809.0
0.7216100629773817,0.0,0.337781083,0.81885529,16411.0,809.0
0.7148637628192429,0.0,0.310937403,0.795563729,16411.0,809.0
0.7106191182013397,0.0,0.2791969595,0.7499866675,16411.0,809.0
0.7135090509244989,0.0,0.251570067,0.728010411,16411.0,809.0
0.7378392527881577,0.0,0.232755629,0.725427261,16411.0,809.0
0.8015204730213421,0.003204718,0.225418279,0.737507435,16411.0,809.0
0.8431496641178138,0.029570546,0.221543369,0.735168344,16411.0,809.0
0.833377411348262,0.087012411,0.219219292,0.75131779,16411.0,809.0
0.8285153275547389,0.179411007,0.21927323,0.777016352,16411.0,809.0
0.821475121681731,0.265846833,0.213706615,0.789974532,16411.0,809.0
0.8197645040509437,0.347698456,0.221448234,0.793969412,16411.0,809.0
0.8181829024979955,0.382483871,0.229358128,0.775331901,16411.0,809.0
0.8172329378620814,0.362935316,0.260926305,0.785715905,16411.0,809.0
0.8166894249429691,0.375921113,0.298248728,0.794133188,16411.0,809.0
0.8133268764682259,0.31467385,0.329633811,0.795722304,16411.0,809.0
0.8139801900314483,0.225700334,0.353195412,0.80263799,16411.0,809.0
0.8171428256750304,0.193836974,0.395007337,0.80974652,16411.0,809.0
0.8188023290343327,0.167058387,0.424554527,0.822720698,16411.0,809.0
0.8178400595787381,0.149248692,0.449059167,0.837841343,16411.0,809.0
0.8073065855235874,0.081943469,0.470249806,0.84137257,16411.0,809.0
0.8038162519914407,0.016096108,0.477291269,0.843052604,16411.0,809.0
0.7876169728292913,0.0,0.48753792,0.840746441,16411.0,809.0
0.7541561888409207,0.0,0.509881992,0.834993405,16411.0,809.0
0.719832192364058,0.0,0.545476214,0.829335735,16411.0,809.0
0.7101015880147055,0.0,0.534907397,0.822821871,16411.0,809.0
0.7013747602968771,0.0,0.527557555,0.814067257,16411.0,809.0
0.6995678540452466,0.0,0.5333864435,0.796606404,16411.0,809.0
0.7048837409720267,0.0,0.530557534,0.774678916,16411.0,809.0
0.7061804764433469,0.007997958,0.525960117,0.756295756,16411.0,809.0
0.7169582566934748,0.050404875,0.532141556,0.744876053,16411.0,809.0
0.7480355631034579,0.113001008,0.524617751,0.736012018,16411.0,809.0
0.7643622487386638,0.202324456,0.505724901,0.717253294,16411.0,809.0
0.7705243336041523,0.276668294,0.528547637,0.703365221,16411.0,809.0
0.7716017047131233,0.310752525,0.556882266,0.685624285,16411.0,809.0
0.7714368618813793,0.379108083,0.566068661,0.647545431,16411.0,809.0
0.7703625670808798,0.444566384,0.562461865,0.61877302,16411.0,809.0
0.7690398484628754,0.469278711,0.568607829,0.602020407,16411.0,809.0
0.7688505372360404,0.436806004,0.569460743,0.583743882,16411.0,809.0
0.7710544055363379,0.428295048,0.56268789,0.579835296,16411.0,809.0
0.7782450663790905,0.36835073,0.544414575,0.58176526,16411.0,809.0
0.7824819496036802,0.282885375,0.512710971,0.583657481,16411.0,809.0
0.7818906828669177,0.190482892,0.488582431,0.56684525,16411.0,809.0
0.7815537560529383,0.103350145,0.470985141,0.536025379,16411.0,809.0
0.778547727996044,0.025143101,0.430832465,0.487867164,16411.0,809.0
0.75953461943434,0.0,0.392266277,0.453877281,16411.0,809.0
0.7414503199335958,0.0,0.350411374,0.437177042,16411.0,809.0
0.7406443743335321,0.0,0.329098775,0.454369161,16411.0,809.0
0.7369381309176483,0.0,0.274743708,0.442048603,16411.0,809.0
0.7315420468615846,0.0,0.215468371,0.394406503,16411.0,809.0
0.7294827654736575,0.0,0.166980698,0.339501401,16411.0,809.0
0.7309375284300691,0.0,0.135008733,0.304862885,16411.0,809.0
0.73326804603473,0.0,0.105543386,0.267818117,16411.0,809.0
0.7302369344867327,0.004721026,0.087497458,0.232003018,16411.0,809.0
0.7427807527254221,0.027786253,0.078863476,0.19313158,16411.0,809.0
0.7579260410543492,0.081342083,0.082694602,0.158425083,16411.0,809.0
0.7697290840473984,0.149071344,0.083727624,0.136792908,16411.0,809.0
0.7736192904613594,0.263137974,0.094420037,0.169569153,16411.0,809.0
0.7697630655132672,0.375167207,0.113976286,0.222985738,16411.0,809.0
0.7639445803215236,0.483065077,0.136826481,0.208483872,16411.0,809.0
0.7626701838118957,0.539881611,0.168943655,0.204913398,16411.0,809.0
0.7655612995075868,0.520251209,0.191902677,0.194668513,16411.0,809.0
0.7654067741348058,0.460081037,0.205161855,0.179165579,16411.0,809.0
0.7690281115197152,0.405088416,0.221307607,0.178769697,16411.0,809.0
0.7792737372095444,0.291863906,0.238361315,0.193490252,16411.0,809.0
0.7830892129788124,0.207164628,0.259905674,0.206965051,16411.0,809.0
0.7837318304987251,0.115430896,0.291547078,0.221519085,16411.0,809.0
0.7809886141213352,0.047952305,0.318449252,0.260624808,16411.0,809.0
0.7707962793558818,0.014576522,0.33406146,0.314730978,16411.0,809.0
0.7511891118943067,0.0,0.349845434,0.329511264,16411.0,809.0
0.7288450699644583,0.0,0.36901386,0.395820163,16411.0,809.0
0.7259632304136737,0.0,0.387036314,0.461104394,16411.0,809.0
0.7175079694490218,0.0,0.407941086,0.510902167,16411.0,809.0
0.711346878263892,0.0,0.421453322,0.535916932,16411.0,809.0
0.7106643635870384,0.0,0.436190656,0.558900212,16411.0,809.0
0.7121417496505054,0.0,0.436922034,0.56176624,16411.0,809.0
0.7345618000507683,0.001492829,0.426690403,0.545490893,16411.0,809.0
0.7995116899804762,0.019547477,0.406210493,0.539419984,16411.0,809.0
0.8436935556212726,0.047916433,0.38980423,0.563752191,16411.0,809.0
0.8330464950785443,0.092895057,0.382557582,0.5791478,16411.0,809.0
0.8280053226639593,0.150154457,0.378866607,0.568429554,16411.0,809.0
0.8246618943555493,0.194535164,0.370674174,0.560679234,16411.0,809.0
0.8245414925213189,0.233690038,0.377536462,0.553187632,16411.0,809.0
0.8244028217142262,0.276385851,0.396926128,0.598702428,16411.0,809.0
0.8239252839519288,0.294381718,0.447039741,0.587262646,16411.0,809.0
0.8237815966951392,0.332105894,0.45208148,0.568837019,16411.0,809.0
0.8232210458236008,0.27918883,0.445174752,0.550955937,16411.0,809.0
0.8234931808675037,0.250275878,0.419620959,0.534661848,16411.0,809.0
0.8266388729976428,0.209356521,0.39840069,0.525403332,16411.0,809.0
0.8264437877382114,0.133863964,0.389573221,0.52982727,16411.0,809.0
0.8238249491591044,0.093881205,0.381719374,0.540642501,16411.0,809.0
0.811243031417812,0.055733663,0.389259226,0.556994038,16411.0,809.0
0.8053786385248658,0.02158752,0.387140357,0.548253278,16411.0,809.0
0.7927692713474062,0.0,0.367380787,0.556620275,16411.0,809.0
0.7602353554503579,0.0,0.351979947,0.56490486,16411.0,809.0
0.7349693871064047,0.0,0.349027893,0.555375736,16411.0,809.0
0.7259174643709466,0.0,0.344381359,0.519308627,16411.0,809.0
0.7216769369613654,0.0,0.331623894,0.50526352,16411.0,809.0
0.7229930295248902,0.0,0.2955920925,0.5134512115000001,16411.0,809.0
0.7457554970405722,0.0,0.266878611,0.560397134,16411.0,809.0
0.8109930460434283,0.004158439,0.246218816,0.592893349,16411.0,809.0
0.8502949375021859,0.042550898,0.228897622,0.612734494,16411.0,809.0
0.8334915661265656,0.088763738,0.214246673,0.638063584,16411.0,809.0
0.8280053226639593,0.165239529,0.196556498,0.651094133,16411.0,809.0
0.8246281970350433,0.237027998,0.208361581,0.667586919,16411.0,809.0
0.8241746070108088,0.292529026,0.247926029,0.694137712,16411.0,809.0
0.823929070209602,0.343860851,0.266686247,0.702056131,16411.0,809.0
0.823708428021531,0.36100662,0.317456375,0.699162931,16411.0,809.0
0.8217875801006191,0.415520705,0.360259513,0.716150674,16411.0,809.0
0.820185059484382,0.398096129,0.398019073,0.727123814,16411.0,809.0
0.8216423780922367,0.370943102,0.420666456,0.736858299,16411.0,809.0
0.8236694296917589,0.358136061,0.436885209,0.740430003,16411.0,809.0
0.8236571244578725,0.23728505,0.430482282,0.733268698,16411.0,809.0
0.8209273490674092,0.181566595,0.416149877,0.721971857,16411.0,809.0
0.8108599599767586,0.095081196,0.41909159,0.719373307,16411.0,809.0
0.8057078511650233,0.032691882,0.417665034,0.712420983,16411.0,809.0
0.7931159949633204,0.0,0.412174824,0.701280874,16411.0,809.0
0.762398616644513,0.0,0.400617917,0.688922103,16411.0,809.0
0.7436988657430722,0.0,0.467067945,0.68072658,16411.0,809.0
0.7372732120293859,0.0,0.427718929,0.662515194,16411.0,809.0
0.7343049044765421,0.0,0.391390914,0.64339404,16411.0,809.0
0.737770343809759,0.0,0.363528869,0.630496607,16411.0,809.0
0.7401102319983102,0.0,0.337859253,0.616719409,16411.0,809.0
0.7607674623769586,0.0,0.318194599,0.604943013,16411.0,809.0
0.8231656722711123,0.005553644,0.293282058,0.594086245,16411.0,809.0
0.8556548158057921,0.053244989,0.271532665,0.570454545,16411.0,809.0
0.835476590307336,0.119645185,0.254128026,0.541854739,16411.0,809.0
0.8288027020683182,0.238704759,0.264049252,0.512947057,16411.0,809.0
0.8240485255829656,0.348372159,0.28931506,0.512446583,16411.0,809.0
0.8213810339448334,0.419662158,0.288494084,0.517517355,16411.0,809.0
0.8199539101309685,0.465975675,0.311465113,0.51404818,16411.0,809.0
0.8191936357204421,0.486601693,0.315489642,0.507551998,16411.0,809.0
0.818982742700608,0.475333659,0.306978745,0.517188234,16411.0,809.0
0.8180018261020106,0.486785984,0.296359651,0.513098668,16411.0,809.0
0.8180146043592272,0.43231761,0.29125294,0.494669528,16411.0,809.0
0.821507020519487,0.37624744,0.276666824,0.466665948,16411.0,809.0
0.821412743490416,0.303366886,0.244283119,0.430679738,16411.0,809.0
0.8202829334789526,0.220719651,0.221600283,0.430728313,16411.0,809.0
0.8111320005816779,0.134940973,0.197879791,0.42500748,16411.0,809.0
0.8066142740447989,0.056882458,0.17593089,0.409748315,16411.0,809.0
0.7959491342355879,0.0,0.162067366,0.389360125,16411.0,809.0
0.7669304468980281,0.0,0.155422974,0.366205917,16411.0,809.0
0.7480769750119917,0.0,0.157816942,0.358930475,16411.0,809.0
0.7397121103797538,0.0,0.143491278,0.349050125,16411.0,809.0
0.7385902510537775,0.0,0.135027228,0.327225118,16411.0,809.0
0.7406791599804833,0.0,0.120109147,0.3145399605,16411.0,809.0
0.7616502688835262,0.0,0.11127356,0.317834195,16411.0,809.0
0.8231286617162634,0.008808649,0.109239166,0.32432048,16411.0,809.0
0.8555115067191432,0.077805003,0.105625739,0.321391215,16411.0,809.0
0.8355219305462247,0.169320308,0.094386827,0.324348696,16411.0,809.0
0.8288718951920799,0.262773589,0.077613837,0.335668465,16411.0,809.0
0.8243405383761011,0.411152028,0.081042854,0.369855981,16411.0,809.0
0.8211409870308601,0.520941065,0.094357219,0.40984573,16411.0,809.0
0.8199456753001183,0.58989393,0.09503297,0.433562935,16411.0,809.0
0.8191936357204421,0.59308532,0.106990041,0.458559955,16411.0,809.0
0.8178205604138521,0.591554735,0.113373893,0.471417023,16411.0,809.0
0.8177495683931345,0.593104085,0.113095863,0.477625494,16411.0,809.0
0.8180146043592272,0.520154088,0.10868546,0.456479656,16411.0,809.0
0.8214022367392797,0.40945807,0.106759805,0.427157432,16411.0,809.0
0.8216872448935889,0.318857262,0.097822693,0.380590746,16411.0,809.0
0.8209065248573097,0.20730863,0.088703463,0.360138766,16411.0,809.0
0.8104877738711886,0.112946633,0.08127303,0.337729776,16411.0,809.0
0.8066142740447989,0.056017751,0.083720746,0.341550233,16411.0,809.0
0.7959143956010255,0.0,0.090628756,0.370683998,16411.0,809.0
0.7660740965614748,0.0,0.095848734,0.387426436,16411.0,809.0
0.751047506851424,0.0,0.086261444,0.362298634,16411.0,809.0
0.7470368509695346,0.0,0.088004329,0.358733895,16411.0,809.0
0.7401432195767175,0.0,0.08823578700000001,0.3459006805,16411.0,809.0
0.7397057684706373,0.0,0.08091583,0.325645495,16411.0,809.0
0.7574467043950958,0.001530584,0.08037384,0.335609913,16411.0,809.0
0.8239068261010993,0.0199304,0.079589938,0.344050515,16411.0,809.0
0.8538573043691069,0.086407235,0.078500454,0.362908599,16411.0,809.0
0.8356557733673815,0.170542249,0.07611784,0.370437614,16411.0,809.0
0.8304286973992878,0.330011613,0.070725451,0.373948866,16411.0,809.0
0.8242310218773539,0.432856083,0.073445726,0.366429496,16411.0,809.0
0.8237064402466077,0.561273557,0.080565807,0.375496499,16411.0,809.0
0.8224154311741858,0.642001132,0.061186663,0.332799468,16411.0,809.0
0.8206193396359038,0.64876331,0.075990184,0.337446025,16411.0,809.0
0.8201088613075879,0.609529768,0.088400929,0.341424486,16411.0,809.0
0.8186139642683643,0.593279293,0.099470901,0.361589412,16411.0,809.0
0.8190007275281072,0.541251624,0.090959393,0.351809434,16411.0,809.0
0.8218462664732445,0.465046377,0.09069563,0.32522128,16411.0,809.0
0.823067324839005,0.349753936,0.085633668,0.30416791,16411.0,809.0
0.8222348282157372,0.250496169,0.071455749,0.302021608,16411.0,809.0
0.8104877738711886,0.155338291,0.063140474,0.31672055,16411.0,809.0
0.8071257932729653,0.076731915,0.065753496,0.324287359,16411.0,809.0
0.7982147179974907,0.0,0.068097793,0.332222126,16411.0,809.0
0.7706657021353698,0.0,0.071196888,0.368813147,16411.0,809.0
0.7441518878907866,0.0,0.06655872,0.374024398,16411.0,809.0
0.7369381309176483,0.0,0.069050873,0.379714446,16411.0,809.0
0.7304819034114194,0.0,0.066572685,0.381250494,16411.0,809.0
0.726900203476246,0.0,0.07061932900000001,0.399355994,16411.0,809.0
0.729625032832044,0.001752087,0.079590449,0.42508675,16411.0,809.0
0.7266004997048284,0.017937249,0.085483002,0.43659561,16411.0,809.0
0.7384811131393769,0.075517895,0.082931809,0.418965689,16411.0,809.0
0.7600996192932613,0.145784298,0.074005462,0.397991944,16411.0,809.0
0.7748522754766596,0.289095671,0.066799419,0.36848412,16411.0,809.0
0.7855930923914304,0.388644067,0.064364503,0.336875354,16411.0,809.0
0.7848126092810226,0.481378144,0.067213759,0.318399018,16411.0,809.0
0.7839642100441625,0.58579482,0.068470251,0.354961113,16411.0,809.0
0.7801191541627104,0.59644686,0.074344864,0.347230414,16411.0,809.0
0.7773952004385414,0.609301804,0.086735023,0.335941031,16411.0,809.0
0.7724958223590125,0.560408636,0.098207341,0.291861827,16411.0,809.0
0.7743976441383685,0.521804649,0.10335381,0.232336574,16411.0,809.0
0.7822534507548997,0.468629855,0.105003852,0.183173971,16411.0,809.0
0.7893320394474617,0.368132385,0.102642811,0.141700997,16411.0,809.0
0.7886105736603278,0.25485011,0.101011725,0.122802929,16411.0,809.0
0.7875403020433729,0.15636066,0.099289033,0.118822575,16411.0,809.0
0.7844326613679328,0.087056108,0.099257011,0.11550225,16411.0,809.0
0.764960945918091,0.0,0.095814187,0.109344273,16411.0,809.0
0.7458912331976687,0.0,0.094740851,0.105475196,16411.0,809.0
0.7479682156819377,0.0,0.090005896,0.106057278,16411.0,809.0
0.7389055492694723,0.0,0.08385591,0.104135525,16411.0,809.0
0.7355158346755127,0.0,0.080033969,0.103767033,16411.0,809.0
0.7336551404522246,0.0,0.08027701949999999,0.1026002275,16411.0,809.0
0.7371140011575569,0.003443079,0.083817503,0.100432794,16411.0,809.0
0.7348159979008698,0.019021792,0.084325456,0.096401503,16411.0,809.0
0.7449011821126402,0.089710556,0.076295234,0.09386195,16411.0,809.0
0.7646149794708702,0.168069726,0.064581284,0.093235158,16411.0,809.0
0.7751604746145444,0.323068959,0.055697273,0.094561265,16411.0,809.0
0.7801901461834282,0.452096642,0.05454955,0.094747446,16411.0,809.0
0.7799758931239654,0.555034244,0.056173159,0.097237008,16411.0,809.0
0.7717237157379303,0.584893397,0.056675003,0.137389417,16411.0,809.0
0.7689943193460196,0.655140933,0.059352851,0.156827741,16411.0,809.0
0.7670135544462527,0.659583713,0.069858162,0.192729034,16411.0,809.0
0.7632596992854,0.644436626,0.075530179,0.215060502,16411.0,809.0
0.7643152993091987,0.599992214,0.079178947,0.226965288,16411.0,809.0
0.7754117378146498,0.525288299,0.079543799,0.230980668,16411.0,809.0
0.7809511305431561,0.400795016,0.086217371,0.235511907,16411.0,809.0
0.7809375474835482,0.30396419,0.088132937,0.234095448,16411.0,809.0
0.7775302266464363,0.192038865,0.090140195,0.234929116,16411.0,809.0
0.7779706121954096,0.113040815,0.084800571,0.223622141,16411.0,809.0
0.7590296314074634,0.001518342,0.077638515,0.198798757,16411.0,809.0
0.7411205394169181,0.0,0.073688948,0.177841758,16411.0,809.0
0.7503054065605701,0.0,0.068200698,0.165613453,16411.0,809.0
0.7480608363009403,0.0,0.060509344,0.141841631,16411.0,809.0
0.7423299078519072,0.0,0.0594476535,0.1267446065,16411.0,809.0
0.7438760610281943,0.0,0.062109361,0.129187197,16411.0,809.0
0.7678091353678617,0.004903563,0.072321032,0.137008267,16411.0,809.0
0.8268220320217409,0.027944179,0.074458854,0.136595842,16411.0,809.0
0.8556517867168123,0.115935765,0.076225043,0.127433285,16411.0,809.0
0.836026066551218,0.211333662,0.06948441,0.111281317,16411.0,809.0
0.828459480564714,0.359558836,0.064784111,0.114884744,16411.0,809.0
0.8195290954165264,0.484185165,0.081231091,0.130863551,16411.0,809.0
0.8155243080062173,0.582786157,0.12172156,0.150083469,16411.0,809.0
0.8087451625494556,0.651589245,0.158759905,0.161229168,16411.0,809.0
0.8054252093699841,0.672207706,0.205862583,0.18013582,16411.0,809.0
0.8034386704376208,0.657586108,0.221247247,0.227031942,16411.0,809.0
0.8028128071389774,0.632424321,0.238117228,0.277221952,16411.0,809.0
0.8025047028542824,0.548448906,0.250430096,0.323231866,16411.0,809.0
0.8082114940659763,0.476031477,0.269931145,0.363535102,16411.0,809.0
0.8101380211662945,0.363524932,0.292540216,0.391832679,16411.0,809.0
0.8108608119986418,0.259489723,0.306399547,0.425247555,16411.0,809.0
0.8045724564131368,0.154326688,0.315940037,0.456818689,16411.0,809.0
0.8023783376952822,0.086647045,0.331115353,0.480500572,16411.0,809.0
0.7855505447298564,0.002061112,0.344765629,0.47249366,16411.0,809.0
0.7538446772971052,0.0,0.369716848,0.4534581,16411.0,809.0
0.67464285910146,0.0,0.405073563,0.399959488,16411.0,809.0
0.6595566365579171,0.0,0.429278477,0.387955513,16411.0,809.0
0.6560632739367905,0.0,0.454939354,0.395721442,8701.0,429.0
0.657431190513899,0.0,0.483796039,0.441447588,8701.0,429.0
0.6704146845594631,0.008186401,0.51377966,0.506826069,8701.0,429.0
0.7062854022962358,0.05396851,0.53994586,0.547038681,8701.0,429.0
0.760376203324547,0.096341983,0.558109611,0.591827508,8701.0,429.0
0.7956450055007395,0.157388399,0.563499041,0.639732177,8701.0,429.0
0.8029447570384007,0.206422153,0.576104113,0.669978384,8701.0,429.0
0.8036342291345887,0.263040558,0.572495746,0.67063878,8701.0,429.0
0.8031010336744397,0.308954967,0.570030045,0.662022787,8701.0,429.0
0.8019981056368294,0.344085242,0.57019865,0.638048602,8701.0,429.0
0.7998443102939601,0.359230996,0.563230451,0.601006642,8701.0,429.0
0.7991649663645618,0.390522238,0.561939073,0.593787238,8701.0,429.0
0.7987065487685976,0.360324712,0.553190346,0.594384922,8701.0,429.0
0.798838499082227,0.330618851,0.528718657,0.588748026,8701.0,429.0
0.8012192785222837,0.256134314,0.4999456,0.597828008,8701.0,429.0
0.8049657504599634,0.195969476,0.465899511,0.60747017,8701.0,429.0
0.807756010705802,0.137528987,0.42508256,0.62319962,8701.0,429.0
0.7994037826723055,0.075328104,0.406360397,0.640795672,8701.0,429.0
0.7935392953403756,0.044051261,0.385547246,0.63845992,8701.0,429.0
0.7762342483438094,0.00200668,0.375591033,0.647154174,8701.0,429.0
0.7480135082871285,0.0,0.35693201,0.659782247,8701.0,429.0
0.6884589448305848,0.0,0.324679376,0.665635397,8701.0,429.0
0.6777772877259757,0.0,0.306629332,0.667778847,8701.0,429.0
0.6701554226259667,0.0,0.294446745,0.669553769,8701.0,429.0
0.6710553615239443,0.0,0.279555751,0.662915169,8701.0,429.0
0.6830113211134037,0.009363044,0.274552475,0.645713038,8701.0,429.0
0.7111275139015426,0.031293582,0.263867295,0.607170823,8701.0,429.0
0.760921277800538,0.078563517,0.252455578,0.570599187,8701.0,429.0
0.7942827210906489,0.173283442,0.244843406,0.538434146,8701.0,429.0
0.8009955128062493,0.309711362,0.266814563,0.509788876,8701.0,429.0
0.7992682358073823,0.429387513,0.316235752,0.484747387,8701.0,429.0
0.798050963699295,0.524726919,0.380298779,0.450904982,8701.0,429.0
0.7981897289453711,0.61731,0.423678583,0.394581296,8701.0,429.0
0.7949513685625315,0.636522006,0.489999024,0.346675577,8701.0,429.0
0.7936081098797906,0.605482594,0.524627307,0.308444352,8701.0,429.0
0.792255006761417,0.569485228,0.548382786,0.282006039,8701.0,429.0
0.7945165205344895,0.521354407,0.56197278,0.283246908,8701.0,429.0
0.7948425147934939,0.453325441,0.563872796,0.303839609,8701.0,429.0
0.7982563664176896,0.372886552,0.580516767,0.350132607,8701.0,429.0
0.801270582085942,0.281062301,0.572189402,0.414307968,8701.0,429.0
0.7937696398913978,0.174101587,0.592181894,0.508024953,8701.0,429.0
0.7869803190483545,0.092002525,0.610921162,0.59391508,8701.0,429.0
0.7659057043979289,0.00308009,0.630465471,0.660481915,8701.0,429.0
0.7378054610286682,0.0,0.634284404,0.681033546,8701.0,429.0
0.6760707400840185,0.0,0.657306458,0.700606127,8701.0,429.0
0.662782218269334,0.0,0.666257384,0.701256407,8701.0,429.0
0.6579933741857599,0.0,0.648563923,0.7034483245,8701.0,429.0
0.6578943878407919,0.0,0.631081035,0.714778974,8701.0,429.0
0.6694255327158095,0.008751532,0.609907096,0.721558939,8701.0,429.0
0.7062854022962358,0.047485364,0.605653202,0.732287339,8701.0,429.0
0.7593708651361443,0.097371175,0.587909695,0.725853903,8701.0,429.0
0.7956720771809718,0.159281663,0.578886101,0.727528534,8701.0,429.0
0.8016899069131506,0.216338824,0.587661904,0.776380885,8701.0,429.0
0.8011797127301976,0.296540178,0.603342521,0.83124188,8701.0,429.0
0.7998946669825457,0.390673623,0.614737644,0.84294046,8701.0,429.0
0.8000310658693519,0.429152052,0.612045044,0.841098722,8701.0,429.0
0.7975083028020659,0.424065311,0.617701696,0.813351789,8701.0,429.0
0.796770651084389,0.422479237,0.609747426,0.790285837,8701.0,429.0
0.7972162900089304,0.415162761,0.585976278,0.795399937,8701.0,429.0
0.796837382995691,0.397499695,0.543861778,0.797904315,8701.0,429.0
0.797943718706628,0.338640051,0.48411695,0.796740774,8701.0,429.0
0.801365426991533,0.289182252,0.430909504,0.76302784,8701.0,429.0
0.8041157424467328,0.215834217,0.393037433,0.739880656,8701.0,429.0
0.796761753109623,0.143288543,0.374248937,0.724116181,8701.0,429.0
0.7900444651871479,0.077465569,0.358621327,0.69201193,8701.0,429.0
0.7740791279557269,0.003078559,0.350492163,0.6826276,8701.0,429.0
0.7465936732574529,0.0,0.331903813,0.696165815,8701.0,429.0
0.6893119342990972,0.0,0.325447091,0.652557979,8701.0,429.0
0.6793728985565762,0.0,0.299938346,0.64570526,8701.0,429.0
0.6744422839547951,0.0,0.264076252,0.634468392,8701.0,429.0
0.6761132405261007,0.0,0.23065361,0.62040998,8701.0,429.0
0.6778863307871865,0.0,0.211672198,0.614218489,8701.0,429.0
0.6886874908988572,0.003290812,0.198246502,0.618259059,8701.0,429.0
0.7179728233930862,0.023437068,0.187220055,0.628013748,8701.0,429.0
0.7627968331162589,0.07142997,0.180925953,0.631290831,8701.0,429.0
0.7956921442223778,0.136266359,0.177516884,0.643621585,8701.0,429.0
0.8026251046885129,0.217386969,0.167888935,0.650109093,8701.0,429.0
0.8015859747406204,0.319153942,0.169470666,0.655956247,8701.0,429.0
0.8007085164628107,0.482035678,0.194400423,0.649334851,8701.0,429.0
0.8000310658693519,0.558179344,0.213339645,0.616378573,8701.0,429.0
0.7970584041823148,0.581442281,0.253413901,0.614730399,8701.0,429.0
0.7947568511796199,0.568074202,0.282683423,0.602400387,8701.0,429.0
0.7953007426830787,0.4804993,0.288678673,0.587542534,8701.0,429.0
0.7941537998659993,0.420877419,0.280369974,0.5675877,8701.0,429.0
0.7949915974985332,0.325874494,0.282785281,0.566609238,8701.0,429.0
0.7996546200685724,0.237037318,0.279517158,0.559473747,8701.0,429.0
0.8019971591759625,0.153239479,0.26828252,0.547983037,8701.0,429.0
0.7938928343029428,0.083765123,0.273272089,0.557495466,8701.0,429.0
0.7868130622236428,0.069475022,0.285019578,0.609856458,8701.0,429.0
0.7660810067613176,0.003399456,0.298997008,0.662249286,8701.0,429.0
0.7353051309478521,0.0,0.289110275,0.693269487,8701.0,429.0
0.6603852048508302,0.0,0.272873483,0.717599334,8701.0,429.0
0.6428242567888085,0.0,0.269914795,0.750798433,8701.0,429.0
0.6283031757626623,0.0,0.26372495399999996,0.8134403914999999,8701.0,429.0
0.62698928387598,0.003476984,0.2701123145,0.8632418884999999,8701.0,429.0
0.6355791212207362,0.018910759,0.269816798,0.870241709,8701.0,429.0
0.6478875784587064,0.059441368,0.271067066,0.873151801,8701.0,429.0
0.6704742229539715,0.118288302,0.27221308,0.876203092,8701.0,429.0
0.6974732423293882,0.195699529,0.263639384,0.879511584,8701.0,429.0
0.7278488190429948,0.303014633,0.257768971,0.88070172,8701.0,429.0
0.7276952401310807,0.36744626,0.268642458,0.889561537,8701.0,429.0
0.7277767857082206,0.40291239,0.271833029,0.884027661,8701.0,429.0
0.7248482808733339,0.424668758,0.314786648,0.889717181,8701.0,429.0
0.7242623623653293,0.384191008,0.35854867,0.891605776,8701.0,429.0
0.7249154394168866,0.358116622,0.388490627,0.881272198,8701.0,429.0
0.7232396548596454,0.374751954,0.411149146,0.86176347,8701.0,429.0
0.7249828340578985,0.354693989,0.420910022,0.834497126,8701.0,429.0
0.7301748876602727,0.306246781,0.43310077,0.828580256,8701.0,429.0
0.7338477647062994,0.216658039,0.452395386,0.846176753,8701.0,429.0
0.7358649246506971,0.14173015,0.479460898,0.869413714,8701.0,429.0
0.7325978838112545,0.080655229,0.502233882,0.884229424,8701.0,429.0
0.7289735649710634,0.003353832,0.517733274,0.898460713,8701.0,429.0
0.715135519278799,0.0,0.508798493,0.906110661,8701.0,429.0
0.6566986026725139,0.0,0.51696496,0.915326778,8701.0,429.0
0.6396657383535485,0.0,0.518028835,0.919440532,8701.0,429.0
0.6270659310521525,0.0,0.519564764,0.919419555,8701.0,429.0
0.6212845040489554,0.0,0.514225159,0.919151735,8701.0,429.0
0.6211552990931488,0.0,0.499516281,0.918642189,8701.0,429.0
0.6238805306430395,0.003246513,0.479535301,0.917954996,8701.0,429.0
0.6329646367758226,0.021210069,0.470862983,0.915632517,8701.0,429.0
0.6445450498058773,0.043242838,0.454250136,0.908480869,8701.0,429.0
0.6694121861678667,0.067932467,0.426811148,0.883931907,8701.0,429.0
0.6995216860155299,0.109927381,0.39724399,0.808292669,8701.0,429.0
0.7265937792113651,0.166198972,0.406481799,0.716362082,8701.0,429.0
0.7284719846175133,0.245409486,0.420330048,0.629872783,8701.0,429.0
0.7259425482762557,0.307863485,0.416566743,0.606654836,8701.0,429.0
0.72511237037856,0.386314468,0.41699285,0.566074076,8701.0,429.0
0.7243245984839627,0.427562632,0.428753217,0.538169192,8701.0,429.0
0.7247311446397485,0.462041781,0.420785252,0.504951857,8701.0,429.0
0.7232396548596454,0.439958504,0.400745183,0.47851468,8701.0,429.0
0.7247731244248024,0.404588955,0.376686121,0.465311532,8701.0,429.0
0.7303540235008262,0.328094968,0.353209661,0.456824876,8701.0,429.0
0.7334537607102712,0.254939877,0.311608381,0.417792757,8701.0,429.0
0.7345751938182031,0.151507234,0.291361353,0.413990362,8701.0,429.0
0.7319173092756263,0.0750944,0.295804045,0.414192024,8701.0,429.0
0.7285041199669343,0.005547702,0.306707219,0.407731778,8701.0,429.0
0.7155740119060386,0.0,0.336863214,0.416629355,8701.0,429.0
0.670736419123258,0.0,0.360332491,0.40150689,8701.0,429.0
0.6572432517588722,0.0,0.401042457,0.497739969,8701.0,429.0
0.6484257907827585,0.0,0.437303126,0.648241339,8701.0,429.0
0.6469797356805276,0.0,0.458270256,0.724502069,8701.0,429.0
0.6478386888880159,0.001262276,0.479174135,0.769232215,8701.0,429.0
0.6543784973800058,0.004438119,0.48842908,0.79363859,8701.0,429.0
0.6866221985524624,0.01592941,0.480363767,0.815983896,8701.0,429.0
0.7486007050350608,0.065365674,0.435559795,0.813065631,8701.0,429.0
0.7881983483251354,0.134749771,0.394048304,0.762476333,8701.0,429.0
0.7965336328451893,0.218812572,0.385459675,0.713477698,8701.0,429.0
0.7962774948538623,0.272422338,0.41381251,0.673924365,8701.0,429.0
0.7927313615511825,0.33087242,0.411780984,0.615753812,8701.0,429.0
0.7932968820671321,0.366224001,0.357144413,0.559140698,8701.0,429.0
0.792716453446361,0.389340257,0.320857779,0.546850879,8701.0,429.0
0.789302696261149,0.418892311,0.309019959,0.569508994,8701.0,429.0
0.7899693559581082,0.3874367,0.308290894,0.606517856,8701.0,429.0
0.7872265181650652,0.364645248,0.300910572,0.615234944,8701.0,429.0
0.7881162816767612,0.349758985,0.288370963,0.615744999,8701.0,429.0
0.7899076404965031,0.303426213,0.261902847,0.596497041,8701.0,429.0
0.7936047970596538,0.21552473,0.247497452,0.563407053,8701.0,429.0
0.7893253189539984,0.126868568,0.251488484,0.51538039,8701.0,429.0
0.7823356590617494,0.080994848,0.245295661,0.458616704,8701.0,429.0
0.7553160996215962,0.008030048,0.228558553,0.385549861,8701.0,429.0
0.7276446937361157,0.0,0.221619266,0.329003228,8701.0,429.0
0.6721552604725749,0.0,0.237106966,0.299335075,8701.0,429.0
0.656282922444503,0.0,0.230686688,0.288677571,8701.0,429.0
0.6494476934860512,0.0,0.221602388,0.308113942,8701.0,429.0
0.647466407929256,0.0,0.225822789,0.316916411,8701.0,429.0
0.6487310080511554,0.001198532,0.229035418,0.312613089,8701.0,429.0
0.6559607616626636,0.0106855,0.237819953,0.317020648,8701.0,429.0
0.685366874989676,0.050647219,0.255921962,0.3366156,8701.0,429.0
0.7475442053556811,0.165071189,0.261022599,0.378271309,8701.0,429.0
0.7875991777081717,0.314638685,0.242138924,0.421197135,8701.0,429.0
0.7976729087079387,0.44966392,0.260281762,0.447660583,8701.0,429.0
0.7953528978544142,0.581304857,0.291234848,0.464257549,8701.0,429.0
0.794498914291337,0.688308741,0.335380095,0.484995957,8701.0,429.0
0.7969417881915516,0.775639479,0.375898194,0.49602976,8701.0,429.0
0.7984914913209498,0.842921958,0.417040301,0.469416954,8701.0,429.0
0.7955906732623074,0.849786301,0.448488223,0.437914815,8701.0,429.0
0.7968335967380178,0.813064543,0.478206816,0.426188071,8701.0,429.0
0.795419440887749,0.739316487,0.500762546,0.428152335,8701.0,429.0
0.7936414286159498,0.635458726,0.515851084,0.421236612,8701.0,429.0
0.7972085282014106,0.490900447,0.51090005,0.454594345,8701.0,429.0
0.8000205591182156,0.34684701,0.510817547,0.526002477,8701.0,429.0
0.7988483431036536,0.21791845,0.536270695,0.623026763,8701.0,429.0
0.7890080801828724,0.14981754,0.561698056,0.70101293,8701.0,429.0
0.7580689711424454,0.012973182,0.567961161,0.731191593,8701.0,429.0
0.728948812430609,0.0,0.566248658,0.750131651,8701.0,429.0
0.6747264400872212,0.0,0.597627149,0.793126525,8701.0,429.0
0.6611582107132875,0.0,0.571908297,0.796232087,8701.0,429.0
0.6535035475341475,0.0,0.556350055,0.798038551,8701.0,429.0
0.6512208781861206,0.0,0.541914614,0.811619874,8701.0,429.0
0.6508667713470334,0.002867932,0.528065913,0.829215637,8701.0,429.0
0.6572627505095522,0.023775967,0.515878499,0.839705161,8701.0,429.0
0.6887631207849252,0.110957405,0.506086282,0.845060585,8701.0,429.0
0.7508721572685436,0.231895125,0.501449332,0.831619669,8701.0,429.0
0.7921243819072071,0.372302004,0.460999619,0.776775876,8701.0,429.0
0.7992137138625708,0.540776415,0.424137646,0.715976773,8701.0,429.0
0.7971634721078853,0.691016353,0.453635413,0.675438427,8701.0,429.0
0.8001261949203059,0.813875215,0.507985553,0.643328544,8701.0,429.0
0.7978454661277105,0.90288132,0.58165566,0.586669482,8701.0,429.0
0.7969909146881133,0.94777094,0.622698593,0.517457307,8701.0,429.0
0.7965296577095488,0.935291779,0.651020652,0.421601308,8701.0,429.0
0.799148685580829,0.840241211,0.664079609,0.352591788,8701.0,429.0
0.7969337426528748,0.739396412,0.66071742,0.321314393,8701.0,429.0
0.7949047981316192,0.605727809,0.631942687,0.320880069,8701.0,429.0
0.796370067839167,0.458885363,0.595050035,0.334657774,8701.0,429.0
0.8001107661584562,0.351046253,0.563313094,0.336041275,8701.0,429.0
0.7990283781855823,0.229115865,0.546818558,0.338382113,8701.0,429.0
0.7909560470035081,0.160645482,0.529785323,0.360190211,8701.0,429.0
0.7615921027537231,0.017793337,0.542711967,0.430931514,8701.0,429.0
0.7302320596955111,0.0,0.55247098,0.518963435,8701.0,429.0
0.6749108297175491,0.0,0.594244005,0.658568812,8701.0,429.0
0.6611582107132875,0.0,0.579897465,0.704114578,8701.0,429.0
0.6535035475341475,0.0,0.583397418,0.698948938,8701.0,429.0
0.651527752278792,0.0,0.577543196,0.701129212,8701.0,429.0
0.6508667713470334,0.002822655,0.568295845,0.711281068,8701.0,429.0
0.6572627505095522,0.025312849,0.552323798,0.717164634,8701.0,429.0
0.6880634260829638,0.113160418,0.527923332,0.714467,8701.0,429.0
0.7492313010522441,0.217510544,0.50674778,0.703183945,8701.0,429.0
0.7882964588313712,0.337618867,0.453806868,0.682629501,8701.0,429.0
0.7977645356465825,0.505842465,0.446488947,0.659452001,8701.0,429.0
0.7934435984129016,0.632368382,0.4699208,0.642361453,8701.0,429.0
0.7939288979827186,0.752106808,0.525146302,0.624945367,8701.0,429.0
0.7932968820671321,0.829139157,0.608107637,0.651882867,8701.0,429.0
0.7924885224741005,0.864701084,0.63466717,0.639602685,8701.0,429.0
0.7898644777389173,0.880902377,0.639940129,0.605159839,8701.0,429.0
0.7907819752463494,0.816250089,0.63562832,0.579757039,8701.0,429.0
0.7869055407699637,0.696755362,0.625987305,0.582058829,8701.0,429.0
0.7862036690009055,0.552514319,0.592890878,0.585094294,8701.0,429.0
0.7886710112962113,0.410966701,0.54788073,0.593099261,8701.0,429.0
0.7928918030292413,0.276390059,0.519233275,0.604561338,8701.0,429.0
0.7915745270789785,0.168646283,0.502476802,0.609365405,8701.0,429.0
0.7799359955528186,0.098136082,0.483205498,0.607793937,8701.0,429.0
0.7543914081831644,0.018378312,0.463087876,0.623428848,8701.0,429.0
0.7250634808078695,0.0,0.450285275,0.625497988,8701.0,429.0
0.6718242969833653,0.0,0.453904998,0.609379522,8701.0,429.0
0.6565392025085114,0.0,0.425019079,0.602954054,8701.0,429.0
0.6501156314229382,0.0,0.392373098,0.53291323,8701.0,429.0
0.6463864811688418,0.0,0.372110778,0.469949105,8701.0,429.0
0.6474922962227504,0.004876145,0.343512875,0.503772991,8701.0,429.0
0.6539976974450328,0.029534167,0.309845654,0.512246816,8701.0,429.0
0.6848374657872,0.064982911,0.277009711,0.485443558,8701.0,429.0
0.7476853845947252,0.104927656,0.254332024,0.425068877,8701.0,429.0
0.7909982633002273,0.169175809,0.227003821,0.3074076,8701.0,429.0
0.7989443241764907,0.193710169,0.205766435,0.184156007,8701.0,429.0
0.7959691064238043,0.247520709,0.203180487,0.140596971,8701.0,429.0
0.795705395917131,0.27802988,0.202605347,0.182372282,8701.0,429.0
0.795190184870275,0.303478324,0.178417097,0.219562415,8701.0,429.0
0.7911741335401359,0.312244164,0.178595822,0.277261728,8701.0,429.0
0.7895006685368788,0.311728897,0.178759724,0.32055192,8701.0,429.0
0.790365016778411,0.31305072,0.160535302,0.319733544,8701.0,429.0
0.7877275310563012,0.280378192,0.154601837,0.34033845,8701.0,429.0
0.7860784868144374,0.242685546,0.15029588,0.377606054,8701.0,429.0
0.7886710112962113,0.202853262,0.143031714,0.4521562,8701.0,429.0
0.7936600285394608,0.164556242,0.141283688,0.530903894,8701.0,429.0
0.7896183254274926,0.102997049,0.144246122,0.582642492,8701.0,429.0
0.7823194259117143,0.07498841,0.146247671,0.594420868,8701.0,429.0
0.7620249157873499,0.010705661,0.134383058,0.574828708,8701.0,429.0
0.7300799006820002,0.0,0.119765737,0.549694669,8701.0,429.0
0.6583609458286226,0.0,0.113187793,0.467382657,8701.0,429.0
0.6400982676560182,0.0,0.104498172,0.367674352,8701.0,429.0
0.6297807034846046,0.0,0.09781517,0.290586865,8701.0,429.0
0.6248175273153577,0.0,0.096646842,0.242031974,8701.0,429.0
0.6278238391034089,0.001058615,0.106241663,0.178192072,8701.0,429.0
0.6302871114098844,0.00741539,0.118701763,0.125836291,8701.0,429.0
0.6371850971439978,0.044223167,0.118276512,0.093327376,8701.0,429.0
0.6498623800337034,0.091515957,0.115943707,0.078312089,8701.0,429.0
0.6702203564687249,0.154375818,0.111802769,0.073915824,8701.0,429.0
0.6975500079684964,0.245330814,0.107242273,0.070516329,8701.0,429.0
0.7277028598659188,0.367771134,0.106724325,0.069572468,8701.0,429.0
0.7285110301667771,0.498289669,0.110991431,0.078998716,8701.0,429.0
0.7250743189238609,0.556736998,0.122870192,0.083531302,8701.0,429.0
0.7252595125281679,0.625068428,0.121141016,0.078488669,8701.0,429.0
0.7238704878026999,0.662557801,0.126215893,0.064637614,8701.0,429.0
0.7253111946761729,0.663783766,0.133246074,0.060701915,8701.0,429.0
0.7240465945542738,0.56695754,0.137356845,0.050609216,8701.0,429.0
0.725712061652552,0.503445898,0.136995228,0.050019019,8701.0,429.0
0.7306175923490241,0.342837314,0.131176745,0.052905138,8701.0,429.0
0.7342378880056709,0.231224021,0.121789564,0.050868835,8701.0,429.0
0.7341594659564944,0.151005701,0.1119268,0.044906797,8701.0,429.0
0.7298027015547025,0.090926166,0.107510407,0.048123542,8701.0,429.0
0.73053609357717,0.021023439,0.101484355,0.060830261,8701.0,429.0
0.7117389893381867,0.0,0.09180888,0.078954762,8701.0,429.0
0.6585186423630649,0.0,0.078628213,0.135455376,8701.0,429.0
0.6428242567888085,0.0,0.077413516,0.125569195,8701.0,429.0
0.6346002868360456,0.0,0.075763283,0.105591503,8701.0,429.0
0.6306291497338535,0.0020969435,0.0835297525,0.121100765,8701.0,429.0
0.6302871114098844,0.011541468,0.093842352,0.148003712,8701.0,429.0
0.6344653078476425,0.051807345,0.104539157,0.150636431,8701.0,429.0
0.6454719183114058,0.107798444,0.111226007,0.135742434,8701.0,429.0
0.6712961183871193,0.171398853,0.101463006,0.12850552,8701.0,429.0
0.6948291301385928,0.286931395,0.093953626,0.116025495,8701.0,429.0
0.7216152687192522,0.39113915,0.107363051,0.116027163,8701.0,429.0
0.7247913929834585,0.46284165,0.12294752,0.139073331,8701.0,429.0
0.7277087283374989,0.497233351,0.174930482,0.149689511,8701.0,429.0
0.7302588944498722,0.506579714,0.203156779,0.180691831,8701.0,429.0
0.731506787569994,0.4765846,0.226965804,0.215597445,8701.0,429.0
0.7334236599410592,0.457182205,0.248651171,0.244375797,8701.0,429.0
0.7324521615600499,0.413658865,0.256510472,0.275339085,8701.0,429.0
0.7343098737067472,0.398864575,0.258739963,0.308607995,8701.0,429.0
0.7397143818858342,0.323565292,0.243646907,0.338830839,8701.0,429.0
0.7430578101942443,0.275424743,0.220473778,0.345609471,8701.0,429.0
0.7437899716104817,0.202297896,0.202246317,0.306334669,8701.0,429.0
0.7379353282999785,0.13862718,0.207101235,0.251811767,8701.0,429.0
0.7287673574502773,0.033089933,0.204905129,0.189488973,8701.0,429.0
0.7152003586825736,0.0,0.207068147,0.145825404,8701.0,429.0
0.6743956186706931,0.0,0.237847107,0.130682158,8701.0,429.0
0.6597900574174109,0.0,0.232995545,0.139305839,8701.0,429.0
0.6535105993924657,0.0,0.219066684,0.144900179,8701.0,429.0
0.6512499376412764,0.0,0.207015619,0.159943122,8701.0,429.0
0.6520451871980303,0.004844451,0.19088929,0.168556777,8701.0,429.0
0.6585266879017415,0.025593332,0.183516198,0.183441966,8701.0,429.0
0.6894953770543524,0.092987793,0.175968863,0.193124016,8701.0,429.0
0.751091522045099,0.159260352,0.162302655,0.188704608,8701.0,429.0
0.7921243819072071,0.253211651,0.133567073,0.159247786,8701.0,429.0
0.7997697217219487,0.357031326,0.120109163,0.148380935,8701.0,429.0
0.7981122057233636,0.4971066,0.131874395,0.145100202,8701.0,429.0
0.8000504701810482,0.625843547,0.160996084,0.150785208,8701.0,429.0
0.7977246857091335,0.716559776,0.149143209,0.10838262,8701.0,429.0
0.7989735725096138,0.707591934,0.191768052,0.102331895,8701.0,429.0
0.7965296577095488,0.73590048,0.218721896,0.111031254,8701.0,429.0
0.7983970249997056,0.673386348,0.202830755,0.095238917,8701.0,429.0
0.7949104773110258,0.570224602,0.176125261,0.066430664,8701.0,429.0
0.7936414286159498,0.510491553,0.134066288,0.05832488,8701.0,429.0
0.7971368738651892,0.434623343,0.097159025,0.053388429,8701.0,429.0
0.7999960430894265,0.316817437,0.065954368,0.051121758,8701.0,429.0
0.7988483431036536,0.21007176,0.054045634,0.060633603,8701.0,429.0
0.7862604152323055,0.159515223,0.048763126,0.097209646,8701.0,429.0
0.7547471718465262,0.040158014,0.045551479,0.156228369,8701.0,429.0
0.723288781356207,0.0,0.046500674,0.24121409,8701.0,429.0
0.6727685820256668,0.0,0.053806837,0.248442399,8701.0,429.0
0.658362270873836,0.0,0.061110536,0.223068989,8701.0,429.0
0.651076055176291,0.0,0.070486687,0.169688392,8701.0,429.0
0.647473246885655,0.0025680315,0.08018787399999999,0.13540029199999998,8701.0,429.0
0.6534111634268103,0.018241865,0.085640808,0.12735368,8701.0,429.0
0.6844175258639795,0.093236685,0.082099287,0.118421843,8701.0,429.0
0.7501612930857359,0.181232933,0.080786745,0.114074945,8701.0,429.0
0.7902811044277949,0.295236853,0.079636113,0.11251291,8701.0,429.0
0.7998301117241342,0.480547965,0.069814273,0.10860093,8701.0,429.0
0.7971634721078853,0.598783864,0.077264417,0.111697539,8701.0,429.0
0.8001261949203059,0.701072544,0.085293959,0.112899472,8701.0,429.0
0.7986185192096596,0.784828477,0.073782403,0.086028697,8701.0,429.0
0.7998639987510195,0.827387941,0.079816331,0.086205943,8701.0,429.0
0.8009949445155231,0.843810526,0.089099996,0.114506211,8701.0,429.0
0.8048425088289266,0.805210044,0.098916705,0.16583853,8701.0,429.0
0.8017612771040089,0.729736659,0.103484796,0.18932079,8701.0,429.0
0.7995709446438276,0.605792749,0.10164539,0.176528318,8701.0,429.0
0.7997689641390492,0.485705489,0.097710997,0.146310535,8701.0,429.0
0.8012929206334284,0.363253377,0.082241694,0.114369499,8701.0,429.0
0.7994590617858103,0.256740292,0.078261016,0.090863602,8701.0,429.0
0.7891334988810058,0.188334715,0.071895463,0.069202776,8701.0,429.0
0.756377568531181,0.053828655,0.065982221,0.050989256,8701.0,429.0
0.7248679693303933,0.001193308,0.061734906,0.048549527,8701.0,429.0
0.672938110356459,0.0,0.060706216,0.062460579,8701.0,429.0
0.6586206811996553,0.0,0.067475195,0.124173269,8701.0,429.0
0.6521330750984928,0.0,0.077265544,0.204894644,8701.0,429.0
0.6500247382503448,0.0020110165,0.0989373425,0.262208017,8701.0,429.0
0.6558763762887173,0.027889314,0.130919496,0.291786399,8701.0,429.0
0.6865176512839204,0.101952815,0.160852021,0.341513517,8701.0,429.0
0.7501650321239173,0.171672849,0.19612103,0.515175601,8701.0,429.0
0.7878720699207679,0.264368371,0.210894546,0.602960665,8701.0,429.0
0.798342503054894,0.378720253,0.227484022,0.65893239,8701.0,429.0
0.7953122907482716,0.456956033,0.287159551,0.701236891,8701.0,429.0
0.7940677576677785,0.517440207,0.341260245,0.729088622,8701.0,429.0
0.7933862370854896,0.480379413,0.388569372,0.72147037,8701.0,429.0
0.7920444927401357,0.457793664,0.447426757,0.708761431,8701.0,429.0
0.7893777578564909,0.420360455,0.498444576,0.70306559,8701.0,429.0
0.7891138580576442,0.357713694,0.55667434,0.688921784,8701.0,429.0
0.7872615409449906,0.325055356,0.602329944,0.642777732,8701.0,429.0
0.7879441504750339,0.258564122,0.627134638,0.599779477,8701.0,429.0
0.7904965880934874,0.212086832,0.637368915,0.571567787,8701.0,429.0
0.7935400048753711,0.17468653,0.632174586,0.539662986,8701.0,429.0
0.7884688741784616,0.113788813,0.620572777,0.496370298,8701.0,429.0
0.7814770376333219,0.086543519,0.578556388,0.436300836,8701.0,429.0
0.7588921916208068,0.036710816,0.537698343,0.378131517,8701.0,429.0
0.7287211656037117,0.001001408,0.497165963,0.329773662,8701.0,429.0
0.6722447103441223,0.0,0.429516467,0.260983246,8701.0,429.0
0.6569793515458195,0.0,0.397018078,0.232956347,8701.0,429.0
0.6516494793653389,0.0,0.34900413100000005,0.220785934,8701.0,429.0
0.6573332690927334,0.004526235,0.305522082,0.204960122,8701.0,429.0
0.6678942402177491,0.031716516,0.280354046,0.206845581,8701.0,429.0
0.7003769946238206,0.102104419,0.260987256,0.235842,8701.0,429.0
0.7522830475181675,0.182121976,0.238138667,0.274054089,8701.0,429.0
0.791196283209655,0.272475587,0.21876745,0.310835858,8701.0,429.0
0.79799095186725,0.39290093,0.201633929,0.345832976,8701.0,429.0
0.7995845749229274,0.514026503,0.193814286,0.370561682,8701.0,429.0
0.79498960972361,0.648865375,0.184771629,0.398329014,8701.0,429.0
0.7946488490182595,0.789338491,0.174544583,0.416668521,8701.0,429.0
0.7947446407989233,0.825481825,0.216043684,0.461795871,8701.0,429.0
0.7894809328603276,0.826367197,0.259584794,0.499214787,8701.0,429.0
0.7885512245579929,0.792073063,0.30060944,0.551816024,8701.0,429.0
0.787296279579553,0.732191786,0.33723349,0.585042278,8701.0,429.0
0.7862467373195078,0.609640557,0.365900971,0.597140578,8701.0,429.0
0.7887467832549608,0.499391915,0.387281725,0.652286056,8701.0,429.0
0.792311137482599,0.37175935,0.382892975,0.691344924,8701.0,429.0
0.7906111214561378,0.250641507,0.35552088,0.686280867,8701.0,429.0
0.7808344201134093,0.169777392,0.328937592,0.618994475,8701.0,429.0
0.7590350268557131,0.048462571,0.307950622,0.54201765,8701.0,429.0
0.7295671980670957,0.0,0.280345391,0.499954685,8701.0,429.0
0.6730401964125413,0.0,0.263663021,0.458667339,8701.0,429.0
0.6589080084937428,0.0,0.247519244,0.431773936,8701.0,429.0
0.6531800617070946,0.0,0.229270147,0.36882873,8701.0,429.0
0.6570454211416178,0.0,0.213278141,0.288535402,8701.0,429.0
0.6609843282483021,0.00178682,0.20154932,0.231850869,8701.0,429.0
0.672955243162075,0.012023312,0.183809188,0.193923877,8701.0,429.0
0.7009993558101538,0.091457482,0.16026258,0.156946348,8701.0,429.0
0.7508253503259661,0.170335881,0.135803218,0.137750604,8701.0,429.0
0.790022600077198,0.279839449,0.117816266,0.144956183,8701.0,429.0
0.7970506423747951,0.410152059,0.12066817,0.192396736,8701.0,429.0
0.7967138576334971,0.524258474,0.128898585,0.271746,8701.0,429.0
0.7938613136353274,0.624379372,0.15171934,0.345457449,8701.0,429.0
0.7929012212468295,0.702314766,0.153041799,0.355945054,8701.0,429.0
0.7928476933965826,0.717526049,0.176025022,0.360241786,8701.0,429.0
0.7894053974132432,0.753048387,0.192798956,0.349200795,8701.0,429.0
0.7901760841359224,0.730724218,0.198446238,0.336126659,8701.0,429.0
0.7878843279351624,0.664923157,0.206605529,0.322293117,8701.0,429.0
0.7882926253542062,0.570970706,0.205642025,0.284552822,8701.0,429.0
0.7904965880934874,0.470835492,0.195921098,0.246882649,8701.0,429.0
0.7935680706501682,0.344454809,0.184635713,0.214644853,8701.0,429.0
0.7910016709735537,0.232687691,0.173766354,0.201515934,8701.0,429.0
0.7823561995406918,0.145820695,0.165643873,0.211467621,8701.0,429.0
0.7588923809129801,0.052148119,0.149269532,0.240877714,8701.0,429.0
0.728262890080429,0.001088085,0.139706679,0.296984614,8701.0,429.0
0.6579911260823226,0.0,0.120188213,0.33420486,8701.0,429.0
0.6428242567888085,0.0,0.133432663,0.411840229,8701.0,429.0
0.6387239617431985,0.0,0.147393617,0.504962729,8701.0,429.0
0.6383454809480037,0.0,0.161665491,0.592822638,8701.0,429.0
0.640928161408351,0.002530154,0.176879317,0.656960125,8701.0,429.0
0.6382353493532446,0.013727181,0.195089859,0.696768801,8701.0,429.0
0.6425109935675288,0.087002418,0.207830981,0.718403721,8701.0,429.0
0.6474417030224998,0.150148243,0.206628765,0.729748065,8701.0,429.0
0.6694121861678667,0.251225327,0.213373031,0.729669503,8701.0,429.0
0.695652681981809,0.365345222,0.23390274,0.72411657,8701.0,429.0
0.7205826227531579,0.472082445,0.262172893,0.706349231,8701.0,429.0
0.7254165463329003,0.559092882,0.295762453,0.676860561,8701.0,429.0
0.7251959985838129,0.628472012,0.310729234,0.588867416,8701.0,429.0
0.7269671010699754,0.663545251,0.338789814,0.490271777,8701.0,429.0
0.7274763487920617,0.655729666,0.347176336,0.408516687,8701.0,429.0
0.7285990597257151,0.596983076,0.368899539,0.364390664,8701.0,429.0
0.7279477339374159,0.545619447,0.378813341,0.334270627,8701.0,429.0
0.7298445392670749,0.486464728,0.352174892,0.309878486,8701.0,429.0
0.7339951437817787,0.436161182,0.330797596,0.311738729,8701.0,429.0
0.7365503739775469,0.351941287,0.31479961,0.310325962,8701.0,429.0
0.7360227156241229,0.24452086,0.278241386,0.342648275,8701.0,429.0
0.7300122218956254,0.171518336,0.259185474,0.404779723,8701.0,429.0
0.727266497086284,0.066714491,0.240126351,0.492184791,8701.0,429.0
0.7136474848057202,0.00218931,0.225579163,0.592235216,8701.0,429.0
0.6581027252091828,0.0,0.21099738,0.650838112,8701.0,429.0
0.640528761549867,0.0,0.223118443,0.738154882,8701.0,429.0
0.6309331366031236,0.0,0.234923081,0.78745837,8701.0,429.0
0.6263387388661201,0.001370193,0.258896849,0.820587448,8701.0,429.0
0.62721913137972,0.007099933,0.285072062,0.849861249,8701.0,429.0
0.6277706902517148,0.014342565,0.313385591,0.87468595,8701.0,429.0
0.6334974064321331,0.068575235,0.344240762,0.889407879,8701.0,429.0
0.6459610513583879,0.123731123,0.364540056,0.8985396,8701.0,429.0
0.6707310236750083,0.194166667,0.343777824,0.901792167,8701.0,429.0
0.6965090319041561,0.328829312,0.350806222,0.90224295,8701.0,429.0
0.7212004877326161,0.391851986,0.423161667,0.900100983,8701.0,429.0
0.7260419366082133,0.441822148,0.50107012,0.898332214,8701.0,429.0
0.7267467426130614,0.47448036,0.546735195,0.896650526,8701.0,429.0
0.7288745080039606,0.502071244,0.602111801,0.897876169,8701.0,429.0
0.7277909370585547,0.503925368,0.640139048,0.904334677,8701.0,429.0
0.7285990597257151,0.490148661,0.663108506,0.903282613,8701.0,429.0
0.7277682667320073,0.457232304,0.662691447,0.89818585,8701.0,429.0
0.728965093214342,0.400904576,0.651667209,0.893332173,8701.0,429.0
0.7337742646678362,0.321354863,0.621994432,0.884003982,8701.0,429.0
0.7368551178084072,0.242436821,0.59096345,0.87680632,8701.0,429.0
0.7368355242045375,0.153559952,0.569441284,0.867971102,8701.0,429.0
0.7312640905655935,0.101044179,0.546722151,0.853081374,8701.0,429.0
0.7252782545243605,0.038445001,0.52787771,0.845880931,8701.0,429.0
0.7122852476151216,0.0,0.49801627,0.853023096,8701.0,429.0
0.6723636922799494,0.0,0.436599609,0.884247929,8701.0,429.0
0.6589118419709078,0.0,0.429894004,0.869630289,8701.0,429.0
0.6521330750984928,0.0,0.407024428,0.854202913,8701.0,429.0
0.6498836776813394,0.0,0.38331303,0.834200453,8701.0,429.0
0.6504813335467102,0.00116449,0.36195519,0.822935414,8701.0,429.0
0.6561624729765748,0.012661112,0.344984075,0.832065729,8701.0,429.0
0.6880250904829015,0.102750515,0.32709963,0.845439168,8701.0,429.0
0.7499331256018104,0.169636232,0.320509217,0.862932293,8701.0,429.0
0.7919553270139515,0.269553252,0.297934477,0.872703628,8701.0,429.0
0.7998787647831596,0.366499484,0.332076703,0.871765628,8701.0,429.0
0.7969209639814521,0.479180661,0.36909973,0.858343517,8701.0,429.0
0.7981084194656903,0.56008085,0.369921863,0.820694555,8701.0,429.0
0.7989596580851508,0.638633343,0.332538911,0.686543762,8701.0,429.0
0.7975266657997058,0.685299589,0.385242941,0.654813868,8701.0,429.0
0.7948248141113579,0.721748694,0.398440322,0.610668442,8701.0,429.0
0.7956981071329416,0.720692626,0.383510408,0.568035241,8701.0,429.0
0.7939661450492326,0.651193965,0.366526789,0.5432824,8701.0,429.0
0.7944465698278284,0.555830725,0.344916532,0.505288853,8701.0,429.0
0.7958692446543102,0.445600428,0.29820644,0.457847014,8701.0,429.0
0.7976581426757987,0.309587577,0.240604171,0.399018982,8701.0,429.0
0.7940595228369285,0.174969622,0.21649783,0.386440925,8701.0,429.0
0.7857911123008582,0.094174247,0.202451363,0.395300719,8701.0,429.0
0.7538695242765431,0.038707477,0.177831666,0.378971157,8701.0,429.0
0.723288781356207,0.002632045,0.142171197,0.338743528,8701.0,429.0
0.6726940406731471,0.0,0.10267444,0.310748029,8701.0,429.0
0.6565875242026818,0.0,0.087972549,0.281064505,8701.0,429.0
0.6486470008473496,0.0,0.074851494,0.238843589,8701.0,429.0
0.6469770379564026,0.0,0.063593644,0.207879209,8701.0,429.0
0.6480124292803198,0.001786827,0.057761013,0.189140303,8701.0,429.0
0.6545458486437012,0.016156603,0.059432083,0.158582047,8701.0,429.0
0.684977177494143,0.054250742,0.062269295,0.126216336,8701.0,429.0
0.748730903671226,0.105366794,0.064116226,0.13677775,8701.0,429.0
0.787963602006222,0.18063482,0.068499504,0.213565057,8701.0,429.0
0.7969504968741441,0.294229886,0.109482213,0.316336011,8701.0,429.0
0.7950464027602957,0.385468398,0.15633031,0.378087969,8701.0,429.0
0.7936885197038904,0.433371924,0.190892209,0.399130691,8701.0,429.0
0.7943028825710386,0.415930143,0.171524289,0.403423215,8701.0,429.0
0.7961370255640199,0.403033161,0.207152286,0.446048306,8701.0,429.0
0.7962365087491671,0.422416728,0.240757663,0.480272399,8701.0,429.0
0.7970606756883951,0.438508157,0.28304696,0.496087204,8701.0,429.0
0.7947601639997568,0.483500052,0.333251709,0.511243311,8701.0,429.0
0.7938806707275319,0.430237084,0.352993275,0.497349511,8701.0,429.0
0.7974642876083908,0.380510021,0.356372859,0.482206416,8701.0,429.0
0.7996674935931848,0.294875844,0.34771858,0.461300756,8701.0,429.0
0.7953127641858081,0.219815054,0.334644212,0.436356465,8701.0,429.0
0.7859291675977328,0.137769846,0.315724213,0.41987633,8701.0,429.0
0.7554156776599332,0.077091976,0.291375739,0.405805362,8701.0,429.0
0.7238401505218225,0.005148375,0.265365239,0.383019658,8701.0,429.0
0.6727685820256668,0.0,0.194743132,0.326998873,8701.0,429.0
0.6568338185867882,0.0,0.19187104,0.323147591,8701.0,429.0
0.6482517188184967,0.0010361895,0.17796046599999998,0.310881756,8701.0,429.0
0.6474949939468754,0.009544195,0.166918957,0.288047599,8701.0,429.0
0.6537268874463434,0.030666655,0.152995028,0.277241884,8701.0,429.0
0.6845974188732266,0.116471258,0.133270595,0.264799057,8701.0,429.0
0.7498495446160492,0.173800341,0.119960538,0.257669437,8701.0,429.0
0.7877162667222652,0.286693502,0.10820553,0.23746114,8701.0,429.0
0.7985013353423763,0.391994089,0.097868274,0.220454802,8701.0,429.0
0.7950233070441158,0.534739673,0.099475133,0.208914792,8701.0,429.0
0.7939032462008895,0.654800413,0.103529199,0.203491028,8701.0,429.0
0.7921524000483063,0.74434729,0.10608681,0.200797772,8701.0,429.0
0.7937409590205888,0.784464917,0.1354395,0.246948961,8701.0,429.0
0.7930826762271612,0.797895233,0.159519076,0.291972827,8701.0,429.0
0.7941350578698068,0.742647986,0.165155604,0.32063302,8701.0,429.0
0.7923307315006747,0.698887684,0.172055301,0.334194044,8701.0,429.0
0.7919423590503554,0.623519189,0.175287723,0.333607916,8701.0,429.0
0.793859988590114,0.521199762,0.158435325,0.327999113,8701.0,429.0
0.7965708326922114,0.398044432,0.1333095,0.294395763,8701.0,429.0
0.7939795860361591,0.282675177,0.119952811,0.242845861,8701.0,429.0
0.7849470199786995,0.206824392,0.115744417,0.196553476,8701.0,429.0
0.7539078126571135,0.115543018,0.100707932,0.173866688,8701.0,429.0
0.7263960434473006,0.007141573,0.082236014,0.153263157,8701.0,429.0
0.6716336602971107,0.0,0.051646521,0.104887156,8701.0,429.0
0.6564478124957388,0.0,0.058323353,0.117908053,8701.0,429.0
0.6490091300295737,0.0008257825,0.076591569,0.170692071,8701.0,429.0
0.6503589439375566,0.00409194,0.094009063,0.243314259,8701.0,429.0
0.6574571734534801,0.023350127,0.104637383,0.263732034,8701.0,429.0
0.6859139848742879,0.108791965,0.11489004,0.245724875,8701.0,429.0
0.7492006328207179,0.179208824,0.117416374,0.228514217,8701.0,429.0
0.7880048718420744,0.269233185,0.102572141,0.222725132,8701.0,429.0
0.7977069850269973,0.397728642,0.106325754,0.22115539,8701.0,429.0
0.7950327724811959,0.513636095,0.147921761,0.222133449,8701.0,429.0
0.7954695138451774,0.617828481,0.18575117,0.214560229,8701.0,429.0
0.7988839337600991,0.718882326,0.194384283,0.161329696,8701.0,429.0
0.7971116951066903,0.747108717,0.236379252,0.167124748,8701.0,429.0
0.7960206937186196,0.752522283,0.250189497,0.176047291,8701.0,429.0
0.7991775557438113,0.741794466,0.246394502,0.175816772,8701.0,429.0
0.7965644907830949,0.709402258,0.233610944,0.173182192,8701.0,429.0
0.7954751930245841,0.623165177,0.221413827,0.174396356,8701.0,429.0
0.7981707976570053,0.515109122,0.208726879,0.174729346,8701.0,429.0
0.7993102628119281,0.395814583,0.186235641,0.167655163,8701.0,429.0
0.7992409748349766,0.275161395,0.161625035,0.177374084,8701.0,429.0
0.7896807036188074,0.201379329,0.149960748,0.21848095,8701.0,429.0
0.7580993552286085,0.116846031,0.131092599,0.283553704,8701.0,429.0
0.7262349868732297,0.005136862,0.108260831,0.356580014,8701.0,429.0
0.6732075476762368,0.0,0.09047551,0.437794565,8701.0,429.0
0.6586824438807523,0.0,0.092142902,0.450841601,8701.0,429.0
0.652153378651564,0.0,0.091623085,0.460029272,8701.0,429.0
0.6483019812752016,0.001436715,0.097583295,0.466986426,8701.0,429.0
0.6480685600015017,0.013976636,0.103934562,0.473809588,8701.0,429.0
0.6533653029450995,0.051480213,0.105575173,0.486674011,8701.0,429.0
0.6868411371109733,0.170771235,0.106322424,0.485268281,8701.0,429.0
0.7499331256018104,0.243326197,0.108799379,0.48979805,8701.0,429.0
0.7920359737639225,0.361875526,0.11695005,0.515034343,8701.0,429.0
0.801396474221612,0.516211555,0.137611464,0.546964779,8701.0,429.0
0.8005112541362825,0.664670702,0.189133318,0.576887312,8701.0,429.0
0.8012192785222837,0.777022733,0.236871764,0.607976926,8701.0,429.0
0.8030264451024283,0.87842687,0.25882632,0.601711449,8701.0,429.0
0.8087826465418407,0.915405703,0.291538295,0.617413169,8701.0,429.0
0.8110077176365845,0.917916267,0.310315042,0.620965834,8701.0,429.0
0.8161726047055367,0.864699008,0.33076889,0.605018718,8701.0,429.0
0.8145763315594323,0.778512509,0.351704172,0.560432663,8701.0,429.0
0.8098586921913922,0.685157303,0.359508079,0.473062059,8701.0,429.0
0.8110690545138429,0.546844588,0.357270572,0.407344288,8701.0,429.0
0.8115170597976543,0.391260071,0.351701062,0.382285361,8701.0,429.0
0.8062924446278145,0.260160938,0.338845983,0.357847479,8701.0,429.0
0.7933362585670447,0.170998751,0.330527237,0.343423011,8701.0,429.0
0.7652976834398972,0.094259364,0.304831251,0.324575744,8701.0,429.0
0.7344903350067202,0.005635388,0.290370748,0.31152047,8701.0,429.0
0.6602205513112596,0.0,0.290586984,0.291020159,8701.0,429.0
0.6441304104777169,0.0,0.29054395,0.2908702,8701.0,429.0
0.6347240967578086,0.0,0.284951166,0.315772809,8701.0,429.0
0.6265679004446104,0.002382037,0.290102605,0.366568702,8701.0,429.0
0.6259990194748262,0.008438604,0.289650079,0.397860537,8701.0,429.0
0.6280201077495785,0.025636909,0.28704041,0.402893036,8701.0,429.0
0.6373792831620544,0.128799128,0.27806448,0.394313677,8701.0,429.0
0.6519495379042541,0.195425964,0.251325657,0.379075714,8701.0,429.0
0.6760331620668558,0.318036509,0.230105612,0.380135596,8701.0,429.0
0.704038181946179,0.444827181,0.212341932,0.390673482,8701.0,429.0
0.7285956520523885,0.579540403,0.212427611,0.407643511,8701.0,429.0
0.7348651712027173,0.696953644,0.217583892,0.409253913,8701.0,429.0
0.7350123609860232,0.774619081,0.202293085,0.365768726,8701.0,429.0
0.7416920232576376,0.790256702,0.215664595,0.370429928,8701.0,429.0
0.7401280275336359,0.783918506,0.233509331,0.411228653,8701.0,429.0
0.744522512025272,0.778769159,0.253747648,0.446139177,8701.0,429.0
0.7457478300862422,0.731247537,0.278936115,0.47219134,8701.0,429.0
0.7479014361369378,0.641827408,0.280432166,0.462791362,8701.0,429.0
0.7523184488824397,0.510610011,0.28447425,0.449689391,8701.0,429.0
0.7497391760954188,0.383028978,0.279444901,0.413736821,8701.0,429.0
0.7506482494798277,0.266549109,0.272077781,0.378417336,8701.0,429.0
0.7429064555689187,0.159053546,0.240709654,0.349441688,8701.0,429.0
0.7346635547419959,0.089348844,0.214016975,0.33976657,8701.0,429.0
0.7176835555435676,0.007059495,0.193909798,0.327650036,8701.0,429.0
0.6602905492374126,0.0,0.160975305,0.279032294,8701.0,429.0
0.6441117633347141,0.0,0.149155627,0.258143089,8701.0,429.0
0.6334803208460089,0.0,0.15042843,0.270629618,8701.0,429.0
0.6264205451859802,0.006020536,0.14397182349999998,0.290791297,8701.0,429.0
0.6279295221249911,0.034191664,0.135546664,0.297067187,8701.0,429.0
0.6377729089879419,0.119110304,0.139700141,0.301397709,8701.0,429.0
0.6514102842661456,0.192364144,0.148202927,0.296959444,8701.0,429.0
0.6786662936547723,0.310923795,0.145714829,0.289870192,8701.0,429.0
0.7085631019998515,0.412525771,0.152130786,0.295568621,8701.0,429.0
0.7313865750279369,0.52349733,0.18029169,0.312648862,8701.0,429.0
0.738549359802272,0.626702974,0.204865522,0.326554906,8701.0,429.0
0.7414304894038549,0.704568052,0.197864125,0.321676401,8701.0,429.0
0.7472202937247896,0.733512292,0.230063445,0.317624447,8701.0,429.0
0.7494606042892099,0.732087384,0.238514488,0.308979378,8701.0,429.0
0.7501710898876708,0.65402484,0.246399954,0.291978153,8701.0,429.0
0.7493456923422128,0.573314306,0.244084516,0.272324689,8701.0,429.0
0.7485039195740384,0.484528535,0.238497443,0.250329044,8701.0,429.0
0.7520129951023777,0.396676029,0.226985516,0.238103282,8701.0,429.0
0.7499652141459457,0.319643759,0.218729549,0.242354914,8701.0,429.0
0.750539111151221,0.223748104,0.211349745,0.246205528,8701.0,429.0
0.7468380743056195,0.155583556,0.227577657,0.23111472,8701.0,429.0
0.7377677405246177,0.089553281,0.239846613,0.205906047,8701.0,429.0
0.7239712488135688,0.005913971,0.232479743,0.184132347,8701.0,429.0
0.6746161664197805,0.0,0.209733418,0.196777837,8701.0,429.0
0.6615713825093468,0.0,0.209435932,0.214185933,8701.0,429.0
0.6559553662144137,0.0,0.205353125,0.246576478,8701.0,429.0
0.6537503621610761,0.001300574,0.202163041,0.271446207,8701.0,429.0
0.6540287446751117,0.012332232,0.199328053,0.292015862,8701.0,429.0
0.6604936332302351,0.052341437,0.19903149,0.329846731,8701.0,429.0
0.6920019069716034,0.127998284,0.183267821,0.358152422,8701.0,429.0
0.7523953093747375,0.191901081,0.167116792,0.377714221,8701.0,429.0
0.7927842266717194,0.290284685,0.138911526,0.387946953,8701.0,429.0
0.8057763819732814,0.364689829,0.136200269,0.395372,8701.0,429.0
0.8005112541362825,0.489024469,0.159817921,0.414188198,8701.0,429.0
0.800977244247593,0.598292634,0.200484095,0.428085009,8701.0,429.0
0.8002337236441299,0.689840045,0.189221058,0.362663597,8701.0,429.0
0.8028691271523327,0.704501729,0.217351443,0.355808217,8701.0,429.0
0.8053496739228998,0.698042692,0.223443904,0.387294625,8701.0,429.0
0.8064618785196228,0.661472116,0.218819989,0.427454434,8701.0,429.0
0.8004582469430639,0.570267055,0.219239366,0.448351033,8701.0,429.0
0.7973021425007717,0.49246599,0.215267343,0.433360921,8701.0,429.0
0.796370067839167,0.379572951,0.201176427,0.399816509,8701.0,429.0
0.8001107661584562,0.259344174,0.195552207,0.408318203,8701.0,429.0
0.7996152435686595,0.175415141,0.202659882,0.429308764,8701.0,429.0
0.7904499228093855,0.122417053,0.205757182,0.450331186,8701.0,429.0
0.7586416379556968,0.080883745,0.207635307,0.494686218,8701.0,429.0
0.7303299336900818,0.008632877,0.214743567,0.557783537,8701.0,429.0
0.6748525691487622,0.0,0.227581769,0.594725214,8701.0,429.0
0.6607479255193204,0.0,0.237305976,0.576400461,8701.0,429.0
0.6540359858256033,0.0,0.244480563,0.556467721,8701.0,429.0
0.6512499376412764,0.001740308,0.253447544,0.529767186,8701.0,429.0
0.6517383135195651,0.005439709,0.263821211,0.490950348,8701.0,429.0
0.6585266879017415,0.029165557,0.273055444,0.445487179,8701.0,429.0
0.6895462548141721,0.122984682,0.278962533,0.431937731,8701.0,429.0
0.7523553645840988,0.184724932,0.277576669,0.435937887,8701.0,429.0
0.7919369636021055,0.27929101,0.274410831,0.455807484,8701.0,429.0
0.8014500492913506,0.375524478,0.291447087,0.4787011,8701.0,429.0
0.8013003987097912,0.475296011,0.325495397,0.497032703,8701.0,429.0
0.7996538628998789,0.556674229,0.344139619,0.507537326,8701.0,429.0
0.8005511040737316,0.595792601,0.348984448,0.524746671,8701.0,429.0
0.8047397128236425,0.608585065,0.360657355,0.517853813,8701.0,429.0
0.8101041345536153,0.574889487,0.369336172,0.518534568,8701.0,429.0
0.8168478786461048,0.526453539,0.367418205,0.49468301,8701.0,429.0
0.8145763315594323,0.464011144,0.360048379,0.480328068,8701.0,429.0
0.8173923380260837,0.423308942,0.360071994,0.479509648,8701.0,429.0
0.8193775514990276,0.348251743,0.359665009,0.486714215,8701.0,429.0
0.8193403520662114,0.283065256,0.346544767,0.477151264,8701.0,429.0
0.8139290757599632,0.215889543,0.324803999,0.464257572,8701.0,429.0
0.7990168301203894,0.15454394,0.303563193,0.45389956,8701.0,429.0
0.7673329698702696,0.100455903,0.276472345,0.446563656,8701.0,429.0
0.7380722006243212,0.00425841,0.249226011,0.424151042,8701.0,429.0
0.6774340662223716,0.0,0.237705243,0.375933195,8701.0,429.0
0.6630889970946094,0.0,0.233199674,0.367777235,8701.0,429.0
0.6559349682223589,0.0,0.2380947,0.357392099,8701.0,429.0
0.6539626750793134,0.0,0.24319892,0.349937579,8701.0,429.0
0.6546948364955509,0.002042778,0.245027999,0.339768049,8701.0,429.0
0.661149218299538,0.027077127,0.241605162,0.339534742,8701.0,429.0
0.6934986501272746,0.137055518,0.238641591,0.3585264,8701.0,429.0
0.7573091225357576,0.196908326,0.224239848,0.388702827,8701.0,429.0
0.8011306810868256,0.306592917,0.190881135,0.412078758,8701.0,429.0
0.806865963462949,0.416701829,0.181840713,0.414866071,8701.0,429.0
0.8093318386403596,0.541773169,0.203832736,0.428229045,8701.0,429.0
0.8168139916192194,0.66653133,0.224888735,0.463765166,8701.0,429.0
0.8381649065697738,0.741018005,0.173895442,0.434979311,8701.0,429.0
0.852170161453052,0.781964642,0.178302601,0.475155019,8701.0,429.0
0.8611685091187713,0.794395619,0.181179886,0.511967677,8701.0,429.0
0.8599412036970842,0.747389487,0.174652255,0.525830878,8701.0,429.0
0.8532942922851087,0.700161237,0.167804789,0.545655676,8701.0,429.0
0.8501517236829328,0.583839236,0.1656225,0.561716253,8701.0,429.0
0.848134326812664,0.47382104,0.157069928,0.569221111,8701.0,429.0
0.8428798954331809,0.377235995,0.150568255,0.575607132,8701.0,429.0
0.8304192319622079,0.26889608,0.144359046,0.56633401,8701.0,429.0
0.8096153324572819,0.19128859,0.146299769,0.531487989,8701.0,429.0
0.7712758997462921,0.133347219,0.146977726,0.465543778,8701.0,429.0
0.7403716709989031,0.014922195,0.140919515,0.389945793,8701.0,429.0
0.6781571407858759,0.00117566,0.132085869,0.327560105,8701.0,429.0
0.6628419931755076,0.0,0.142432253,0.269338,8701.0,429.0
0.6586673464837575,0.0,0.159676008,0.212825229,8701.0,429.0
0.6569868292079761,0.003084539,0.179966879,0.18603267,8701.0,429.0
0.6546948364955509,0.019316792,0.191771837,0.20501177,8701.0,429.0
0.6605315898317446,0.070910912,0.205505268,0.278024432,8701.0,429.0
0.6934986501272746,0.182305912,0.209228863,0.362077028,8701.0,429.0
0.7585121488545272,0.252265477,0.187207393,0.416709736,8701.0,429.0
0.8011306810868256,0.373960029,0.149722694,0.402118434,8701.0,429.0
0.8064770231361095,0.515021226,0.15617773,0.339729649,8701.0,429.0
0.8136504095147706,0.640996439,0.196252702,0.258206621,8701.0,429.0
0.8216030960313077,0.735686491,0.239631693,0.205263842,8701.0,429.0
0.8376523460275508,0.77250035,0.17862446,0.128090223,8701.0,429.0
0.8428643718181414,0.791381204,0.19803554,0.121669677,8701.0,429.0
0.844011598780584,0.750271714,0.220142445,0.138315439,8701.0,429.0
0.8481594107179731,0.718229984,0.240711262,0.156280534,8701.0,429.0
0.841546385918677,0.616984117,0.243924805,0.162182777,8701.0,429.0
0.840524861799731,0.548797661,0.228954485,0.13161823,8701.0,429.0
0.8376833928434237,0.459574005,0.207951724,0.077150836,8701.0,429.0
0.8294906594129132,0.340265476,0.176726686,0.054417835,8701.0,429.0
0.821842290923398,0.22880633,0.146779034,0.077983731,8701.0,429.0
0.8085837746105299,0.153501778,0.145771125,0.096492048,8701.0,429.0
0.7687538938476995,0.099467748,0.149242438,0.104314201,8701.0,429.0
0.7385452898134417,0.010012922,0.150213734,0.110104616,8701.0,429.0
0.6600812181886633,0.001200334,0.123202869,0.106073117,8701.0,429.0
0.6414251511160426,0.0,0.114684465,0.095929867,8701.0,429.0
0.6333159986712932,0.00113905,0.101282153,0.097395679,6549.0,323.0
0.6315339632159496,0.005217492,0.092165048,0.08497826,6549.0,323.0
0.6319176973867126,0.014441288,0.088124803,0.073303191,6549.0,323.0
0.6372318568670835,0.048740696,0.082624989,0.075438122,6549.0,323.0
0.6659971039374412,0.128333787,0.090491862,0.086577895,6549.0,323.0
0.7252331035776451,0.175398888,0.100301813,0.08018686,6549.0,323.0
0.7726618481632885,0.262676722,0.103784209,0.0682892,6549.0,323.0
0.7799483480061966,0.363440214,0.11114,0.060845085,6549.0,323.0
0.779611468411709,0.450191157,0.141188276,0.069182856,6549.0,323.0
0.7920429779885427,0.527375712,0.173371285,0.088620307,6549.0,323.0
0.8037742249868949,0.546467001,0.163506464,0.092656118,6549.0,323.0
0.8113542519603254,0.582188401,0.185912181,0.121375618,6549.0,323.0
0.8153325355669224,0.594708362,0.212916346,0.15286254,6549.0,323.0
0.8150897437093323,0.554178494,0.235665996,0.189166478,6549.0,323.0
0.8116840324770032,0.505006599,0.25892564,0.229302382,6549.0,323.0
0.8168598052956444,0.429281963,0.265928954,0.249285067,6549.0,323.0
0.8081192048118286,0.374171316,0.262968564,0.264306004,6549.0,323.0
0.8027119989086167,0.29558688,0.248634426,0.275920078,6549.0,323.0
0.7955700383443812,0.21685102,0.231647513,0.275194445,6549.0,323.0
0.7715711309205807,0.144613225,0.207188857,0.257036873,6549.0,323.0
0.739256532580596,0.100493702,0.195658773,0.242622121,6549.0,323.0
0.7096480456241687,0.006681484,0.180714905,0.226391328,6549.0,323.0
0.6430803947801353,0.0,0.152365455,0.197809962,6549.0,323.0
0.6239983772400326,0.0,0.163998308,0.194761634,6549.0,323.0
0.6123820421886774,0.0,0.171464419,0.2045557,6549.0,323.0
0.6048741429890048,0.0027474714999999998,0.1739708765,0.2303271255,6549.0,323.0
0.6062065163362624,0.026401585,0.18034734,0.239537101,6549.0,323.0
0.6112331115966747,0.120854619,0.181228361,0.234063291,6549.0,323.0
0.6219659301922607,0.175387673,0.173207178,0.229202095,6549.0,323.0
0.6544016879493753,0.27797901,0.167601239,0.221177743,6549.0,323.0
0.6802423108815032,0.372450935,0.18089151,0.212413269,6549.0,323.0
0.7062139372521877,0.485475635,0.209034978,0.216039708,6549.0,323.0
0.7212698229290595,0.566294077,0.236883081,0.240156582,6549.0,323.0
0.7303543548656812,0.60468778,0.204220982,0.235670444,6549.0,323.0
0.7401969369262408,0.639766665,0.243699972,0.263392949,6549.0,323.0
0.7515028481389167,0.659296716,0.269561231,0.277251517,6549.0,323.0
0.7493677471585422,0.612314368,0.292738954,0.302966023,6549.0,323.0
0.7435722636582007,0.575639315,0.304036366,0.340226524,6549.0,323.0
0.7463417945471295,0.484506949,0.296309189,0.35465832,6549.0,323.0
0.7406743798353485,0.413197773,0.292088192,0.380244155,6549.0,323.0
0.7378112350612646,0.323152328,0.266825736,0.393540758,6549.0,323.0
0.7297728849308536,0.217253413,0.233158423,0.386989498,6549.0,323.0
0.720415034977797,0.144891353,0.22078524,0.358889387,6549.0,323.0
0.7086063123911353,0.09312071,0.212223015,0.344666311,6549.0,323.0
0.6952982437778668,0.007396968,0.1918453,0.33786176,6549.0,323.0
0.6410322824588485,0.0,0.164796014,0.295949267,6549.0,323.0
0.6218091805328914,0.0,0.180091932,0.294403186,6549.0,323.0
0.6104813561623615,0.0,0.185450598,0.292002028,6549.0,323.0
0.6049055922060733,0.002260458,0.19221060150000002,0.29413123750000003,6549.0,323.0
0.6062065163362624,0.02478592,0.199981355,0.297703832,6549.0,323.0
0.6113812478408472,0.124768237,0.209689398,0.301988092,6549.0,323.0
0.6209253803459651,0.179963336,0.214397477,0.314327324,6549.0,323.0
0.6494910931695083,0.271031826,0.215112846,0.353820078,6549.0,323.0
0.6769409572113367,0.370835324,0.240710681,0.404377477,6549.0,323.0
0.7030339795108164,0.466976106,0.28153556,0.455818019,6549.0,323.0
0.7141891043888927,0.54712033,0.335504643,0.51060467,6549.0,323.0
0.7215402067097042,0.590539501,0.462316513,0.64244228,6549.0,323.0
0.7316671346090692,0.553491157,0.506237671,0.656519491,6549.0,323.0
0.7324508837343282,0.560659846,0.546691897,0.683554998,6549.0,323.0
0.7341677012015505,0.482716095,0.59668509,0.712949123,6549.0,323.0
0.7346887807199866,0.439397803,0.624769349,0.734145478,6549.0,323.0
0.7368450368611092,0.400122108,0.633270022,0.761408891,6549.0,323.0
0.7356401176206061,0.33606811,0.62929396,0.766832406,6549.0,323.0
0.728064965024191,0.260698125,0.622342157,0.755130963,6549.0,323.0
0.7235420327454418,0.180773429,0.61733904,0.748375045,6549.0,323.0
0.7131787025313011,0.107101189,0.610495524,0.748954671,6549.0,323.0
0.704621923387087,0.070497674,0.606793218,0.739806042,6549.0,323.0
0.6950270551948309,0.004655633,0.600490343,0.730756046,6549.0,323.0
0.6557679955430101,0.0,0.650067064,0.734873502,6549.0,323.0
0.6398342257844901,0.0,0.626150515,0.737582492,6549.0,323.0
0.6324459236166565,0.000529411,0.5995381424999999,0.7465246745,6549.0,323.0
0.631740644174272,0.00661736,0.58230849,0.770755465,6549.0,323.0
0.6370227151105075,0.027922879,0.572565263,0.778731252,6549.0,323.0
0.6660043923074245,0.08793661,0.575477912,0.788251562,6549.0,323.0
0.7216338214232714,0.132570911,0.564643512,0.795158116,6549.0,323.0
0.7606507991667035,0.189141796,0.573056578,0.792639023,6549.0,323.0
0.7728388545704433,0.308885875,0.575383016,0.786922704,6549.0,323.0
0.769006056703386,0.419483523,0.579250704,0.803083668,6549.0,323.0
0.7688771354787364,0.554774761,0.579375278,0.821703743,6549.0,323.0
0.7707373088378933,0.648277662,0.560175565,0.820639259,6549.0,323.0
0.7715564593274244,0.687053248,0.587424008,0.829435093,6549.0,323.0
0.7711500552443202,0.714906527,0.627442638,0.836470167,6549.0,323.0
0.7733267097917038,0.703774437,0.649623724,0.847376528,6549.0,323.0
0.7725152738902007,0.654590799,0.665818152,0.866653312,6549.0,323.0
0.7709584244635008,0.558300585,0.679016295,0.873332193,6549.0,323.0
0.7687215215724071,0.470554222,0.680424085,0.870362327,6549.0,323.0
0.7676201078721835,0.369183099,0.666154033,0.863658252,6549.0,323.0
0.764132046260323,0.245602362,0.636095251,0.851896157,6549.0,323.0
0.756187026698116,0.167079166,0.599790249,0.834746634,6549.0,323.0
0.7274512648867524,0.105344917,0.562944066,0.824991486,6549.0,323.0
0.6985247719501506,0.012878576,0.523799174,0.818808699,6549.0,323.0
0.6529616910251038,0.001648494,0.50415823,0.842793953,6549.0,323.0
0.6388227821986359,0.0,0.508252562,0.844865101,6549.0,323.0
0.6311196082402553,0.0013746745,0.5132964529999999,0.838223741,6549.0,323.0
0.63033273537993,0.009187591,0.49840287,0.826135686,6549.0,323.0
0.6350965193750439,0.037365225,0.477593322,0.801743343,6549.0,323.0
0.6650331776575722,0.116521635,0.453380521,0.779352501,6549.0,323.0
0.721959768048578,0.172622381,0.448625133,0.76638789,6549.0,323.0
0.7600813507346051,0.269572306,0.442591622,0.753714066,6549.0,323.0
0.7694179034542317,0.381032412,0.427415193,0.73567144,6549.0,323.0
0.7681149677322703,0.478411121,0.42987591,0.720634286,6549.0,323.0
0.7680587425721046,0.579732767,0.433779697,0.718511739,6549.0,323.0
0.7689503041523446,0.666611691,0.432164885,0.678641287,6549.0,323.0
0.769440242001718,0.694561085,0.473397336,0.695950201,6549.0,323.0
0.7695220245047293,0.701877607,0.52098739,0.716106101,6549.0,323.0
0.7709362752081877,0.714894254,0.550195036,0.732390024,6549.0,323.0
0.7687613715098561,0.651024335,0.568900853,0.722868995,6549.0,323.0
0.7664313273427317,0.589529409,0.568583511,0.702064757,6549.0,323.0
0.7635547411675154,0.485728799,0.551820194,0.673122332,6549.0,323.0
0.7634004995258915,0.372847065,0.519339066,0.632105364,6549.0,323.0
0.7605384428711498,0.254455114,0.453432064,0.586350865,6549.0,323.0
0.7525758174799965,0.184619132,0.375211628,0.547997687,6549.0,323.0
0.7208454340184561,0.123988955,0.313584679,0.521907092,6549.0,323.0
0.6976638786014367,0.020807031,0.270841469,0.485006382,6549.0,323.0
0.6533850858411425,0.002245951,0.225012822,0.46514191,6549.0,323.0
0.6382481276104612,0.001079306,0.202819146,0.455523534,6549.0,323.0
0.6307148603601164,0.002402003,0.18573746000000002,0.4324649705,6549.0,323.0
0.6306643143793575,0.013728583,0.164310284,0.421675473,6549.0,323.0
0.6354427223339298,0.043138621,0.155835694,0.411130646,6549.0,323.0
0.664414366217247,0.132753467,0.142189821,0.389118409,6549.0,323.0
0.7231576830644608,0.192897903,0.12946661,0.338126575,6549.0,323.0
0.760990991995534,0.28639593,0.116125331,0.281045753,6549.0,323.0
0.768558477223413,0.368226372,0.114931681,0.246307105,6549.0,323.0
0.764932927776992,0.503234201,0.130461492,0.244824485,6549.0,323.0
0.767335146937366,0.615334551,0.162306354,0.249232807,6549.0,323.0
0.7679194094495084,0.679070885,0.19222106,0.286799187,6549.0,323.0
0.7690616667675396,0.721131736,0.254386016,0.308401799,6549.0,323.0
0.7695220245047293,0.755118001,0.310105978,0.316608622,6549.0,323.0
0.7716125900486064,0.686623513,0.353818147,0.337736004,6549.0,323.0
0.7702453832135966,0.577823271,0.355458393,0.368044893,6549.0,323.0
0.768933361053108,0.481826935,0.345608797,0.43527334,6549.0,323.0
0.7674872587313851,0.399129722,0.319007124,0.533902313,6549.0,323.0
0.7661838499860933,0.300707452,0.28593912,0.604428422,6549.0,323.0
0.7628276906399584,0.201706319,0.252181956,0.642135865,6549.0,323.0
0.756187026698116,0.121942785,0.224199009,0.624808094,6549.0,323.0
0.7278828949478473,0.077314983,0.219659242,0.598062992,6549.0,323.0
0.698856114437913,0.009388444,0.211946308,0.576216714,6549.0,323.0
0.6529616910251038,0.001417168,0.208308612,0.593389655,6549.0,323.0
0.6387868133720498,0.0,0.215542653,0.593950457,6549.0,323.0
0.632503947673778,0.001330566,0.224353787,0.565557819,6549.0,323.0
0.6308554240889426,0.002365106,0.240826895,0.551556072,6549.0,323.0
0.6309775771864311,0.005528603,0.261227295,0.566301909,6549.0,323.0
0.6363966625196907,0.027479677,0.276175552,0.575467147,6549.0,323.0
0.6657224132420951,0.114582397,0.284866507,0.575088242,6549.0,323.0
0.7215758922193394,0.17196517,0.274659664,0.566449494,6549.0,323.0
0.7603137302800426,0.264526171,0.278921111,0.533579455,6549.0,323.0
0.7733860116745471,0.352795932,0.313288583,0.490354357,6549.0,323.0
0.7708699691007243,0.453774731,0.351893076,0.436622509,6549.0,323.0
0.771778710706072,0.542028323,0.379852031,0.392530056,6549.0,323.0
0.7731727995149349,0.605927065,0.394049824,0.321887355,6549.0,323.0
0.77645564811478,0.641165421,0.428434838,0.30714983,6549.0,323.0
0.7790543724329889,0.638620657,0.442174806,0.27386417,6549.0,323.0
0.7830863735962121,0.624382252,0.458238791,0.257146338,6549.0,323.0
0.7802016466149232,0.586338581,0.470964579,0.2562615,6549.0,323.0
0.7789196303704571,0.518402641,0.46924965,0.256746601,6549.0,323.0
0.7788364279690428,0.441232895,0.448062898,0.247667568,6549.0,323.0
0.7737087403329067,0.32956096,0.405643434,0.228229051,6549.0,323.0
0.7683069294637385,0.238537296,0.343850407,0.20071403,6549.0,323.0
0.7608247292653868,0.165848353,0.290303294,0.177786365,6549.0,323.0
0.7314685468231215,0.1124405,0.246396496,0.16428175,6549.0,323.0
0.70151210564455,0.024227627,0.215019945,0.157630598,6549.0,323.0
0.6529660451592971,0.003195335,0.19467814,0.152495773,6549.0,323.0
0.6386025185949116,0.001061043,0.1574339,0.148075742,6549.0,323.0
0.6330409293916004,0.00167793,0.144080566,0.149826272,6549.0,323.0
0.6313135575395437,0.003891163,0.127680724,0.142172847,6549.0,323.0
0.6316023519515261,0.011449516,0.116779036,0.140771642,6549.0,323.0
0.6367677128722207,0.0303758,0.104377032,0.13838507,6549.0,323.0
0.6658127147213194,0.115011871,0.094113127,0.129739078,6549.0,323.0
0.7217784079214358,0.173071204,0.086993015,0.129873504,6549.0,323.0
0.7621375562282666,0.258998723,0.090167966,0.148341817,6549.0,323.0
0.7737998462003163,0.333296237,0.094620485,0.187839689,6549.0,323.0
0.7722424288970963,0.438577853,0.114227244,0.260849642,6549.0,323.0
0.7719083418799232,0.552040091,0.133714674,0.342457156,6549.0,323.0
0.7758452607974782,0.607861044,0.117273078,0.347797938,6549.0,323.0
0.7805558483072002,0.668910444,0.139548682,0.393617537,6549.0,323.0
0.7872410953192378,0.686571087,0.165598671,0.418735969,6549.0,323.0
0.7922770615777462,0.665143077,0.193657053,0.43359891,6549.0,323.0
0.7901368020749934,0.60541223,0.201783141,0.42989527,6549.0,323.0
0.7893640803578993,0.502510105,0.194057348,0.417659487,6549.0,323.0
0.787186668227616,0.412103549,0.192563518,0.42443637,6549.0,323.0
0.7828344000326991,0.324508017,0.19748575,0.476984554,6549.0,323.0
0.7761339135509852,0.217207686,0.201721419,0.527983732,6549.0,323.0
0.7637771818383363,0.148817893,0.192034017,0.529287946,6549.0,323.0
0.732680423482959,0.102292386,0.181548824,0.511200106,6549.0,323.0
0.7054774689212489,0.012916528,0.165578235,0.483084276,6549.0,323.0
0.6370397530629337,0.001874315,0.108291531,0.434901118,6549.0,323.0
0.620296772103705,0.0,0.107095721,0.406193053,6549.0,323.0
0.6107337555297131,0.001375569,0.101431521,0.374266006,6549.0,323.0
0.6044488548370264,0.003621578,0.09071101200000001,0.32408278349999997,6549.0,323.0
0.6060052784598877,0.028606523,0.084347088,0.279008383,6549.0,323.0
0.6115354418487733,0.120157591,0.081995753,0.268848553,6549.0,323.0
0.6172761673068442,0.167643838,0.075275345,0.259070483,6549.0,323.0
0.6466668042383089,0.256976338,0.071849009,0.259700309,6549.0,323.0
0.672551394730414,0.348760421,0.080068099,0.255545728,6549.0,323.0
0.6963838024981961,0.43870294,0.088793998,0.246041614,6549.0,323.0
0.7084534434284226,0.515643584,0.1005608,0.234195161,6549.0,323.0
0.7118837179090327,0.584983864,0.114943665,0.225004696,6549.0,323.0
0.716870747377359,0.602415872,0.135851015,0.229765837,6549.0,323.0
0.7166715444953993,0.562075523,0.159611436,0.242863221,6549.0,323.0
0.7182520579290051,0.517462111,0.181087277,0.251411767,6549.0,323.0
0.722125462902205,0.461643925,0.183231926,0.255471851,6549.0,323.0
0.7225779643928912,0.387977885,0.165277698,0.266147804,6549.0,323.0
0.7223321910800192,0.311652326,0.154736427,0.264222205,6549.0,323.0
0.7171800822682838,0.237015377,0.143650968,0.265400569,6549.0,323.0
0.711161684659585,0.177189455,0.121199476,0.261206023,6549.0,323.0
0.7051463157256597,0.126996414,0.104213863,0.256021153,6549.0,323.0
0.7022250048217727,0.091052764,0.084218882,0.240904264,6549.0,323.0
0.6929267404827167,0.013045813,0.073686211,0.222643159,6549.0,323.0
0.6371404668543108,0.0,0.053590806,0.182776938,6549.0,323.0
0.620296772103705,0.0,0.049190214,0.160039927,6549.0,323.0
0.6107406180958579,0.0,0.044805085,0.133696598,6549.0,323.0
0.6048487515356897,0.003195469,0.038561855000000006,0.12847281649999998,6549.0,323.0
0.6061338206859845,0.035604868,0.039672239,0.144556096,6549.0,323.0
0.6117780916336819,0.09559381,0.039912887,0.163034337,6549.0,323.0
0.6175445160930738,0.148922516,0.041257314,0.180840286,6549.0,323.0
0.6441254884670037,0.220220647,0.046419695,0.190055181,6549.0,323.0
0.6718671760097942,0.304944156,0.05486644,0.198179947,6549.0,323.0
0.6936048538058852,0.39365407,0.075055736,0.219294455,6549.0,323.0
0.6994079098215731,0.456064293,0.10590985,0.261970771,6549.0,323.0
0.7025099657565902,0.480570535,0.124378774,0.306007087,6549.0,323.0
0.706462029704838,0.489560657,0.15306915,0.329173989,6549.0,323.0
0.7065051928766298,0.46045391,0.178026947,0.364231796,6549.0,323.0
0.7053350590759748,0.390639448,0.20200228,0.386042196,6549.0,323.0
0.7024339572861754,0.346203761,0.228922385,0.394464664,6549.0,323.0
0.7029238002823592,0.292421129,0.242041146,0.396042222,6549.0,323.0
0.704366968368292,0.218818258,0.236170693,0.384304278,6549.0,323.0
0.7037078335529812,0.158017526,0.215729982,0.359153602,6549.0,323.0
0.7021882311927953,0.104126512,0.210381844,0.343616331,6549.0,323.0
0.6943431678390659,0.067464611,0.213482945,0.338702155,6549.0,323.0
0.6918683951010953,0.038356766,0.232815928,0.359813423,6549.0,323.0
0.6851661101366314,0.007066399,0.252048608,0.38075167,6549.0,323.0
0.6529548756784509,0.0,0.244509951,0.392836498,6549.0,323.0
0.6387537783670476,0.0,0.250219823,0.388444302,6549.0,323.0
0.6328687033366833,0.0,0.24524334,0.389658828,6549.0,323.0
0.6311902214695232,0.0,0.2545654,0.399927442,6549.0,323.0
0.6316023519515261,0.002330398,0.263746349,0.412439638,6549.0,323.0
0.6370058664502545,0.009782426,0.276178046,0.409102683,6549.0,323.0
0.6657224132420951,0.021737608,0.274736269,0.386645708,6549.0,323.0
0.72193492106914,0.039186564,0.272048834,0.369381061,6549.0,323.0
0.7608169202383753,0.063625201,0.272579987,0.3608907,6549.0,323.0
0.7710254409343721,0.109524229,0.276511572,0.357815623,6549.0,323.0
0.7665285858270845,0.168038287,0.299178141,0.372438672,6549.0,323.0
0.7636545080838195,0.233022577,0.325639018,0.391884374,6549.0,323.0
0.7630128374389799,0.286075033,0.320999773,0.411560214,6549.0,323.0
0.7635256817123597,0.348123833,0.334177454,0.419070687,6549.0,323.0
0.7628347901319745,0.367920721,0.35217529,0.418115772,6549.0,323.0
0.7628434984003609,0.370859906,0.375911222,0.437523118,6549.0,323.0
0.7603939984456669,0.370812,0.387970507,0.47047454,6549.0,323.0
0.758508078865697,0.319610032,0.38181179,0.484084716,6549.0,323.0
0.7562660642575105,0.280034662,0.381571176,0.487899105,6549.0,323.0
0.7547584829858478,0.203257588,0.368304536,0.472776867,6549.0,323.0
0.7515173304398995,0.139573148,0.348700584,0.447894726,6549.0,323.0
0.7455847857372481,0.086084422,0.325269679,0.431284175,6549.0,323.0
0.7217135212981695,0.062044011,0.313780187,0.40361377,6549.0,323.0
0.6971511287670406,0.009787135,0.295980667,0.369656408,6549.0,323.0
0.6534561250813521,0.001072577,0.280299606,0.378430019,6549.0,323.0
0.6388805221103945,0.0,0.269124988,0.378679928,6549.0,323.0
0.6324023818605179,0.0,0.266712372,0.373094536,6549.0,323.0
0.6305509639892392,0.001483489,0.260818252,0.366318517,6549.0,323.0
0.630838480989706,0.003971135,0.256591194,0.359221367,6549.0,323.0
0.6357833881860907,0.019927548,0.243592858,0.335845221,6549.0,323.0
0.6651222013110748,0.056243782,0.231940689,0.310344014,6549.0,323.0
0.7225765921281859,0.086515901,0.218048363,0.279092434,6549.0,323.0
0.7613815410987438,0.142976921,0.202130079,0.257249244,6549.0,323.0
0.771656084171047,0.212510099,0.189103001,0.253023379,6549.0,323.0
0.764195276059315,0.28595366,0.187391727,0.261057962,6549.0,323.0
0.7629024689183495,0.364904335,0.191194335,0.269353211,6549.0,323.0
0.7637424904232657,0.436958364,0.196469116,0.25814511,6549.0,323.0
0.7646397792308164,0.483020233,0.242072822,0.285850661,6549.0,323.0
0.7658311154117114,0.537460031,0.273974702,0.302556332,6549.0,323.0
0.7680021856328781,0.503865015,0.301707917,0.317545353,6549.0,323.0
0.7660615548159234,0.461541651,0.317677206,0.327071758,6549.0,323.0
0.7641270766159118,0.387294547,0.328580199,0.330451859,6549.0,323.0
0.7607136507955548,0.329869773,0.312668795,0.311523837,6549.0,323.0
0.7584938330763791,0.27513977,0.294911481,0.289559857,6549.0,323.0
0.7539976406988015,0.19269342,0.253183238,0.254716663,6549.0,323.0
0.7454034724153917,0.138177817,0.205901016,0.222037335,6549.0,323.0
0.7234595402932291,0.101191943,0.182879171,0.193463228,6549.0,323.0
0.6973466874640086,0.030037999,0.166345668,0.171037612,6549.0,323.0
0.6535318970401016,0.00578691,0.152781312,0.144821001,6549.0,323.0
0.6382010837420125,0.002042424,0.132386311,0.125266144,6549.0,323.0
0.6312303081257407,0.0057940974999999995,0.12107548600000001,0.100818184,6549.0,323.0
0.630413950006421,0.022787375,0.113915945,0.079650303,6549.0,323.0
0.6357919071623038,0.044703754,0.105885645,0.068437453,6549.0,323.0
0.6650089457741463,0.096006396,0.09548876,0.066202636,6549.0,323.0
0.722838031128779,0.135003099,0.076235682,0.061786101,6549.0,323.0
0.7611784103006355,0.192624066,0.0669663,0.058716706,6549.0,323.0
0.7720354169881251,0.256991762,0.067250685,0.053004572,6549.0,323.0
0.7696296480817428,0.313207614,0.070983524,0.048791715,6549.0,323.0
0.7631269922172833,0.347220089,0.070493379,0.045734957,6549.0,323.0
0.7637143306236911,0.381319276,0.082863258,0.047778384,6549.0,323.0
0.7637981953406092,0.431951756,0.098751871,0.05428802,6549.0,323.0
0.7638802619889834,0.422648825,0.109446103,0.055159909,6549.0,323.0
0.7666054463193822,0.445927902,0.105840308,0.048018899,6549.0,323.0
0.7652493617457268,0.405801474,0.100165385,0.041744128,6549.0,323.0
0.7623860272652635,0.394655194,0.102817643,0.036843563,6549.0,323.0
0.7572745259738767,0.323731076,0.118979956,0.033970817,6549.0,323.0
0.7555709602014075,0.249338414,0.147119203,0.022753845,6549.0,323.0
0.7535074663377628,0.160342117,0.152463566,0.017482966,6549.0,323.0
0.7455856849786231,0.109073196,0.168701325,0.024338577,6549.0,323.0
0.7226204176154816,0.087459767,0.200547066,0.044411828,6549.0,323.0
0.6967667322807738,0.037026363,0.224513264,0.074327613,6549.0,323.0
0.6532068964614557,0.008129968,0.198355445,0.099682849,6549.0,323.0
0.638548612160318,0.003348246,0.232178468,0.161868074,6549.0,323.0
0.632503947673778,0.004910579,0.255748476,0.223038279,6549.0,323.0
0.6311902214695232,0.012805698,0.282667357,0.284103906,6549.0,323.0
0.6316023519515261,0.027134845,0.313128016,0.306916881,6549.0,323.0
0.6370058664502545,0.041859496,0.363345354,0.354631927,6549.0,323.0
0.6657224132420951,0.054809216,0.398261676,0.393573752,6549.0,323.0
0.721959768048578,0.073293428,0.457243657,0.467442139,6549.0,323.0
0.7608169202383753,0.099934078,0.542049667,0.547772355,6549.0,323.0
0.7715255069505352,0.111181264,0.619255569,0.603960157,6549.0,323.0
0.7656833109465999,0.138472174,0.681922866,0.663587036,6549.0,323.0
0.763562786706192,0.144134201,0.728851286,0.694245924,6549.0,323.0
0.7633088257819618,0.140648166,0.751966125,0.712055397,6549.0,323.0
0.7630202202479467,0.135892692,0.780491409,0.728222777,6549.0,323.0
0.7622904724104711,0.128837041,0.800376287,0.737131154,6549.0,323.0
0.7627288701845211,0.111534442,0.806277564,0.774962323,6549.0,323.0
0.7603939984456669,0.099283031,0.81567222,0.809014811,6549.0,323.0
0.7585129532427124,0.092905273,0.821338367,0.815849671,6549.0,323.0
0.7562146186211706,0.097157799,0.825510978,0.809438734,6549.0,323.0
0.7541546745035339,0.105424298,0.839037095,0.815246626,6549.0,323.0
0.7558311685957706,0.080374188,0.860354767,0.861284375,6549.0,323.0
0.7488329425078166,0.053498064,0.871561594,0.90750909,6549.0,323.0
0.7234448687000727,0.036513873,0.878802775,0.920663219,6549.0,323.0
0.6970406658074265,0.010584261,0.879403479,0.868583357,6549.0,323.0
0.6532068964614557,0.004381054,0.859151002,0.889593503,6549.0,323.0
0.6386196514005276,0.003000956,0.852320815,0.822648322,6549.0,323.0
0.63224520639731,0.00460429,0.834878035,0.799804776,6549.0,323.0
0.6304026860865911,0.007178322,0.80843505,0.794013672,6549.0,323.0
0.6304441452146168,0.007744525,0.775181638,0.791854427,6549.0,323.0
0.6357919071623038,0.020523648,0.751142122,0.797671654,6549.0,323.0
0.6650089457741463,0.069056899,0.731044408,0.795217657,6549.0,323.0
0.722838031128779,0.111056316,0.714696029,0.794891514,6549.0,323.0
0.7612060494431819,0.180271711,0.728238853,0.80620311,6549.0,323.0
0.7720030447128327,0.280592011,0.745049409,0.802998622,6549.0,323.0
0.7661119591382068,0.358383322,0.765174204,0.796239185,6549.0,323.0
0.7633091095131187,0.442152414,0.777461009,0.792513878,6549.0,323.0
0.7631040853790708,0.455801645,0.743021929,0.787146759,6549.0,323.0
0.7634896180325838,0.538776385,0.742210742,0.811949822,6549.0,323.0
0.7634775965298545,0.544982912,0.738905816,0.799960634,6549.0,323.0
0.764186425718247,0.573047579,0.759900733,0.790270663,6549.0,323.0
0.761722396243078,0.525420863,0.763254795,0.786750985,6549.0,323.0
0.7587897265661716,0.462563188,0.761588903,0.781137263,6549.0,323.0
0.7562826764060983,0.403007048,0.742204438,0.776818534,6549.0,323.0
0.7547584829858478,0.293301105,0.717117022,0.763998452,6549.0,323.0
0.7515972672406691,0.208985092,0.660201285,0.726704826,6549.0,323.0
0.7462852848273948,0.146332566,0.592900835,0.690541789,6549.0,323.0
0.7230953997263357,0.113016425,0.548293483,0.697305692,6549.0,323.0
0.6973297915842638,0.031794298,0.511335053,0.6981248,6549.0,323.0
0.6387108993406188,0.005161312,0.453900162,0.800231722,6549.0,323.0
0.6201882020658246,0.002629096,0.443555642,0.783052701,6549.0,323.0
0.6094532064031419,0.003656271,0.4169808,0.802849913,6549.0,323.0
0.6034362282786402,0.008469465,0.407557643,0.792955017,6549.0,323.0
0.6033868180509214,0.018506076,0.38320815,0.783534088,6549.0,323.0
0.6055183692852879,0.05214192,0.367148701,0.796291198,6549.0,323.0
0.6100018306251409,0.125948577,0.345864549,0.811156164,6549.0,323.0
0.6177986190899856,0.182756274,0.322376648,0.825073965,6549.0,323.0
0.6442811968123164,0.294208188,0.347242213,0.833496474,6549.0,323.0
0.6665875658718123,0.365027463,0.348984665,0.839712317,6549.0,323.0
0.6890539978250204,0.448608686,0.338416007,0.841858095,6549.0,323.0
0.6937395486489252,0.510380866,0.330147584,0.820273112,6549.0,323.0
0.6947776376969672,0.540359747,0.300247977,0.792706608,6549.0,323.0
0.6955435912869004,0.552891635,0.304396997,0.768421345,6549.0,323.0
0.697872973138521,0.540988893,0.298345668,0.732550764,6549.0,323.0
0.6996532573306066,0.515413883,0.295669272,0.684060015,6549.0,323.0
0.7000013059917344,0.51172893,0.294592554,0.627843613,6549.0,323.0
0.7020323331411029,0.444767089,0.296493324,0.562049422,6549.0,323.0
0.703242032733844,0.371737181,0.292558804,0.472450026,6549.0,323.0
0.7002988090863093,0.304974179,0.286319951,0.406735133,6549.0,323.0
0.6974681306122954,0.202810585,0.27526675,0.37067926,6549.0,323.0
0.6935039507223347,0.141330963,0.264892901,0.359559361,6549.0,323.0
0.6922373632397184,0.095955782,0.265888052,0.342630204,6549.0,323.0
0.6843166699999209,0.025209188,0.267911114,0.338387714,6549.0,323.0
0.637424007890725,0.002626763,0.251678829,0.331459717,6549.0,323.0
0.620458633065961,0.0,0.257187951,0.32171996,6549.0,323.0
0.6101280064919676,0.001777194,0.2667855,0.305063353,6549.0,323.0
0.6036935972904031,0.005539464,0.27919003,0.285900616,6549.0,323.0
0.6035550213365002,0.018339956,0.286793321,0.278591403,6549.0,323.0
0.6050268226595439,0.054952759,0.28577687,0.272373024,6549.0,323.0
0.6102918556433531,0.089779277,0.280186547,0.269091225,6549.0,323.0
0.6176456556882894,0.130254315,0.273242354,0.274429977,6549.0,323.0
0.6441875352934635,0.173227335,0.273541401,0.277322688,6549.0,323.0
0.6683262960826826,0.214635896,0.297618866,0.278975834,6549.0,323.0
0.691732943089362,0.282994189,0.320869853,0.288748784,6549.0,323.0
0.6943357373964011,0.318155656,0.333706052,0.318300014,6549.0,323.0
0.6939900078750515,0.378728254,0.338527989,0.35255198,6549.0,323.0
0.6958161049151499,0.433583709,0.341729862,0.398985276,6549.0,323.0
0.6947798147640638,0.41566548,0.331101765,0.43234703,6549.0,323.0
0.6954068614494453,0.404543809,0.302398881,0.434125304,6549.0,323.0
0.6952615173683812,0.355055605,0.276028498,0.389702711,6549.0,323.0
0.696024584356222,0.322394965,0.25134111,0.384068377,6549.0,323.0
0.698461447297969,0.279088076,0.243884883,0.37565431,6549.0,323.0
0.6964681882863485,0.215063683,0.241205784,0.360245534,6549.0,323.0
0.6971925878950661,0.142074932,0.229377616,0.409647679,6549.0,323.0
0.6921607392590857,0.107128345,0.218920832,0.470610308,6549.0,323.0
0.69330621495827,0.070812078,0.212772796,0.52022216,6549.0,323.0
0.6848072705790041,0.017483628,0.220967628,0.558630173,6549.0,323.0
0.6528237778009107,0.003486279,0.225838042,0.572063073,6549.0,323.0
0.6387868133720498,0.002148509,0.225563422,0.57211668,6549.0,323.0
0.6325945328841595,0.003261164,0.225848858,0.551667053,6549.0,323.0
0.6310388196247058,0.0067292805,0.2255765185,0.4885957525,6549.0,323.0
0.6366196714812379,0.023074479,0.210788999,0.42431312,6549.0,323.0
0.6654842120303635,0.05237613,0.199388524,0.411261171,6549.0,323.0
0.72193492106914,0.077001204,0.187435634,0.396792937,6549.0,323.0
0.7608169202383753,0.118183448,0.191620416,0.399788857,6549.0,323.0
0.7715255069505352,0.178251503,0.237252808,0.410825672,6549.0,323.0
0.7674291874547717,0.239208014,0.322419841,0.430952318,6549.0,323.0
0.7636048141249439,0.240796032,0.407311849,0.427287311,6549.0,323.0
0.7629522577304149,0.25548202,0.383088955,0.346820336,6549.0,323.0
0.7635919406003314,0.242673342,0.421456263,0.351241881,6549.0,323.0
0.762911745063256,0.281423452,0.433050259,0.35141695,6549.0,323.0
0.7627966438240856,0.262689489,0.435606239,0.347551497,6549.0,323.0
0.7605525465877861,0.216523932,0.433270067,0.349159688,6549.0,323.0
0.7578994428116532,0.198477456,0.431552037,0.357433332,6549.0,323.0
0.7552036488870589,0.176327404,0.426026215,0.348182352,6549.0,323.0
0.7538523442514352,0.181940428,0.425637898,0.365004019,6549.0,323.0
0.7519587573029293,0.136928567,0.416663687,0.430324545,6549.0,323.0
0.7463308615779486,0.094027937,0.423482386,0.575533264,6549.0,323.0
0.7233204909017896,0.052283346,0.439654575,0.654678294,6549.0,323.0
0.6966687634330134,0.011327921,0.455264021,0.678566115,6549.0,323.0
0.6528597942611948,0.002712614,0.463069793,0.715642162,6549.0,323.0
0.6387868133720498,0.001206709,0.469798011,0.73791581,6549.0,323.0
0.6325750341334795,0.00180639,0.458163888,0.711730774,6549.0,323.0
0.6305274420550148,0.003559456,0.445470138,0.671616796,6549.0,323.0
0.6309612491832063,0.006772301,0.444815302,0.648807873,6549.0,323.0
0.6363497130902256,0.021385481,0.442446807,0.617356652,6549.0,323.0
0.6651718008309669,0.076142262,0.430920191,0.579206136,6549.0,323.0
0.7227989383600233,0.129737168,0.440860257,0.579470417,6549.0,323.0
0.7614837692275077,0.181524387,0.506738661,0.621386556,6549.0,323.0
0.7722537876701159,0.282231811,0.54436203,0.656410599,6549.0,323.0
0.7698873484583606,0.365306874,0.569995441,0.624890852,6549.0,323.0
0.7662533744747101,0.414453918,0.618848263,0.637822879,6549.0,323.0
0.7656601675967222,0.420329714,0.622027093,0.649136032,6549.0,323.0
0.7630858168204147,0.425842397,0.641087498,0.621509078,6549.0,323.0
0.7626469932425262,0.37806452,0.663913363,0.651774529,6549.0,323.0
0.7636329739245185,0.406501788,0.682315939,0.670447828,6549.0,323.0
0.7611922770914006,0.369816415,0.703215898,0.712607207,6549.0,323.0
0.757651349944797,0.359771751,0.720075502,0.726372598,6549.0,323.0
0.7553566122887551,0.291672309,0.720907795,0.737203352,6549.0,323.0
0.7538523442514352,0.234685129,0.729413208,0.759786979,6549.0,323.0
0.7519742809179687,0.173229664,0.717082433,0.781755581,6549.0,323.0
0.7470976199702729,0.124435896,0.700725137,0.788246048,6549.0,323.0
0.7234419816837745,0.086898387,0.690943782,0.788885139,6549.0,323.0
0.699076472894827,0.014071564,0.672229274,0.761628215,6549.0,323.0
0.6529756054495667,0.002571735,0.64171189,0.734718964,6549.0,323.0
0.6377121872066955,0.001244866,0.6175054,0.735179144,6549.0,323.0
0.6316871163240252,0.002031123,0.587352645,0.756132697,6549.0,323.0
0.6297349846613693,0.003050287,0.549409332,0.772373954,6549.0,323.0
0.6300601745321887,0.006774943,0.537267734,0.769035017,6549.0,323.0
0.6352988934186649,0.038163099,0.520647039,0.757822427,6549.0,323.0
0.6646314114398182,0.107392741,0.491219553,0.753347883,6549.0,323.0
0.723009310308623,0.150850793,0.476345653,0.758262279,6549.0,323.0
0.7617795682783165,0.206965441,0.4997368,0.776468463,6549.0,323.0
0.7721117096039027,0.28103175,0.501151348,0.780099224,6549.0,323.0
0.7710772175213607,0.361678885,0.496305138,0.785769017,6549.0,323.0
0.7719192272154064,0.392692651,0.48160874,0.785805008,6549.0,323.0
0.7714633180513937,0.383723468,0.410973958,0.754505588,6549.0,323.0
0.7712116286332437,0.340716279,0.411373425,0.748635505,6549.0,323.0
0.7705934322889304,0.292074785,0.393878373,0.740233583,6549.0,323.0
0.771257583968144,0.274525684,0.371096858,0.73688268,6549.0,323.0
0.7697974727829748,0.246408655,0.35412158,0.737267145,6549.0,323.0
0.76749232281478,0.240124262,0.347998052,0.735641779,6549.0,323.0
0.7655361683827859,0.215608361,0.345341845,0.733103431,6549.0,323.0
0.7634552107628764,0.208491709,0.347784662,0.725490981,6549.0,323.0
0.7582462608665512,0.147742857,0.346099318,0.705415534,6549.0,323.0
0.7517903647251774,0.088891945,0.340449981,0.679357497,6549.0,323.0
0.730358519707701,0.067723696,0.305529377,0.635914319,6549.0,323.0
0.7056986317663482,0.014598362,0.289143882,0.583191652,6549.0,323.0
0.6556621232292545,0.0011457,0.262821707,0.53964069,6549.0,323.0
0.6393464173685154,0.0,0.257571375,0.488444869,6549.0,323.0
0.6328601367267723,0.0,0.266320227,0.432782437,6549.0,323.0
0.6326090151851425,0.0,0.276609206,0.387946111,6549.0,323.0
0.6330381840337777,0.002866747,0.282447669,0.341557529,6549.0,323.0
0.638501710364551,0.021395211,0.271264042,0.282891186,6549.0,323.0
0.665572052297128,0.069529715,0.25147836,0.235860754,6549.0,323.0
0.7236538683839673,0.100299916,0.237212535,0.195613155,6549.0,323.0
0.7670058874919227,0.175891908,0.244706723,0.177599441,6549.0,323.0
0.7745685923675639,0.231043706,0.274943352,0.185081439,6549.0,323.0
0.7726822937890412,0.288065458,0.289491649,0.201482753,6549.0,323.0
0.7706620575361721,0.359243045,0.298714209,0.222946968,6549.0,323.0
0.7713600486085732,0.430666299,0.299389265,0.209626702,6549.0,323.0
0.7710346698597867,0.442083542,0.318292887,0.213755863,6549.0,323.0
0.7717300576470467,0.463340677,0.335631223,0.211126365,6549.0,323.0
0.7706394348433226,0.452334878,0.355242744,0.202688135,6549.0,323.0
0.7689649761597069,0.385985008,0.378738686,0.224638127,6549.0,323.0
0.7664755786338658,0.337794996,0.408700868,0.224811886,6549.0,323.0
0.7607012507084787,0.293524242,0.431113205,0.25615604,6549.0,323.0
0.7620587079610455,0.220280921,0.445513343,0.278868247,6549.0,323.0
0.7581974185153526,0.159693145,0.43783184,0.296691663,6549.0,323.0
0.7515696276839166,0.118398226,0.430510703,0.298062193,6549.0,323.0
0.7279036247189633,0.076975813,0.421234512,0.326564994,6549.0,323.0
0.7028797855028903,0.011625045,0.430120383,0.361873283,6549.0,323.0
0.6531101110004334,0.001094237,0.467650248,0.409974848,6549.0,323.0
0.6381745803525062,0.0,0.473926491,0.492660558,6549.0,323.0
0.6311487619272915,0.0,0.506690471,0.54847414,6549.0,323.0
0.62963791546919,0.001738852,0.519370118,0.566763906,6549.0,323.0
0.6302199060610458,0.003612623,0.523072418,0.606438067,6549.0,323.0
0.6353128550626196,0.015061442,0.520619156,0.598327116,6549.0,323.0
0.6646809165207267,0.053080642,0.51090159,0.579241676,6549.0,323.0
0.7225327190071925,0.071343371,0.516721641,0.548147157,6549.0,323.0
0.7616516411482315,0.110153129,0.550102829,0.525849994,6549.0,323.0
0.7724561140800389,0.161377522,0.59976381,0.543109415,6549.0,323.0
0.7709310690521115,0.220827403,0.634607384,0.581113721,6549.0,323.0
0.7682478172872746,0.270339452,0.667578237,0.598041595,6549.0,323.0
0.7693954228340639,0.316290246,0.665322093,0.612026081,6549.0,323.0
0.7666271697708567,0.325577494,0.680253351,0.638892865,6549.0,323.0
0.7649789303313842,0.347640065,0.722890004,0.656405098,6549.0,323.0
0.7650432962976224,0.338737766,0.738465992,0.663286949,6549.0,323.0
0.7626372436600832,0.340229034,0.755920693,0.659151414,6549.0,323.0
0.7600680990398521,0.289857552,0.745021472,0.639686963,6549.0,323.0
0.7577682973004152,0.242071023,0.731986561,0.620828425,6549.0,323.0
0.7592701517589733,0.19398571,0.719522381,0.643690162,6549.0,323.0
0.7569995511331675,0.123909668,0.689411261,0.678081115,6549.0,323.0
0.7496878253122686,0.083130435,0.665035104,0.705109226,6549.0,323.0
0.7259508779602954,0.057104256,0.647838922,0.715754387,6549.0,323.0
0.7024714408643545,0.007806157,0.625181955,0.710116189,6549.0,323.0
0.6376515130591469,0.0,0.60506618,0.713456407,6549.0,323.0
0.6209782931002,0.0,0.608976886,0.761202348,6549.0,323.0
0.6091381919186043,0.0,0.61632351,0.783517138,6549.0,323.0
0.6034039744662835,0.000580225,0.6136443505,0.7696868595,6549.0,323.0
0.6050245507392575,0.011063602,0.604213943,0.736979337,6549.0,323.0
0.6102629854803707,0.037031114,0.576979184,0.703150522,6549.0,323.0
0.6179408392288802,0.058506226,0.536846418,0.666838937,6549.0,323.0
0.6442297988096745,0.106747388,0.536446829,0.619568971,6549.0,323.0
0.6685804467132922,0.153314132,0.541675627,0.577418516,6549.0,323.0
0.6944133078379005,0.210946205,0.529815337,0.553973949,6549.0,323.0
0.6946698248277801,0.264132963,0.523804159,0.560947509,6549.0,323.0
0.6941218629212851,0.314357847,0.488019037,0.581717645,6549.0,323.0
0.6942366804292983,0.29587899,0.523054374,0.583227953,6549.0,323.0
0.6946472021349308,0.287338536,0.541071299,0.580161789,6549.0,323.0
0.6964413058982895,0.269886922,0.543007344,0.561044477,6549.0,323.0
0.6974671841514286,0.275142994,0.542362,0.55922803,6549.0,323.0
0.6990781765243873,0.275838999,0.523399711,0.537432818,6549.0,323.0
0.6984968486622412,0.216631632,0.512222166,0.511446195,6549.0,323.0
0.6974436622172043,0.173707298,0.498609742,0.463061445,6549.0,323.0
0.6973783025706076,0.113819442,0.474876592,0.424450078,6549.0,323.0
0.6921397729763047,0.071602855,0.437536274,0.398496417,6549.0,323.0
0.6921935373382168,0.038596592,0.403714627,0.369583852,6549.0,323.0
0.6838754800627624,0.010275065,0.385094184,0.349317354,6549.0,323.0
0.6373364989888153,0.001029289,0.336047187,0.299329245,6549.0,323.0
0.6205297195256625,0.0,0.320608677,0.303096048,6549.0,323.0
0.6094817924207613,0.0,0.319345822,0.326273858,6549.0,323.0
0.6036885332070082,0.0,0.312841445,0.340244363,6549.0,323.0
0.6033868180509214,0.004782978,0.304966983,0.338069662,6549.0,323.0
0.6048895717508546,0.023279969,0.289201123,0.330945337,6549.0,323.0
0.6103224294358955,0.057565041,0.277849666,0.335841488,6549.0,323.0
0.6180155698735732,0.087120917,0.259187813,0.352129078,6549.0,323.0
0.6440361334486461,0.135440473,0.253973712,0.377692967,6549.0,323.0
0.665542236087485,0.161081035,0.253374001,0.417489299,6549.0,323.0
0.6886795397991641,0.211959616,0.26118201,0.485740524,6549.0,323.0
0.6945887050544788,0.259596501,0.274162837,0.531527328,6549.0,323.0
0.6950888655096257,0.268418711,0.24300331,0.512364393,6549.0,323.0
0.6970509832663896,0.292428148,0.278697745,0.573529595,6549.0,323.0
0.6984562415560986,0.254592767,0.310256352,0.646741316,6549.0,323.0
0.6997326258406499,0.2180705,0.31904635,0.685016699,6549.0,323.0
0.6995519756627093,0.176897023,0.319764487,0.698493918,6549.0,323.0
0.701167653534716,0.146939334,0.331390191,0.744105272,6549.0,323.0
0.7025198097780169,0.128547796,0.330852339,0.784637261,6549.0,323.0
0.7019606788048816,0.080141126,0.320066713,0.79462324,6549.0,323.0
0.7008076778098427,0.058435461,0.295581865,0.788824933,6549.0,323.0
0.6943431678390659,0.025644079,0.293457746,0.781059868,6549.0,323.0
0.6933763549571047,0.01436398,0.293135313,0.771936947,6549.0,323.0
0.6848792086463826,0.003512191,0.295619678,0.760519423,6549.0,323.0
0.6527189940207034,0.0,0.294737488,0.735944179,6549.0,323.0
0.6388577101253716,0.0,0.307877002,0.739831888,6549.0,323.0
0.6330409293916004,0.00137386,0.325323279,0.748208714,6549.0,323.0
0.631519646597394,0.0027722305000000003,0.330125575,0.7275982015,6549.0,323.0
0.6371292501539728,0.008538475,0.318515573,0.712662702,6549.0,323.0
0.6660285293376608,0.027461466,0.308836323,0.706595631,6549.0,323.0
0.7219663468835658,0.053599895,0.273014588,0.703564436,6549.0,323.0
0.7603146295214176,0.106619826,0.270813446,0.710259794,6549.0,323.0
0.7705842033635156,0.127696269,0.279091169,0.737657874,6549.0,323.0
0.7685672799307832,0.188697267,0.29114113,0.757743834,6549.0,323.0
0.7680587425721046,0.214079128,0.30372156,0.791518108,6549.0,323.0
0.7689503041523446,0.249859802,0.247913411,0.745688338,6549.0,323.0
0.7691691482718719,0.284450342,0.278866146,0.781550532,6549.0,323.0
0.7696400603938957,0.287724685,0.31033191,0.823269588,6549.0,323.0
0.7716883620073559,0.302004719,0.351143995,0.842264995,6549.0,323.0
0.7703599165762468,0.326934778,0.404548434,0.84791727,6549.0,323.0
0.7692185584995905,0.329506136,0.445066849,0.850050486,6549.0,323.0
0.7674898143828286,0.316597415,0.452914418,0.84752788,6549.0,323.0
0.7665593965454982,0.258285458,0.457397633,0.84400637,6549.0,323.0
0.7642290682330106,0.201315577,0.444449228,0.839142174,6549.0,323.0
0.7566290686571576,0.146911706,0.442712565,0.832080579,6549.0,323.0
0.7295321280676785,0.103444773,0.426353989,0.819645377,6549.0,323.0
0.7001072259391878,0.014507657,0.407805691,0.808929266,6549.0,323.0
0.652600958131537,0.001361175,0.388680638,0.80171303,6549.0,323.0
0.639121704777408,0.0,0.38457616,0.792649181,6549.0,323.0
0.6328687033366833,0.001119023,0.368494886,0.782857403,6549.0,323.0
0.6311902214695232,0.004541749,0.343290857,0.776261287,6549.0,323.0
0.6312736131631109,0.011186529,0.330620684,0.762916499,6549.0,323.0
0.6366196714812379,0.026114094,0.321456212,0.742150791,6549.0,323.0
0.6657224132420951,0.099776636,0.318923513,0.732732263,6549.0,323.0
0.7215946338013259,0.148406989,0.301064963,0.742592062,6549.0,323.0
0.760167960809346,0.225824259,0.291706088,0.762393543,6549.0,323.0
0.7697332961089101,0.343014597,0.291267367,0.776558496,6549.0,323.0
0.7686953019140578,0.468563804,0.302175947,0.78534166,6549.0,323.0
0.7690897321281307,0.594357689,0.3209684,0.799670089,6549.0,323.0
0.770818334172211,0.67181539,0.347792286,0.814062816,6549.0,323.0
0.7717793734357817,0.747149685,0.401740019,0.81420126,6549.0,323.0
0.7720850165080171,0.801297171,0.451396718,0.804307602,6549.0,323.0
0.7748272392050484,0.776598787,0.479657882,0.796342707,6549.0,323.0
0.7734153076413679,0.674893933,0.4805078,0.772680627,6549.0,323.0
0.7719461568229572,0.571721772,0.474784105,0.766358375,6549.0,323.0
0.7696425211921494,0.480098082,0.471161782,0.786065297,6549.0,323.0
0.7678286817522395,0.37063654,0.471388192,0.782209696,6549.0,323.0
0.7655890811370208,0.263935914,0.459440036,0.755176305,6549.0,323.0
0.7572914690731134,0.184367799,0.442650695,0.727469179,6549.0,323.0
0.7298351210494868,0.134194718,0.419043908,0.706014641,6549.0,323.0
0.7004059120062947,0.031602978,0.395924668,0.695028875,6549.0,323.0
0.652600958131537,0.005355263,0.394519357,0.71947868,6549.0,323.0
0.639121704777408,0.001647485,0.375872514,0.694939574,6549.0,323.0
0.6325945328841595,0.001868027,0.364337296,0.667658705,6549.0,323.0
0.6308614822669021,0.004033149,0.3448327,0.637249651,6549.0,323.0
0.631120270762862,0.011708138,0.325794999,0.607780962,6549.0,323.0
0.6363903206105742,0.036584195,0.315125974,0.565685607,6549.0,323.0
0.6657224132420951,0.110744683,0.298784808,0.506889909,6549.0,323.0
0.7215758922193394,0.145363628,0.284207447,0.473493544,6549.0,323.0
0.7603146295214176,0.23107742,0.270905197,0.442570112,6549.0,323.0
0.7716819728787476,0.292681402,0.257428121,0.412609226,6549.0,323.0
0.768940128766063,0.421642003,0.248058073,0.40058192,6549.0,323.0
0.7689846169830685,0.510658536,0.250938765,0.387212398,6549.0,323.0
0.7715104567730322,0.579750794,0.257133177,0.329973432,6549.0,323.0
0.7765394656122062,0.63155713,0.279445302,0.309753894,6549.0,323.0
0.7799707814068727,0.667463078,0.313664355,0.297788624,6549.0,323.0
0.7821054565834086,0.676235418,0.338366933,0.267195494,6549.0,323.0
0.7843317582843823,0.611293062,0.352352095,0.23688847,6549.0,323.0
0.7818564172556857,0.542139262,0.352467677,0.23034249,6549.0,323.0
0.7787113878552561,0.435231716,0.353593912,0.231489399,6549.0,323.0
0.7719486176212109,0.333648904,0.342143445,0.194637328,6549.0,323.0
0.7682424690585167,0.227251702,0.307974314,0.180935406,6549.0,323.0
0.7609834194801877,0.160941446,0.2866555,0.186953866,6549.0,323.0
0.7312938123362529,0.107306488,0.265562331,0.199003269,6549.0,323.0
0.7034899835280187,0.013064858,0.237275107,0.216588127,6549.0,323.0
0.652951326346649,0.0,0.223449862,0.221950631,6549.0,323.0
0.6386152496326365,0.0,0.191539597,0.223993883,6549.0,323.0
0.6330409293916004,0.0,0.176441308,0.250897301,6549.0,323.0
0.631436941243262,0.0018925654999999999,0.170905265,0.298449923,6549.0,323.0
0.6369638394457088,0.013799192,0.17283367,0.323292645,6549.0,323.0
0.6658344853922857,0.054471562,0.186028342,0.319876429,6549.0,323.0
0.7217784079214358,0.082903923,0.196450588,0.310885156,6549.0,323.0
0.763065371194662,0.134957758,0.190482043,0.310172093,6549.0,323.0
0.7745259974864981,0.194822531,0.242894085,0.29828886,6549.0,323.0
0.7721493824742552,0.254897515,0.342667952,0.271454716,6549.0,323.0
0.7716498843346121,0.274876242,0.408754766,0.250116514,6549.0,323.0
0.7746017218115497,0.295108705,0.442315765,0.250566975,6549.0,323.0
0.775664232035191,0.312958707,0.516833205,0.353828183,6549.0,323.0
0.776160843158536,0.298457489,0.553015063,0.475993721,6549.0,323.0
0.7785910804600092,0.287136293,0.59229421,0.497104278,6549.0,323.0
0.7791494070449593,0.287386483,0.630360748,0.480472698,6549.0,323.0
0.7747067425176283,0.305955252,0.644734174,0.481257996,6549.0,323.0
0.7707410950955664,0.309350674,0.645018785,0.484797228,6549.0,323.0
0.7682018619523742,0.262036333,0.630000557,0.498491905,6549.0,323.0
0.7655890811370208,0.178787811,0.588071264,0.507536753,6549.0,323.0
0.7574795973274165,0.148624261,0.540453758,0.507768759,6549.0,323.0
0.7298351210494868,0.113308077,0.52073677,0.509757624,6549.0,323.0
0.7004059120062947,0.026356866,0.508224472,0.50049974,6549.0,323.0
0.6526384417097161,0.003994075,0.502123119,0.461369075,6549.0,323.0
0.6391285673435528,0.001307393,0.447411344,0.399293176,6549.0,323.0
0.6328326868763993,0.001229167,0.417316858,0.405831643,6549.0,323.0
0.6309532036445296,0.002367907,0.397682506,0.419075844,6549.0,323.0
0.630829299283783,0.00766334,0.37968781,0.433573274,6549.0,323.0
0.6358161390457299,0.028848832,0.370925383,0.4604655,6549.0,323.0
0.6651222013110748,0.104649159,0.369768395,0.459968098,6549.0,323.0
0.72193492106914,0.15631559,0.375610315,0.427889908,6549.0,323.0
0.7604911152715441,0.226772384,0.372450752,0.402533202,6549.0,323.0
0.7691727452373717,0.311197985,0.378303749,0.387376905,6549.0,323.0
0.7685672799307832,0.408388456,0.379037938,0.367557191,6549.0,323.0
0.7681786713830047,0.479536357,0.392602352,0.377022797,6549.0,323.0
0.7693342276152809,0.539057621,0.43306988,0.46522679,6549.0,323.0
0.7710099173193325,0.591748148,0.473442756,0.48693693,6549.0,323.0
0.7711111989872298,0.622931436,0.494204702,0.501563458,6549.0,323.0
0.7728595839273531,0.613235147,0.506320527,0.527512272,6549.0,323.0
0.7709723388879637,0.56891349,0.510337357,0.567182088,6549.0,323.0
0.7701676238941298,0.512509955,0.486486196,0.574509145,6549.0,323.0
0.7686067989175834,0.442658185,0.444097239,0.561822352,6549.0,323.0
0.7666891221583331,0.351659118,0.404179176,0.546113796,6549.0,323.0
0.7642290682330106,0.247465384,0.379861138,0.547379511,6549.0,323.0
0.7560122922112475,0.155745033,0.363657299,0.534369948,6549.0,323.0
0.7274512648867524,0.114950029,0.339824706,0.50415289,6549.0,323.0
0.6974356166785275,0.019147617,0.302152022,0.470470864,6549.0,323.0
0.6375559105706564,0.001658845,0.237464668,0.444753176,6549.0,323.0
0.6203885879203163,0.0,0.231421268,0.443642884,6549.0,323.0
0.6101280064919676,0.0,0.220847771,0.424097498,6549.0,323.0
0.6035956284426427,0.002541041,0.205499624,0.40364377,6549.0,323.0
0.6039369098050215,0.009249686,0.19861781,0.384211652,6549.0,323.0
0.6050245507392575,0.040645544,0.192256015,0.354887455,6549.0,323.0
0.6100260625085667,0.142317064,0.184323405,0.339635717,6549.0,323.0
0.617742109784457,0.198303522,0.161214429,0.315692308,6549.0,323.0
0.6434866572047642,0.291758007,0.135510461,0.29577054,6549.0,323.0
0.6677176600286389,0.386009204,0.124720057,0.285236188,6549.0,323.0
0.693348526108179,0.519731223,0.12605457,0.275088124,6549.0,323.0
0.6985139814678571,0.61455865,0.124411766,0.262944363,6549.0,323.0
0.6995968424640615,0.706464322,0.10638913,0.262783651,6549.0,323.0
0.7003441965446896,0.773728206,0.107260219,0.274997915,6549.0,323.0
0.702031149754365,0.776579876,0.110231435,0.285367726,6549.0,323.0
0.7050765547253779,0.775462398,0.112285977,0.294643135,6549.0,323.0
0.7056837708810185,0.733426434,0.113291569,0.310873056,6549.0,323.0
0.7082012333532445,0.638212867,0.115609236,0.339940318,6549.0,323.0
0.7098613994422566,0.570686441,0.121461571,0.380646028,6549.0,323.0
0.7082111722278608,0.446251422,0.133182355,0.408795555,6549.0,323.0
0.7076493907500926,0.318185516,0.140790881,0.404116751,6549.0,323.0
0.7038222720624419,0.225633306,0.156617056,0.368129184,6549.0,323.0
0.6977847538732037,0.162974854,0.153436293,0.321131273,6549.0,323.0
0.6849829987462313,0.035385206,0.137182927,0.272068925,6549.0,323.0
0.6415047565519572,0.002775676,0.100003967,0.250558651,6549.0,323.0
0.624281871056955,0.0,0.091705835,0.201038592,6549.0,323.0
0.6135365579353093,0.0,0.097696418,0.173658583,5465.0,269.0
0.6076560259171057,0.002506809,0.104836237,0.155100781,5465.0,269.0
0.6073306471683191,0.014421879,0.112572664,0.14293351,5465.0,269.0
0.6089650670365184,0.0693308,0.115580265,0.138862849,5465.0,269.0
0.6149919364019386,0.187032028,0.11249229,0.145920291,5465.0,269.0
0.6237946781511982,0.256895106,0.090730906,0.159421831,5465.0,269.0
0.6533615639069181,0.378421461,0.069961111,0.175720121,5465.0,269.0
0.6856711930166977,0.51425322,0.071323447,0.173411574,5465.0,269.0
0.7139239267643244,0.649228788,0.079121013,0.163173821,5465.0,269.0
0.7277752713708338,0.77121432,0.083798157,0.157771569,5465.0,269.0
0.7357006969149651,0.859761457,0.069794759,0.122812966,5465.0,269.0
0.741275064789699,0.910287952,0.077351601,0.111779769,5465.0,269.0
0.7444351447818377,0.914929614,0.075259385,0.101260416,5465.0,269.0
0.7487499298127817,0.874637459,0.071083731,0.106121847,5465.0,269.0
0.751655717101629,0.800961873,0.074623457,0.113353644,5465.0,269.0
0.7559209494179667,0.698133446,0.088649186,0.106729151,5465.0,269.0
0.7572748097050337,0.594681842,0.096965579,0.092927362,5465.0,269.0
0.7520656709307415,0.461662024,0.110902642,0.077860084,5465.0,269.0
0.7496077940725155,0.333437447,0.128898197,0.075425187,5465.0,269.0
0.7414237689103916,0.237731392,0.1437471,0.086280179,5465.0,269.0
0.7296951728308787,0.173563227,0.149316834,0.108862364,5465.0,269.0
0.7135217347427318,0.046317321,0.133761924,0.136666281,5465.0,269.0
0.6539814166612999,0.006821818,0.116998394,0.170071596,5465.0,269.0
0.6394980561392041,0.002717532,0.113672871,0.178801247,5465.0,269.0
0.6337560528554115,0.003956909,0.119734413,0.182092805,5465.0,269.0
0.6316372802924679,0.011358638,0.128452323,0.176003231,5465.0,269.0
0.6315245449983614,0.031857697,0.120492096,0.177202197,5465.0,269.0
0.6365520871338466,0.086849801,0.11415648,0.192071066,5465.0,269.0
0.666149878046964,0.200574543,0.102930035,0.210999947,5465.0,269.0
0.7229750923310889,0.270518051,0.088600472,0.219297983,5465.0,269.0
0.7721433247105017,0.395886865,0.065965999,0.220960098,5465.0,269.0
0.7898902239597301,0.554945999,0.073397319,0.232932411,5465.0,269.0
0.794432466111192,0.691495551,0.102731984,0.259314459,5465.0,269.0
0.7970271676600627,0.809581153,0.125086429,0.27994796,5465.0,269.0
0.7996879392189374,0.889786507,0.129019357,0.304277765,5465.0,269.0
0.8054962958296854,0.922937689,0.146963396,0.296711788,5465.0,269.0
0.8054443299505233,0.900846864,0.163057977,0.357687681,5465.0,269.0
0.8077590397947817,0.854081893,0.185027169,0.461482505,5465.0,269.0
0.80670552198489,0.785557936,0.212571502,0.497516824,5465.0,269.0
0.8037665576183589,0.679832761,0.238299889,0.449362688,5465.0,269.0
0.7997978343020316,0.557696139,0.269779354,0.369112998,5465.0,269.0
0.7957544275605031,0.422996187,0.292017382,0.389038092,5465.0,269.0
0.7928466997162241,0.282152622,0.296878071,0.476137999,5465.0,269.0
0.7858238159410055,0.20961428,0.285133252,0.515683702,5465.0,269.0
0.7502721350439027,0.147108173,0.26472608,0.490191519,5465.0,269.0
0.7112375038378264,0.040291004,0.239458638,0.468802994,5465.0,269.0
0.6536621433099647,0.006767814,0.216990012,0.436990117,5465.0,269.0
0.639758926849071,0.002689147,0.20633743,0.434482266,5465.0,269.0
0.6337629154215563,0.003839051,0.190512852,0.434859149,5465.0,269.0
0.631760711215678,0.010402306,0.187908669,0.436678491,5465.0,269.0
0.6318687133770384,0.023839939,0.185605279,0.40286507,5465.0,269.0
0.6369598638958622,0.038660789,0.179895326,0.373130948,5465.0,269.0
0.6663152415357362,0.10494321,0.170229226,0.352734297,5465.0,269.0
0.7229070349603673,0.15417613,0.148584356,0.330844395,5465.0,269.0
0.7680872337365342,0.226553589,0.135989836,0.315127838,5465.0,269.0
0.787749159654586,0.344721352,0.142666114,0.308264963,5465.0,269.0
0.7915730127415916,0.427278746,0.145816034,0.296628914,5465.0,269.0
0.794941145956758,0.501423224,0.146475403,0.277009739,5465.0,269.0
0.7975336704385321,0.557367623,0.127185436,0.24705103,5465.0,269.0
0.8028944947887989,0.599366136,0.159984568,0.26601329,5465.0,269.0
0.8064493839935631,0.634268799,0.186242085,0.258877307,5465.0,269.0
0.8160249418989005,0.621895109,0.215621403,0.240432998,5465.0,269.0
0.8164188990896429,0.589049795,0.22996779,0.213456651,5465.0,269.0
0.8156389362220573,0.500451683,0.230075788,0.184825666,5465.0,269.0
0.8155124762098673,0.412832603,0.23225078,0.178059493,5465.0,269.0
0.806742153955392,0.319091011,0.228012471,0.163767555,5465.0,269.0
0.7990830894225671,0.228365568,0.228255041,0.163360808,5465.0,269.0
0.7878547006034866,0.163678073,0.238617785,0.170410328,5465.0,269.0
0.75336709190111,0.114594187,0.239150393,0.171292256,5465.0,269.0
0.7168737764663387,0.013864348,0.220833833,0.173312908,5465.0,269.0
0.6543973338151821,0.00127266,0.198104503,0.18140467,5465.0,269.0
0.6391984236112304,0.0,0.18038706,0.171362615,5465.0,269.0
0.633771008593931,0.0,0.163809313,0.173667258,5465.0,269.0
0.6317675261481249,0.001128832,0.154204313,0.191439432,5465.0,269.0
0.6320341240853025,0.002909961,0.156112546,0.221743032,5465.0,269.0
0.6371252273846345,0.021058132,0.144728971,0.231910211,5465.0,269.0
0.6665310565662836,0.106152529,0.128017718,0.223667591,5465.0,269.0
0.7229750923310889,0.151746135,0.111100088,0.208342857,5465.0,269.0
0.7698048560061478,0.231308284,0.097919023,0.21290229,5465.0,269.0
0.7885679787792621,0.338996209,0.092130606,0.226415436,5465.0,269.0
0.7915980017937111,0.437772711,0.093368213,0.238964575,5465.0,269.0
0.7950416700417557,0.536601878,0.098737443,0.258686572,5465.0,269.0
0.8017753808206453,0.624074684,0.094442408,0.274338851,5465.0,269.0
0.8104209471066969,0.679318981,0.104322364,0.306325702,5465.0,269.0
0.8200951365895044,0.685400416,0.121447858,0.335153658,5465.0,269.0
0.8259941732638233,0.664704302,0.136735112,0.35825925,5465.0,269.0
0.8288769120559829,0.614687801,0.150416525,0.386032826,5465.0,269.0
0.8266477705582028,0.53552113,0.162215097,0.405683231,5465.0,269.0
0.822918810010486,0.451661505,0.169771167,0.432893046,5465.0,269.0
0.8167536016170339,0.335304372,0.171987322,0.447020862,5465.0,269.0
0.8076375017933052,0.256149714,0.173074633,0.448909936,5465.0,269.0
0.7891862223430672,0.175223457,0.171438849,0.423484591,5465.0,269.0
0.7569694031444636,0.126212955,0.160380662,0.403730376,5465.0,269.0
0.7188586113549358,0.020723617,0.145138057,0.395720816,5465.0,269.0
0.6543973338151821,0.001996382,0.11150931,0.364951979,5465.0,269.0
0.6389969488089844,0.0,0.108077121,0.335407101,5465.0,269.0
0.6337629154215563,0.0,0.099444728,0.29913422,5465.0,269.0
0.6317675261481249,0.002427604,0.090902761,0.260660654,5465.0,269.0
0.6320341240853025,0.010987331,0.093656805,0.236174732,5465.0,269.0
0.6371252273846345,0.049822756,0.098098309,0.216807849,5465.0,269.0
0.6665310565662836,0.154758328,0.101034746,0.199200264,5465.0,269.0
0.72349470473163,0.216956862,0.08439391,0.1891361,5465.0,269.0
0.7655852000261579,0.318847869,0.082475174,0.188680611,5465.0,269.0
0.7801518578028578,0.447097364,0.109845978,0.198100182,5465.0,269.0
0.784671287969297,0.573617842,0.131737059,0.208207807,5465.0,269.0
0.7885572351022544,0.689550787,0.16119942,0.23435759,5465.0,269.0
0.7924358938652287,0.753172236,0.186353114,0.242694828,5465.0,269.0
0.794845449029284,0.753125858,0.213770913,0.243844758,5465.0,269.0
0.795336996069234,0.744704795,0.231787152,0.258231021,5465.0,269.0
0.7966896257500712,0.697424023,0.251213863,0.280156982,5465.0,269.0
0.7963515155493537,0.650549221,0.283081978,0.297563653,5465.0,269.0
0.7950746101935682,0.536951252,0.314705143,0.30548917,5465.0,269.0
0.793463807112783,0.442269407,0.341796522,0.311094794,5465.0,269.0
0.7888939730382666,0.330112182,0.35500455,0.336748811,5465.0,269.0
0.7847438891805912,0.21708069,0.363186903,0.420081138,5465.0,269.0
0.7762345797086643,0.152439038,0.366500983,0.481571418,5465.0,269.0
0.7384076131009139,0.094471024,0.370216465,0.479963489,5465.0,269.0
0.7069106032793755,0.025430546,0.376323471,0.451345911,5465.0,269.0
0.6538943807827206,0.004691224,0.370890943,0.468382859,5465.0,269.0
0.639758926849071,0.001761953,0.367509016,0.473695221,5465.0,269.0
0.6337560528554115,0.002669869,0.350590951,0.421642976,5465.0,269.0
0.6317530204444991,0.0132967745,0.323746666,0.3871174035,5465.0,269.0
0.6370018909004079,0.030321536,0.292066756,0.347081017,5465.0,269.0
0.666149878046964,0.07217176,0.268610466,0.320773767,5465.0,269.0
0.7230071808752243,0.090945502,0.236209882,0.304081802,5465.0,269.0
0.7657644779393931,0.13415873,0.214288027,0.311067507,5465.0,269.0
0.7801490184202574,0.179118939,0.196065995,0.314913452,5465.0,269.0
0.784797085665983,0.226686955,0.188918076,0.326307774,5465.0,269.0
0.7886024332684614,0.270252612,0.189654554,0.339488494,5465.0,269.0
0.7902878725549561,0.298506984,0.180701453,0.321713976,5465.0,269.0
0.7932640363543033,0.311534866,0.212873967,0.336087733,5465.0,269.0
0.7944604842522911,0.317097382,0.256159777,0.35216878,5465.0,269.0
0.7967426329432898,0.354506415,0.276948492,0.351417468,5465.0,269.0
0.7964620733621576,0.349171586,0.289267013,0.332280349,5465.0,269.0
0.7950746101935682,0.321825801,0.292908723,0.330722253,5465.0,269.0
0.793044624358256,0.271019772,0.299138902,0.332360316,5465.0,269.0
0.7888939730382666,0.20475986,0.307103301,0.322570885,5465.0,269.0
0.7852343949064847,0.136203484,0.309012189,0.303343711,5465.0,269.0
0.7770734182410487,0.075122701,0.301082817,0.259808523,5465.0,269.0
0.7449191193064415,0.035008652,0.289930434,0.24367558,5465.0,269.0
0.7079197745307373,0.007259731,0.28021914,0.247226576,5465.0,269.0
0.641139101647677,0.0,0.278466359,0.267224235,5465.0,269.0
0.6236234457766398,0.0,0.288054543,0.231661735,5465.0,269.0
0.61496079431867,0.0,0.281714055,0.213756208,5465.0,269.0
0.6087971476891998,0.0023464885,0.2649376745,0.2105058925,5465.0,269.0
0.6098470211069968,0.017181561,0.246682883,0.181618002,5465.0,269.0
0.6156567503966561,0.065428876,0.228208609,0.168809329,5465.0,269.0
0.6237946781511982,0.111100807,0.209895168,0.167785353,5465.0,269.0
0.6493337752194128,0.176644334,0.205904782,0.184174146,5465.0,269.0
0.6774837601812473,0.204727394,0.201503812,0.197714496,5465.0,269.0
0.7104534705672043,0.270864495,0.197888028,0.210699254,5465.0,269.0
0.7191242151975488,0.346356109,0.201072567,0.223709224,5465.0,269.0
0.722261672496838,0.401899656,0.19816455,0.197681964,5465.0,269.0
0.7226990289568315,0.465515963,0.202145066,0.211751717,5465.0,269.0
0.7232597219010515,0.536035861,0.216232882,0.232104283,5465.0,269.0
0.7259055849408987,0.547561963,0.228901256,0.25422099,5465.0,269.0
0.7279879628734178,0.535181232,0.233572124,0.291831991,5465.0,269.0
0.7318072721198509,0.486499369,0.237198406,0.259984653,5465.0,269.0
0.7344229399515024,0.405947763,0.217928617,0.226750267,5465.0,269.0
0.7323114557585421,0.32105325,0.186441665,0.211788386,5465.0,269.0
0.7317185326117113,0.234621361,0.179052656,0.217090161,5465.0,269.0
0.7282869326716817,0.160228512,0.159882964,0.222047529,5465.0,269.0
0.7156272083914305,0.111007567,0.146403628,0.227476643,5465.0,269.0
0.6986346202279587,0.013741852,0.126034822,0.220768105,5465.0,269.0
0.6415047565519572,0.001327257,0.065294797,0.201671363,5465.0,269.0
0.6246280267963492,0.0,0.060925038,0.236439688,5465.0,269.0
0.6135365579353093,0.0,0.062983983,0.262709409,5465.0,269.0
0.6075629322747728,0.002786302,0.065593827,0.294867255,5465.0,269.0
0.6070507975363885,0.00928729,0.067072553,0.302793669,5465.0,269.0
0.6089386580859958,0.0366043,0.066323315,0.314486098,5465.0,269.0
0.6149118575284878,0.130637965,0.064743642,0.345144627,5465.0,269.0
0.6232168996208539,0.196429546,0.061892749,0.364426218,5465.0,269.0
0.6504093950651256,0.2836523,0.064030063,0.373964836,5465.0,269.0
0.6812221865802502,0.422159922,0.075789282,0.396969859,5465.0,269.0
0.7120741180836223,0.554170537,0.101590397,0.436058377,5465.0,269.0
0.7196075746261406,0.632308641,0.130595221,0.466815407,5465.0,269.0
0.7229318819398053,0.65940839,0.135421109,0.449653668,5465.0,269.0
0.7270002781476591,0.66151413,0.18707653,0.462164934,5465.0,269.0
0.7308684297452909,0.61990386,0.218327164,0.482708417,5465.0,269.0
0.7371263063914433,0.548245591,0.238471807,0.494365705,5465.0,269.0
0.7394305094845651,0.465374933,0.260389742,0.49728982,5465.0,269.0
0.7393184373343745,0.387249659,0.284658093,0.507664667,5465.0,269.0
0.7359414065586483,0.296910484,0.300880041,0.486659565,5465.0,269.0
0.7323114557585421,0.216632421,0.304271349,0.51835897,5465.0,269.0
0.7315590375945191,0.15044518,0.291325151,0.548014771,5465.0,269.0
0.7282470355147407,0.081941564,0.277804895,0.543221965,5465.0,269.0
0.7223002918280572,0.044551992,0.274462046,0.497918805,5465.0,269.0
0.7038205684328817,0.005005216,0.282924167,0.462239695,5465.0,269.0
0.6538860983181726,0.0,0.290005757,0.404571477,5465.0,269.0
0.6392666226404276,0.0,0.321638234,0.40701089,5465.0,269.0
0.6337629154215563,0.0,0.340965622,0.389098649,5465.0,269.0
0.6317675261481249,0.001759109,0.352225007,0.325995442,5465.0,269.0
0.6320409866514473,0.006128247,0.353669401,0.256853345,5465.0,269.0
0.6371320899507792,0.011665521,0.354350917,0.196140665,5465.0,269.0
0.6665310565662836,0.046080139,0.357901346,0.152262559,5465.0,269.0
0.723104202847912,0.073420113,0.358861003,0.135602439,5465.0,269.0
0.765893588456216,0.137268457,0.366012418,0.146470715,5465.0,269.0
0.7795771559951913,0.199655639,0.374481732,0.161016039,5465.0,269.0
0.7793115049330865,0.234126685,0.392792522,0.160870103,5465.0,269.0
0.7800929349185673,0.247284764,0.403806772,0.152969352,5465.0,269.0
0.7804992441484818,0.234193389,0.388834758,0.11844103,5465.0,269.0
0.781168317838409,0.223660286,0.379448488,0.131050986,5465.0,269.0
0.7885760243179388,0.236613015,0.376024023,0.156168849,5465.0,269.0
0.7910912152840847,0.258597812,0.362252544,0.170921886,5465.0,269.0
0.7900088273112106,0.257296837,0.346101737,0.187242429,5465.0,269.0
0.7899125625072164,0.268877276,0.334803134,0.206873806,5465.0,269.0
0.7890651101454291,0.237839816,0.326771646,0.225708751,5465.0,269.0
0.7890821008783637,0.187329369,0.308390471,0.255205531,5465.0,269.0
0.7874468766219792,0.137748666,0.292262059,0.278713017,5465.0,269.0
0.7790921401565312,0.118255971,0.278073732,0.269915142,5465.0,269.0
0.7482846024311808,0.088666666,0.262749412,0.25477463,5465.0,269.0
0.7144671555380735,0.014830386,0.242974691,0.235767778,5465.0,269.0
0.6543973338151821,0.001341371,0.207992971,0.168732171,5465.0,269.0
0.6393296163419603,0.0,0.202274217,0.139376387,5465.0,269.0
0.6335595476975767,0.0,0.192346138,0.117988248,5465.0,269.0
0.6319491470179872,0.0058709115,0.17301883499999998,0.097679568,5465.0,269.0
0.6371320899507792,0.044177447,0.156834403,0.106022092,5465.0,269.0
0.666588275821014,0.148183227,0.141921727,0.115562228,5465.0,269.0
0.7242602325177245,0.213576328,0.117908733,0.119608271,5465.0,269.0
0.7753988174847516,0.314894319,0.095802707,0.114047281,5465.0,269.0
0.7925419082516658,0.45685544,0.115464486,0.113447798,5465.0,269.0
0.7956954570425147,0.580117485,0.146828999,0.128354962,5465.0,269.0
0.8035246177826518,0.691053271,0.159963762,0.155927355,5465.0,269.0
0.8192508077556806,0.729120518,0.126559288,0.170457835,5465.0,269.0
0.8331199478975156,0.747715036,0.148691222,0.217206636,5465.0,269.0
0.8386719768105572,0.726924838,0.144665333,0.278012773,5465.0,269.0
0.839835957994269,0.613270594,0.148671948,0.316924216,5465.0,269.0
0.8403062073865832,0.489549149,0.146572137,0.329834649,5465.0,269.0
0.837538853564751,0.447946864,0.146540787,0.342221735,5465.0,269.0
0.8343199923467972,0.382468873,0.134863407,0.344698065,5465.0,269.0
0.8295105371621458,0.342884041,0.113037653,0.340438566,5465.0,269.0
0.817279697585167,0.249494536,0.09278207,0.336246602,5465.0,269.0
0.7961812300498683,0.186229365,0.080377474,0.330871418,5465.0,269.0
0.7583708279570076,0.12926537,0.06793369,0.329297587,5465.0,269.0
0.721160685014659,0.030004434,0.05442953,0.312939272,5465.0,269.0
0.661337677918696,0.003332114,0.046192279,0.260391025,5465.0,269.0
0.6444333086063355,0.0,0.041239822,0.252415875,5465.0,269.0
0.633604958765703,0.00266507,0.0378598665,0.2206743705,5465.0,269.0
0.6320791329593362,0.015729217,0.034264826,0.188200312,5465.0,269.0
0.6368599072731785,0.039618755,0.033324852,0.171022212,5465.0,269.0
0.6667852544163853,0.107762967,0.032513532,0.175567726,5465.0,269.0
0.7285797502672083,0.176207668,0.03126172,0.199423902,5465.0,269.0
0.7776552195407314,0.252348308,0.025856659,0.215877143,5465.0,269.0
0.7939627373759061,0.403891806,0.019148643,0.22610303,5465.0,269.0
0.7986156794128532,0.516300737,0.029093481,0.230687363,5465.0,269.0
0.8138037519150195,0.617192426,0.034150556,0.243799216,5465.0,269.0
0.8271453757761124,0.662910781,0.033779738,0.323798254,5465.0,269.0
0.8394304527383337,0.689470002,0.044829508,0.397072733,5465.0,269.0
0.8373388462946061,0.698035595,0.05050491,0.46463349,5465.0,269.0
0.8385592419306569,0.646199803,0.053452648,0.461885897,5465.0,269.0
0.8313879381801087,0.580206389,0.050188756,0.44827985,5465.0,269.0
0.8285893482502303,0.487318136,0.049434858,0.408565943,5465.0,269.0
0.822918810010486,0.415229311,0.049926472,0.368600852,5465.0,269.0
0.811209618242669,0.299973726,0.050587716,0.358947544,5465.0,269.0
0.8030437667860116,0.205908224,0.048509275,0.357621886,5465.0,269.0
0.7893043526712173,0.153457492,0.046349201,0.330598208,5465.0,269.0
0.7565268405283937,0.107548395,0.048739542,0.287452877,5465.0,269.0
0.7198807982035916,0.027329064,0.048066031,0.225844229,5465.0,269.0
0.660617158592429,0.003258347,0.053685887,0.180074451,5465.0,269.0
0.6432672924282087,0.001070798,0.045918452,0.1431659,5465.0,269.0
0.6355523336858668,0.001628351,0.04575262,0.123615001,5465.0,269.0
0.6319263112161154,0.012832151,0.052980348,0.152714776,5465.0,269.0
0.6369822972965382,0.047284247,0.055456079,0.145333627,5465.0,269.0
0.666438483166773,0.11153031,0.050364279,0.13487947,5465.0,269.0
0.7253390235250987,0.159162354,0.039747695,0.133329385,5465.0,269.0
0.7730682050269009,0.241299334,0.029944103,0.162691576,5465.0,269.0
0.7888998887293386,0.363321772,0.030366139,0.186828106,5465.0,269.0
0.7930263085801081,0.46194585,0.040007705,0.215026237,5465.0,269.0
0.7950121375632697,0.506784524,0.049723511,0.23585661,5465.0,269.0
0.7990399262507751,0.527914204,0.060720774,0.242933852,5465.0,269.0
0.8038868650136056,0.588220326,0.078471524,0.26974545,5465.0,269.0
0.8055261124535346,0.566302177,0.091033504,0.28498291,5465.0,269.0
0.807400294676138,0.525592278,0.106446044,0.311245681,5465.0,269.0
0.8016083137023129,0.463416148,0.120583903,0.349866529,5465.0,269.0
0.7974312530175948,0.410711801,0.136505637,0.365963175,5465.0,269.0
0.7944142924057256,0.345099843,0.121059818,0.379236564,5465.0,269.0
0.7918318960907413,0.254153161,0.097359525,0.39282314,5465.0,269.0
0.7879552723221822,0.18729757,0.082189866,0.379233946,5465.0,269.0
0.7787376075136053,0.136157294,0.075938553,0.370325579,5465.0,269.0
0.7464223464439108,0.093075433,0.074011935,0.344464625,5465.0,269.0
0.7079197745307373,0.013381858,0.068301507,0.331895069,5465.0,269.0
0.6539842564581063,0.001060603,0.066221323,0.346316746,5465.0,269.0
0.6399061166323767,0.0,0.057894821,0.334332947,5465.0,269.0
0.6337629154215563,0.0,0.049738906,0.311522062,5465.0,269.0
0.6317675261481249,0.002014701,0.048763296,0.281776076,5465.0,269.0
0.6320341240853025,0.00785398,0.042495409,0.269507733,5465.0,269.0
0.6371252273846345,0.034504686,0.038994067,0.254242606,5465.0,269.0
0.6665444031142265,0.093184174,0.034421393,0.223840517,5465.0,269.0
0.7230071808752243,0.141273481,0.027917855,0.203175856,5465.0,269.0
0.7657537818960832,0.236371226,0.023437515,0.186026707,5465.0,269.0
0.7847963757167815,0.355613817,0.024204793,0.169999301,5465.0,269.0
0.7892390874636043,0.465521812,0.026093472,0.164823375,5465.0,269.0
0.7922252377712657,0.554068126,0.031089225,0.170403767,5465.0,269.0
0.7950333403577159,0.638094951,0.036040367,0.165671793,5465.0,269.0
0.7960806111116808,0.684297424,0.062746129,0.199801832,5465.0,269.0
0.7974228284803653,0.68498704,0.092565291,0.232278138,5465.0,269.0
0.8005765665633874,0.649902084,0.113329951,0.25364369,5465.0,269.0
0.8001148361472864,0.631397731,0.135129395,0.283761122,5465.0,269.0
0.797479621931257,0.556193183,0.136084701,0.282805947,5465.0,269.0
0.7938359459988613,0.470667456,0.144444706,0.273242499,5465.0,269.0
0.7890014069089009,0.354844938,0.127561581,0.252360878,5465.0,269.0
0.7852343949064847,0.247472237,0.108282721,0.234967606,5465.0,269.0
0.7771404819314117,0.174102823,0.095662609,0.211988189,5465.0,269.0
0.7388135913801794,0.113177303,0.089286603,0.189258057,5465.0,269.0
0.7076468350986491,0.017934495,0.077738977,0.149762237,5465.0,269.0
0.6415707312945658,0.001576296,0.048495612,0.108533672,5465.0,269.0
0.6243163727656461,0.0,0.041157203,0.075779652,5465.0,269.0
0.61496079431867,0.0,0.037333239,0.059941904,5465.0,269.0
0.6086322102113692,0.007610492,0.0310515465,0.0420996765,5465.0,269.0
0.6100098289443256,0.041262329,0.026438311,0.025730725,5465.0,269.0
0.6160548720152124,0.101650917,0.0239042,0.022445939,5465.0,269.0
0.6237946781511982,0.159674069,0.022847474,0.021650891,5465.0,269.0
0.6493337752194128,0.235282966,0.020160943,0.02058162,5465.0,269.0
0.6777760571197459,0.334832188,0.023272125,0.021120603,5465.0,269.0
0.710551344561775,0.439014106,0.034263906,0.024393132,5465.0,269.0
0.7198419891659928,0.502160068,0.051015362,0.03433291,5465.0,269.0
0.7227392578928333,0.598083469,0.05915779,0.047849138,5465.0,269.0
0.7270002781476591,0.649614867,0.106642646,0.069619081,5465.0,269.0
0.7308684297452909,0.676898529,0.147211952,0.079103727,5465.0,269.0
0.7338053118979152,0.665540955,0.179258141,0.095282059,5465.0,269.0
0.7356344380269934,0.577709398,0.199546831,0.100202393,5465.0,269.0
0.7370944075536872,0.448684842,0.210107607,0.101132595,5465.0,269.0
0.735625682539115,0.3907143,0.208051786,0.092389336,5465.0,269.0
0.7323964566427064,0.282660101,0.190426446,0.0996703,5465.0,269.0
0.7319766111584696,0.178487484,0.158188017,0.113813217,5465.0,269.0
0.7283876936825505,0.09246937,0.136399509,0.126097743,5465.0,269.0
0.7202660467117414,0.055604963,0.119548673,0.142399378,5465.0,269.0
0.7010407200849899,0.010372995,0.104172357,0.163432787,5465.0,269.0
0.6414198501067765,0.001045182,0.072122401,0.207016,5465.0,269.0
0.6244534816016539,0.0,0.071011001,0.281292549,5465.0,269.0
0.6146308721435169,0.0,0.070459858,0.346664153,5465.0,269.0
0.6088021643459999,0.001397063,0.067446393,0.42517482,5465.0,269.0
0.6084622560767384,0.00866028,0.071365212,0.48168911,5465.0,269.0
0.6098444182360616,0.030209914,0.074005338,0.524819413,5465.0,269.0
0.6162974745806292,0.089196186,0.073950828,0.55410985,5465.0,269.0
0.6233163828060012,0.12347757,0.06443852,0.567789505,5465.0,269.0
0.6494670977977475,0.189718964,0.055420237,0.574608224,5465.0,269.0
0.6838754800627624,0.300778426,0.059523805,0.582350546,5465.0,269.0
0.713110171723043,0.411682863,0.078753116,0.59579173,5465.0,269.0
0.7205050995311502,0.506560049,0.118021882,0.598708493,5465.0,269.0
0.7237903144902654,0.564381863,0.108923952,0.547776509,5465.0,269.0
0.7347383326061807,0.591012473,0.142879607,0.567755023,5465.0,269.0
0.738708002797581,0.563348645,0.170714468,0.578130804,5465.0,269.0
0.7434672433663282,0.477512955,0.181892799,0.570017516,5465.0,269.0
0.7491157740092352,0.40361734,0.190747115,0.550890695,5465.0,269.0
0.7550566483959265,0.294308433,0.202357306,0.520746638,5465.0,269.0
0.7572748097050337,0.233578184,0.205746693,0.480543096,5465.0,269.0
0.751803427127757,0.212850876,0.199439713,0.441448915,5465.0,269.0
0.748989692581392,0.150739333,0.187687852,0.386558406,5465.0,269.0
0.7363920147133948,0.134535894,0.173489459,0.326579842,5465.0,269.0
0.7292037202299121,0.098658745,0.163074593,0.270890391,5465.0,269.0
0.7135217347427318,0.00562945,0.142022206,0.237229421,5465.0,269.0
0.655276779867915,0.0,0.095920519,0.2205319,5465.0,269.0
0.6391984236112304,0.0,0.095666037,0.238809338,5465.0,269.0
0.633771008593931,0.0,0.101988004,0.248055418,5465.0,269.0
0.6319042563997861,0.0015043925,0.10791655,0.2237975235,5465.0,269.0
0.6371320899507792,0.02019897,0.113212908,0.203842968,5465.0,269.0
0.666588275821014,0.121432349,0.113931065,0.173630027,5465.0,269.0
0.7229464118744862,0.195529645,0.115590186,0.150780756,5465.0,269.0
0.7721433247105017,0.299114478,0.090524825,0.140685495,5465.0,269.0
0.7907111725178051,0.422182108,0.109504377,0.147774397,5465.0,269.0
0.7945329906103957,0.557383386,0.156355464,0.163164324,5465.0,269.0
0.8004014534921721,0.663184658,0.204365594,0.184088483,5465.0,269.0
0.8116880080268496,0.729034281,0.214722081,0.191442136,5465.0,269.0
0.8259459936423345,0.756943704,0.255245352,0.192410632,5465.0,269.0
0.8344182449257147,0.777731689,0.273272069,0.187229734,5465.0,269.0
0.8383148408824902,0.768478763,0.273169557,0.193047692,5465.0,269.0
0.8388606257218887,0.70079796,0.252957186,0.204797317,5465.0,269.0
0.838550344370097,0.639353369,0.232701283,0.212298936,5465.0,269.0
0.8347554086655653,0.53650087,0.214728038,0.221959612,5465.0,269.0
0.8245185856831064,0.405264825,0.193971138,0.221781208,5465.0,269.0
0.8155683231998924,0.293700431,0.167004722,0.204391876,5465.0,269.0
0.7952398792433568,0.214608015,0.159697474,0.197150196,5465.0,269.0
0.7583708279570076,0.148453563,0.15382203,0.206416253,5465.0,269.0
0.7192970091289858,0.018889878,0.129730156,0.236755595,5465.0,269.0
0.6607528475300337,0.001518248,0.122621172,0.236268305,5465.0,269.0
0.6432672924282087,0.0,0.088403665,0.193315207,5465.0,269.0
0.6336928230564196,0.0,0.069320905,0.133837375,5465.0,269.0
0.6319531697873255,0.0101616505,0.067514245,0.0971028635,5465.0,269.0
0.6367191070326872,0.051498771,0.077499688,0.063965777,5465.0,269.0
0.666175293317128,0.160813793,0.084410131,0.038850416,5465.0,269.0
0.727240182988951,0.241951843,0.09180654,0.027268026,5465.0,269.0
0.7767727448132246,0.343798558,0.068861984,0.023081992,5465.0,269.0
0.7939640152016277,0.472586305,0.08382116,0.024445046,5465.0,269.0
0.8007929494704549,0.594730446,0.121002669,0.043593724,5465.0,269.0
0.8152737543411074,0.697438328,0.175380695,0.10153969,5465.0,269.0
0.8258462263118241,0.699340396,0.19965237,0.13735037,5465.0,269.0
0.8391409955966415,0.680715994,0.220149209,0.240553988,5465.0,269.0
0.8393354185405695,0.598888178,0.195076782,0.31682692,5465.0,269.0
0.8393375011686824,0.537265105,0.156437084,0.354138406,5465.0,269.0
0.8376703304408439,0.480951266,0.122459659,0.357043637,5465.0,269.0
0.8383114332091638,0.40393476,0.108056108,0.335592116,5465.0,269.0
0.8378731775077953,0.339314034,0.097883852,0.290589031,5465.0,269.0
0.8255058446050264,0.258155472,0.094477033,0.253189572,5465.0,269.0
0.8201437896485296,0.181854628,0.085419796,0.22973161,5465.0,269.0
0.8035504588566544,0.118304949,0.080072776,0.199571172,5465.0,269.0
0.7631515078318662,0.074131946,0.0901236,0.155189369,5465.0,269.0
0.7242639243364141,0.012381332,0.108206339,0.120632999,5465.0,269.0
0.6675983467279567,0.0,0.12605415,0.094719664,5465.0,269.0
0.6498844348500328,0.0,0.128328425,0.095338366,5465.0,269.0
0.6415588050592322,0.0,0.140464265,0.082854256,5465.0,269.0
0.6377574325923943,0.006490629,0.1648293655,0.0888670495,5465.0,269.0
0.6386082454080162,0.04206326,0.188421527,0.085262268,5465.0,269.0
0.6697472672796043,0.094423723,0.197143858,0.0963929,5465.0,269.0
0.7290588023668928,0.139362659,0.196937671,0.149392616,5465.0,269.0
0.7767727448132246,0.228279719,0.171989259,0.225956902,5465.0,269.0
0.7931814494631069,0.301994195,0.1915374,0.28045817,5465.0,269.0
0.7945329906103957,0.431092089,0.268591803,0.313876504,5465.0,269.0
0.7970271676600627,0.494917518,0.340318313,0.340741896,5465.0,269.0
0.7974852066716801,0.535139294,0.353192573,0.343128883,5465.0,269.0
0.7964732428430037,0.529634713,0.372798377,0.277542112,5465.0,269.0
0.7954375201542319,0.538693106,0.34880361,0.204112447,5465.0,269.0
0.796952011211531,0.489115575,0.320103328,0.174623578,5465.0,269.0
0.797292582210502,0.424633457,0.293011763,0.193551266,5465.0,269.0
0.7954700817216974,0.338953276,0.26027513,0.217969115,5465.0,269.0
0.7942124862386247,0.288319146,0.203392556,0.177731219,5465.0,269.0
0.7918563644858324,0.19827474,0.170188557,0.202406138,5465.0,269.0
0.7903311773852235,0.136910758,0.152428779,0.18553672,5465.0,269.0
0.7820796155094061,0.08890982,0.147001606,0.177514359,5465.0,269.0
0.7502721350439027,0.052309388,0.156162673,0.197736548,5465.0,269.0
0.7154651105033032,0.00566497,0.163115302,0.232694415,5465.0,269.0
0.6538860983181726,0.0,0.129092484,0.333750951,5465.0,269.0
0.6389969488089844,0.0,0.122209857,0.368579166,5465.0,269.0
0.6327652207848407,0.000969565,0.1263821565,0.3764951005,5465.0,269.0
0.6320341240853025,0.007894512,0.125122982,0.280350109,5465.0,269.0
0.6371252273846345,0.021853258,0.116297515,0.211820942,5465.0,269.0
0.6665310565662836,0.055598889,0.105169484,0.187484158,5465.0,269.0
0.7229750923310889,0.088559467,0.089243084,0.168267152,5465.0,269.0
0.7698645836928297,0.145978552,0.075751526,0.159196135,5465.0,269.0
0.7880591096415226,0.222605998,0.076588219,0.140275223,5465.0,269.0
0.7913269080638649,0.322666532,0.084019574,0.127207542,5465.0,269.0
0.7949941531499767,0.370331941,0.088164627,0.110818624,5465.0,269.0
0.7973671711967196,0.41120497,0.098489117,0.088218659,5465.0,269.0
0.8017255920085798,0.38954643,0.103762534,0.089449093,5465.0,269.0
0.8042511000194825,0.401032921,0.112003216,0.085681722,5465.0,269.0
0.8085009512076683,0.397613315,0.131262414,0.081345194,5465.0,269.0
0.8094081312561374,0.381815505,0.139769247,0.082762056,5465.0,269.0
0.8072340795796888,0.332497649,0.142215193,0.074553839,5465.0,269.0
0.805756977661585,0.298350805,0.138098193,0.061405598,5465.0,269.0
0.7978577713615969,0.216204253,0.126965561,0.052669906,5465.0,269.0
0.7942929436964223,0.159614799,0.124492668,0.051958631,5465.0,269.0
0.7864262045249163,0.125505543,0.118949666,0.050832123,5465.0,269.0
0.7511191611876454,0.078546001,0.109770819,0.056321767,5465.0,269.0
0.7153281437399769,0.004151147,0.085036457,0.059125578,5465.0,269.0
0.6540341873428532,0.0,0.053463369,0.046418007,5465.0,269.0
0.6392666226404276,0.0,0.046075173,0.043098439,5465.0,269.0
0.6327652207848407,0.0,0.0447968745,0.043581773000000004,5465.0,269.0
0.6318687133770384,0.002242855,0.041144635,0.065695541,5465.0,269.0
0.6370018909004079,0.019008657,0.039899803,0.084607176,5465.0,269.0
0.666149878046964,0.09739715,0.039320363,0.087193878,5465.0,269.0
0.72349470473163,0.160079809,0.035782666,0.075496621,5465.0,269.0
0.768216060107994,0.2419367,0.023037814,0.065512168,5465.0,269.0
0.7886338590828871,0.352551379,0.02702464,0.075213459,5465.0,269.0
0.7939752319019658,0.472853328,0.038189246,0.119990822,5465.0,269.0
0.7958208757406481,0.568975763,0.057127753,0.181898279,5465.0,269.0
0.7990399262507751,0.591960121,0.07787546,0.186779633,5465.0,269.0
0.805974685613866,0.636554294,0.103372115,0.199998472,5465.0,269.0
0.8111458201529511,0.647722932,0.113840717,0.217173681,5465.0,269.0
0.8168872551460175,0.618788235,0.120078426,0.276584805,5465.0,269.0
0.8178067404283729,0.578429713,0.128968973,0.333720071,5465.0,269.0
0.8180767932583688,0.518409674,0.13378859,0.390421415,5465.0,269.0
0.8137931503106934,0.431459781,0.135528066,0.42571867,5465.0,269.0
0.8053012105702538,0.311920411,0.13330062,0.420577618,5465.0,269.0
0.7977791123865491,0.221450687,0.124511732,0.376834176,5465.0,269.0
0.7871949979116559,0.140782222,0.125147747,0.327298733,5465.0,269.0
0.7532342899798035,0.083718636,0.116639606,0.294103272,5465.0,269.0
0.7168737764663387,0.004955488,0.097004261,0.255503094,5465.0,269.0
0.6414693551876849,0.0,0.07251756,0.223453411,5465.0,269.0
0.6236234457766398,0.0,0.054350836,0.161355256,5465.0,269.0
0.61496079431867,0.0,0.046194099,0.124302394,5465.0,269.0
0.6086356178846957,0.0017611425,0.0443156045,0.079634535,5465.0,269.0
0.6100098289443256,0.022643968,0.047257627,0.077731549,5465.0,269.0
0.6160616873618653,0.079787275,0.049231413,0.096932831,5465.0,269.0
0.6230654981902425,0.135713721,0.049360686,0.105469976,5465.0,269.0
0.6534041115684921,0.217292016,0.044135492,0.092077828,5465.0,269.0
0.6853305743840288,0.330191503,0.046244284,0.076923657,5465.0,269.0
0.7127262482601067,0.438711694,0.050002168,0.06366728,5465.0,269.0
0.7200047025643382,0.508012068,0.060467411,0.059730486,5465.0,269.0
0.7237109931997139,0.575445393,0.074720054,0.07789596,5465.0,269.0
0.7273929570984738,0.632362026,0.096284668,0.082357757,5465.0,269.0
0.7283640296756447,0.567824534,0.130645126,0.065878759,5465.0,269.0
0.7338053118979152,0.515834838,0.159788433,0.079998083,5465.0,269.0
0.7357489713896437,0.432417948,0.178705769,0.097714902,5465.0,269.0
0.7393184373343745,0.332688047,0.192073546,0.09492338,5465.0,269.0
0.7382097352641676,0.281530297,0.20439909,0.083854543,5465.0,269.0
0.7344258741872924,0.176604536,0.214866687,0.06882766,5465.0,269.0
0.7334705145173346,0.121574095,0.208498961,0.060278496,5465.0,269.0
0.7306843246745321,0.087817519,0.199691986,0.056657083,5465.0,269.0
0.7278873439352304,0.052979356,0.186965364,0.046899551,5465.0,269.0
0.714312488092611,0.004096252,0.17443218,0.038402616,5465.0,269.0
0.6451051272398793,0.0,0.133139328,0.025747731,5465.0,269.0
0.6247214518035369,0.0,0.129415111,0.031982074,5465.0,269.0
0.6142891649772996,0.0,0.122126872,0.043522593,5465.0,269.0
0.6084540918680231,0.001362061,0.10430116049999999,0.0447787925,5465.0,269.0
0.6095089585399772,0.007648589,0.082945095,0.043473184,5465.0,269.0
0.6156695762875708,0.04715424,0.065302743,0.043491413,5465.0,269.0
0.6232176572037534,0.093317539,0.050383193,0.044154128,5465.0,269.0
0.653561050934241,0.170203374,0.041768162,0.054986763,5465.0,269.0
0.6845497122750681,0.231179106,0.043003406,0.077338902,5465.0,269.0
0.7120655991074092,0.314041204,0.048021283,0.097987994,5465.0,269.0
0.7196075746261406,0.368010556,0.064067831,0.119204024,5465.0,269.0
0.7221065320280452,0.449993669,0.088697984,0.134997833,5465.0,269.0
0.725094906622295,0.504909354,0.126083306,0.165217388,5465.0,269.0
0.7308684297452909,0.5519367,0.156509597,0.17980402,5465.0,269.0
0.7338053118979152,0.556878893,0.185640099,0.191754052,5465.0,269.0
0.7390779173970706,0.484219767,0.218753307,0.211619281,5465.0,269.0
0.7394849842098846,0.393194156,0.236152913,0.235961756,5465.0,269.0
0.7420767038892674,0.285372921,0.24581107,0.245776199,5465.0,269.0
0.7347416458405236,0.196410011,0.238683562,0.249585562,5465.0,269.0
0.7338460610767392,0.144608649,0.220763402,0.259311183,5465.0,269.0
0.7307918061788644,0.099276407,0.210647194,0.280731749,5465.0,269.0
0.7279922221544213,0.059317876,0.203458698,0.325802759,5465.0,269.0
0.715822625015717,0.002930093,0.19395801,0.398261205,5465.0,269.0
0.6599133939016374,0.0,0.174384774,0.444470009,5465.0,269.0
0.6432672924282087,0.0,0.179297745,0.570632784,5465.0,269.0
0.6360209743018105,0.0,0.189121121,0.659795442,5465.0,269.0
0.6323374956514576,0.0,0.20069279,0.68572496,5465.0,269.0
0.6319309967151636,0.002861304,0.197571667,0.682439465,5465.0,269.0
0.6370981557044021,0.00969835,0.193101005,0.661086006,5465.0,269.0
0.6670700260590292,0.038667737,0.191062227,0.622654134,5465.0,269.0
0.727240182988951,0.069339102,0.175445244,0.556362225,5465.0,269.0
0.7741011827720561,0.109399521,0.175118675,0.496860618,5465.0,269.0
0.7907274060820462,0.165724943,0.18657823,0.492346875,5465.0,269.0
0.7941089330646471,0.226177865,0.192971612,0.51763031,5465.0,269.0
0.7968938927154258,0.303013557,0.203032736,0.533789642,5465.0,269.0
0.7996879392189374,0.372244868,0.212385754,0.498310176,5465.0,269.0
0.8040031968590057,0.442253131,0.228754882,0.451987408,5465.0,269.0
0.8088106646829398,0.398214308,0.241726377,0.433578743,5465.0,269.0
0.8168934077629607,0.32744783,0.25304724,0.416249439,5465.0,269.0
0.8181373729669338,0.315624612,0.259998383,0.405593233,5465.0,269.0
0.8183080370507659,0.292197006,0.267040328,0.39103961,5465.0,269.0
0.8158799295968974,0.262887308,0.259111757,0.361005982,5465.0,269.0
0.8084621421700697,0.184731236,0.229755657,0.32856812,5465.0,269.0
0.7998299224319608,0.134859442,0.207488457,0.306394086,5465.0,269.0
0.7891862223430672,0.107106577,0.194720143,0.276258003,5465.0,269.0
0.7583178207637891,0.069631389,0.190716153,0.249431238,5465.0,269.0
0.722915459497597,0.003528648,0.177508572,0.228693903,5465.0,269.0
0.6650752046621179,0.0,0.142293055,0.188588162,5465.0,269.0
0.6488330941072377,0.0,0.136183633,0.234920947,5465.0,269.0
0.6411122192596178,0.0,0.130270784,0.284254028,5465.0,269.0
0.6377574325923943,0.001574165,0.11066234050000001,0.2992746465,5465.0,269.0
0.6407781794619366,0.013354909,0.102391517,0.33489613,5465.0,269.0
0.6710319344429096,0.066003624,0.094359831,0.33948684,5465.0,269.0
0.7321411226253586,0.118053464,0.082227057,0.317685642,5465.0,269.0
0.7798289874860228,0.209482666,0.072541651,0.290635218,5465.0,269.0
0.7939640152016277,0.335899693,0.091586096,0.317176124,5465.0,269.0
0.7956470877146463,0.44345536,0.141679989,0.357591492,5465.0,269.0
0.798699923128324,0.496985714,0.239172784,0.407468271,5465.0,269.0
0.7996879392189374,0.492108924,0.24346447,0.44146371,5465.0,269.0
0.8024375919444275,0.476353571,0.318305076,0.449455909,5465.0,269.0
0.8061692029967776,0.442963458,0.358127949,0.457117638,5465.0,269.0
0.8111193167634447,0.440889919,0.365863021,0.371645985,5465.0,269.0
0.8137972207137296,0.396348095,0.354889417,0.291421409,5465.0,269.0
0.8151698225827833,0.341248652,0.335503748,0.232986707,5465.0,269.0
0.808298955748394,0.27541832,0.280611861,0.189906059,5465.0,269.0
0.8035994905000263,0.189684106,0.208727018,0.14277198,5465.0,269.0
0.7980649725627416,0.139399811,0.138638497,0.100883801,5465.0,269.0
0.7891862223430672,0.080683516,0.112496407,0.065062071,5465.0,269.0
0.7583708279570076,0.042966514,0.114504859,0.043169192,5465.0,269.0
0.723045942279125,0.00176465,0.111288096,0.032126408,5465.0,269.0
0.6675983467279567,0.0,0.123274718,0.029364364,5465.0,269.0
0.6495500636874967,0.0,0.104091348,0.046763078,5465.0,269.0
0.6432646895572736,0.0,0.096115186,0.057486592,5465.0,269.0
0.6394052462280283,0.0006261805,0.103157596,0.054877839,5465.0,269.0
0.6422762948823134,0.005404569,0.111861618,0.043044706,5465.0,269.0
0.6716951864665424,0.032308797,0.111739128,0.029937531,5465.0,269.0
0.7302232093544431,0.060968124,0.093533789,0.025228997,5465.0,269.0
0.7757233918453528,0.111049973,0.075877466,0.029272107,5465.0,269.0
0.790466866322828,0.199612423,0.097805069,0.051556144,5465.0,269.0
0.7941821017382555,0.268247141,0.111737025,0.068542416,5465.0,269.0
0.795434491065252,0.309496063,0.133426894,0.065868248,5465.0,269.0
0.7996879392189374,0.360653908,0.128552779,0.041923872,5465.0,269.0
0.8046296284483753,0.380324621,0.154978525,0.051614213,5465.0,269.0
0.8090559173387837,0.351477553,0.179023386,0.071722398,5465.0,269.0
0.8142589511298307,0.381011164,0.200333704,0.072232858,5465.0,269.0
0.8134478465931824,0.360105501,0.224799438,0.057330454,5465.0,269.0
0.8112563779657548,0.317953373,0.235776455,0.042340955,5465.0,269.0
0.8072001925528035,0.289942713,0.240705106,0.042224374,5465.0,269.0
0.798635841307449,0.233084297,0.223773824,0.048258145,5465.0,269.0
0.7944110740245725,0.145656343,0.200875816,0.054458161,5465.0,269.0
0.7864262045249163,0.089462057,0.184077386,0.055636654,5465.0,269.0
0.7526485131302744,0.043557609,0.171003053,0.045128967,5465.0,269.0
0.716238825900756,0.00112095,0.155910701,0.050236825,5465.0,269.0
0.6544934093270027,0.0,0.145486267,0.062568312,5465.0,269.0
0.6391984236112304,0.0,0.143741144,0.074393603,5465.0,269.0
0.63350128712879,0.0,0.135483496,0.0791969,5465.0,269.0
0.6319042563997861,0.0,0.1242697275,0.07517027100000001,5465.0,269.0
0.6371320899507792,0.006483041,0.117298087,0.067106249,5465.0,269.0
0.6665310565662836,0.047347716,0.102009866,0.065860744,5465.0,269.0
0.7228304586134326,0.11145233,0.090040458,0.072526753,5465.0,269.0
0.7730682050269009,0.203036687,0.075021993,0.080665757,5465.0,269.0
0.7900416730240394,0.367756641,0.070491235,0.083553223,5465.0,269.0
0.7941873078943318,0.515633974,0.075474596,0.081686767,5465.0,269.0
0.8021291090753858,0.648429239,0.083046065,0.079053584,5465.0,269.0
0.8126221649023614,0.719223485,0.070098838,0.086240744,5465.0,269.0
0.8331199478975156,0.767858213,0.086383602,0.103392155,5465.0,269.0
0.840117463622062,0.761436263,0.103566281,0.125876309,5465.0,269.0
0.8498964372992829,0.746192982,0.121979026,0.164103429,5465.0,269.0
0.8530436437668092,0.702045505,0.134154683,0.196945117,5465.0,269.0
0.8567290629725935,0.636441326,0.135892078,0.231550305,5465.0,269.0
0.8576308475728129,0.521059716,0.131932563,0.266474077,5465.0,269.0
0.8471438499237968,0.414089277,0.135232968,0.300820933,5465.0,269.0
0.8357497666652953,0.297564157,0.14590135,0.342538224,5465.0,269.0
0.8138607346580846,0.190248628,0.162183919,0.369809842,5465.0,269.0
0.7649751917074089,0.105084794,0.181718513,0.36145683,5465.0,269.0
0.7260466221072615,0.003360776,0.191461464,0.316414447,5465.0,269.0
0.667926186689203,0.0,0.196071049,0.302478347,5465.0,269.0
0.6476996394965766,0.0,0.20198483,0.341170127,5465.0,269.0
0.6399246693363959,0.0,0.202736674,0.363452119,5465.0,269.0
0.6352070061515068,0.002879478,0.2209020975,0.37893274050000003,5465.0,269.0
0.6407781794619366,0.026117241,0.234380444,0.42320384,5465.0,269.0
0.6710319344429096,0.109079229,0.225222612,0.45350555,5465.0,269.0
0.7351978859551852,0.215513428,0.211393685,0.475835407,5465.0,269.0
0.7836284666169211,0.324723499,0.184149196,0.482432925,5465.0,269.0
0.8071077140064825,0.484827406,0.178554692,0.474537416,5465.0,269.0
0.8372688955879448,0.621736529,0.223605072,0.447150463,5465.0,269.0
0.8714734839109357,0.744499068,0.280169274,0.405995233,5465.0,269.0
0.8909454835061403,0.819997388,0.326665199,0.336093866,5465.0,269.0
0.9019571576390922,0.857538075,0.343573411,0.248833307,5465.0,269.0
0.9038924878609871,0.836317989,0.353111799,0.183539192,5465.0,269.0
0.9039126493413767,0.800771597,0.352308427,0.148818015,5465.0,269.0
0.9012841556188105,0.727903633,0.346907627,0.14717692,5465.0,269.0
0.8998410351665758,0.651286088,0.333186184,0.160605863,5465.0,269.0
0.8958832916247153,0.54839384,0.307337638,0.172494445,5465.0,269.0
0.8891806280759046,0.433197736,0.28119175,0.190775113,5465.0,269.0
0.879545152777506,0.293686403,0.256979284,0.200520942,5465.0,269.0
0.8622918827821348,0.185613693,0.271037116,0.207750154,5465.0,269.0
0.8037022865053104,0.093473046,0.317339624,0.224066186,5465.0,269.0
0.7678468082382139,0.002811952,0.364313046,0.247003564,5465.0,269.0
0.6761219015749953,0.0,0.425443144,0.29151489,5465.0,269.0
0.6613855733948218,0.0,0.448644033,0.339084709,5465.0,269.0
0.6529496699365805,0.0,0.453257342,0.374250216,5465.0,269.0
0.6475233434528294,0.0,0.454928695,0.415602277,5465.0,269.0
0.6462565662638335,0.006528019,0.430354652,0.461017564,5465.0,269.0
0.6441532224627398,0.032913604,0.411716611,0.518676163,5465.0,269.0
0.6475774863990881,0.114565097,0.386914863,0.537338074,5465.0,269.0
0.6573060081203277,0.217844482,0.36656338,0.546896817,5465.0,269.0
0.6905778594662101,0.315210086,0.338855189,0.549461022,5465.0,269.0
0.7284963585736207,0.46112067,0.367511132,0.549836732,5465.0,269.0
0.7703106956407014,0.581372412,0.445047763,0.553003466,5465.0,269.0
0.7855413158044418,0.673555983,0.534147335,0.556218585,5465.0,269.0
0.787872354066131,0.726570397,0.602234889,0.591550358,5465.0,269.0
0.787326379934559,0.749481135,0.610805668,0.497129512,5465.0,269.0
0.788203175482659,0.691913571,0.623254749,0.429545799,5465.0,269.0
0.7890520477428495,0.592297323,0.631201202,0.408022892,5465.0,269.0
0.7923738942582605,0.494827639,0.6386707,0.412815546,5465.0,269.0
0.7958352636026474,0.424957338,0.635206934,0.437221403,5465.0,269.0
0.7965875869134807,0.32921439,0.644381454,0.478081245,5465.0,269.0
0.786221558975215,0.259902374,0.657501091,0.575512549,5465.0,269.0
0.7708314442084887,0.153138422,0.656585177,0.680532439,5465.0,269.0
0.758750586577924,0.107520754,0.650881063,0.769145065,5465.0,269.0
0.7523413557206522,0.054486113,0.64845276,0.801755569,5465.0,269.0
0.7383165068192982,0.002172301,0.652779362,0.803468601,5465.0,269.0
0.6674826299785684,0.0,0.664924169,0.77381399,5465.0,269.0
0.6505155987437362,0.0,0.634293338,0.743611503,5465.0,269.0
0.6369190670833403,0.0,0.643227204,0.702723459,5465.0,269.0
0.6249557721115087,0.0028194815,0.6354447830000001,0.7403132785,5465.0,269.0
0.619638299603898,0.029400071,0.609588501,0.766378772,5465.0,269.0
0.6243498335744868,0.061438764,0.603830266,0.762416446,5465.0,269.0
0.6322666457034214,0.099496569,0.599524369,0.77278625,5465.0,269.0
0.6597123449032299,0.159555899,0.581606501,0.812020802,5465.0,269.0
0.687928636386734,0.255924905,0.58598081,0.83037582,5465.0,269.0
0.7158992962158416,0.362484902,0.591148272,0.823969876,5465.0,269.0
0.7282072800162752,0.480931762,0.597038587,0.798561676,5465.0,269.0
0.7351318163593867,0.545997286,0.531965992,0.661647963,5465.0,269.0
0.7407801104906285,0.578290809,0.535400283,0.646342004,5465.0,269.0
0.7449030278148818,0.554669187,0.531014048,0.638446005,5465.0,269.0
0.7489176596608238,0.51366955,0.518210276,0.660004296,5465.0,269.0
0.751655717101629,0.503605946,0.492780703,0.619108726,5465.0,269.0
0.7564788501990782,0.45860671,0.484426351,0.575466598,5465.0,269.0
0.7580923982234801,0.378488664,0.471573085,0.521416823,5465.0,269.0
0.7527946615995237,0.274775506,0.459892764,0.525509595,5465.0,269.0
0.7498100732629469,0.193823092,0.422202328,0.46733196,5465.0,269.0
0.7414237689103916,0.127926455,0.416944068,0.362773866,5465.0,269.0
0.7323285409304602,0.045509974,0.4227872,0.299801833,5465.0,269.0
0.7182940849335508,0.001122345,0.433455357,0.280417075,5465.0,269.0
0.6642266165472905,0.0,0.416497543,0.27885567,5465.0,269.0
0.6476996394965766,0.0,0.41511387,0.256251909,5465.0,269.0
0.6415588050592322,0.0,0.409966711,0.209800264,5465.0,269.0
0.640709246459586,0.0016538775,0.4272542755,0.23357863,5465.0,269.0
0.6470060501920665,0.011824235,0.441447748,0.308421142,5465.0,269.0
0.6752869913729657,0.046149666,0.455010407,0.394125396,5465.0,269.0
0.7325828336337514,0.09417294,0.465960661,0.461315529,5465.0,269.0
0.7783220689440699,0.171649192,0.45003106,0.508308465,5465.0,269.0
0.7936277983368499,0.236504646,0.481292056,0.518867923,5465.0,269.0
0.7945329906103957,0.326699814,0.523168663,0.48997481,5465.0,269.0
0.798699923128324,0.425871777,0.572478766,0.457269455,5465.0,269.0
0.8007813069662784,0.490364984,0.578315081,0.45213225,5465.0,269.0
0.8063284138686067,0.534658375,0.586553022,0.406911857,5465.0,269.0
0.8103880069548843,0.613404944,0.565701204,0.357554449,5465.0,269.0
0.8145327898032937,0.585262811,0.553819845,0.294799628,5465.0,269.0
0.8154551148824555,0.549542842,0.517292929,0.233305975,5465.0,269.0
0.8074767765840892,0.477399194,0.466796036,0.214172143,5465.0,269.0
0.808538529224831,0.390951334,0.393030486,0.239517383,5465.0,269.0
0.8067311737667192,0.296435883,0.339467342,0.223126481,5465.0,269.0
0.8018284828670535,0.192733475,0.303589969,0.186860307,5465.0,269.0
0.7916763766233957,0.128294879,0.278925943,0.146314734,5465.0,269.0
0.7600131985106939,0.040618303,0.252478348,0.117905046,5465.0,269.0
0.7262201259879001,0.0,0.231840256,0.109073791,5465.0,269.0
0.6696757077965726,0.0,0.224006066,0.108775905,5465.0,269.0
0.6565640022684575,0.0,0.207007052,0.08545722,5465.0,269.0
0.6492776917177226,0.0,0.201723676,0.093643383,5465.0,269.0
0.6502483857105467,0.0,0.220648656,0.139954321,5465.0,269.0
0.6498950836738507,0.002526082,0.233818692,0.18144461,5465.0,269.0
0.6546643575561981,0.01390236,0.253990406,0.244017872,5465.0,269.0
0.6827165157429538,0.065039432,0.268997308,0.309624465,5465.0,269.0
0.7399512580523523,0.12884621,0.270965446,0.314017816,5465.0,269.0
0.7826019256340719,0.207075295,0.255591468,0.290704704,5465.0,269.0
0.7944872717871605,0.270946628,0.274637545,0.268624796,5465.0,269.0
0.7978702658876566,0.370651214,0.344964404,0.259309306,5465.0,269.0
0.8021467149043321,0.426243972,0.420395356,0.29034928,5465.0,269.0
0.8118836611628014,0.457563231,0.407849692,0.298615437,5465.0,269.0
0.816937044372289,0.478575175,0.439331254,0.250024729,5465.0,269.0
0.8144334014713362,0.466786362,0.451199129,0.226814344,5465.0,269.0
0.814183510535936,0.441384603,0.440658307,0.198268031,5465.0,269.0
0.8123363047261691,0.373433312,0.417676138,0.186882528,5465.0,269.0
0.807271563157868,0.309163177,0.394794086,0.195329528,5465.0,269.0
0.8020198763077955,0.244600874,0.36847036,0.188102602,5465.0,269.0
0.7947264666792507,0.178572597,0.342051767,0.245963836,5465.0,269.0
0.7917914306430742,0.116776707,0.344631097,0.364517779,5465.0,269.0
0.7854560784086123,0.07500893,0.337949914,0.440698407,5465.0,269.0
0.7534477858705728,0.021859878,0.347967128,0.496897584,5465.0,269.0
0.720311102805267,0.0,0.347242832,0.532222954,5465.0,269.0
0.6578338557659249,0.0,0.317294654,0.500864743,5465.0,269.0
0.6429235030480844,0.0,0.284401048,0.48899196,5465.0,269.0
0.6374740336286617,0.0,0.277334266,0.495616904,4966.0,244.0
0.6343012221845921,0.0,0.283601656,0.501752037,4966.0,244.0
0.6341857423610749,0.002947739,0.278168115,0.494708103,4966.0,244.0
0.6384040256621536,0.01800593,0.261208349,0.492906914,4966.0,244.0
0.66816869440143,0.054111109,0.246779506,0.471657531,4966.0,244.0
0.7273821662019744,0.099800428,0.22535843,0.447857862,4966.0,244.0
0.7678641303360033,0.171725808,0.20065971,0.41939704,4966.0,244.0
0.7769938132193401,0.321724357,0.189194538,0.37209025,4966.0,244.0
0.7721701122453711,0.423132627,0.210116773,0.395564565,4966.0,244.0
0.772599991043208,0.526484623,0.237599971,0.480092469,4966.0,244.0
0.7741693345817614,0.599327134,0.209386153,0.428684058,4966.0,244.0
0.7770536353450056,0.576655439,0.222252826,0.435832914,4966.0,244.0
0.7786516601685742,0.528882631,0.227213253,0.396559323,4966.0,244.0
0.783245300322678,0.452299505,0.227202077,0.344358872,4966.0,244.0
0.7815480292398337,0.38750524,0.209741892,0.297456972,4966.0,244.0
0.7789506771863299,0.341019833,0.187205973,0.291900342,4966.0,244.0
0.7790031165030284,0.318342685,0.178519812,0.287043678,4966.0,244.0
0.7751334501538037,0.247358429,0.158202218,0.267650445,4966.0,244.0
0.770519979469959,0.174433857,0.142884919,0.243251566,4966.0,244.0
0.7617361213753675,0.113480049,0.149244529,0.237726774,4966.0,244.0
0.7329273801825691,0.027803012,0.148560665,0.221921878,4966.0,244.0
0.7062780190730629,0.0,0.130291883,0.199440944,4966.0,244.0
0.6552553877812953,0.0,0.095369635,0.16207866,4966.0,244.0
0.6398615339763877,0.0,0.099800453,0.166097258,4966.0,244.0
0.6340622642183731,0.0,0.099433946,0.16249194,4966.0,244.0
0.6325255526623169,0.0,0.0799925375,0.13209107,4966.0,244.0
0.6386880873555959,0.006749079,0.072880844,0.145453903,4966.0,244.0
0.6682120468653953,0.052732813,0.070292039,0.137482775,4966.0,244.0
0.7273821662019744,0.102568345,0.068999424,0.123809128,4966.0,244.0
0.7680407577446055,0.178880829,0.059401675,0.121861782,4966.0,244.0
0.7763382749553233,0.226575392,0.056023943,0.138717186,4966.0,244.0
0.7701733502930284,0.293351548,0.067304282,0.169391597,4966.0,244.0
0.7701325538947126,0.329296051,0.094588463,0.213619582,4966.0,244.0
0.7714276329559646,0.33250956,0.105366309,0.234492122,4966.0,244.0
0.77217044319602,0.377913343,0.14403745,0.239133686,4966.0,244.0
0.7720331927015366,0.359553235,0.170492563,0.271831163,4966.0,244.0
0.7728893533317104,0.335827224,0.198311377,0.345828482,4966.0,244.0
0.7714716949549253,0.256398474,0.205980744,0.396902798,4966.0,244.0
0.7708918818443721,0.226981986,0.204968964,0.37639452,4966.0,244.0
0.7693136875505445,0.166205771,0.195036957,0.332084537,4966.0,244.0
0.7684324430150616,0.127747034,0.187701396,0.312209705,4966.0,244.0
0.7666132553463938,0.100903884,0.170797203,0.276869067,4966.0,244.0
0.7607771647399099,0.053962608,0.162366319,0.265893935,4966.0,244.0
0.733541222392689,0.014309849,0.14983783,0.270040443,4966.0,244.0
0.7078818651487195,0.0,0.144773446,0.262408523,4966.0,244.0
0.6573519162357363,0.0,0.117129812,0.209273445,4966.0,244.0
0.643012526701587,0.0,0.113933476,0.223764837,4966.0,244.0
0.637600398787662,0.0,0.109800907,0.241370178,4966.0,244.0
0.6348735578400917,0.0,0.0961788075,0.2348295055,4966.0,244.0
0.640069397493036,0.00278403,0.082647824,0.237955839,4966.0,244.0
0.669876756380774,0.018760147,0.072819177,0.261589978,4966.0,244.0
0.7290804785988753,0.064164316,0.063729389,0.273953858,4966.0,244.0
0.7683477262762604,0.121626179,0.059852175,0.280910669,4966.0,244.0
0.7768122161663269,0.184558119,0.067093941,0.287510193,4966.0,244.0
0.77122573234988,0.23197438,0.074349332,0.311102049,4966.0,244.0
0.7701325538947126,0.258056426,0.086393658,0.341534888,4966.0,244.0
0.7719583672036539,0.23551086,0.102665552,0.368928923,4966.0,244.0
0.7729239026740994,0.286473964,0.122326956,0.347102973,4966.0,244.0
0.7724149863168681,0.253915764,0.134333757,0.320516955,4966.0,244.0
0.7743263211670021,0.235303399,0.140613538,0.26579327,4966.0,244.0
0.7728922875675004,0.233063626,0.144200232,0.213412854,4966.0,244.0
0.7712651092639987,0.188349889,0.140951712,0.177553552,4966.0,244.0
0.7686742884117849,0.163787028,0.12044918,0.149788318,4966.0,244.0
0.7672928834211552,0.114822624,0.102758062,0.146752056,4966.0,244.0
0.7657018160169212,0.082957364,0.09257223,0.152706505,4966.0,244.0
0.7594865346660408,0.052935824,0.093187552,0.169135645,4966.0,244.0
0.7331723018877639,0.014663374,0.111882296,0.185554877,4966.0,244.0
0.7066609960751323,0.0,0.126144656,0.178254734,4966.0,244.0
0.6413101443158559,0.0,0.130273962,0.157829914,4966.0,244.0
0.6246604462911334,0.0,0.147605986,0.131567866,4966.0,244.0
0.6141858955344791,0.0,0.148455793,0.124468029,4966.0,244.0
0.6080264611736237,0.0,0.147424062,0.132914631,4966.0,244.0
0.607613975302814,0.0011802715,0.149505259,0.141087892,4966.0,244.0
0.6142717956600184,0.017201288,0.160562925,0.159428078,4966.0,244.0
0.6222749337183306,0.059310497,0.158078519,0.164199051,4966.0,244.0
0.6491076903636002,0.099304196,0.150878958,0.164588405,4966.0,244.0
0.6738997174965498,0.217931538,0.157376248,0.164933774,4966.0,244.0
0.6932440260591286,0.318231991,0.160660776,0.167318178,4966.0,244.0
0.6990574943869693,0.394374059,0.177101017,0.173841436,4966.0,244.0
0.700692055913644,0.453775665,0.167334539,0.180630804,4966.0,244.0
0.7009556247618419,0.473456258,0.205046349,0.206831932,4966.0,244.0
0.7010010594397141,0.48104741,0.23947013,0.243137393,4966.0,244.0
0.7027079852518119,0.511892815,0.250485105,0.263432648,4966.0,244.0
0.7023126085768723,0.470775794,0.247762214,0.256578675,4966.0,244.0
0.7037759853626865,0.400792156,0.239039934,0.249528367,4966.0,244.0
0.7063127577076252,0.335569339,0.239869462,0.254112537,4966.0,244.0
0.7052022571546684,0.250530304,0.232963029,0.252916238,4966.0,244.0
0.7047144491528997,0.147250897,0.223795373,0.25395876,4966.0,244.0
0.7025895711925046,0.067720199,0.209974773,0.268728251,4966.0,244.0
0.7001870206672757,0.010651385,0.205094521,0.282058098,4966.0,244.0
0.6892300573571025,0.0,0.211690628,0.29081084,4966.0,244.0
0.6360085742147344,0.0,0.200570555,0.27077098,4966.0,244.0
0.619418793168867,0.0,0.230114364,0.31753363,4966.0,244.0
0.6098184823088694,0.0,0.255731837,0.379120041,4966.0,244.0
0.6038671011710417,0.0,0.2734315,0.433068458,4966.0,244.0
0.6044685907206806,0.0025252585,0.29779496250000004,0.455452676,4966.0,244.0
0.6115106420888272,0.017942207,0.316809318,0.464665782,4966.0,244.0
0.6189050496541122,0.066420441,0.318293191,0.499514482,4966.0,244.0
0.6443373751671964,0.123338011,0.324399582,0.532404009,4966.0,244.0
0.6692862940321969,0.212631218,0.357008436,0.548964159,4966.0,244.0
0.6923418628745627,0.309769476,0.38059081,0.563641045,4966.0,244.0
0.698019500192117,0.401215728,0.400052381,0.589204813,4966.0,244.0
0.698459649229425,0.453725617,0.3858971,0.544652164,4966.0,244.0
0.6992026959811457,0.478493285,0.420058321,0.5390199,4966.0,244.0
0.6989132392536597,0.476896904,0.462628389,0.537128221,4966.0,244.0
0.6999251082291463,0.484563466,0.506636687,0.490090174,4966.0,244.0
0.6998861103135804,0.415358548,0.546054253,0.391083766,4966.0,244.0
0.7019872770475776,0.364211304,0.554207391,0.338192575,4966.0,244.0
0.7034699637061045,0.276852727,0.541708348,0.310238365,4966.0,244.0
0.7025604172983655,0.210526095,0.508796946,0.299145064,4966.0,244.0
0.7028460881823844,0.133411784,0.468320968,0.324953372,4966.0,244.0
0.696859115973905,0.081618161,0.428957549,0.365880983,4966.0,244.0
0.693147619596659,0.009077235,0.402101533,0.35130626,4966.0,244.0
0.6833897070554088,0.0,0.375273812,0.330931143,4966.0,244.0
0.6531063247427602,0.0,0.389723507,0.385992247,4966.0,244.0
0.6397925297305932,0.0,0.36324736,0.333367928,4966.0,244.0
0.6335949490618489,0.0,0.339071249,0.318247489,4966.0,244.0
0.6316577259182207,0.0,0.31405171,0.283474675,4966.0,244.0
0.6321694344385604,0.0,0.273015542,0.245718891,4966.0,244.0
0.6380502025542233,0.002844055,0.232343654,0.216286173,4966.0,244.0
0.6676116456422017,0.019280408,0.206590448,0.204055864,4966.0,244.0
0.7262979801605566,0.075196748,0.182481126,0.185923914,4966.0,244.0
0.7646964306090265,0.134892718,0.184872669,0.174464798,4966.0,244.0
0.7725740078965239,0.171056274,0.189767913,0.154196108,4966.0,244.0
0.7664514416036297,0.232660911,0.182571042,0.145311576,4966.0,244.0
0.7660804388847976,0.27030221,0.165279289,0.140083321,4966.0,244.0
0.7682164386923409,0.347277324,0.135731244,0.126293535,4966.0,244.0
0.7698239761724811,0.300092944,0.15112317,0.137653864,4966.0,244.0
0.768769133317376,0.270452922,0.156760078,0.133471172,4966.0,244.0
0.7694935333402997,0.26474858,0.174143617,0.144095576,4966.0,244.0
0.7675284813477457,0.272967298,0.170905467,0.156053308,4966.0,244.0
0.7653965515290326,0.233658708,0.171154168,0.159444189,4966.0,244.0
0.7628824490964351,0.174806034,0.15496707,0.155139429,4966.0,244.0
0.7625689021439986,0.145063416,0.14540702,0.148060227,4966.0,244.0
0.7607074981786117,0.110321531,0.133666667,0.145218559,4966.0,244.0
0.7535360051358901,0.068395304,0.131411623,0.141500854,4966.0,244.0
0.7256312256104076,0.008873845,0.124540676,0.131863608,4966.0,244.0
0.7001463187079435,0.0,0.116477981,0.121138955,4966.0,244.0
0.6536329890016194,0.0,0.102317062,0.112210295,4966.0,244.0
0.6397321393142017,0.0,0.1016637,0.113067473,4966.0,244.0
0.6340102507055131,0.0,0.102633251,0.125243444,4966.0,244.0
0.6324389189778302,0.0,0.0963216975,0.1579181745,4966.0,244.0
0.6384270269393497,0.003387415,0.087975376,0.176828341,4966.0,244.0
0.6680991226933215,0.027752305,0.083677684,0.165783693,4966.0,244.0
0.7258645516167117,0.075722841,0.080706379,0.153315854,4966.0,244.0
0.7664720293020638,0.145520099,0.076328749,0.13615072,4966.0,244.0
0.7763382749553233,0.23856536,0.085539912,0.133367639,4966.0,244.0
0.7707901267389385,0.324872874,0.106799018,0.131310843,4966.0,244.0
0.7718465315651284,0.423244017,0.147304649,0.139481676,4966.0,244.0
0.7722624014995187,0.484372839,0.163600199,0.124561238,4966.0,244.0
0.7754922424919393,0.456829248,0.227562578,0.183626369,4966.0,244.0
0.7770525468114574,0.451353347,0.276647963,0.23492006,4966.0,244.0
0.7806204507851036,0.451237202,0.299570007,0.253420302,4966.0,244.0
0.778784935113211,0.397739401,0.303958024,0.249478641,4966.0,244.0
0.7739611869197501,0.343496978,0.282849154,0.215265965,4966.0,244.0
0.7717288746745147,0.306779599,0.251928894,0.172782113,4966.0,244.0
0.7692234805103039,0.238793667,0.223754951,0.170909578,4966.0,244.0
0.7673995601230961,0.155280842,0.210078204,0.18547399,4966.0,244.0
0.7608078806051338,0.107881353,0.222588004,0.185574649,4966.0,244.0
0.733523853075408,0.009459226,0.22872568,0.183443983,4966.0,244.0
0.7076751369709053,0.0,0.233810975,0.185587514,4966.0,244.0
0.6581195266499439,0.0,0.24995504,0.20464115,4966.0,244.0
0.643242681960436,0.0,0.269882683,0.262914505,4966.0,244.0
0.6374740336286617,0.0,0.269315465,0.306197166,4966.0,244.0
0.6353669269725375,0.0,0.250949171,0.30674756400000003,4966.0,244.0
0.6410149131415672,0.004559446,0.242539283,0.319818048,4966.0,244.0
0.6706961906014621,0.027348541,0.245691537,0.346624925,4966.0,244.0
0.7290804785988753,0.084101446,0.246617592,0.333214077,4966.0,244.0
0.7710567718956078,0.141584309,0.236412372,0.301235315,4966.0,244.0
0.779911337865554,0.244112169,0.238084216,0.29384458,4966.0,244.0
0.7721701122453711,0.30710558,0.283540481,0.276843555,4966.0,244.0
0.7705529196217714,0.346921468,0.32989646,0.26177048,4966.0,244.0
0.770766936169569,0.365329683,0.361839177,0.204609018,4966.0,244.0
0.771751544586856,0.354009192,0.386801474,0.172830909,4966.0,244.0
0.7707184724027172,0.323057293,0.403049805,0.153823293,4966.0,244.0
0.7726812528891909,0.294433162,0.422328849,0.142569317,4966.0,244.0
0.7695202736556771,0.253042204,0.412885797,0.155737175,4966.0,244.0
0.7684450796138028,0.21881248,0.385344097,0.196243486,4966.0,244.0
0.7650644518725768,0.19152031,0.368199161,0.243454325,4966.0,244.0
0.7643253330370048,0.128830623,0.354994649,0.252854933,4966.0,244.0
0.7615102258117283,0.081841613,0.355056168,0.245658283,4966.0,244.0
0.7551966914677245,0.028083318,0.352338721,0.245823819,4966.0,244.0
0.7304515661305421,0.003299077,0.34664201,0.273070486,4966.0,244.0
0.7035149249464402,0.0,0.329368032,0.290952275,4966.0,244.0
0.653514953526659,0.0,0.342267068,0.354263948,4966.0,244.0
0.6393681884536877,0.0,0.317085682,0.355558757,4966.0,244.0
0.6339304087579333,0.0,0.307929306,0.342294558,4966.0,244.0
0.6322668349955947,0.0,0.288836547,0.32247754,4966.0,244.0
0.6329953050073488,0.0,0.268329078,0.332790498,4966.0,244.0
0.6386880873555959,0.001818905,0.258999501,0.474388247,4966.0,244.0
0.6683601831095679,0.010588289,0.249466965,0.548843185,4966.0,244.0
0.7258645516167117,0.064642565,0.241969806,0.582177585,4966.0,244.0
0.7664720293020638,0.104887289,0.219223969,0.625593613,4966.0,244.0
0.7765585389732537,0.188973182,0.215884748,0.641575425,4966.0,244.0
0.7701378544897726,0.252678577,0.254791534,0.649339562,4966.0,244.0
0.7701325538947126,0.364230554,0.316960465,0.670523193,4966.0,244.0
0.7709031457642019,0.431284049,0.306225862,0.660681978,4966.0,244.0
0.7722822792487515,0.416334192,0.335466073,0.669282678,4966.0,244.0
0.7723729593123225,0.395597836,0.364666259,0.676731619,4966.0,244.0
0.7732291199424963,0.418894016,0.364039881,0.629972541,4966.0,244.0
0.7712542235143095,0.356311933,0.341512394,0.565030282,4966.0,244.0
0.769886922240316,0.323524439,0.322741784,0.537854083,4966.0,244.0
0.7667308650175156,0.277650622,0.3008262,0.441940686,4966.0,244.0
0.7648629298508389,0.205074439,0.246617227,0.36949241,4966.0,244.0
0.7613709871281157,0.141480045,0.201116242,0.310106143,4966.0,244.0
0.7551916750180275,0.055180724,0.167948628,0.247913682,4966.0,244.0
0.7256312256104076,0.004981715,0.150682098,0.214032162,4966.0,244.0
0.6993896412629169,0.0,0.130957137,0.178320197,4966.0,244.0
0.6531800617070946,0.0,0.125576349,0.18040226,4966.0,244.0
0.6392792120196769,0.0,0.133976146,0.16813415,4966.0,244.0
0.6339960049161952,0.0,0.138104123,0.146573278,4966.0,244.0
0.6321958195722341,0.0,0.155120001,0.1380956625,4966.0,244.0
0.638331235158686,0.002746875,0.198140873,0.152513829,4966.0,244.0
0.6681232597235578,0.009844434,0.240411604,0.188458696,4966.0,244.0
0.7262319105647581,0.020614237,0.274673236,0.234080077,4966.0,244.0
0.7646964306090265,0.032895076,0.301223437,0.295604881,4966.0,244.0
0.7728342162908871,0.060612753,0.312007489,0.351117665,4966.0,244.0
0.7666372507181546,0.072084152,0.325297104,0.39393115,4966.0,244.0
0.7660012120332298,0.076943244,0.340898919,0.451879677,4966.0,244.0
0.7669662264324408,0.094019717,0.39654914,0.470794423,4966.0,244.0
0.7686481636066255,0.091545152,0.428229728,0.576277907,4966.0,244.0
0.7660695531351084,0.095361345,0.459168244,0.660254802,4966.0,244.0
0.7665285858270845,0.079915706,0.497236984,0.710557235,4966.0,244.0
0.7637805895116627,0.092866124,0.55093957,0.744911704,4966.0,244.0
0.7615363978363796,0.082783229,0.591964433,0.756674358,4966.0,244.0
0.75915410364473,0.075802826,0.620799154,0.778565418,4966.0,244.0
0.7551664490400368,0.064553859,0.639635652,0.801754798,4966.0,244.0
0.7542162955261552,0.038386627,0.653206036,0.800237521,4966.0,244.0
0.7473894906907269,0.023183526,0.668643779,0.76658098,4966.0,244.0
0.7229602314457592,0.001458585,0.669160081,0.717090628,4966.0,244.0
0.6970778652402426,0.0,0.660434758,0.676603122,4966.0,244.0
0.6363790566907443,0.0,0.640027168,0.652077664,4966.0,244.0
0.6199510893876412,0.0,0.631023542,0.662338394,4966.0,244.0
0.6094397650020095,0.0,0.606357173,0.593639199,4966.0,244.0
0.6032011037895862,0.0,0.570854496,0.511217077,4966.0,244.0
0.6027625639428548,0.0,0.526379703,0.448343674,4966.0,244.0
0.6044964665819952,0.001263022,0.482734312,0.437709195,4966.0,244.0
0.6102007969954353,0.01628293,0.439788642,0.444415689,4966.0,244.0
0.6195303450762355,0.054077832,0.396295522,0.495470656,4966.0,244.0
0.645963133986501,0.11071803,0.348232274,0.510978816,4966.0,244.0
0.6672822441240769,0.243591727,0.345083507,0.498939718,4966.0,244.0
0.6892578862060282,0.308602387,0.355513117,0.504764408,4966.0,244.0
0.6959670809561287,0.379316941,0.353856932,0.581471872,4966.0,244.0
0.696935976466203,0.437636516,0.296167522,0.636849638,4966.0,244.0
0.6987493901022742,0.4282679,0.305945859,0.66292272,4966.0,244.0
0.6987117172319217,0.423385629,0.322327253,0.672446725,4966.0,244.0
0.6998992671551436,0.431904809,0.325647851,0.674295196,4966.0,244.0
0.7001564940942251,0.419049353,0.32650418,0.655609459,4966.0,244.0
0.6998457869385949,0.35646502,0.330281088,0.644038256,4966.0,244.0
0.700483198302431,0.281539051,0.337680672,0.625381672,4966.0,244.0
0.6990847553593751,0.217205906,0.347462305,0.597558499,4966.0,244.0
0.6977308002191184,0.126401819,0.330150944,0.569182157,4966.0,244.0
0.6927007024321898,0.078838984,0.313339094,0.545069115,4966.0,244.0
0.6930325655769805,0.002724597,0.307868581,0.51607063,4966.0,244.0
0.6846146461178263,0.0,0.311998348,0.499628326,4966.0,244.0
0.6373118408873447,0.0,0.289331646,0.505381619,4966.0,244.0
0.6202559752911831,0.0,0.303358777,0.48221962,4966.0,244.0
0.608990292600303,0.0,0.305754772,0.460078569,4966.0,244.0
0.6028632777342319,0.0,0.313089802,0.449787219,4966.0,244.0
0.6033859662361414,0.0,0.31370023,0.4612042905,4966.0,244.0
0.610719036717065,0.004541348,0.295979253,0.449258632,4966.0,244.0
0.6192233765445807,0.054606205,0.278650056,0.399239842,4966.0,244.0
0.6467582886900652,0.109366424,0.272955625,0.372611324,4966.0,244.0
0.6708911337882122,0.205773485,0.289206485,0.358913036,4966.0,244.0
0.6983176656021957,0.265094729,0.300560128,0.35357566,4966.0,244.0
0.6983311538086139,0.29499682,0.29683984,0.35984084,4966.0,244.0
0.6957477638132711,0.320112277,0.267295036,0.451755301,4966.0,244.0
0.6953577821723753,0.340868619,0.266744149,0.436965012,4966.0,244.0
0.6946864841958598,0.329074412,0.276028336,0.462481553,4966.0,244.0
0.6984990257293379,0.333753676,0.287184671,0.486862318,4966.0,244.0
0.6980974015842653,0.306964214,0.309887613,0.522016788,4966.0,244.0
0.7008715231190524,0.291086513,0.309983408,0.52881383,4966.0,244.0
0.7018748258988342,0.239152424,0.315033296,0.527289455,4966.0,244.0
0.7009333806533391,0.194165729,0.308801607,0.535487726,4966.0,244.0
0.6983588405848583,0.128481217,0.295133443,0.567777622,4966.0,244.0
0.6935944887132242,0.070689014,0.280789996,0.571184878,4966.0,244.0
0.6973024361728744,0.002064506,0.27164032,0.566049013,4966.0,244.0
0.6911790178580969,0.0,0.252256742,0.539962558,4966.0,244.0
0.6536568423006986,0.0,0.241619292,0.544342095,4966.0,244.0
0.6396350229025304,0.0,0.230635649,0.505664316,4966.0,244.0
0.6324138354867271,0.0,0.218228925,0.482336444,4966.0,244.0
0.6310583421922347,0.0,0.209369774,0.4360326745,4966.0,244.0
0.6370360616584503,0.0,0.191446753,0.378597443,4966.0,244.0
0.6673626067286847,0.005646386,0.180648976,0.338724483,4966.0,244.0
0.7280499620661799,0.081776999,0.176291335,0.316646891,4966.0,244.0
0.7662119153466844,0.158256731,0.176986565,0.296843875,4966.0,244.0
0.7738242201564237,0.215757419,0.182816949,0.282819816,4966.0,244.0
0.7665933780113672,0.332410927,0.182284187,0.281252265,4966.0,244.0
0.7688273938861627,0.407785304,0.181687069,0.268481954,4966.0,244.0
0.7702376690397748,0.473056804,0.178751475,0.28713902,4966.0,244.0
0.7712270573950935,0.471347227,0.188658165,0.294139502,4966.0,244.0
0.7718250922590171,0.45892452,0.185357755,0.273266659,4966.0,244.0
0.7732323383236493,0.397398594,0.175575096,0.26684694,4966.0,244.0
0.7712542235143095,0.361208131,0.17440832,0.266089453,4966.0,244.0
0.7702782289264253,0.279197703,0.172806321,0.25208337,4966.0,244.0
0.7681940052916648,0.23959717,0.16310191,0.24030266,4966.0,244.0
0.7664578783659358,0.197486,0.143632732,0.2271334,4966.0,244.0
0.7624180681757011,0.136482631,0.140174597,0.216777501,4966.0,244.0
0.7534257310542434,0.080908413,0.121858317,0.194489137,4966.0,244.0
0.7228881036720013,0.001927635,0.100053719,0.177657045,4966.0,244.0
0.697764592392814,0.0,0.073279982,0.161262913,4966.0,244.0
0.6536410349545022,0.0,0.050478865,0.138367469,4966.0,244.0
0.6391842722608962,0.0,0.050845645,0.12275301,4966.0,244.0
0.6327583820355448,0.0,0.046476191,0.115995184,4966.0,244.0
0.6309438324393304,0.0,0.048942348,0.10071515049999999,4966.0,244.0
0.6366004560475088,0.00110547,0.050139385,0.07875374,4966.0,244.0
0.6665450182102385,0.00934899,0.053476987,0.058026996,4966.0,244.0
0.7267235520436919,0.101665525,0.053515415,0.044091974,4966.0,244.0
0.7654482332628316,0.194075856,0.042754509,0.037748461,4966.0,244.0
0.772546179047598,0.274893744,0.033726274,0.037846251,4966.0,244.0
0.7685680847331745,0.389988082,0.041990318,0.034243016,4966.0,244.0
0.7691404678152689,0.489697,0.059497418,0.027088931,4966.0,244.0
0.7700251196098722,0.555827824,0.081888959,0.023675629,4966.0,244.0
0.7713624626015412,0.572464495,0.100740684,0.02416616,4966.0,244.0
0.7705981650074702,0.516040486,0.099277114,0.029110285,4966.0,244.0
0.7714983408313191,0.46531156,0.093552455,0.039183719,4966.0,244.0
0.770703138079851,0.369820688,0.095536547,0.053218386,4966.0,244.0
0.7684237819661669,0.339320728,0.100743342,0.069017939,4966.0,244.0
0.7645755081177679,0.289986052,0.097877863,0.094998285,4966.0,244.0
0.7632512751623767,0.228229256,0.093854499,0.118306645,4966.0,244.0
0.7606373109602852,0.145422894,0.101530318,0.131766757,4966.0,244.0
0.751989567607137,0.077451415,0.10672341,0.145809717,4966.0,244.0
0.7243173101139794,0.00171694,0.102027193,0.152930386,4966.0,244.0
0.6973519880590686,0.0,0.088825225,0.147101928,4966.0,244.0
0.6530164018478826,0.0,0.058077436,0.13329542,4966.0,244.0
0.6393845636764042,0.0,0.06241305,0.129185346,4966.0,244.0
0.6337048913644346,0.0,0.067784528,0.132021328,4966.0,244.0
0.6321917729860469,0.0,0.08954732,0.1554711815,4966.0,244.0
0.638331235158686,0.001851728,0.112264488,0.172924443,4966.0,244.0
0.6681232597235578,0.025125516,0.118888097,0.187763514,4966.0,244.0
0.7262250007791216,0.096597776,0.127470323,0.213337781,4966.0,244.0
0.7645037589283569,0.166225481,0.127868057,0.237865848,4966.0,244.0
0.7729852867708497,0.230341922,0.145821938,0.261947102,4966.0,244.0
0.7675477435867604,0.305564917,0.200743908,0.25672286,4966.0,244.0
0.7691728873100531,0.362654329,0.262942852,0.241999232,4966.0,244.0
0.7688273938861627,0.355713997,0.26146531,0.233622526,4966.0,244.0
0.7705944736029869,0.336450986,0.303667781,0.217948544,4966.0,244.0
0.7697519904714047,0.26653734,0.319430573,0.220825967,4966.0,244.0
0.770524428457342,0.241583418,0.318533464,0.229227139,4966.0,244.0
0.7686679937221602,0.235292326,0.318490854,0.251048629,4966.0,244.0
0.767040957077134,0.199105729,0.305241591,0.273103134,4966.0,244.0
0.7645597003573654,0.151531221,0.285439154,0.252942727,4966.0,244.0
0.7633905134317832,0.109590708,0.276199903,0.275395,4966.0,244.0
0.7611556927545965,0.076151522,0.294342396,0.276066936,4966.0,244.0
0.7558641559670749,0.036742455,0.334680881,0.279079665,4966.0,244.0
0.7304071727667263,0.0,0.376033026,0.288313032,4966.0,244.0
0.7051213266735403,0.0,0.408893524,0.328577205,4966.0,244.0
0.6568911322805021,0.0,0.444810326,0.364701396,4966.0,244.0
0.6435449177735509,0.0,0.459138284,0.389272031,4966.0,244.0
0.6380775579656126,0.0,0.483079619,0.488708788,4966.0,244.0
0.636283714737871,0.0,0.4770586955,0.5617785285000001,4966.0,244.0
0.6418909515209738,0.002751075,0.471334483,0.570574367,4966.0,244.0
0.67139399238169,0.014099378,0.477108613,0.557549932,4966.0,244.0
0.7290804785988753,0.035578717,0.503988387,0.572567846,4966.0,244.0
0.7680407577446055,0.055932437,0.536566036,0.561648358,4966.0,244.0
0.775354045122383,0.064267563,0.549550256,0.54246229,4966.0,244.0
0.768995644391233,0.09630194,0.549758265,0.528929349,4966.0,244.0
0.7680360250260656,0.112546632,0.543245481,0.514792473,4966.0,244.0
0.7689227594487817,0.119451597,0.537043822,0.530810734,4966.0,244.0
0.7694784831627967,0.128852202,0.510125087,0.488600129,4966.0,244.0
0.768943962243228,0.128149784,0.479329054,0.397730606,4966.0,244.0
0.7696089659443249,0.106415205,0.461848806,0.316682899,4966.0,244.0
0.7675180690355929,0.08046756,0.447432877,0.259226431,4966.0,244.0
0.7653965515290326,0.055224766,0.448315971,0.199026498,4966.0,244.0
0.7634737630526894,0.04150004,0.454151757,0.17176863,4966.0,244.0
0.7613842864565665,0.02532631,0.435826734,0.159652286,4966.0,244.0
0.7591882744027725,0.011212455,0.425348764,0.151210277,4966.0,244.0
0.7535569237849733,0.00399753,0.403334758,0.139324658,4966.0,244.0
0.7266940667846977,0.0,0.38994035,0.130164807,4966.0,244.0
0.7006919138409625,0.0,0.389778213,0.147392474,4966.0,244.0
0.6536329890016194,0.0,0.3245612,0.203930382,4966.0,244.0
0.6396009465834718,0.0,0.324357894,0.244138587,4966.0,244.0
0.6337129845368094,0.0,0.319379857,0.280200339,4966.0,244.0
0.6319330789290706,0.0,0.330786425,0.3399647,4966.0,244.0
0.6324504670430231,0.0,0.349311291,0.443583751,4966.0,244.0
0.638331235158686,0.0,0.363534265,0.484857036,4966.0,244.0
0.6680267111884067,0.00321624,0.368015972,0.513643207,4966.0,244.0
0.7261648468743951,0.052517973,0.367545467,0.652313583,4966.0,244.0
0.7651572617837527,0.104215428,0.389617522,0.728913272,4966.0,244.0
0.772546179047598,0.152663214,0.402206431,0.733935746,4966.0,244.0
0.7664514416036297,0.247619235,0.411430572,0.738056046,4966.0,244.0
0.7661445207056726,0.324053857,0.45988687,0.772019615,4966.0,244.0
0.7660148423123296,0.421446551,0.487462486,0.772453313,4966.0,244.0
0.7664158037276921,0.416404188,0.50594173,0.779623281,4966.0,244.0
0.767761760134558,0.454581503,0.510218854,0.7946089,4966.0,244.0
0.7690657843900677,0.432279521,0.519430921,0.800821228,4966.0,244.0
0.7652498351832632,0.409510004,0.517989293,0.803104482,4966.0,244.0
0.7625633646230672,0.345344274,0.515210106,0.82881859,4966.0,244.0
0.7601367242870938,0.283447601,0.486162846,0.856896199,4966.0,244.0
0.7583591378191331,0.195858437,0.429082476,0.869308728,4966.0,244.0
0.7552367783310447,0.12744387,0.388943243,0.881969256,4966.0,244.0
0.7483598537329021,0.069456448,0.395492041,0.887511488,4966.0,244.0
0.7227735703093511,0.0,0.390969515,0.889942631,4966.0,244.0
0.6972137911037185,0.0,0.400695341,0.889188735,4966.0,244.0
0.6362112319895123,0.0,0.338689807,0.838084964,4966.0,244.0
0.6197901272525541,0.0,0.355640956,0.827250612,4966.0,244.0
0.6097996458736933,0.0,0.368734059,0.811150568,4966.0,244.0
0.6037588386811672,0.0,0.4248647965,0.810922421,4966.0,244.0
0.6053696179451035,0.001055548,0.491226648,0.837501038,4966.0,244.0
0.6116772361838294,0.014952995,0.535946416,0.872119696,4966.0,244.0
0.619209083535771,0.056545431,0.577982579,0.893516008,4966.0,244.0
0.6443293768480114,0.104797261,0.615620533,0.887954279,4966.0,244.0
0.6680331475365069,0.143391822,0.67706892,0.878836722,4966.0,244.0
0.6898193835384335,0.180438343,0.728834104,0.873870465,4966.0,244.0
0.696032298530044,0.189371546,0.746209442,0.867447607,4966.0,244.0
0.6954595372778088,0.174794388,0.709162304,0.844873965,4966.0,244.0
0.6949348135743812,0.1673663,0.707317891,0.830303686,4966.0,244.0
0.6946091506802314,0.160571726,0.666331532,0.828820751,4966.0,244.0
0.6963031085287332,0.142904008,0.650611787,0.811859,4966.0,244.0
0.6956619585409217,0.169297463,0.630692207,0.803307662,4966.0,244.0
0.6965089846846643,0.216834531,0.612334246,0.793572869,4966.0,244.0
0.6973740428753981,0.200701937,0.598437026,0.781742599,4966.0,244.0
0.6976435750483656,0.171360059,0.58414785,0.775421634,4966.0,244.0
0.6974880083615282,0.108419185,0.579814192,0.794955141,4966.0,244.0
0.6939410706706631,0.044132386,0.578520438,0.810770564,4966.0,244.0
0.6916069088810106,0.0,0.586973009,0.810938423,4966.0,244.0
0.6834075021765287,0.0,0.611943464,0.821098685,4966.0,244.0
0.6362112319895123,0.0,0.642279886,0.810599994,4966.0,244.0
0.6199137951016355,0.0,0.628237874,0.798697178,4966.0,244.0
0.6096897035711074,0.0,0.609400717,0.791670927,4966.0,244.0
0.6036488959643753,0.0,0.567825247,0.781524626,4966.0,244.0
0.6050943121537454,0.0,0.538558794,0.78437059,4966.0,244.0
0.610918760256053,0.003106541,0.51535715,0.785516881,4966.0,244.0
0.6192310434989107,0.047407775,0.498777732,0.780709936,4966.0,244.0
0.645565769122432,0.095980284,0.482340137,0.776269339,4966.0,244.0
0.6677789024669135,0.201568166,0.499486555,0.77903227,4966.0,244.0
0.6894458723876499,0.272472155,0.528815053,0.7878778,4966.0,244.0
0.6961992239899009,0.282389935,0.522440517,0.791379809,4966.0,244.0
0.6982727988008437,0.339300691,0.546902865,0.790956457,4966.0,244.0
0.6990204838321206,0.381166452,0.547253925,0.785114459,4966.0,244.0
0.6987254423642113,0.344826803,0.522862572,0.776704019,4966.0,244.0
0.6997578045991487,0.364757224,0.521230809,0.777138229,4966.0,244.0
0.6998861103135804,0.358199672,0.518193862,0.776231496,4966.0,244.0
0.7019872770475776,0.309758916,0.492930379,0.777786815,4966.0,244.0
0.7034699637061045,0.239923538,0.464715609,0.769201595,4966.0,244.0
0.7028199629630187,0.169277215,0.431554424,0.761953855,4966.0,244.0
0.7013722990844172,0.117093196,0.40500523,0.762744378,4966.0,244.0
0.6943092340068948,0.054657278,0.390168491,0.763223796,4966.0,244.0
0.6931864754395435,0.0,0.38624688,0.763825034,4966.0,244.0
0.6842096147136334,0.0,0.373520759,0.746552037,4966.0,244.0
0.6539209318059247,0.0,0.379940502,0.714561991,4966.0,244.0
0.6392958713877565,0.0,0.345421631,0.67258845,4966.0,244.0
0.6320462872465072,0.0,0.328336428,0.627579842,4966.0,244.0
0.6306758624445503,0.0,0.311705442,0.5732055985,4966.0,244.0
0.6368277242900594,0.0,0.311023342,0.510613493,4966.0,244.0
0.6668360373230153,0.002526003,0.301408073,0.463874907,4966.0,244.0
0.7267439976694448,0.030621602,0.291314306,0.421358968,4966.0,244.0
0.7654311953104053,0.066969137,0.27850319,0.382611208,4966.0,244.0
0.7757426068648757,0.094170871,0.257730898,0.346954196,4966.0,244.0
0.7696833180046713,0.158883351,0.280611912,0.338176727,4966.0,244.0
0.7665639399718648,0.231323432,0.303108957,0.353624007,4966.0,244.0
0.7663983871909191,0.301631782,0.30532451,0.393000345,4966.0,244.0
0.7664073796046688,0.317909475,0.339351552,0.335180786,4966.0,244.0
0.7655639500122198,0.400918706,0.373752412,0.334108035,4966.0,244.0
0.7671682691112071,0.409443943,0.403959928,0.386497264,4966.0,244.0
0.7657357026296004,0.420946786,0.406500898,0.421211744,4966.0,244.0
0.7624515289845417,0.333196631,0.421962037,0.423460682,4966.0,244.0
0.7591754957313496,0.276945201,0.435619445,0.40930899,4966.0,244.0
0.7574579683149257,0.213896808,0.413764486,0.403522274,4966.0,244.0
0.7541482377412276,0.132924949,0.36794307,0.411799628,4966.0,244.0
0.748454698638493,0.048028426,0.343077598,0.398389055,4966.0,244.0
0.7258137214905899,0.0,0.331510039,0.395471552,4966.0,244.0
0.6999566761162535,0.0,0.325823218,0.401583346,4966.0,244.0
0.6529398255009479,0.0,0.333849681,0.484484814,4966.0,244.0
0.638008648987214,0.0,0.325464593,0.468998742,4966.0,244.0
0.6309787131465742,0.0,0.30680067200000005,0.4633923725,4966.0,244.0
0.6313905128850312,0.0,0.305459145,0.474916392,4966.0,244.0
0.6367186812288487,0.0,0.289026233,0.460473896,4966.0,244.0
0.6670617435944812,0.006373243,0.273462729,0.452916,4966.0,244.0
0.7280499620661799,0.0625994,0.259628747,0.398502684,4966.0,244.0
0.7657545862842685,0.138947219,0.221572908,0.334195072,4966.0,244.0
0.7754793693815328,0.232572173,0.223970857,0.302212911,4966.0,244.0
0.7667737916776425,0.341270677,0.247286282,0.314837401,4966.0,244.0
0.7661641143095423,0.404082363,0.237142284,0.326208562,4966.0,244.0
0.7681386793728742,0.478482824,0.198588492,0.345387917,4966.0,244.0
0.7697333909620998,0.493832708,0.213345086,0.327427718,4966.0,244.0
0.7686309359478196,0.489910691,0.231683617,0.352165148,4966.0,244.0
0.769759610620449,0.453901019,0.240090184,0.337218079,4966.0,244.0
0.7676687609312088,0.421392288,0.241111966,0.293269184,4966.0,244.0
0.7658164438185551,0.340724663,0.236249506,0.257181938,4966.0,244.0
0.763052640156937,0.248560187,0.223190465,0.221613604,4966.0,244.0
0.7630057855806616,0.191592971,0.211196366,0.195723755,4966.0,244.0
0.7551180324926767,0.104737856,0.215211462,0.185798615,4966.0,244.0
0.7474897310445675,0.039481316,0.241039179,0.210576035,4966.0,244.0
0.7249751671035684,0.0,0.266371147,0.261003371,4966.0,244.0
0.6975801083235025,0.0,0.290581103,0.313194479,4966.0,244.0
0.6531933610355456,0.0,0.353173083,0.34482115,4966.0,244.0
0.6395283930058754,0.0,0.408181398,0.375958846,4966.0,244.0
0.6335949490618489,0.0,0.441406728,0.41554436,4966.0,244.0
0.6318299991926295,0.0,0.450418495,0.453895476,4966.0,244.0
0.6324504670430231,0.0,0.460086316,0.528679904,4966.0,244.0
0.638331235158686,0.0,0.485753718,0.562302955,4966.0,244.0
0.6681804789782881,0.003538775,0.515760114,0.598486693,4966.0,244.0
0.7260370618169918,0.01778573,0.544824448,0.657267262,4966.0,244.0
0.7646594676878757,0.035848187,0.580343258,0.685957214,4966.0,244.0
0.7727919051409782,0.052109614,0.606624783,0.729279285,4966.0,244.0
0.7687779364389521,0.079232121,0.649028096,0.773651549,4966.0,244.0
0.7691728873100531,0.100363722,0.67004403,0.771843648,4966.0,244.0
0.7689227594487817,0.130397159,0.701175683,0.725796698,4966.0,244.0
0.7695933951097936,0.146541729,0.691615365,0.669398983,4966.0,244.0
0.768943962243228,0.137593639,0.66429004,0.606735323,4966.0,244.0
0.7696089659443249,0.112896998,0.624710666,0.642726505,4966.0,244.0
0.7673196237365327,0.11021245,0.589544919,0.703850037,4966.0,244.0
0.7657234922489038,0.09736215,0.55939681,0.736826144,4966.0,244.0
0.7635408267430525,0.096810757,0.514854956,0.759133951,4966.0,244.0
0.7613842864565665,0.074350929,0.487822472,0.781407022,4966.0,244.0
0.7567981711841112,0.060050131,0.471789,0.799212364,4966.0,244.0
0.7495957253502945,0.015232536,0.460278627,0.801536512,4966.0,244.0
0.7246484156758706,0.0,0.444972339,0.802162837,4966.0,244.0
0.6982744552109119,0.0,0.440028326,0.796886234,4966.0,244.0
0.6530164018478826,0.0,0.454207801,0.826241516,4966.0,244.0
0.6395216725124121,0.0,0.452061565,0.818562923,4966.0,244.0
0.6337048913644346,0.0,0.42096598,0.811327594,4966.0,244.0
0.6318231366264847,0.0,0.384133457,0.804752594,4966.0,244.0
0.6323405719599292,0.0,0.350186618,0.80563813,4966.0,244.0
0.6380082227691694,0.0,0.324797543,0.808634902,4966.0,244.0
0.6674967336952047,0.005780768,0.306085576,0.80879669,4966.0,244.0
0.7264010603112037,0.043089759,0.298643558,0.815611463,4966.0,244.0
0.7648836124024628,0.10532641,0.286032714,0.818071725,4966.0,244.0
0.7740742059450135,0.208584808,0.267933751,0.819475797,4966.0,244.0
0.7661797799972633,0.307255611,0.273835596,0.830090525,4966.0,244.0
0.766141113032346,0.408031704,0.29451449,0.839101486,4966.0,244.0
0.7661073208586504,0.441242195,0.252546409,0.802884075,4966.0,244.0
0.7674210470629053,0.368516582,0.258306177,0.80893235,4966.0,244.0
0.7678434954180773,0.329213231,0.266985952,0.796199348,4966.0,244.0
0.7698599454132733,0.31429329,0.271520673,0.777606572,4966.0,244.0
0.7675923266569556,0.291134197,0.266341378,0.743735965,4966.0,244.0
0.766054881541952,0.239842345,0.264046239,0.674124346,4966.0,244.0
0.7620866788826529,0.210664428,0.246644987,0.60792599,4966.0,244.0
0.7577693858339636,0.165425075,0.22989514,0.539948465,4966.0,244.0
0.7552186042113722,0.091066323,0.23131527,0.469717293,4966.0,244.0
0.7473894906907269,0.014330728,0.24151086,0.425554784,4966.0,244.0
0.7229702647593592,0.0,0.248047666,0.395689399,4966.0,244.0
0.6977945510893445,0.0,0.248617398,0.355837284,4966.0,244.0
0.6533574462843902,0.0,0.235198006,0.284749204,4966.0,244.0
0.6393359582510768,0.0,0.245491006,0.299201473,4966.0,244.0
0.6333458152951422,0.0,0.243410161,0.306572626,4966.0,244.0
0.6316520463246079,0.0,0.248353091,0.328094025,4966.0,244.0
0.6321694344385604,0.0,0.24397296,0.366004198,4966.0,244.0
0.6377215109852999,0.0,0.25516864,0.4167661,4966.0,244.0
0.6674967336952047,0.007630997,0.267053755,0.425250285,4966.0,244.0
0.7270139556462508,0.026106743,0.265296538,0.425187798,4966.0,244.0
0.7654311953104053,0.072153718,0.253919763,0.415695383,4966.0,244.0
0.7758646178896826,0.118136662,0.233189729,0.406398649,4966.0,244.0
0.7703348330851438,0.182866646,0.235911792,0.396087509,4966.0,244.0
0.7668553848884802,0.243995088,0.263047621,0.415874808,4966.0,244.0
0.7665051115265579,0.295898313,0.280013438,0.511993122,4966.0,244.0
0.765717481290436,0.307927975,0.294597045,0.50586203,4966.0,244.0
0.7655450659433458,0.307470042,0.287677998,0.472851216,4966.0,244.0
0.7659571968395547,0.265854776,0.272592324,0.47419549,4966.0,244.0
0.766204390465036,0.264726692,0.277117624,0.465693964,4966.0,244.0
0.7632304505380709,0.224146181,0.276919762,0.458672234,4966.0,244.0
0.7606838341717057,0.160751749,0.275838327,0.465685057,4966.0,244.0
0.7610217550802497,0.103020696,0.262916403,0.476342183,4966.0,244.0
0.7595519887516211,0.057958791,0.256585554,0.493596911,4966.0,244.0
0.7529733716362387,0.011594898,0.256287742,0.514418421,4966.0,244.0
0.7301983147413073,0.0,0.250874451,0.542961152,4966.0,244.0
0.703455007967585,0.0,0.248879127,0.556807923,4966.0,244.0
0.6374359817597565,0.0,0.22666896,0.488527871,4966.0,244.0
0.6207494156670728,0.0,0.219712673,0.474397151,4966.0,244.0
0.6092256540152283,0.0,0.216288823,0.487607786,4966.0,244.0
0.6041642488768099,0.0,0.1807368905,0.504537848,4966.0,244.0
0.6072904658660152,0.0,0.157759356,0.50920396,4966.0,244.0
0.6148124215628322,0.002633533,0.146080404,0.50194472,4966.0,244.0
0.624231040930833,0.023449845,0.135208662,0.508717436,4966.0,244.0
0.6482465600890152,0.099163422,0.128903613,0.524534417,4966.0,244.0
0.6760182063283364,0.174252858,0.124600508,0.534138464,4966.0,244.0
0.70189972051197,0.252485372,0.138457694,0.545147657,4966.0,244.0
0.7029770916209408,0.312699312,0.153468866,0.548806008,4966.0,244.0
0.696317685682906,0.376627356,0.156171859,0.568505186,4966.0,244.0
0.695148971780654,0.423222356,0.168728134,0.484996167,4966.0,244.0
0.6951414941184975,0.462080934,0.190013433,0.415344991,4966.0,244.0
0.6958938646488226,0.426097853,0.211032461,0.430997389,4966.0,244.0
0.6956066322079248,0.362588104,0.234566283,0.452543159,4966.0,244.0
0.6964601423334656,0.292843327,0.254667216,0.418529799,4966.0,244.0
0.697508738132644,0.238648254,0.239005343,0.367594104,4966.0,244.0
0.7035837399000614,0.140062237,0.226833569,0.371431217,4966.0,244.0
0.7069894987660884,0.07679744,0.205491475,0.389889676,4966.0,244.0
0.7062143158365344,0.011838081,0.200985281,0.404751649,4966.0,244.0
0.7039496785354986,0.0,0.212355301,0.442030432,4966.0,244.0
0.6897904189364675,0.0,0.220988378,0.477398127,4966.0,244.0
0.6409990109421811,0.0,0.206299027,0.518580952,4966.0,244.0
0.6220912544514104,0.0,0.218056622,0.502104539,4966.0,244.0
0.6112821432400467,0.0,0.223646113,0.461004865,4966.0,244.0
0.6053032646181481,0.0,0.227290273,0.440813639,4966.0,244.0
0.6048106998738875,0.0,0.2322919295,0.4733740625,4966.0,244.0
0.6122024805442853,0.00844107,0.228933903,0.468645293,4966.0,244.0
0.6229155162438282,0.05270785,0.22319815,0.448130179,4966.0,244.0
0.6480522792177688,0.137002245,0.210392822,0.42798592,4966.0,244.0
0.6763121124574115,0.241611749,0.205463968,0.398647585,4966.0,244.0
0.7025588081077888,0.373358567,0.217200462,0.400256468,4966.0,244.0
0.7044004291771326,0.484048941,0.22024949,0.404189939,4966.0,244.0
0.6983620589660114,0.535599857,0.197739268,0.39465667,4966.0,244.0
0.6957495622960211,0.597197273,0.213831084,0.380520351,4966.0,244.0
0.6951297567611312,0.599335076,0.223942167,0.373791393,4966.0,244.0
0.6961423833195174,0.571590095,0.232930662,0.370363027,4966.0,244.0
0.6954787522973318,0.539806268,0.217716422,0.351180928,4966.0,244.0
0.6967115480204586,0.44093896,0.203339528,0.334998322,4966.0,244.0
0.6975785939861155,0.350751781,0.184098002,0.305371821,4966.0,244.0
0.6963308901581672,0.239701963,0.16377485,0.270869891,4966.0,244.0
0.7006179879986608,0.124423565,0.149620511,0.243346796,4966.0,244.0
0.7017313755679159,0.012165335,0.139506712,0.229205599,4966.0,244.0
0.7022177636712813,0.0,0.134650166,0.226730355,4966.0,244.0
0.6899197187454639,0.0,0.136602311,0.222885264,4966.0,244.0
0.6529155936175218,0.0,0.119655805,0.195208299,4966.0,244.0
0.6381191119468279,0.0,0.140681553,0.19797935,4966.0,244.0
0.6320998623162459,0.0,0.162582238,0.200643127,4966.0,244.0
0.6302274781621862,0.0,0.189049511,0.212906267,4966.0,244.0
0.6307593485771218,0.0,0.214957001,0.225661439,4966.0,244.0
0.6364692633167789,0.0,0.24616515,0.241770001,4966.0,244.0
0.6662770007888636,0.004755318,0.272389812,0.256795782,4966.0,244.0
0.7267235520436919,0.036100976,0.293125605,0.282286066,4966.0,244.0
0.7659984666754068,0.077671624,0.315918419,0.291656794,4966.0,244.0
0.7762853153958027,0.110204254,0.3661927,0.296565531,4966.0,244.0
0.7719512681258439,0.182487582,0.419337256,0.282943065,4966.0,244.0
0.7689727851867185,0.225415924,0.451190632,0.253375001,4966.0,244.0
0.7660827103908777,0.251431016,0.438768964,0.2138533,4966.0,244.0
0.7662444296946583,0.265714981,0.461706719,0.200182836,4966.0,244.0
0.7663752910605333,0.224403088,0.469136198,0.172800061,4966.0,244.0
0.7685692677057064,0.193213605,0.453057832,0.145117215,4966.0,244.0
0.7665179374174725,0.170207144,0.417369103,0.16218786,4966.0,244.0
0.7640010428217665,0.134362619,0.340025028,0.190435776,4966.0,244.0
0.7598836149705406,0.111290067,0.281063109,0.197611772,4966.0,244.0
0.7575515830284928,0.074146481,0.236534569,0.198597845,4966.0,244.0
0.7549696597368389,0.046073645,0.201328526,0.207002003,4966.0,244.0
0.747163784419261,0.003516463,0.174356002,0.215801882,4966.0,244.0
0.7228881036720013,0.0,0.153153009,0.185267792,4966.0,244.0
0.6973327258200538,0.0,0.136787299,0.141500497,4966.0,244.0
0.6533771823751474,0.0,0.120380589,0.08497717,4966.0,244.0
0.6396826346474993,0.0,0.109180561,0.055103414,4966.0,244.0
0.6335949490618489,0.0,0.093675284,0.046797762,4966.0,244.0
0.6318231366264847,0.0,0.079774637,0.048560701,4966.0,244.0
0.6323405719599292,0.0,0.076495851,0.048009521,4966.0,244.0
0.638221340075592,0.0,0.072203345,0.046771426,4966.0,244.0
0.6677497009390764,0.004066114,0.070913626,0.053587882,4966.0,244.0
0.7262979801605566,0.036174473,0.068084357,0.061281286,4966.0,244.0
0.7651690935801024,0.097296353,0.063574812,0.065309408,4966.0,244.0
0.7728884540903354,0.156901582,0.059619434,0.066818481,4966.0,244.0
0.7665877932709441,0.242700471,0.059686966,0.067774216,4966.0,244.0
0.7661725388467717,0.296773901,0.066734411,0.081295402,4966.0,244.0
0.7678717028513499,0.355821868,0.096444147,0.099279181,4966.0,244.0
0.769427274452328,0.376978272,0.110093964,0.119439941,4966.0,244.0
0.7687263491441367,0.364271672,0.135297766,0.15723246,4966.0,244.0
0.7693152967411211,0.352313851,0.156800133,0.184488099,4966.0,244.0
0.7671413395036562,0.357272733,0.160136429,0.185192316,4966.0,244.0
0.7655667421753283,0.307012723,0.149938094,0.17503817,4966.0,244.0
0.7631039433063893,0.25364356,0.145277805,0.156447085,4966.0,244.0
0.7613842864565665,0.197722714,0.143582739,0.164468661,4966.0,244.0
0.7549726888258188,0.126791692,0.183919456,0.202693182,4966.0,244.0
0.7475342192615729,0.006911812,0.224627187,0.250531866,4966.0,244.0
0.7234062961741392,0.0,0.256590009,0.301595084,4966.0,244.0
0.697799141735203,0.0,0.276956185,0.344981741,4966.0,244.0
0.6531786418086915,0.0,0.25404692,0.33711434,4966.0,244.0
0.6393359582510768,0.0,0.261058815,0.344202416,4966.0,244.0
0.6324989308098751,0.0,0.2679970785,0.3247524855,4966.0,244.0
0.635088828603865,0.0,0.296143598,0.29241801,4966.0,244.0
0.6675696658571478,0.003054971,0.333669813,0.284979147,4966.0,244.0
0.7262761618558924,0.021855611,0.347476937,0.306501566,4966.0,244.0
0.7651690935801024,0.077219374,0.362494491,0.377971955,4966.0,244.0
0.7728884540903354,0.124931468,0.399520301,0.455796006,4966.0,244.0
0.7662917100747723,0.210367349,0.462891684,0.498393405,4966.0,244.0
0.7660012120332298,0.293273948,0.540172367,0.511314699,4966.0,244.0
0.7660952997701272,0.308623658,0.578062916,0.53573475,4966.0,244.0
0.7665843855976175,0.329689534,0.615512581,0.508490844,4966.0,244.0
0.7660271947657078,0.287929474,0.640245408,0.451575046,4966.0,244.0
0.7671682691112071,0.222164481,0.627941933,0.40363191,4966.0,244.0
0.7639275900027952,0.176383618,0.586838005,0.411338803,4966.0,244.0
0.7614058678353595,0.147883009,0.559848557,0.48999535,4966.0,244.0
0.7588655933781108,0.099395646,0.560625192,0.635145881,4966.0,244.0
0.7577808862654586,0.069513348,0.55360682,0.749184983,4966.0,244.0
0.7532836529880303,0.028828053,0.562406037,0.793536407,4966.0,244.0
0.7476086661751089,0.001560417,0.569883956,0.819522839,4966.0,244.0
0.7236925353488843,0.0,0.554551345,0.832221576,4966.0,244.0
0.6974158333682785,0.0,0.522594717,0.837758085,4966.0,244.0
0.653407140657472,0.0,0.460213025,0.735320556,4966.0,244.0
0.6392999417907927,0.0,0.443527976,0.725211963,4966.0,244.0
0.6330171233120129,0.0,0.408269922,0.71356322,4966.0,244.0
0.6313172493582332,0.0,0.368603676,0.706330969,4966.0,244.0
0.6315067026577499,0.0,0.339980346,0.707521646,4966.0,244.0
0.6373948067770939,0.0,0.324157837,0.738373397,4966.0,244.0
0.6666545347089857,0.001619516,0.312313211,0.753558031,4966.0,244.0
0.7267878231567403,0.010240456,0.309503384,0.765147633,4966.0,244.0
0.766141444397201,0.062929097,0.305254975,0.776074888,4966.0,244.0
0.7762853153958027,0.130358961,0.287003458,0.781990634,4966.0,244.0
0.7693375880691157,0.229570171,0.288937747,0.782552752,4966.0,244.0
0.7659452229705231,0.342085755,0.310804201,0.78305619,4966.0,244.0
0.7660057554595963,0.431743817,0.313305797,0.752494318,4966.0,244.0
0.768789768235302,0.471789118,0.341371233,0.747091705,4966.0,244.0
0.7690192611786473,0.478992687,0.34567199,0.735240017,4966.0,244.0
0.7697023909515127,0.456818319,0.351375279,0.732739328,4966.0,244.0
0.7673196237365327,0.439561446,0.36377185,0.727019133,4966.0,244.0
0.7656180457389867,0.390372682,0.370639267,0.701240379,4966.0,244.0
0.7619193276189574,0.318609347,0.357277497,0.658927654,4966.0,244.0
0.7587059090687452,0.215833685,0.323861804,0.596007311,4966.0,244.0
0.7539538152115057,0.117870187,0.305370983,0.529245136,4966.0,244.0
0.7505896575461859,0.003927293,0.27618504,0.469440395,4966.0,244.0
0.7276634829518002,0.0,0.256561997,0.423399384,4966.0,244.0
0.7021751683760095,0.0,0.241791624,0.394038786,4966.0,244.0
0.6525385803544281,0.0,0.223470917,0.324440644,4966.0,244.0
0.6387144963061185,0.0,0.217266295,0.318115439,4966.0,244.0
0.6320432109380357,0.0,0.207121926,0.283036203,4966.0,244.0
0.6309472401126567,0.0,0.1885588205,0.2151380725,4966.0,244.0
0.6370821590660322,0.0,0.161995035,0.13693965,4966.0,244.0
0.6673626067286847,0.003108091,0.155352245,0.121412038,4966.0,244.0
0.7288681660948441,0.035798114,0.155690588,0.11267432,4966.0,244.0
0.7707094327694757,0.139708219,0.150553236,0.115772885,4966.0,244.0
0.7759015335913417,0.261623294,0.142317759,0.10928853,4966.0,244.0
0.7697599892047958,0.386311238,0.145328838,0.109548878,4966.0,244.0
0.7663005131963485,0.515183523,0.14383906,0.097360303,4966.0,244.0
0.7680473837990851,0.571826426,0.119660568,0.074700237,4966.0,244.0
0.7694977926213031,0.595431848,0.120975102,0.058357437,4966.0,244.0
0.768943962243228,0.577814364,0.121534368,0.051533481,4966.0,244.0
0.769759610620449,0.545265414,0.105072322,0.052570079,4966.0,244.0
0.7677042567344645,0.466962271,0.080585155,0.045393222,4966.0,244.0
0.7662065198984347,0.361034826,0.065102832,0.043383487,4966.0,244.0
0.7636569220767875,0.298479103,0.066954959,0.043992368,4966.0,244.0
0.7625689021439986,0.254285182,0.083891121,0.042244737,4966.0,244.0
0.7553117927068947,0.15598416,0.092614507,0.039499257,4966.0,244.0
0.7498308030340628,0.003721221,0.102257165,0.057870995,4966.0,244.0
0.726689854723186,0.0,0.116616921,0.101160835,4966.0,244.0
0.7017619965799502,0.0,0.13490677,0.15981114,4966.0,244.0
0.6580322538454932,0.0,0.188299588,0.295162552,4966.0,244.0
0.6351104810189986,0.0,0.206859703,0.389554033,4966.0,244.0
0.6203184483356876,0.0,0.215397766,0.476308343,7581.0,373.0
0.6150408968018668,0.0,0.22115967749999998,0.583678508,7581.0,373.0
0.621221415908439,0.001304088,0.24356587150000003,0.6725822484999999,7581.0,373.0
0.6308022748230424,0.060819377,0.260868002,0.699274368,7581.0,373.0
0.6631401113660945,0.221626977,0.24695816,0.690212534,7581.0,373.0
0.6860443255831347,0.364260355,0.203278011,0.673047495,7581.0,373.0
0.7024121866152091,0.482072316,0.195312517,0.638767084,7581.0,373.0
0.7035324835558948,0.576920756,0.234465558,0.621002687,7581.0,373.0
0.7025574830625754,0.659406258,0.246673875,0.545931802,7581.0,373.0
0.7016486938235298,0.680432033,0.288121905,0.549808499,7581.0,373.0
0.7011057487809376,0.637820162,0.310109396,0.53511638,7581.0,373.0
0.7015477907399793,0.560416521,0.318175857,0.524180978,7581.0,373.0
0.7019194089690293,0.479142575,0.298789446,0.522416286,7581.0,373.0
0.7028696573361006,0.353038114,0.264873689,0.529643996,7581.0,373.0
0.7045863327306413,0.256292236,0.22334623,0.543520259,7581.0,373.0
0.7059607334966509,0.14026935,0.197376532,0.564340392,7581.0,373.0
0.7041153733891257,0.05361085,0.198789317,0.580848036,7581.0,373.0
0.7016269227383574,0.001359995,0.206901232,0.61933338,7581.0,373.0
0.7008813199209873,0.0,0.209079194,0.64939412,7581.0,373.0
0.6937424356652234,0.0,0.212070571,0.669251189,7581.0,373.0
0.6554287019555546,0.0,0.189753529,0.671445535,7581.0,373.0
0.6332037844484211,0.0,0.203242077,0.726118032,7581.0,373.0
0.6183217812365347,0.0,0.214410047,0.756233321,7581.0,373.0
0.6129305721787957,0.0,0.22669390150000002,0.779709293,7581.0,373.0
0.6183865966163573,0.0,0.227389373,0.835070364,7581.0,373.0
0.626853382036456,0.00691685,0.229063793,0.840010769,7581.0,373.0
0.6592631090131886,0.061597794,0.22844744,0.837571689,7581.0,373.0
0.6801119701726565,0.10827139,0.219083499,0.83431319,7581.0,373.0
0.6995618196841361,0.16571575,0.222893365,0.830022655,7581.0,373.0
0.7027415409138422,0.251348583,0.230616803,0.812205347,7581.0,373.0
0.7016211487057609,0.298558163,0.203224472,0.783594453,7581.0,373.0
0.7019234789578596,0.37346981,0.24073366,0.772213077,7581.0,373.0
0.7019673048593612,0.419410306,0.281073218,0.747909726,7581.0,373.0
0.701575619588905,0.405327167,0.317127516,0.72136397,7581.0,373.0
0.7012044271636936,0.385154004,0.339974048,0.712677439,7581.0,373.0
0.7031075271829773,0.32607745,0.354301133,0.735944122,7581.0,373.0
0.7053773702258836,0.220396427,0.373992067,0.779605973,7581.0,373.0
0.7054141914885591,0.139696651,0.40038993,0.783776535,7581.0,373.0
0.7058123131071152,0.064552041,0.422420337,0.768267549,7581.0,373.0
0.7038228399389619,0.001046146,0.416867526,0.728263894,7581.0,373.0
0.7012334389851513,0.0,0.396454995,0.6893501,7581.0,373.0
0.6936439465746409,0.0,0.362586424,0.664390737,7581.0,373.0
0.6725005173848003,0.0,0.316453979,0.673777336,7581.0,373.0
0.6535001870803129,0.0,0.317665802,0.679033995,7581.0,373.0
0.6424973160689371,0.0,0.313471033,0.709895314,7581.0,373.0
0.6400258323342545,0.0,0.317315205,0.804679579,7581.0,373.0
0.6477245813292042,0.0,0.31441004,0.84271765,7581.0,373.0
0.6844207442451328,0.001340558,0.306498507,0.854402735,7581.0,373.0
0.746224326534483,0.015291466,0.295668387,0.866069143,7581.0,373.0
0.7774981385165071,0.094096994,0.28457686,0.874874148,7581.0,373.0
0.7797367454513671,0.141800672,0.277161937,0.875211383,7581.0,373.0
0.7725679497185644,0.23076021,0.277183483,0.855273074,7581.0,373.0
0.7704557555764024,0.302941632,0.28951341,0.803430456,7581.0,373.0
0.7693247621782011,0.391223056,0.284201089,0.700188839,7581.0,373.0
0.7693501298146671,0.412980771,0.291727503,0.549843431,7581.0,373.0
0.7696729056925184,0.407663557,0.286666344,0.445351094,7581.0,373.0
0.7693291163123943,0.365599785,0.266069225,0.357767696,7581.0,373.0
0.7675528553038531,0.29823334,0.2430018,0.282636598,7581.0,373.0
0.7666237148780385,0.241636816,0.216483291,0.222012131,7581.0,373.0
0.7650663452085164,0.170533239,0.181702014,0.190040787,7581.0,373.0
0.7642559502068635,0.114808239,0.170081945,0.198322119,7581.0,373.0
0.761834941830805,0.058849834,0.173209616,0.239833602,7581.0,373.0
0.7576572188305832,0.0,0.169358739,0.258453365,7581.0,373.0
0.7347335054486571,0.0,0.161281841,0.257990044,7581.0,373.0
0.7111591285939355,0.0,0.156807152,0.25903493,7581.0,373.0
0.6730507980168675,0.0,0.118392043,0.257337962,7581.0,373.0
0.6535337899618352,0.0,0.128324526,0.311875781,7581.0,373.0
0.6424612519749552,0.0,0.146871183,0.316687064,7581.0,373.0
0.6400027600207177,0.0,0.144432539,0.253143216,7581.0,373.0
0.6399583666569019,0.0,0.136322249,0.217188711,7581.0,373.0
0.6476321027828832,0.0,0.128721585,0.198187336,7581.0,373.0
0.6843646607434425,0.0,0.118233213,0.185083037,7581.0,373.0
0.7469483479730602,0.015598943,0.105274065,0.18181772,7581.0,373.0
0.7781792809286552,0.084747989,0.092406334,0.182591603,7581.0,373.0
0.782269305734794,0.138971223,0.080602573,0.180393842,7581.0,373.0
0.7731236734325792,0.194228491,0.078137546,0.178343378,7581.0,373.0
0.770815967812941,0.275297745,0.077417565,0.176926803,7581.0,373.0
0.7695511788130746,0.342738104,0.070850647,0.145596385,7581.0,373.0
0.7693501298146671,0.3754806,0.075122312,0.139273005,7581.0,373.0
0.7694343263106462,0.397769629,0.070644544,0.127602371,7581.0,373.0
0.7689874567798749,0.376753773,0.062213606,0.118796203,7581.0,373.0
0.7669965637133183,0.333315549,0.057564799,0.126345828,7581.0,373.0
0.7657566689123815,0.280550961,0.052833172,0.13867129,7581.0,373.0
0.765612650290737,0.231946038,0.055108422,0.147610056,7581.0,373.0
0.7648969585361998,0.157562851,0.059117369,0.157359042,7581.0,373.0
0.761607200564924,0.077345026,0.068853386,0.173938489,7581.0,373.0
0.7575352073915703,0.0,0.070804564,0.194853699,7581.0,373.0
0.7344401671961021,0.0,0.067514493,0.203599613,7581.0,373.0
0.7108958915247987,0.0,0.063318517,0.196193774,7581.0,373.0
0.672429998801619,0.0,0.061086345,0.149953901,7581.0,373.0
0.6537145822124572,0.0,0.060562846,0.118552459,7581.0,373.0
0.6424612519749552,0.0,0.064063034,0.104467412,7581.0,373.0
0.6399805633388097,0.0,0.07512648999999999,0.1006454165,7581.0,373.0
0.6478150721006019,0.0,0.086596235,0.103713814,7581.0,373.0
0.6845646680135875,0.0,0.099638243,0.109631912,7581.0,373.0
0.7459152285694294,0.014957046,0.11268449,0.113309512,7581.0,373.0
0.7773320650785331,0.099188574,0.108499214,0.113388921,7581.0,373.0
0.7806045962194152,0.158831517,0.10400065,0.122645644,7581.0,373.0
0.7732883741916415,0.259577972,0.098318627,0.130978509,7581.0,373.0
0.7723562050910532,0.355943537,0.120596492,0.133705983,7581.0,373.0
0.7697309297496401,0.399475164,0.159612287,0.10855993,7581.0,373.0
0.7692845336564051,0.40908792,0.159903055,0.115425899,7581.0,373.0
0.7693354582215108,0.40158073,0.151803841,0.101827348,7581.0,373.0
0.7690755811920025,0.389245213,0.143655073,0.083418756,7581.0,373.0
0.7670632488193346,0.344302979,0.140548361,0.063874492,7581.0,373.0
0.7660368022754691,0.301248271,0.141888932,0.047104246,7581.0,373.0
0.7644147824943459,0.223450888,0.132268696,0.039367845,7581.0,373.0
0.7642583169803396,0.144330041,0.136801598,0.038872415,7581.0,373.0
0.7619372648127587,0.060628676,0.147485575,0.044499468,7581.0,373.0
0.7569185257988498,0.0,0.165344248,0.0520399,7581.0,373.0
0.7347335054486571,0.0,0.170192366,0.062892962,7581.0,373.0
0.7105385186708605,0.0,0.177913042,0.076197973,7581.0,373.0
0.6725423550971726,0.0,0.179576919,0.094058379,7581.0,373.0
0.6535001870803129,0.0,0.174902284,0.099957541,7581.0,373.0
0.64240606771464,0.0,0.16918781,0.099287325,7581.0,373.0
0.6398716621431774,0.0,0.1548806915,0.09027832799999999,7581.0,373.0
0.6474379639843184,0.0,0.144226051,0.08599021,7581.0,373.0
0.6844314402884425,0.0,0.149261169,0.078751575,7581.0,373.0
0.7446977199496769,0.015861631,0.158972716,0.072695198,7581.0,373.0
0.7762946859796929,0.065076091,0.16835898,0.073555979,7581.0,373.0
0.7797275637454442,0.10028888,0.190880977,0.087386141,7581.0,373.0
0.7731613463029317,0.15977576,0.211950745,0.097637313,7581.0,373.0
0.7730191733835289,0.207006756,0.238204943,0.113997384,7581.0,373.0
0.7730423643671045,0.253565713,0.240022542,0.115801078,7581.0,373.0
0.7728084700700741,0.2901055,0.239895332,0.122986593,7581.0,373.0
0.7725313181622684,0.28195011,0.243887448,0.120817727,7581.0,373.0
0.7717251356363335,0.254778237,0.243590908,0.135558344,7581.0,373.0
0.7693718532661415,0.22269125,0.238733907,0.148924342,7581.0,373.0
0.7674234134221753,0.205918716,0.217535896,0.164052759,7581.0,373.0
0.7660449426673356,0.15958259,0.202162333,0.181575403,7581.0,373.0
0.7655811300373278,0.104364576,0.213329804,0.217016174,7581.0,373.0
0.7617941454324892,0.033133506,0.232408828,0.251016932,7581.0,373.0
0.7580538733312445,0.0,0.242012012,0.274989005,7581.0,373.0
0.7354329160052554,0.0,0.249191703,0.274161354,7581.0,373.0
0.7123896528109821,0.0,0.254438735,0.255174527,7581.0,373.0
0.6709672843313084,0.0,0.251755424,0.242590436,7581.0,373.0
0.6518971458070474,0.0,0.275900038,0.251814067,7581.0,373.0
0.6412458732028075,0.0,0.2869734075,0.2651072875,7581.0,373.0
0.6400779168834552,0.0,0.281301737,0.227046396,7581.0,373.0
0.6476409059044594,0.0,0.273789896,0.204477487,7581.0,373.0
0.6846209880269428,0.0,0.272961922,0.186896526,7581.0,373.0
0.743347645920283,0.009573548,0.282044799,0.188491894,7581.0,373.0
0.7740464715350713,0.079659735,0.28582328,0.194574491,7581.0,373.0
0.7763365713257631,0.125296526,0.289151994,0.21244937,7581.0,373.0
0.7704753019607803,0.215683287,0.295104564,0.228025272,7581.0,373.0
0.7691439699275789,0.294243548,0.325668117,0.241150955,7581.0,373.0
0.7696026240352084,0.379460607,0.350853293,0.192025153,7581.0,373.0
0.7689357274123779,0.441186043,0.370391103,0.193742303,7581.0,373.0
0.7696729056925184,0.449207539,0.38859982,0.203289687,7581.0,373.0
0.7698350512143437,0.477482918,0.387601084,0.216884499,7581.0,373.0
0.7680963205892674,0.417993988,0.38983614,0.244773424,7581.0,373.0
0.7656522164970291,0.355481942,0.397965433,0.283831601,7581.0,373.0
0.7646996489901797,0.260944943,0.37976551,0.326567374,7581.0,373.0
0.7642559502068635,0.169153653,0.367719404,0.347895752,7581.0,373.0
0.7618309662809586,0.050875053,0.378193794,0.35179653,7581.0,373.0
0.7574628907398451,0.0,0.383892836,0.322552595,7581.0,373.0
0.7355782600863195,0.0,0.385559979,0.296240853,7581.0,373.0
0.7126828013571578,0.0,0.38890191,0.287985734,7581.0,373.0
0.6540405764714616,0.0,0.42488121,0.258845191,7581.0,373.0
0.6314125200676627,0.0,0.418081369,0.261028522,7581.0,373.0
0.6183525443212505,0.0,0.411783088,0.26831679,7581.0,373.0
0.6123867751143204,0.0,0.4139727315,0.298042924,7581.0,373.0
0.6143589263917875,0.0,0.423262154,0.318408425,7581.0,373.0
0.6211640073615353,0.0,0.433858334,0.336160255,7581.0,373.0
0.625529337959032,0.013987094,0.442689131,0.382892117,7581.0,373.0
0.6563760160868358,0.09371953,0.452795827,0.446797816,7581.0,373.0
0.6802137248638841,0.164501184,0.450232598,0.483300756,7581.0,373.0
0.6996679761432546,0.259850019,0.448271679,0.493977399,7581.0,373.0
0.7035852070179565,0.335524006,0.469454665,0.474383606,7581.0,373.0
0.7045856704151376,0.439155738,0.472820651,0.425631892,7581.0,373.0
0.7022422792858642,0.465758149,0.494423709,0.442280694,7581.0,373.0
0.7024033834936331,0.504874934,0.497585704,0.44035637,7581.0,373.0
0.7031650778025627,0.444705398,0.484925721,0.436933633,7581.0,373.0
0.70215614264866,0.362115038,0.473305092,0.433201144,7581.0,373.0
0.7027058081847152,0.306179896,0.464180045,0.420131205,7581.0,373.0
0.7047444078494303,0.23351319,0.449715315,0.427467309,7581.0,373.0
0.7042351129078523,0.135523959,0.43496896,0.442328955,7581.0,373.0
0.7064189613862356,0.032399295,0.443998094,0.474074612,7581.0,373.0
0.7042152115488737,0.0,0.446188971,0.504667117,7581.0,373.0
0.6941964991269944,0.0,0.462746416,0.506618302,7581.0,373.0
0.6570688010031607,0.0,0.54431597,0.53346349,7581.0,373.0
0.63382032396846,0.0,0.546438481,0.529191296,7581.0,373.0
0.6157904751690835,0.0,0.551219272,0.5182871680000001,7581.0,373.0
0.6144483996659775,0.0,0.5494011655,0.4923334825,7581.0,373.0
0.622127128839013,0.0,0.547691019,0.502783239,7581.0,373.0
0.6278352927296181,0.011436948,0.558413786,0.529992496,7581.0,373.0
0.660641106744698,0.074129265,0.560672993,0.5620699,7581.0,373.0
0.6843033238661842,0.15634526,0.541627212,0.605561493,7581.0,373.0
0.7065043408547467,0.235066521,0.524271015,0.627085251,7581.0,373.0
0.7071055936856173,0.313392541,0.536328483,0.644719603,7581.0,373.0
0.7048494757750006,0.409341182,0.554012247,0.608734433,7581.0,373.0
0.704424566207369,0.412474299,0.573088733,0.619657891,7581.0,373.0
0.7030722678913867,0.444784793,0.586278372,0.684582069,7581.0,373.0
0.7044181298592689,0.390336068,0.597207113,0.702617222,7581.0,373.0
0.702999808752774,0.345848822,0.593129283,0.692587492,7581.0,373.0
0.7031428336940597,0.267247652,0.601450949,0.682500498,7581.0,373.0
0.7047567130833167,0.197845513,0.623795706,0.690384497,7581.0,373.0
0.7040168842985431,0.108274927,0.652859194,0.701015036,7581.0,373.0
0.7049004951932959,0.017731179,0.687638213,0.753529124,7581.0,373.0
0.7023763590328924,0.0,0.724329323,0.799633532,7581.0,373.0
0.7012334389851513,0.0,0.746992161,0.824462142,7581.0,373.0
0.6937245933246119,0.0,0.744981595,0.836958158,7581.0,373.0
0.6715210202704,0.0,0.722086127,0.844433584,7581.0,373.0
0.6523521085101934,0.0,0.727570054,0.841100418,7581.0,373.0
0.6424078189778981,0.0,0.724777348,0.831961974,7581.0,373.0
0.6398118396033059,0.0,0.719006773,0.8369494245,7581.0,373.0
0.6474379639843184,0.0,0.689778718,0.831472323,7581.0,373.0
0.6846753206795808,0.0,0.669589272,0.831785805,7581.0,373.0
0.7452057370655333,0.012667135,0.662931566,0.827757067,7581.0,373.0
0.7773320650785331,0.069423845,0.640992289,0.80215504,7581.0,373.0
0.7822546337274315,0.12943442,0.613186929,0.782995553,7581.0,373.0
0.7767803645480629,0.209080535,0.576350309,0.775821393,7581.0,373.0
0.7769969839667955,0.274932084,0.572656845,0.766339524,7581.0,373.0
0.7741029812548061,0.33239749,0.548233531,0.717132184,7581.0,373.0
0.7733781554280438,0.392394931,0.599341184,0.72735284,7581.0,373.0
0.7735592790435205,0.433853329,0.631324565,0.73072015,7581.0,373.0
0.7724249251914846,0.423769388,0.650031159,0.715150329,7581.0,373.0
0.7700704598487608,0.362788135,0.648466662,0.675231677,7581.0,373.0
0.7686220383872598,0.277488001,0.641883773,0.648616219,7581.0,373.0
0.7670229726638409,0.210432268,0.620906549,0.607533548,7581.0,373.0
0.7674174028779136,0.126702214,0.59861196,0.598160939,7581.0,373.0
0.7641077667431992,0.02326004,0.582133749,0.589177438,7581.0,373.0
0.7597227476886431,0.0,0.570644367,0.582099535,7581.0,373.0
0.7374321387558518,0.0,0.560185962,0.595701442,7581.0,373.0
0.7126892381194639,0.0,0.542907908,0.575670953,7581.0,373.0
0.673601267941108,0.0,0.516956367,0.520697172,7581.0,373.0
0.6535337899618352,0.0,0.471687304,0.485022296,7581.0,373.0
0.6424612519749552,0.0,0.4422436,0.502644194,7581.0,373.0
0.6400027600207177,0.0,0.417269986,0.567522405,7581.0,373.0
0.6398403307677354,0.0,0.400392687,0.63486422,7581.0,373.0
0.6476321027828832,0.0,0.387350185,0.672385959,7581.0,373.0
0.684503662501184,0.0,0.37756525,0.701341719,7581.0,373.0
0.746224326534483,0.005591194,0.379146057,0.724943765,7581.0,373.0
0.7784521731412515,0.050077821,0.397670329,0.714245129,7581.0,373.0
0.7841665840877834,0.106093998,0.404666313,0.684952693,7581.0,373.0
0.7816183585308415,0.17631053,0.443134635,0.592958891,7581.0,373.0
0.7813873984696014,0.221944794,0.484649067,0.495794048,7581.0,373.0
0.7810709645008665,0.261156944,0.459772267,0.364957872,7581.0,373.0
0.7769098060155346,0.27310089,0.503106091,0.323301256,7581.0,373.0
0.7740070474014608,0.235809073,0.518383095,0.310023468,7581.0,373.0
0.7729419343068843,0.206100694,0.507006475,0.290404958,7581.0,373.0
0.7727968271516915,0.209330207,0.496435079,0.259210663,7581.0,373.0
0.7691018480698436,0.181591465,0.455046605,0.232486662,7581.0,373.0
0.7691550917747273,0.131696481,0.422008214,0.257110146,7581.0,373.0
0.7683651900325252,0.083546418,0.419681678,0.274171157,7581.0,373.0
0.7665611473945503,0.010434851,0.423154748,0.275390754,7581.0,373.0
0.7605215942108968,0.0,0.430578244,0.290936137,7581.0,373.0
0.7384910520139933,0.0,0.435561746,0.352471982,7581.0,373.0
0.7135168127320186,0.0,0.4344897,0.358473743,7581.0,373.0
0.6741735565842188,0.0,0.461124822,0.323529374,7581.0,373.0
0.6536575994693921,0.0,0.451433222,0.313783137,7581.0,373.0
0.6411992553453003,0.0,0.4384880215,0.321340902,7581.0,373.0
0.6399392460763625,0.0,0.416680708,0.328724736,7581.0,373.0
0.6475521659821137,0.0,0.399651755,0.333455424,7581.0,373.0
0.6842940473070714,0.0,0.38576647,0.340172092,7581.0,373.0
0.7467513693776889,0.004858109,0.393897314,0.343202837,7581.0,373.0
0.7793789944272882,0.077465844,0.39956125,0.34490878,7581.0,373.0
0.7841780372997866,0.155983373,0.402545145,0.359280873,7581.0,373.0
0.783416958501075,0.248011609,0.410207643,0.379020344,7581.0,373.0
0.7817750137512273,0.352696499,0.478354628,0.435429056,7581.0,373.0
0.7819061588482593,0.407240051,0.513623382,0.505906486,7581.0,373.0
0.7807313399627622,0.417110917,0.564964376,0.54878011,7581.0,373.0
0.7759322494565658,0.390299468,0.603017655,0.569139799,7581.0,373.0
0.7749681338845233,0.367440036,0.61777531,0.561429505,7581.0,373.0
0.771420723170328,0.276954067,0.621667922,0.505504517,7581.0,373.0
0.7689976793856481,0.17716459,0.620317108,0.474341804,7581.0,373.0
0.7691550917747273,0.142039846,0.591868818,0.473479171,7581.0,373.0
0.7712752374307884,0.073034588,0.574316893,0.468973406,7581.0,373.0
0.7670203697929057,0.008666934,0.554883469,0.468993841,7581.0,373.0
0.7617618203766885,0.0,0.546287252,0.449947266,7581.0,373.0
0.7401390073081028,0.0,0.547780199,0.441785406,7581.0,373.0
0.7166290440533172,0.0,0.543101905,0.452752057,7581.0,373.0
0.674322070998532,0.0,0.562387977,0.493020204,7581.0,373.0
0.6537920105812751,0.0,0.523721385,0.465483286,7581.0,373.0
0.6424169058306313,0.0,0.494593943,0.424501927,7581.0,373.0
0.6399339452741994,0.0,0.431218981,0.362649211,7581.0,373.0
0.6475564256773234,0.0,0.380077323,0.380384781,7581.0,373.0
0.6846808105668143,0.0,0.363488272,0.42782728,7581.0,373.0
0.7477787151629293,0.001312373,0.350840336,0.485288572,7581.0,373.0
0.7796137403319955,0.071886177,0.350367718,0.530195119,7581.0,373.0
0.7843779501309479,0.146215582,0.346623393,0.572696458,7581.0,373.0
0.7831731725489202,0.231250652,0.373563909,0.632085231,7581.0,373.0
0.7809957131991452,0.310807507,0.4257447,0.664218469,7581.0,373.0
0.780517796852501,0.353957569,0.425866319,0.648108211,7581.0,373.0
0.7761332508212754,0.369152916,0.46595479,0.69878484,7581.0,373.0
0.7754814043759479,0.338350004,0.4990978,0.721588812,7581.0,373.0
0.7750294707617817,0.298731606,0.512409334,0.688099213,7581.0,373.0
0.775455090278615,0.265890873,0.5173059,0.623061612,7581.0,373.0
0.7735200914215753,0.181158436,0.480652165,0.621264435,7581.0,373.0
0.7736772196652913,0.122042072,0.436690322,0.620599938,7581.0,373.0
0.7739746279066766,0.060882542,0.424226462,0.581803746,7581.0,373.0
0.7690044475128093,0.007426418,0.410729615,0.57229566,7581.0,373.0
0.7626911024609788,0.0,0.404480863,0.585294357,7581.0,373.0
0.7418759390362231,0.0,0.405612165,0.583202085,7581.0,373.0
0.7159368742330043,0.0,0.395575164,0.567757514,7581.0,373.0
0.674322070998532,0.0,0.367966019,0.54431585,7581.0,373.0
0.6535552769016445,0.0,0.345374885,0.608714198,7581.0,373.0
0.6425235829467782,0.0,0.324766111,0.670824063,7581.0,373.0
0.6399607802356637,0.0,0.31173561650000003,0.71432885,7581.0,373.0
0.6472612417225266,0.0,0.319854907,0.735735678,7581.0,373.0
0.6841319021994523,0.0,0.316512307,0.743892404,7581.0,373.0
0.7472267304870958,0.001631139,0.317663105,0.758717181,7581.0,373.0
0.7807856722011943,0.05325882,0.325400591,0.772982456,7581.0,373.0
0.7860495694319632,0.114415603,0.32125294,0.771308793,7581.0,373.0
0.7831391910830513,0.177541627,0.342899628,0.774447096,7581.0,373.0
0.78193725329783,0.2572253,0.40088366,0.789459613,7581.0,373.0
0.7802744371183908,0.312622195,0.378107596,0.778350938,7581.0,373.0
0.7762836113520364,0.354754467,0.441203772,0.784672507,7581.0,373.0
0.7745808976014503,0.357320058,0.456804242,0.770091677,7581.0,373.0
0.7737062791204469,0.307659669,0.460343379,0.738915306,7581.0,373.0
0.7730973117015485,0.222572456,0.4797476,0.696244403,7581.0,373.0
0.7727566934830854,0.160120311,0.474248941,0.639157157,7581.0,373.0
0.774515680027535,0.097429395,0.455540043,0.56879757,7581.0,373.0
0.7740276823193869,0.050870652,0.441541716,0.5415919,7581.0,373.0
0.7687731560867143,0.002970679,0.424948672,0.531053405,7581.0,373.0
0.7634598486282265,0.0,0.419942349,0.506675934,7581.0,373.0
0.7430235445830121,0.0,0.431417782,0.477724401,7581.0,373.0
0.7186473397507549,0.0,0.422007559,0.439549848,7581.0,373.0
0.6592551583277017,0.0,0.365149737,0.393436602,7581.0,373.0
0.6361375898783678,0.0,0.351975404,0.332753219,7581.0,373.0
0.6207296795763155,0.0,0.359079418,0.294171542,7581.0,373.0
0.6159170062176141,0.0,0.368249928,0.339731486,7581.0,373.0
0.6186977535997779,0.0,0.375192921,0.406645324,7581.0,373.0
0.6271530617839216,0.0,0.366021532,0.438531205,7581.0,373.0
0.6390598000236296,0.00236986,0.361265994,0.432580029,7581.0,373.0
0.6670752322151056,0.063105517,0.356279821,0.433475655,7581.0,373.0
0.693805192440885,0.181608165,0.341314247,0.459466065,7581.0,373.0
0.7187121791545295,0.262507034,0.358707123,0.508850164,7581.0,373.0
0.7196610548426895,0.319924283,0.420241072,0.542020429,7581.0,373.0
0.715467524082065,0.361395182,0.413567591,0.573964309,7581.0,373.0
0.7118779438764363,0.379058268,0.444998007,0.599146934,7581.0,373.0
0.7091544159561057,0.362814148,0.477328166,0.645750329,7581.0,373.0
0.7051991336267049,0.365367002,0.512120091,0.674348066,7581.0,373.0
0.7075195230645761,0.337018247,0.527823261,0.662196064,7581.0,373.0
0.7093277305445711,0.278638568,0.524805732,0.632286162,7581.0,373.0
0.7140039107845857,0.181770599,0.490527258,0.606152106,7581.0,373.0
0.7198649904431891,0.106048665,0.460401514,0.575333241,7581.0,373.0
0.7244062861337842,0.007963071,0.430097304,0.544140528,7581.0,373.0
0.7190929314558046,0.0,0.412337142,0.531965155,7581.0,373.0
0.7127883423060585,0.0,0.405301495,0.533707738,7581.0,373.0
0.7014322160632724,0.0,0.389799467,0.51805797,7581.0,373.0
0.6642313020463386,0.0,0.408833745,0.556568798,7581.0,373.0
0.6392473604014127,0.0,0.396728999,0.487707675,7581.0,373.0
0.6233568010341765,0.0,0.369372051,0.42636671,7581.0,373.0
0.6203814888425063,0.0,0.33055917349999997,0.42185192,7581.0,373.0
0.6242618040155489,0.0,0.312038583,0.451990214,7581.0,373.0
0.6306750104226673,0.0,0.295211219,0.488706109,7581.0,373.0
0.63984605758084,0.0,0.293008673,0.542002749,7581.0,373.0
0.6691930583171825,0.049598504,0.287879645,0.530030757,7581.0,373.0
0.6950751403773361,0.10731141,0.283101637,0.461240733,7581.0,373.0
0.7206340207557997,0.164964782,0.28815128,0.410006801,7581.0,373.0
0.7251861073428945,0.224480187,0.306945781,0.366109302,7581.0,373.0
0.7234161878292639,0.269972896,0.322001673,0.420860196,7581.0,373.0
0.7201906533373387,0.302458787,0.390156272,0.326743381,7581.0,373.0
0.7171215847736259,0.313342154,0.45287886,0.284808453,7581.0,373.0
0.7162171024492817,0.292183685,0.495292977,0.295558223,7581.0,373.0
0.714866697055033,0.220283433,0.499547661,0.31256375,7581.0,373.0
0.7145701408355308,0.125127238,0.476214341,0.33445003,7581.0,373.0
0.7156714596825647,0.067400178,0.456962404,0.343018741,7581.0,373.0
0.7130264014451085,0.035897773,0.458730496,0.356141781,7581.0,373.0
0.7108455344220072,0.001237637,0.458841058,0.38928318,7581.0,373.0
0.7041037070681001,0.0,0.4335323545,0.445078902,7581.0,373.0
0.6944002454353206,0.0,0.410515586,0.479223972,7581.0,373.0
0.6729982642611854,0.0,0.402948725,0.516532127,7581.0,373.0
0.6535337899618352,0.0,0.408568467,0.556371636,7581.0,373.0
0.6423707612035575,0.0,0.398398104,0.560626196,7581.0,373.0
0.6398455841433036,0.0,0.395125597,0.603034361,7581.0,373.0
0.6399723755203485,0.0,0.40072446,0.657370269,7581.0,373.0
0.6476069716580822,0.0,0.403357286,0.694177183,7581.0,373.0
0.6842675439175653,0.0,0.412463804,0.718204615,7581.0,373.0
0.7471436225246652,0.001216564,0.425823965,0.733352949,7581.0,373.0
0.7793016604974539,0.036133681,0.418646579,0.746030082,7581.0,373.0
0.7850106287762443,0.126958967,0.394256314,0.75928478,7581.0,373.0
0.7831731725489202,0.192675735,0.382214728,0.766240523,7581.0,373.0
0.7810709645008665,0.241015758,0.417960818,0.774466485,7581.0,373.0
0.7771990738650535,0.296299256,0.458219918,0.796610978,7581.0,373.0
0.774656622340708,0.310900955,0.480116486,0.806212475,7581.0,373.0
0.7737913744435948,0.261408236,0.503088576,0.813697196,7581.0,373.0
0.7728860877310655,0.231448388,0.508249906,0.814354723,7581.0,373.0
0.7709094876733186,0.179573906,0.488883489,0.817233502,7581.0,373.0
0.7686045269972971,0.140949318,0.480182769,0.823366503,7581.0,373.0
0.7672792055083575,0.095519455,0.431332328,0.813734228,7581.0,373.0
0.7681569479315302,0.051083661,0.402255129,0.801271136,7581.0,373.0
0.765369858433147,0.001975536,0.398411049,0.81355689,7581.0,373.0
0.7597227476886431,0.0,0.390369777,0.816235218,7581.0,373.0
0.7366576661897056,0.0,0.38753527,0.81558698,7581.0,373.0
0.7112604578955306,0.0,0.378850503,0.815694489,7581.0,373.0
0.6725423550971726,0.0,0.313517013,0.775523969,7581.0,373.0
0.6535001870803129,0.0,0.322594667,0.726467403,7581.0,373.0
0.64240606771464,0.0,0.336373298,0.679124202,7581.0,373.0
0.6398694850760808,0.0,0.340459568,0.650234657,7581.0,373.0
0.639873839210274,0.0,0.354628684,0.659423129,7581.0,373.0
0.6473601098116619,0.0,0.361973637,0.648817508,7581.0,373.0
0.6840899696338905,0.0,0.386263809,0.632510439,7581.0,373.0
0.7437253219130866,0.0,0.412461958,0.617353458,7581.0,373.0
0.7748430937707367,0.022076494,0.428866702,0.595335568,7581.0,373.0
0.7773117615254619,0.061696634,0.433586679,0.594402849,7581.0,373.0
0.7707738459552057,0.11338255,0.442068829,0.56822125,7581.0,373.0
0.7692593553121124,0.187020303,0.445658214,0.486374806,7581.0,373.0
0.7693290218734107,0.239937238,0.459892211,0.511192424,7581.0,373.0
0.7691299606499264,0.323766618,0.504053884,0.469078789,7581.0,373.0
0.769429640811598,0.36989444,0.519654834,0.429880737,7581.0,373.0
0.7705717560569477,0.384238122,0.50946286,0.395742331,7581.0,373.0
0.7672177265584175,0.344178571,0.482969686,0.348730436,7581.0,373.0
0.7657566689123815,0.280262802,0.450807379,0.290475716,7581.0,373.0
0.7643680227712603,0.191910656,0.448231952,0.25691024,7581.0,373.0
0.7647809108361626,0.088307683,0.465881636,0.304939137,7581.0,373.0
0.7621393074915248,0.001833519,0.493414036,0.354142342,7581.0,373.0
0.7575844283271156,0.0,0.516441375,0.404805531,7581.0,373.0
0.7357178769400728,0.0,0.529144164,0.426766152,7581.0,373.0
0.7122918732553951,0.0,0.536278,0.434042397,7581.0,373.0
0.6714150058839629,0.0,0.545542669,0.466413494,7581.0,373.0
0.6520850847691773,0.0,0.553296201,0.484969426,7581.0,373.0
0.6426304017214006,0.0,0.565753267,0.560212995,7581.0,373.0
0.6400994036161614,0.0,0.5814413359999999,0.6413875714999999,7581.0,373.0
0.6474107978651024,0.0,0.58523871,0.680188092,7581.0,373.0
0.6841268853355493,0.0,0.574873594,0.72459519,7581.0,373.0
0.7432030594221185,0.001061384,0.57599311,0.781021066,7581.0,373.0
0.7748028652489409,0.029341142,0.578549318,0.823518778,7581.0,373.0
0.7780487505134291,0.09330767,0.578452531,0.85505508,7581.0,373.0
0.7725385593127598,0.148486573,0.596709876,0.869983896,7581.0,373.0
0.7695141210387341,0.245074524,0.62906657,0.873061732,7581.0,373.0
0.7694373549854198,0.283813477,0.691509379,0.874738915,7581.0,373.0
0.7690723155913576,0.377304666,0.679652047,0.866218274,7581.0,373.0
0.7692677322156442,0.442798491,0.661955937,0.825547536,7581.0,373.0
0.769367026108618,0.445303698,0.665605133,0.796026009,7581.0,373.0
0.7668498473675489,0.389985615,0.664438505,0.817291039,7581.0,373.0
0.7656401949942998,0.264697762,0.650201657,0.81867893,7581.0,373.0
0.7649172148697791,0.147653949,0.664767737,0.737351676,7581.0,373.0
0.7655811300373278,0.042780873,0.691069581,0.631215914,7581.0,373.0
0.7621883863543887,0.0,0.72643215,0.61180352,7581.0,373.0
0.7570890005905088,0.0,0.752215704,0.625200687,7581.0,373.0
0.7351077737681342,0.0,0.756400509,0.614931262,7581.0,373.0
0.7106832948754044,0.0,0.772740477,0.658259392,7581.0,373.0
0.6715663600950825,0.0,0.794964526,0.720417158,7581.0,373.0
0.6533111599988408,0.0,0.807490823,0.762979529,7581.0,373.0
0.64240606771464,0.0,0.836193632,0.718456858,7581.0,373.0
0.6399607330161718,0.0,0.851053384,0.763889815,7581.0,373.0
0.6400489046477913,0.0,0.856120403,0.791000607,7581.0,373.0
0.6478150721006019,0.0,0.855189323,0.780879846,7581.0,373.0
0.6845646680135875,0.0,0.852719975,0.808616951,7581.0,373.0
0.746224326534483,0.0,0.855248897,0.818730375,7581.0,373.0
0.7785437524461976,0.038110054,0.846181304,0.622519265,7581.0,373.0
0.7850872999763686,0.150708269,0.821870596,0.42001772,7581.0,373.0
0.7825385061287006,0.246260069,0.815818902,0.384104861,7581.0,373.0
0.7810709645008665,0.302574547,0.807146029,0.383784087,7581.0,373.0
0.7791172240618403,0.323463281,0.782588739,0.606554191,7581.0,373.0
0.7759588949187536,0.368720415,0.802441477,0.693925107,7581.0,373.0
0.7743794232134102,0.345376022,0.824282127,0.718324845,7581.0,373.0
0.7732152055180334,0.32434278,0.830415383,0.682435864,7581.0,373.0
0.7710462651444715,0.308000025,0.832502127,0.65483653,7581.0,373.0
0.7689559837459573,0.233616944,0.818784143,0.744411932,7581.0,373.0
0.7718433131839754,0.166838003,0.801307557,0.767650078,7581.0,373.0
0.7735321125100985,0.085658826,0.785119548,0.785406263,7581.0,373.0
0.7688397939732388,0.001616742,0.763100992,0.844912216,7581.0,373.0
0.7632821326860761,0.0,0.74610767,0.87434155,7581.0,373.0
0.7413384842950703,0.0,0.729641449,0.885056462,7581.0,373.0
0.7159916799089726,0.0,0.702248946,0.889943258,7581.0,373.0
0.6743056009226257,0.0,0.632951524,0.886938933,7581.0,373.0
0.6536568423006986,0.0,0.61148564,0.903982417,7581.0,373.0
0.6424242418343126,0.0,0.578420219,0.889246113,7581.0,373.0
0.6400338072507965,0.0,0.55448787,0.873643581,7581.0,373.0
0.6404902842913293,0.0,0.532279407,0.868960614,7581.0,373.0
0.648057863958192,0.0,0.509462203,0.861855642,7581.0,373.0
0.6848607507955532,0.0,0.513534838,0.838007087,7581.0,373.0
0.7477787151629293,0.0,0.520566926,0.770562595,7581.0,373.0
0.7812324472929819,0.027948714,0.520010656,0.708450911,7581.0,373.0
0.7868496465604469,0.069929914,0.53627,0.688952885,7581.0,373.0
0.7831921038372861,0.11514116,0.5476183,0.698894542,7581.0,373.0
0.7810183358919947,0.126557616,0.571093121,0.735574584,7581.0,373.0
0.7779787525872761,0.109545319,0.633485652,0.756158758,7581.0,373.0
0.7780646054933236,0.107191862,0.666764075,0.768286422,7581.0,373.0
0.7778696146728755,0.122713055,0.692132115,0.732648852,7581.0,373.0
0.7753148579146437,0.135515615,0.704112251,0.660722902,7581.0,373.0
0.7734491470345554,0.123587277,0.694454822,0.558867533,7581.0,373.0
0.7763639739566442,0.119440544,0.689136759,0.472614718,7581.0,373.0
0.7767317587085293,0.072482301,0.668105919,0.448436927,7581.0,373.0
0.7773684129036722,0.032310364,0.656352946,0.463719064,7581.0,373.0
0.773324627577797,0.0,0.63351215,0.507321306,7581.0,373.0
0.7683152595619843,0.0,0.624126025,0.586681847,7581.0,373.0
0.7493327247928228,0.0,0.615822955,0.642488453,7581.0,373.0
0.7204383676198481,0.0,0.62756595,0.645297077,7581.0,373.0
0.6623047749460202,0.0,0.655043699,0.598186576,7581.0,373.0
0.6361375898783678,0.0,0.656988247,0.70037143,7581.0,373.0
0.6192464726749665,0.0,0.687936779,0.725305221,7581.0,373.0
0.614920897161729,0.0,0.748050404,0.7229437304999999,7581.0,373.0
0.617271765538953,0.0,0.766021163,0.695530189,7581.0,373.0
0.6242736358118988,0.0,0.754929758,0.685104826,7581.0,373.0
0.6308902099429968,0.0,0.753754742,0.665442034,7581.0,373.0
0.665006342903211,0.014138473,0.75688825,0.629419611,7581.0,373.0
0.693805192440885,0.06612889,0.761772475,0.61113724,7581.0,373.0
0.7198057834135355,0.138366012,0.757104339,0.614145411,7581.0,373.0
0.7232678622929177,0.215937876,0.760926104,0.6475151,7581.0,373.0
0.7218332608168961,0.280206962,0.757563885,0.670496734,7581.0,373.0
0.719991166724222,0.343201692,0.742712212,0.683749639,7581.0,373.0
0.7178406842014897,0.367895433,0.749758659,0.705455585,7581.0,373.0
0.7145826829952885,0.364567389,0.759929301,0.704296162,7581.0,373.0
0.7142625099883723,0.291556025,0.760354918,0.71936185,7581.0,373.0
0.71752921946296,0.218951526,0.74480127,0.777605588,7581.0,373.0
0.7226222633177233,0.131915337,0.722428787,0.807449912,7581.0,373.0
0.7266754668611867,0.047000734,0.710503843,0.828812204,7581.0,373.0
0.7240516114181768,0.0,0.691279723,0.839790331,7581.0,373.0
0.7159406368809316,0.0,0.6586913114999999,0.848480253,7581.0,373.0
0.7009068772638328,0.0,0.644553095,0.858088996,7581.0,373.0
0.6641024284553869,0.0,0.620119138,0.816792945,7581.0,373.0
0.6386645182018797,0.0,0.633332598,0.828610868,7581.0,373.0
0.6233982129427103,0.0,0.638402959,0.819318933,7581.0,373.0
0.6178543003975832,0.0,0.642576198,0.831030998,7581.0,373.0
0.6209126965277321,0.0,0.63661759,0.847489772,7581.0,373.0
0.6280014133870837,0.0,0.646197538,0.859990774,7581.0,373.0
0.63885586442313,0.0,0.654042201,0.864198184,7581.0,373.0
0.6702743101228102,0.013748378,0.64936848,0.879147218,7581.0,373.0
0.6967102225610391,0.116394232,0.6275013,0.88332632,7581.0,373.0
0.7219345424847934,0.203444073,0.633948538,0.886290709,7581.0,373.0
0.7256883504261543,0.279300288,0.667609548,0.88499026,7581.0,373.0
0.7256819608833399,0.335336386,0.659507398,0.885166817,7581.0,373.0
0.7252258624271537,0.367105703,0.666710794,0.894241178,7581.0,373.0
0.7249699609474921,0.366574812,0.678815693,0.879069833,7581.0,373.0
0.724270171392341,0.344999691,0.679067319,0.884772236,7581.0,373.0
0.7255526138548517,0.304043825,0.701087677,0.906792431,7581.0,373.0
0.7269013156195401,0.210103281,0.705800206,0.911765078,7581.0,373.0
0.7284771431398918,0.162351525,0.70215336,0.915448697,7581.0,373.0
0.7331242639247506,0.080175823,0.717697907,0.922815422,7581.0,373.0
0.734176078105082,0.0,0.718385623,0.923927675,7581.0,373.0
0.7312827377085963,0.0,0.728078908,0.921218494,7581.0,373.0
0.7230960624560455,0.0,0.72893673,0.920529161,7581.0,373.0
0.7092637435768858,0.0,0.729753862,0.923567983,7581.0,373.0
0.6874622204715849,0.0,0.757787063,0.913704047,7581.0,373.0
0.6731337639066167,0.0,0.733427932,0.916879943,7581.0,373.0
0.6634994243612582,0.0,0.728773076,0.918619688,7581.0,373.0
0.6650646743012356,0.0,0.7275775195,0.912779035,7581.0,373.0
0.6756256694502032,0.0,0.719414744,0.910012089,7581.0,373.0
0.7142458506202926,0.0,0.712999842,0.914176791,7581.0,373.0
0.7663463264585675,0.0,0.702770348,0.914318643,7581.0,373.0
0.7925300764553158,0.014879822,0.705728712,0.919358082,7581.0,373.0
0.7954702710138709,0.136609248,0.68364711,0.912925074,7581.0,373.0
0.7933651287300271,0.24134083,0.705114239,0.903101754,7581.0,373.0
0.7922543444459133,0.344364716,0.733712337,0.890527869,7581.0,373.0
0.7916495418690346,0.416782058,0.750829837,0.889616101,7581.0,373.0
0.7902259678011777,0.45220308,0.759754582,0.874842431,7581.0,373.0
0.7880553710175474,0.456495923,0.765771414,0.850967723,7581.0,373.0
0.7869215378225395,0.459986882,0.756336832,0.790002954,7581.0,373.0
0.7851200508360079,0.382924079,0.751167716,0.763865906,7581.0,373.0
0.7846658929352532,0.345782946,0.728224269,0.762026838,7581.0,373.0
0.7836349029650213,0.237379319,0.680708976,0.766567025,7581.0,373.0
0.7862212276103602,0.106374321,0.656586015,0.780562177,7581.0,373.0
0.7801832836172835,0.0,0.626078893,0.809396501,7581.0,373.0
0.7763893420073165,0.0,0.59930691,0.819100946,7581.0,373.0
0.7639745390180542,0.0,0.571868229,0.830133625,7581.0,373.0
0.7419606085555324,0.0,0.53456667,0.841424149,7581.0,373.0
0.6985537369663226,0.0,0.507424296,0.861271782,7581.0,373.0
0.6849039139673451,0.0,0.492114217,0.863840161,7581.0,373.0
0.6755383966457527,0.0,0.485214625,0.864830818,7581.0,373.0
0.6734043841989265,0.0,0.476464946,0.869625128,7581.0,373.0
0.672230843139151,0.0,0.479814702,0.867725148,7581.0,373.0
0.6791027985070887,0.0,0.49193447,0.872179433,7581.0,373.0
0.7103661981769598,0.0,0.497016499,0.871662293,7581.0,373.0
0.7633230239375817,0.0,0.5032448,0.876836033,7581.0,373.0
0.7905625160308104,0.016075642,0.524716661,0.891617151,7581.0,373.0
0.7936255736360555,0.092440756,0.542530471,0.903806694,7581.0,373.0
0.7896373039353503,0.162282951,0.539883604,0.910631225,7581.0,373.0
0.7872369304772179,0.188524345,0.585205885,0.917365633,7581.0,373.0
0.7845860982071654,0.208053778,0.625454095,0.917726486,7581.0,373.0
0.7825640634715463,0.2027391,0.681537601,0.923263106,7581.0,373.0
0.7816015098705886,0.16612313,0.710293413,0.924875718,7581.0,373.0
0.7815725924881145,0.144602606,0.721209347,0.93103793,7581.0,373.0
0.7792072890293994,0.106466774,0.734042383,0.925173183,7581.0,373.0
0.7782120790077862,0.074455531,0.732351141,0.913123784,7581.0,373.0
0.7767699050164182,0.045925249,0.727057157,0.89959797,7581.0,373.0
0.775140170647267,0.010230928,0.743713035,0.858210771,7581.0,373.0
0.7685881517745806,0.0,0.768673158,0.805629983,7581.0,373.0
0.7634226491954105,0.0,0.790736906,0.777460089,7581.0,373.0
0.743436290989439,0.0,0.805690078,0.768676447,7581.0,373.0
0.7181690448197641,0.0,0.813068915,0.686785381,7581.0,373.0
0.674322070998532,0.0,0.798140657,0.732976841,7581.0,373.0
0.6536575994693921,0.0,0.797281327,0.674765523,7581.0,373.0
0.642498830406324,0.0,0.788313662,0.744359203,7581.0,373.0
0.6399019754001027,0.0,0.7899847365,0.8067814815000001,7581.0,373.0
0.6478150721006019,0.0,0.795411852,0.824623711,7581.0,373.0
0.6845226410090417,0.0,0.790082309,0.85169145,7581.0,373.0
0.7452057370655333,0.0,0.784985389,0.845099917,7581.0,373.0
0.776914112930236,0.009869482,0.776623882,0.845663894,7581.0,373.0
0.7816225233728614,0.03169334,0.761372853,0.806951121,7581.0,373.0
0.7766773316169076,0.075016851,0.73312481,0.598791528,7581.0,373.0
0.7745991661601064,0.109987911,0.721681288,0.629402049,7581.0,373.0
0.7740471814842729,0.156503741,0.720384166,0.6715431,7581.0,373.0
0.7725035841665322,0.28400607,0.720667583,0.558464346,7581.0,373.0
0.7719854388838862,0.316844128,0.706905644,0.494511956,7581.0,373.0
0.7724440929915156,0.29230649,0.711123272,0.501744324,7581.0,373.0
0.771042289594625,0.279243186,0.716525026,0.631359044,7581.0,373.0
0.7706492792789554,0.233214596,0.727742821,0.85031739,7581.0,373.0
0.7731994453913287,0.15780802,0.773497672,0.923969094,7581.0,373.0
0.7743435960452996,0.048397665,0.790703031,0.929078402,7581.0,373.0
0.7691747802317868,0.0,0.795667923,0.919786193,7581.0,373.0
0.7639178404203523,0.0,0.800999761,0.928907526,7581.0,373.0
0.7446333539834388,0.0,0.80308899,0.928177243,7581.0,373.0
0.7186473397507549,0.0,0.804208636,0.919061692,7581.0,373.0
0.6754347486185854,0.0,0.789224282,0.911621959,7581.0,373.0
0.6545159848003603,0.0,0.759894493,0.880245868,7581.0,373.0
0.6422531987519275,0.0,0.72520879,0.812282709,7581.0,373.0
0.6402568157981375,0.0,0.683760235,0.719774114,7581.0,373.0
0.6407618038250141,0.0,0.616957852,0.622787201,7581.0,373.0
0.648371268837947,0.0,0.544322355,0.520438912,7581.0,373.0
0.6851087488092197,0.0,0.441944084,0.433253801,7581.0,373.0
0.7477275536719524,0.0,0.34287411,0.364677758,7581.0,373.0
0.7823807151552747,0.010319495,0.283442306,0.316983797,7581.0,373.0
0.7876551191371802,0.109429791,0.234373818,0.28531919,7581.0,373.0
0.7862924561427431,0.146355017,0.206331944,0.254670476,7581.0,373.0
0.7847642871726461,0.148911028,0.210141044,0.222477628,7581.0,373.0
0.7851432414053774,0.168632318,0.208046342,0.205411338,7581.0,373.0
0.7855447234777683,0.172906361,0.221923247,0.18954225,7581.0,373.0
0.7865000359282344,0.159911144,0.228592788,0.174270669,7581.0,373.0
0.7867274934629583,0.141891669,0.231857384,0.163678108,7581.0,373.0
0.7855619507223679,0.12009031,0.235795918,0.168891711,7581.0,373.0
0.7849542139096992,0.087815145,0.238614916,0.189090824,7581.0,373.0
0.7843805057823913,0.047845442,0.254000112,0.224832616,7581.0,373.0
0.7850061797888612,0.013233217,0.277081106,0.261056429,7581.0,373.0
0.7779327972523755,0.0,0.321477546,0.302537499,7581.0,373.0
0.7744188469328148,0.0,0.376991095,0.307316341,7581.0,373.0
0.7589155714823496,0.0,0.424225773,0.306902563,7581.0,373.0
0.7345045331623402,0.0,0.458406131,0.308360728,7581.0,373.0
0.6841766745618209,0.0,0.496561722,0.315340819,7581.0,373.0
0.6660060014980012,0.0,0.490550328,0.287493888,7581.0,373.0
0.6542309290123532,0.0,0.491320785,0.315498306,7581.0,373.0
0.6542427612229093,0.0,0.493004085,0.400875549,7581.0,373.0
0.6580717728322936,0.0,0.504311646,0.453375649,7581.0,373.0
0.6684624112383318,0.0,0.502571063,0.480839791,7581.0,373.0
0.7092443388509835,0.0,0.48939813,0.527512052,7581.0,373.0
0.7622944951798094,0.0,0.461565358,0.514681808,7581.0,373.0
0.7909126001005593,0.008656802,0.426895043,0.476385788,7581.0,373.0
0.7939709722067563,0.13644855,0.394720203,0.44876111,7581.0,373.0
0.7922718082021782,0.264561341,0.390294475,0.451966383,7581.0,373.0
0.7916495418690346,0.396944292,0.443114083,0.440342952,7581.0,373.0
0.7905447681291824,0.494742156,0.495681568,0.453237368,7581.0,373.0
0.7879188300580595,0.559762831,0.506149977,0.449609646,7581.0,373.0
0.7870541504516726,0.551841028,0.49294423,0.412151726,7581.0,373.0
0.7856786611521148,0.495618599,0.511243864,0.411529461,7581.0,373.0
0.7847973693971402,0.428093,0.497023933,0.420572427,7581.0,373.0
0.7843669699422751,0.33537234,0.431796047,0.368052653,7581.0,373.0
0.784695803998086,0.196663753,0.362465166,0.352936532,7581.0,373.0
0.7877658662421573,0.046029481,0.345010451,0.382514785,7581.0,373.0
0.7810716272305763,0.0,0.319818603,0.435319479,7581.0,373.0
0.776809849807057,0.0,0.334422349,0.485614403,7581.0,373.0
0.7623112021815869,0.0,0.331449746,0.577573701,7581.0,373.0
0.7387355475011436,0.0,0.361279414,0.699453489,7581.0,373.0
0.6774327407629519,0.0,0.368431624,0.725174448,7581.0,373.0
0.6523191683583809,0.0,0.362926261,0.714363321,7581.0,373.0
0.6350366496156805,0.0,0.383650579,0.754815164,7581.0,373.0
0.629115321199161,0.0,0.436467554,0.824774117,7581.0,373.0
0.6271948050573103,0.0,0.488626361,0.877339853,7581.0,373.0
0.6256335542769254,0.0,0.539447688,0.890622956,7581.0,373.0
0.6290518548885039,0.0,0.587873691,0.898514695,7581.0,373.0
0.6391251124507344,0.0,0.630527279,0.904635593,7581.0,373.0
0.6685667215810027,0.00501684,0.665530668,0.890763558,7581.0,373.0
0.6960492892629784,0.026798093,0.684386651,0.89036246,7581.0,373.0
0.7226576646819954,0.055940201,0.678623544,0.885926031,7581.0,373.0
0.725646465080084,0.086331066,0.701755999,0.832679589,7581.0,373.0
0.7260166634107308,0.120729143,0.725514763,0.832654802,7581.0,373.0
0.7260365411599634,0.136533277,0.76557309,0.794725126,7581.0,373.0
0.7251216941571644,0.142042996,0.781243482,0.811518199,7581.0,373.0
0.7247817854736971,0.148782102,0.795767916,0.816359007,7581.0,373.0
0.7253367516048125,0.14493002,0.796941237,0.870870439,7581.0,373.0
0.7257243668864384,0.125631756,0.799919978,0.899474636,7581.0,373.0
0.7273434047980736,0.090829298,0.789066406,0.913947763,7581.0,373.0
0.7269893923979699,0.018449585,0.779337008,0.918829345,7581.0,373.0
0.7244062861337842,0.0,0.760017748,0.918648066,7581.0,373.0
0.7160111554641129,0.0,0.732226559,0.9120554935,7581.0,373.0
0.7025905176533715,0.0,0.69168903,0.90462672,7581.0,373.0
0.6597290046855155,0.0,0.676803555,0.886281487,7581.0,373.0
0.6373649901532448,0.0,0.663374517,0.878170917,7581.0,373.0
0.6185873376525527,0.0,0.634452502,0.851388169,7581.0,373.0
0.6178002282805621,0.0,0.5815232855,0.8077284549999999,7581.0,373.0
0.6262418113324163,0.0,0.543002894,0.776983308,7581.0,373.0
0.6370849984486325,0.0,0.500287777,0.757046486,7581.0,373.0
0.6695187684308238,0.003590767,0.463116036,0.737178549,7581.0,373.0
0.6953329824124292,0.117359563,0.441725664,0.725841895,7581.0,373.0
0.7206340207557997,0.189975786,0.415422785,0.706308293,7581.0,373.0
0.7251428497321188,0.249843347,0.42133636,0.708978729,7581.0,373.0
0.7241766991656613,0.296513743,0.458030783,0.704822225,7581.0,373.0
0.7214182905380869,0.294224132,0.466727608,0.651471451,7581.0,373.0
0.7205687083286949,0.318075935,0.47536449,0.604144478,7581.0,373.0
0.7200004428691286,0.298705163,0.469011108,0.551687531,7581.0,373.0
0.7224993530515414,0.250090565,0.449863334,0.529872218,7581.0,373.0
0.7253569134994082,0.19745446,0.428148308,0.509361185,7581.0,373.0
0.7282736337574367,0.119111691,0.383585359,0.535427117,7581.0,373.0
0.7303187642092356,0.026317874,0.345351021,0.53212587,7581.0,373.0
0.7324243799306158,0.0,0.31866167,0.533162395,7581.0,373.0
0.7305863558267718,0.0,0.293400906,0.518849848,7581.0,373.0
0.7233027902196536,0.0,0.268687713,0.487802832,7581.0,373.0
0.7101953448009541,0.0,0.251030411,0.468418413,7581.0,373.0
0.7152348131717728,0.0,0.220756635,0.453749156,7581.0,373.0
0.7078751918747482,0.0,0.204423587,0.437506698,7581.0,373.0
0.7015617996034258,0.0,0.20339786,0.453752585,14705.0,725.0
0.7035431323797128,0.0,0.196488703,0.489794948,14705.0,725.0
0.7044052563346564,0.0,0.200359616,0.529773239,14705.0,725.0
0.71521200118675,0.0,0.216340899,0.550841956,14705.0,725.0
0.767738427492507,0.0,0.23020234,0.53586397,14705.0,725.0
0.8151824119620327,0.0,0.249165852,0.515537736,14705.0,725.0
0.8196595309785629,0.003546765,0.262171978,0.478656469,14705.0,725.0
0.8188969846477503,0.061293665,0.268034966,0.45219335,14705.0,725.0
0.8128146000713661,0.160163559,0.253993745,0.447628165,14705.0,725.0
0.8102986519365268,0.283507411,0.261558366,0.454227053,14705.0,725.0
0.8068961586711447,0.358074914,0.260402225,0.491851356,14705.0,725.0
0.8049930114323691,0.414399215,0.248575004,0.493658847,14705.0,725.0
0.8037828384020917,0.395402069,0.233990365,0.511253898,14705.0,725.0
0.8015799169768669,0.383724826,0.211484068,0.535918072,14705.0,725.0
0.8022006689726237,0.329910615,0.188256079,0.530169673,14705.0,725.0
0.802931410490458,0.263635426,0.17596766,0.497410527,14705.0,725.0
0.8050392981321244,0.161075743,0.158445053,0.455703112,14705.0,725.0
0.808456462990663,0.030774168,0.137375898,0.436933534,14705.0,725.0
0.8014299822499444,0.0,0.123179908,0.443898396,14705.0,725.0
0.8038948161132987,0.0,0.113717995,0.475776749,14705.0,725.0
0.791292263868286,0.0,0.114287343,0.474042357,14705.0,725.0
0.7593420898263517,0.0,0.120679354,0.468856001,14705.0,725.0
0.719282479608511,0.0,0.141153143,0.483955042,14705.0,725.0
0.7093483654624972,0.0,0.13587109,0.500545237,14705.0,725.0
0.7026887466225431,0.0,0.1482540625,0.512443988,14705.0,725.0
0.7046464390016699,0.0,0.145457744,0.519797327,14705.0,725.0
0.7148480026925383,0.0,0.154159955,0.542475412,14705.0,725.0
0.7691969299013057,0.0,0.153915294,0.534042016,14705.0,725.0
0.8155409673742969,0.0,0.159462022,0.513415814,14705.0,725.0
0.8190658506630386,0.003045761,0.169513668,0.476943859,14705.0,725.0
0.8192260079957345,0.057033378,0.16602203,0.420359618,14705.0,725.0
0.8150778174739987,0.117284515,0.174025202,0.351315812,14705.0,725.0
0.8130377979108804,0.190763513,0.184543038,0.284837779,14705.0,725.0
0.811724545144162,0.265516607,0.173481964,0.272476525,14705.0,725.0
0.8123108422365133,0.322074635,0.184287501,0.258505613,14705.0,725.0
0.8113324812893592,0.342700161,0.186400422,0.261025315,14705.0,725.0
0.8119642130595827,0.290728468,0.188196063,0.267680507,14705.0,725.0
0.8120325545756673,0.219176912,0.191682458,0.26687192,14705.0,725.0
0.8118061383549997,0.15142522,0.189137642,0.260708115,14705.0,725.0
0.8108284397233494,0.096455915,0.206993379,0.242156732,14705.0,725.0
0.8099525906361162,0.011902109,0.251709191,0.223479719,14705.0,725.0
0.8010680187501477,0.0,0.28493053,0.211036603,14705.0,725.0
0.8023358372532,0.0,0.299234835,0.206995051,14705.0,725.0
0.7903716428328904,0.0,0.312303784,0.216406902,14705.0,725.0
0.7563762434859675,0.0,0.323074628,0.232871964,14705.0,725.0
0.7124335727372614,0.0,0.373693907,0.316451056,14705.0,725.0
0.7013674715126876,0.0,0.373704902,0.332716622,14705.0,725.0
0.6926485472608543,0.0,0.375083794,0.328896202,14705.0,725.0
0.6898686044739789,0.0,0.361293654,0.332330267,14705.0,725.0
0.6914273472366185,0.0,0.346056176,0.334392521,14705.0,725.0
0.7068279215349894,0.0,0.327150321,0.337539664,14705.0,725.0
0.7622492974278084,0.0,0.312826572,0.331930638,14705.0,725.0
0.8130018286700882,0.0,0.311882306,0.317303705,14705.0,725.0
0.8188577025868212,0.002770394,0.303338105,0.301971026,14705.0,725.0
0.8172831052584935,0.121551698,0.30270419,0.27982187,14705.0,725.0
0.8112588391782145,0.233829319,0.289855777,0.258885436,14705.0,725.0
0.8076185709191452,0.340976752,0.295748131,0.236910329,14705.0,725.0
0.8068911418072418,0.460504202,0.376268043,0.218354195,14705.0,725.0
0.8051346164752518,0.509570165,0.41970868,0.194571138,14705.0,725.0
0.8022801795553484,0.483463687,0.438122198,0.176419531,14705.0,725.0
0.8000778255924376,0.44769136,0.433351355,0.18213841,14705.0,725.0
0.7994815896254701,0.361679001,0.434101146,0.194178674,14705.0,725.0
0.801270297940579,0.265095844,0.402535125,0.193264267,14705.0,725.0
0.804699389448657,0.16692164,0.362558543,0.187994256,14705.0,725.0
0.8070222400989879,0.015019014,0.314074644,0.190103792,14705.0,725.0
0.80059171159408,0.0,0.289382157,0.195551938,14705.0,725.0
0.8019842860655562,0.0,0.270960832,0.185137587,14705.0,725.0
0.7910010082438439,0.0,0.245445747,0.170577216,14705.0,725.0
0.760239141708031,0.0,0.216850081,0.151981665,14705.0,725.0
0.7206586784430643,0.0,0.185728401,0.144715695,14705.0,725.0
0.7131823467162928,0.0,0.162654177,0.175463543,14705.0,725.0
0.7050202342978166,0.0,0.156319367,0.206947395,14705.0,725.0
0.6988700760818678,0.0,0.139233926,0.232264936,14705.0,725.0
0.6983554333257379,0.0,0.134830878,0.247740079,14705.0,725.0
0.7107318530812399,0.0,0.155475405,0.257749159,14705.0,725.0
0.7657475348401565,0.0,0.165109359,0.264754887,14705.0,725.0
0.8146380470210375,0.0,0.180669727,0.29780533,14705.0,725.0
0.8183949308566637,0.002388497,0.21530199,0.354286905,14705.0,725.0
0.8177511775837111,0.043017513,0.241411652,0.394756693,14705.0,725.0
0.81243058175524,0.084918523,0.25653939,0.439254058,14705.0,725.0
0.8106722579405001,0.141957037,0.282372099,0.479751308,14705.0,725.0
0.8101624423418938,0.168972499,0.29206615,0.487096721,14705.0,725.0
0.8069124394548776,0.200018098,0.328689704,0.544004684,14705.0,725.0
0.8055749548047332,0.204685383,0.336877065,0.594712682,14705.0,725.0
0.8032521041544024,0.140958095,0.342386135,0.621875578,14705.0,725.0
0.8015956298840797,0.11855733,0.350423889,0.625701966,14705.0,725.0
0.8000057926718694,0.067457541,0.374358051,0.645580222,14705.0,725.0
0.7990824266928573,0.021733686,0.399331559,0.667226413,14705.0,725.0
0.7976140330431399,0.001665823,0.433501503,0.689994454,14705.0,725.0
0.7893863716858938,0.0,0.461787657,0.709438424,14705.0,725.0
0.790292605273496,0.0,0.494177479,0.722264216,14705.0,725.0
0.7712983331469682,0.0,0.530681579,0.739534535,14705.0,725.0
0.732272173697613,0.0,0.557480107,0.754129661,14705.0,725.0
0.6948200905053514,0.0,0.58568229,0.768452526,14705.0,725.0
0.6811916127877078,0.0,0.587932927,0.785507664,14705.0,725.0
0.6743802371283352,0.0,0.601330083,0.788897231,14705.0,725.0
0.6724308980429939,0.0,0.605093715,0.793512716,14705.0,725.0
0.673292879925256,0.0,0.602818862,0.805037616,14705.0,725.0
0.6845038990128491,0.0,0.608984613,0.811593281,14705.0,725.0
0.7339082023421828,0.0,0.602353748,0.817254213,14705.0,725.0
0.7963643886597601,0.0,0.582675631,0.809752842,14705.0,725.0
0.8139037081234972,0.001945886,0.565659479,0.798015096,14705.0,725.0
0.812523628178081,0.108314317,0.549947502,0.772171915,14705.0,725.0
0.8065094902645916,0.226101097,0.548663702,0.753546549,14705.0,725.0
0.804637673987052,0.341056807,0.542358646,0.733519378,14705.0,725.0
0.8033566042034527,0.417653966,0.580043875,0.717686215,14705.0,725.0
0.8013174366622174,0.443916953,0.624142011,0.737839058,14705.0,725.0
0.8004870222528566,0.456329971,0.635760183,0.736741301,14705.0,725.0
0.7998600232011731,0.429297385,0.648978235,0.717342468,14705.0,725.0
0.7995762452388876,0.366821017,0.642145839,0.69272518,14705.0,725.0
0.799991783808423,0.274241726,0.611059725,0.681025867,14705.0,725.0
0.802970692965593,0.163307912,0.607510018,0.687678244,14705.0,725.0
0.8040435202339913,0.007065591,0.602298029,0.695739671,14705.0,725.0
0.7970093725389428,0.0,0.600342496,0.699629761,14705.0,725.0
0.7998323836444206,0.0,0.597778145,0.714974756,14705.0,725.0
0.7874606966074584,0.0,0.59491891,0.708745743,14705.0,725.0
0.7529356039126964,0.0,0.587665531,0.680157351,14705.0,725.0
0.698668838205493,0.0,0.577298697,0.610212982,14705.0,725.0
0.6835830886852803,0.0,0.524593229,0.552775685,14705.0,725.0
0.6722523300789605,0.0,0.506782397,0.537797139,14705.0,725.0
0.669864072562541,0.0,0.485125225,0.568935137,14705.0,725.0
0.6696602786205168,0.0,0.454032511,0.628024059,14705.0,725.0
0.6749318432198219,0.0,0.430276756,0.653718733,14705.0,725.0
0.6747535117674536,0.0,0.389850851,0.632030494,14705.0,725.0
0.6889118721251095,0.0,0.34079176,0.606787889,14705.0,725.0
0.7147362142735048,0.001136266,0.302467533,0.587593425,14705.0,725.0
0.7378974661374526,0.09656891,0.265674066,0.559740634,14705.0,725.0
0.7550539983054996,0.164511015,0.229063872,0.540056695,14705.0,725.0
0.7584723933560618,0.233706008,0.205144038,0.533469975,14705.0,725.0
0.7549465640206592,0.326771474,0.186570501,0.430859096,14705.0,725.0
0.7532584270100396,0.347515759,0.207359967,0.338486554,14705.0,725.0
0.7505035209089814,0.354196459,0.198885162,0.284283963,14705.0,725.0
0.7509567323488693,0.330691758,0.199246285,0.255449677,14705.0,725.0
0.7518295523471227,0.289787432,0.186722348,0.279211833,14705.0,725.0
0.7591035576639712,0.20518598,0.187252618,0.327426059,14705.0,725.0
0.7670978453812155,0.11651681,0.192198382,0.386423496,14705.0,725.0
0.7690975411551422,0.004047974,0.197377359,0.398077563,14705.0,725.0
0.7689609529761625,0.0,0.207179631,0.389442101,14705.0,725.0
0.7635101580973201,0.0,0.211324857,0.385248754,14705.0,725.0
0.7486361536188249,0.0,0.213151618,0.38577023,14705.0,725.0
0.7271562234188433,0.0,0.210870345,0.391132112,14705.0,725.0
0.7129281960856831,0.0,0.20289898,0.408143013,14705.0,725.0
0.7016356786404417,0.0,0.206308999,0.399853313,14705.0,725.0
0.6964871191605082,0.0,0.212526214,0.345718349,14705.0,725.0
0.6954089672730981,0.0,0.211556707,0.288630394,14705.0,725.0
0.6989505807591572,0.0,0.198951656,0.250753345,14705.0,725.0
0.7009097166464332,0.0,0.178357138,0.23905356,14705.0,725.0
0.7065421557977806,0.0,0.173339464,0.265542767,14705.0,725.0
0.7274962265412943,0.00103741,0.169857713,0.317130667,14705.0,725.0
0.7495969087370324,0.086071647,0.166217695,0.386794854,14705.0,725.0
0.7683311613471644,0.203424477,0.152617327,0.464202027,14705.0,725.0
0.765365078495115,0.306502411,0.156598938,0.556776945,14705.0,725.0
0.7630987847840107,0.364085564,0.15912257,0.640455114,14705.0,725.0
0.7593674574628178,0.371598069,0.190263877,0.708081583,14705.0,725.0
0.7553618184448315,0.399321845,0.230091519,0.765167121,14705.0,725.0
0.7530212675265706,0.419240987,0.273013026,0.807612232,14705.0,725.0
0.7518295523471227,0.361957005,0.305930465,0.829146988,14705.0,725.0
0.7558574826931036,0.314557091,0.352008223,0.84546996,14705.0,725.0
0.7636981442789418,0.150139449,0.420877717,0.856337632,14705.0,725.0
0.766378651514368,0.002744229,0.503668487,0.860640264,14705.0,725.0
0.7645269494977261,0.0,0.544049209,0.863464735,14705.0,725.0
0.7592255686887781,0.0,0.579898257,0.875897174,14705.0,725.0
0.7416819899440377,0.0,0.623798618,0.890241451,14705.0,725.0
0.7183195474232066,0.0,0.662207256,0.891686135,14705.0,725.0
0.7057838219426859,0.0,0.675211291,0.890766288,14705.0,725.0
0.6872609349615122,0.0,0.716358295,0.899642961,14705.0,725.0
0.6780484763090118,0.0,0.755112953,0.910225182,14705.0,725.0
0.6741982142714833,0.0,0.781132916,0.920009069,14705.0,725.0
0.6738026483043704,0.0,0.794621182,0.924867298,14705.0,725.0
0.6835273365484449,0.0,0.786703296,0.921539823,14705.0,725.0
0.7290232593441451,0.0,0.77192262,0.916762307,14705.0,725.0
0.7930077562902949,0.0,0.757837896,0.909809953,14705.0,725.0
0.8084608171248562,0.0,0.726985955,0.895214211,14705.0,725.0
0.8085547155695803,0.041903557,0.685900728,0.891107783,14705.0,725.0
0.8023498461166466,0.108115232,0.649526431,0.88874624,14705.0,725.0
0.7987860597655285,0.172166412,0.616655275,0.88900674,14705.0,725.0
0.7967752889497391,0.25773609,0.597073731,0.886592608,14705.0,725.0
0.7936427536611632,0.351513447,0.615885545,0.898910125,14705.0,725.0
0.7902729168164366,0.356102347,0.629132876,0.905031373,14705.0,725.0
0.7907047833891967,0.374759158,0.630794332,0.9088111,14705.0,725.0
0.7900421936810678,0.315305466,0.622042818,0.906702291,14705.0,725.0
0.7926738581510892,0.205032527,0.60570087,0.904496304,14705.0,725.0
0.7934868560236771,0.083269003,0.583247819,0.893620106,14705.0,725.0
0.7968975841199093,0.001581783,0.579187224,0.890880698,14705.0,725.0
0.7891824833048859,0.0,0.572059133,0.89937445,14705.0,725.0
0.790251571949309,0.0,0.570224397,0.915367461,14705.0,725.0
0.7732588417131555,0.0,0.573148209,0.923377245,14705.0,725.0
0.7362507414495731,0.0,0.583629798,0.927351348,14705.0,725.0
0.6952980544856934,0.0,0.593710056,0.926995655,14705.0,725.0
0.6816069144313718,0.0,0.585320936,0.922976782,14705.0,725.0
0.6729649453179231,0.0,0.5871770435,0.9181043975,14705.0,725.0
0.6721825686644725,0.0,0.619940129,0.907639866,14705.0,725.0
0.6832705354132023,0.0,0.631037179,0.899940407,14705.0,725.0
0.7264802395290736,0.0,0.63402164,0.891306195,14705.0,725.0
0.7878479328905315,0.0,0.641969956,0.889793554,14705.0,725.0
0.7975625401873083,0.0,0.647400184,0.880341259,14705.0,725.0
0.79549535491918,0.011406167,0.652944229,0.857553268,14705.0,725.0
0.7887676074650602,0.031255448,0.647902854,0.831938211,14705.0,725.0
0.7843044973119766,0.051792424,0.639182356,0.804516668,14705.0,725.0
0.784695803998086,0.062907318,0.661436965,0.795047021,14705.0,725.0
0.7842772839732687,0.077100835,0.658488565,0.7801677,14705.0,725.0
0.7819866635255487,0.064227919,0.65611156,0.776872089,14705.0,725.0
0.7814349157755865,0.065701439,0.651594163,0.759145163,14705.0,725.0
0.780755003969668,0.049258274,0.640687946,0.741244191,14705.0,725.0
0.7794094733666408,0.038896557,0.633662837,0.726057787,14705.0,725.0
0.7793989666155045,0.00984141,0.622742823,0.723198675,14705.0,725.0
0.7789669579700628,0.0,0.608904245,0.716351161,14705.0,725.0
0.7748496726057245,0.0,0.586534747,0.679384289,14705.0,725.0
0.7801427709501246,0.0,0.571364202,0.699894692,14705.0,725.0
0.7619949575050254,0.0,0.566991544,0.721208262,14705.0,725.0
0.726128830414111,0.0,0.550559038,0.72444459,14705.0,725.0
0.6935572892804082,0.0,0.56124409,0.779233488,14705.0,725.0
0.6810359040281888,0.0,0.517965825,0.786770894,14705.0,725.0
0.6739616694698201,0.0,0.489392049,0.790270157,14705.0,725.0
0.6719946773360406,0.0,0.464595256,0.768023485,14705.0,725.0
0.6721825686644725,0.0,0.398203702,0.72948919,14705.0,725.0
0.6833125151982561,0.0,0.356230521,0.701642626,14705.0,725.0
0.7280072723319243,0.0,0.308826031,0.626706127,14705.0,725.0
0.7898292656668184,0.0,0.29127542,0.553505485,14705.0,725.0
0.7996170420514096,0.0,0.272126573,0.471441287,14705.0,725.0
0.7996580277418988,0.034781883,0.251308344,0.396796032,14705.0,725.0
0.7919567469123547,0.093591095,0.240700896,0.406014835,14705.0,725.0
0.7824467847510731,0.12616123,0.234598258,0.428938202,14705.0,725.0
0.7806887450816964,0.169953008,0.244714439,0.417205609,14705.0,725.0
0.7783374504864279,0.202908425,0.25134599,0.431719127,14705.0,725.0
0.7768089029319841,0.192413659,0.268823763,0.506855315,14705.0,725.0
0.7766912932608623,0.183223702,0.284288583,0.586864092,14705.0,725.0
0.7756875646772421,0.181367965,0.290356575,0.633036913,14705.0,725.0
0.7754917694686089,0.134741728,0.286207325,0.637765739,14705.0,725.0
0.7764623686082432,0.089249897,0.292392841,0.648946411,14705.0,725.0
0.7784588464152228,0.001688434,0.296365136,0.667563468,14705.0,725.0
0.7790214322811765,0.0,0.2801122,0.659110081,14705.0,725.0
0.7829122069858637,0.0,0.257895653,0.616034018,14705.0,725.0
0.7660266741086794,0.0,0.234447775,0.559967939,14705.0,725.0
0.7307966809700859,0.0,0.22035454,0.52051305,14705.0,725.0
0.6947902266620105,0.0,0.217052088,0.538795898,14705.0,725.0
0.6810346734219589,0.0,0.223666814,0.556781529,14705.0,725.0
0.6738362984053845,0.0,0.225863685,0.566666553,14705.0,725.0
0.6720794412943336,0.0,0.2338766,0.5911326095,14705.0,725.0
0.6830127405976009,0.0,0.2390384,0.583818714,14705.0,725.0
0.7289019578543336,0.0,0.249802827,0.570730594,14705.0,725.0
0.7930072356332666,0.0,0.27012255,0.55042003,14705.0,725.0
0.8044055781727717,0.0,0.291953177,0.530259926,14705.0,725.0
0.8023903587838054,0.024299462,0.307402583,0.535637639,14705.0,725.0
0.795197000216928,0.122421149,0.321040774,0.552855243,14705.0,725.0
0.7888868735462506,0.202281015,0.334390967,0.550255481,14705.0,725.0
0.7803454759443943,0.302382448,0.344585027,0.451451212,14705.0,725.0
0.7778310425611481,0.376043795,0.368758354,0.444413923,14705.0,725.0
0.7752097427695815,0.408686507,0.391071184,0.425599001,14705.0,725.0
0.7742113143668153,0.408893259,0.41077878,0.426552464,14705.0,725.0
0.7736621694877883,0.358323203,0.43106942,0.446215141,14705.0,725.0
0.7739841881969463,0.254050837,0.452781328,0.465306254,14705.0,725.0
0.7742161891580368,0.117380017,0.461616449,0.467388543,14705.0,725.0
0.7756207851322422,0.001120357,0.465132967,0.48441844,14705.0,725.0
0.771066757989716,0.0,0.46362985,0.514216426,14705.0,725.0
0.7757858644756513,0.0,0.457993325,0.546988681,14705.0,725.0
0.758547360926626,0.0,0.44924512,0.563936576,14705.0,725.0
0.723447140206153,0.0,0.442309686,0.567877774,14705.0,725.0
0.6934923082181581,0.0,0.442264867,0.614188232,14705.0,725.0
0.6810359040281888,0.0,0.440431413,0.621368187,14705.0,725.0
0.6739616694698201,0.0,0.442000417,0.610798605,14705.0,725.0
0.6719946773360406,0.0,0.431138462,0.605608446,14705.0,725.0
0.6718729500423907,0.0,0.424553035,0.622949719,14705.0,725.0
0.6830029437956661,0.0,0.422277272,0.629837051,14705.0,725.0
0.7263138351404509,0.0,0.42631324,0.633491245,14705.0,725.0
0.7857201679138384,0.0,0.43471573,0.635784556,14705.0,725.0
0.7946328523798897,0.0,0.439353898,0.638156741,14705.0,725.0
0.7927094488075346,0.031463356,0.439543016,0.633233383,14705.0,725.0
0.7832935271636587,0.133145119,0.441717843,0.622218694,14705.0,725.0
0.7808966090125508,0.214369591,0.456530362,0.616940341,14705.0,725.0
0.7803174582175012,0.276611452,0.443635597,0.599650436,14705.0,725.0
0.7801555496215473,0.306837532,0.468891753,0.616461516,14705.0,725.0
0.780115509977719,0.304933188,0.495970875,0.621956987,14705.0,725.0
0.7799331557560122,0.264708673,0.52163768,0.633364772,14705.0,725.0
0.7780828740519796,0.186323336,0.534135672,0.650083648,14705.0,725.0
0.7769998237636019,0.112366634,0.555620535,0.672251,14705.0,725.0
0.7764227079629675,0.017453381,0.582874302,0.694462882,14705.0,725.0
0.7756314811755519,0.0,0.609134407,0.75506215,14705.0,725.0
0.7708841672563442,0.0,0.648297974,0.805636276,14705.0,725.0
0.775436206623947,0.0,0.672674763,0.811771786,14705.0,725.0
0.7579270819541997,0.0,0.708983752,0.806885892,14705.0,725.0
0.7232612366526444,0.0,0.731438727,0.771436939,14705.0,725.0
0.6779984033515831,0.0,0.768876057,0.735435587,14705.0,725.0
0.6622276307225654,0.0,0.776406472,0.744311589,14705.0,725.0
0.6527842588141104,0.0,0.782039648,0.777631857,14705.0,725.0
0.6479685089398344,0.0,0.785957888,0.81693984,14705.0,725.0
0.6488452574755456,0.0,0.795036319,0.856556959,14705.0,725.0
0.6503338600322474,0.0,0.791101945,0.878268999,14705.0,725.0
0.6625408463101471,0.0,0.77633476,0.887123456,14705.0,725.0
0.6863306115631654,0.0,0.767046704,0.89789388,14705.0,725.0
0.7028191113553417,0.004185709,0.761572602,0.90760319,14705.0,725.0
0.7138715346671178,0.016191812,0.742512156,0.903954303,14705.0,725.0
0.7186216883831319,0.025676234,0.711045164,0.901794076,14705.0,725.0
0.7188638175110122,0.04609692,0.69308497,0.890641545,14705.0,725.0
0.7186483810648114,0.057695449,0.643904906,0.88328997,14705.0,725.0
0.7189161619745209,0.042660344,0.595835185,0.880472825,14705.0,725.0
0.7191206182320489,0.026354279,0.578796673,0.869941785,14705.0,725.0
0.717485204683491,0.020835315,0.580052247,0.849886844,14705.0,725.0
0.7188877652490752,0.010513648,0.604529283,0.815677171,14705.0,725.0
0.7219094585794843,0.003264544,0.626330772,0.724786666,14705.0,725.0
0.7219385180346398,0.0,0.632121382,0.664228047,14705.0,725.0
0.7201567195051676,0.0,0.637445234,0.573211858,14705.0,725.0
0.7164286107722306,0.0,0.6469814625,0.5437454265,14705.0,725.0
0.7029517239844748,0.0,0.645159988,0.496216565,14705.0,725.0
0.6778443986358306,0.0,0.618539686,0.482141888,14705.0,725.0
0.6625850503817895,0.0,0.622012551,0.446352456,14705.0,725.0
0.6536385265225507,0.0,0.618858988,0.421394672,14705.0,725.0
0.6482618944118813,0.0,0.622787625,0.391959555,14705.0,725.0
0.650453031674454,0.0,0.666521374,0.401817769,14705.0,725.0
0.6505416291099121,0.0,0.690862399,0.471869928,14705.0,725.0
0.6629636732496658,0.0,0.688232027,0.565243312,14705.0,725.0
0.6854197401102129,0.0,0.683352664,0.647335436,14705.0,725.0
0.7021919225972788,0.007090247,0.683056005,0.648490856,14705.0,725.0
0.7125788691846275,0.043397837,0.676611848,0.628962917,14705.0,725.0
0.7161693486316313,0.0844973,0.665720187,0.654486355,14705.0,725.0
0.7176040449608426,0.098175492,0.634398983,0.709094806,14705.0,725.0
0.7181041109770059,0.093455707,0.626364165,0.710598958,14705.0,725.0
0.7187432259704023,0.075246395,0.614244812,0.681942737,14705.0,725.0
0.7192652523639113,0.057021356,0.6170488,0.687378696,14705.0,725.0
0.7212627710707414,0.045976797,0.618495038,0.73232809,14705.0,725.0
0.7232450503078951,0.028636627,0.610783921,0.777732123,14705.0,725.0
0.7323948474521298,0.008061177,0.600650411,0.807697888,14705.0,725.0
0.7382705042649059,0.0,0.601685963,0.799604378,14705.0,725.0
0.7404000677243491,0.0,0.587161052,0.736754128,14705.0,725.0
0.7403471553843202,0.0,0.570525461,0.608201536,14705.0,725.0
0.7318345803117484,0.0,0.530707821,0.562598152,14705.0,725.0
0.7118338346579836,0.0,0.465436949,0.546989823,14705.0,725.0
0.697660281635937,0.0,0.347642616,0.467340224,14705.0,725.0
0.682437281621241,0.0,0.309124493,0.50613823,14705.0,725.0
0.6749900561549108,0.0,0.31699258,0.512256599,14705.0,725.0
0.6737270184183024,0.0,0.320923307,0.485861522,14705.0,725.0
0.674069813703862,0.0,0.300959284,0.38923438,14705.0,725.0
0.6852376700338693,0.0,0.249651788,0.373892127,14705.0,725.0
0.7341502842505714,0.0,0.206245977,0.380658794,14705.0,725.0
0.796675805764592,0.0,0.179089881,0.373362989,14705.0,725.0
0.8112086713675962,0.0,0.16107344,0.339908154,14705.0,725.0
0.8107179763495292,0.005892757,0.162094897,0.364672091,14705.0,725.0
0.8068236523130401,0.043736821,0.162421922,0.398618755,14705.0,725.0
0.8053723914689388,0.102988282,0.162280507,0.403231257,14705.0,725.0
0.8039836032551361,0.146942589,0.151423272,0.403365928,14705.0,725.0
0.8009644655761703,0.174846022,0.149940059,0.425127984,14705.0,725.0
0.7980674337752012,0.170840249,0.154667138,0.453337503,14705.0,725.0
0.7970336044223688,0.145791061,0.161480099,0.489166035,14705.0,725.0
0.7987576630400826,0.104056165,0.165442423,0.531580099,14705.0,725.0
0.7993901523932057,0.04708643,0.17010646,0.593230229,14705.0,725.0
0.8020611461436479,0.009886235,0.170817551,0.638372474,14705.0,725.0
0.8032828672391182,0.0,0.173917212,0.687942614,14705.0,725.0
0.7955865084202874,0.0,0.178072579,0.726466519,14705.0,725.0
0.7991128111932265,0.0,0.185126683,0.747006961,14705.0,725.0
0.7867800276328465,0.0,0.200356468,0.776005427,14705.0,725.0
0.7523616592737234,0.0,0.212415933,0.80315574,14705.0,725.0
0.7111910750653894,0.0,0.232455778,0.820055037,14705.0,725.0
0.7031852392829523,0.0,0.252466847,0.839380161,14705.0,725.0
0.7004851860773543,0.0,0.269952052,0.849147985,14705.0,725.0
0.7019761075667312,0.0,0.282715842,0.850213728,14705.0,725.0
0.7017589674909704,0.0,0.282818217,0.835746376,14705.0,725.0
0.7129508664122303,0.0,0.270399578,0.818286941,14705.0,725.0
0.7671106712721301,0.0,0.262535631,0.800380843,14705.0,725.0
0.8158030691045997,0.0,0.256962558,0.768172365,14705.0,725.0
0.8201451146937433,0.0,0.265646856,0.716051314,14705.0,725.0
0.8207211891803211,0.010225134,0.275944235,0.683493395,14705.0,725.0
0.8156126217105183,0.128398889,0.286517262,0.668379383,14705.0,725.0
0.8125486172302003,0.278394481,0.292982711,0.641309213,14705.0,725.0
0.8071655487714308,0.379916468,0.289087341,0.625640707,14705.0,725.0
0.8039273776807644,0.420040215,0.301632767,0.652208132,14705.0,725.0
0.7986764484135915,0.395357931,0.315642387,0.658416595,14705.0,725.0
0.7977181540936376,0.351911935,0.326026328,0.657491926,14705.0,725.0
0.7974603120585444,0.302746294,0.337928737,0.657045837,14705.0,725.0
0.7990370864539688,0.176614405,0.345104082,0.647846663,14705.0,725.0
0.7986837367835748,0.031261478,0.382073926,0.669172218,14705.0,725.0
0.7969185031831986,0.0,0.412552345,0.671045714,14705.0,725.0
0.7891824833048859,0.0,0.426903094,0.683691669,14705.0,725.0
0.7902480222033009,0.0,0.443050072,0.721463335,14705.0,725.0
0.7735376972505216,0.0,0.459500582,0.756212073,14705.0,725.0
0.7356728684802452,0.0,0.46008321,0.764248173,14705.0,725.0
0.6949873001105715,0.0,0.44534789,0.782830112,14705.0,725.0
0.6811916127877078,0.0,0.429975794,0.816288247,14705.0,725.0
0.6738965467490946,0.0,0.411409136,0.829184231,14705.0,725.0
0.6720557300679358,0.0,0.395678562,0.823762358,14705.0,725.0
0.672216076692805,0.0,0.37414372,0.817288035,14705.0,725.0
0.6830194138715723,0.0,0.360073348,0.825336289,14705.0,725.0
0.7290131783968472,0.0,0.350758809,0.835472042,14705.0,725.0
0.792770217808273,0.0,0.359049002,0.845684698,14705.0,725.0
0.8017292834130634,0.0,0.368514605,0.846869295,14705.0,725.0
0.8016378461807989,0.00334515,0.373516026,0.847365624,14705.0,725.0
0.7961444087871928,0.02803858,0.365801845,0.854259869,14705.0,725.0
0.7947751197382761,0.065287403,0.359796214,0.86944875,14705.0,725.0
0.7946928637977285,0.106442231,0.363096171,0.856334187,14705.0,725.0
0.7914079806176743,0.157272867,0.409035646,0.866497349,14705.0,725.0
0.7910905525543749,0.189385491,0.450946856,0.872073566,14705.0,725.0
0.7906916737671251,0.189858472,0.472530943,0.873959216,14705.0,725.0
0.7902696984352835,0.191176029,0.45966857,0.874666319,14705.0,725.0
0.7902759459054164,0.12474258,0.447559093,0.882466012,14705.0,725.0
0.7910603101266872,0.03680173,0.454612526,0.892228868,14705.0,725.0
0.7940854583499147,0.0,0.481547071,0.89460109,14705.0,725.0
0.7919664016416079,0.0,0.5071838655,0.8929281520000001,14705.0,725.0
0.7766031688487347,0.0,0.509536245,0.89676962,14705.0,725.0
0.7384817758690868,0.0,0.520195364,0.901200634,14705.0,725.0
0.6983123650071357,0.0,0.558333857,0.89384826,14705.0,725.0
0.6835486337818749,0.0,0.547904162,0.901012363,14705.0,725.0
0.6768171477037799,0.0,0.53590954,0.904171086,14705.0,725.0
0.6751096063814641,0.0,0.534505093,0.907466116,14705.0,725.0
0.6782561033139948,0.0,0.543084762,0.907988337,14705.0,725.0
0.691337045343188,0.0,0.551755895,0.907559768,14705.0,725.0
0.7461379533856135,0.0,0.554965229,0.908100389,14705.0,725.0
0.803281731486078,0.0,0.567163334,0.900193813,14705.0,725.0
0.8170311321091865,0.0,0.583751558,0.898240529,14705.0,725.0
0.815926689319983,0.010581457,0.586353383,0.887349108,14705.0,725.0
0.8107558389262612,0.175009007,0.569173206,0.885804928,14705.0,725.0
0.8073319535742595,0.278230108,0.561470352,0.88986175,14705.0,725.0
0.8051760756032775,0.307254277,0.59084653,0.881297898,14705.0,725.0
0.8037458282614489,0.317431546,0.620690418,0.873519836,14705.0,725.0
0.8005273456278421,0.300140665,0.62759597,0.866469742,14705.0,725.0
0.7994429702942507,0.271450676,0.613704073,0.864638032,14705.0,725.0
0.7992803517490953,0.248961152,0.594067883,0.859545393,14705.0,725.0
0.8023382980514537,0.177341179,0.571038546,0.853488045,14705.0,725.0
0.8067807732866114,0.046343941,0.560599107,0.849246962,14705.0,725.0
0.8076041830571459,0.0,0.537068008,0.843992105,14705.0,725.0
0.7992033964036077,0.0,0.507560974,0.836404918,14705.0,725.0
0.801625067509376,0.0,0.479074337,0.832270679,14705.0,725.0
0.7905310429968928,0.0,0.450675731,0.830617281,14705.0,725.0
0.756582876810592,0.0,0.426525468,0.833045154,14705.0,725.0
0.7163180999718156,0.0,0.428615607,0.830994572,14705.0,725.0
0.7077500096882798,0.0,0.426271811,0.844756168,14705.0,725.0
0.7003063816016557,0.0,0.420908617,0.850403719,14705.0,725.0
0.6987513778771974,0.0,0.402361445,0.856360072,14705.0,725.0
0.6985342378014366,0.0,0.373662203,0.858148166,14705.0,725.0
0.7097814154219954,0.0,0.338507128,0.841705639,14705.0,725.0
0.7652259818841839,0.0,0.296828512,0.800964258,14705.0,725.0
0.8136083825102248,0.0,0.265153115,0.730082172,14705.0,725.0
0.8183949308566637,0.0,0.241799591,0.655793501,14705.0,725.0
0.8192260079957345,0.004481257,0.221442183,0.597515594,14705.0,725.0
0.8135996742418383,0.069149589,0.208937512,0.549254755,14705.0,725.0
0.8125486172302003,0.115671279,0.191449829,0.529099561,14705.0,725.0
0.8104093041883143,0.13605238,0.161912563,0.511169056,14705.0,725.0
0.808399669539771,0.144053726,0.181354737,0.575913009,14705.0,725.0
0.8060274086617215,0.128475154,0.198347292,0.633817181,14705.0,725.0
0.8045315651616312,0.095603111,0.203508488,0.66276212,14705.0,725.0
0.8050072100021951,0.066451915,0.202364895,0.669533035,14705.0,725.0
0.8052732868681384,0.028479332,0.202086256,0.638135116,14705.0,725.0
0.8067807732866114,0.006018408,0.2033938,0.605320227,14705.0,725.0
0.8063074003663337,0.0,0.215717455,0.627893489,14705.0,725.0
0.7980010800340397,0.0,0.223973459,0.667888512,14705.0,725.0
0.8006627980537816,0.0,0.216024618,0.705167684,14705.0,725.0
0.7868679627528008,0.0,0.203203829,0.741650193,14705.0,725.0
0.7518791046475228,0.0,0.187920249,0.754783466,14705.0,725.0
0.6979088947456153,0.0,0.16420062,0.733421594,14705.0,725.0
0.6836949243238057,0.0,0.168448914,0.740167642,14705.0,725.0
0.6722523300789605,0.0,0.164050504,0.726398133,14705.0,725.0
0.6696119097068546,0.0,0.1830382405,0.737930557,14705.0,725.0
0.6771350015709179,0.0,0.236297828,0.7323137735,14705.0,725.0
0.688125945932754,0.0,0.262207607,0.706049216,14705.0,725.0
0.7147362142735048,0.0,0.301469898,0.708696174,14705.0,725.0
0.7382793073864822,0.003662852,0.292502497,0.714273138,14705.0,725.0
0.7578028466428043,0.065539707,0.284311698,0.738111079,14705.0,725.0
0.7608095370152023,0.095103868,0.275065642,0.761121691,14705.0,725.0
0.7575885931691356,0.144448069,0.259491438,0.811693487,14705.0,725.0
0.7531480112699176,0.185823685,0.268725193,0.81896201,14705.0,725.0
0.7488194070819064,0.207363251,0.271557377,0.834210673,14705.0,725.0
0.748062398272025,0.225028248,0.295984304,0.864003157,14705.0,725.0
0.7488525365258922,0.162284227,0.308483975,0.8864881,14705.0,725.0
0.7529480039997726,0.078112407,0.329052907,0.894108078,14705.0,725.0
0.7607095803925186,0.008464965,0.363839836,0.901371308,14705.0,725.0
0.7629598302457612,0.0,0.403748824,0.910924675,14705.0,725.0
0.7605144951330869,0.0,0.453192337,0.917293244,14705.0,725.0
0.7545908479909953,0.0,0.500021716,0.922438381,14705.0,725.0
0.7376035604225836,0.0,0.542371759,0.923421373,14705.0,725.0
0.7132255571075765,0.0,0.569924806,0.89581235,14705.0,725.0
0.6880547178145772,0.0,0.558774726,0.872096941,14705.0,725.0
0.6701011848265183,0.0,0.585526474,0.850638726,14705.0,725.0
0.6582830444364743,0.0,0.582448679,0.834207027,14705.0,725.0
0.6529837458414331,0.0,0.572014078,0.843592388,14705.0,725.0
0.6520333081821885,0.0,0.562385534,0.890840945,14705.0,725.0
0.6547332669488029,0.0,0.55716332,0.909328957,14705.0,725.0
0.6588241909963165,0.0,0.557432629,0.915500239,14705.0,725.0
0.6713168005245372,0.0,0.565467086,0.910856409,14705.0,725.0
0.7000669025642023,0.0,0.578007586,0.899365623,14705.0,725.0
0.724026433073884,0.001580582,0.588834459,0.868672592,14705.0,725.0
0.7395207637442976,0.034413863,0.588878621,0.834012564,14705.0,725.0
0.7394445187622177,0.052309045,0.587660905,0.8594154,14705.0,725.0
0.73700552555866,0.059014632,0.598153026,0.836099762,14705.0,725.0
0.7358638833366405,0.077595923,0.604855046,0.879731124,14705.0,725.0
0.7354465466985614,0.081945579,0.607321514,0.902977367,14705.0,725.0
0.7364191336131191,0.072746951,0.628327262,0.907020743,14705.0,725.0
0.7393217029350194,0.047680962,0.642821662,0.902844224,14705.0,725.0
0.7483180156063237,0.014814649,0.638107872,0.910444465,14705.0,725.0
0.7535129090055043,0.001559837,0.643045162,0.905629471,14705.0,725.0
0.7530136001580344,0.0,0.656461972,0.899791362,14705.0,725.0
0.7498806862851118,0.0,0.689474819,0.898684644,14705.0,725.0
0.7438495104191962,0.0,0.711242739,0.921751621,14705.0,725.0
0.7316961936500188,0.0,0.71443939,0.933880943,14705.0,725.0
0.7125841701938936,0.0,0.710953781,0.933594559,14705.0,725.0
0.7015056688822439,0.0,0.764333395,0.890449022,14705.0,725.0
0.6876206265410225,0.0,0.744197229,0.914915508,14705.0,725.0
0.6798889612111093,0.0,0.762666794,0.916025077,14705.0,725.0
0.684170994968208,0.0,0.788612857,0.926808866,14705.0,725.0
0.6988277649319589,0.0,0.804094111,0.935877666,14705.0,725.0
0.7481748017870705,0.0,0.799467022,0.922564773,14705.0,725.0
0.8041361880724857,0.0,0.790620695,0.92451487,14705.0,725.0
0.8169993277104142,0.0,0.786630579,0.933946465,14705.0,725.0
0.8163266098354953,0.003337508,0.78422001,0.930866085,14705.0,725.0
0.8120242248916275,0.120120205,0.782836401,0.931565897,14705.0,725.0
0.8116270497339381,0.189441625,0.763704206,0.924881887,14705.0,725.0
0.8077482488982822,0.26552817,0.743914808,0.911787578,14705.0,725.0
0.8068387973437329,0.268382755,0.758642669,0.924123187,14705.0,725.0
0.8058146227201539,0.26128611,0.784113391,0.927053118,14705.0,725.0
0.8056830514050772,0.243696083,0.782912499,0.928262452,14705.0,725.0
0.8065239725655746,0.1751073,0.765194739,0.932415903,14705.0,725.0
0.809034808983321,0.088189834,0.714290243,0.928691168,14705.0,725.0
0.8087300179329688,0.003598102,0.639855948,0.91397775,14705.0,725.0
0.8062841149437745,0.0,0.629051458,0.896030006,14705.0,725.0
0.7967776553090092,0.0,0.64188498,0.86979307,14705.0,725.0
0.7967742476356828,0.0,0.637069129,0.811710469,14705.0,725.0
0.7796344701031113,0.0,0.615414125,0.775880213,14705.0,725.0
0.7403416650828808,0.0,0.58028355,0.749985191,14705.0,725.0
0.6988305575092736,0.0,0.53110704,0.729135871,14705.0,725.0
0.6836932679137373,0.0,0.503978611,0.714013404,14705.0,725.0
0.6756459730032744,0.0,0.471572138,0.741590947,14705.0,725.0
0.6739850969650608,0.0,0.442090244,0.757224314,14705.0,725.0
0.6744403906188555,0.0,0.426406458,0.749048762,14705.0,725.0
0.6877590132027521,0.0,0.436831006,0.745411818,14705.0,725.0
0.7370289530539008,0.0,0.457531755,0.740063282,14705.0,725.0
0.8014305501264645,0.0,0.487892359,0.714092049,14705.0,725.0
0.8160099865745872,0.0,0.513239707,0.64460231,14705.0,725.0
0.8146872679565828,0.002361068,0.52153522,0.622452005,14705.0,725.0
0.8094317952630432,0.125098843,0.521353152,0.664739015,14705.0,725.0
0.8068911418072418,0.217935662,0.517725376,0.679129746,14705.0,725.0
0.806213691213783,0.283612263,0.523349947,0.689265016,14705.0,725.0
0.8049765413564629,0.329874066,0.577199857,0.664504797,14705.0,725.0
0.8054121469674043,0.297780521,0.59509676,0.588026824,14705.0,725.0
0.8056830514050772,0.318530477,0.599375935,0.555480013,14705.0,725.0
0.8082100741675728,0.262823217,0.60295953,0.543435593,14705.0,725.0
0.8104962928474018,0.172540545,0.57904991,0.498357285,14705.0,725.0
0.811466040379359,0.013675672,0.554495499,0.468783615,14705.0,725.0
0.8108618533126983,0.0,0.537400947,0.466871517,14705.0,725.0
0.8032358233706695,0.0,0.5251897205,0.49596662849999995,14705.0,725.0
0.793774325390446,0.0,0.53186315,0.563547577,14705.0,725.0
0.7609411083302787,0.0,0.541143672,0.635398639,14705.0,725.0
0.7205645907061669,0.0,0.562898071,0.686220395,14705.0,725.0
0.7101305053971796,0.0,0.548767779,0.71025227,14705.0,725.0
0.7042085857014971,0.0,0.534397692,0.709466551,14705.0,725.0
0.7047389651816888,0.0,0.552795064,0.756491372,14705.0,725.0
0.7165054238379337,0.0,0.558988547,0.772193899,14705.0,725.0
0.7701142853360564,0.0,0.546182363,0.760465979,14705.0,725.0
0.8153928315443303,0.0,0.5307482,0.736855707,14705.0,725.0
0.8211073841493377,0.0,0.525181901,0.713466623,14705.0,725.0
0.8229556312731612,0.001815832,0.519454071,0.695819848,14705.0,725.0
0.8173088518935123,0.115568021,0.499743574,0.684647542,14705.0,725.0
0.8137110836623193,0.20409546,0.464337431,0.677988315,14705.0,725.0
0.8126206505649746,0.248276744,0.461684636,0.66829288,14705.0,725.0
0.8104934530505954,0.287508701,0.471922753,0.671464542,14705.0,725.0
0.8105636879026196,0.239052112,0.471889169,0.672336828,14705.0,725.0
0.8100722353016532,0.214500514,0.437919555,0.672363828,14705.0,725.0
0.8102946763866803,0.171747438,0.417999327,0.670533587,14705.0,725.0
0.8119070410243441,0.087308537,0.370610225,0.664314198,14705.0,725.0
0.8120234677229341,0.004434084,0.33539457,0.639331352,14705.0,725.0
0.8102147868054027,0.0,0.309359175,0.578182403,14705.0,725.0
0.8014464523258507,0.0,0.295719239,0.503189143,14705.0,725.0
0.8011978864356641,0.0,0.302052308,0.438740556,14705.0,725.0
0.7870516892392129,0.0,0.315936148,0.399208654,14705.0,725.0
0.7516079632839788,0.0,0.320867205,0.373083029,14705.0,725.0
0.7072551498281932,0.0,0.32897199,0.387492395,14705.0,725.0
0.6963571570360083,0.0,0.346458313,0.358172098,14705.0,725.0
0.6934292672971336,0.0,0.348584973,0.328627322,14705.0,725.0
0.6958407394068744,0.0,0.3445754465,0.261868814,14705.0,725.0
0.7069091357472743,0.0,0.364084252,0.224115553,14705.0,725.0
0.7594196130483594,0.0,0.390959091,0.234360516,14705.0,725.0
0.8093272952139929,0.0,0.417542507,0.265684173,14705.0,725.0
0.8175542938415296,0.0,0.430324332,0.304593154,14705.0,725.0
0.8170220448422472,0.001165874,0.42572591,0.319430378,14705.0,725.0
0.8124974085197317,0.096951022,0.408074008,0.315850143,14705.0,725.0
0.8108484119115658,0.237019247,0.37605033,0.296695935,14705.0,725.0
0.8110907307458255,0.342883648,0.347758063,0.332293512,14705.0,725.0
0.8108812576243947,0.392572659,0.351695938,0.328504067,14705.0,725.0
0.8105636879026196,0.404994494,0.348737549,0.315820381,14705.0,725.0
0.810111044339252,0.371175169,0.322372804,0.28872355,14705.0,725.0
0.8098264147692895,0.26091364,0.305192819,0.245974868,14705.0,725.0
0.8125200312125812,0.146607023,0.287421247,0.195595843,14705.0,725.0
0.8146751520148697,0.007548381,0.266976183,0.163399707,14705.0,725.0
0.8143380831282088,0.0,0.241529293,0.120239477,14705.0,725.0
0.8082638385294849,0.0,0.216240809,0.092201936,14705.0,725.0
0.810165944454204,0.0,0.184115819,0.068131003,14705.0,725.0
0.7983529153670468,0.0,0.158888172,0.052173662,14705.0,725.0
0.7672812405027726,0.0,0.140093832,0.041109353,14705.0,725.0
0.7306800649793226,0.0,0.131247555,0.059341101,14705.0,725.0
0.7203749953339686,0.0,0.113477021,0.041619045,14705.0,725.0
0.7144290092301846,0.0,0.090932905,0.026485041,14705.0,725.0
0.7134059235543599,0.0,0.081119221,0.018170742,14705.0,725.0
0.7142285285225032,0.0,0.071549941,0.017674772,14705.0,725.0
0.7267745714619871,0.0,0.063865278,0.022386917,14705.0,725.0
0.7767933797311508,0.0,0.063715656,0.031696627,14705.0,725.0
0.820732737245514,0.0,0.065781654,0.046140846,14705.0,725.0
0.8217254860546676,0.0,0.07157503,0.065493265,14705.0,725.0
0.8259108764234254,0.0,0.074380117,0.087640273,14705.0,725.0
0.8279100987598156,0.069131492,0.076298129,0.097790909,14705.0,725.0
0.8242854489689756,0.167826028,0.086907287,0.105318044,14705.0,725.0
0.8191131782626445,0.233770075,0.121559731,0.089198159,14705.0,725.0
0.8153116169178393,0.32375268,0.114178791,0.080653525,14705.0,725.0
0.8147060099527753,0.32283426,0.119241667,0.086931914,14705.0,725.0
0.8131675707432071,0.287489089,0.119026959,0.093382141,14705.0,725.0
0.8148589733544715,0.224719598,0.127608739,0.105329703,14705.0,725.0
0.8157410694976315,0.106774069,0.142746514,0.123374824,14705.0,725.0
0.818051330768713,0.004889829,0.151256049,0.133692505,14705.0,725.0
0.8204430908116486,0.0,0.160449312,0.138690073,14705.0,725.0
0.8118236497449625,0.0,0.16189397,0.132420384,14705.0,725.0
0.8118309381149459,0.0,0.165466292,0.129209064,14705.0,725.0
0.8004921335557431,0.0,0.17715,0.136749025,14705.0,725.0
0.7695865325436488,0.0,0.180062828,0.146755626,14705.0,725.0
0.7201425209353415,0.0,0.209263423,0.11984836,14705.0,725.0
0.7095568921230614,0.0,0.188124347,0.110478198,14705.0,725.0
0.7035334776504594,0.0,0.183687403,0.12370874,14705.0,725.0
0.7010863440550352,0.0,0.188280234,0.17383352,14705.0,725.0
0.6999672300868817,0.0,0.195424797,0.236518202,14705.0,725.0
0.7048424711361744,0.0,0.203920881,0.271842829,14705.0,725.0
0.704463848268298,0.0,0.214757127,0.280230519,14705.0,725.0
0.7126525117099783,0.0,0.224990725,0.277636776,14705.0,725.0
0.7343046679648768,0.0,0.240494983,0.27058461,14705.0,725.0
0.7575486487927028,0.0,0.251089098,0.25363893,14705.0,725.0
0.7785836023836465,0.100556483,0.263716838,0.23003307,14705.0,725.0
0.7791445322537378,0.24417692,0.27655543,0.200242695,14705.0,725.0
0.7759942962830256,0.342814655,0.318837722,0.200451623,14705.0,725.0
0.7736492019383983,0.402408668,0.277690484,0.159121902,14705.0,725.0
0.7699617949576906,0.396599061,0.255167594,0.140623894,14705.0,725.0
0.769158735959719,0.384816078,0.245529913,0.13973466,14705.0,725.0
0.7729974975657523,0.288818648,0.223983387,0.156271135,14705.0,725.0
0.7813654385064617,0.154229309,0.216669151,0.190250515,14705.0,725.0
0.7879337857965789,0.005921938,0.209739123,0.210819286,14705.0,725.0
0.7897772049344667,0.0,0.206247015,0.210936713,14705.0,725.0
0.7855806454990687,0.0,0.201695227,0.193052091,14705.0,725.0
0.7802775606463543,0.0,0.197667771,0.18888476,14705.0,725.0
0.7633878629271502,0.0,0.193204572,0.183694854,14705.0,725.0
0.7437545706604156,0.0,0.191965255,0.173839003,14705.0,725.0
0.7278119033413357,0.0,0.202712247,0.144502207,14705.0,725.0
0.7188311610903566,0.0,0.186257649,0.115309254,14705.0,725.0
0.7145127795081191,0.0,0.17707419,0.098301911,14705.0,725.0
0.7147403082862869,0.0,0.1685087805,0.0938116755,14705.0,725.0
0.7151255806112856,0.0,0.15838921350000001,0.1031933765,14705.0,725.0
0.7154466998719656,0.0,0.152305891,0.093211766,14705.0,725.0
0.7225227329130843,0.0,0.149225058,0.098533558,14705.0,725.0
0.7421535643815652,0.0,0.145997215,0.111525165,14705.0,725.0
0.7604945229448705,0.097687025,0.152061495,0.13776271,14705.0,725.0
0.779860223594069,0.242054782,0.169977312,0.183829497,14705.0,725.0
0.7806969799125465,0.365267986,0.161827867,0.225318232,14705.0,725.0
0.7794444961465664,0.463532135,0.155687582,0.265507406,14705.0,725.0
0.7775100179465548,0.501235013,0.149097191,0.300392094,14705.0,725.0
0.7766736402124241,0.459755802,0.147026515,0.326078803,14705.0,725.0
0.7792112645792458,0.361897117,0.149033485,0.359597538,14705.0,725.0
0.7859384437426394,0.20470899,0.166122714,0.436307852,14705.0,725.0
0.7963162090382713,0.004912139,0.187942994,0.49311512,14705.0,725.0
0.8010988766880534,0.0,0.211111141,0.537696332,14705.0,725.0
0.8022097558253568,0.0,0.23088156,0.565854248,14705.0,725.0
0.798173826745985,0.0,0.261839306,0.600611084,14705.0,725.0
0.7908809849939603,0.0,0.292063239,0.627006602,14705.0,725.0
0.7741263138968572,0.0,0.319452025,0.644632641,14705.0,725.0
0.7538763868426879,0.0,0.324446848,0.650773606,14705.0,725.0
0.7429098632422451,0.0,0.34873978,0.68037961,14705.0,725.0
0.7322244198799628,0.0,0.370209165,0.703670676,14705.0,725.0
0.7261992777538486,0.0,0.3876815355,0.72144795,14705.0,725.0
0.7260491305392129,0.0,0.414546172,0.73869226,14705.0,725.0
0.7362973118804854,0.0,0.432213835,0.734692136,14705.0,725.0
0.7867223821600716,0.0,0.445273352,0.722295798,14705.0,725.0
0.8310141428839621,0.0,0.456880169,0.699457146,14705.0,725.0
0.8314290187237876,0.0,0.466199408,0.682148971,14705.0,725.0
0.8328388204398633,0.081197661,0.488935906,0.682222949,14705.0,725.0
0.8334045774674782,0.242259004,0.514859232,0.687541495,14705.0,725.0
0.8320442804181049,0.33756742,0.52374885,0.654036895,14705.0,725.0
0.828838482016937,0.384872598,0.572340746,0.670738076,14705.0,725.0
0.8280051333717859,0.416711231,0.604013762,0.678573582,14705.0,725.0
0.8280702565067175,0.376171247,0.618510866,0.688667862,14705.0,725.0
0.8280554900603716,0.26352949,0.609929456,0.706538942,14705.0,725.0
0.8299966887538462,0.112930386,0.603891583,0.723180388,14705.0,725.0
0.8301116007008432,0.002264631,0.595522052,0.710024628,14705.0,725.0
0.8295966737993504,0.0,0.60100232,0.698767348,14705.0,725.0
0.8230825170891898,0.0,0.620289858,0.692032023,14705.0,725.0
0.8170467501632096,0.0,0.639890599,0.696953672,14705.0,725.0
0.8051834588264504,0.0,0.645764572,0.708026142,14705.0,725.0
0.7740870318359281,0.0,0.580655075,0.687321335,14705.0,725.0
0.732525093721993,0.0,0.60484254,0.701190508,14705.0,725.0
0.7220890206380823,0.0,0.610029287,0.718599941,14705.0,725.0
0.7161396268609719,0.0,0.608468521,0.722216632,14705.0,725.0
0.7148165534754698,0.0,0.6145807985,0.7003955365000001,14705.0,725.0
0.7268279572395524,0.0,0.621601854,0.670016168,14705.0,725.0
0.7768773393012585,0.0,0.614047985,0.66355357,14705.0,725.0
0.8209269704830625,0.0,0.614236311,0.659452256,14705.0,725.0
0.8223043999238456,0.0,0.627723836,0.654231878,14705.0,725.0
0.8246857476546285,0.025530005,0.636460087,0.65086668,14705.0,725.0
0.8257091651095141,0.130574264,0.636224177,0.661225013,14705.0,725.0
0.8231680386303822,0.187102726,0.627267273,0.671330673,14705.0,725.0
0.8191131782626445,0.202053972,0.631682367,0.691806732,14705.0,725.0
0.8176338992774439,0.191200095,0.639736355,0.702692264,14705.0,725.0
0.8164919733242676,0.137187515,0.658151782,0.72505317,14705.0,725.0
0.8170869786850053,0.083294709,0.681006663,0.737851981,14705.0,725.0
0.8180232181886301,0.03141854,0.698589293,0.742279277,14705.0,725.0
0.8182376133207744,0.0,0.69916085,0.730946444,14705.0,725.0
0.8181196722847975,0.0,0.690125181,0.731653654,14705.0,725.0
0.8181198615769709,0.0,0.678531519,0.717275353,14705.0,725.0
0.8085094701838814,0.0,0.663510818,0.704672396,14705.0,725.0
0.8079985188322351,0.0,0.635054982,0.658263175,14705.0,725.0
0.7957074781310379,0.0,0.59065671,0.59085693,14705.0,725.0
0.7612319853703742,0.0,0.571761744,0.489653686,14705.0,725.0
0.719282479608511,0.0,0.533330354,0.433299305,14705.0,725.0
0.7044832525799942,0.0,0.508506254,0.450251084,14705.0,725.0
0.6933040851106653,0.0,0.491834828,0.464150441,14705.0,725.0
0.6914783190212158,0.0,0.484431873,0.507249871,14705.0,725.0
0.7047771114895777,0.0,0.480275111,0.547371754,14705.0,725.0
0.7583395914347553,0.0,0.462394524,0.570279284,14705.0,725.0
0.8072196917176896,0.0,0.443894987,0.573676549,14705.0,725.0
0.8173375323501153,0.0,0.434280103,0.567789388,14705.0,725.0
0.8171159432869713,0.008762686,0.429098059,0.57387882,14705.0,725.0
0.812870162916028,0.039670497,0.432726228,0.572351762,14705.0,725.0
0.8126206505649746,0.051534141,0.419096718,0.529666023,14705.0,725.0
0.8125030881133445,0.051091782,0.45374284,0.537812737,14705.0,725.0
0.81230355386653,0.053118079,0.488075985,0.562131064,14705.0,725.0
0.8120936077217686,0.069604922,0.519662911,0.592441527,14705.0,725.0
0.8113343742110928,0.052306804,0.526571045,0.60107867,14705.0,725.0
0.8108787019729512,0.031743308,0.524933161,0.599672102,14705.0,725.0
0.810753188421628,0.001160146,0.510212739,0.556563732,14705.0,725.0
0.811466040379359,0.0,0.488003667,0.555426819,14705.0,725.0
0.8106591006847307,0.0,0.46269547,0.606112406,14705.0,725.0
0.8014299822499444,0.0,0.458151552,0.667625527,14705.0,725.0
0.80283628185371,0.0,0.435726441,0.724400896,14705.0,725.0
0.7906593487113245,0.0,0.404030464,0.775066606,14705.0,725.0
0.7569122783287169,0.0,0.390940972,0.794524969,14705.0,725.0
0.7404352797964479,0.0,0.379339956,0.815091688,14705.0,725.0
0.7307889191625662,0.0,0.373314178,0.830892613,26559.0,1309.0
0.7271969253781755,0.0,0.364912228,0.834728322,26559.0,1309.0
0.724445331683048,0.0,0.369763753,0.82277253,26559.0,1309.0
0.722803434152692,0.0,0.383736136,0.772894027,26559.0,1309.0
0.7524950762910418,0.0,0.398256148,0.696190087,26559.0,1309.0
0.8215306845263929,0.0,0.410431564,0.668967754,26559.0,1309.0
0.8653401743552398,0.0,0.436745988,0.709489877,26559.0,1309.0
0.858252924613783,0.0,0.467514733,0.740833754,26559.0,1309.0
0.8523876801131597,0.018129502,0.482163674,0.76124578,26559.0,1309.0
0.8468584627709348,0.096621166,0.490563443,0.776607242,26559.0,1309.0
0.8460445188516863,0.132119093,0.503311059,0.733334747,26559.0,1309.0
0.8454975034060579,0.154396387,0.517867542,0.741376204,26559.0,1309.0
0.8450199656437604,0.155718369,0.528245566,0.74120427,26559.0,1309.0
0.8441071060016786,0.107545038,0.546711135,0.712538178,26559.0,1309.0
0.8429046951931269,0.059901615,0.565943287,0.678637242,26559.0,1309.0
0.8433483463427451,0.008589053,0.57667643,0.66236761,26559.0,1309.0
0.8472967188865094,0.0,0.592242523,0.687716559,26559.0,1309.0
0.8453180362006495,0.0,0.596605754,0.726684456,26559.0,1309.0
0.8432706338285642,0.0,0.599419216,0.757020582,26559.0,1309.0
0.8297371430891929,0.0,0.606629935,0.776087509,26559.0,1309.0
0.8210886425673513,0.0,0.619301251,0.782777972,26559.0,1309.0
0.8006099801527363,0.0,0.617370652,0.791210032,26559.0,1309.0
0.7636658668568391,0.0,0.602722363,0.800922987,26559.0,1309.0
0.727602051635558,0.0,0.602919995,0.816812974,26559.0,1309.0
0.719588501265093,0.0,0.583619596,0.816732898,26559.0,1309.0
0.7132496941378127,0.0,0.549817552,0.807436051,26559.0,1309.0
0.7136405273863857,0.0,0.518383094,0.768214833,26559.0,1309.0
0.7157211540556465,0.0,0.480260044,0.72486242,26559.0,1309.0
0.7425686295135641,0.0,0.453767785,0.681304022,26559.0,1309.0
0.8147036431792992,0.0,0.437706371,0.662965485,26559.0,1309.0
0.8637105820587702,0.0,0.416464801,0.65614206,26559.0,1309.0
0.8575522834509549,0.0,0.405311535,0.661264751,26559.0,1309.0
0.8522778794690494,0.003239923,0.390478694,0.670794714,26559.0,1309.0
0.8471643899885333,0.018251768,0.374069589,0.679546728,26559.0,1309.0
0.8469080627050329,0.031330372,0.353567447,0.696630375,26559.0,1309.0
0.8468373548296783,0.04270356,0.342992786,0.697822192,26559.0,1309.0
0.8464133917229135,0.046421979,0.337119441,0.6917645,26559.0,1309.0
0.8460287110912837,0.048354625,0.32500512,0.665564423,26559.0,1309.0
0.8457389702184346,0.048904213,0.318306529,0.635710702,26559.0,1309.0
0.8471235935902174,0.030014004,0.314702768,0.631551882,26559.0,1309.0
0.8522057516952916,0.0,0.318110819,0.61169841,26559.0,1309.0
0.8530398575091359,0.0,0.317768268,0.570835672,26559.0,1309.0
0.8511622676132059,0.0,0.32640198,0.535173131,26559.0,1309.0
0.8365547185850004,0.0,0.35299828,0.564035425,26559.0,1309.0
0.825775991874006,0.0,0.3703738,0.607758084,26559.0,1309.0
0.8125346083667537,0.0,0.384058182,0.642537603,26559.0,1309.0
0.7817725525387675,0.0,0.413450404,0.642740949,26559.0,1309.0
0.7427453517753559,0.0,0.385432212,0.671496696,26559.0,1309.0
0.7342522758676702,0.0,0.356518489,0.701858335,26559.0,1309.0
0.7283265460974656,0.0,0.325495048,0.701477879,26559.0,1309.0
0.7257310397462036,0.0,0.30845213,0.708115732,26559.0,1309.0
0.7269857956395731,0.0,0.2843351335,0.6695267555,26559.0,1309.0
0.7315958588571945,0.0,0.276517008,0.63117917,26559.0,1309.0
0.7480141710168383,0.0,0.292460792,0.611229678,26559.0,1309.0
0.7755685823272088,0.0,0.299205717,0.606881396,26559.0,1309.0
0.7897988811664493,0.020483182,0.318935057,0.60641526,26559.0,1309.0
0.8007501652972157,0.141372775,0.347753204,0.656617676,26559.0,1309.0
0.8022581247390191,0.191011954,0.363321364,0.659013569,26559.0,1309.0
0.8013818970674392,0.192130043,0.406784478,0.697548746,26559.0,1309.0
0.7994268788026914,0.150022743,0.44150266,0.72092786,26559.0,1309.0
0.7988966175783323,0.055690613,0.457537033,0.741830963,26559.0,1309.0
0.7987254800569635,0.018846711,0.476936483,0.768855439,26559.0,1309.0
0.8010235305331423,0.00581281,0.50443353,0.774370289,26559.0,1309.0
0.8073688692759186,0.0,0.520376158,0.805436728,26559.0,1309.0
0.8057409806090092,0.0,0.535991381,0.840613163,26559.0,1309.0
0.7955223317462227,0.0,0.5451038534999999,0.861730391,26559.0,1309.0
0.7780840098050198,0.0,0.548187316,0.867636061,26559.0,1309.0
0.7591126917361963,0.0,0.559384753,0.868586536,26559.0,1309.0
0.7368301287562878,0.0,0.552191177,0.874046156,26559.0,1309.0
0.7101842225395997,0.0,0.550758859,0.86597141,26559.0,1309.0
0.6993612445374711,0.0,0.557037528,0.871896115,26559.0,1309.0
0.6887294234644192,0.0,0.575253147,0.879170799,26559.0,1309.0
0.6848048331833936,0.0,0.6025666515,0.877534982,26559.0,1309.0
0.6896159685949621,0.0,0.636227628,0.859278941,26559.0,1309.0
0.6994018988631054,0.0,0.662352756,0.849863706,26559.0,1309.0
0.7197005738294897,0.0,0.681293308,0.84496594,26559.0,1309.0
0.7511508235137362,0.0,0.694714222,0.850240217,26559.0,1309.0
0.7709541651824974,0.004824935,0.703819785,0.861372534,26559.0,1309.0
0.7794828313324225,0.031558545,0.699939629,0.864224587,26559.0,1309.0
0.7827854628283107,0.057023395,0.660341123,0.866591729,26559.0,1309.0
0.7814766590489752,0.073424691,0.644811687,0.86286954,26559.0,1309.0
0.7807273171934239,0.076814406,0.623624283,0.859869838,26559.0,1309.0
0.7822169136375873,0.059448498,0.605858805,0.851434106,26559.0,1309.0
0.7826782182498497,0.026048404,0.592032198,0.846744095,26559.0,1309.0
0.7865059048140206,0.010143682,0.589585317,0.85004487,26559.0,1309.0
0.7963899455883997,0.0,0.575994979,0.846169117,26559.0,1309.0
0.8001423808508492,0.0,0.568687982,0.838941295,26559.0,1309.0
0.7972683503270761,0.0,0.560819099,0.837875972,26559.0,1309.0
0.790725086942268,0.0,0.54741109,0.829928535,26559.0,1309.0
0.7797017703051395,0.0,0.529063783,0.826172472,26559.0,1309.0
0.7602468090765672,0.0,0.504580471,0.836739893,26559.0,1309.0
0.7400466708344633,0.0,0.467793481,0.865572576,26559.0,1309.0
0.726277439681614,0.0,0.470674674,0.875912669,26559.0,1309.0
0.7173682577420788,0.0,0.45786422,0.883258216,26559.0,1309.0
0.7109777446499446,0.0,0.43102067600000005,0.8813633795,26559.0,1309.0
0.710830247732839,0.0,0.407706303,0.881664721,26559.0,1309.0
0.7385363922528819,0.0,0.40924255,0.883148871,26559.0,1309.0
0.8105307477508071,0.0,0.406036223,0.872949521,26559.0,1309.0
0.8617891666755444,0.0,0.405976886,0.861756145,26559.0,1309.0
0.8565968289278071,0.0,0.404226977,0.856039549,26559.0,1309.0
0.8514146197610657,0.005120737,0.393952091,0.854378821,26559.0,1309.0
0.8436254033973613,0.060568401,0.375833833,0.846738877,26559.0,1309.0
0.8434158358369466,0.104839812,0.347347708,0.822297241,26559.0,1309.0
0.8423870229338113,0.139387052,0.349442993,0.804864976,26559.0,1309.0
0.8414109339069437,0.145109985,0.345726065,0.793438672,26559.0,1309.0
0.8412380923418086,0.126440705,0.346582871,0.800720419,26559.0,1309.0
0.8405481472222902,0.08442271,0.345094294,0.777353061,26559.0,1309.0
0.8420122811767978,0.026310907,0.338872541,0.711960347,26559.0,1309.0
0.8470911264617352,0.0,0.330311176,0.647177263,26559.0,1309.0
0.8472225088988445,0.0,0.323249577,0.595390965,26559.0,1309.0
0.8457665149219972,0.0,0.313120788,0.561621706,26559.0,1309.0
0.833134903221829,0.0,0.299621229,0.554498501,26559.0,1309.0
0.8228281299469148,0.0,0.296726409,0.520648506,26559.0,1309.0
0.8058244671557866,0.0,0.295219496,0.487608859,26559.0,1309.0
0.7701804970045362,0.0,0.275107355,0.431488237,26559.0,1309.0
0.7332065198652982,0.0,0.274866583,0.459460509,26559.0,1309.0
0.720270921502963,0.0,0.2807266685,0.487691773,26559.0,1309.0
0.7157150724750441,0.0,0.277883287,0.5032261954999999,26559.0,1309.0
0.7422877862012749,0.0,0.275216301,0.518882988,26559.0,1309.0
0.8131474092628174,0.0,0.271030259,0.497560293,26559.0,1309.0
0.8628575453707659,0.0,0.268977694,0.466999971,26559.0,1309.0
0.8576902915283376,0.0,0.266665985,0.43393079,26559.0,1309.0
0.8521207508111274,0.003457926,0.255233641,0.379598577,26559.0,1309.0
0.8455108499540007,0.04138236,0.238763579,0.324330567,26559.0,1309.0
0.8421993208975528,0.074020592,0.237172678,0.247928421,26559.0,1309.0
0.8417566162088014,0.098965889,0.223478947,0.193653812,26559.0,1309.0
0.8416789041088265,0.095343363,0.20552571,0.144622613,26559.0,1309.0
0.841467821796819,0.077481208,0.189652834,0.12106342,26559.0,1309.0
0.8410528511038036,0.053956773,0.191353074,0.110971121,26559.0,1309.0
0.8418002524039235,0.020028764,0.193698876,0.1014561,26559.0,1309.0
0.8464865608107278,0.0,0.203323825,0.101271402,26559.0,1309.0
0.8469741323008314,0.0,0.208105274,0.107103415,26559.0,1309.0
0.8457298833657012,0.0,0.213046962,0.136678359,26559.0,1309.0
0.8315011460833395,0.0,0.215282291,0.171029285,26559.0,1309.0
0.8222938931727093,0.0,0.217528381,0.185627412,26559.0,1309.0
0.8056050551597392,0.0,0.213232308,0.188331377,26559.0,1309.0
0.766141113032346,0.0,0.207210403,0.193846979,26559.0,1309.0
0.7271982504233889,0.0,0.198583211,0.185239641,26559.0,1309.0
0.717220500082253,0.0,0.192673502,0.1854225,26559.0,1309.0
0.710153128090029,0.0,0.180720608,0.197088341,26559.0,1309.0
0.708908287668633,0.0,0.163948786,0.2108004675,26559.0,1309.0
0.7349618150052643,0.0,0.154630427,0.234885546,26559.0,1309.0
0.8081464653700283,0.0,0.154423778,0.248259671,26559.0,1309.0
0.8585092523114894,0.0,0.160038149,0.240764056,26559.0,1309.0
0.8522744717957229,0.0,0.172769134,0.261879581,26559.0,1309.0
0.846703322302142,0.004360231,0.180144105,0.299530162,26559.0,1309.0
0.8421480173338944,0.074312815,0.188717019,0.312714134,26559.0,1309.0
0.8383924585434814,0.129233708,0.210327946,0.315320807,26559.0,1309.0
0.8352154354521062,0.152802057,0.213648349,0.305198847,26559.0,1309.0
0.8329851582012859,0.140777418,0.222462893,0.299703496,26559.0,1309.0
0.8326938077236541,0.107996226,0.236004511,0.31229462,26559.0,1309.0
0.8343338123322765,0.054771404,0.250244774,0.332178378,26559.0,1309.0
0.8375305238807111,0.010177002,0.265060161,0.35690094,26559.0,1309.0
0.8437704161135703,0.0,0.285346979,0.37407424,26559.0,1309.0
0.8452566993233911,0.0,0.306557152,0.384308089,26559.0,1309.0
0.8441550018920105,0.0,0.334260678,0.403276391,26559.0,1309.0
0.8303847770588025,0.0,0.363702602,0.419419424,26559.0,1309.0
0.8210528626187323,0.0,0.388486926,0.434578544,26559.0,1309.0
0.8010205018583686,0.0,0.407097803,0.433298885,26559.0,1309.0
0.7640192637467248,0.0,0.407670036,0.392486898,26559.0,1309.0
0.7280487790936478,0.0,0.411156473,0.455345739,26559.0,1309.0
0.716090547791005,0.0,0.4121179545,0.44620586,26559.0,1309.0
0.7104669591878288,0.0,0.40774173550000004,0.42018000899999997,26559.0,1309.0
0.7348633731341736,0.0,0.400322869,0.448448149,26559.0,1309.0
0.8076522682396513,0.0,0.398812718,0.474965776,26559.0,1309.0
0.8586939256729742,0.0,0.400343188,0.519092462,26559.0,1309.0
0.8517246169674944,0.0,0.397428894,0.540595757,26559.0,1309.0
0.846703322302142,0.001583295,0.388230708,0.54679615,26559.0,1309.0
0.842321237483376,0.034692777,0.37072282,0.542836798,26559.0,1309.0
0.8422496775861383,0.077715511,0.347626423,0.528798225,26559.0,1309.0
0.8422613205045207,0.091717825,0.327044934,0.512626069,26559.0,1309.0
0.8417837823280173,0.087288815,0.308279759,0.493777933,26559.0,1309.0
0.841467821796819,0.062443029,0.287885307,0.469831993,26559.0,1309.0
0.8408231220629994,0.039438006,0.269811808,0.452279756,26559.0,1309.0
0.8419433717841932,0.00684622,0.254246454,0.44604701,26559.0,1309.0
0.8469989320607774,0.0,0.239199051,0.430630003,26559.0,1309.0
0.8464016547797533,0.0,0.22099483,0.410569173,26559.0,1309.0
0.8442238168456315,0.0,0.205918514,0.402204391,26559.0,1309.0
0.8300686272354307,0.0,0.196128126,0.395488655,26559.0,1309.0
0.820760187095887,0.0,0.186563707,0.383950961,26559.0,1309.0
0.7998675957165193,0.0,0.174229287,0.361160779,26559.0,1309.0
0.7636658668568391,0.0,0.164487159,0.311918559,26559.0,1309.0
0.7271982504233889,0.0,0.155767192,0.29681088,26559.0,1309.0
0.7185385804207011,0.0,0.155627187,0.292718157,26559.0,1309.0
0.713002358853856,0.0,0.14596967,0.271957483,26559.0,1309.0
0.7132117373292003,0.0,0.135548279,0.2780178165,26559.0,1309.0
0.7416687854687762,0.0,0.132145496,0.300088308,26559.0,1309.0
0.8124441175953562,0.0,0.13455336,0.306757618,26559.0,1309.0
0.8626794032105709,0.0,0.136431674,0.320596999,26559.0,1309.0
0.8581408524635925,0.0,0.142734117,0.336517342,26559.0,1309.0
0.8522388811392774,0.002376415,0.146299641,0.334236179,26559.0,1309.0
0.8468584627709348,0.051048269,0.151955238,0.332289853,26559.0,1309.0
0.8453190775147058,0.093489362,0.14595509,0.288976415,26559.0,1309.0
0.8416105625927418,0.119072231,0.161059499,0.266820742,26559.0,1309.0
0.8417809429454169,0.143818025,0.175378257,0.228465267,26559.0,1309.0
0.8412380923418086,0.141713686,0.176710163,0.185537305,26559.0,1309.0
0.8411785539473001,0.09962502,0.186259317,0.159054892,26559.0,1309.0
0.8416698168418871,0.018562683,0.198648544,0.157229216,26559.0,1309.0
0.8488362934349117,0.0,0.224213962,0.168322776,26559.0,1309.0
0.85088454782888,0.0,0.251714473,0.169041579,26559.0,1309.0
0.8495133654440237,0.0,0.276764027,0.166685192,26559.0,1309.0
0.8346590490083815,0.0,0.295291911,0.171994808,26559.0,1309.0
0.8234768052305809,0.0,0.314463494,0.19366401,26559.0,1309.0
0.8065413891023476,0.0,0.34676246,0.246112252,26559.0,1309.0
0.771445522930274,0.0,0.385759359,0.294100482,26559.0,1309.0
0.7229106319258671,0.0,0.419654314,0.370657458,26559.0,1309.0
0.7115193408304743,0.0,0.445055407,0.42154221,26559.0,1309.0
0.7022702502074716,0.0,0.467133863,0.418734627,26559.0,1309.0
0.6977059060201886,0.0,0.49938969,0.445726973,26559.0,1309.0
0.6965222363794175,0.0,0.534365643,0.511095817,26559.0,1309.0
0.6997598395935638,0.0,0.56736135,0.586686465,26559.0,1309.0
0.70922881565015,0.0,0.605743095,0.651167698,26559.0,1309.0
0.7284526275253088,0.0,0.640072593,0.686016494,26559.0,1309.0
0.7594435607864222,0.0,0.676663771,0.711384882,26559.0,1309.0
0.7753818739713088,0.001386193,0.704641744,0.742534375,26559.0,1309.0
0.78093702682652,0.056785922,0.73536684,0.779749537,26559.0,1309.0
0.782953760967079,0.121119834,0.751616202,0.814773091,26559.0,1309.0
0.7816606696807502,0.147090251,0.78364962,0.848196539,26559.0,1309.0
0.7807465322129468,0.126741961,0.805695223,0.867665218,26559.0,1309.0
0.7805763887861428,0.077760542,0.816767561,0.886998218,26559.0,1309.0
0.7805921016933556,0.028388323,0.820069381,0.896098637,26559.0,1309.0
0.7855558929586144,0.002005333,0.837160371,0.897263866,26559.0,1309.0
0.7956857074600716,0.0,0.840059268,0.900331415,26559.0,1309.0
0.7984111287163417,0.0,0.819391991,0.901902014,26559.0,1309.0
0.7965027753214897,0.0,0.788581977,0.89295103,26559.0,1309.0
0.783388608995121,0.0,0.7430740995,0.8584879354999999,26559.0,1309.0
0.7591126917361963,0.0,0.705002572,0.828130259,26559.0,1309.0
0.7366205611958732,0.0,0.698172156,0.791562612,26559.0,1309.0
0.7131592982196048,0.0,0.709228695,0.775847926,26559.0,1309.0
0.7039000790156065,0.0,0.71524512,0.763583602,26559.0,1309.0
0.6919326902380958,0.0,0.7222988965,0.7562016465000001,26559.0,1309.0
0.6927823668864714,0.0,0.7160222885,0.7782281695,26559.0,1309.0
0.7133613643010137,0.0,0.6988144355,0.768304265,26559.0,1309.0
0.7527179903993991,0.0,0.688425903,0.744030573,26559.0,1309.0
0.7717974527022646,0.0,0.67443637,0.732490045,26559.0,1309.0
0.7802598599642182,0.010743119,0.667019527,0.73604372,26559.0,1309.0
0.7827854628283107,0.020513443,0.690403756,0.732920928,26559.0,1309.0
0.7812934528053854,0.032267418,0.700284339,0.730167388,26559.0,1309.0
0.7803772331236748,0.030263547,0.699368617,0.711308435,26559.0,1309.0
0.7798044714572337,0.03302047,0.693282948,0.68462862,26559.0,1309.0
0.7797884275993721,0.017157911,0.683722416,0.679240016,26559.0,1309.0
0.7841593901567838,0.004355662,0.676635486,0.693845423,26559.0,1309.0
0.7934232472261323,0.0,0.667732995,0.69141814,26559.0,1309.0
0.7959261329583919,0.0,0.653827152,0.692771193,26559.0,1309.0
0.7908930537161815,0.0,0.6397878435,0.682273489,26559.0,1309.0
0.7767824943956676,0.0,0.618661636,0.666499537,26559.0,1309.0
0.759298264339056,0.0,0.602519374,0.664275612,26559.0,1309.0
0.7368111974679219,0.0,0.617310295,0.648440938,26559.0,1309.0
0.7248779082050096,0.0,0.602713296,0.626314413,26559.0,1309.0
0.7164937337000592,0.0,0.603681895,0.613569092,26559.0,1309.0
0.7100807165851142,0.0,0.593326469,0.598047986,26559.0,1309.0
0.7088202817194409,0.0,0.575316594,0.597754782,26559.0,1309.0
0.7087133204579309,0.0,0.556805307,0.593239573,26559.0,1309.0
0.7344236971201958,0.0,0.550215182,0.58878905,26559.0,1309.0
0.8076327690747652,0.0,0.541537501,0.584092817,26559.0,1309.0
0.8583581818315267,0.0,0.542228717,0.596140851,26559.0,1309.0
0.8518080086610821,0.0,0.530277716,0.614534606,26559.0,1309.0
0.8474334963576623,0.0,0.522994692,0.623478877,26559.0,1309.0
0.842321237483376,0.015898521,0.504369759,0.624279359,26559.0,1309.0
0.8422496775861383,0.04314136,0.420536072,0.528288633,26559.0,1309.0
0.8410990433645753,0.072330647,0.402584916,0.521639209,26559.0,1309.0
0.840583358880183,0.085611764,0.386386052,0.495795878,26559.0,1309.0
0.8402673983489845,0.088915358,0.36736109,0.461345901,26559.0,1309.0
0.8407798644522237,0.069562359,0.341612905,0.438584203,26559.0,1309.0
0.8419433717841932,0.010699467,0.308948077,0.417039132,26559.0,1309.0
0.8465459099130629,0.0,0.284823558,0.404116583,26559.0,1309.0
0.8468097152729259,0.0,0.261918455,0.383438669,26559.0,1309.0
0.8458285145289653,0.0,0.245000056,0.373850952,26559.0,1309.0
0.8301913009899475,0.0,0.234836923,0.383305256,26559.0,1309.0
0.8209059569807897,0.0,0.226791925,0.400500357,26559.0,1309.0
0.8009858576627898,0.0,0.219071954,0.427985582,26559.0,1309.0
0.767435624217078,0.0,0.167495718,0.324916641,26559.0,1309.0
0.728571893606499,0.0,0.176912036,0.32017959,26559.0,1309.0
0.7157412685236475,0.0,0.17707877100000002,0.326907446,26559.0,1309.0
0.7112161113370006,0.0,0.176126334,0.347849055,26559.0,1309.0
0.7115470276067184,0.0,0.185019302,0.380011576,26559.0,1309.0
0.7385929959973941,0.0,0.18972156,0.38898252,26559.0,1309.0
0.8105510040843866,0.0,0.192960155,0.37865077,26559.0,1309.0
0.8617468555256357,0.0,0.192785724,0.361928722,26559.0,1309.0
0.8556011458828637,0.0,0.193440694,0.345822067,26559.0,1309.0
0.8514146197610657,0.0,0.186827421,0.330726789,26559.0,1309.0
0.8448318846089491,0.028177418,0.184438772,0.323469434,26559.0,1309.0
0.8434708308050884,0.069966894,0.160618618,0.271684676,26559.0,1309.0
0.841604883413335,0.093485711,0.155475096,0.274811194,26559.0,1309.0
0.8410931744787891,0.098687471,0.148382277,0.301799303,26559.0,1309.0
0.8425298585829238,0.087762502,0.1392388,0.327702452,26559.0,1309.0
0.8433102000348562,0.037294751,0.141789453,0.361039642,26559.0,1309.0
0.845700729471562,0.003457013,0.133859181,0.377744131,26559.0,1309.0
0.8504479957570719,0.0,0.128526202,0.394266856,26559.0,1309.0
0.8516957468045121,0.0,0.126738238,0.414527453,26559.0,1309.0
0.849297929412029,0.0,0.131493945,0.446346548,26559.0,1309.0
0.8345579570468638,0.0,0.134985394,0.46909065,26559.0,1309.0
0.8232240744983744,0.0,0.143219905,0.488992524,26559.0,1309.0
0.8068146598992906,0.0,0.150183649,0.499596695,26559.0,1309.0
0.7726399354196406,0.0,0.14168739,0.482109381,26559.0,1309.0
0.7341765511284125,0.0,0.161466617,0.528278588,26559.0,1309.0
0.7243480255649974,0.0,0.175169541,0.590255164,26559.0,1309.0
0.7173993994111414,0.0,0.188054205,0.66844013,26559.0,1309.0
0.7175509431215374,0.0,0.19173120100000002,0.7573814999999999,26559.0,1309.0
0.7466721901598191,0.0,0.20368967,0.820901876,26559.0,1309.0
0.8172548978252209,0.0,0.221141718,0.841923059,26559.0,1309.0
0.8649500038363765,0.0,0.236351027,0.848232948,26559.0,1309.0
0.8596523144319119,0.0,0.24842695,0.856947217,26559.0,1309.0
0.8523933592925665,0.0,0.258121151,0.860925019,26559.0,1309.0
0.8475839041079151,0.026170372,0.271559592,0.85933042,26559.0,1309.0
0.8478642743968741,0.042739717,0.259321349,0.842601137,26559.0,1309.0
0.8467835904677663,0.047746834,0.29153061,0.859584772,26559.0,1309.0
0.8465708989651823,0.035011768,0.320366746,0.861973974,26559.0,1309.0
0.8444172929144866,0.018927516,0.339637802,0.870484594,26559.0,1309.0
0.8432909850153334,0.010083902,0.365688119,0.881695683,26559.0,1309.0
0.8430874752186722,0.001634997,0.395348058,0.884469272,26559.0,1309.0
0.8480852007303082,0.0,0.425019358,0.897397323,26559.0,1309.0
0.847609650328728,0.0,0.443429934,0.90216618,26559.0,1309.0
0.8457298833657012,0.0,0.456352459,0.904939919,26559.0,1309.0
0.8309572545798807,0.0,0.460090931,0.899370786,26559.0,1309.0
0.8206965787125484,0.0,0.474328356,0.893036257,26559.0,1309.0
0.7986989766674574,0.0,0.480535857,0.885955261,26559.0,1309.0
0.758300687958173,0.0,0.452818887,0.863458331,26559.0,1309.0
0.7243597157028717,0.0,0.461127615,0.869075913,26559.0,1309.0
0.7138670384602429,0.0,0.468256247,0.879854196,26559.0,1309.0
0.7069273570864387,0.0,0.473360082,0.890890006,26559.0,1309.0
0.7057586670010358,0.0,0.45699918500000003,0.9028320974999999,26559.0,1309.0
0.7316298403230636,0.0,0.434635357,0.906379502,26559.0,1309.0
0.7998033241892648,0.0,0.423469153,0.910058798,26559.0,1309.0
0.8543126924618852,0.0,0.413631873,0.913439097,26559.0,1309.0
0.8478180821361023,0.0,0.411210385,0.9151243,26559.0,1309.0
0.8430772521986928,0.0,0.408354815,0.916278251,26559.0,1309.0
0.8369315429701268,0.014199928,0.406720726,0.915666528,26559.0,1309.0
0.835090489777303,0.057027844,0.374152851,0.914506316,26559.0,1309.0
0.832873464221236,0.083232439,0.381812907,0.912890057,26559.0,1309.0
0.8311304747293622,0.055767356,0.380190308,0.910332152,26559.0,1309.0
0.8299121613072185,0.053382719,0.373715843,0.903848718,26559.0,1309.0
0.8322521443489592,0.044115402,0.376859443,0.887959813,26559.0,1309.0
0.8363442041495129,0.007964104,0.373778673,0.8760922,26559.0,1309.0
0.841725380100755,0.0,0.377682838,0.874843101,26559.0,1309.0
0.8419164898103402,0.0,0.38242015,0.864505249,26559.0,1309.0
0.8404060691560772,0.0,0.401278616,0.851663996,26559.0,1309.0
0.8275225787455855,0.0,0.416198625,0.835775609,26559.0,1309.0
0.8186762476064895,0.0,0.431573282,0.81698277,26559.0,1309.0
0.7958996291546794,0.0,0.44955136,0.807088404,26559.0,1309.0
0.7585741956809872,0.0,0.478126299,0.813141637,26559.0,1309.0
0.7243597157028717,0.0,0.504860886,0.84306805,26559.0,1309.0
0.7158665453562023,0.0,0.507102248,0.872771716,26559.0,1309.0
0.7084699135043289,0.0,0.4852278505,0.881610773,26559.0,1309.0
0.7084838279287918,0.0,0.457346831,0.868707533,26559.0,1309.0
0.7343981874110481,0.0,0.452106034,0.882502661,26559.0,1309.0
0.8076522682396513,0.0,0.441567109,0.88427592,26559.0,1309.0
0.8586939256729742,0.0,0.436070453,0.896081575,26559.0,1309.0
0.851656748888946,0.0,0.436356003,0.910620902,26559.0,1309.0
0.8473968643871603,0.0,0.444019805,0.908357024,26559.0,1309.0
0.842321237483376,0.045424284,0.455458442,0.910097374,26559.0,1309.0
0.8423545562195353,0.096526472,0.456206936,0.912055479,26559.0,1309.0
0.8410990433645753,0.111280974,0.458078615,0.912702411,26559.0,1309.0
0.840583358880183,0.124624758,0.442440797,0.901539701,26559.0,1309.0
0.8403055446568733,0.086426049,0.429632707,0.855926815,26559.0,1309.0
0.8409479728846128,0.057280419,0.418534909,0.844352338,26559.0,1309.0
0.8420122811767978,0.005591947,0.409965656,0.87693081,26559.0,1309.0
0.847601983374398,0.0,0.406118465,0.888686487,26559.0,1309.0
0.8478248026295656,0.0,0.393368333,0.896208585,26559.0,1309.0
0.8412508235866365,0.0,0.3792961885,0.8906465415,26559.0,1309.0
0.8229296953459689,0.0,0.367787085,0.872008822,26559.0,1309.0
0.8072073864838032,0.0,0.355530976,0.862710038,26559.0,1309.0
0.7713409284422401,0.0,0.340678511,0.856919423,26559.0,1309.0
0.7238072580037079,0.0,0.334041925,0.840573863,26559.0,1309.0
0.7134725138071865,0.0,0.328029346,0.804850228,26559.0,1309.0
0.702794500887569,0.0,0.323443101,0.752577533,26559.0,1309.0
0.6997454045120726,0.0,0.312841246,0.67891094,26559.0,1309.0
0.701087006784745,0.0,0.306657599,0.611306211,26559.0,1309.0
0.7113481326869708,0.0,0.297853618,0.5511340175,26559.0,1309.0
0.7340504701147753,0.0,0.28560637,0.47259522,26559.0,1309.0
0.7701565016327754,0.0,0.272490174,0.388966984,26559.0,1309.0
0.7876872549008074,0.0,0.255738324,0.31129209,26559.0,1309.0
0.7992086025596842,0.036085513,0.241943577,0.283528334,26559.0,1309.0
0.8005972963345033,0.092187108,0.215686781,0.228278743,26559.0,1309.0
0.7998626732916,0.126720002,0.194601201,0.182743296,26559.0,1309.0
0.7981361538756325,0.119189713,0.180215161,0.148842894,26559.0,1309.0
0.7974631518553508,0.107341352,0.162034704,0.117341743,26559.0,1309.0
0.7977298914510038,0.061025117,0.140661951,0.09121425,26559.0,1309.0
0.8033338866574135,0.005184727,0.11113913,0.073025127,26559.0,1309.0
0.8166209889879009,0.0,0.091889033,0.063278861,26559.0,1309.0
0.8204536920017685,0.0,0.08467422,0.05414223,26559.0,1309.0
0.8198405125213583,0.0,0.090474611,0.052627444,26559.0,1309.0
0.813267148781544,0.0,0.096849732,0.056868636,26559.0,1309.0
0.8030904320701137,0.0,0.100000284,0.051313364,26559.0,1309.0
0.7820656066459595,0.0,0.094638492,0.044772057,26559.0,1309.0
0.7599752419091845,0.0,0.095181684,0.05305642,26559.0,1309.0
0.7439960370585862,0.0,0.089248975,0.048243597,26559.0,1309.0
0.7342522758676702,0.0,0.091410297,0.050035441,26559.0,1309.0
0.7281118668199583,0.0,0.101601902,0.062979911,26559.0,1309.0
0.7251809484063098,0.0,0.1228543175,0.07747167799999999,26559.0,1309.0
0.7281821016719825,0.0,0.144419199,0.084557855,26559.0,1309.0
0.7315958588571945,0.0,0.163581082,0.104794869,26559.0,1309.0
0.7502591198608147,0.0,0.166569873,0.122250062,26559.0,1309.0
0.7792187422414025,0.0,0.168449472,0.141593228,26559.0,1309.0
0.7978384614888843,0.0,0.175605681,0.158122842,26559.0,1309.0
0.8078901380865279,0.051309215,0.173750747,0.16771365,26559.0,1309.0
0.8068024495185939,0.163087781,0.177538139,0.187306791,26559.0,1309.0
0.8039525560250571,0.211294654,0.176146351,0.2026562,26559.0,1309.0
0.8018483602020801,0.22251039,0.171870397,0.209117867,26559.0,1309.0
0.8015180122230885,0.177097551,0.165009465,0.201412833,26559.0,1309.0
0.802782233346435,0.086178073,0.162634032,0.194228163,26559.0,1309.0
0.8089454543791696,0.005050594,0.156706734,0.178149813,26559.0,1309.0
0.8235797909422443,0.0,0.149757585,0.169968471,26559.0,1309.0
0.8305517497381514,0.0,0.142139261,0.165051449,26559.0,1309.0
0.8311378579525353,0.0,0.135162261,0.1703553,26559.0,1309.0
0.8228965659019831,0.0,0.126789981,0.192569118,26559.0,1309.0
0.8106305146671114,0.0,0.126451621,0.213327437,26559.0,1309.0
0.7872989300841859,0.0,0.126873083,0.224712608,26559.0,1309.0
0.7665428316164022,0.0,0.145510877,0.278489126,26559.0,1309.0
0.7680392906267104,0.0,0.146926878,0.300940924,26559.0,1309.0
0.7555435099368284,0.0,0.1472209215,0.32511745999999997,26559.0,1309.0
0.7523766622317347,0.0,0.15146673700000002,0.3435854965,26559.0,1309.0
0.7826679007908868,0.0,0.156989395,0.338687253,26559.0,1309.0
0.8544697262666177,0.0,0.153249454,0.330246407,26559.0,1309.0
0.8861583668689754,0.0,0.150444415,0.338394616,26559.0,1309.0
0.8692780401478676,0.0,0.152750772,0.344090417,26559.0,1309.0
0.8642968795653274,0.0,0.157568541,0.337599016,26559.0,1309.0
0.8654642680081597,0.063645651,0.160331889,0.342907408,26559.0,1309.0
0.8615660628608076,0.228245724,0.183319904,0.369863807,26559.0,1309.0
0.8605210644413351,0.304992095,0.177719097,0.356154373,26559.0,1309.0
0.8586687473286815,0.307624712,0.176189753,0.337640811,26559.0,1309.0
0.8580280227305023,0.244065607,0.175818838,0.330322842,26559.0,1309.0
0.8595048409174492,0.129847824,0.175488082,0.332309007,26559.0,1309.0
0.8615692812419607,0.005793141,0.183873939,0.353792624,26559.0,1309.0
0.8672398194817054,0.0,0.185361087,0.36404959,26559.0,1309.0
0.8685560064842137,0.0,0.1956583,0.378735843,26559.0,1309.0
0.8677281481405023,0.0,0.204613125,0.379716286,26559.0,1309.0
0.8553864666053564,0.0,0.215036463,0.381757898,26559.0,1309.0
0.8442528758865812,0.0,0.216092974,0.368653502,26559.0,1309.0
0.8300176078171355,0.0,0.220225808,0.354897256,26559.0,1309.0
0.8011117497984598,0.0,0.22556098,0.271031321,26559.0,1309.0
0.7715459525762879,0.0,0.21654203,0.222843816,26559.0,1309.0
0.7596289440971087,0.0,0.19789076,0.1900154935,26559.0,1309.0
0.7571090912416607,0.0,0.1952721955,0.203780008,26559.0,1309.0
0.7853371909117688,0.0,0.194477456,0.228408143,26559.0,1309.0
0.8593574618419701,0.0,0.193372074,0.240063496,26559.0,1309.0
0.8900326238640586,0.0,0.19070739,0.246625595,26559.0,1309.0
0.8719489394593262,0.0,0.192932771,0.250589487,26559.0,1309.0
0.8674338634270803,0.0,0.204864373,0.26975579,26559.0,1309.0
0.8712182923804755,0.058402918,0.200655648,0.29425538,26559.0,1309.0
0.8688007861167271,0.231024903,0.206472332,0.29480984,26559.0,1309.0
0.863814608670284,0.293068834,0.191018859,0.287898676,26559.0,1309.0
0.8636077860534862,0.291588606,0.18072276,0.308960257,26559.0,1309.0
0.8629817334626694,0.261886742,0.183385882,0.37483839,26559.0,1309.0
0.8647056027882098,0.139228072,0.196177818,0.437289618,26559.0,1309.0
0.8692074271257026,0.004896132,0.210739976,0.462314659,26559.0,1309.0
0.876470547107068,0.0,0.23149879,0.443604262,26559.0,1309.0
0.8777465055877807,0.0,0.25940777,0.406711423,26559.0,1309.0
0.8762562464139074,0.0,0.286139833,0.350842388,26559.0,1309.0
0.8633579899712758,0.0,0.302514003,0.278315789,26559.0,1309.0
0.8500701304720949,0.0,0.318095692,0.219625301,26559.0,1309.0
0.833946386342824,0.0,0.327912505,0.177958482,26559.0,1309.0
0.801153019634312,0.0,0.35905757,0.140734787,26559.0,1309.0
0.7694330484849244,0.0,0.370494709,0.107053668,26559.0,1309.0
0.7598311756538422,0.0,0.370814894,0.107130015,26559.0,1309.0
0.7543356562534322,0.0,0.3603580885,0.1151695535,26559.0,1309.0
0.7539337481700996,0.0,0.356859682,0.134572471,26559.0,1309.0
0.782352886306349,0.0,0.356838353,0.142223619,26559.0,1309.0
0.8541104132714541,0.0,0.350297924,0.142136891,26559.0,1309.0
0.8850534510564416,0.0,0.344590848,0.147166974,26559.0,1309.0
0.8670470057283539,0.0,0.338434383,0.144829366,26559.0,1309.0
0.8613014058932675,0.0,0.333163921,0.137106643,26559.0,1309.0
0.8622123721994098,0.025570233,0.322558687,0.130222264,26559.0,1309.0
0.8608584170591531,0.142376268,0.319539706,0.129321768,26559.0,1309.0
0.8588926078979057,0.219583135,0.304742456,0.126848378,26559.0,1309.0
0.8577451916432898,0.219052534,0.28367079,0.122146616,26559.0,1309.0
0.8572974705048414,0.173767807,0.264075404,0.114842813,26559.0,1309.0
0.8587479741802493,0.090180937,0.239676538,0.110663079,26559.0,1309.0
0.8615692812419607,0.002995599,0.215198873,0.107377545,26559.0,1309.0
0.8667902994463008,0.0,0.19609931,0.105369593,26559.0,1309.0
0.8685339516678844,0.0,0.182956748,0.106977161,26559.0,1309.0
0.8663139922902332,0.0,0.173848193,0.111937197,26559.0,1309.0
0.8544299711823583,0.0,0.167620094,0.116876939,26559.0,1309.0
0.8424696574587055,0.0,0.159618961,0.114715481,26559.0,1309.0
0.8293364654049872,0.0,0.154078825,0.108503809,26559.0,1309.0
0.7989623085897838,0.0,0.164264759,0.109408541,26559.0,1309.0
0.7717880817041682,0.0,0.160690711,0.105705136,26559.0,1309.0
0.7612517682664172,0.0,0.1580256175,0.1006487175,26559.0,1309.0
0.7609418657060752,0.0,0.160688031,0.09124847,26559.0,1309.0
0.7874555848903657,0.0,0.155319876,0.086962498,26559.0,1309.0
0.85934032945056,0.0,0.151079292,0.088956531,26559.0,1309.0
0.8921879339585205,0.0,0.14608442,0.090565755,26559.0,1309.0
0.8752634031657702,0.0,0.143145295,0.090389686,26559.0,1309.0
0.870651872623151,0.0,0.142119902,0.09168177,26559.0,1309.0
0.8721207397104046,0.045872996,0.138618083,0.095158613,26559.0,1309.0
0.8690646863297797,0.244555987,0.156412539,0.098628431,26559.0,1309.0
0.8655829662128299,0.321751857,0.145501572,0.108725228,26559.0,1309.0
0.8635314934377083,0.333271761,0.136489634,0.11098752,26559.0,1309.0
0.8636691229307444,0.273666963,0.133741023,0.10943476,26559.0,1309.0
0.868438065448237,0.135895517,0.138734384,0.110058888,26559.0,1309.0
0.8734788592784752,0.003941957,0.140513601,0.119702223,26559.0,1309.0
0.87876878687542,0.0,0.138090449,0.138475161,26559.0,1309.0
0.8794788936824312,0.0,0.13713940000000002,0.17384012599999998,26559.0,1309.0
0.8661665183615644,0.0,0.142137825,0.2097251,26559.0,1309.0
0.8545899392228807,0.0,0.147809065,0.2192614,26559.0,1309.0
0.840786017069167,0.0,0.158470151,0.228906802,26559.0,1309.0
0.8132664860518343,0.0,0.178359466,0.23831153,26559.0,1309.0
0.7766212481152173,0.0,0.193963276,0.236737078,26559.0,1309.0
0.7680692493232412,0.0,0.20594222,0.249929689,26559.0,1309.0
0.7630807055175279,0.0,0.214457983,0.274084063,26559.0,1309.0
0.7628348609612122,0.0,0.22714480050000002,0.32799597199999997,26559.0,1309.0
0.7903699387891242,0.0,0.236737276,0.39248212,26559.0,1309.0
0.8621586074232919,0.0,0.248416135,0.459739227,26559.0,1309.0
0.8937060215671135,0.0,0.257013804,0.511006875,26559.0,1309.0
0.8766307044397638,0.0,0.271949651,0.562756158,26559.0,1309.0
0.8715455172457099,0.0,0.289996967,0.59902399,26559.0,1309.0
0.8732708060554474,0.034635791,0.309616302,0.635183369,26559.0,1309.0
0.8750303608906232,0.208188721,0.338806183,0.650731919,26559.0,1309.0
0.8737641515781475,0.264465162,0.343574317,0.646191298,26559.0,1309.0
0.8736056978750119,0.272463625,0.336007023,0.603498109,26559.0,1309.0
0.8722471997225946,0.230087671,0.332165491,0.602766894,26559.0,1309.0
0.8731375311108106,0.115602328,0.33477431,0.628341534,26559.0,1309.0
0.8750579055941861,0.002924226,0.340725445,0.638786356,26559.0,1309.0
0.8802365177954276,0.0,0.342390614,0.6668317,26559.0,1309.0
0.8805901516111846,0.0,0.344945329,0.68641164,26559.0,1309.0
0.872048280778895,0.0,0.34585512100000004,0.7069289025000001,26559.0,1309.0
0.8545929683118605,0.0,0.359121902,0.743792238,26559.0,1309.0
0.840649523329171,0.0,0.367037089,0.763534211,26559.0,1309.0
0.8136102754319585,0.0,0.40003961,0.771293058,26559.0,1309.0
0.7718871863049689,0.0,0.412770648,0.774689789,26559.0,1309.0
0.7626869852526569,0.0,0.40393199,0.779581373,26559.0,1309.0
0.7563970913058129,0.0,0.392434485,0.7874602509999999,26559.0,1309.0
0.7568832192877674,0.0,0.3789326575,0.7950350675,26559.0,1309.0
0.7686584334318906,0.0,0.367047321,0.789173622,26559.0,1309.0
0.7826871630299015,0.0,0.366703231,0.774247973,26559.0,1309.0
0.8029833767838259,0.0,0.364744659,0.729603068,26559.0,1309.0
0.8169712147161252,0.0,0.357571539,0.678081192,26559.0,1309.0
0.8291625829400018,0.023378895,0.340747635,0.63323403,26559.0,1309.0
0.8326466694162217,0.143402582,0.360022488,0.614688102,26559.0,1309.0
0.830011265908019,0.206729472,0.350552074,0.613414899,26559.0,1309.0
0.826127164477303,0.225102986,0.353799246,0.620237755,26559.0,1309.0
0.8253552475626003,0.182342369,0.359064138,0.622221306,26559.0,1309.0
0.8262616700281699,0.095655892,0.365105796,0.642492674,26559.0,1309.0
0.832108078507823,0.002522484,0.367493249,0.646400748,26559.0,1309.0
0.8452737376900233,0.0,0.363668468,0.652810256,26559.0,1309.0
0.8487420164058408,0.0,0.371705217,0.664939504,26559.0,1309.0
0.8470589438928222,0.0,0.37951765,0.656159549,26559.0,1309.0
0.8406161101540282,0.0,0.373093292,0.614430283,26559.0,1309.0
0.8284746255954067,0.0,0.354523971,0.562729667,26559.0,1309.0
0.8070184538413148,0.0,0.340937087,0.545277289,26559.0,1309.0
0.7875530803005897,0.0,0.324658128,0.469465755,26559.0,1309.0
0.7710729582403572,0.0,0.310972187,0.443434607,26559.0,1309.0
0.7633737119910221,0.0,0.295901212,0.420824083,26559.0,1309.0
0.7567190864052249,0.0,0.276300868,0.410811191,26559.0,1309.0
0.7551283975853377,0.0,0.267036916,0.405635125,26559.0,1309.0
0.7553103255889998,0.0,0.26134557,0.408546596,26559.0,1309.0
0.7579583184764519,0.0,0.257204446,0.425448866,26559.0,1309.0
0.7684646259981807,0.0,0.254545665,0.432654149,26559.0,1309.0
0.7827568768106914,0.0,0.247673863,0.417080916,26559.0,1309.0
0.803621450463166,0.0,0.24853992,0.414554447,26559.0,1309.0
0.8167336290146116,0.0,0.244820716,0.421055538,26559.0,1309.0
0.8292824168977122,0.022094841,0.236139926,0.444934666,26559.0,1309.0
0.8326466694162217,0.168572764,0.222431294,0.40467976,26559.0,1309.0
0.8296270582997196,0.238022525,0.208610319,0.404607666,26559.0,1309.0
0.8261847150968884,0.245016651,0.188827682,0.398773632,26559.0,1309.0
0.8264974576611397,0.217568243,0.187730807,0.423685161,26559.0,1309.0
0.8298202506374176,0.09889761,0.19137523,0.451583803,26559.0,1309.0
0.8369593714048467,0.002282156,0.202389756,0.464840101,26559.0,1309.0
0.848548445483796,0.0,0.203202177,0.471441821,26559.0,1309.0
0.850096728714791,0.0,0.196715187,0.480119284,26559.0,1309.0
0.84925921522762,0.0,0.2089955,0.495213547,26559.0,1309.0
0.841742512492165,0.0,0.228183099,0.514162803,26559.0,1309.0
0.8293422394375837,0.0,0.238874969,0.526497612,26559.0,1309.0
0.80781034335844,0.0,0.243840107,0.531909638,26559.0,1309.0
0.788782752495753,0.0,0.247525593,0.536076295,26559.0,1309.0
0.7776772271375688,0.0,0.281146315,0.592831833,26559.0,1309.0
0.7691569378911752,0.0,0.290961074,0.601009755,26559.0,1309.0
0.7639575955046115,0.0,0.295645244,0.605937027,26559.0,1309.0
0.7634088768436291,0.0,0.278128151,0.587494135,26559.0,1309.0
0.7640449627480458,0.0,0.261759227,0.571644259,26559.0,1309.0
0.7920505505038892,0.0,0.249880049,0.54600589,26559.0,1309.0
0.8642849529157879,0.0,0.234409225,0.522265966,26559.0,1309.0
0.8950139737387719,0.0,0.220893165,0.498497691,26559.0,1309.0
0.8764170664763129,0.0,0.206871357,0.456674349,26559.0,1309.0
0.8717964490809603,0.0,0.18807057,0.408720001,26559.0,1309.0
0.8732825434128137,0.016225443,0.177805401,0.381424037,26559.0,1309.0
0.875241916225961,0.117159493,0.188493291,0.325774162,26559.0,1309.0
0.8745626671497524,0.180500855,0.190179025,0.361389847,26559.0,1309.0
0.8749998815370643,0.207967947,0.180407148,0.408575726,26559.0,1309.0
0.8741910489207023,0.167305246,0.177711818,0.422334455,26559.0,1309.0
0.8733842036650576,0.084683733,0.17185966,0.415445941,26559.0,1309.0
0.8752942606894699,0.001776072,0.160802873,0.390838627,26559.0,1309.0
0.8796850537766224,0.0,0.154073662,0.340295933,26559.0,1309.0
0.8807444404723004,0.0,0.145407152,0.269890055,26559.0,1309.0
0.8772787169937202,0.0,0.140717384,0.216212306,26559.0,1309.0
0.8671657039330241,0.0,0.135408335,0.181941051,26559.0,1309.0
0.8565602918104949,0.0,0.137832088,0.160696312,26559.0,1309.0
0.8431002538900949,0.0,0.132515904,0.143103276,26559.0,1309.0
0.8156541756917336,0.0,0.141308655,0.100746359,26559.0,1309.0
0.7784584678308761,0.0,0.127018265,0.082859584,26559.0,1309.0
0.7694402896354159,0.0,0.117606281,0.069870766,26559.0,1309.0
0.7635681821544418,0.0,0.1040880645,0.052820599999999995,26559.0,1309.0
0.763574902647905,0.0,0.093055079,0.045242463,26559.0,1309.0
0.791799807546606,0.0,0.091557986,0.053325908,26559.0,1309.0
0.8642504035733988,0.0,0.095663561,0.066554445,26559.0,1309.0
0.8951446934461715,0.0,0.102469944,0.08827118,26559.0,1309.0
0.8764811482971882,0.0,0.109163141,0.120094107,26559.0,1309.0
0.871561135299733,0.0,0.118653485,0.174378255,26559.0,1309.0
0.8733718984311712,0.014930804,0.127555036,0.251052108,26559.0,1309.0
0.8745003833974212,0.137237161,0.149630466,0.372222865,26559.0,1309.0
0.8751998892214155,0.180969042,0.163607689,0.448442311,26559.0,1309.0
0.8736056978750119,0.212648353,0.175428002,0.487556426,26559.0,1309.0
0.872820434412366,0.183053401,0.185757898,0.522449452,26559.0,1309.0
0.8740214257367206,0.061385003,0.194905513,0.540004537,26559.0,1309.0
0.8743767631820377,0.00103638,0.205070117,0.581160311,26559.0,1309.0
0.8797967477566724,0.0,0.217674361,0.620483787,26559.0,1309.0
0.8807418848208569,0.0,0.231481584,0.647368453,26559.0,1309.0
0.8788189542718322,0.0,0.241457604,0.654295019,26559.0,1309.0
0.8665697516972134,0.0,0.252801345,0.66544258,26559.0,1309.0
0.8554668292099644,0.0,0.264621533,0.680863151,26559.0,1309.0
0.841013758335048,0.0,0.272138842,0.68692122,26559.0,1309.0
0.8136102754319585,0.0,0.298495143,0.688251941,26559.0,1309.0
0.7770436020314057,0.0,0.289058438,0.707937472,26559.0,1309.0
0.7680692493232412,0.0,0.285599248,0.719783965,26559.0,1309.0
0.762721486961348,0.0,0.27803717,0.711362136,26559.0,1309.0
0.7628308381918738,0.0,0.284032245,0.707974094,26559.0,1309.0
0.7909386304667352,0.0,0.294034697,0.685644736,26559.0,1309.0
0.8630294400608279,0.0,0.310072601,0.663280626,26559.0,1309.0
0.8945934187195396,0.0,0.326194691,0.644626337,26559.0,1309.0
0.8767067129101785,0.0,0.351888974,0.641356454,26559.0,1309.0
0.8717675793321841,0.0,0.382325453,0.640067811,26559.0,1309.0
0.8728526173954851,0.005601139,0.407868286,0.636315509,26559.0,1309.0
0.8750887631178855,0.067985806,0.42399864,0.647501385,26559.0,1309.0
0.8748049855698061,0.112850817,0.448125855,0.635493052,26559.0,1309.0
0.8731132992273847,0.091956188,0.477419876,0.623084832,26559.0,1309.0
0.8707205927235823,0.061230858,0.503859407,0.615529945,26559.0,1309.0
0.8706350239628979,0.010504641,0.530789446,0.622031933,26559.0,1309.0
0.8693514929668389,0.0,0.552517454,0.625376249,26559.0,1309.0
0.873723828203162,0.0,0.570533354,0.603624911,26559.0,1309.0
0.8706965501323297,0.0,0.593796004,0.616377344,26559.0,1309.0
0.8655417912301673,0.0,0.615349149,0.613153464,26559.0,1309.0
0.8493921115879101,0.0,0.638134176,0.591939808,26559.0,1309.0
0.8351942322434538,0.0,0.662742591,0.570119144,26559.0,1309.0
0.8194646350113047,0.0,0.680372253,0.561137254,26559.0,1309.0
0.7870262267495571,0.0,0.678072877,0.580233373,26559.0,1309.0
0.7658829868518899,0.0,0.697333184,0.618063475,26559.0,1309.0
0.7523180939078389,0.0,0.7141308955,0.6465783700000001,26559.0,1309.0
0.744128744540909,0.0,0.737354352,0.71431567,26559.0,1309.0
0.7691275942906564,0.0,0.732567313,0.746945722,26559.0,1309.0
0.8400650247195696,0.0,0.710718297,0.75716037,26559.0,1309.0
0.874855531550565,0.0,0.691810408,0.791803425,26559.0,1309.0
0.861663747563205,0.0,0.676526644,0.810815302,26559.0,1309.0
0.8548464562127603,0.0,0.664679181,0.814538388,26559.0,1309.0
0.8510814315710615,0.001489446,0.64771323,0.816606693,26559.0,1309.0
0.8489175080614028,0.009561228,0.6113865,0.837503302,26559.0,1309.0
0.8479979279258576,0.022969611,0.624922257,0.845663945,26559.0,1309.0
0.8474632181283217,0.025478493,0.610889051,0.844944244,26559.0,1309.0
0.8465661662466424,0.015459401,0.606682819,0.83519236,26559.0,1309.0
0.8463484582943613,0.003237144,0.613773374,0.827259756,26559.0,1309.0
0.8473898601625401,0.0,0.638300211,0.828424565,26559.0,1309.0
0.8522129456262912,0.0,0.657200114,0.824061725,26559.0,1309.0
0.8509925025636456,0.0,0.689848182,0.855262739,26559.0,1309.0
0.8341299239512687,0.0,0.728013397,0.886025462,26559.0,1309.0
0.8227954739404655,0.0,0.747978926,0.888901413,26559.0,1309.0
0.806177911265164,0.0,0.765137114,0.870304287,26559.0,1309.0
0.7711195758907613,0.0,0.736062576,0.827517625,26559.0,1309.0
0.7339453549697131,0.0,0.760064323,0.856992582,26559.0,1309.0
0.7241001700382185,0.0,0.762034595,0.861873254,26559.0,1309.0
0.716383341569683,0.0,0.754444843,0.8519373645,26559.0,1309.0
0.7156842855734793,0.0,0.748047964,0.852045565,26559.0,1309.0
0.7415956163809619,0.0,0.747533266,0.887990876,26559.0,1309.0
0.8121706570920337,0.0,0.739004697,0.880075685,26559.0,1309.0
0.861823526311554,0.0,0.733575436,0.869351269,26559.0,1309.0
0.8565968289278071,0.0,0.733458099,0.859692226,26559.0,1309.0
0.8524732488738441,0.0,0.741751274,0.865070472,26559.0,1309.0
0.847201116398019,0.001636763,0.758248315,0.847240882,26559.0,1309.0
0.8471416728567002,0.026677108,0.760841246,0.864205659,26559.0,1309.0
0.8470485315806694,0.061844916,0.78017013,0.859899984,26559.0,1309.0
0.846314003390956,0.078123232,0.792529355,0.839629342,26559.0,1309.0
0.8461585787768,0.048766438,0.795066711,0.827685618,26559.0,1309.0
0.8457049887525656,0.013846429,0.79841336,0.853522396,26559.0,1309.0
0.8466572248945601,0.0,0.799251225,0.871618527,26559.0,1309.0
0.8517862379901158,0.0,0.799611866,0.881695603,26559.0,1309.0
0.8508123254090355,0.0,0.7992668315,0.8872369945,26559.0,1309.0
0.8347648741026453,0.0,0.794912197,0.890487632,26559.0,1309.0
0.8232288076311205,0.0,0.793093376,0.898271785,26559.0,1309.0
0.8084710397306295,0.0,0.786736072,0.903533548,26559.0,1309.0
0.7751731584327775,0.0,0.768021009,0.892364208,26559.0,1309.0
0.7508339637411628,0.0,0.774070211,0.890715136,26559.0,1309.0
0.7428911212460525,0.0,0.771014761,0.889844125,27922.0,1377.0
0.7338997782191594,0.0,0.770333807,0.896663924,27922.0,1377.0
0.7313189908876487,0.0,0.7632556305,0.904035529,27922.0,1377.0
0.7352021456503948,0.0,0.747336191,0.902439637,27922.0,1377.0
0.7299771518962079,0.0,0.737024161,0.904445142,27922.0,1377.0
0.7475624739143374,0.0,0.734300644,0.906533434,27922.0,1377.0
0.7830340759379891,0.0,0.73476851,0.909652754,27922.0,1377.0
0.7985670263538279,0.0,0.723533073,0.908124808,27922.0,1377.0
0.8129069837644973,0.001831757,0.708206458,0.905552466,27922.0,1377.0
0.8170212876735538,0.019063706,0.700482489,0.910508705,27922.0,1377.0
0.8150757348458857,0.052017413,0.692862097,0.904339645,27922.0,1377.0
0.8139680740897353,0.070483049,0.680693673,0.895415495,27922.0,1377.0
0.8159694739074284,0.065371335,0.657633324,0.890028416,27922.0,1377.0
0.8163171439842093,0.020399813,0.618231391,0.888906273,27922.0,1377.0
0.8220471257652726,0.0,0.579872446,0.894089832,27922.0,1377.0
0.8361226155005752,0.0,0.554025514,0.896925683,27922.0,1377.0
0.8383862114875547,0.0,0.536631548,0.90256809,27922.0,1377.0
0.8381071662438092,0.0,0.526971978,0.905768043,27922.0,1377.0
0.8344279945081577,0.0,0.518896398,0.910677155,27922.0,1377.0
0.8300556592718347,0.0,0.505343559,0.912223498,27922.0,1377.0
0.8116059413784754,0.0,0.493091416,0.911724495,27922.0,1377.0
0.788633574937524,0.0,0.480089614,0.903421322,27922.0,1377.0
0.774243639422616,0.0,0.491849536,0.910283108,27922.0,1377.0
0.7664902506412282,0.0,0.485712825,0.913411403,27922.0,1377.0
0.7555250048665071,0.0,0.47792194,0.913068743,27922.0,1377.0
0.7504416159481001,0.0,0.4745952255,0.9088066455,27922.0,1377.0
0.7482377478549054,0.0,0.475048616,0.89893144,27922.0,1377.0
0.7419031527891369,0.0,0.483851642,0.888924937,27922.0,1377.0
0.757080907418134,0.0,0.510528319,0.875369262,27922.0,1377.0
0.7854692356643818,0.0,0.530218831,0.854404395,27922.0,1377.0
0.8002778332767887,0.0,0.562799723,0.841568041,27922.0,1377.0
0.8147044952011824,0.001041941,0.579565642,0.83714972,27922.0,1377.0
0.8173400880015586,0.014160099,0.599136762,0.825519973,27922.0,1377.0
0.8175105627932174,0.038967685,0.628462572,0.850223711,27922.0,1377.0
0.8169714988614882,0.038044272,0.642560151,0.843602074,27922.0,1377.0
0.8164806145512481,0.013255069,0.650634028,0.836996989,27922.0,1377.0
0.8165495239438527,0.002632304,0.6415024,0.847723254,27922.0,1377.0
0.8216577124151029,0.0,0.621286162,0.840067421,27922.0,1377.0
0.8341465833193483,0.0,0.590714402,0.836090817,27922.0,1377.0
0.8368953844371613,0.0,0.555399688,0.821111086,27922.0,1377.0
0.8359973856804092,0.0,0.517577069,0.802646166,27922.0,1377.0
0.8311773293056376,0.0,0.485324426,0.78514847,27922.0,1377.0
0.8270201463701523,0.0,0.457735617,0.767464055,27922.0,1377.0
0.8076295506936121,0.0,0.427066705,0.752864154,27922.0,1377.0
0.7849172037690564,0.0,0.391403227,0.716830738,27922.0,1377.0
0.7671256742301412,0.0,0.368611457,0.69014147,27922.0,1377.0
0.7606835028068508,0.0,0.340561007,0.667481064,27922.0,1377.0
0.7537593922675778,0.0,0.2950208395,0.6305022295,27922.0,1377.0
0.7544297437832267,0.0,0.263325786,0.605637662,27922.0,1377.0
0.7773565811073222,0.0,0.258767944,0.598523943,27922.0,1377.0
0.8341596457219281,0.0,0.257054536,0.579267888,27922.0,1377.0
0.8781224779510239,0.0,0.264929424,0.567962339,27922.0,1377.0
0.8736816119064428,0.0,0.276702509,0.563371556,27922.0,1377.0
0.8672725703413444,0.0,0.285797747,0.547304061,27922.0,1377.0
0.8642264558353359,0.0,0.286283953,0.509383163,27922.0,1377.0
0.864133693143652,0.007871219,0.289233587,0.476351491,27922.0,1377.0
0.864749901713042,0.018696281,0.285837004,0.472595022,27922.0,1377.0
0.8635596064319971,0.017836915,0.280094683,0.478250112,27922.0,1377.0
0.8629046836781982,0.009980526,0.273366304,0.464437404,27922.0,1377.0
0.8634098609972481,0.00357096,0.274140011,0.449532753,27922.0,1377.0
0.8654618067957001,0.0,0.273714776,0.42255879,27922.0,1377.0
0.8712951528727734,0.0,0.275955667,0.397619669,27922.0,1377.0
0.8719376755394963,0.0,0.278613401,0.379104091,27922.0,1377.0
0.8710742265393393,0.0,0.288723342,0.35802744,27922.0,1377.0
0.8618987776132754,0.0,0.31561146,0.336214796,27922.0,1377.0
0.8561400205224194,0.0,0.352791112,0.311955781,27922.0,1377.0
0.8428039814017498,0.0,0.390001806,0.299644742,27922.0,1377.0
0.8099056416208573,0.0,0.432950171,0.302378226,27922.0,1377.0
0.7800621242001536,0.0,0.472295086,0.338250293,27922.0,1377.0
0.7766684812758395,0.0,0.519986062,0.346163142,27922.0,1377.0
0.7697754179666456,0.0,0.5890812925,0.34983596699999997,27922.0,1377.0
0.7700516706330763,0.0,0.632366577,0.356358043,27922.0,1377.0
0.7935445010822458,0.0,0.642034106,0.373429541,27922.0,1377.0
0.8502789408638162,0.0,0.649639368,0.411286845,27922.0,1377.0
0.886314170067478,0.0,0.654082879,0.461178757,27922.0,1377.0
0.8755959282118586,0.0,0.655365718,0.509238258,27922.0,1377.0
0.8713994632154441,0.0,0.658280861,0.539681375,27922.0,1377.0
0.8718988669161037,0.00325983,0.657153198,0.598039046,27922.0,1377.0
0.8730055807971813,0.073107459,0.661899809,0.628197256,27922.0,1377.0
0.8729897734509847,0.105517909,0.67026764,0.683866836,27922.0,1377.0
0.8724456926553525,0.113820439,0.670746805,0.696375494,27922.0,1377.0
0.8721017139830551,0.114107506,0.677573714,0.689474737,27922.0,1377.0
0.8735404803010965,0.03695949,0.678197528,0.658646718,27922.0,1377.0
0.8754749585011082,0.0,0.668121636,0.675770117,27922.0,1377.0
0.8825565286489521,0.0,0.650499222,0.692783179,27922.0,1377.0
0.883809959290005,0.0,0.637983034,0.696841776,27922.0,1377.0
0.8835014764209633,0.0,0.627432257,0.724621749,27922.0,1377.0
0.8735377353574799,0.0,0.616538811,0.757160257,27922.0,1377.0
0.8666861783958034,0.0,0.60438566,0.768574844,27922.0,1377.0
0.8560415786513288,0.0,0.582630788,0.765189343,27922.0,1377.0
0.8264826912147937,0.0,0.599450875,0.747758943,27922.0,1377.0
0.7929856066207758,0.0,0.563211478,0.745960023,27922.0,1377.0
0.7862482992905925,0.0,0.524771855,0.774067437,27922.0,1377.0
0.783427559691195,0.0,0.505849289,0.767789432,27922.0,1377.0
0.7823972328648789,0.0,0.482478606,0.758041811,27922.0,1377.0
0.7851719694956781,0.0,0.464317339,0.781226277,27922.0,1377.0
0.809418543154084,0.0,0.460872001,0.795069488,27922.0,1377.0
0.8622468266886092,0.0,0.433454553,0.706618761,27922.0,1377.0
0.8984967351697783,0.0,0.395238041,0.556641782,27922.0,1377.0
0.8872644184345493,0.0,0.363168398,0.605376168,27922.0,1377.0
0.8840284244109794,0.0,0.366559161,0.729430349,27922.0,1377.0
0.8861854381350016,0.003131439,0.393598726,0.780756316,27922.0,1377.0
0.8808006656324658,0.06336545,0.426137194,0.777353943,27922.0,1377.0
0.8759840165168148,0.10580737,0.417580524,0.725526887,27922.0,1377.0
0.875307228653066,0.112749686,0.392182465,0.652278933,27922.0,1377.0
0.875073239917052,0.082262518,0.366564207,0.598677779,27922.0,1377.0
0.8760266118120867,0.016504827,0.339365065,0.570977278,27922.0,1377.0
0.879847672321778,0.0,0.321536374,0.539587197,27922.0,1377.0
0.8869353955007709,0.0,0.304511899,0.516569904,27922.0,1377.0
0.890392883320089,0.0,0.288689642,0.510756322,27922.0,1377.0
0.8889352805668711,0.0,0.280108037,0.51510597,27922.0,1377.0
0.8810624836316117,0.0,0.268797221,0.502164825,27922.0,1377.0
0.8732817862441203,0.0,0.260810355,0.47171122,27922.0,1377.0
0.860592623924367,0.0,0.255709994,0.456950674,27922.0,1377.0
0.8304968496231993,0.0,0.246202056,0.443828835,27922.0,1377.0
0.7930149498070884,0.0,0.217781548,0.408276297,27922.0,1377.0
0.7854441517590727,0.0,0.20326966,0.380236635,27922.0,1377.0
0.7814481438605938,0.0,0.1985444055,0.4068723385,27922.0,1377.0
0.784478947653482,0.0,0.196882941,0.423162783,27922.0,1377.0
0.8089804767448889,0.0,0.194505809,0.382044964,27922.0,1377.0
0.862859816876846,0.0,0.183227295,0.30062701,27922.0,1377.0
0.901460972319586,0.0,0.183796713,0.228456423,27922.0,1377.0
0.8909623321663932,0.0,0.182495775,0.190191753,27922.0,1377.0
0.8845247041694696,0.0,0.186394193,0.180577007,27922.0,1377.0
0.8861007213962006,0.001308504,0.198153574,0.181307442,27922.0,1377.0
0.8853284258971508,0.020652913,0.194584001,0.218082931,27922.0,1377.0
0.8827861632507726,0.045491445,0.207466015,0.213059582,27922.0,1377.0
0.8815948270698775,0.038769024,0.212885149,0.204348981,27922.0,1377.0
0.877810776700829,0.021986647,0.213521853,0.213830443,27922.0,1377.0
0.8776535536039234,0.00414377,0.23195257,0.257685241,27922.0,1377.0
0.879847672321778,0.0,0.261450023,0.296825686,27922.0,1377.0
0.8859824017758771,0.0,0.274399804,0.30633871,27922.0,1377.0
0.8876616884454285,0.0,0.280866048,0.309926418,27922.0,1377.0
0.8845310464927921,0.0,0.293115568,0.319339534,27922.0,1377.0
0.872949544929189,0.0,0.298487789,0.331260428,27922.0,1377.0
0.8633285519317734,0.0,0.296274136,0.342142965,27922.0,1377.0
0.8493530188191546,0.0,0.293703282,0.329468618,27922.0,1377.0
0.8154214175619496,0.0,0.285684274,0.291330811,27922.0,1377.0
0.7875536481771097,0.0,0.275122212,0.275549202,27922.0,1377.0
0.7793211596623398,0.0,0.260389807,0.268962293,27922.0,1377.0
0.7720329557756653,0.0,0.245903715,0.263146233,27922.0,1377.0
0.7711965074193998,0.0,0.231722201,0.2513373395,27922.0,1377.0
0.7956764313151651,0.0,0.214149783,0.245822191,27922.0,1377.0
0.8489677703110046,0.0,0.195487058,0.226696997,27922.0,1377.0
0.8860440227984984,0.0,0.179946074,0.23054038,27922.0,1377.0
0.8747451630299345,0.0,0.168835008,0.230068361,27922.0,1377.0
0.871324211913723,0.0,0.163168825,0.238110422,27922.0,1377.0
0.8720660284734197,0.0,0.158756387,0.251352223,27922.0,1377.0
0.8725748027579695,0.008955339,0.164017457,0.266167665,27922.0,1377.0
0.8726193858281646,0.020389388,0.164990154,0.232679652,27922.0,1377.0
0.871850024564905,0.020649441,0.165336266,0.212772792,27922.0,1377.0
0.8713978540248676,0.009882233,0.180823009,0.211264868,27922.0,1377.0
0.8716309911532045,0.0028777,0.211879803,0.218132678,27922.0,1377.0
0.8732954165232202,0.0,0.236117439,0.232066062,27922.0,1377.0
0.8794561763434952,0.0,0.259910272,0.265465308,27922.0,1377.0
0.8808388119403548,0.0,0.286719051,0.316466052,27922.0,1377.0
0.8792821994395262,0.0,0.300010034,0.365580379,27922.0,1377.0
0.8689646352681125,0.0,0.307329093,0.382783216,27922.0,1377.0
0.860864948260443,0.0,0.296642034,0.398451719,27922.0,1377.0
0.8456205557449213,0.0,0.296351225,0.416658492,27922.0,1377.0
0.8141303140505441,0.0,0.302433481,0.387220696,27922.0,1377.0
0.7812421020222351,0.0,0.29914678,0.410662897,27922.0,1377.0
0.7716920061923476,0.0,0.28868945,0.423296685,27922.0,1377.0
0.763610682596524,0.0,0.27537506300000003,0.3983087155,27922.0,1377.0
0.7642664571651031,0.0,0.2661937575,0.3908681595,27922.0,1377.0
0.7566116521203846,0.0,0.259718311,0.352764365,27922.0,1377.0
0.7771065480992406,0.0,0.251308786,0.323757438,27922.0,1377.0
0.8002462181701897,0.0,0.239669283,0.314336234,27922.0,1377.0
0.815377307929291,0.0,0.232150481,0.296225595,27922.0,1377.0
0.8298844273114824,0.0,0.226965519,0.294464558,27922.0,1377.0
0.8314259896348078,0.01449126,0.208409127,0.28404255,27922.0,1377.0
0.8308822874235224,0.02624962,0.206963799,0.303946938,27922.0,1377.0
0.830207392481507,0.03814358,0.202653857,0.317264902,27922.0,1377.0
0.8294949191081228,0.029413594,0.199822265,0.317421967,27922.0,1377.0
0.8311304747293622,0.008761876,0.195173933,0.326871709,27922.0,1377.0
0.8392494711955384,0.0,0.196306012,0.349372497,27922.0,1377.0
0.8516344099272537,0.0,0.199044026,0.372275856,27922.0,1377.0
0.855165635125112,0.0,0.209958649,0.392484135,27922.0,1377.0
0.8506850135820654,0.0,0.21803370500000002,0.4426278915,27922.0,1377.0
0.8410541765632232,0.0,0.222654213,0.527842302,27922.0,1377.0
0.8212105591531745,0.0,0.233180144,0.584236488,27922.0,1377.0
0.798704371701501,0.0,0.238632935,0.553657614,27922.0,1377.0
0.7850285187505537,0.0,0.269033901,0.584169193,27922.0,1377.0
0.7772307361911442,0.0,0.298989109,0.631574281,27922.0,1377.0
0.7718594046755348,0.0,0.323871103,0.644222205,27922.0,1377.0
0.7692552849090762,0.0,0.349164192,0.640219543,27922.0,1377.0
0.7703055843378148,0.0,0.366099062,0.62845868,27922.0,1377.0
0.7607048476739785,0.0,0.382039779,0.632129989,27922.0,1377.0
0.7766855668619637,0.0,0.394133251,0.622006334,27922.0,1377.0
0.7990610346062377,0.0,0.407484517,0.606796224,27922.0,1377.0
0.8140622562656166,0.0,0.412077377,0.589601708,27922.0,1377.0
0.8281715377604085,0.001108285,0.422699697,0.571029559,27922.0,1377.0
0.8306880537717678,0.023534824,0.47592305,0.523641498,27922.0,1377.0
0.8294321623324612,0.057284115,0.473606958,0.579963115,27922.0,1377.0
0.828357536167107,0.064323979,0.472825031,0.627634386,27922.0,1377.0
0.8289940959232662,0.051984941,0.482099081,0.640829435,27922.0,1377.0
0.83096274488132,0.020682046,0.492724261,0.649825272,27922.0,1377.0
0.8369818996587125,0.0,0.498849406,0.6412132,27922.0,1377.0
0.8505407584487558,0.0,0.505438761,0.630193247,27922.0,1377.0
0.8524379423627617,0.0,0.510148971,0.60734688,27922.0,1377.0
0.8492269848179061,0.0,0.5151725595,0.5956990135,27922.0,1377.0
0.8391029441419423,0.0,0.518247402,0.611568707,27922.0,1377.0
0.8204845499396742,0.0,0.517498496,0.631885403,27922.0,1377.0
0.7977493906158897,0.0,0.558887457,0.56830838,27922.0,1377.0
0.7897469152872872,0.0,0.549639537,0.614861424,27922.0,1377.0
0.7817447236898418,0.0,0.54740892,0.668485443,27922.0,1377.0
0.7743935503326894,0.0,0.542609745,0.7354793825,27922.0,1377.0
0.7742931917230161,0.0,0.543583878,0.762667455,27922.0,1377.0
0.7977279985292701,0.0,0.550310417,0.77298205,27922.0,1377.0
0.8505915885748778,0.0,0.554750278,0.774158981,27922.0,1377.0
0.8858921951498424,0.0,0.56400355,0.785899002,27922.0,1377.0
0.8758957028125138,0.0,0.56603069,0.798527218,27922.0,1377.0
0.8710716708878958,0.0,0.569610118,0.793902746,27922.0,1377.0
0.871510021028248,0.001045507,0.569461004,0.784271303,27922.0,1377.0
0.8677908100629741,0.033624215,0.591656934,0.745210898,27922.0,1377.0
0.8666072352753925,0.067825054,0.593304842,0.751808117,27922.0,1377.0
0.8653933708406317,0.086437982,0.596002563,0.757907904,27922.0,1377.0
0.8641742058108108,0.078158133,0.591907598,0.756323724,27922.0,1377.0
0.8640397946989278,0.022774678,0.584851454,0.752238627,27922.0,1377.0
0.8653668674511255,0.0,0.575284222,0.738545662,27922.0,1377.0
0.8725310721238636,0.0,0.566439549,0.722647245,27922.0,1377.0
0.8738019193016896,0.0,0.555824284,0.694674968,27922.0,1377.0
0.873397076775464,0.0,0.536139832,0.658730363,27922.0,1377.0
0.8637181545741165,0.0,0.508972568,0.620338558,27922.0,1377.0
0.8597916475545083,0.0,0.489383015,0.568213071,27922.0,1377.0
0.8453316668939553,0.0,0.47245749,0.516358068,27922.0,1377.0
0.8137320027256084,0.0,0.467690895,0.436021775,27922.0,1377.0
0.7873934908444139,0.0,0.450252269,0.424086884,27922.0,1377.0
0.7793629029357285,0.0,0.430916821,0.427875573,27922.0,1377.0
0.7727175768974809,0.0,0.4036525325,0.4337991815,27922.0,1377.0
0.7760311647651928,0.0,0.376161078,0.381261817,27922.0,1377.0
0.8006004198624667,0.0,0.349081227,0.302246225,27922.0,1377.0
0.8568391473478608,0.0,0.322027135,0.212211368,27922.0,1377.0
0.8942002191116966,0.0,0.296103758,0.140898698,27922.0,1377.0
0.8839650053198141,0.0,0.277018974,0.130855938,27922.0,1377.0
0.881485972886634,0.0,0.26201719,0.116639805,27922.0,1377.0
0.8855718800702448,0.001313397,0.239017644,0.08783089,27922.0,1377.0
0.8827975220237922,0.04493652,0.2491826,0.067359375,27922.0,1377.0
0.8788590883546444,0.098547982,0.213727228,0.050892313,27922.0,1377.0
0.8754204369705026,0.123389462,0.193270371,0.042861642,27922.0,1377.0
0.8763643434284576,0.101600864,0.172630004,0.038009773,27922.0,1377.0
0.8822089530111547,0.029549745,0.160424527,0.045535267,27922.0,1377.0
0.8881770883702517,0.0,0.15574026,0.05713965,27922.0,1377.0
0.8942777419194982,0.0,0.15587451,0.070027355,27922.0,1377.0
0.8985658338545564,0.0,0.152431349,0.085622591,27922.0,1377.0
0.8975837810887128,0.0,0.14546119,0.10630782,27922.0,1377.0
0.8907841900061984,0.0,0.146252274,0.134860657,27922.0,1377.0
0.8838775436373963,0.0,0.141357828,0.153739782,27922.0,1377.0
0.869891503773641,0.0,0.136710078,0.177045014,27922.0,1377.0
0.8410421550604938,0.0,0.175396964,0.219412761,27922.0,1377.0
0.7978592856989838,0.0,0.173761911,0.28050454,27922.0,1377.0
0.7907364929347793,0.0,0.176652183,0.331303706,27922.0,1377.0
0.7852612768803378,0.0,0.175760178,0.367821008,27922.0,1377.0
0.7866890398141666,0.0,0.173601071,0.398945627,27922.0,1377.0
0.8131566854077239,0.0,0.168447866,0.407691903,27922.0,1377.0
0.8669902122774622,0.0,0.16233532,0.423339435,27922.0,1377.0
0.9032325482432849,0.0,0.155709029,0.43480908,27922.0,1377.0
0.8922081902921,0.0,0.157970618,0.445019055,27922.0,1377.0
0.8898446376824367,0.0,0.162220279,0.448662307,27922.0,1377.0
0.892667838080088,0.0,0.167467959,0.446000883,27922.0,1377.0
0.8926327208611787,0.03964155,0.194098757,0.457369634,27922.0,1377.0
0.8918937440982884,0.113973349,0.205808397,0.499860817,27922.0,1377.0
0.8910797049116439,0.139778315,0.202188806,0.488483214,27922.0,1377.0
0.8911770110296945,0.089871393,0.200411347,0.480805888,27922.0,1377.0
0.8899909754438594,0.018673375,0.202593374,0.478119861,27922.0,1377.0
0.893904987937408,0.0,0.1982672,0.478557966,27922.0,1377.0
0.9029955304182913,0.0,0.192863991,0.481419531,27922.0,1377.0
0.9051621988715668,0.0,0.195350829,0.499410613,27922.0,1377.0
0.9040104284827577,0.0,0.185456384,0.502810579,27922.0,1377.0
0.897544120443437,0.0,0.189848345,0.527076591,27922.0,1377.0
0.8904890536850993,0.0,0.193934339,0.535554796,27922.0,1377.0
0.8758751627477773,0.0,0.196597032,0.540476276,27922.0,1377.0
0.847661332476733,0.0,0.200961271,0.578022371,27922.0,1377.0
0.8013077819329643,0.0,0.212378178,0.586741711,27922.0,1377.0
0.7939746168059539,0.0,0.217658975,0.573667596,27922.0,1377.0
0.7876538889451565,0.0,0.209117915,0.5481355855,27922.0,1377.0
0.7890452800298944,0.0,0.201291489,0.539151429,27922.0,1377.0
0.8147388552513982,0.0,0.193650858,0.522840724,27922.0,1377.0
0.8693010414250637,0.0,0.186596168,0.498385139,27922.0,1377.0
0.9055567239388292,0.0,0.185808429,0.492753986,27922.0,1377.0
0.8950933898825131,0.0,0.185190318,0.504923386,27922.0,1377.0
0.8908811175399022,0.0,0.187234827,0.519551659,27922.0,1377.0
0.8933136739811538,0.0,0.193237854,0.52717447,27922.0,1377.0
0.8949719467342261,0.028825842,0.200876778,0.533498081,27922.0,1377.0
0.8936766783808009,0.103389201,0.197987159,0.536993436,27922.0,1377.0
0.8936012377869061,0.125943708,0.195998574,0.525709061,27922.0,1377.0
0.892802817068491,0.075127065,0.196412799,0.501852371,27922.0,1377.0
0.8933949830466285,0.016246663,0.1954685,0.48512443,27922.0,1377.0
0.8958973009023677,0.0,0.191490273,0.488561842,27922.0,1377.0
0.9039307286078594,0.0,0.188548972,0.495323965,27922.0,1377.0
0.9056677551891694,0.0,0.187893399,0.486002975,27922.0,1377.0
0.9041333863826374,0.0,0.184446661,0.474534743,27922.0,1377.0
0.8979677989906328,0.0,0.183200863,0.462811564,27922.0,1377.0
0.8902420021322996,0.0,0.178924739,0.448845122,27922.0,1377.0
0.877150837497333,0.0,0.175100504,0.431708788,27922.0,1377.0
0.8466732219471359,0.0,0.19524172,0.466638293,27922.0,1377.0
0.8026440359768787,0.0,0.193341093,0.485477125,27922.0,1377.0
0.7953373746535809,0.0,0.189904336,0.490844775,27922.0,1377.0
0.789702356033941,0.0,0.1822196775,0.48006567,27922.0,1377.0
0.7905805476635952,0.0,0.170560854,0.455075871,27922.0,1377.0
0.8174222490889165,0.0,0.160754138,0.439698781,27922.0,1377.0
0.8723687377240711,0.0,0.156961942,0.431252357,27922.0,1377.0
0.9095608486194288,0.0,0.156106758,0.415458138,27922.0,1377.0
0.8985128266613379,0.0,0.159485172,0.401919434,27922.0,1377.0
0.8947968336630109,0.0,0.158684481,0.391418889,27922.0,1377.0
0.8967133274497294,0.0,0.162753395,0.394457213,27922.0,1377.0
0.8978377424271492,0.034270269,0.188082636,0.457742797,27922.0,1377.0
0.8963316754928732,0.134843363,0.182274127,0.461048261,27922.0,1377.0
0.8958217654552835,0.149920353,0.174922626,0.446183571,27922.0,1377.0
0.8934141036271677,0.104859409,0.165637308,0.428966622,27922.0,1377.0
0.8952511808559389,0.019248187,0.165482473,0.433961413,27922.0,1377.0
0.8980526105826236,0.0,0.165385935,0.429503216,27922.0,1377.0
0.906194608740202,0.0,0.169083403,0.422487882,27922.0,1377.0
0.9071086985743078,0.0,0.174624024,0.417124154,27922.0,1377.0
0.9052099054697252,0.0,0.182878286,0.416647958,27922.0,1377.0
0.8997155216152526,0.0,0.195497544,0.434612098,27922.0,1377.0
0.8919007483229086,0.0,0.201901391,0.43202001,27922.0,1377.0
0.878379184233077,0.0,0.211313706,0.421927771,27922.0,1377.0
0.8479415134735186,0.0,0.228822142,0.423582862,27922.0,1377.0
0.7987044665546907,0.0,0.238890628,0.451458737,27922.0,1377.0
0.7900300305198628,0.0,0.236058672,0.444160447,27922.0,1377.0
0.7829750582005088,0.0,0.238500179,0.43695098,27922.0,1377.0
0.7838036977368659,0.0,0.2425431475,0.42792990399999997,27922.0,1377.0
0.7795002006497037,0.0,0.252180926,0.432253017,27922.0,1377.0
0.7965648693674415,0.0,0.267856895,0.436026109,27922.0,1377.0
0.8172673923512807,0.0,0.282027509,0.423394732,27922.0,1377.0
0.832284705916425,0.0,0.304581901,0.421557936,27922.0,1377.0
0.8468544872210884,0.0,0.322383235,0.418127126,27922.0,1377.0
0.8476849016304492,0.020569131,0.350696053,0.466649354,27922.0,1377.0
0.8475525731466792,0.086024236,0.367147471,0.488211681,27922.0,1377.0
0.8471527474843568,0.094979158,0.370681028,0.479423849,27922.0,1377.0
0.8460124303075508,0.052044159,0.357743347,0.453844615,27922.0,1377.0
0.8473857897595037,0.008127916,0.357377752,0.453775808,27922.0,1377.0
0.8528225281412017,0.0,0.364169426,0.459302964,27922.0,1377.0
0.8644184175668042,0.0,0.371247149,0.481892518,27922.0,1377.0
0.8669200722786276,0.0,0.391005358,0.511471581,27922.0,1377.0
0.8659989778056956,0.0,0.41802904,0.509389839,27922.0,1377.0
0.8599042879954251,0.0,0.446055472,0.497855475,27922.0,1377.0
0.852098980140161,0.0,0.47638853,0.475329525,27922.0,1377.0
0.8306221734681429,0.0,0.506872786,0.468029111,27922.0,1377.0
0.8074767765840892,0.0,0.524046419,0.483279209,27922.0,1377.0
0.7872018604778006,0.0,0.546754008,0.484239813,27922.0,1377.0
0.7780853348502332,0.0,0.561835234,0.504529463,27922.0,1377.0
0.7721600785175651,0.0,0.580054471,0.561900001,27922.0,1377.0
0.7698356427006096,0.0,0.598695765,0.602958713,27922.0,1377.0
0.7731719479072577,0.0,0.607708941,0.618764458,27922.0,1377.0
0.7673944488202094,0.0,0.618182017,0.64399276,27922.0,1377.0
0.7836154042143413,0.0,0.635803411,0.670873022,27922.0,1377.0
0.8045676288414071,0.0,0.649702427,0.683422569,27922.0,1377.0
0.8168993710877305,0.0,0.66167625,0.700349878,27922.0,1377.0
0.8329033756982748,0.0,0.667877657,0.715789275,27922.0,1377.0
0.8348016005121309,0.014530528,0.67493571,0.739278068,27922.0,1377.0
0.8334141377577476,0.064783561,0.67855537,0.748635378,27922.0,1377.0
0.8326878443988843,0.078840728,0.680983489,0.764339875,27922.0,1377.0
0.8329399128155871,0.053950681,0.669046488,0.771245814,27922.0,1377.0
0.8348451422682697,0.011366162,0.658815701,0.768857062,27922.0,1377.0
0.8405290266417508,0.0,0.647909756,0.762836146,27922.0,1377.0
0.8537270580992438,0.0,0.636439328,0.757033037,27922.0,1377.0
0.8571903199511581,0.0,0.617956737,0.748961348,27922.0,1377.0
0.855599536692287,0.0,0.598863916,0.748943074,27922.0,1377.0
0.8481843049169027,0.0,0.569920282,0.754493083,27922.0,1377.0
0.8435197675952708,0.0,0.532513058,0.755554103,27922.0,1377.0
0.8235621846990919,0.0,0.494366164,0.756415401,27922.0,1377.0
0.8011569951841586,0.0,0.441117494,0.712245906,27922.0,1377.0
0.7913216546882965,0.0,0.413486736,0.710841789,27922.0,1377.0
0.7823305949783546,0.0,0.38447586,0.697896145,27922.0,1377.0
0.7758145925659521,0.0,0.33194873700000005,0.6743080225,27922.0,1377.0
0.7768462920711796,0.0,0.278783502,0.627843032,27922.0,1377.0
0.8037353215103126,0.0,0.26025274,0.591675484,27922.0,1377.0
0.8572234493951439,0.0,0.233693782,0.557573313,27922.0,1377.0
0.8973004765639638,0.0,0.201300435,0.518956176,27922.0,1377.0
0.8843498752436173,0.0,0.175666382,0.482179756,27922.0,1377.0
0.8816822887522955,0.0,0.160578733,0.438887312,27922.0,1377.0
0.8855718800702448,0.0,0.149083993,0.406783714,27922.0,1377.0
0.8853284258971508,0.015419101,0.132262989,0.33297499,27922.0,1377.0
0.8871444896236491,0.035878047,0.120937904,0.265465436,27922.0,1377.0
0.8864222666678219,0.048416331,0.114186219,0.213517307,27922.0,1377.0
0.8861184220783366,0.035139924,0.103278002,0.184229531,27922.0,1377.0
0.8861160557190665,0.011023556,0.097275775,0.161733118,27922.0,1377.0
0.8898369707281067,0.0,0.095747354,0.153745205,27922.0,1377.0
0.8966261494984685,0.0,0.092206329,0.149590198,27922.0,1377.0
0.8991103880877251,0.0,0.089715971,0.155080193,27922.0,1377.0
0.8997247977601591,0.0,0.093726452,0.166799546,27922.0,1377.0
0.8934614312267734,0.0,0.099989431,0.17134542,27922.0,1377.0
0.8853615553411366,0.0,0.103605098,0.174851004,27922.0,1377.0
0.8714100648197705,0.0,0.100966236,0.174874865,27922.0,1377.0
0.8448002699165561,0.0,0.110598232,0.16769007,27922.0,1377.0
0.8007062449567304,0.0,0.106298448,0.169467349,27922.0,1377.0
0.7937009197909664,0.0,0.108135498,0.181813084,27922.0,1377.0
0.7876914197428273,0.0,0.102283438,0.16965428049999998,27922.0,1377.0
0.7888237381862423,0.0,0.106737803,0.19217061,27922.0,1377.0
0.8143083613575494,0.0,0.124535741,0.221314334,27922.0,1377.0
0.8676163597214686,0.0,0.129434615,0.225165979,27922.0,1377.0
0.9050109390994308,0.0,0.143385463,0.228478135,27922.0,1377.0
0.8935907310357698,0.0,0.154953609,0.245853967,27922.0,1377.0
0.889629201236236,0.0,0.165483464,0.269600342,27922.0,1377.0
0.8918448068939,0.0,0.186631708,0.303445086,27922.0,1377.0
0.8910259405497319,0.017994525,0.209208688,0.371494909,27922.0,1377.0
0.8915719146813037,0.068815505,0.228824929,0.405499782,27922.0,1377.0
0.8898498438385132,0.091948828,0.260872314,0.441490418,27922.0,1377.0
0.8886409958534494,0.051942053,0.28091206,0.476442358,27922.0,1377.0
0.8878265784966642,0.008454084,0.316593567,0.526260438,27922.0,1377.0
0.8893160805018441,0.0,0.355291704,0.509493807,27922.0,1377.0
0.8940384525884243,0.0,0.391440705,0.482202021,27922.0,1377.0
0.893772659453638,0.0,0.420493971,0.503187286,27922.0,1377.0
0.8899493270236605,0.0,0.448566042,0.572118075,27922.0,1377.0
0.8789416280263489,0.0,0.474235507,0.644671726,27922.0,1377.0
0.8700057529909281,0.0,0.491175532,0.682750424,27922.0,1377.0
0.8523499123896175,0.0,0.511276309,0.700186279,27922.0,1377.0
0.8186841987061826,0.0,0.520747039,0.700273721,27922.0,1377.0
0.7893766221034507,0.0,0.543685353,0.725053534,27922.0,1377.0
0.7810106217181727,0.0,0.554058509,0.736973979,27922.0,1377.0
0.7741788004330474,0.0,0.575749797,0.746093665,27922.0,1377.0
0.7722799362921242,0.0,0.6006255725,0.78076742,27922.0,1377.0
0.795786042667102,0.0,0.619573346,0.804177718,27922.0,1377.0
0.8505915885748778,0.0,0.626940065,0.807431989,27922.0,1377.0
0.8860440227984984,0.0,0.636578801,0.812483073,27922.0,1377.0
0.876102430990328,0.0,0.644375693,0.81083175,27922.0,1377.0
0.8709879006099615,0.0,0.650262831,0.81190861,27922.0,1377.0
0.8714413013420226,0.0,0.653904175,0.811712083,27922.0,1377.0
0.8711314930135613,0.004004887,0.664639741,0.810186622,27922.0,1377.0
0.8713842237457677,0.01022734,0.671008174,0.797548628,27922.0,1377.0
0.8710526447463401,0.012084512,0.673753128,0.794071306,27922.0,1377.0
0.8704839534829354,0.007026298,0.67319762,0.797939275,27922.0,1377.0
0.8703707455797046,0.002198198,0.67402048,0.808244748,27922.0,1377.0
0.8721859572843199,0.0,0.683408131,0.815347102,27922.0,1377.0
0.8786415696945368,0.0,0.687350001,0.81709611,27922.0,1377.0
0.8794106472266393,0.0,0.685611481,0.810994372,27922.0,1377.0
0.877861038950431,0.0,0.673006481,0.801535806,27922.0,1377.0
0.8675363757012073,0.0,0.66605714,0.796839911,27922.0,1377.0
0.860148878335765,0.0,0.655636868,0.790710558,27922.0,1377.0
0.8452407971240049,0.0,0.649740948,0.786763092,27922.0,1377.0
0.8128653353442982,0.0,0.640897088,0.750170272,27922.0,1377.0
0.7858802303933444,0.0,0.655363819,0.752960154,27922.0,1377.0
0.7776051465833027,0.0,0.655375453,0.751985685,27922.0,1377.0
0.7695819889101791,0.0,0.6639140045,0.7530801385,27922.0,1377.0
0.7699517140103928,0.0,0.665438701,0.756381213,27922.0,1377.0
0.7933329929663998,0.0,0.663570286,0.770742164,27922.0,1377.0
0.8507149246448983,0.0,0.658550539,0.77602402,27922.0,1377.0
0.8864341933173616,0.0,0.655048037,0.773747116,27922.0,1377.0
0.8763338640748987,0.0,0.654473068,0.785143534,27922.0,1377.0
0.871872173820218,0.0,0.657928257,0.802220566,27922.0,1377.0
0.871510021028248,0.0,0.655118027,0.810001695,27922.0,1377.0
0.8709692534669585,0.008794114,0.643686926,0.785124465,27922.0,1377.0
0.8713842237457677,0.032391573,0.650480215,0.781192206,27922.0,1377.0
0.8710526447463401,0.047615348,0.658093113,0.777550314,27922.0,1377.0
0.8709267530248764,0.02991506,0.67321903,0.771574101,27922.0,1377.0
0.8715634068058133,0.003943639,0.677329973,0.76707812,27922.0,1377.0
0.8728121047283263,0.0,0.678584956,0.776033947,27922.0,1377.0
0.8785461569124258,0.0,0.680171167,0.793917147,27922.0,1377.0
0.8797356001715873,0.0,0.683532855,0.800847909,27922.0,1377.0
0.879704931525855,0.0,0.675483013,0.801844824,27922.0,1377.0
0.869877021472658,0.0,0.672449061,0.807854647,27922.0,1377.0
0.8606962719515341,0.0,0.669413439,0.80437519,27922.0,1377.0
0.8477743515019964,0.0,0.663519381,0.795796247,27922.0,1377.0
0.8134337428765461,0.0,0.669677515,0.784880839,27922.0,1377.0
0.7871297803377406,0.0,0.667054297,0.787856351,27922.0,1377.0
0.7796360788794818,0.0,0.658189784,0.779476389,27922.0,1377.0
0.7723332510333489,0.0,0.657973615,0.77691575,27922.0,1377.0
0.7737016884745885,0.0,0.653705789,0.782163583,27922.0,1377.0
0.7977279985292701,0.0,0.652636818,0.786173933,27922.0,1377.0
0.8508067408757154,0.0,0.647362928,0.776350325,27922.0,1377.0
0.8861170970331231,0.0,0.637200424,0.764897083,27922.0,1377.0
0.878006335397797,0.0,0.62967023,0.752787518,27922.0,1377.0
0.8726962463204625,0.0,0.624115867,0.742547863,27922.0,1377.0
0.8751298436615644,0.0,0.622400777,0.732706394,27922.0,1377.0
0.8756699493215561,0.009055899,0.592440298,0.675297697,27922.0,1377.0
0.8756265968575908,0.038258901,0.59242022,0.661864741,27922.0,1377.0
0.8757532461619542,0.042115585,0.598945051,0.656476662,27922.0,1377.0
0.8757551390836876,0.024489745,0.599166699,0.659635123,27922.0,1377.0
0.8760920186781752,0.007091695,0.584298919,0.653185665,27922.0,1377.0
0.877861606826951,0.0,0.576941665,0.641106388,27922.0,1377.0
0.8850069750645129,0.0,0.568487646,0.617798553,27922.0,1377.0
0.8877886214809486,0.0,0.555472403,0.603437909,27922.0,1377.0
0.8817526652627953,0.0,0.532003502,0.58438704,27922.0,1377.0
0.8714250205582897,0.0,0.510589139,0.563396597,27922.0,1377.0
0.857636432313236,0.0,0.492411635,0.54451308,27922.0,1377.0
0.8296324537479692,0.0,0.427141335,0.434303353,27922.0,1377.0
0.7872018604778006,0.0,0.429498795,0.430941227,27922.0,1377.0
0.7808795234264265,0.0,0.412325365,0.430852935,27922.0,1377.0
0.7753252698125904,0.0,0.39372215,0.429885799,27922.0,1377.0
0.7742188868821617,0.0,0.380067318,0.430401545,27922.0,1377.0
0.7764932737656407,0.0,0.351674963,0.427333782,27922.0,1377.0
0.7728626130163329,0.0,0.33127781,0.44112687,27922.0,1377.0
0.7898664655138405,0.0,0.317507557,0.446595584,27922.0,1377.0
0.8120197763184506,0.0,0.304207896,0.451764632,27922.0,1377.0
0.8271081759290903,0.0,0.277820316,0.440699872,27922.0,1377.0
0.842208975626806,0.0,0.255271605,0.425327194,27922.0,1377.0
0.843931519907133,0.008406077,0.217564034,0.357696404,27922.0,1377.0
0.8442253311830183,0.024326835,0.203902399,0.353953053,27922.0,1377.0
0.8441680642945902,0.032063693,0.192548915,0.338639955,27922.0,1377.0
0.8435097342816708,0.025633605,0.182654009,0.316133362,27922.0,1377.0
0.8443198923574523,0.010151249,0.171185932,0.292224836,27922.0,1377.0
0.8505009080971008,0.0,0.166325133,0.274423256,27922.0,1377.0
0.8638597596169992,0.0,0.159721637,0.26596696,27922.0,1377.0
0.8669200722786276,0.0,0.156495446,0.255163699,27922.0,1377.0
0.8638304162235836,0.0,0.15098258,0.233614814,27922.0,1377.0
0.855153802914556,0.0,0.145860722,0.215669914,27922.0,1377.0
0.8365278361969415,0.0,0.141563405,0.198015654,27922.0,1377.0
0.8182122456843083,0.0,0.145864275,0.187498966,27922.0,1377.0
0.796307405916695,0.0,0.150877519,0.193311273,27922.0,1377.0
0.7886101478564894,0.0,0.150466606,0.207920163,27922.0,1377.0
0.7825514740922968,0.0,0.153438307,0.2526457205,27922.0,1377.0
0.7844593066230175,0.0,0.15563312299999998,0.27516715049999996,27922.0,1377.0
0.7795787651857677,0.0,0.158765981,0.295114095,27922.0,1377.0
0.796731084878097,0.0,0.15729576,0.304253808,27922.0,1377.0
0.8175099004777137,0.0,0.152214721,0.321766683,27922.0,1377.0
0.832284705916425,0.0,0.148032264,0.335525813,27922.0,1377.0
0.8465095620879239,0.0,0.146374179,0.352191299,27922.0,1377.0
0.8476849016304492,0.016463054,0.151377686,0.346011765,27922.0,1377.0
0.8476621844986162,0.080377347,0.150125143,0.386805359,27922.0,1377.0
0.8452428797521179,0.086353578,0.142795975,0.438837649,27922.0,1377.0
0.8448580098283147,0.063987288,0.142447029,0.468367855,27922.0,1377.0
0.8473857897595037,0.016663918,0.149561984,0.487376246,27922.0,1377.0
0.8537145635731841,0.0,0.156125425,0.503708845,27922.0,1377.0
0.8669038863480845,0.0,0.162836892,0.515979821,27922.0,1377.0
0.8697344699689086,0.0,0.171762216,0.526466336,27922.0,1377.0
0.8691166522089419,0.0,0.187930992,0.555231266,27922.0,1377.0
0.8654557490319466,0.0,0.204879365,0.595423059,27922.0,1377.0
0.8596922592225508,0.0,0.221538579,0.631449515,27922.0,1377.0
0.8417278408990088,0.0,0.242803567,0.679518722,27922.0,1377.0
0.821001559055074,0.0,0.281923094,0.699383017,27922.0,1377.0
0.8009667374964566,0.0,0.317600311,0.7546415,27922.0,1377.0
0.7938507124452074,0.0,0.355182934,0.78604773,27922.0,1377.0
0.7872747926397438,0.0,0.371257004,0.802095601,27922.0,1377.0
0.7879115414809732,0.0,0.411219864,0.806110508,27922.0,1377.0
0.8145609972365662,0.0,0.438077464,0.750656698,27922.0,1377.0
0.8684104263056905,0.0,0.445418768,0.631508731,27922.0,1377.0
0.9055567239388292,0.0,0.433928743,0.537773798,27922.0,1377.0
0.8939551553338201,0.0,0.428941562,0.525079361,27922.0,1377.0
0.8906166494503295,0.0,0.408196511,0.495798956,27922.0,1377.0
0.8930598074959071,0.0,0.389428381,0.487452763,27922.0,1377.0
0.8936233874564253,0.016351912,0.373855726,0.421470294,27922.0,1377.0
0.8924306309629209,0.033223736,0.362512549,0.409325618,27922.0,1377.0
0.8915104829508558,0.024830979,0.354166498,0.428070256,27922.0,1377.0
0.8911770110296945,0.014686856,0.35249926,0.454293558,27922.0,1377.0
0.8900124623836688,0.004306898,0.363418217,0.528778981,27922.0,1377.0
0.8901610716511716,0.0,0.392819923,0.626379751,27922.0,1377.0
0.8937359330441523,0.0,0.431330483,0.709047129,27922.0,1377.0
0.891693831267127,0.0,0.477526027,0.778290948,27922.0,1377.0
0.885557303330278,0.0,0.524556401,0.828610588,27922.0,1377.0
0.8729274901128597,0.0,0.565987918,0.869364501,27922.0,1377.0
0.8636613611232248,0.0,0.602436983,0.908162729,27922.0,1377.0
0.8482884263816063,0.0,0.641136693,0.920225911,27922.0,1377.0
0.8152453580298676,0.0,0.661329699,0.919921542,27922.0,1377.0
0.78704250753329,0.0,0.690443599,0.930224053,27922.0,1377.0
0.7775450403122743,0.0,0.717685271,0.933142071,27922.0,1377.0
0.770693388911614,0.0,0.736958907,0.931707032,27922.0,1377.0
0.76942372470632,0.0,0.7495364755,0.927778199,27922.0,1377.0
0.7941959217237349,0.0,0.759390457,0.915999145,27922.0,1377.0
0.8501740622304191,0.0,0.763426133,0.917471511,27922.0,1377.0
0.886842348663724,0.0,0.762900053,0.914543306,27922.0,1377.0
0.8767776100777065,0.0,0.755974501,0.903645533,27922.0,1377.0
0.8716332630734909,0.0,0.750829268,0.890181899,27922.0,1377.0
0.8725618352085794,0.0,0.746480642,0.880514689,27922.0,1377.0
0.8739895268989646,0.015654547,0.732358032,0.872692385,27922.0,1377.0
0.8732569864841744,0.066079985,0.725432469,0.87631217,27922.0,1377.0
0.8720465297227398,0.067110745,0.731558175,0.864844085,27922.0,1377.0
0.8713000748834867,0.041856674,0.721752989,0.851848138,27922.0,1377.0
0.8713450361238225,0.007493273,0.718498214,0.84533076,27922.0,1377.0
0.8730308539946637,0.0,0.713571182,0.831024381,27922.0,1377.0
0.8771444955882166,0.0,0.701691311,0.812965138,27922.0,1377.0
0.8776484423010367,0.0,0.697094886,0.795442413,27922.0,1377.0
0.8721976474221942,0.0,0.6979542325,0.787369279,27922.0,1377.0
0.8603378109782535,0.0,0.689866111,0.783185925,27922.0,1377.0
0.8461614185736064,0.0,0.674002026,0.772747427,27922.0,1377.0
0.8133295269728589,0.0,0.66467237,0.765093002,27922.0,1377.0
0.7880000446845505,0.0,0.647004215,0.799437811,27922.0,1377.0
0.7803692348044899,0.0,0.637201497,0.837026738,27922.0,1377.0
0.7751502752043109,0.0,0.6011487465,0.791502662,27922.0,1377.0
0.7766931393773101,0.0,0.555669657,0.75093199,27922.0,1377.0
0.8025224979754021,0.0,0.523912381,0.730494554,27922.0,1377.0
0.8543072974278416,0.0,0.486187721,0.691113646,27922.0,1377.0
0.886277254365819,0.0,0.423223353,0.588657127,27922.0,1377.0
0.8767257386375281,0.0,0.352710885,0.456375816,27922.0,1377.0
0.8721590753104669,0.0,0.304092159,0.360624745,27922.0,1377.0
0.8720789019980322,0.0,0.293147221,0.330708181,27922.0,1377.0
0.8721004833768251,0.005996639,0.277110453,0.316719135,27922.0,1377.0
0.872548962098173,0.013582573,0.282806095,0.37386471,27922.0,1377.0
0.8710526447463401,0.013465281,0.290698451,0.452130616,27922.0,1377.0
0.8691990974416629,0.012275157,0.285105175,0.499000413,27922.0,1377.0
0.8703707455797046,0.003849033,0.295768503,0.551162251,27922.0,1377.0
0.871743063303395,0.0,0.29862751,0.547336291,27922.0,1377.0
0.8771444955882166,0.0,0.301758635,0.566623034,27922.0,1377.0
0.8781067650438111,0.0,0.310179601,0.602081225,27922.0,1377.0
0.8769064364491663,0.0,0.317882733,0.619913271,27922.0,1377.0
0.8667113567400961,0.0,0.327975598,0.644240759,27922.0,1377.0
0.8597153549387305,0.0,0.331647088,0.652199745,27922.0,1377.0
0.8452407971240049,0.0,0.334415755,0.665856311,27922.0,1377.0
0.81354780280166,0.0,0.337967522,0.690923275,27922.0,1377.0
0.7867273990239747,0.0,0.338029544,0.721379685,27922.0,1377.0
0.7745382316840437,0.0,0.3246816225,0.7674785129999999,27922.0,1377.0
0.7698961749825797,0.0,0.3122091245,0.7975412555,27922.0,1377.0
0.7944082342277661,0.0,0.325646662,0.798411596,27922.0,1377.0
0.8502789408638162,0.0,0.323820912,0.792895565,27922.0,1377.0
0.8865656701934547,0.0,0.322100369,0.782761343,27922.0,1377.0
0.876830333125562,0.0,0.326402538,0.767772869,27922.0,1377.0
0.871932753528783,0.0,0.336283726,0.754328777,27922.0,1377.0
0.871231733367402,0.0,0.339123617,0.726295894,27922.0,1377.0
0.868100144953899,0.00903734,0.362528043,0.693215413,27922.0,1377.0
0.8677566393049316,0.018296927,0.360825685,0.64992126,27922.0,1377.0
0.8659667003835929,0.018636552,0.347546562,0.608420217,27922.0,1377.0
0.8645749779340001,0.015599675,0.339075839,0.560917436,27922.0,1377.0
0.8641558423989649,0.006197267,0.332918157,0.536544932,27922.0,1377.0
0.8671080584602492,0.0,0.325631615,0.527664644,27922.0,1377.0
0.873680949176733,0.0,0.33436636,0.518200467,27922.0,1377.0
0.8770950851533947,0.0,0.3394471535,0.491209517,27922.0,1377.0
0.8675363757012073,0.0,0.351177765,0.528307999,27922.0,1377.0
0.8602160836846034,0.0,0.371687358,0.546523465,27922.0,1377.0
0.846009401632777,0.0,0.394754503,0.527897973,27922.0,1377.0
0.8138741756450113,0.0,0.391499217,0.4721197,27922.0,1377.0
0.7880000446845505,0.0,0.41095548,0.473736028,27922.0,1377.0
0.7799534120895915,0.0,0.416160251,0.484463783,27922.0,1377.0
0.7728397061781204,0.0,0.412971521,0.458020753,27922.0,1377.0
0.7743537003952403,0.0,0.3972667425,0.397805557,27922.0,1377.0
0.8024933440812627,0.0,0.376881046,0.394739712,27922.0,1377.0
0.8550851776673143,0.0,0.341341605,0.351118598,27922.0,1377.0
0.8944274873542473,0.0,0.306131669,0.343389243,27922.0,1377.0
0.8831924256754015,0.0,0.28899222,0.379676389,27922.0,1377.0
0.8788155470127118,0.0,0.286416407,0.42165187,27922.0,1377.0
0.881801744125659,0.0,0.267149387,0.480022723,27922.0,1377.0
0.8778019735792529,0.013881453,0.231617459,0.565651821,27922.0,1377.0
0.8760849196003653,0.051762046,0.240739661,0.697831649,27922.0,1377.0
0.8759769174390049,0.064796617,0.245163956,0.784387292,27922.0,1377.0
0.8755315626598266,0.042730265,0.252354886,0.839901738,27922.0,1377.0
0.8761356552875036,0.010417382,0.261808947,0.849775372,27922.0,1377.0
0.8802501484887334,0.0,0.283440177,0.852004213,27922.0,1377.0
0.8869353955007709,0.0,0.310747284,0.870643843,27922.0,1377.0
0.8867156993593607,0.0,0.334584938,0.884392907,27922.0,1377.0
0.8826998373213949,0.0,0.369087237,0.89217451,27922.0,1377.0
0.8725309772706739,0.0,0.399129457,0.858253746,27922.0,1377.0
0.8685864858377726,0.0,0.417981642,0.845482475,27922.0,1377.0
0.8533955739530059,0.0,0.448854251,0.856276254,27922.0,1377.0
0.8213338007842114,0.0,0.461725445,0.866415649,27922.0,1377.0
0.7854491214034839,0.0,0.515762904,0.855686597,27922.0,1377.0
0.7778454300089414,0.0,0.552231515,0.837642175,27922.0,1377.0
0.7731501296025935,0.0,0.54968587,0.833725626,27922.0,1377.0
0.7763066602629304,0.0,0.541330561,0.839810731,27922.0,1377.0
0.778078330625613,0.0,0.52359224,0.839173228,27922.0,1377.0
0.7801949261214599,0.0,0.504061058,0.840457169,27922.0,1377.0
0.7731528273267184,0.0,0.478910674,0.836024029,27922.0,1377.0
0.7910011030970336,0.0,0.449679211,0.825906515,27922.0,1377.0
0.8117227466614121,0.0,0.438399127,0.817090244,27922.0,1377.0
0.8264453969287879,0.0,0.433921747,0.810895626,27922.0,1377.0
0.8399102624209175,0.0,0.422529194,0.811533265,27922.0,1377.0
0.8403940476533478,0.005259879,0.402156189,0.777075193,27922.0,1377.0
0.8388456699833692,0.013589892,0.389942165,0.771572505,27922.0,1377.0
0.8355213622554984,0.020778568,0.369123988,0.746532524,27922.0,1377.0
0.8342024303093734,0.013143409,0.365691205,0.721572066,27922.0,1377.0
0.8351681074382944,0.005227054,0.369955569,0.719732833,27922.0,1377.0
0.8409582903435758,0.0,0.381202596,0.702428181,27922.0,1377.0
0.8527484130067267,0.0,0.402485984,0.670115522,27922.0,1377.0
0.8543132607526114,0.0,0.399448155,0.642547846,27922.0,1377.0
0.8514784174365777,0.0,0.388123695,0.619042488,27922.0,1377.0
0.8456676944665599,0.0,0.366012529,0.573763819,27922.0,1377.0
0.8392765428757707,0.0,0.355733613,0.526799703,27922.0,1377.0
0.819603116112018,0.0,0.342613174,0.474256175,27922.0,1377.0
0.7967920431710085,0.0,0.306882966,0.429760061,27922.0,1377.0
0.7839248335442497,0.0,0.321304889,0.412304774,27922.0,1377.0
0.774943712708924,0.0,0.32576298,0.406584164,27922.0,1377.0
0.7684907035838484,0.0,0.352327447,0.426759943,27922.0,1377.0
0.767439457694243,0.0,0.383858647,0.402058499,27922.0,1377.0
0.7694502757295241,0.0,0.400573134,0.374146347,27922.0,1377.0
0.7731719479072577,0.0,0.416424974,0.275921004,27922.0,1377.0
0.7669466328285713,0.0,0.399614771,0.189329214,27922.0,1377.0
0.7878676685670827,0.0,0.390343215,0.146564448,27922.0,1377.0
0.8106756656138266,0.0,0.36603375,0.134470319,27922.0,1377.0
0.8258242663486846,0.0,0.358050317,0.16659229,27922.0,1377.0
0.842350202085342,0.0,0.341545737,0.241392304,27922.0,1377.0
0.8439568875435992,0.036269209,0.311569191,0.339228085,27922.0,1377.0
0.8402999599164502,0.085014523,0.288076361,0.480408107,27922.0,1377.0
0.8369675117967131,0.083565995,0.272015507,0.578671637,27922.0,1377.0
0.8340348897535045,0.04748285,0.250447892,0.615657166,27922.0,1377.0
0.8378961787849915,0.009014919,0.228887864,0.597298648,27922.0,1377.0
0.8446995561251791,0.0,0.240692138,0.59439108,27922.0,1377.0
0.8586130896308299,0.0,0.249454477,0.609191647,27922.0,1377.0
0.8620724707860874,0.0,0.264747098,0.640783039,27922.0,1377.0
0.8617057749819568,0.0,0.285749601,0.675529843,27922.0,1377.0
0.8577158484569772,0.0,0.306860851,0.714993091,27922.0,1377.0
0.847182185523859,0.0,0.32594465,0.751690565,27922.0,1377.0
0.8239044597418294,0.0,0.343574312,0.765062002,27922.0,1377.0
0.8006078030856397,0.0,0.348712777,0.784793935,27922.0,1377.0
0.7901703101033261,0.0,0.345962604,0.793001134,27922.0,1377.0
0.7818646525007418,0.0,0.353940228,0.799248315,27922.0,1377.0
0.7731100429463763,0.0,0.39434665300000005,0.805467852,27922.0,1377.0
0.7720336185053752,0.0,0.439461603,0.815273931,27922.0,1377.0
0.7939545497645479,0.0,0.475947598,0.810656165,27922.0,1377.0
0.8507149246448983,0.0,0.50189004,0.807650197,27922.0,1377.0
0.8824086765501425,0.0,0.545374449,0.759836294,27922.0,1377.0
0.8747559539264341,0.0,0.587944492,0.736443262,27922.0,1377.0
0.8676891498107302,0.0,0.620678794,0.74554166,27922.0,1377.0
0.8652334028001093,0.0,0.657800413,0.753227441,27922.0,1377.0
0.8649299367949705,0.005426659,0.681834413,0.758823268,27922.0,1377.0
0.8651263470996156,0.016695819,0.707950061,0.792719365,27922.0,1377.0
0.8646276065428719,0.019813469,0.697158744,0.777664693,27922.0,1377.0
0.8630582153706206,0.028263064,0.69687409,0.76359188,27922.0,1377.0
0.8619806549694762,0.007556547,0.707025512,0.769939711,27922.0,1377.0
0.8622958583319812,0.0,0.715555884,0.770634193,27922.0,1377.0
0.8692163246862625,0.0,0.725495035,0.804533978,27922.0,1377.0
0.8681526787095811,0.0,0.72986011,0.834416051,27922.0,1377.0
0.8657475725329087,0.0,0.715407135,0.829028019,27922.0,1377.0
0.8546405800568293,0.0,0.700662791,0.817447264,27922.0,1377.0
0.8493473396397476,0.0,0.69039947,0.815847831,27922.0,1377.0
0.8376583093523207,0.0,0.68238852,0.857226425,27922.0,1377.0
0.8063337144636666,0.0,0.662671026,0.853714732,27922.0,1377.0
0.7623774138500667,0.0,0.669699676,0.863349042,27922.0,1377.0
