Demand,Avail_Sol,Avail_Wind_On,Avail_Wind_Off,Hyd_In,HydRoR_In
0.6846853061397501,0.0,0.751133501,0.8453063586666666,1116.0,3161.0
0.7098861041156534,0.0,0.8025021475,0.9331657325,1116.0,3161.0
0.8550554613539302,0.0,0.829470685,0.9368493265,1116.0,3161.0
0.9253616945219605,0.002320811,0.836150849,0.93717184,1116.0,3161.0
0.9250302834731265,0.131864073,0.821688645,0.936889592,1116.0,3161.0
0.9212721216498121,0.306083632,0.6556403905,0.9314857785,1116.0,3161.0
0.9202121975219859,0.35939821,0.6613691695,0.9125206065,1116.0,3161.0
0.9246850693611544,0.186940669,0.5292543765,0.831683807,1116.0,3161.0
0.9337611808995419,0.0007129995,0.4282909465,0.73071442,1116.0,3161.0
0.916579185901434,0.0,0.416284027,0.716170643,1116.0,3161.0
0.8104710017080436,0.0,0.444260667,0.649226546,1116.0,3161.0
0.744980684775563,0.0,0.43929954,0.670909133,1116.0,3161.0
0.7128377816264406,0.0,0.45782050350000003,0.6136730724999999,1116.0,3161.0
0.7032169355982247,0.0,0.46963175300000004,0.5484856005000001,1116.0,3161.0
0.7253068053903344,0.0,0.48894039349999996,0.6013756905000001,1116.0,3161.0
0.8757503949109388,0.0,0.4873170405,0.630488991,1116.0,3161.0
0.9365625945864013,0.0020460945,0.4588984015,0.6173311805,1116.0,3161.0
0.9385803286757556,0.091075205,0.444568999,0.591754594,1116.0,3161.0
0.9326734657208482,0.19888981049999999,0.4102251195,0.6230336715,1116.0,3161.0
0.9273975250401897,0.1990865375,0.4413477505,0.6477833555,1116.0,3161.0
0.9272504466914815,0.117048867,0.399030037,0.7294301615000001,1116.0,3161.0
0.935542740436029,0.0009056335,0.3988146995,0.7956571405,1116.0,3161.0
0.9119914576636838,0.0,0.45920524149999997,0.844828194,1116.0,3161.0
0.8076467829747563,0.0,0.4963464285,0.8570893980000001,1116.0,3161.0
0.7410150160193246,0.0,0.541973383,0.864999542,1116.0,3161.0
0.7019694697652219,0.0,0.6225173515,0.8858816075,1116.0,3161.0
0.6895112249840069,0.0,0.7344140065,0.9072150484999999,1116.0,3161.0
0.71096384794828,0.0,0.8264571935,0.9347111125,1116.0,3161.0
0.855343385960055,0.0,0.8800498409999999,0.892472343,1116.0,3161.0
0.9266662417377937,0.000982355,0.8808368495000001,0.887758366,1116.0,3161.0
0.9254659790666622,0.0730977495,0.834874178,0.663525523,1116.0,3161.0
0.9211130407671861,0.182331408,0.8392436050000001,0.6611982505,1116.0,3161.0
0.920517340993692,0.1689711975,0.863716454,0.7531186005,1116.0,3161.0
0.9211822406760615,0.078937922,0.878579112,0.798533286,1116.0,3161.0
0.9274478901474487,0.0015410825,0.8962462179999999,0.842212297,1116.0,3161.0
0.9061127085491636,0.0,0.9053707605000001,0.870102117,1116.0,3161.0
0.8077801967880673,0.0,0.9019773584999999,0.8361581355000001,1116.0,3161.0
0.7220346350039444,0.0,0.8838623594999999,0.8544151365,1116.0,3161.0
0.6926396181576289,0.0,0.8651056214999999,0.8622200520000001,1116.0,3161.0
0.6916813468788408,0.0,0.82840245,0.8741786885,1116.0,3161.0
0.7790495715786041,0.0,0.764512904,0.84537534,1116.0,3161.0
0.8932715104574673,0.0,0.689834065,0.784754696,1116.0,3161.0
0.9264578575729818,0.001200999,0.6015014089999999,0.712162745,1116.0,3161.0
0.9247505760806993,0.0460604025,0.47205616650000004,0.611222858,1116.0,3161.0
0.9181807061035325,0.09444570199999999,0.43338535300000003,0.5329264005000001,1116.0,3161.0
0.909807209916192,0.068546168,0.435146072,0.531334172,1116.0,3161.0
0.9090923610411912,0.0082887925,0.44286424,0.5127798635,1116.0,3161.0
0.9093480169689323,0.0,0.52592952,0.533188157,1116.0,3161.0
0.8574057607794872,0.0,0.599203463,0.6186943555,1116.0,3161.0
0.7833887303447736,0.0,0.661638304,0.662515724,1116.0,3161.0
0.7220899161889605,0.0,0.6859302505,0.703980134,1116.0,3161.0
0.6899575384968673,0.0,0.7618402255,0.72738087,1116.0,3161.0
0.7027457708273438,0.0,0.8049902006666666,0.7735545269999999,1116.0,3161.0
0.8539191352003471,0.0,0.757868049,0.7882849445,1116.0,3161.0
0.9235765806552896,0.0041588395,0.6907663660000001,0.711397364,1116.0,3161.0
0.9227667720083967,0.086467152,0.619078492,0.612301765,1116.0,3161.0
0.9179580572269164,0.1381321225,0.4761433305,0.49980840649999997,1116.0,3161.0
0.9119921499709802,0.12610335849999998,0.38406329699999997,0.4910920525,1116.0,3161.0
0.914575716192478,0.056755009,0.292324788,0.480246797,1116.0,3161.0
0.9273154456969152,0.0011532845,0.267763225,0.479754442,1116.0,3161.0
0.908541532656405,0.0,0.25781776,0.5021551,1116.0,3161.0
0.8102074052906798,0.0,0.26792674650000003,0.46960809699999995,1116.0,3161.0
0.7463231325846651,0.0,0.268538505,0.437463426,1116.0,3161.0
0.6987137566732466,0.0,0.2656948555,0.406674615,1116.0,3161.0
0.6881239979170862,0.0,0.26463322300000003,0.3693227565,1116.0,3161.0
0.693986520727228,0.0,0.23449673999999998,0.255713557,1116.0,3161.0
0.7156298473420654,0.0,0.187869135,0.14842958950000001,1116.0,3161.0
0.7779285262278597,0.003118317,0.15173426299999998,0.1269602865,1116.0,3161.0
0.805640173856026,0.12285639749999999,0.10544577799999999,0.190835386,1116.0,3161.0
0.8001035458405541,0.193326094,0.074109081,0.202693597,1116.0,3161.0
0.7995219722511238,0.1493342755,0.054764883,0.2317178925,1116.0,3161.0
0.8112894885544883,0.059309868,0.064454028,0.347816847,1116.0,3161.0
0.8268948459816268,0.001347592,0.09204581049999999,0.48802513049999996,1116.0,3161.0
0.8141787987555051,0.0,0.1294611045,0.6333778919999999,1116.0,3161.0
0.7566943280383358,0.0,0.177686016,0.711818104,1116.0,3161.0
0.7045635846421744,0.0,0.207243186,0.697059,1116.0,3161.0
0.6979480349768757,0.0,0.23679398899999998,0.6922919624999999,1116.0,3161.0
0.6892075121923384,0.0,0.263437975,0.703841257,1116.0,3161.0
0.6913438880004941,0.0,0.28828027349999996,0.6872636475,1116.0,3161.0
0.6981633206732566,0.0,0.306238683,0.661824186,1116.0,3161.0
0.7190899282885963,0.0,0.3381921795,0.6096301424999999,1116.0,3161.0
0.7803739464886625,0.0020002425,0.37133399850000004,0.5539544665,1116.0,3161.0
0.8145524498287902,0.064640068,0.368620026,0.538960136,1116.0,3161.0
0.8156096965269143,0.1797974795,0.3103430075,0.5076950555,1116.0,3161.0
0.8156966694123329,0.268924903,0.3411691595,0.483487151,1116.0,3161.0
0.8229281614657602,0.17755113,0.391183885,0.49474081999999997,1116.0,3161.0
0.8417740439757373,0.0024188415,0.4641384235,0.501480568,1116.0,3161.0
0.8284539412346832,0.0,0.45032306899999996,0.5143339365,1116.0,3161.0
0.7665169105568501,0.0,0.422522088,0.545309958,1116.0,3161.0
0.7255058187168919,0.0,0.376307715,0.5753270109999999,1116.0,3161.0
0.7297206110556729,0.0,0.3962084765,0.580415106,1116.0,3161.0
0.7301899367437596,0.0,0.4042939285,0.5880138374999999,1116.0,3161.0
0.7767747273516398,0.0,0.402478473,0.60115304,1116.0,3161.0
0.899525434450418,0.0,0.4096542695,0.6133683225,1116.0,3161.0
0.9520885497685613,0.0029786685,0.43795100200000003,0.6245933285,1116.0,3161.0
0.9552661998275183,0.154799634,0.440393917,0.633124867,1116.0,3161.0
0.9491870063749968,0.3400974355,0.35880288250000003,0.6387649615,1116.0,3161.0
0.9433526206036675,0.450279097,0.3812008045,0.650626983,1116.0,3161.0
0.9441520416584597,0.276146354,0.48287527750000003,0.6809697265,1116.0,3161.0
0.954841768395159,0.0038446025,0.583394583,0.7187153795000001,1116.0,3161.0
0.932561748732041,0.0,0.617031841,0.765398017,1116.0,3161.0
0.8205342831351983,0.0,0.6262424710000001,0.7962588239999999,1116.0,3161.0
0.7462491319273477,0.0,0.58272002,0.8200169900000001,1116.0,3161.0
0.7278988426825854,0.0,0.625951161,0.827049127,1116.0,3161.0
0.727497562284599,0.0,0.6444836860000001,0.8271692390000001,1116.0,3161.0
0.7746347508164494,0.0,0.628254334,0.865461147,1116.0,3161.0
0.8968989358971728,0.0,0.595235499,0.835260761,1116.0,3161.0
0.9510390122386176,0.003187893,0.5451363485,0.816563057,1116.0,3161.0
0.9509422986657621,0.1623358525,0.4588966745,0.7759100105,1116.0,3161.0
0.9423227026449323,0.2817304565,0.370623674,0.7099416695,1116.0,3161.0
0.9343037460051855,0.2336373755,0.344865853,0.6744339125,1116.0,3161.0
0.9372935083710208,0.0540603175,0.3496965245,0.6743415939999999,1116.0,3161.0
0.9389843557673143,0.0,0.3365659605,0.6656340519999999,1116.0,3161.0
0.8662356336252386,0.0,0.3029396325,0.6619330729999999,1116.0,3161.0
0.7858556396384695,0.0,0.266510062,0.642398632,1116.0,3161.0
0.7285178091511737,0.0,0.218888614,0.566856284,1116.0,3161.0
0.7030639711461695,0.0,0.17963301,0.508240181,1116.0,3161.0
0.7018628080447247,0.0,0.16433794499999999,0.413315308,1116.0,3161.0
0.744900636951545,0.0,0.156603505,0.40497295,1116.0,3161.0
0.874864277694803,0.0,0.1567477245,0.4293314875,1116.0,3161.0
0.9360518365104753,0.005250719,0.167228995,0.4660813465,1116.0,3161.0
0.9360968928237747,0.113630831,0.159039722,0.461309044,1116.0,3161.0
0.9286423363105096,0.2401325405,0.105716083,0.438875535,1116.0,3161.0
0.9239132080357874,0.320846158,0.078800253,0.3661150995,1116.0,3161.0
0.9256095948846702,0.184434685,0.07304451849999999,0.4015924325,1116.0,3161.0
0.9331044523654252,0.002563745,0.10142881200000001,0.47925969300000004,1116.0,3161.0
0.9148009500365005,0.0,0.107371419,0.4555658705,1116.0,3161.0
0.8105811488262605,0.0,0.08649048349999999,0.3563060465,1116.0,3161.0
0.7338411829895212,0.0,0.0573240585,0.21663218350000002,1116.0,3161.0
0.7146341828527134,0.0,0.0369031925,0.136901462,1116.0,3161.0
0.7166408837709274,0.0,0.0287355045,0.1253825415,1116.0,3161.0
0.8114175014429502,0.0,0.024279915,0.12114982099999999,1116.0,3161.0
0.9221968317665132,0.0,0.021022984,0.096215224,1116.0,3161.0
0.9427290840452672,0.002642951,0.016902896,0.070816387,1116.0,3161.0
0.9424047362541681,0.059078498,0.011500554,0.05321464,1116.0,3161.0
0.9354301926121849,0.1267410795,0.010865346500000001,0.082319068,1116.0,3161.0
0.9304431462318348,0.151247817,0.013573771500000002,0.130505571,1116.0,3161.0
0.9305770677592566,0.0942271305,0.0244061455,0.177636773,1116.0,3161.0
0.941604437636082,0.002859049,0.0404693495,0.24077527850000002,1116.0,3161.0
0.9192009755057204,0.0,0.043118641,0.2581089835,1116.0,3161.0
0.8115668416381393,0.0,0.038237926500000005,0.231110839,1116.0,3161.0
0.7352696807181153,0.0,0.037537942000000005,0.21688080250000003,1116.0,3161.0
0.7154538011195075,0.0,0.044407851,0.2765449765,1116.0,3161.0
0.7307443660765177,0.0,0.047756124000000004,0.32903164599999996,1116.0,3161.0
0.8917525776441605,0.0,0.0541165875,0.3342621235,1116.0,3161.0
0.9429882485691534,0.0021538615,0.059500025,0.3216622015,1116.0,3161.0
0.9432665249501369,0.038797514,0.059508134500000004,0.31036304000000003,1116.0,3161.0
0.9401471030495078,0.07268972566666666,0.056331263666666666,0.2992077926666667,1116.0,3161.0
0.9383556950081398,0.0359731255,0.06848767950000001,0.3532807375,1116.0,3161.0
0.9464369732236183,0.0015682215,0.08932590800000001,0.390738309,1116.0,3161.0
0.9237087941157869,0.0,0.1036319975,0.414983536,1116.0,3161.0
0.8130203601941969,0.0,0.1143372835,0.42378592400000004,1116.0,3161.0
0.7487973367889442,0.0,0.098629706,0.33354156,1116.0,3161.0
0.7046265060629068,0.0,0.11488269749999999,0.372312442,1116.0,3161.0
0.6930980031368712,0.0,0.132869923,0.41010561050000005,1116.0,3161.0
0.6961341838949855,0.0,0.1521697195,0.45752834499999995,1116.0,3161.0
0.7195982395934506,0.0,0.17817263849999998,0.49113666,1116.0,3161.0
0.780327551626215,0.0028780155,0.208439898,0.5195997095,1116.0,3161.0
0.8136162442294702,0.077094478,0.220712959,0.545372044,1116.0,3161.0
0.8137960068397839,0.16902742399999998,0.209496079,0.5219458665,1116.0,3161.0
0.8115060899329978,0.1945395805,0.19979719299999998,0.49803465300000005,1116.0,3161.0
0.8184439787371584,0.11413910499999999,0.207652452,0.5572367535,1116.0,3161.0
0.8387193747353576,0.0060175955,0.2567953445,0.6745419445,1116.0,3161.0
0.8234434435660536,0.0,0.30616531,0.7195807685,1116.0,3161.0
0.7615042431726295,0.0,0.30172401299999996,0.7090457285,1116.0,3161.0
0.7091842271373476,0.0,0.24057079,0.625989511,1116.0,3161.0
0.7063480062015488,0.0,0.253139515,0.6243686855,1116.0,3161.0
0.7004244007220626,0.0,0.269526942,0.6688271786666666,1116.0,3161.0
0.7133486550316819,0.0,0.286836201,0.7115274115,1116.0,3161.0
0.7565624145003388,0.0,0.2895250935,0.701773846,1116.0,3161.0
0.811203808152773,0.0957262495,0.27516799150000004,0.7105320785,1116.0,3161.0
0.8162186916494354,0.37456910499999996,0.218356576,0.612855811,1116.0,3161.0
0.8145315374424724,0.46761358750000004,0.197603897,0.5556511635,1116.0,3161.0
0.8224570581154724,0.297446386,0.202294456,0.5302851614999999,1116.0,3161.0
0.8421338459204393,0.0100118905,0.2485870095,0.633122896,1116.0,3161.0
0.8284796086354043,0.0,0.283993863,0.7122693755,1116.0,3161.0
0.7669950307680219,0.0,0.2902074475,0.735978792,1116.0,3161.0
0.7167192937861091,0.0,0.284922907,0.761573248,1116.0,3161.0
0.7336710921341805,0.0,0.31154004599999996,0.8039491505,1116.0,3161.0
0.7271009676371459,0.0,0.33880112149999997,0.857398644,1116.0,3161.0
0.7506626376701857,0.0,0.36997053999999996,0.900827044,1116.0,3161.0
0.8959265381029149,0.0,0.4162585775,0.9240692269999999,1116.0,3161.0
0.9470846997744453,0.0067084715,0.4762684405,0.9324238869999999,1116.0,3161.0
0.9470254715430432,0.12135376,0.522712856,0.934867604,1116.0,3161.0
0.9397743138529624,0.19831403949999998,0.47177795,0.934207723,1116.0,3161.0
0.9344096918885547,0.2183782935,0.5659622950000001,0.935444224,1116.0,3161.0
0.9363600733265109,0.109288581,0.667534938,0.9353073455,1116.0,3161.0
0.9432221612755397,0.00223132,0.7496263945,0.9367160265000001,1116.0,3161.0
0.916782076679101,0.0,0.795165424,0.9367806144999999,1116.0,3161.0
0.8094586721326663,0.0,0.8320360175,0.936804099,1116.0,3161.0
0.7305888396345444,0.0,0.7926847655,0.9367073945,1116.0,3161.0
0.7077619157660067,0.0,0.8032969169999999,0.9373582535,1116.0,3161.0
0.7228194300038387,0.0,0.7680238026666667,0.9361685876666668,1116.0,3161.0
0.8798765758926528,0.0,0.693924308,0.921560143,1116.0,3161.0
0.9361965144849625,0.0048157105,0.649738558,0.900924925,1116.0,3161.0
0.9362004843983678,0.0808517,0.647880549,0.882614792,1116.0,3161.0
0.9340108353946212,0.125164708,0.577961974,0.830353513,1116.0,3161.0
0.933092080313731,0.2097566715,0.611468494,0.8285276960000001,1116.0,3161.0
0.9325345581889866,0.1932332115,0.6746923775,0.867243028,1116.0,3161.0
0.9382241281209003,0.117101859,0.691876068,0.864440538,1116.0,3161.0
0.9472635387560202,0.0083362185,0.6572081000000001,0.8697193485,1116.0,3161.0
0.9252169244165835,0.0,0.599635702,0.864521849,1116.0,3161.0
0.8145988907566823,0.0,0.5746534274999999,0.8753375985,1116.0,3161.0
0.749575199215567,0.0,0.481796244,0.875825158,1116.0,3161.0
0.7246469841747003,0.0,0.494229741,0.8604328889999999,1116.0,3161.0
0.7191478872347207,0.0,0.502661032,0.8315115385,1116.0,3161.0
0.7464596629407311,0.0,0.531930009,0.78506331,1116.0,3161.0
0.8945230154677456,0.0,0.5893741050000001,0.770470728,1116.0,3161.0
0.948665030534745,0.003422219,0.6477050664999999,0.7891989445,1116.0,3161.0
0.952418437343656,0.081707028,0.673171914,0.804724131,1116.0,3161.0
0.9489622341796405,0.1908995185,0.5770694915,0.7704891265,1116.0,3161.0
0.944904652930395,0.282712202,0.686926818,0.8286025355,1116.0,3161.0
0.9445751809385219,0.191079172,0.757393346,0.8749441165,1116.0,3161.0
0.9499316310918646,0.0122133965,0.739814203,0.895325141,1116.0,3161.0
0.9255311162684303,0.0,0.7286858224999999,0.8896470435,1116.0,3161.0
0.8138921202362328,0.0,0.7018148875,0.8905364410000001,1116.0,3161.0
0.7376797160891854,0.0,0.6398100885,0.9019861735,1116.0,3161.0
0.7179404227781137,0.0,0.6535702825,0.9019157065000001,1116.0,3161.0
0.7168939318642427,0.0,0.6586921605,0.89626764,1116.0,3161.0
0.7614813463267184,0.0,0.683312863,0.880416309,1116.0,3161.0
0.8853114589281967,0.0,0.7149244450000001,0.74644095,1116.0,3161.0
0.9273346496849022,0.00161873,0.7699950335,0.5939983799999999,1116.0,3161.0
0.9259653808505224,0.036049598,0.819340185,0.619755066,1116.0,3161.0
0.9293239932097942,0.088622583,0.8524300155,0.7921694295,1116.0,3161.0
0.9307173138402663,0.16845419099999998,0.8627137355,0.9013751409999999,1116.0,3161.0
0.9282995229041648,0.1347932495,0.8319439909999999,0.872325161,1116.0,3161.0
0.9409355216434565,0.0114637115,0.7548751705000001,0.7020224989999999,1116.0,3161.0
0.9244129329405734,0.0,0.6515240579999999,0.5825912085,1116.0,3161.0
0.8138112409143656,0.0,0.5424683715,0.5201310945,1116.0,3161.0
0.7503052357682987,0.0,0.390466127,0.499898246,1116.0,3161.0
0.7256083716648373,0.0,0.340115033,0.4470177355,1116.0,3161.0
0.721981523203113,0.0,0.31799364,0.40846290350000003,1116.0,3161.0
0.7455402844850085,0.0,0.328972351,0.438169849,1116.0,3161.0
0.8946375020171444,0.0,0.348582677,0.452821528,1116.0,3161.0
0.9474478714561458,0.0038212855,0.3563400745,0.467658843,1116.0,3161.0
0.9501482785358187,0.102417368,0.351529453,0.466235331,1116.0,3161.0
0.9465641085487863,0.209016565,0.286155697,0.542600627,1116.0,3161.0
0.9423954108185466,0.3123100675,0.31140615699999996,0.561519048,1116.0,3161.0
0.937779384147224,0.2893950285,0.307176039,0.6233189969999999,1116.0,3161.0
0.9449016059829162,0.11016384800000001,0.27960073750000003,0.6169581075,1116.0,3161.0
0.9499635302524717,0.0,0.263154549,0.629914419,1116.0,3161.0
0.9283405625758021,0.0,0.274533826,0.6495642855,1116.0,3161.0
0.8174207548497874,0.0,0.288777314,0.6328104285,1116.0,3161.0
0.7534208419698171,0.0,0.310177662,0.6570646,1116.0,3161.0
0.7082884852259022,0.0,0.33508557299999997,0.6229510245000001,1116.0,3161.0
0.6999128421899901,0.0,0.361641919,0.5994342455,1116.0,3161.0
0.703432913601902,0.0,0.3620413645,0.612816433,1116.0,3161.0
0.7263315530828508,0.0,0.354275158,0.5685493415,1116.0,3161.0
0.7837332054211923,0.006786754,0.33951148600000003,0.5010797475,1116.0,3161.0
0.8150978308918764,0.1678837185,0.2715854945,0.44937634849999997,1116.0,3161.0
0.814155808784486,0.2167203525,0.2186119435,0.4124152125,1116.0,3161.0
0.8156017563686977,0.142896431,0.14785323,0.347136514,1116.0,3161.0
0.82327993078995,0.064705893,0.1024246695,0.235781364,1116.0,3161.0
0.8412222922936186,0.0028937295,0.1135935815,0.1690687775,1116.0,3161.0
0.8254495443078608,0.0,0.126645907,0.182018675,1116.0,3161.0
0.7656417575793903,0.0,0.117497289,0.2517513705,1116.0,3161.0
0.7155722807807372,0.0,0.09973639649999999,0.355936574,1116.0,3161.0
0.7062481535503249,0.0,0.13042046899999998,0.3955306005,1116.0,3161.0
0.7029659190241659,0.0,0.165951088,0.38430802,1116.0,3161.0
0.7153447618918085,0.0,0.200056351,0.358829039,1116.0,3161.0
0.7579126414043038,0.0,0.211674853,0.2628443505,1116.0,3161.0
0.8043056198082897,0.012068009,0.209808805,0.167129202,1116.0,3161.0
0.8177991609374757,0.20478402149999997,0.180318268,0.085537934,1116.0,3161.0
0.8156027260628811,0.35881885599999996,0.127127176,0.057569151,1116.0,3161.0
0.8156218379199784,0.2812390505,0.0979344535,0.06569762800000001,1116.0,3161.0
0.8265340282772965,0.148657231,0.083532026,0.126084443,1116.0,3161.0
0.8397443991519491,0.012323561,0.07839529549999999,0.251442333,1116.0,3161.0
0.8367452188881963,0.0,0.106514891,0.393704468,1116.0,3161.0
0.7975466627794059,0.0,0.1424030735,0.5330164275,1116.0,3161.0
0.7279477071831243,0.0,0.17262969350000001,0.617084137,1116.0,3161.0
0.72863121100848,0.0,0.20911793950000002,0.661315518,1116.0,3161.0
0.7198472017812334,0.0,0.270349912,0.696339612,1116.0,3161.0
0.7397533550697939,0.0,0.3372220545,0.7132257934999999,1116.0,3161.0
0.8919463739762421,0.0,0.3859389675,0.7410234805,1116.0,3161.0
0.940463818448168,0.00369344,0.39717386050000003,0.7305147665,1116.0,3161.0
0.9347723565189564,0.05272434449999999,0.334212434,0.6633011934999999,1116.0,3161.0
0.929370064951316,0.083195772,0.269247679,0.60478075,1116.0,3161.0
0.9270090554755446,0.087331734,0.240896296,0.554411205,1116.0,3161.0
0.9280159837946669,0.073927539,0.22776004900000002,0.54473601,1116.0,3161.0
0.9391754746696939,0.0083196275,0.2436766595,0.5957181970000001,1116.0,3161.0
0.9196658928301609,0.0,0.257205444,0.5655764670000001,1116.0,3161.0
0.8120423304850537,0.0,0.2645306075,0.535938119,1116.0,3161.0
0.7360661472877243,0.0,0.2655911725,0.5035364744999999,1116.0,3161.0
0.7179445776161103,0.0,0.26481204,0.42908805800000005,1116.0,3161.0
0.7165880032915384,0.0,0.2608610385,0.41703683,1116.0,3161.0
0.7586521419203975,0.0,0.242713967,0.40387365,1116.0,3161.0
0.8880102964686856,0.0,0.22640676399999998,0.427225399,1116.0,3161.0
0.9394555055144529,0.0073602095,0.217567123,0.5283420595,1116.0,3161.0
0.9387450421360788,0.100071803,0.208622453,0.641519472,1116.0,3161.0
0.9272863160968998,0.182863765,0.21812752000000002,0.7118485354999999,1116.0,3161.0
0.9235750107846994,0.23079221,0.266773947,0.7820027865,1116.0,3161.0
0.9228801509986837,0.1546114815,0.324587092,0.8394235965,1116.0,3161.0
0.9276139878909587,0.011839465,0.398186507,0.892493846,1116.0,3161.0
0.905831477351591,0.0,0.49919463799999997,0.9233787685,1116.0,3161.0
0.807788090880839,0.0,0.5700510299999999,0.9344353045,1116.0,3161.0
0.7353073967181989,0.0,0.572650198,0.93648868,1116.0,3161.0
0.6948620664208899,0.0,0.6042146165,0.9363539359999999,1116.0,3161.0
0.6832077670502403,0.0,0.60664937,0.9364029645,1116.0,3161.0
0.7078531356203116,0.0,0.5876772809999999,0.934090367,1116.0,3161.0
0.8492025635705044,0.0,0.5547452275,0.9254263574999999,1116.0,3161.0
0.9046651450289169,0.0044994745,0.551261096,0.92133138,1116.0,3161.0
0.8942796391294031,0.06392953,0.5318584195,0.9104163679999999,1116.0,3161.0
0.8843775158381697,0.1600498155,0.5329429210000001,0.8685399765,1116.0,3161.0
0.8813573771226546,0.1829799465,0.5792568235,0.8593559879999999,1116.0,3161.0
0.8825188162345907,0.132436654,0.627325734,0.88472946,1116.0,3161.0
0.8917431140122045,0.018129534,0.6807741905,0.9277784155,1116.0,3161.0
0.8755939914580149,0.0,0.7193564665000001,0.933167327,1116.0,3161.0
0.8015383677913299,0.0,0.7228500955,0.9182353245,1116.0,3161.0
0.7343116400979574,0.0,0.660875381,0.930316782,1116.0,3161.0
0.6920156660160071,0.0,0.6551366565000001,0.9242038315000001,1116.0,3161.0
0.6836110554376518,0.0,0.6193782635,0.9042334185,1116.0,3161.0
0.7101351819641574,0.0,0.5572881285,0.9016657585000001,1116.0,3161.0
0.8539130419682018,0.0,0.4739766945,0.898228123,1116.0,3161.0
0.9222427189148497,0.0063987935,0.389886642,0.8947041765,1116.0,3161.0
0.9188459749722725,0.069075102,0.32893829,0.885887833,1116.0,3161.0
0.911352918020738,0.168263194,0.236643138,0.856255939,1116.0,3161.0
0.9090590305377344,0.1868940375,0.2007071285,0.8323507695000001,1116.0,3161.0
0.9106509949769874,0.09590489299999999,0.15226376149999998,0.7486133770000001,1116.0,3161.0
0.9225604193628414,0.005755962,0.1575471055,0.6734862075000001,1116.0,3161.0
0.9052767711842891,0.0,0.1637389145,0.6280428085,1116.0,3161.0
0.8069957784864145,0.0,0.1543668995,0.5529134345,1116.0,3161.0
0.7400913673962906,0.0,0.130437885,0.513907811,1116.0,3161.0
0.7021948656668164,0.0,0.1309715355,0.437015249,1116.0,3161.0
0.6951050967712872,0.0,0.123257201,0.358423816,1116.0,3161.0
0.7228292321118689,0.0,0.104368058,0.292349645,1116.0,3161.0
0.87407750541578,0.0,0.08455484299999999,0.24781200450000002,1116.0,3161.0
0.9362154417488746,0.0056542155,0.06988082400000001,0.187876498,1116.0,3161.0
0.9345334117426856,0.082341268,0.058311592,0.129330474,1116.0,3161.0
0.9270012538450686,0.176761344,0.030424389,0.0941687965,1116.0,3161.0
0.923681742100473,0.1995980925,0.027503375,0.085153674,1116.0,3161.0
0.9226055217415857,0.1209840345,0.0276910285,0.092922893,1116.0,3161.0
0.9303613896780799,0.0138777105,0.031348325,0.088126885,1116.0,3161.0
0.911351533074739,0.0,0.036008868,0.080843867,1116.0,3161.0
0.8094865092489785,0.0,0.045173907,0.11756354899999999,1116.0,3161.0
0.7220439140427151,0.0,0.049536844,0.1671421775,1116.0,3161.0
0.6877620265881992,0.0,0.048293470000000005,0.1961344585,1116.0,3161.0
0.6834839893763539,0.0,0.048193307000000005,0.2579394645,1116.0,3161.0
0.6929506248656624,0.0,0.048030760500000005,0.2778816745,1116.0,3161.0
0.7387715861058757,0.0,0.057214425,0.34043750650000004,1116.0,3161.0
0.7889928502021959,0.016662833,0.067037711,0.476217345,1116.0,3161.0
0.8051722102469188,0.086935421,0.077601911,0.576110358,1116.0,3161.0
0.8021371602463416,0.179349964,0.095451883,0.6996404165000001,1116.0,3161.0
0.8010042505580139,0.23055719,0.1411979565,0.776665744,1116.0,3161.0
0.806454552592731,0.136142644,0.17462256399999998,0.8115331539999999,1116.0,3161.0
0.8274080968940698,0.020656281,0.262955454,0.86037114,1116.0,3161.0
0.8136020723113677,0.0,0.40940327,0.9184135525,1116.0,3161.0
0.7545405945054522,0.0,0.5339022069999999,0.9346618695,1116.0,3161.0
0.7026163883480313,0.0,0.592192153,0.93670407,1116.0,3161.0
0.6941708305603344,0.0,0.6593567659999999,0.9368968870000001,1116.0,3161.0
0.6764731382101175,0.0,0.6998591435,0.9365319270000001,1116.0,3161.0
0.6731732460367303,0.0,0.7194708775,0.933995122,1116.0,3161.0
0.6957195392155081,0.0,0.705953278,0.930173614,1116.0,3161.0
0.7629764583339692,0.004498324,0.662741087,0.927290001,1116.0,3161.0
0.7855720083980817,0.098940042,0.5714021495,0.930653296,1116.0,3161.0
0.7774531527102602,0.162606528,0.5840676364999999,0.9350463259999999,1116.0,3161.0
0.7752763374068741,0.1025233675,0.6246293544999999,0.936862804,1116.0,3161.0
0.7816450246732984,0.046214877,0.64626649,0.936679261,1116.0,3161.0
0.7929044149278062,0.0083993275,0.657408373,0.9329038315,1116.0,3161.0
0.7824089922372996,0.0,0.661414868,0.9213520915,1116.0,3161.0
0.7414509194044709,0.0,0.6733823000000001,0.9207211965,1116.0,3161.0
0.6980587130076292,0.0,0.607932784,0.922412642,1116.0,3161.0
0.6928071011785439,0.0,0.6411527850000001,0.9327562485,1116.0,3161.0
0.6818716901915768,0.0,0.6578111925000001,0.9355972645,1116.0,3161.0
0.7073653443169792,0.0,0.662673356,0.9369497855,1116.0,3161.0
0.8494028229839141,0.0,0.6860445875,0.9371449110000001,1116.0,3161.0
0.9085153114761282,0.0096325805,0.7249313715,0.93719551,1116.0,3161.0
0.9061216180701575,0.050559837,0.736154483,0.937167767,1116.0,3161.0
0.9043075127998057,0.092589677,0.6789737950000001,0.9370159545000001,1116.0,3161.0
0.902598615371488,0.114574125,0.7448044495,0.9365757404999999,1116.0,3161.0
0.9033214968670013,0.0824659635,0.73873285,0.927498197,1116.0,3161.0
0.9087483472820329,0.0128597105,0.7602701155,0.9223322785000001,1116.0,3161.0
0.8937024046397486,0.0,0.7833146085,0.9236601925,1116.0,3161.0
0.8078630609009338,0.0,0.7695990495,0.9043169115,1116.0,3161.0
0.7409946120099302,0.0,0.690663518,0.897678318,1116.0,3161.0
0.7116727878529147,0.0,0.660201552,0.8696097475,1116.0,3161.0
0.7120109619055772,0.0,0.6054691999999999,0.796364787,1116.0,3161.0
0.73997789660652,0.0,0.5129679725,0.755456793,1116.0,3161.0
0.8920528743019795,0.0,0.429164034,0.7112852435,1116.0,3161.0
0.9456981653462271,0.021922794,0.375203336,0.6775421395000001,1116.0,3161.0
0.9457955712263791,0.177702222,0.342846285,0.665284101,1116.0,3161.0
0.936291889177264,0.28678560200000003,0.34913324749999997,0.6861555724999999,1116.0,3161.0
0.9267423199798124,0.300210174,0.3178787165,0.667147041,1116.0,3161.0
0.9246633261397998,0.2169597835,0.234070096,0.641462108,1116.0,3161.0
0.9368312688076883,0.0341937015,0.166863444,0.6305906645,1116.0,3161.0
0.9195597156253494,0.0,0.171047203,0.68634068,1116.0,3161.0
0.8368512118312287,0.0,0.190224799,0.730964789,1116.0,3161.0
0.7678422780281114,0.0,0.2217229185,0.772071552,1116.0,3161.0
0.7121336428016543,0.0,0.2569541915,0.8033383725000001,1116.0,3161.0
0.696345337620389,0.0,0.3327905935,0.8081071915,1116.0,3161.0
0.7167664270212979,0.0,0.432635068,0.851441158,1116.0,3161.0
0.8574130082990015,0.0,0.5558052815,0.896534597,1116.0,3161.0
0.9255343938745393,0.014874088,0.6548650385,0.920831153,1116.0,3161.0
0.9231375610587943,0.059795484,0.695016553,0.933862876,1116.0,3161.0
0.9211883803050578,0.097657387,0.6446619149999999,0.9357256395,1116.0,3161.0
0.9192869329629167,0.1199344245,0.6887458904999999,0.935369986,1116.0,3161.0
0.9211763313742891,0.0904072565,0.696732463,0.9244468735,1116.0,3161.0
0.930929252666668,0.0189931875,0.6818389364999999,0.919047892,1116.0,3161.0
0.9114774683784996,0.0,0.6472043249999999,0.9189029285,1116.0,3161.0
0.8094956497600088,0.0,0.5864442864999999,0.9214645625,1116.0,3161.0
0.7592940513003418,0.0,0.44531071,0.911976238,1116.0,3161.0
0.7643820814208593,0.0,0.450928638,0.915655966,1052.0,2979.0
0.7826750197391812,0.0,0.42892565466666666,0.9171938470000001,1052.0,2979.0
0.9219962956290285,0.0,0.38786675849999996,0.913037952,1052.0,2979.0
0.9790580426493574,0.0221810365,0.36177466950000003,0.8516682995,1052.0,2979.0
0.9729092340361452,0.202353561,0.358541762,0.835763531,1052.0,2979.0
0.9666025909585654,0.3233057275,0.3665309875,0.8397633609999999,1052.0,2979.0
0.9608367124574089,0.3155108255,0.4033327935,0.883596072,1052.0,2979.0
0.9600023449631248,0.243050636,0.3468027765,0.878515853,1052.0,2979.0
0.9740300026628146,0.0526072585,0.328021651,0.8835901104999999,1052.0,2979.0
0.9593257661991695,0.0,0.372973214,0.8816087095,1052.0,2979.0
0.8699627271229828,0.0,0.412573316,0.872345314,1052.0,2979.0
0.7927323614856732,0.0,0.4060242845,0.8577412195,1052.0,2979.0
0.7712021139386225,0.0,0.3855594275,0.7825568275,1052.0,2979.0
0.770849305987785,0.0,0.3768136525,0.6601620225,1052.0,2979.0
0.8563123212236126,0.0,0.37559415900000004,0.6288367075,1052.0,2979.0
0.9490556698149811,0.0,0.364438192,0.579909902,1052.0,2979.0
0.9784125322109722,0.0375148775,0.35110366699999995,0.5659853575,1052.0,2979.0
0.971664469494082,0.167608823,0.316914173,0.551528878,1052.0,2979.0
0.9663044640163372,0.29040803449999997,0.310103665,0.514619146,1052.0,2979.0
0.9606823401923354,0.3117496785,0.313223258,0.550934917,1052.0,2979.0
0.962212675363153,0.1771329305,0.2532073045,0.5970778059999999,1052.0,2979.0
0.9745667512603877,0.041664083,0.22114313400000002,0.5815407914999999,1052.0,2979.0
0.9570259697457999,0.0,0.22020935949999998,0.4913089985,1052.0,2979.0
0.8662034574091506,0.0,0.2142356555,0.347253912,1052.0,2979.0
0.7824701134602179,0.0,0.1920791195,0.160382204,1052.0,2979.0
0.7511905682148423,0.0,0.1611955615,0.17654110550000002,1052.0,2979.0
0.7462856015091728,0.0,0.13591187500000002,0.22932378250000002,1052.0,2979.0
0.7549287184135582,0.0,0.124255865,0.255969899,1052.0,2979.0
0.7881923209254798,0.0,0.103575365,0.195975428,1052.0,2979.0
0.8444475836332814,0.10686657000000001,0.08444282,0.162514667,1052.0,2979.0
0.8507862643992088,0.267148145,0.0589768625,0.134036851,1052.0,2979.0
0.8492165515582337,0.294586582,0.055408251500000005,0.119970306,1052.0,2979.0
0.8566541655985862,0.202065474,0.05819517,0.141846095,1052.0,2979.0
0.8745261732374168,0.075039468,0.062971087,0.190219224,1052.0,2979.0
0.8727982560828913,0.0,0.070137261,0.2596713425,1052.0,2979.0
0.8443507315326855,0.0,0.068286981,0.35163751249999997,1052.0,2979.0
0.8038370560227756,0.0,0.068687781,0.433888248,1052.0,2979.0
0.7726854776004173,0.0,0.067407318,0.47097662949999997,1052.0,2979.0
0.7621578326283778,0.0,0.0781734965,0.5764644704999999,1052.0,2979.0
0.7632486640184205,0.0,0.0908350485,0.645191768,1052.0,2979.0
0.7768224604318292,0.0,0.104913548,0.656823505,1052.0,2979.0
0.8068516549542952,0.0,0.113906225,0.6754990395,1052.0,2979.0
0.8576537075390478,0.150982625,0.1185216435,0.7854413335,1052.0,2979.0
0.8597595688011892,0.34838659250000004,0.136724004,0.8773195805,1052.0,2979.0
0.8556344035791034,0.3477638535,0.1725570725,0.9024195515,1052.0,2979.0
0.8624413717378758,0.22992555650000002,0.16712155350000002,0.8723765130000001,1052.0,2979.0
0.8818890475848986,0.049107677,0.172602707,0.864072095,1052.0,2979.0
0.8687911320717943,0.0,0.2075627795,0.8712876119999999,1052.0,2979.0
0.8258979354054226,0.0,0.22123706399999998,0.8567611395,1052.0,2979.0
0.7777511875215988,0.0,0.190686602,0.724764275,1052.0,2979.0
0.794589999264179,0.0,0.207892394,0.7112580225,1052.0,2979.0
0.793045445447002,0.0,0.2120669255,0.6727189995,1052.0,2979.0
0.819275761264036,0.0,0.218821773,0.6437453545,1052.0,2979.0
0.9146171717787429,0.0,0.231037984,0.606906944,1052.0,2979.0
0.9774027879344074,0.0,0.2312721325,0.5646956055,1052.0,2979.0
0.9937999033136025,0.114996475,0.234843574,0.533106641,1052.0,2979.0
0.9863098005158448,0.304665903,0.228006013,0.508602549,1052.0,2979.0
0.9833866988255169,0.451514928,0.232404249,0.470666416,1052.0,2979.0
0.9791653738101316,0.5307504935,0.2373648565,0.433579344,1052.0,2979.0
0.9747908772138922,0.4349532075,0.2221743465,0.361761104,1052.0,2979.0
0.977767621948994,0.314290645,0.188453262,0.340566033,1052.0,2979.0
0.9885742352779071,0.0858254515,0.2137302715,0.356517635,1052.0,2979.0
0.9750276058777213,0.0,0.2467505405,0.3670524395,1052.0,2979.0
0.8875076170787165,0.0,0.2291974415,0.34222302699999996,1052.0,2979.0
0.8199770841313798,0.0,0.181230153,0.3076068915,1052.0,2979.0
0.8019714780860532,0.0,0.152370497,0.2421746075,1052.0,2979.0
0.8036642642079013,0.0,0.13124448300000002,0.1965090555,1052.0,2979.0
0.8495341131470788,0.0,0.119961844,0.166535358,1052.0,2979.0
0.9429755073310885,0.0,0.1122850615,0.16020937600000001,1052.0,2979.0
0.9946504742452456,0.051298527,0.109392759,0.16057451550000001,1052.0,2979.0
0.9877214942992668,0.267698236,0.086590372,0.139015725,1052.0,2979.0
0.9852199616870049,0.43558437650000004,0.0737975515,0.13008393699999998,1052.0,2979.0
0.9843206415841379,0.5001335115000001,0.062374175500000004,0.1447793705,1052.0,2979.0
0.9858200936853829,0.3614467,0.071597194,0.132127162,1052.0,2979.0
0.9936466850044916,0.07315835999999999,0.1136062625,0.1291266645,1052.0,2979.0
0.9749839348418268,0.0,0.1368589515,0.125324539,1052.0,2979.0
0.8873567991438269,0.0,0.112530529,0.118062688,1052.0,2979.0
0.8306761356408885,0.0,0.091530794,0.107070877,1052.0,2979.0
0.8043088513489537,0.0,0.078227132,0.0821930145,1052.0,2979.0
0.8001889027899376,0.0,0.0690590345,0.0605146095,1052.0,2979.0
0.8251829937367201,0.0,0.0665246175,0.049690874999999995,1052.0,2979.0
0.918246582009448,0.0,0.068987404,0.043960425,1052.0,2979.0
0.9800640476711469,0.0,0.068094606,0.0454694685,1052.0,2979.0
0.9953280227033843,0.120432707,0.058974361,0.045534471,1052.0,2979.0
0.9877214942992668,0.31495017,0.036245197,0.042194766,1052.0,2979.0
0.98491532592941,0.49719741549999996,0.026681306000000002,0.041849922,1052.0,2979.0
0.981210899281759,0.5874812855,0.027094416000000003,0.032827260999999996,1052.0,2979.0
0.9815521892143646,0.43680644399999996,0.045100085,0.026043279,1052.0,2979.0
0.9913601839001488,0.09399682999999999,0.0787791695,0.021928309,1052.0,2979.0
0.9763900888412533,0.0,0.0795575375,0.023171683499999998,1052.0,2979.0
0.8918449978512788,0.0,0.054595974,0.0375303605,1052.0,2979.0
0.8233361584707242,0.0,0.0341385605,0.098355475,1052.0,2979.0
0.8072801487623555,0.0,0.034838022499999996,0.135057987,1052.0,2979.0
0.8072146881082554,0.0,0.0321018085,0.1433329345,1052.0,2979.0
0.8865481454471149,0.0,0.027246718500000003,0.1277357725,1052.0,2979.0
0.9813002725413987,0.0,0.022990222999999997,0.12862521300000002,1052.0,2979.0
0.9967712928578937,0.107337789,0.019025851,0.143399858,1052.0,2979.0
0.9866569536847778,0.269624923,0.014785835,0.164218483,1052.0,2979.0
0.9843772848481336,0.4381513595,0.011040196499999998,0.1893842235,1052.0,2979.0
0.9793449978927047,0.485682886,0.015427627499999999,0.300127786,1052.0,2979.0
0.9772361360799353,0.342172063,0.0210999645,0.3992893165,1052.0,2979.0
0.9906461661915911,0.075361337,0.038201304,0.44404318350000005,1052.0,2979.0
0.9754986631625643,0.0,0.0584165235,0.5397270679999999,1052.0,2979.0
0.8888378774293096,0.0,0.0724648465,0.610715429,1052.0,2979.0
0.8211443861482374,0.0,0.08181597,0.627346417,1052.0,2979.0
0.8036683729804531,0.0,0.095172633,0.652004101,1052.0,2979.0
0.8041035605284717,0.0,0.10841666650000001,0.686399102,1052.0,2979.0
0.8843215191474318,0.0,0.1211359685,0.706313502,1052.0,2979.0
0.9803621749447813,0.0,0.148692624,0.7194791435,1052.0,2979.0
0.9909618351203262,0.193439073,0.16174137,0.7391171455,1052.0,2979.0
0.9834889982478129,0.39916606450000003,0.13014911699999998,0.721175782,1052.0,2979.0
0.9808878439743631,0.4007828315,0.126699055,0.6918793975,1052.0,2979.0
0.9819348422709392,0.2791238465,0.126278638,0.6644764525,1052.0,2979.0
0.9903717211962724,0.0586547095,0.1379377925,0.6254116505,1052.0,2979.0
0.9736144810828555,0.0,0.145364514,0.562802651,1052.0,2979.0
0.8848619142060783,0.0,0.1250434045,0.462464624,1052.0,2979.0
0.8278015981971932,0.0,0.093761239,0.345423782,1052.0,2979.0
0.7784436929988381,0.0,0.0808352145,0.24811439549999997,1052.0,2979.0
0.7630220065643568,0.0,0.07189537833333333,0.20268237533333333,1052.0,2979.0
0.7686529171786352,0.0,0.0634593665,0.20462717549999998,1052.0,2979.0
0.7984777431837333,0.0,0.0638471045,0.19670312550000002,1052.0,2979.0
0.8523292947426464,0.1300853865,0.062156461499999996,0.2049372215,1052.0,2979.0
0.8544095813977685,0.2765714455,0.0694019685,0.31093326,1052.0,2979.0
0.8501419079167865,0.271456995,0.08441780099999999,0.37816868000000003,1052.0,2979.0
0.8552556283050443,0.176360037,0.090618291,0.4781786655,1052.0,2979.0
0.8745649510625735,0.073544429,0.103529159,0.541340535,1052.0,2979.0
0.8726651653905062,0.001566693,0.16395249,0.6360739365,1052.0,2979.0
0.8427520276194356,0.0,0.23380046100000001,0.714442976,1052.0,2979.0
0.8022249179013522,0.0,0.26942354,0.74539904,1052.0,2979.0
0.767223080900893,0.0,0.2904874125,0.741843491,1052.0,2979.0
0.7551017176886372,0.0,0.3495275445,0.7674873355,1052.0,2979.0
0.7490915163533803,0.0,0.42513121,0.814595476,1052.0,2979.0
0.754340035169542,0.0,0.496644416,0.8554721285,1052.0,2979.0
0.7860020256798814,0.0005206715,0.573338765,0.8856872775,1052.0,2979.0
0.8382840022627478,0.0803727685,0.6055676995,0.918537486,1052.0,2979.0
0.8397616183489365,0.1751683715,0.510929661,0.9327153195,1052.0,2979.0
0.8387325315566441,0.235827997,0.5120244275000001,0.9279459745,1052.0,2979.0
0.8487958593806496,0.199035942,0.481125619,0.92470902,1052.0,2979.0
0.8695815514747027,0.106247117,0.443194543,0.917878142,1052.0,2979.0
0.8700181239687201,0.002540344,0.42617468599999997,0.9072019455,1052.0,2979.0
0.8393824278230619,0.0,0.4297053445,0.9148934045,1052.0,2979.0
0.7830675673660816,0.0,0.430182555,0.911044411,1052.0,2979.0
0.7788046949649476,0.0,0.419002768,0.9274585664999999,1052.0,2979.0
0.7747905540929665,0.0,0.4171174755,0.9273908805,1052.0,2979.0
0.8008177020768525,0.0,0.41348459849999997,0.929642589,1052.0,2979.0
0.9021734913004262,0.0,0.408340815,0.930518429,1052.0,2979.0
0.969047388175942,0.000715238,0.399439525,0.9253212665,1052.0,2979.0
0.9814157748504259,0.22017610199999998,0.387970914,0.9026291955000001,1052.0,2979.0
0.970042775609813,0.4162619775,0.32338724799999996,0.8782094410000001,1052.0,2979.0
0.9646342062168419,0.46540142949999996,0.29744821349999995,0.853553075,1052.0,2979.0
0.9640326435384263,0.335517824,0.2953362015,0.8190981115,1052.0,2979.0
0.9775673161387333,0.091190209,0.276837032,0.7834477565,1052.0,2979.0
0.9666882713602807,0.0,0.268559944,0.771053643,1052.0,2979.0
0.8798725135169518,0.0,0.256940448,0.7661226505000001,1052.0,2979.0
0.8114947336409317,0.0,0.2531228595,0.7894679185,1052.0,2979.0
0.7919869983960641,0.0,0.2179865065,0.757799797,1052.0,2979.0
0.7933260761367616,0.0,0.207751567,0.734909815,1052.0,2979.0
0.876697818274584,0.0,0.2112504645,0.7424766525,1052.0,2979.0
0.9762996076910959,0.001141309,0.224275047,0.7478691545,1052.0,2979.0
0.9915146946929627,0.234418836,0.219183714,0.755961297,1052.0,2979.0
0.9807411344806194,0.464931379,0.187620459,0.742994606,1052.0,2979.0
0.9688426508036099,0.6695973105,0.1398874135,0.6864179029999999,1052.0,2979.0
0.958606808551617,0.695753014,0.1608732735,0.6567204015,1052.0,2979.0
0.9583648632247181,0.5072952005,0.1420490735,0.638091328,1052.0,2979.0
0.9759254949691446,0.149015982,0.1613991035,0.635793627,1052.0,2979.0
0.9662330025923875,0.0,0.21330660950000002,0.656722407,1052.0,2979.0
0.8811130314215347,0.0,0.21806398049999998,0.6525099139999999,1052.0,2979.0
0.828571982777078,0.0,0.211762844,0.651061098,1052.0,2979.0
0.8003060210349999,0.0,0.17027539,0.5921890405,1052.0,2979.0
0.7981397308572367,0.0,0.13796780549999998,0.5201740100000001,1052.0,2979.0
0.8245565487585814,0.0,0.1322544065,0.5201910235,1052.0,2979.0
0.9174075983599072,0.0,0.13453436,0.549385713,1052.0,2979.0
0.9803434783394992,0.001579363,0.149802936,0.5892624815,1052.0,2979.0
0.9881761174881207,0.3799784985,0.138879153,0.63171546,1052.0,2979.0
0.973486653118985,0.7105155955,0.11170578,0.65564778,1052.0,2979.0
0.9641127838247401,0.767143047,0.14968125,0.687702002,1052.0,2979.0
0.9636417268713031,0.5691162615,0.17060114799999998,0.7264506055,1052.0,2979.0
0.9787957854439536,0.14665646100000002,0.24106734000000002,0.773648555,1052.0,2979.0
0.9641037357760054,0.0,0.332340075,0.8199364805,1052.0,2979.0
0.8753281331941705,0.0,0.4024554735,0.8468229709999999,1052.0,2979.0
0.7985416803640941,0.0,0.43008909949999996,0.85559762,1052.0,2979.0
0.7783505801530172,0.0,0.4472308335,0.8690240069999999,1052.0,2979.0
0.7968544802021548,0.0,0.4673190446666666,0.886848156,1052.0,2979.0
0.9316366694289694,0.0,0.499024236,0.8981661365,1052.0,2979.0
0.9861589368469164,0.017683929,0.5067288750000001,0.9021733995,1052.0,2979.0
0.9791634354159829,0.086370702,0.467769133,0.901373001,1052.0,2979.0
0.9705458702515974,0.1617795895,0.380778275,0.8945292545000001,1052.0,2979.0
0.9605456027074709,0.152739112,0.38399445649999997,0.8874743855,1052.0,2979.0
0.9550516299682654,0.090022995,0.3954983685,0.861381239,1052.0,2979.0
0.9626462012410978,0.0253164055,0.3841764705,0.8517782465,1052.0,2979.0
0.9487057934823075,0.0,0.35327770150000004,0.8600596385,1052.0,2979.0
0.8648617479727898,0.0,0.316275533,0.8525110579999999,1052.0,2979.0
0.7925534303732085,0.0,0.234443708,0.818120383,1052.0,2979.0
0.7724933200713899,0.0,0.246579229,0.8154001625,1052.0,2979.0
0.7749630688523599,0.0,0.26559085950000005,0.8329838540000001,1052.0,2979.0
0.8627297579926669,0.0,0.2713368695,0.830044513,1052.0,2979.0
0.9707863381702015,0.0013352935,0.26788239150000004,0.8079155995,1052.0,2979.0
0.9780009344789736,0.2487918835,0.232109923,0.754892951,1052.0,2979.0
0.9578069715821973,0.4914204965,0.1926238275,0.7100981245,1052.0,2979.0
0.9487917045426529,0.5298098115000001,0.2214024215,0.699735499,1052.0,2979.0
0.9467683842724524,0.42492359700000004,0.203272733,0.6437915089999999,1052.0,2979.0
0.9620565029002655,0.122584827,0.170409794,0.545151198,1052.0,2979.0
0.9596673792527008,0.0,0.17239890400000002,0.4696932225,1052.0,2979.0
0.8757828945793587,0.0,0.159125551,0.4295278105,1052.0,2979.0
0.8171510188034273,0.0,0.14994338,0.387760965,1052.0,2979.0
0.7719987425658035,0.0,0.14513489499999999,0.3438469,1052.0,2979.0
0.766870018761594,0.0,0.148312623,0.27133570250000005,1052.0,2979.0
0.7695651863111777,0.0,0.121996498,0.20666496750000002,1052.0,2979.0
0.7740642793306234,0.0,0.1229911195,0.15836247050000002,1052.0,2979.0
0.8312107141914646,0.024025224499999998,0.119684615,0.1310193065,1052.0,2979.0
0.8548939337002323,0.09357067,0.09278692,0.097668797,1052.0,2979.0
0.8476720902033523,0.18111298850000002,0.064189578,0.07665093249999999,1052.0,2979.0
0.837991738225441,0.2124453985,0.0544742675,0.0529921105,1052.0,2979.0
0.8400402178508456,0.167174298,0.0687836365,0.039044025499999996,1052.0,2979.0
0.859542644301754,0.103978907,0.083139065,0.040270267,1052.0,2979.0
0.8680637726173587,0.00942818,0.09636766150000001,0.057738363,1052.0,2979.0
0.8307467666716762,0.0,0.08813209333333333,0.1318662713333333,1052.0,2979.0
0.7790564734415792,0.0,0.0633875205,0.18687044349999998,1052.0,2979.0
0.7743774328872286,0.0,0.06998583850000001,0.22319649949999998,1052.0,2979.0
0.7720648262633298,0.0,0.07427637249999999,0.263788233,1052.0,2979.0
0.7786891926559205,0.0,0.0736275275,0.259244728,1052.0,2979.0
0.8054511328697538,0.002002461,0.080259339,0.2822646975,1052.0,2979.0
0.8496768984614562,0.235491698,0.068312812,0.2610905145,1052.0,2979.0
0.8461617434587076,0.46732393950000006,0.051294381,0.262698182,1052.0,2979.0
0.834708049820819,0.4781675905,0.063923701,0.28677393549999997,1052.0,2979.0
0.8379539761599126,0.311051727,0.0670793435,0.27318481549999996,1052.0,2979.0
0.8582129377307167,0.154206169,0.082771484,0.297097968,1052.0,2979.0
0.8634268799565694,0.011149196,0.134827111,0.3370077715,1052.0,2979.0
0.825941436871874,0.0,0.17992801333333333,0.4457403686666666,1052.0,2979.0
0.7819180850540243,0.0,0.172197344,0.44176304899999996,1052.0,2979.0
0.7882409315689631,0.0,0.15417990999999998,0.39059758450000004,1052.0,2979.0
0.7897279652216629,0.0,0.1344607625,0.35914366600000003,1052.0,2979.0
0.8754958008082709,0.0,0.111627133,0.3158018985,1052.0,2979.0
0.975678332979176,0.002647395,0.08895257749999999,0.2983013205,1052.0,2979.0
0.9852750818086673,0.129520713,0.0544332685,0.28098655250000004,1052.0,2979.0
0.9744399387247394,0.3357803105,0.021621518,0.199818594,1052.0,2979.0
0.9666994891246061,0.433626766,0.015494098,0.164951148,1052.0,2979.0
0.9655973710377739,0.329568348,0.0128636905,0.13448716900000002,1052.0,2979.0
0.9758000673794951,0.084197844,0.0175417525,0.11179093949999999,1052.0,2979.0
0.9615113064303644,0.0,0.029062883999999997,0.1040799535,1052.0,2979.0
0.8729842043876461,0.0,0.033857581,0.10650991300000001,1052.0,2979.0
0.8011125514129718,0.0,0.0260907865,0.093700429,1052.0,2979.0
0.7865260327079835,0.0,0.029709555999999998,0.071215573,1052.0,2979.0
0.7947831032889643,0.0,0.04171672,0.08125349400000001,1052.0,2979.0
0.8790427625093308,0.0,0.056644269,0.10755917549999999,1052.0,2979.0
0.9766599634153539,0.003157728,0.067524683,0.1314699995,1052.0,2979.0
0.9927967603147,0.176987806,0.059471902,0.137495654,1052.0,2979.0
0.9823567808667818,0.339067263,0.043058492,0.122551246,1052.0,2979.0
0.9720570474998729,0.5162513195,0.048493110500000006,0.143328893,1052.0,2979.0
0.9632043696076937,0.506704817,0.0590341945,0.1424256765,1052.0,2979.0
0.9622523300887914,0.30555975150000003,0.0843867225,0.16585206800000002,1052.0,2979.0
0.9735836898127663,0.155094878,0.114875813,0.236792298,1052.0,2979.0
0.9787893687594764,0.0108365375,0.1699051055,0.34775747700000004,1052.0,2979.0
0.9296653295392505,0.0,0.191972019,0.403084736,1052.0,2979.0
0.8602212545849657,0.0,0.178137254,0.346012861,1052.0,2979.0
0.814778098924628,0.0,0.144684107,0.28379430299999997,1052.0,2979.0
0.7962738758650332,0.0,0.1384675255,0.2065624485,1052.0,2979.0
0.7984482447287535,0.0,0.149818278,0.1461137485,1052.0,2979.0
0.8812013892529522,0.0,0.1502043465,0.11340697,1052.0,2979.0
0.979888163174755,0.0044776725,0.14549254550000001,0.0918271615,1052.0,2979.0
0.9937999033136025,0.219377438,0.125016018,0.079602215,1052.0,2979.0
0.9828238679068133,0.407729096,0.110299916,0.066601404,1052.0,2979.0
0.9752337281960525,0.5922284204999999,0.0913656205,0.0539621895,1052.0,2979.0
0.9663218681379161,0.6350870415000001,0.13912494050000002,0.0580336605,1052.0,2979.0
0.9654101759833547,0.41892938,0.183044571,0.08573120749999999,1052.0,2979.0
0.979817255198955,0.1305123645,0.218912031,0.1423988795,1052.0,2979.0
0.969944030849107,0.0,0.2728207455,0.197040066,1052.0,2979.0
0.8862827024350859,0.0,0.28222788499999996,0.20672511500000001,1052.0,2979.0
0.8170798341035524,0.0,0.237827678,0.221504458,1052.0,2979.0
0.7996394593511504,0.0,0.263684529,0.19784146,1052.0,2979.0
0.8009496848787198,0.0,0.27680800699999997,0.1957172275,1052.0,2979.0
0.8829214583801506,0.0,0.296523374,0.21815036100000001,1052.0,2979.0
0.9804347442592487,0.0056730945,0.305013077,0.25202535000000004,1052.0,2979.0
0.9931729042245019,0.195536843,0.309585909,0.248006027,1052.0,2979.0
0.9856906497854772,0.342675537,0.31413321,0.224411469,1052.0,2979.0
0.9798926408022715,0.47077624,0.272299785,0.184436543,1052.0,2979.0
0.9718754382948942,0.537408991,0.3244327935,0.1829051575,1052.0,2979.0
0.9674568090140941,0.44188209700000003,0.38357871050000003,0.21929622199999999,1052.0,2979.0
0.9705147097951377,0.307928221,0.379192385,0.277904155,1052.0,2979.0
0.9812171774384959,0.207697176,0.342598539,0.321962156,1052.0,2979.0
0.9842623827155133,0.021876247,0.369465735,0.3829299455,1052.0,2979.0
0.9337911413345941,0.0,0.3662036335,0.4300789025,1052.0,2979.0
0.8475309204936039,0.0,0.319631647,0.43550817,1052.0,2979.0
0.8017749121933797,0.0,0.2800985585,0.4152557045,1052.0,2979.0
0.8004994939147497,0.0,0.277497016,0.3979612335,1052.0,2979.0
0.8261779655873694,0.0,0.28127032399999996,0.382028464,1052.0,2979.0
0.9195147981711964,0.0,0.291961377,0.398241845,1052.0,2979.0
0.9801396185304606,0.0070954365,0.3127108995,0.41614516199999996,1052.0,2979.0
0.9957905853876425,0.199506801,0.336253315,0.445450564,1052.0,2979.0
0.9868683847970682,0.344626556,0.363244434,0.472992091,1052.0,2979.0
0.9833499525196168,0.4822419125,0.2401115175,0.4258762255,1052.0,2979.0
0.97971689483362,0.5901861685,0.29693873,0.468195983,1052.0,2979.0
0.9786335190861084,0.5250100665,0.33617476,0.505915629,1052.0,2979.0
0.9874624222376764,0.300103257,0.340238117,0.532223231,1052.0,2979.0
0.9881648533269443,0.030386599,0.3990215555,0.5928384124999999,1052.0,2979.0
0.9370146782104816,0.0,0.4181778015,0.6742671575,1052.0,2979.0
0.8500084941034756,0.0,0.3715400985,0.6907321049999999,1052.0,2979.0
0.7922502252956511,0.0,0.34641414299999995,0.6930668885,1052.0,2979.0
0.7842718466788755,0.0,0.3694649456666666,0.7302618316666667,1052.0,2979.0
0.7891421443319401,0.0,0.421718453,0.797949853,1052.0,2979.0
0.8114235489410568,0.01111151,0.4815835035,0.8507738844999999,1052.0,2979.0
0.8548391834277527,0.246003805,0.477773648,0.873884327,1052.0,2979.0
0.8634699044192061,0.398675826,0.557054157,0.885435844,1052.0,2979.0
0.8589263555942739,0.5608542620000001,0.5141578170000001,0.8612829475,1052.0,2979.0
0.8517291173416359,0.6334248,0.562701009,0.84021904,1052.0,2979.0
0.8580861712605132,0.526203163,0.594035988,0.8324000485,1052.0,2979.0
0.8801952917688668,0.307725637,0.562987486,0.842247411,1052.0,2979.0
0.8807717872229679,0.0340203645,0.579780652,0.8563109204999999,1052.0,2979.0
0.8541788541666013,0.0,0.578419301,0.8316762725,1052.0,2979.0
0.8185968739253432,0.0,0.54629873,0.781242877,1052.0,2979.0
0.7916129778050025,0.0,0.4218645135,0.6933404785,1052.0,2979.0
0.786936060900798,0.0,0.397736882,0.638433903,1052.0,2979.0
0.7851075527223075,0.0,0.3674230495,0.5761120805,1052.0,2979.0
0.7887488272905958,0.0,0.34302602449999997,0.573202846,1052.0,2979.0
0.8125351770566962,0.015636717,0.326804372,0.590552916,1052.0,2979.0
0.8550896687578687,0.276700482,0.32359074,0.615776676,1052.0,2979.0
0.8670812192152544,0.462916177,0.311852959,0.614478051,1052.0,2979.0
0.8653015984043221,0.651527085,0.2392211245,0.573366054,1052.0,2979.0
0.8631214127011252,0.693479312,0.26110025449999996,0.5615975185,1052.0,2979.0
0.8691657528392627,0.5112124885,0.30266110749999997,0.6583099164999999,1052.0,2979.0
0.8876555726593127,0.268135726,0.316700833,0.76263957,1052.0,2979.0
0.8879681946405691,0.065729057,0.313744285,0.809812321,1052.0,2979.0
0.8845707123252508,0.0,0.338821308,0.840195693,1052.0,2979.0
0.8590497055992219,0.0,0.348771487,0.8466463325,1052.0,2979.0
0.8064304086657492,0.0,0.3280363195,0.8245202549999999,1052.0,2979.0
0.8089487452231832,0.0,0.30277742399999996,0.8150571035,1052.0,2979.0
0.8061828314239654,0.0,0.28799303200000004,0.8055073385,1052.0,2979.0
0.8309804486089638,0.0,0.276519092,0.769335872,1052.0,2979.0
0.9207772902871701,0.0,0.276662048,0.740542636,1052.0,2979.0
0.9824523401522686,0.018735389,0.288862895,0.715512813,1052.0,2979.0
0.9966701013261157,0.249580789,0.362749596,0.70381531,1052.0,2979.0
0.9897650807139335,0.39238353,0.400123031,0.715665017,1052.0,2979.0
0.9874616838649353,0.468456455,0.328479409,0.667870273,1052.0,2979.0
0.9860841053545621,0.479200011,0.3856675725,0.6573972935,1052.0,2979.0
0.9870510094302692,0.388342159,0.46869054099999996,0.6891228935,1052.0,2979.0
0.9901007851285049,0.271904581,0.476107483,0.687442899,1052.0,2979.0
0.9958771890866904,0.182441285,0.418313114,0.6944052,1052.0,2979.0
0.996141616007685,0.060145495,0.353474903,0.712219202,1052.0,2979.0
0.9816351918549717,0.0,0.306761516,0.7366287604999999,1052.0,2979.0
0.8951220389127936,0.0,0.27197627449999995,0.7425452465,1052.0,2979.0
0.8380698476553105,0.0,0.222747825,0.72828981,1052.0,2979.0
0.811647813422302,0.0,0.207559687,0.723903497,1052.0,2979.0
0.8081419374583241,0.0,0.19918332500000002,0.6830787620000001,1052.0,2979.0
0.8336412466970371,0.0,0.19044299050000002,0.631884755,1052.0,2979.0
0.943612754490331,0.0,0.186289033,0.605791425,1052.0,2979.0
0.9945009491254653,0.031411481,0.187300807,0.59872695,1052.0,2979.0
0.9985626388158566,0.230528288,0.18750375,0.592031628,1052.0,2979.0
0.9913315159487998,0.399429051,0.18427213,0.581796864,1052.0,2979.0
0.987888146485145,0.5712771155,0.150213814,0.506862262,1052.0,2979.0
0.986423087043836,0.6187097,0.20350619250000002,0.503923187,1052.0,2979.0
0.9887064026729597,0.439559764,0.2413485915,0.5473450595,1052.0,2979.0
0.9964523920570885,0.120718943,0.257710636,0.6268768405,1052.0,2979.0
0.9818395600409335,0.0,0.2704392435,0.6897546205,1052.0,2979.0
0.9180989498811838,0.0,0.28546603,0.713511308,1052.0,2979.0
0.8559927745123619,0.0,0.2841350125,0.7237827935,1052.0,2979.0
0.8120927413263515,0.0,0.2616734475,0.730535633,1052.0,2979.0
0.8104288077490376,0.0,0.2466964385,0.7582193165,1052.0,2979.0
0.8342459023883761,0.0,0.2559033885,0.773505935,1052.0,2979.0
0.9446628921966816,0.0,0.291464123,0.8080749655,1052.0,2979.0
0.9952502827912916,0.066228966,0.324342709,0.844908407,1052.0,2979.0
0.9969683203992334,0.331549694,0.33676561,0.868209439,1052.0,2979.0
0.992459948341017,0.519344457,0.350364198,0.881109936,1052.0,2979.0
0.9906103889170621,0.656839591,0.3307586725,0.9101299460000001,1052.0,2979.0
0.9884012588698474,0.6937339650000001,0.3609211955,0.9076300145,1052.0,2979.0
0.9902153641401994,0.5754093155,0.420523499,0.912373536,1052.0,2979.0
0.999622286551014,0.2168013,0.49231262,0.921982472,1052.0,2979.0
0.9836736076720134,0.0,0.5818804415,0.927467919,1052.0,2979.0
0.8970418133424398,0.0,0.645683834,0.92783182,1052.0,2979.0
0.8384730435804261,0.0,0.574151798,0.925827211,1052.0,2979.0
0.7890403529551614,0.0,0.590653142,0.9078722695,1060.0,3001.5
0.7846426353978668,0.0,0.5967508695,0.8811333685,1068.0,3024.0
0.8068098301816599,0.0,0.578026979,0.8705644385,1068.0,3024.0
0.918424590155986,0.0,0.587945547,0.880669216,1068.0,3024.0
0.9712906334962057,0.05487457,0.570266649,0.884489427,1068.0,3024.0
0.9810483555370266,0.31895739749999996,0.548169973,0.8892592275,1068.0,3024.0
0.9792109378375422,0.6146276614999999,0.454239807,0.8987473500000001,1068.0,3024.0
0.9792826302515283,0.7146008315,0.5049411850000001,0.8987543090000001,1068.0,3024.0
0.9805443839947606,0.569546931,0.5516871255,0.9086345515,1068.0,3024.0
0.9872624398797477,0.326038462,0.56104153,0.917363318,1068.0,3024.0
0.9848868429026523,0.0486813725,0.603008633,0.925821915,1068.0,3024.0
0.9171149187393788,0.0,0.6040364874999999,0.914205573,1068.0,3024.0
0.8409817783095695,0.0,0.576866363,0.891228903,1068.0,3024.0
0.8008320592509526,0.0,0.483495436,0.857089883,1068.0,3024.0
0.7845859460684264,0.0,0.4635059655,0.7819964294999999,1068.0,3024.0
0.7858065209494689,0.0,0.438006541,0.7582745795,1068.0,3024.0
0.8621844229950255,0.0,0.4333929025,0.7403321709999999,1068.0,3024.0
0.9603808895785537,0.038362725,0.43428747700000003,0.7405657295000001,1068.0,3024.0
0.9803644828567066,0.352670579,0.3844615955,0.7652748835000001,1068.0,3024.0
0.9790004764194351,0.607428791,0.2985487745,0.8131135190000001,1068.0,3024.0
0.979039715561852,0.675826664,0.3081783465,0.857255923,1068.0,3024.0
0.980577021859515,0.49285075,0.30206742750000004,0.8900599415,1068.0,3024.0
0.9870355904310961,0.250620462,0.283773309,0.907368632,1068.0,3024.0
0.9848927979384632,0.033164738,0.29075145950000003,0.914352794,1068.0,3024.0
0.917173823849855,0.0,0.30434221,0.905989526,1068.0,3024.0
0.8240276024542965,0.0,0.27109690500000005,0.8560539229999999,1068.0,3024.0
0.7735464122629236,0.0,0.2306031455,0.784044171,1068.0,3024.0
0.7645839335718787,0.0,0.225587344,0.7321480785,1068.0,3024.0
0.7642720649871055,0.0,0.23955255666666667,0.7186144289999999,1068.0,3024.0
0.779567993088672,0.037951465,0.274202089,0.7262891375,1068.0,3024.0
0.8250749699372433,0.263592078,0.233888723,0.707770481,1068.0,3024.0
0.8415520413409727,0.48497318,0.201271234,0.66639813,1068.0,3024.0
0.840451630989659,0.7031515445000001,0.201469292,0.617133765,1068.0,3024.0
0.8371525699827148,0.63418958,0.22114776,0.6467528975,1068.0,3024.0
0.8450938788412586,0.454888291,0.240374142,0.716049225,1068.0,3024.0
0.8643245380579565,0.187802566,0.2591290905,0.7791039205,1068.0,3024.0
0.8509953872681678,0.0,0.30045563200000003,0.8291882159999999,1068.0,3024.0
0.7980925512251971,0.0,0.2935330305,0.794966976,1068.0,3024.0
0.7532288922324005,0.0,0.290333492,0.726878213,1068.0,3024.0
0.773286717157907,0.0,0.27929159400000003,0.6924273135000001,1068.0,3024.0
0.7637148738265643,0.0,0.273908849,0.67114209,1068.0,3024.0
0.7679137629818926,0.0,0.2651048185,0.656231754,1068.0,3024.0
0.7631424175497388,0.0,0.26691351249999995,0.663924185,1068.0,3024.0
0.8002442993042689,0.070828109,0.268131768,0.67015493,1068.0,3024.0
0.8231358069264247,0.25076797,0.214090275,0.652833619,1068.0,3024.0
0.829095205035588,0.5051122255,0.1431146865,0.5830429045000001,1068.0,3024.0
0.8158828947725685,0.7062618955,0.1352711775,0.5208717865,1068.0,3024.0
0.8057848518305133,0.6489400005,0.169962363,0.5753011020000001,1068.0,3024.0
0.8141165693106631,0.462141964,0.216931934,0.643995102,1068.0,3024.0
0.8368126182678512,0.284851816,0.29513902,0.702973122,1068.0,3024.0
0.8423223334585617,0.03982319,0.428393733,0.7864596035,1068.0,3024.0
0.7938367729025635,0.0,0.46293292199999997,0.8268214793333334,1068.0,3024.0
0.7482596420270191,0.0,0.3952866095,0.8474751895,1068.0,3024.0
0.7560042925305938,0.0,0.367691585,0.8799225534999999,1068.0,3024.0
0.7564074881243035,0.0,0.337911697,0.890005078,1068.0,3024.0
0.8446335319380361,0.0,0.294663315,0.8852792985,1068.0,3024.0
0.9536529080815382,0.0199787025,0.26421937900000003,0.859439058,1068.0,3024.0
0.9624651000816362,0.2641313715,0.1960232725,0.7993546555,1068.0,3024.0
0.945535852591531,0.5636696455,0.12007868899999999,0.6515243055,1068.0,3024.0
0.9275263687636885,0.637895666,0.12254994500000001,0.5710259245,1068.0,3024.0
0.9196321934717397,0.4609095835,0.1111898485,0.4567108865,1068.0,3024.0
0.9329207195103002,0.264052381,0.140165879,0.357525479,1068.0,3024.0
0.9474523033496236,0.0461368785,0.2192743755,0.30843796300000004,1068.0,3024.0
0.893369839966358,0.0,0.242212807,0.3620308045,1068.0,3024.0
0.8021385915891914,0.0,0.19901742649999998,0.43173904100000005,1068.0,3024.0
0.7623375952386915,0.0,0.16022796150000002,0.42092057650000003,1068.0,3024.0
0.7566755625005896,0.0,0.1403667655,0.4271406585,1068.0,3024.0
0.7832164923094551,0.0,0.1322674905,0.398170392,1068.0,3024.0
0.9130229912270481,0.0,0.130907508,0.4271307775,1068.0,3024.0
0.9676054569019867,0.076077571,0.117478436,0.463653552,1068.0,3024.0
0.9624651000816362,0.299144067,0.0729796615,0.4470945485,1068.0,3024.0
0.9486758327158491,0.465671575,0.042002169,0.350178091,1068.0,3024.0
0.9433778724211673,0.5174817979999999,0.0498999865,0.35269189450000005,1068.0,3024.0
0.9355992448408781,0.4061693235,0.062679421,0.36954862,1068.0,3024.0
0.9396120010982663,0.261495934,0.069040035,0.37665744,1068.0,3024.0
0.9513827028768502,0.0997578425,0.0940057255,0.3987415865,1068.0,3024.0
0.936368982847505,0.0,0.115824748,0.37005468399999997,1068.0,3024.0
0.8437572939370779,0.0,0.107930111,0.27776005299999995,1068.0,3024.0
0.7814111580323568,0.0,0.11747776,0.287236959,1068.0,3024.0
0.7614901633854168,0.0,0.11220422199999999,0.23412459549999998,1068.0,3024.0
0.7552827956496735,0.0,0.110532605,0.2023971505,1068.0,3024.0
0.7803003150177157,0.0,0.1169492875,0.1749843885,1068.0,3024.0
0.9105038241659833,0.0,0.1392655895,0.1785757955,1068.0,3024.0
0.9674080595114642,0.043555992,0.147760781,0.192836352,1068.0,3024.0
0.9690319234427303,0.125803517,0.139697339,0.206088948,1068.0,3024.0
0.9604576137310181,0.221197458,0.145335029,0.215119943,1068.0,3024.0
0.952990916487501,0.31170487550000003,0.1767415885,0.2257899095,1068.0,3024.0
0.9487803943160317,0.4105591835,0.20480638750000002,0.2004837355,1068.0,3024.0
0.9503367196770902,0.278428291,0.206691509,0.16664094899999998,1068.0,3024.0
0.961530926001573,0.175850892,0.193574024,0.157405162,1068.0,3024.0
0.9612907351384499,0.037681417,0.215908698,0.1680424355,1068.0,3024.0
0.8974672141375764,0.0,0.26923491099999997,0.222307223,1068.0,3024.0
0.8023196466832082,0.0,0.2973131295,0.280040281,1068.0,3024.0
0.7592971599998197,0.0,0.3426930656666667,0.338889891,1068.0,3024.0
0.772827123982574,0.0,0.3782962083333334,0.4329269216666667,1068.0,3024.0
0.9114372131450483,0.0,0.39275233099999995,0.5371415575,1068.0,3024.0
0.9643987233084591,0.059205889,0.386935733,0.57849347,1068.0,3024.0
0.9598163041960746,0.24675748150000001,0.410294846,0.624859461,1068.0,3024.0
0.9492124888511266,0.42894252850000003,0.42242838650000003,0.6556963725,1068.0,3024.0
0.9472647391088338,0.450051853,0.467271762,0.735404903,1068.0,3024.0
0.9446090652215346,0.3370714895,0.414109652,0.7593547635,1068.0,3024.0
0.9520347227934143,0.204604061,0.390075016,0.736820033,1068.0,3024.0
0.9551135820262204,0.0422639495,0.4623940935,0.723507055,1068.0,3024.0
0.8929348827455635,0.0,0.5635500855,0.770705352,1068.0,3024.0
0.8011197068015963,0.0,0.5649131725000001,0.8284283459999999,1068.0,3024.0
0.7578803955929394,0.0,0.538923515,0.8236103539999999,1068.0,3024.0
0.7533804250101999,0.0,0.5042469365,0.802535795,1068.0,3024.0
0.7779918400333882,0.0,0.48047421349999997,0.778379818,1068.0,3024.0
0.9102276250382952,0.0,0.4496785075,0.7194164654999999,1068.0,3024.0
0.9643987233084591,0.081836506,0.401220652,0.649802047,1068.0,3024.0
0.9595190084202894,0.267327761,0.3490420935,0.5845252465,1068.0,3024.0
0.9472054184151361,0.417408274,0.295062401,0.477048999,1068.0,3024.0
0.9413924066787909,0.442548572,0.3001855575,0.4514431675,1068.0,3024.0
0.9319985946924115,0.346980858,0.253394641,0.3662473345,1068.0,3024.0
0.9375164803685627,0.20049718049999998,0.1339241435,0.27779347899999995,1068.0,3024.0
0.9468893799686242,0.031070172,0.1023402695,0.2250095015,1068.0,3024.0
0.8897555710165328,0.0,0.1288849085,0.26471783,1068.0,3024.0
0.7965780967022188,0.0,0.1439234525,0.3312353315,1068.0,3024.0
0.7223485269332907,0.0,0.16850733499999998,0.39978395899999997,1068.0,3024.0
0.6960188197822929,0.0,0.19859828699999998,0.477763288,1068.0,3024.0
0.6955530255573705,0.0,0.22512022999999998,0.5625077270000001,1068.0,3024.0
0.7067866330818422,0.0,0.2585263285,0.6468512719999999,1068.0,3024.0
0.7735636543269303,0.053715173,0.262690181,0.728537617,1068.0,3024.0
0.7885236395120182,0.125512547,0.236522433,0.76472486,1068.0,3024.0
0.7848107646606335,0.21453953999999997,0.19416377899999998,0.7536939199999999,1068.0,3024.0
0.7781248385948836,0.272088183,0.1959509925,0.7341731545000001,1068.0,3024.0
0.7808788880565183,0.17680449,0.202193227,0.6957382969999999,1068.0,3024.0
0.7992737487674882,0.083033903,0.232352736,0.644296478,1068.0,3024.0
0.7989422913218034,0.014448826,0.2738231345,0.607214256,1068.0,3024.0
0.7753195928595471,0.0,0.2948346055,0.6089110495000001,1068.0,3024.0
0.7320774424950222,0.0,0.27346468,0.5885286305,1068.0,3024.0
0.7078657843960808,0.0,0.238959813,0.512546588,1068.0,3024.0
0.6895324604912504,0.0,0.21299288700000002,0.3745075095,1068.0,3024.0
0.6818680662661165,0.0,0.192053942,0.25241391599999996,1068.0,3024.0
0.6937329652512076,0.0,0.192193678,0.201682725,1068.0,3024.0
0.7329848184168269,0.0527975665,0.2375157135,0.2264000525,1068.0,3024.0
0.7775644080504011,0.2852849395,0.20037542549999998,0.2261129265,1068.0,3024.0
0.7739268263400371,0.446839428,0.148193005,0.307008839,1068.0,3024.0
0.768622633622657,0.5416321885,0.1719546565,0.43383673700000003,1068.0,3024.0
0.761949448463566,0.453015685,0.1693980335,0.534211319,1068.0,3024.0
0.7697859193292584,0.237424272,0.154850672,0.491224355,1068.0,3024.0
0.7803464328246823,0.032605571,0.218809248,0.529845971,1068.0,3024.0
0.7708871605156091,0.0,0.2224695605,0.5315657535,1068.0,3024.0
0.7318949103241168,0.0,0.180659079,0.442629216,1068.0,3024.0
0.7191878190158401,0.0,0.1267041985,0.2941382115,1068.0,3024.0
0.71043517836807,0.0,0.100539949,0.149081621,1068.0,3024.0
0.7366257930626148,0.0,0.11696851750000001,0.1629553745,1068.0,3024.0
0.8677903894471131,0.0,0.1433463365,0.193254018,1068.0,3024.0
0.9420993150641689,0.0538728435,0.1711390375,0.20652484799999998,1068.0,3024.0
0.9225330902920464,0.1665597585,0.1914217,0.204361094,1068.0,3024.0
0.9114222561259476,0.25262108699999997,0.239912805,0.1898110575,1068.0,3024.0
0.9083795897508918,0.2860682295,0.30800145850000005,0.164648827,1068.0,3024.0
0.9197854114494443,0.1901987905,0.3190212175,0.15905036,1068.0,3024.0
0.9271127395124333,0.036435354,0.3537087305,0.183075181,1068.0,3024.0
0.8804316051808805,0.0,0.4245610795,0.2275774725,1068.0,3024.0
0.8092689845731365,0.0,0.461139165,0.248370563,1068.0,3024.0
0.7442619581180465,0.0,0.431104971,0.269430693,1068.0,3024.0
0.7115839223073861,0.0,0.4661937665,0.280179313,1068.0,3024.0
0.7117628076858119,0.0,0.500290222,0.3509945195,1068.0,3024.0
0.7583141753279395,0.0,0.509548376,0.48783129,1068.0,3024.0
0.8688730268218836,0.0,0.5121764595,0.6080023655,1068.0,3024.0
0.9506608368095593,0.0734158875,0.5088400584999999,0.6426805635,1068.0,3024.0
0.9446320087957027,0.1758329635,0.519063858,0.555266269,1068.0,3024.0
0.9424501614224322,0.207569796,0.4681608415,0.4865512375,1068.0,3024.0
0.9430409676537824,0.19957859849999998,0.4424881545,0.500142953,1068.0,3024.0
0.9507252356385862,0.1169050505,0.4195800475,0.5384226505,1068.0,3024.0
0.9533328533247702,0.0213578155,0.38814971200000004,0.5151818635000001,1068.0,3024.0
0.8914494653603049,0.0,0.35212679950000003,0.435703438,1068.0,3024.0
0.8188976786286795,0.0,0.312738491,0.367480699,1068.0,3024.0
0.7627268959697795,0.0,0.2477741635,0.2900460805,1068.0,3024.0
0.7420183207443929,0.0,0.2368931335,0.23334145099999998,1068.0,3024.0
0.7523650948841947,0.0,0.20947308250000002,0.18840653000000002,1068.0,3024.0
0.8402335985997058,0.0,0.1636506315,0.149509959,1068.0,3024.0
0.9515279346308935,0.0216175685,0.127634155,0.126496712,1068.0,3024.0
0.9567519870619596,0.166866343,0.1033306625,0.11055491149999999,1068.0,3024.0
0.9443342971052902,0.295570154,0.056211519,0.12718684549999998,1068.0,3024.0
0.9361888974476718,0.29012711049999995,0.054860115,0.23895694700000003,1068.0,3024.0
0.9321100803597765,0.22670496099999998,0.055731222999999996,0.34215989999999996,1068.0,3024.0
0.9388757785196876,0.163421378,0.055934583,0.450211984,1068.0,3024.0
0.94474940376484,0.09487599,0.08716047,0.541929257,1068.0,3024.0
0.9322555895007067,0.0013990855,0.17438649,0.6282879834999999,1068.0,3024.0
0.8404417985027384,0.0,0.255328181,0.7056483945,1068.0,3024.0
0.7779266100379182,0.0,0.291288592,0.731099685,1068.0,3024.0
0.748295488234012,0.0,0.33686876,0.785841088,1068.0,3024.0
0.7412300017932051,0.0,0.38045936150000004,0.8348684385,1068.0,3024.0
0.7641061364816327,0.0,0.4241130625,0.874351477,1068.0,3024.0
0.8971346491327796,0.0011676405,0.4769613685,0.9078059965,1068.0,3024.0
0.9596903688923138,0.122321978,0.504234859,0.914713241,1068.0,3024.0
0.9549084754675176,0.2937036705,0.47364454349999996,0.9159646539999999,1068.0,3024.0
0.9460486418553076,0.468157406,0.4125170355,0.878653884,1068.0,3024.0
0.9407507276260705,0.47701381600000003,0.5075204395,0.898800295,1068.0,3024.0
0.9376574651537195,0.324538122,0.5639105419999999,0.90312977,1068.0,3024.0
0.9487633597122297,0.150397039,0.547692374,0.88434524,1068.0,3024.0
0.9514339909500356,0.033212219,0.5701321905,0.88674138,1068.0,3024.0
0.890416961771351,0.0,0.569652928,0.8906857175,1068.0,3024.0
0.7984121443332988,0.0,0.488292356,0.8798695555,1068.0,3024.0
0.7435343526498325,0.0,0.43666704466666667,0.8445121969999999,1068.0,3024.0
0.7411433288302869,0.0,0.4169364295,0.83489597,1068.0,3024.0
0.8311279425408937,0.0,0.4145222545,0.8265698615,1068.0,3024.0
0.9451001573294013,0.0229196635,0.39968639699999997,0.8350606945,1068.0,3024.0
0.958910105760064,0.10886186449999999,0.39410394049999997,0.827693732,1068.0,3024.0
0.9519456723232944,0.191940735,0.37454095249999997,0.8043622285,1068.0,3024.0
0.9487542195326055,0.23134084900000002,0.397906058,0.796899733,1068.0,3024.0
0.9494771470935635,0.20145768749999998,0.407665279,0.8091308235000001,1068.0,3024.0
0.961695731592786,0.116910066,0.387203938,0.846100416,1068.0,3024.0
0.9650497738622459,0.034410815,0.41088803100000004,0.8939027820000001,1068.0,3024.0
0.9025943684026018,0.0,0.440293943,0.916666082,1068.0,3024.0
0.8099230353461451,0.0,0.400081982,0.9212425630000001,1068.0,3024.0
0.7595688654820311,0.0,0.403478003,0.929284511,1068.0,3024.0
0.7575981492985506,0.0,0.4601433315,0.9337453835,1068.0,3024.0
0.7612893498610449,0.0,0.4968899875,0.9350176995,1068.0,3024.0
0.7667424678532044,0.0,0.5270646885,0.9365083679999999,1068.0,3024.0
0.7828105261609355,0.0352074895,0.5783261749999999,0.936882285,1068.0,3024.0
0.8343362914076442,0.1931797535,0.650342535,0.9372804285,1068.0,3024.0
0.8424153535106808,0.3373537605,0.6272063225,0.936395513,1068.0,3024.0
0.8421381389547704,0.381685982,0.710231187,0.936767366,1068.0,3024.0
0.8494209654782341,0.2774319745,0.770626601,0.934349981,1068.0,3024.0
0.8678910271993352,0.154236975,0.787856617,0.93506741,1068.0,3024.0
0.8652638820728324,0.0401494285,0.77323485,0.9368453655,1068.0,3024.0
0.826044413246318,0.0,0.7720806615,0.9372089195,1068.0,3024.0
0.7857466004107705,0.0,0.765350139,0.937289621,1068.0,3024.0
0.7662269086974299,0.0,0.6083426279999999,0.937241038,1068.0,3024.0
0.7666633426637068,0.0,0.68382734,0.9372618325,1068.0,3024.0
0.7641459297350115,0.0,0.6988465214999999,0.9368179919999999,1068.0,3024.0
0.766406824969695,0.0016205163333333332,0.6912576893333333,0.9362001830000001,1068.0,3024.0
0.8001215034102828,0.11661423,0.7073912,0.935325133,1068.0,3024.0
0.827626359942653,0.248053033,0.724202905,0.935213695,1068.0,3024.0
0.8406977772199992,0.379036111,0.719244699,0.93329902,1068.0,3024.0
0.8418136526359308,0.515843714,0.562812626,0.91848759,1068.0,3024.0
0.8419925380143566,0.6084332020000001,0.618879834,0.9208434235,1068.0,3024.0
0.8420537977650152,0.570519852,0.662050609,0.9270722325,1068.0,3024.0
0.8504708721945485,0.436687638,0.669599361,0.924715081,1068.0,3024.0
0.8653615192744266,0.295287053,0.631188046,0.92161633,1068.0,3024.0
0.8642619858235946,0.077345763,0.5778400555000001,0.91790498,1068.0,3024.0
0.8251698372468397,0.0,0.527490939,0.897776732,1068.0,3024.0
0.769112340784525,0.0,0.42678705949999995,0.8211804039999999,1068.0,3024.0
0.787451989574349,0.0,0.3455908175,0.722522357,1068.0,3024.0
0.7833886839479227,0.0,0.2972225235,0.6472748715000001,1068.0,3024.0
0.80682954254657,0.0,0.2629438935,0.5895767985,1068.0,3024.0
0.9224008768315491,0.0039974925,0.231557523,0.5365458405,1068.0,3024.0
0.9787552531550214,0.201331096,0.20092374,0.493049747,1068.0,3024.0
0.9831785917161862,0.388982835,0.202787015,0.471052574,1068.0,3024.0
0.9803917655306507,0.552299388,0.179587941,0.441143665,1068.0,3024.0
0.9800922539738298,0.697006958,0.116916222,0.392706442,1068.0,3024.0
0.9753889773616077,0.7907747675,0.119601541,0.3978269815,1068.0,3024.0
0.9693093686572708,0.7194876105,0.12849823999999999,0.3961302485,1068.0,3024.0
0.9681597938829178,0.556762581,0.133329622,0.405175851,1068.0,3024.0
0.9750149571019522,0.39304943,0.132218054,0.419917207,1068.0,3024.0
0.9781725716750731,0.201150662,0.133255527,0.451008557,1068.0,3024.0
0.9622231086892926,0.004124104,0.1408921785,0.5419446815,1068.0,3024.0
0.8618997299295648,0.0,0.133158299,0.6670344305,1068.0,3024.0
0.7983829689992448,0.0,0.126529957,0.674403853,1068.0,3024.0
0.784647205487679,0.0,0.1557940725,0.698734416,1068.0,3024.0
0.7845771750751729,0.0,0.18606292600000002,0.722116222,1068.0,3024.0
0.8640007443778193,0.0,0.21422739000000002,0.809806476,1068.0,3024.0
0.9482926722765694,0.007123779,0.236822773,0.861820989,1068.0,3024.0
0.9787789818301877,0.133610215,0.239738276,0.881663728,1068.0,3024.0
0.9811504243006925,0.26268841,0.253192739,0.882518632,1068.0,3024.0
0.975855326028898,0.396884174,0.304392291,0.860547883,1068.0,3024.0
0.9712444692923883,0.484572254,0.299974768,0.804994958,1068.0,3024.0
0.9617539904614105,0.6063451744999999,0.345300204,0.723700723,1068.0,3024.0
0.950666884639072,0.600885653,0.3852121345,0.6044726905,1068.0,3024.0
0.9544687635637258,0.40533664,0.33557356400000005,0.548262202,1068.0,3024.0
0.9636610233215857,0.188080482,0.285647249,0.559960275,1068.0,3024.0
0.9509965876209814,0.005591711,0.2743350155,0.533558532,1068.0,3024.0
0.8539322923530397,0.0,0.2197202965,0.4411026735,1068.0,3024.0
0.803587770382661,0.0,0.15613078,0.328437078,1068.0,3024.0
0.785110922459306,0.0,0.1263323435,0.26251003900000003,1068.0,3024.0
0.7829601901398625,0.0,0.11463912200000001,0.1993067995,1068.0,3024.0
0.8059214971844882,0.0,0.114997236,0.1653892225,1068.0,3024.0
0.9234407661363515,0.005847111,0.10565752,0.19085964,1068.0,3024.0
0.9779576322980436,0.180989235,0.088063179,0.251820971,1068.0,3024.0
0.9773854762751243,0.404301366,0.07435818350000001,0.2768430065,1068.0,3024.0
0.9692780693416644,0.585261458,0.062685215,0.308558105,1068.0,3024.0
0.9620505475330483,0.6358061355,0.0859359035,0.3581595125,1068.0,3024.0
0.9538552447482433,0.535214949,0.1191856245,0.4438392405,1068.0,3024.0
0.9552147732265923,0.3388208195,0.13001190899999998,0.5764972455,1068.0,3024.0
0.9635393353181176,0.07491844750000001,0.1576140565,0.6616269685,1068.0,3024.0
0.9016046128836159,0.0,0.2108853685,0.768771594,1068.0,3024.0
0.8265956108174748,0.0,0.242412319,0.843249167,1068.0,3024.0
0.7785460381551728,0.0,0.25951378599999997,0.8831023175,1068.0,3024.0
0.7597198676786998,0.0,0.29409103999999997,0.897607472,1068.0,3024.0
0.7583633861478298,0.0,0.351062596,0.915364678,1068.0,3024.0
0.8444963328045052,0.0,0.41578843200000004,0.9189965465,1068.0,3024.0
0.9537910305124017,0.03659295,0.440115832,0.8984285435,1068.0,3024.0
0.9735570991147126,0.119198059,0.425135785,0.869879583,1068.0,3024.0
0.9695028879338714,0.161154544,0.407943602,0.837171083,1068.0,3024.0
0.9665004761294548,0.198367285,0.33523328,0.765682945,1068.0,3024.0
0.9617001631548574,0.189134788,0.354836357,0.666587117,1068.0,3024.0
0.9547015223141494,0.15830957550000002,0.3100841645,0.504792012,1068.0,3024.0
0.9578916826211352,0.079830367,0.23556252449999998,0.37930598299999996,1068.0,3024.0
0.9605159650619384,0.029959843,0.206631321,0.289155125,1068.0,3024.0
0.9385024041704777,0.001447737,0.1939533735,0.2078841555,1068.0,3024.0
0.8411358735191621,0.0,0.161357211,0.1588527535,1068.0,3024.0
0.778757561729759,0.0,0.117143337,0.174046852,1068.0,3024.0
0.7489435839712096,0.0,0.113756127,0.206793844,1068.0,3024.0
0.747590033395691,0.0,0.09965913100000001,0.244817612,1068.0,3024.0
0.7763837414206465,0.0,0.086672833,0.31473052,1068.0,3024.0
0.9096742116861027,0.002185509,0.0877518615,0.401397842,1068.0,3024.0
0.964356806404934,0.032844124,0.082252815,0.444902634,1068.0,3024.0
0.9639910497558271,0.1061849275,0.0711773645,0.4877238685,1068.0,3024.0
0.9581735133323024,0.174211192,0.071304876,0.497698239,1068.0,3024.0
0.9546146418910266,0.2175892205,0.0784632375,0.5124358965,1068.0,3024.0
0.9516430677535499,0.190741271,0.084422634,0.501735634,1068.0,3024.0
0.9569005424875565,0.1118038395,0.0745839535,0.489856694,1068.0,3024.0
0.9592635370857336,0.029292805,0.06776096649999999,0.488629287,1068.0,3024.0
0.8938192461607359,0.0,0.07977265049999999,0.5129082555,1068.0,3024.0
0.8012530281526116,0.0,0.08296180950000001,0.47429437,1068.0,3024.0
0.7483058290978559,0.0,0.080676358,0.423639825,1068.0,3024.0
0.7344787996665405,0.0,0.08489749299999999,0.3896604095,1068.0,3024.0
0.7298087839624989,0.0,0.0911644125,0.3327421565,1068.0,3024.0
0.7349964824724611,0.0,0.10411165850000001,0.25948219100000003,1068.0,3024.0
0.7603919688151388,0.068868382,0.09817181050000001,0.23249139000000002,1068.0,3024.0
0.8086382462292607,0.303086892,0.064287891,0.20985078,1068.0,3024.0
0.8016378512561833,0.546684422,0.0724140615,0.096291163,1068.0,3024.0
0.7900704091102311,0.501270239,0.057104369,0.0477056265,1068.0,3024.0
0.7910525936573708,0.350101106,0.045645461,0.030367566999999998,1068.0,3024.0
0.8088943177402232,0.17487639449999998,0.055470985,0.0591694235,1068.0,3024.0
0.8252832619711654,0.010729142,0.102566327,0.110291331,1068.0,3024.0
0.8049217245853966,0.0,0.12915864500000002,0.1708337815,1068.0,3024.0
0.7665395310100925,0.0,0.115945992,0.18319928,1068.0,3024.0
0.7425175376036617,0.0,0.07440260600000001,0.145039533,1068.0,3024.0
0.741675230282567,0.0,0.0577268055,0.1057591275,1068.0,3024.0
0.7469754988205803,0.0,0.0384111295,0.0855522605,1068.0,3024.0
0.7531440887311669,0.0,0.035295957,0.0969958335,1068.0,3024.0
0.8050030652245239,0.11350568,0.0313459575,0.0930817155,1068.0,3024.0
0.8163184518383636,0.428957887,0.0112641975,0.083392232,1068.0,3024.0
0.7910313581501273,0.63968071,0.009879487,0.083985319,1068.0,3024.0
0.7835656763348324,0.726241747,0.011691258999999999,0.0871875695,1068.0,3024.0
0.7821963150381568,0.5164738019999999,0.0193726585,0.0866143955,1068.0,3024.0
0.7997757819156057,0.2452522405,0.033454421,0.09355928,1068.0,3024.0
0.8036044818655372,0.095270183,0.052387612,0.135154402,1068.0,3024.0
0.7875316221465518,0.0050767175,0.073940857,0.1775035815,1068.0,3024.0
0.7425649250273121,0.0,0.07065002849999999,0.17105055400000002,1068.0,3024.0
0.7340349793216029,0.0,0.061796080499999996,0.1442725235,1068.0,3024.0
0.7336961358286633,0.0,0.057198005999999996,0.15481234100000002,1068.0,3024.0
0.7690308616176573,0.0,0.0624818015,0.1692682335,1068.0,3024.0
0.9096389424570912,0.0,0.06619244199999999,0.1447837435,1068.0,3024.0
0.9663177593653641,0.0542851835,0.0591841605,0.096347006,1068.0,3024.0
0.9607462313072513,0.180447092,0.038526707,0.083133708,1068.0,3024.0
0.952341620728896,0.263650777,0.037725655,0.079663603,1068.0,3024.0
0.9455822013885337,0.392169384,0.045791065,0.087784584,1068.0,3024.0
0.9389444239861948,0.47790761550000005,0.061531335000000006,0.10237840449999999,1068.0,3024.0
0.9304869561268759,0.417092519,0.080528235,0.126596221,1068.0,3024.0
0.9361648920484305,0.282015721,0.086182605,0.11805062200000001,1068.0,3024.0
0.9410098460845119,0.148320852,0.073323077,0.079749664,1068.0,3024.0
0.9177770021328997,0.020515768,0.071915511,0.062760526,1068.0,3024.0
0.8418756971561815,0.0,0.0603906015,0.0509288445,1068.0,3024.0
0.769306875820754,0.0,0.045395339,0.056722894999999995,1068.0,3024.0
0.7587564953975632,0.0,0.04343144,0.074885309,1068.0,3024.0
0.7601500006212207,0.0,0.0458424575,0.0930350845,1068.0,3024.0
0.8461750388077345,0.0,0.047609779500000005,0.12552301999999999,1068.0,3024.0
0.9556963095716136,0.015828051,0.0476881945,0.1758008395,1068.0,3024.0
0.9644233288841073,0.2338339795,0.0457909925,0.24831800099999998,1068.0,3024.0
0.9474320375365635,0.49014862150000005,0.0504343025,0.29036902350000005,1068.0,3024.0
0.9429181714283903,0.552149579,0.094038166,0.335716821,1068.0,3024.0
0.9437494919751956,0.4207891925,0.11842949850000001,0.3026073675,1068.0,3024.0
0.9518052877145443,0.20056612749999997,0.11068918350000001,0.28133254100000005,1068.0,3024.0
0.9480618525831067,0.072954158,0.126862803,0.298784546,1068.0,3024.0
0.9176196757140491,0.005559136,0.165553407,0.34887199,1068.0,3024.0
0.8390544325766712,0.0,0.2166866125,0.417823557,1068.0,3024.0
0.774552855734954,0.0,0.246845119,0.455771476,1068.0,3024.0
0.7370271423930654,0.0,0.25601977200000003,0.5162279745,1068.0,3024.0
0.7298218718513212,0.0,0.2578621805,0.5881813295,1068.0,3024.0
0.7531576147388239,0.0,0.255562753,0.648397078,1068.0,3024.0
0.8897393672477676,0.0,0.2673096565,0.6610368314999999,1068.0,3024.0
0.9598282606645474,0.019581269000000002,0.2822645415,0.5772301774999999,1068.0,3024.0
0.9533268515607023,0.08174296349999999,0.2914268415,0.5483931515,1068.0,3024.0
0.9490422362696199,0.157004114,0.299735471,0.5445450675000001,1068.0,3024.0
0.9481445317713819,0.14887875,0.3326550305,0.5358679335000001,1068.0,3024.0
0.9545917907791541,0.0857697605,0.339443394,0.591293089,1068.0,3024.0
0.9605159650619384,0.040105012,0.354426343,0.701593887,1068.0,3024.0
0.9564271312253433,0.018924129,0.396456636,0.750614279,1068.0,3024.0
0.8945604544123482,0.001864302,0.47154943000000005,0.7531677729999999,1068.0,3024.0
0.8022918559637469,0.0,0.534615813,0.7189176975,1068.0,3024.0
0.7588600024636065,0.0,0.50491232,0.6561205696666667,1068.0,3024.0
0.7544191371606142,0.0,0.5349950525,0.5327582685000001,1068.0,3024.0
0.8389085545807764,0.0,0.480872026,0.49050302749999997,1068.0,3024.0
0.9503611867249979,0.0082692095,0.411416497,0.3987224895,1068.0,3024.0
0.9667618567657827,0.082736926,0.412426747,0.322376645,1068.0,3024.0
0.9576657104043714,0.228402794,0.427371963,0.298062795,1068.0,3024.0
0.95410397594599,0.347069622,0.400170681,0.28573807,1068.0,3024.0
0.9470984567721383,0.45214864899999996,0.2541128325,0.2537667655,1068.0,3024.0
0.9399447046308036,0.500274463,0.2403512195,0.2109898335,1068.0,3024.0
0.9369077623015226,0.43575466350000003,0.20158279499999998,0.158551063,1068.0,3024.0
0.9367003481623003,0.280500749,0.14880664,0.144265247,1068.0,3024.0
0.9360176755033875,0.149965018,0.116794789,0.173050474,1068.0,3024.0
0.8897590796126778,0.0135086075,0.1192125175,0.2532248405,1068.0,3024.0
0.7970944402961793,0.0,0.1478250445,0.4404875065,1068.0,3024.0
0.7473971838907734,0.0,0.150230503,0.466555064,1068.0,3024.0
0.7412982552063223,0.0,0.146174584,0.5116685995,1068.0,3024.0
0.752846584832365,0.0,0.143401219,0.530521933,1068.0,3024.0
0.8407826728521224,0.0,0.135092504,0.484558976,1068.0,3024.0
0.9512964226301341,0.024525523,0.1515206325,0.4964217915,1068.0,3024.0
0.9665486718525287,0.149273243,0.136335399,0.496768444,1068.0,3024.0
0.9498042187112156,0.3362068615,0.1107332945,0.45982894799999996,1068.0,3024.0
0.9283250053802947,0.590842547,0.129215007,0.45126406350000003,1068.0,3024.0
0.9074533097636004,0.6158897335,0.209921841,0.5309602465000001,1068.0,3024.0
0.9071128967314765,0.43527403249999996,0.2698653125,0.6352000095,1068.0,3024.0
0.9206707438959879,0.246214185,0.284470656,0.714280233,1068.0,3024.0
0.924873787557907,0.140352074,0.347547604,0.757837706,1068.0,3024.0
0.8834191520970861,0.0084771665,0.43406736,0.8029864879999999,1068.0,3024.0
0.7943998961214277,0.0,0.4493615565,0.8289827605,1068.0,3024.0
0.7234895153075753,0.0,0.375813236,0.795177111,1068.0,3024.0
0.721718573359007,0.0,0.3375708795,0.7767688770000001,1068.0,3024.0
0.7341821269341815,0.0,0.2902556465,0.736246256,1068.0,3024.0
0.7380244688838973,0.0,0.2516639585,0.6832465055000001,1068.0,3024.0
0.7826996867354222,0.014864209,0.218807773,0.65088867,1068.0,3024.0
0.8084902909800706,0.076826175,0.193746521,0.622902407,1068.0,3024.0
0.8140358749133874,0.199325189,0.15706809900000002,0.5599882155,1068.0,3024.0
0.8034597117601604,0.318113289,0.114166382,0.459235784,1068.0,3024.0
0.7941529651214954,0.338043252,0.130454424,0.431959156,1068.0,3024.0
0.7938539612787856,0.3171743725,0.130731457,0.438276464,1068.0,3024.0
0.814438563124392,0.21066866950000002,0.149821442,0.44214569699999995,1068.0,3024.0
0.8190352472799871,0.096125385,0.173833235,0.510075442,1068.0,3024.0
0.8085069096692451,0.023952102,0.18742966,0.544007853,1068.0,3024.0
0.7739356897955862,0.0,0.190488525,0.5341312895,1068.0,3024.0
0.6940993227395338,0.0,0.18021601199999998,0.4499689685,1068.0,3024.0
0.6327250769481001,0.0,0.226746575,0.3656944755,851.5,2412.0
0.6247637328025639,0.0,0.2851298955,0.336908024,635.0,1800.0
0.6285137235770472,0.0,0.33211912,0.3775551425,635.0,1800.0
0.6485774574729198,0.0135319955,0.375707238,0.4926419105,635.0,1800.0
0.7105603285708324,0.089562388,0.430362974,0.524580257,635.0,1800.0
0.7508330980433031,0.164540568,0.419098482,0.4631668605,635.0,1800.0
0.7496103070498188,0.2879647155,0.3879598995,0.3662778785,635.0,1800.0
0.7499925673901913,0.377655439,0.43217086800000004,0.37693817949999997,635.0,1800.0
0.7588786911151425,0.30845262,0.46777292800000003,0.4368325275,635.0,1800.0
0.760668352204606,0.209660042,0.439458244,0.408867141,635.0,1800.0
0.7594236333965818,0.131568205,0.412934478,0.376679639,635.0,1800.0
0.734973492501442,0.0169802275,0.3539100285,0.3323701025,635.0,1800.0
0.6926805656983765,0.0,0.313161131,0.2903549755,635.0,1800.0
0.6788507203096186,0.0,0.2611187865,0.24594231099999997,635.0,1800.0
0.6584448192492527,0.0,0.2525207935,0.28131134199999996,635.0,1800.0
0.673471765065489,0.0,0.20924635349999998,0.310253881,635.0,1800.0
0.7596327794639663,0.0,0.1757776445,0.340029863,635.0,1800.0
0.8385028654877379,0.0641393,0.153230586,0.367315467,635.0,1800.0
0.8687169928867363,0.232254966,0.1209691695,0.388972123,635.0,1800.0
0.8617082418408146,0.451358076,0.09928450899999999,0.422911942,635.0,1800.0
0.8486189127277786,0.5045162925,0.116209121,0.455970453,635.0,1800.0
0.8377652579631603,0.42248539799999996,0.1433603385,0.50696186,635.0,1800.0
0.8331263341145203,0.316168764,0.139304995,0.535200814,635.0,1800.0
0.8314012793142884,0.16816976,0.161732051,0.601160225,635.0,1800.0
0.8106050617632061,0.0079616615,0.28629396,0.6775656125,635.0,1800.0
0.7428790472838824,0.0,0.40035009,0.738603752,635.0,1800.0
0.6515886633364532,0.0,0.415295184,0.7358669179999999,635.0,1800.0
0.6154930633609281,0.0,0.4260115645,0.7305189765,635.0,1800.0
0.6306797596657705,0.0,0.41594811600000003,0.735968646,635.0,1800.0
0.7185512641638938,0.0,0.4085374385,0.765527965,635.0,1800.0
0.8297490712154112,0.0880760095,0.399773969,0.7872674829999999,635.0,1800.0
0.8386161520157291,0.39251950199999996,0.311743029,0.7656956905000001,635.0,1800.0
0.8267880222035575,0.6606469325,0.2373804825,0.673613627,635.0,1800.0
0.8190158119705577,0.7128173680000001,0.241310391,0.6496375750000001,635.0,1800.0
0.8131954599209966,0.5573094805000001,0.23336637500000001,0.5642493685000001,635.0,1800.0
0.8107490931644357,0.261700774,0.227005208,0.5275497,635.0,1800.0
0.7939752340304383,0.0157082195,0.29337256050000005,0.6134059745,635.0,1800.0
0.7438865068469472,0.0,0.3600338375,0.7219485720000001,635.0,1800.0
0.6476264107472047,0.0,0.3643453805,0.721884707,635.0,1800.0
0.6119603663716724,0.0,0.355118327,0.7776549989999999,635.0,1800.0
0.6297933192955684,0.0,0.32842976,0.8234595605,635.0,1800.0
0.7186735523437688,0.0,0.29506780499999996,0.830940934,635.0,1800.0
0.825801498556642,0.1512275995,0.22650693649999998,0.805915323,635.0,1800.0
0.8321049104249638,0.406169055,0.1538646465,0.718073547,635.0,1800.0
0.8262832194948484,0.5528962995,0.11874954199999999,0.5104257215,635.0,1800.0
0.8197117339130526,0.5516904105,0.19928701799999998,0.4741231005,635.0,1800.0
0.8164666380775899,0.4072083235,0.2909291045,0.4561175555,635.0,1800.0
0.8124645922018221,0.186126277,0.368412566,0.462416852,635.0,1800.0
0.7997119832629855,0.015189897,0.378778473,0.6248600424999999,635.0,1800.0
0.7422264510521491,0.0,0.3772363285,0.694553192,635.0,1800.0
0.6637057104485147,0.0,0.382261932,0.657469919,635.0,1800.0
0.6257421548633624,0.0,0.435156793,0.736039876,635.0,1800.0
0.6144144193631133,0.0,0.4840529215,0.8225606329999999,635.0,1800.0
0.6638242825057588,0.0,0.5011969965,0.8443376675,635.0,1800.0
0.7867245147905985,0.0342331135,0.514598918,0.8398091745,635.0,1800.0
0.851361651962792,0.186258132,0.493045511,0.838318032,635.0,1800.0
0.852871352134179,0.358212069,0.6101053155,0.845071065,635.0,1800.0
0.852327263554796,0.49702474350000003,0.5236298290000001,0.8274662150000001,635.0,1800.0
0.8493504730856557,0.5314702215,0.6161732955,0.8205218675,635.0,1800.0
0.8488723992713347,0.3902205025,0.6805681100000001,0.7503411280000001,635.0,1800.0
0.8472550908836924,0.22510324950000002,0.6053659945,0.690574606,635.0,1800.0
0.8344550252573354,0.060884619,0.513228642,0.645245364,635.0,1800.0
0.8077197221384067,0.0,0.448376608,0.605301145,635.0,1800.0
0.7551729487853631,0.0,0.365148313,0.5724956195,635.0,1800.0
0.6854346707368104,0.0,0.261456057,0.575780869,635.0,1800.0
0.6682452661616163,0.0,0.2239202635,0.5989605745,635.0,1800.0
0.6651265447429672,0.0,0.20115331749999998,0.6189064209999999,635.0,1800.0
0.7119008840512306,0.0,0.1898093795,0.611333041,635.0,1800.0
0.8126551105963888,0.061877351,0.1881824175,0.594652092,635.0,1800.0
0.8668607400542293,0.325530434,0.162629248,0.593317253,635.0,1800.0
0.8658391317714873,0.523730806,0.135294063,0.565098921,635.0,1800.0
0.8581413838444713,0.694842825,0.135014143,0.540075135,635.0,1800.0
0.8500060009355527,0.836597977,0.128362063,0.50343521,635.0,1800.0
0.8380740949556027,0.9369433924999999,0.154268979,0.5373009154999999,635.0,1800.0
0.8250908509164886,0.911891022,0.173684077,0.561879667,635.0,1800.0
0.8202698562142038,0.823426118,0.185087563,0.579880893,635.0,1800.0
0.8171379083789918,0.678978656,0.204894637,0.608116639,635.0,1800.0
0.8166173635501839,0.496093778,0.215556414,0.626093526,635.0,1800.0
0.815030800698592,0.291058334,0.254884972,0.652445827,635.0,1800.0
0.8119236890976583,0.080130195,0.343565699,0.690028423,635.0,1800.0
0.7815159042257247,0.0,0.45596097,0.7334439545,635.0,1800.0
0.6858327425605739,0.0,0.522307183,0.7892013405,635.0,1800.0
0.6035831541942634,0.0,0.5072935075,0.8266921309999999,635.0,1800.0
0.5860993392634407,0.0,0.47227881800000004,0.8281986125,635.0,1800.0
0.5978338946474064,0.0,0.452523969,0.816799603,635.0,1800.0
0.6328208209924752,0.0684880355,0.43756994650000003,0.8475588765,635.0,1800.0
0.6796368924122347,0.332524391,0.365126568,0.861454534,635.0,1800.0
0.7063105672569462,0.535587397,0.276527878,0.842545598,635.0,1800.0
0.7017576462681354,0.709570504,0.250112032,0.790648731,635.0,1800.0
0.6928761625596787,0.8785647219999999,0.18776281099999997,0.6642825645,635.0,1800.0
0.686671495120657,0.9139475715000001,0.20007996249999999,0.5971514805,635.0,1800.0
0.6862665914600226,0.800563479,0.204437341,0.520792747,635.0,1800.0
0.6855097560862203,0.576318989,0.205619407,0.49365064049999996,635.0,1800.0
0.6791751608944194,0.185451546,0.2905138465,0.4815158955,635.0,1800.0
0.6722801348267299,0.0,0.3671530025,0.48026479850000003,635.0,1800.0
0.6508908720648361,0.0,0.35561720799999996,0.472264016,635.0,1800.0
0.5979481043070272,0.0,0.32250037,0.439749603,635.0,1800.0
0.577808222872125,0.0,0.27013090500000003,0.3038880825,635.0,1800.0
0.5913845125197378,0.0,0.2249346525,0.226289746,635.0,1800.0
0.6243123416183427,0.07444513950000001,0.196124539,0.20159142000000002,635.0,1800.0
0.6707856458629052,0.327367034,0.134236103,0.187343749,635.0,1800.0
0.6967538426708703,0.504753027,0.099080357,0.180143558,635.0,1800.0
0.6922930422980834,0.7241440379999999,0.0730229365,0.1517711505,635.0,1800.0
0.6875941283154687,0.8702426759999999,0.07083113199999999,0.127999346,635.0,1800.0
0.6859762661482707,0.8109869345,0.08106357950000001,0.17540133149999998,635.0,1800.0
0.6855351232330351,0.555751648,0.0793104005,0.24912086449999998,635.0,1800.0
0.6794090043369356,0.18649798,0.116892771,0.3751348355,635.0,1800.0
0.6726533703167934,0.0,0.1507834585,0.3970270985,635.0,1800.0
0.6638867655425316,0.0,0.129584749,0.293199394,635.0,1800.0
0.6471501602628423,0.0,0.114680877,0.2151198855,635.0,1800.0
0.6130017560512105,0.0,0.099754649,0.226928862,635.0,1800.0
0.6133863941639097,0.0,0.0782245825,0.29788804,635.0,1800.0
0.6635257860788947,0.0,0.08422656149999999,0.352572724,635.0,1800.0
0.7828661771951344,0.0703529775,0.09159078749999999,0.4240599055,635.0,1800.0
0.8372371421625061,0.303502992,0.070297986,0.422284705,635.0,1800.0
0.8274612776273652,0.5434217825000001,0.043715618,0.3884346485,635.0,1800.0
0.8206806227797594,0.7731360835000001,0.0421133545,0.3914058835,635.0,1800.0
0.8144536586712332,0.7776517475,0.0551211395,0.421465302,635.0,1800.0
0.8084720096266041,0.5797898735,0.068507448,0.4210777405,635.0,1800.0
0.8056821832218468,0.24981177400000001,0.10501206599999999,0.50567483,635.0,1800.0
0.7883619736619858,0.023097592,0.20929796950000001,0.6183063225000001,635.0,1800.0
0.7406868136441354,0.0,0.2626484415,0.6973671804999999,635.0,1800.0
0.6456441764460705,0.0,0.2539494375,0.6965946275,635.0,1800.0
0.6095407054767773,0.0,0.23088634149999998,0.6828252995,635.0,1800.0
0.6275134428992978,0.0,0.212516546,0.690530731,635.0,1800.0
0.7178034543032129,0.0011674625,0.2081403325,0.8028145855,635.0,1800.0
0.8082216167587838,0.108369659,0.203307518,0.814621804,635.0,1800.0
0.827334973137234,0.280274809,0.180364741,0.789630219,635.0,1800.0
0.8231640592945524,0.5159559655,0.1526556115,0.7042294265,635.0,1800.0
0.8194732507854481,0.71102456,0.149072013,0.619714818,635.0,1800.0
0.8158400549031168,0.77111129,0.16999898349999998,0.627898387,635.0,1800.0
0.8092040780299984,0.675555555,0.2307742245,0.6947702595,635.0,1800.0
0.8060425392775108,0.423392736,0.2902643665,0.7529127369999999,635.0,1800.0
0.7987203811493346,0.128987899,0.37318187999999997,0.7402648119999999,635.0,1800.0
0.7728779811173896,0.0,0.407986995,0.763066578,635.0,1800.0
0.6940448722901327,0.0,0.3343222475,0.7699329615,635.0,1800.0
0.6236729246440873,0.0,0.28451983950000004,0.7372481305,635.0,1800.0
0.6126328136617595,0.0,0.2576818245,0.7640395155,635.0,1800.0
0.6631371086563576,0.0,0.2546514285,0.765852858,635.0,1800.0
0.7525979692953395,0.002551256,0.260637379,0.75394496,635.0,1800.0
0.8158387620880077,0.108901191,0.252639857,0.743719553,635.0,1800.0
0.8461309061231737,0.228214081,0.210145975,0.732556937,635.0,1800.0
0.8406711868533514,0.424639601,0.193705357,0.724074036,635.0,1800.0
0.8333537376741338,0.569750997,0.156446455,0.687923224,635.0,1800.0
0.8273058899340695,0.633891457,0.1937003935,0.7185200375,635.0,1800.0
0.8198721997416776,0.5516191975,0.2260131125,0.7418879425,635.0,1800.0
0.8163334552543152,0.355445965,0.24752792899999998,0.7809997065000001,635.0,1800.0
0.8123062039578985,0.218140921,0.280684763,0.803465051,635.0,1800.0
0.8023255553221683,0.082601259,0.345101627,0.810171423,635.0,1800.0
0.778439907347212,0.0,0.41373563150000003,0.8151623020000001,635.0,1800.0
0.7247722268397583,0.0,0.434789923,0.814387127,635.0,1800.0
0.6498609081069373,0.0,0.3912707395,0.7769958379999999,635.0,1800.0
0.6142180378979221,0.0,0.39804741050000003,0.785707385,635.0,1800.0
0.6310643054487364,0.0,0.415237146,0.8041846735,635.0,1800.0
0.7192060072441988,0.001783429,0.43145067449999996,0.8153394199999999,635.0,1800.0
0.8166084076323389,0.105979887,0.426085726,0.826834642,635.0,1800.0
0.8450642418585382,0.210924676,0.380979665,0.832416998,635.0,1800.0
0.839096441942492,0.38876128,0.364662486,0.8325715215,635.0,1800.0
0.8279323345808021,0.538957431,0.2691816,0.789695512,635.0,1800.0
0.8214505453795716,0.6053836349999999,0.2912283315,0.794037176,635.0,1800.0
0.8130557215540981,0.4827473725,0.315232324,0.7674398365,635.0,1800.0
0.8094550253401869,0.237614642,0.2658141855,0.7551262224999999,635.0,1800.0
0.805324735917327,0.116715191,0.256748989,0.749756031,635.0,1800.0
0.7896439464900213,0.0206077085,0.30872652700000003,0.7017316565,635.0,1800.0
0.741856400705899,0.0,0.330670219,0.7060274904999999,635.0,1800.0
0.6610883522074562,0.0,0.274142231,0.657786477,635.0,1800.0
0.6234702879223193,0.0,0.263673187,0.6201706579999999,635.0,1800.0
0.6126991051177558,0.0,0.243539746,0.5929614175,635.0,1800.0
0.6629646863592598,0.0,0.245686439,0.5446101465,635.0,1800.0
0.781840875391656,0.0379341545,0.2390732095,0.4920851935,635.0,1800.0
0.8370195253557746,0.190061485,0.19824804750000002,0.498038132,635.0,1800.0
0.8262900053656963,0.34207659300000004,0.17022952800000002,0.421492011,635.0,1800.0
0.8213705432895924,0.407568149,0.197929201,0.3844240955,635.0,1800.0
0.8153574567330226,0.3131148305,0.2569147115,0.356664588,635.0,1800.0
0.8129236005558965,0.17581274549999998,0.272251362,0.41052480550000003,635.0,1800.0
0.802999872571049,0.0613892685,0.25379831750000004,0.4063432105,635.0,1800.0
0.7758494631239767,0.0,0.2580137175,0.3995598845,635.0,1800.0
0.6848529124547729,0.0,0.2325220775,0.34687636600000005,635.0,1800.0
0.6013809025133329,0.0,0.24342841599999998,0.325339862,635.0,1800.0
0.5812889854469219,0.0,0.259366162,0.324098003,635.0,1800.0
0.5931531230265492,0.0,0.2322199465,0.31088047,635.0,1800.0
0.6282732555258806,0.0469467795,0.21441445050000002,0.32433127149999996,635.0,1800.0
0.6798900561662712,0.185128291,0.197405338,0.388828648,635.0,1800.0
0.707260529191147,0.353251286,0.1968531665,0.4225931005,635.0,1800.0
0.7004083661913345,0.503513579,0.153208054,0.386736341,635.0,1800.0
0.6954691456848756,0.5205448850000001,0.176187837,0.39019846950000003,635.0,1800.0
0.6918891769326907,0.44017037950000004,0.177692976,0.425027316,635.0,1800.0
0.6904038516783216,0.3188829125,0.133551208,0.424420398,635.0,1800.0
0.6882039078761759,0.185280094,0.093599256,0.381662824,635.0,1800.0
0.6835979453446223,0.0401975525,0.0877219585,0.36228895299999997,635.0,1800.0
0.6722956227583672,0.0,0.09570081750000001,0.339840367,635.0,1800.0
0.6286369351868172,0.0,0.09658372500000001,0.280656182,635.0,1800.0
0.5821387946748358,0.0,0.08556039,0.237976721,635.0,1800.0
0.5834892290058649,0.0,0.07039988450000001,0.1958841495,635.0,1800.0
0.601746590296257,0.0028034985,0.0700734985,0.1675353225,635.0,1800.0
0.6427569670281805,0.085784175,0.061006752,0.13228271,635.0,1800.0
0.6734349033971333,0.195150652,0.039603949,0.129955477,635.0,1800.0
0.6984731734253273,0.300617734,0.029302439,0.126373025,635.0,1800.0
0.6949910258051099,0.4776691225,0.0220080835,0.102325916,635.0,1800.0
0.6904891164968155,0.6028549375000001,0.016636639,0.08260787650000001,635.0,1800.0
0.6884137462508568,0.5388610335,0.0241460415,0.090609472,635.0,1800.0
0.6883158094581683,0.36239585900000004,0.034031352,0.11186634200000001,635.0,1800.0
0.6860101964967281,0.155666855,0.047807625,0.142370465,635.0,1800.0
0.6778743068679167,0.030379956,0.07799476999999999,0.2002452525,635.0,1800.0
0.6693432990057283,0.0,0.0899951765,0.284671263,635.0,1800.0
0.6474882189199086,0.0,0.0797810165,0.277056679,635.0,1800.0
0.6112919583914234,0.0,0.07912843550000001,0.338652972,635.0,1800.0
0.6288365943243985,0.0,0.0694912385,0.355367772,635.0,1800.0
0.7182395419501385,0.0017175135,0.0682326555,0.341043962,635.0,1800.0
0.8119690221350327,0.068540205,0.066815338,0.358281513,635.0,1800.0
0.8397447686697257,0.233738387,0.050737811,0.35078901149999997,635.0,1800.0
0.8308257068261138,0.44463288700000003,0.0443495045,0.34689619000000005,635.0,1800.0
0.8242245839301915,0.5147793759999999,0.046656704,0.3683225525,635.0,1800.0
0.8180766982829057,0.482636446,0.055410269,0.384452405,635.0,1800.0
0.8150103963577915,0.3633790095,0.0687944975,0.37588724,635.0,1800.0
0.8113690750612461,0.21534523349999998,0.06922015449999999,0.320568431,635.0,1800.0
0.796864543900049,0.036509252,0.0707780445,0.2778262265,635.0,1800.0
0.7420991304709836,0.0,0.06992303,0.251051642,635.0,1800.0
0.6637487349111516,0.0,0.064132674,0.28928457,635.0,1800.0
0.6272690739666119,0.0,0.063922461,0.3293348955,635.0,1800.0
0.619171661544504,0.0,0.07019193800000001,0.4246895595,635.0,1800.0
0.6701552308719396,0.0,0.0769128845,0.509046939,635.0,1800.0
0.788377069208827,0.06712707350000001,0.0676884145,0.5689940874999999,635.0,1800.0
0.8378758670614495,0.282309996,0.047834695,0.582017398,635.0,1800.0
0.8282636074333016,0.438092184,0.036101528,0.554946803,635.0,1800.0
0.820927230990172,0.6829346679999999,0.0503047715,0.5312696955,635.0,1800.0
0.8175434586128838,0.7641600945,0.0659676845,0.5211404584999999,635.0,1800.0
0.8099241896335138,0.7042146775,0.050951179,0.4220505695,635.0,1800.0
0.8054223263906642,0.51491884,0.0363592235,0.33546034599999996,635.0,1800.0
0.7956440147530452,0.198949724,0.031937182,0.3185765505,635.0,1800.0
0.7828580292453071,0.002294889,0.044811329,0.336417313,635.0,1800.0
0.7408295061648107,0.0,0.0651120355,0.3915028865,635.0,1800.0
0.6479399101923332,0.0,0.089643075,0.5079347755,635.0,1800.0
0.6135017117140484,0.0,0.0903999935,0.5804773215,635.0,1800.0
0.6302079409091828,0.0,0.07822991900000001,0.560225241,635.0,1800.0
0.7195010415049093,0.0083856535,0.071585702,0.46915101400000003,635.0,1800.0
0.81100604157588,0.189996279,0.062509637,0.401085602,635.0,1800.0
0.8240456988831718,0.383841482,0.041354247,0.352062199,635.0,1800.0
0.82007172045094,0.569733469,0.025376483,0.313365798,635.0,1800.0
0.8168712650141493,0.729648157,0.034792937,0.30571281,635.0,1800.0
0.8161269176841686,0.851959599,0.041776527,0.247904431,635.0,1800.0
0.8165203268564025,0.9341209275,0.066515565,0.2317344945,635.0,1800.0
0.8119601122826327,0.866517604,0.084534673,0.174406149,635.0,1800.0
0.8083140366344961,0.605728812,0.0894404915,0.146822497,635.0,1800.0
0.8026977296499708,0.327671073,0.096148305,0.151646814,635.0,1800.0
0.7872218161227379,0.141798714,0.12481294,0.169164124,635.0,1800.0
0.780706881011236,0.002813811,0.162550855,0.211361703,635.0,1800.0
0.7397255411519073,0.0,0.195342823,0.311768053,635.0,1800.0
0.6591327084386728,0.0,0.228713806,0.466242363,635.0,1800.0
0.6204303219434067,0.0,0.22824738500000002,0.5585766315,635.0,1800.0
0.6101547092387732,0.0,0.2230672155,0.5846557415,635.0,1800.0
0.6621918786375566,0.0,0.216134683,0.5275398225,635.0,1800.0
0.749731048888935,0.020978169,0.204718539,0.489641833,635.0,1800.0
0.8007284670135473,0.197397514,0.177932519,0.477619463,635.0,1800.0
0.8188998944097153,0.394501492,0.128711847,0.46403819,635.0,1800.0
0.8173204408813032,0.58297792,0.080521731,0.442934212,635.0,1800.0
0.8172632899031964,0.743478805,0.075608804,0.423079773,635.0,1800.0
0.820274656962646,0.8994179265,0.0607583295,0.321149858,635.0,1800.0
0.8165570734937087,0.9355109135,0.07173784799999999,0.23443883799999998,635.0,1800.0
0.8119151948284796,0.7621536394999999,0.089106873,0.21141884,635.0,1800.0
0.8090497978958145,0.524848365,0.099287679,0.231642668,635.0,1800.0
0.8032973068745746,0.332564987,0.130619492,0.263293814,635.0,1800.0
0.7898241704175951,0.145270144,0.191587715,0.305137857,635.0,1800.0
0.7784771616986293,0.003340323,0.249609827,0.35465066,635.0,1800.0
0.7381215284446979,0.0,0.2633433335,0.41241876450000003,635.0,1800.0
0.6451149297553168,0.0,0.2563225025,0.424607142,635.0,1800.0
0.607045751242018,0.0,0.214702675,0.44100978550000003,635.0,1800.0
0.6236541128089121,0.0,0.1882576325,0.43322537699999997,635.0,1800.0
0.7124795952863676,0.0127263885,0.1802372505,0.41904565699999996,635.0,1800.0
0.7998984392818512,0.199643153,0.158565759,0.404972764,635.0,1800.0
0.8186664890860339,0.395654627,0.11161396,0.387949936,635.0,1800.0
0.817688182984222,0.582296424,0.074957277,0.366041342,635.0,1800.0
0.8191252667814782,0.800645654,0.0683906925,0.3604467435,635.0,1800.0
0.8197537429474673,0.9394444495000001,0.07619203050000001,0.387304162,635.0,1800.0
0.8171184734009687,0.8659949245,0.0937326645,0.409480839,635.0,1800.0
0.8123403649649862,0.60201879,0.091655489,0.472332248,635.0,1800.0
0.8025022709850032,0.324201369,0.096855164,0.523847424,635.0,1800.0
0.7843111322181432,0.072912956,0.1296295225,0.505091251,635.0,1800.0
0.7379667866618478,0.0,0.13546462050000002,0.4566555275,635.0,1800.0
0.6408794326229852,0.0,0.130403116,0.495472796,635.0,1800.0
0.5963818534665026,0.0,0.117785665,0.484037037,635.0,1800.0
0.5769977914800712,0.0,0.108848603,0.425700113,635.0,1800.0
0.5912630089768924,0.0,0.097034247,0.35546380499999997,635.0,1800.0
0.6222596380567743,0.1140328325,0.0729610975,0.2844873,635.0,1800.0
0.6648934168061729,0.381019525,0.036835249,0.231176946,635.0,1800.0
0.6899625702353457,0.6377027455,0.0282835235,0.1901856945,635.0,1800.0
0.6881310615062272,0.825270821,0.02922927,0.151116976,635.0,1800.0
0.6871082989361165,0.900125398,0.038038892000000005,0.157890364,635.0,1800.0
0.6862417548943383,0.8202241565,0.050610020000000006,0.16900036499999999,635.0,1800.0
0.6860748955796616,0.562913849,0.0578032995,0.18872714899999998,635.0,1800.0
0.6777017225132469,0.223098851,0.08492796,0.19227988899999998,635.0,1800.0
0.670891776670866,0.004439323,0.126853746,0.237947626,635.0,1800.0
0.6649550455112179,0.0,0.1367065885,0.30415976850000004,635.0,1800.0
0.6263715081286768,0.0,0.099938657,0.378432647,635.0,1800.0
0.580855321173799,0.0,0.085367462,0.3632453755,635.0,1800.0
0.5829799251066672,0.0,0.08087019349999999,0.3046264435,635.0,1800.0
0.6012228139930661,0.0170750125,0.0895745465,0.29705248949999996,635.0,1800.0
0.6367718096525314,0.186177022,0.086036379,0.308548465,635.0,1800.0
0.6609888688751654,0.355494539,0.061082385,0.315327754,635.0,1800.0
0.6870708596601078,0.52403416,0.039424393,0.322074012,635.0,1800.0
0.6874991692063888,0.7112868345000001,0.0400150685,0.3392521735,635.0,1800.0
0.6892089435351881,0.831208058,0.055317849,0.3479244755,635.0,1800.0
0.6912420505582706,0.7450125905,0.087292482,0.3965723755,635.0,1800.0
0.6891000428352297,0.511598749,0.104917202,0.4742900835,635.0,1800.0
0.6829339228941406,0.259315042,0.124688146,0.551578658,635.0,1800.0
0.6732506628278973,0.106121912,0.165582468,0.63537391,635.0,1800.0
0.6681427592791158,0.00440447,0.203320548,0.698238924,635.0,1800.0
0.6631654766520656,0.0,0.2306822765,0.749944332,635.0,1800.0
0.6592872653632127,0.0,0.251499565,0.793882348,635.0,1800.0
0.6200023820143243,0.0,0.235452282,0.747411987,635.0,1800.0
0.6079944436920974,0.0,0.259987821,0.681237647,635.0,1800.0
0.6583708645579582,0.0,0.284285703,0.6252034195,635.0,1800.0
0.7735279234492524,0.0891355365,0.2640185705,0.600083857,635.0,1800.0
0.8224303295524904,0.287464918,0.20334216,0.699476671,635.0,1800.0
0.8212302972085828,0.480472514,0.2230832845,0.767706093,635.0,1800.0
0.8201079126458782,0.64285508,0.229105457,0.7356922225,635.0,1800.0
0.8162699333257699,0.62014077,0.305407907,0.747302445,635.0,1800.0
0.8112441094516691,0.5502399330000001,0.337549483,0.7900655655,635.0,1800.0
0.8086472021471056,0.3569343455,0.327227194,0.813470795,635.0,1800.0
0.8049251403878398,0.195237544,0.28098901,0.811209109,635.0,1800.0
0.792210755163198,0.0445907965,0.23160398199999999,0.818019768,635.0,1800.0
0.7431439597147809,0.0,0.1953982755,0.8181822544999999,635.0,1800.0
0.662376188205538,0.0,0.211047303,0.85414469,635.0,1800.0
0.6250470179555845,0.0,0.20668082399999999,0.860847667,635.0,1800.0
0.6154849154442413,0.0,0.2351660855,0.8724679799999999,635.0,1800.0
0.6642646864517221,0.0,0.28136047200000003,0.8926371875,635.0,1800.0
0.7832060593147216,0.058522719,0.313785769,0.897463951,635.0,1800.0
0.8426364789135575,0.173834039,0.319061527,0.89865534,635.0,1800.0
0.8375070167366067,0.2813661545,0.4424068525,0.9026249725,635.0,1800.0
0.8288086186472052,0.35010095750000003,0.3845746165,0.8470292150000001,635.0,1800.0
0.8236678929718901,0.368036881,0.391708381,0.7925734195,635.0,1800.0
0.8185595274430363,0.2979771025,0.32317779049999995,0.736850173,635.0,1800.0
0.8127984036248772,0.168511785,0.2098415205,0.6808514335,635.0,1800.0
0.7927492114962899,0.026243716,0.14201859300000003,0.6403341755,635.0,1800.0
0.7430518854956076,0.0,0.13060799,0.615219484,635.0,1800.0
0.659923220038752,0.0,0.195865474,0.596008097,635.0,1800.0
0.6219551636607985,0.0,0.24125266499999998,0.618319948,635.0,1800.0
0.6110246921157171,0.0,0.3404308425,0.676680484,635.0,1800.0
0.6606135558666817,0.0,0.457823431,0.7153961285,635.0,1800.0
0.7770804017358824,0.059434578,0.5398158664999999,0.726814047,635.0,1800.0
0.8310735153893399,0.20843775,0.537704153,0.699385923,635.0,1800.0
0.8290447014005886,0.3883676805,0.6506111685,0.7218238379999999,635.0,1800.0
0.8256216438154387,0.572993683,0.6343331585,0.686670966,635.0,1800.0
0.8211461402806068,0.588244016,0.669828968,0.743008396,635.0,1800.0
0.8173007745818378,0.532748223,0.628426936,0.729722273,635.0,1800.0
0.8183067799350335,0.379037322,0.5334952745,0.7206474045,635.0,1800.0
0.8169672866111145,0.220550286,0.370633026,0.776856723,635.0,1800.0
0.8051166748734411,0.057386807000000005,0.272630349,0.7691078085,635.0,1800.0
0.7428786552304925,0.0,0.2052350605,0.7223123634999999,635.0,1800.0
0.6403399912847492,0.0,0.25102809666666664,0.703653873,635.0,1800.0
0.6180272570032292,0.0,0.2868416205,0.7182618795,635.0,1800.0
0.6677672847101692,0.0,0.334385219,0.752206884,635.0,1800.0
0.7882492873104012,0.0774292405,0.365469789,0.7559199475,635.0,1800.0
0.8498145131782086,0.231782409,0.432180738,0.760659594,635.0,1800.0
0.8480174425116587,0.3970261725,0.4372839675,0.780581492,635.0,1800.0
0.8417507772806432,0.5933293295,0.424584121,0.8010951015,635.0,1800.0
0.8350434311144646,0.6219014620000001,0.43907394099999997,0.8259136874999999,635.0,1800.0
0.8266214628113813,0.5149997749999999,0.44808176499999997,0.845701101,635.0,1800.0
0.8260276099639583,0.363910845,0.402075084,0.845371486,635.0,1800.0
0.8265516630575053,0.238096453,0.324464399,0.840577679,635.0,1800.0
0.8160008899181124,0.116627679,0.255646696,0.837917608,635.0,1800.0
0.8045358860536027,0.008999126,0.208850017,0.832139815,635.0,1800.0
0.7446320316627222,0.0,0.1773162755,0.804815446,635.0,1800.0
0.6613878178313948,0.0,0.15583367850000002,0.7998593494999999,635.0,1800.0
0.6375665683872,0.0,0.148348406,0.7163127844999999,635.0,1800.0
0.6588217018963423,0.0,0.1462076725,0.6117917035,635.0,1800.0
0.7494249585900649,0.0247089685,0.1438497855,0.513849913,635.0,1800.0
0.8289425869028841,0.166607022,0.114682289,0.474169693,635.0,1800.0
0.8498145131782086,0.318914882,0.074399716,0.43095496,635.0,1800.0
0.8422038302675006,0.486519104,0.083891115,0.380980932,635.0,1800.0
0.8330700143028567,0.620128444,0.106198357,0.332594491,635.0,1800.0
0.8259844002453239,0.6999839795,0.0877155525,0.218204581,635.0,1800.0
0.8188740424158087,0.63510908,0.08823986,0.1213002255,635.0,1800.0
0.8120546097430463,0.4815781795,0.0724527185,0.090061839,635.0,1800.0
0.8099957899166101,0.349869564,0.066764688,0.110138648,635.0,1800.0
0.8000142647118043,0.15936716950000002,0.07415463550000001,0.1578904255,635.0,1800.0
0.7882196963931256,0.007884188,0.136135694,0.230974779,635.0,1800.0
0.7434938824443054,0.0,0.19547193899999998,0.32151499,635.0,1800.0
0.6436772917145361,0.0,0.248945569,0.361348437,635.0,1800.0
0.5993057401915474,0.0,0.249207974,0.404373292,635.0,1800.0
0.579282284263583,0.0,0.22434429449999999,0.38719301100000003,635.0,1800.0
0.5917396980109175,0.0,0.20105519700000002,0.359184712,635.0,1800.0
0.6239736366531436,0.113833077,0.1813798335,0.292287126,635.0,1800.0
0.6707241090567656,0.283869247,0.141984292,0.222954819,635.0,1800.0
0.6982659428850722,0.496821008,0.1600647375,0.20466611099999998,635.0,1800.0
0.6933681315680271,0.657810995,0.123792002,0.219301753,635.0,1800.0
0.6900391561914756,0.629819541,0.1628643195,0.24712520799999999,635.0,1800.0
0.6907067329721411,0.43783427399999997,0.134101117,0.236281659,635.0,1800.0
0.6879594468457411,0.234620823,0.073148758,0.186773723,635.0,1800.0
0.6800279012102475,0.0384977995,0.06552562549999999,0.104131279,635.0,1800.0
0.6730611595301466,0.0,0.0669850085,0.0868380135,635.0,1800.0
0.6436772917145361,0.0,0.050725313,0.0799624,635.0,1800.0
0.6005564603328117,0.0,0.054614742,0.0782911255,635.0,1800.0
0.5831968264739582,0.0,0.0556295625,0.089096167,635.0,1800.0
0.5943964108231299,0.0,0.056554729,0.049829592,635.0,1800.0
0.6265455462623878,0.095145396,0.066664891,0.029487744,635.0,1800.0
0.6722655701924253,0.289245842,0.04363211,0.040745919,635.0,1800.0
0.700893757451852,0.5037694385,0.0542070885,0.058179656499999996,635.0,1800.0
0.6965681714215965,0.6502830614999999,0.0671566715,0.13051331449999998,635.0,1800.0
0.6900364323649226,0.6333849105,0.09627927,0.29301491999999996,635.0,1800.0
0.6883356600194129,0.521653297,0.14188543399999998,0.5047613555,635.0,1800.0
0.6859828445589138,0.299983826,0.2069786125,0.71881525,635.0,1800.0
0.6746370129943362,0.054232978,0.37085989399999997,0.8310287805000001,635.0,1800.0
0.6666948727705058,0.0,0.4778613995,0.8910064335,635.0,1800.0
0.6452256770830811,0.0,0.491059625,0.9230007495,635.0,1800.0
0.6084490663507014,0.0,0.498141748,0.9260143015,635.0,1800.0
0.6265711672331175,0.0,0.512576337,0.9293306674999999,635.0,1800.0
0.714710976600454,0.0268505595,0.542971093,0.9142609415,635.0,1800.0
0.813514591380432,0.196916922,0.5018521325,0.8825387794999999,635.0,1800.0
0.8237253667395166,0.389242768,0.5227368135,0.788919101,635.0,1800.0
0.8219343439024795,0.49378827,0.424759405,0.64856374,635.0,1800.0
0.8225059458144368,0.556995747,0.498046134,0.5544824595,635.0,1800.0
0.8245821236970069,0.5667730854999999,0.5427257,0.5384209695,635.0,1800.0
0.828113389674819,0.444539625,0.5006380765,0.5800895395,635.0,1800.0
0.828512985204306,0.260769098,0.39484705,0.627129746,635.0,1800.0
0.8085220516129372,0.06611383900000001,0.3843257855,0.633170579,635.0,1800.0
0.7434648681736051,0.0,0.4178137885,0.6457137875000001,635.0,1800.0
0.6579938897136978,0.0,0.467258672,0.65551607,635.0,1800.0
0.623973059608881,0.0,0.5266351890000001,0.7282506630000001,551.0,1561.5
0.6143522826788324,0.0,0.567575205,0.7695417055,467.0,1323.0
0.6596080123941366,0.0,0.565277487,0.8172373580000001,467.0,1323.0
0.772980857517667,0.07402029,0.5672218875,0.8527799965,467.0,1323.0
0.8410526859539634,0.209060267,0.598898153,0.845313122,467.0,1323.0
0.841232171508796,0.3116658715,0.5999055365,0.804784775,467.0,1323.0
0.8362702841522438,0.380939016,0.536044417,0.807929735,467.0,1323.0
0.8319812833645346,0.4123732705,0.5236971845,0.8305579464999999,467.0,1323.0
0.8226500236125173,0.41354808,0.482651006,0.828616233,467.0,1323.0
0.8208042498401884,0.341108229,0.392377964,0.798715185,467.0,1323.0
0.8179906486948199,0.220030189,0.278502804,0.781793251,467.0,1323.0
0.7989962568246909,0.0671370365,0.1995913025,0.7657392565000001,467.0,1323.0
0.7357569182418918,0.0,0.16074346299999998,0.7525339835,467.0,1323.0
0.6546884347898739,0.0,0.157536795,0.747487072,467.0,1323.0
0.6350305512492374,0.0,0.1355712315,0.7097850864999999,467.0,1323.0
0.6515060069820566,0.0,0.135966798,0.670745207,467.0,1323.0
0.7359997636676978,0.037188074,0.155703438,0.6870756695,467.0,1323.0
0.8076789127939935,0.191328188,0.144805981,0.671759298,467.0,1323.0
0.8358846769418922,0.404805337,0.108852324,0.6600105255,467.0,1323.0
0.8277322600919836,0.6448056775,0.13616923050000002,0.6513683795,467.0,1323.0
0.8221299864978204,0.7003264195000001,0.14592418499999998,0.6500865975000001,467.0,1323.0
0.815123036312525,0.60343513,0.141065102,0.6135338795,467.0,1323.0
0.8109540611953981,0.369577955,0.1433427845,0.5727365099999999,467.0,1323.0
0.8043985023268865,0.191103473,0.142676601,0.592328244,467.0,1323.0
0.7883370449654119,0.0526488585,0.16205203899999998,0.636239738,467.0,1323.0
0.7373542600761622,0.0,0.171941575,0.640930276,467.0,1323.0
0.6418863609089669,0.0,0.144130679,0.5712536765,467.0,1323.0
0.6084778726640879,0.0,0.1278478455,0.470522833,467.0,1323.0
0.6248270467075142,0.0,0.13076989,0.4724808985,467.0,1323.0
0.7081853546371631,0.029992063,0.15522402200000002,0.384992424,467.0,1323.0
0.815102493112578,0.23829027200000003,0.1268071785,0.30021692349999995,467.0,1323.0
0.8325614716765601,0.473012749,0.124658691,0.304768043,467.0,1323.0
0.8236962374709074,0.631364712,0.09905782399999999,0.32019524450000003,467.0,1323.0
0.8196257303904115,0.686336775,0.108837992,0.3109971155,467.0,1323.0
0.8138524655105943,0.5883557385,0.1420159405,0.24122031,467.0,1323.0
0.8107933183112923,0.412366883,0.158979669,0.1829147555,467.0,1323.0
0.8054105084499319,0.240990069,0.167759782,0.151186859,467.0,1323.0
0.7915723076511418,0.0746156685,0.21655181099999998,0.12833474649999999,467.0,1323.0
0.7345988491983604,0.0,0.2598328015,0.09582315050000001,467.0,1323.0
0.6575554705587341,0.0,0.192723765,0.095751925,467.0,1323.0
0.6274450278925771,0.0,0.202478149,0.08531818050000001,467.0,1323.0
0.6324558949132802,0.0,0.199511587,0.060536506000000004,467.0,1323.0
0.6860632161666698,0.0,0.1876665125,0.0529964925,467.0,1323.0
0.7818208173702068,0.131927569,0.156034504,0.0445758575,467.0,1323.0
0.8300882838947214,0.4287451085,0.126152501,0.028630738500000003,467.0,1323.0
0.8215718645280754,0.715698935,0.1209224715,0.024117341,467.0,1323.0
0.8180042210993277,0.8249213065000001,0.1420400685,0.021372210500000002,467.0,1323.0
0.8118895277591647,0.7465311125,0.17643520000000001,0.035344462,467.0,1323.0
0.8077712408702222,0.535596042,0.21301934849999998,0.08286855100000001,467.0,1323.0
0.8017803591836734,0.315651346,0.210541798,0.094191922,467.0,1323.0
0.7850759302857753,0.092077426,0.2671408285,0.107410063,467.0,1323.0
0.7369707993829762,0.0,0.323318113,0.15819693299999998,467.0,1323.0
0.6235382412803738,0.0,0.27002031049999997,0.2004891465,467.0,1323.0
0.5821998696003249,0.0,0.274728786,0.1968898935,467.0,1323.0
0.5885486143071774,0.0,0.256400665,0.2020222445,467.0,1323.0
0.6061141855929115,0.0480574875,0.238557767,0.166591028,467.0,1323.0
0.6335636914444109,0.22815969,0.180769299,0.136490394,467.0,1323.0
0.6637111574388085,0.399741733,0.15900447,0.121817448,467.0,1323.0
0.6919811358225488,0.563076474,0.168967263,0.110727041,467.0,1323.0
0.6915526416830826,0.748209243,0.174177766,0.10721396350000001,467.0,1323.0
0.690503565470399,0.8880266560000001,0.1993440675,0.128037704,467.0,1323.0
0.6897995883717785,0.8178221585000001,0.2310082015,0.18931870350000002,467.0,1323.0
0.6895511799635516,0.5693879315,0.2422216925,0.268150255,467.0,1323.0
0.684919388636517,0.329222853,0.229057479,0.311154601,467.0,1323.0
0.6719436688409921,0.09983990549999999,0.2893350865,0.35413644050000004,467.0,1323.0
0.6637846043497106,0.0,0.3290169075,0.413900147,467.0,1323.0
0.621931066097527,0.0,0.295704112,0.43089546749999996,467.0,1323.0
0.5811252649454887,0.0,0.284832779,0.397298502,467.0,1323.0
0.5761988318419612,0.0,0.26699948149999997,0.3442195065,467.0,1323.0
0.5897996807015118,0.0005159425,0.22736904600000002,0.22886097649999998,467.0,1323.0
0.6180405291538307,0.1751919355,0.162474304,0.218864367,467.0,1323.0
0.6593535567860686,0.417795545,0.090008694,0.195314276,467.0,1323.0
0.6867778111846151,0.591341514,0.086062361,0.177394497,467.0,1323.0
0.6900660700104552,0.747424336,0.097690952,0.161251702,467.0,1323.0
0.6913970690651956,0.900422955,0.094712859,0.13877295750000002,467.0,1323.0
0.6928134717975765,0.932296868,0.1540792245,0.17874568899999999,467.0,1323.0
0.6962873326088199,0.764081572,0.196901132,0.2077245075,467.0,1323.0
0.6947134417314227,0.538754045,0.213377387,0.260893875,467.0,1323.0
0.6897352591380279,0.357001246,0.205107674,0.312764986,467.0,1323.0
0.6724556501367511,0.1066976965,0.2809778665,0.4188683675,467.0,1323.0
0.660930817665589,0.0,0.3471562575,0.5380103725000001,467.0,1323.0
0.6393870441440219,0.0,0.324175801,0.544769324,467.0,1323.0
0.6071428571002477,0.0,0.289549656,0.536235858,467.0,1323.0
0.6070231308881974,0.0,0.25708322100000003,0.503968828,467.0,1323.0
0.6552920977543072,0.0006377725,0.22183847950000002,0.456217226,467.0,1323.0
0.7374727172017785,0.110441259,0.200858214,0.371796976,467.0,1323.0
0.7905343570718943,0.24976625,0.149445052,0.322555553,467.0,1323.0
0.8142929157871273,0.435086538,0.098666046,0.270271638,467.0,1323.0
0.817952240718846,0.611875472,0.096251926,0.223535985,467.0,1323.0
0.8197832414024472,0.818833985,0.110090135,0.1512483305,467.0,1323.0
0.8243339926756671,0.9480426534999999,0.139069467,0.16070503149999998,467.0,1323.0
0.8208295016576881,0.873313059,0.17568416650000002,0.203250842,467.0,1323.0
0.8167023052477519,0.6155836210000001,0.200298994,0.2515166915,467.0,1323.0
0.8096432818882731,0.35192846,0.193475657,0.309636958,467.0,1323.0
0.7927108956512056,0.175866465,0.232904919,0.354781093,467.0,1323.0
0.7784443856375405,0.040222817,0.295541044,0.414023886,467.0,1323.0
0.7348136268492238,0.0,0.33890743349999997,0.4853858085,467.0,1323.0
0.652857549071041,0.0,0.327948502,0.531331932,467.0,1323.0
0.6157933830183291,0.0,0.323515067,0.5385871325,467.0,1323.0
0.605717406352273,0.0,0.29847155999999997,0.5411172904999999,467.0,1323.0
0.6546954287505979,0.0007669485,0.261166345,0.5293093455,467.0,1323.0
0.7344023983035958,0.112436736,0.227741851,0.506730825,467.0,1323.0
0.7885515226937752,0.250433259,0.171356278,0.482720563,467.0,1323.0
0.8142463823969393,0.433849271,0.113310092,0.450459629,467.0,1323.0
0.818787716103648,0.609231603,0.11216809,0.40693317,467.0,1323.0
0.8237849644886954,0.812941775,0.149997248,0.36365041649999996,467.0,1323.0
0.8303423702832783,0.939507721,0.203674843,0.420383205,467.0,1323.0
0.8262798954918886,0.8536706860000001,0.2170951075,0.446533327,467.0,1323.0
0.821864128565382,0.5963420855,0.219541726,0.43596630049999996,467.0,1323.0
0.8134305733116027,0.343732568,0.206883564,0.440590051,467.0,1323.0
0.7950503004333628,0.173261343,0.229133983,0.461732956,467.0,1323.0
0.7782944449345387,0.043010357,0.280847094,0.499662065,467.0,1323.0
0.734783573951876,0.0,0.30898325449999997,0.5364310595,467.0,1323.0
0.653327405870508,0.0,0.323435464,0.574942602,467.0,1323.0
0.6158301525889358,0.0,0.2814925595,0.5655031625,467.0,1323.0
0.6040655906381918,0.0,0.23605349650000002,0.55755116,467.0,1323.0
0.6494562808721124,0.0008689165,0.183940861,0.43345639199999997,467.0,1323.0
0.7304386682729123,0.102020709,0.134406869,0.370491124,467.0,1323.0
0.7888653450278451,0.226754387,0.087072014,0.340094674,467.0,1323.0
0.8142463823969393,0.410188747,0.053886879,0.311301721,467.0,1323.0
0.8184581049212222,0.580121892,0.052552982,0.294732854,467.0,1323.0
0.8225181793383907,0.756836351,0.061371553499999995,0.3179474055,467.0,1323.0
0.8283570891340871,0.811774971,0.108254973,0.3946099585,467.0,1323.0
0.8246110683724309,0.6576984404999999,0.131833643,0.40787015400000004,467.0,1323.0
0.8181522691422196,0.43533409749999996,0.128800994,0.3896665265,467.0,1323.0
0.8096432818882731,0.251634595,0.124875693,0.389528339,467.0,1323.0
0.7842970520995243,0.075499699,0.1550375045,0.4319547285,467.0,1323.0
0.7348490810028269,0.0,0.1791809855,0.5109779925,467.0,1323.0
0.6529128073227566,0.0,0.169598205,0.532874369,467.0,1323.0
0.6158405394850838,0.0,0.16035244999999998,0.5250050635,467.0,1323.0
0.603746389914886,0.0,0.1530172205,0.494556989,467.0,1323.0
0.6496394594505723,0.000982565,0.1634281655,0.3563782285,467.0,1323.0
0.7326565696447866,0.095807087,0.164789662,0.307039422,467.0,1323.0
0.7908401467854519,0.206834365,0.127981715,0.32372561,467.0,1323.0
0.8168195616891485,0.339140199,0.11069877,0.342809579,467.0,1323.0
0.819290118438136,0.518815017,0.116714214,0.35840837400000003,467.0,1323.0
0.8184105561028119,0.649825109,0.095696225,0.486768711,467.0,1323.0
0.8171782096778879,0.6329707865,0.135081441,0.48805260250000004,467.0,1323.0
0.8115017505018158,0.470954607,0.22333350800000001,0.5221384485,467.0,1323.0
0.8075641491891137,0.2699498785,0.29190114349999996,0.542050309,467.0,1323.0
0.8017803591836734,0.142200714,0.294650373,0.461605217,467.0,1323.0
0.7849554426351207,0.0445320845,0.26209996,0.36300863299999997,467.0,1323.0
0.7372947087238344,0.0,0.20878349699999998,0.304702825,467.0,1323.0
0.6414655302699235,0.0,0.1230784895,0.18753772400000002,467.0,1323.0
0.6078136656204209,0.0,0.144636066,0.269222257,467.0,1323.0
0.6254177838075567,0.0,0.123986145,0.254162895,467.0,1323.0
0.676664026122461,0.001066912,0.106411863,0.233205328,467.0,1323.0
0.7388950749699703,0.057423253,0.09272099,0.234135845,467.0,1323.0
0.7967654760184172,0.148261987,0.07931487,0.22028952,467.0,1323.0
0.8284366299068062,0.248809547,0.063191906,0.190400587,467.0,1323.0
0.8271774617937923,0.317142272,0.048908226,0.155517334,467.0,1323.0
0.8223072562716172,0.4180060125,0.031707721,0.0970429615,467.0,1323.0
0.8177479189297352,0.4277334435,0.025575919500000002,0.0727767215,467.0,1323.0
0.8118415172920881,0.341241966,0.027376246,0.087446408,467.0,1323.0
0.8075074601910794,0.2363443315,0.024288803,0.138981886,467.0,1323.0
0.8012416261265068,0.139974492,0.027170134,0.195310151,467.0,1323.0
0.7836997827868459,0.054910563,0.059671489999999994,0.21261129750000002,467.0,1323.0
0.7357157165126826,0.0,0.1058923785,0.281434235,467.0,1323.0
0.6350377528690097,0.0,0.097741152,0.346399412,467.0,1323.0
0.5938504065840551,0.0,0.08991815149999999,0.3690585405,467.0,1323.0
0.5743680384528616,0.0,0.076517543,0.3484272505,467.0,1323.0
0.5874347703110806,0.000925432,0.075139258,0.289904747,467.0,1323.0
0.6162784277275111,0.1196991495,0.0603149605,0.2620522775,467.0,1323.0
0.657355626794827,0.277054705,0.036342691,0.254391362,467.0,1323.0
0.68843278917549,0.47620792599999995,0.0357977045,0.23190076399999998,467.0,1323.0
0.6914554435945414,0.6349598835000001,0.048286767,0.22720575999999998,467.0,1323.0
0.6905946935252203,0.639904516,0.06992995099999999,0.25915488,467.0,1323.0
0.6913017175713195,0.4804062705,0.08819278750000001,0.271746498,467.0,1323.0
0.6886364183258984,0.273408086,0.1133287945,0.3820296145,467.0,1323.0
0.6720832686801501,0.07034301700000001,0.211015361,0.5804513895000001,467.0,1323.0
0.6611572288297026,0.0,0.2976068385,0.686070764,467.0,1323.0
0.6355617599633931,0.0,0.260670504,0.683627714,467.0,1323.0
0.5925535917016872,0.0,0.2496989305,0.6497698350000001,467.0,1323.0
0.5717956210300845,0.0,0.227332998,0.642091195,467.0,1323.0
0.5844089535489543,0.0013894165,0.2228052225,0.6442114299999999,467.0,1323.0
0.6143975695181996,0.1371822715,0.170636952,0.5793306855,467.0,1323.0
0.6572147805374104,0.319674259,0.114849961,0.513060379,467.0,1323.0
0.686826791014469,0.455373024,0.110130639,0.480947313,467.0,1323.0
0.6904688039554985,0.5970787694999999,0.1182970245,0.4194584045,467.0,1323.0
0.690644435257647,0.675781762,0.149330609,0.445237487,467.0,1323.0
0.6894394401077252,0.626821819,0.192676404,0.49877943,467.0,1323.0
0.6906412497824277,0.4863649095,0.2627436145,0.555790831,467.0,1323.0
0.687288176544339,0.252169878,0.3033322505,0.6776209790000001,467.0,1323.0
0.6730063171267774,0.0646742195,0.335566017,0.6547777695,467.0,1323.0
0.6627760373269558,0.0,0.362213391,0.703768107,467.0,1323.0
0.6395306371281513,0.0,0.2967471775,0.605734413,467.0,1323.0
0.6061291119348562,0.0,0.289539604,0.6685831183333333,467.0,1323.0
0.6539335617708798,0.001967606,0.291275018,0.657155747,467.0,1323.0
0.7332902160769946,0.094215366,0.261439921,0.625480118,467.0,1323.0
0.7908303603639762,0.19596697,0.222371862,0.600396157,467.0,1323.0
0.8164837651436877,0.309070637,0.179127971,0.565488064,467.0,1323.0
0.8195343720083662,0.442661239,0.180554495,0.545696497,467.0,1323.0
0.8181980174314094,0.608091573,0.201853378,0.5783657065,467.0,1323.0
0.8172145864660114,0.6835554585,0.2758939225,0.660478612,467.0,1323.0
0.8129574845075032,0.5927745200000001,0.32522677,0.6866527615,467.0,1323.0
0.8106086624902409,0.43921765349999997,0.3510775945,0.737719751,467.0,1323.0
0.8026537812271891,0.259815461,0.338151432,0.786326213,467.0,1323.0
0.7831389827245865,0.097315396,0.3604505785,0.792392668,467.0,1323.0
0.7349726845334243,0.0,0.3704924035,0.76894586,467.0,1323.0
0.6525959379086453,0.0,0.321268455,0.713628546,467.0,1323.0
0.6158958670006696,0.0,0.27100366899999995,0.6493511240000001,467.0,1323.0
0.6061003363980474,0.0,0.24825742500000003,0.561396824,467.0,1323.0
0.6546766860798712,0.0020547955,0.23287006799999999,0.464631444,467.0,1323.0
0.7356531646097269,0.10550395,0.196465569,0.380557033,467.0,1323.0
0.7908303603639762,0.214980779,0.13751496,0.323402688,467.0,1323.0
0.8148803058846282,0.356028576,0.11483911,0.275339412,467.0,1323.0
0.8183045638225918,0.505812292,0.119488428,0.231443301,467.0,1323.0
0.8181384196822308,0.672863322,0.14150157200000002,0.2112493555,467.0,1323.0
0.8186460847452334,0.702593572,0.1600827305,0.2152884065,467.0,1323.0
0.8134218019869431,0.5930251705,0.1676931345,0.27531397199999996,467.0,1323.0
0.8086005305605832,0.426154989,0.165429,0.350240685,467.0,1323.0
0.8067656053662093,0.29902053,0.16182161,0.410104583,467.0,1323.0
0.8006268141645091,0.193366474,0.145021783,0.466485281,467.0,1323.0
0.7831833924646283,0.0708638425,0.15467678699999998,0.545800515,467.0,1323.0
0.7354594146744959,0.0,0.155868562,0.5463993165000001,467.0,1323.0
0.6524633088649265,0.0,0.128908232,0.508553496,467.0,1323.0
0.6159743457163314,0.0,0.1333430935,0.5166840665000001,467.0,1323.0
0.6057292012602828,0.0,0.1384170225,0.503003359,467.0,1323.0
0.6545938215693172,0.001608831,0.136164882,0.492735422,467.0,1323.0
0.7359845753271549,0.062270152,0.132539203,0.502849289,467.0,1323.0
0.7911254403587256,0.128074515,0.12100831,0.542867989,467.0,1323.0
0.815880586860643,0.193403103,0.106034278,0.601350467,467.0,1323.0
0.8185310904817233,0.338936048,0.11022294199999999,0.655166914,467.0,1323.0
0.8179574106536587,0.475734703,0.116331147,0.7235800530000001,467.0,1323.0
0.8140908097790522,0.5444424735,0.16743100049999998,0.7212012670000001,467.0,1323.0
0.808887393341635,0.453107788,0.2211355605,0.7065814589999999,467.0,1323.0
0.8042932480880014,0.2605353205,0.2256783495,0.720870479,467.0,1323.0
0.7839134296801722,0.075403125,0.259141284,0.7866578875,467.0,1323.0
0.7358524775273786,0.0,0.29093450649999997,0.8156505195,467.0,1323.0
0.6405719575769597,0.0,0.273483972,0.8245636875,467.0,1323.0
0.6060593197259919,0.0,0.29139645599999997,0.7978847465,467.0,1323.0
0.6231432624032527,0.0,0.3101684215,0.7780292475,467.0,1323.0
0.7065978684882388,0.039194027000000006,0.3144003695,0.7452864720000001,467.0,1323.0
0.7967199580564513,0.15662369,0.297607975,0.704161234,467.0,1323.0
0.8292313887408966,0.195559113,0.278415912,0.687698011,467.0,1323.0
0.831300456968881,0.303341758,0.252676168,0.677633955,467.0,1323.0
0.8250622286991783,0.410071853,0.237020278,0.674926064,467.0,1323.0
0.8218462627951371,0.529067162,0.206964872,0.631402953,467.0,1323.0
0.8182133439682868,0.6410653875,0.226083549,0.6724142325,467.0,1323.0
0.811848811208453,0.613771359,0.25221189450000003,0.7161518255,467.0,1323.0
0.8079753777347418,0.4357866405,0.2730539245,0.7155589805,467.0,1323.0
0.8021383148651164,0.261890992,0.265562045,0.700391679,467.0,1323.0
0.7863700909037259,0.0932148685,0.2534348025,0.680050895,467.0,1323.0
0.7369221887394929,0.0,0.2345458815,0.637313021,467.0,1323.0
0.6551546676970214,0.0,0.184157793,0.5480163,467.0,1323.0
0.6210776329772935,0.0,0.16936633299999998,0.501105808,467.0,1323.0
0.6115199852595878,0.0,0.1474571005,0.4362972165,467.0,1323.0
0.6567630661328416,0.0026774505,0.12354493450000001,0.3771829,467.0,1323.0
0.738846972040598,0.077636408,0.10352976,0.325804592,467.0,1323.0
0.8002998807431915,0.165444588,0.088360417,0.287555784,467.0,1323.0
0.8351668735817083,0.191512632,0.08066526,0.262585349,467.0,1323.0
0.8366952696955651,0.3296267045,0.07475992100000001,0.2552016855,467.0,1323.0
0.8297012450101139,0.5117387665,0.0595201765,0.241062775,467.0,1323.0
0.8197061477322062,0.600423959,0.061055472,0.2534083875,467.0,1323.0
0.8130712326841608,0.5315786149999999,0.06750242449999999,0.247639966,467.0,1323.0
0.8088565553432888,0.3089729055,0.0710426335,0.210722595,467.0,1323.0
0.7894134963143351,0.08464868249999999,0.08297403449999999,0.219586304,467.0,1323.0
0.7365115835686971,0.0,0.09465459200000001,0.1802196425,467.0,1323.0
0.6373284546779503,0.0,0.065050503,0.111932695,467.0,1323.0
0.5977084210254527,0.0,0.0512493515,0.1005253295,467.0,1323.0
0.5806148992874991,0.0,0.0394929775,0.0852766585,467.0,1323.0
0.5925426277612766,0.0025840965,0.037444469,0.069716675,467.0,1323.0
0.6063940776779457,0.075071268,0.034496878,0.069239188,467.0,1323.0
0.6349742312718705,0.16100399,0.020291013,0.059664559,467.0,1323.0
0.6674041359949099,0.224450767,0.01898358,0.054770986,467.0,1323.0
0.7007749079414397,0.33169759,0.021134831,0.057139149,467.0,1323.0
0.7002068838894977,0.4308033325,0.026045424499999997,0.056858929,467.0,1323.0
0.6952578531003255,0.500144682,0.039779263999999995,0.0642487115,467.0,1323.0
0.6916116621228738,0.4885148345,0.051113306,0.0699782035,467.0,1323.0
0.689759148545142,0.3401021055,0.0570697325,0.0816779745,467.0,1323.0
0.6854095110502003,0.213509163,0.067377914,0.094842776,467.0,1323.0
0.6741361338021814,0.08198182400000001,0.1013277145,0.1180001505,467.0,1323.0
0.6677967832977116,0.0,0.1473456635,0.146501137,467.0,1323.0
0.6374428489638971,0.0,0.131509191,0.191484599,467.0,1323.0
0.5979790572038605,0.0,0.134127511,0.18308616,467.0,1323.0
0.5802101105916331,0.0,0.1441993915,0.16587661250000002,467.0,1323.0
0.5924316496091793,0.0044339895,0.15687539,0.1702906565,467.0,1323.0
0.6197095640317587,0.163678272,0.13122011249999999,0.18055913,467.0,1323.0
0.66199958264707,0.356769629,0.099175456,0.171891048,467.0,1323.0
0.6898316492585517,0.506057369,0.119253581,0.175087779,467.0,1323.0
0.690368420391738,0.706569145,0.127876675,0.16233449849999998,467.0,1323.0
0.6909345524463821,0.8080514594999999,0.1507799065,0.1774635875,467.0,1323.0
0.6903630423339084,0.7412560135,0.18931972349999998,0.2663448225,467.0,1323.0
0.6902878416551835,0.606433886,0.221619423,0.400254161,467.0,1323.0
0.6892892230120545,0.456207289,0.24080473,0.518284846,467.0,1323.0
0.6852989944142068,0.298421824,0.240988328,0.607847713,467.0,1323.0
0.6717772937105949,0.11743555850000001,0.3075392495,0.6887613564999999,467.0,1323.0
0.6617317855913896,0.0,0.394128905,0.7250645099999999,467.0,1323.0
0.6525977383053033,0.0,0.391696556,0.659162044,467.0,1323.0
0.6166336132518313,0.0,0.382173957,0.6207459115,467.0,1323.0
0.6062519619032674,0.0,0.35121445500000004,0.5938371,467.0,1323.0
0.6550155986046968,0.0047937515,0.336698272,0.574555179,467.0,1323.0
0.7326788209116585,0.122262744,0.318419457,0.574074418,467.0,1323.0
0.7897351666757323,0.246968943,0.249123214,0.55593965,467.0,1323.0
0.8142999329794174,0.410223943,0.217699481,0.527403143,467.0,1323.0
0.81817622814461,0.577491377,0.223855463,0.508727089,467.0,1323.0
0.8186357902782404,0.7760659784999999,0.2535012435,0.5398317165,467.0,1323.0
0.8218608506278671,0.8916770485,0.265098081,0.6421261755000001,467.0,1323.0
0.8183064568141077,0.787455098,0.2665858665,0.7042159880000001,467.0,1323.0
0.8137021556212218,0.5343334675,0.2451660645,0.740504635,467.0,1323.0
0.8048778686249106,0.306374484,0.225091894,0.781182232,467.0,1323.0
0.7834025791419503,0.1194648055,0.260844025,0.818863416,467.0,1323.0
0.7347091348443177,0.0,0.2975023325,0.7771582915,467.0,1323.0
0.6533765242943836,0.0,0.265670774,0.712963631,467.0,1323.0
0.6156408341826359,0.0,0.2151582945,0.594422202,467.0,1323.0
0.6053568196711194,0.0,0.1661682055,0.4242812665,467.0,1323.0
0.6535561713765385,0.0052964955,0.1287758175,0.34112919399999997,467.0,1323.0
0.7326565696447866,0.116241879,0.102955843,0.310586478,467.0,1323.0
0.7887810499035348,0.233486683,0.060799045,0.267924962,467.0,1323.0
0.8139956200113422,0.39148671,0.042755009,0.22411291,467.0,1323.0
0.8181988946632972,0.6024562895000001,0.048425643000000004,0.204013466,467.0,1323.0
0.8213567862918992,0.7532051675,0.0514631355,0.21431246599999998,467.0,1323.0
0.8213371667206908,0.727074627,0.043638173,0.263236567,467.0,1323.0
0.8149422579425832,0.6098709885,0.040767937500000004,0.388959575,467.0,1323.0
0.8076607245656349,0.3957713225,0.05881937449999999,0.5406612160000001,467.0,1323.0
0.8010188383907442,0.228954089,0.075464203,0.650973538,467.0,1323.0
0.7832086903475728,0.0816267325,0.1260721475,0.680276754,467.0,1323.0
0.7348855041878013,0.0,0.18559893649999998,0.660226003,467.0,1323.0
0.6395585663090717,0.0,0.15347408950000002,0.506765089,467.0,1323.0
0.6029066905939203,0.0,0.13870010900000002,0.41010093550000004,467.0,1323.0
0.6171731314431368,0.0,0.13607502999999999,0.4605858835,467.0,1323.0
0.6988752843269446,0.048447903,0.13750360150000002,0.49746050999999997,467.0,1323.0
0.7884551325732514,0.175816582,0.099393337,0.481442941,467.0,1323.0
0.8142929157871273,0.287523157,0.081203793,0.442844332,467.0,1323.0
0.8183293079259802,0.4228481,0.084921856,0.412686564,467.0,1323.0
0.8182347176718647,0.569979043,0.1001281155,0.3812559485,467.0,1323.0
0.8181434514207091,0.673295946,0.1237273935,0.384774026,467.0,1323.0
0.8138662685737323,0.5983751195,0.157238353,0.4211370525,467.0,1323.0
0.8099362382328761,0.404336141,0.199403992,0.5339596879999999,467.0,1323.0
0.8026785253305778,0.226078449,0.225470751,0.606116235,467.0,1323.0
0.7835104644136865,0.0879627015,0.273303918,0.634037661,467.0,1323.0
0.7347807579944333,0.0005774915,0.3188630185,0.659132314,467.0,1323.0
0.6401724777413345,0.0,0.2975641185,0.6617762655,467.0,1323.0
0.6032037787769383,0.0,0.2800354455,0.66886939,467.0,1323.0
0.6167403673683431,0.0,0.269066859,0.6643398785,467.0,1323.0
0.6987067166139371,0.051159000999999996,0.2536427675,0.6763942685,467.0,1323.0
0.8015663891694214,0.23081204849999998,0.1933172675,0.6828426354999999,467.0,1323.0
0.81817622814461,0.395195205,0.19362859,0.661759995,467.0,1323.0
0.8183623613739561,0.504423196,0.20369086949999998,0.655584866,467.0,1323.0
0.8199347055791885,0.586204583,0.2357524235,0.7185937345,467.0,1323.0
0.8146345752375095,0.5371090405,0.2458350265,0.7743157785,467.0,1323.0
0.8086056547613573,0.37471426350000003,0.2315049105,0.7699731165,467.0,1323.0
0.8012433799274702,0.197257483,0.216047097,0.776592069,467.0,1323.0
0.7828549822978284,0.076232737,0.229874189,0.790904253,467.0,1323.0
0.7347630082163155,0.0005264755,0.245915692,0.7783897835,467.0,1323.0
0.653327405870508,0.0,0.235803675,0.745120561,467.0,1323.0
0.6158710769643986,0.0,0.214958741,0.7356847289999999,467.0,1323.0
0.6037501523018056,0.0,0.20381871899999998,0.690947924,467.0,1323.0
0.6474488178524822,0.006698879,0.1890601235,0.644190747,467.0,1323.0
0.7289851497168547,0.091403045,0.166449184,0.619935224,467.0,1323.0
0.788617536796025,0.187912063,0.120466478,0.602125928,467.0,1323.0
0.8141893242125343,0.329144054,0.107466148,0.574961274,467.0,1323.0
0.8188574233952282,0.466065105,0.102624703,0.546660944,467.0,1323.0
0.8214464369384259,0.6254397309999999,0.11313182299999999,0.5319674560000001,467.0,1323.0
0.8256053939812289,0.687012512,0.113046536,0.550503665,467.0,1323.0
0.8215839591928826,0.58280122,0.105860603,0.5346444815,467.0,1323.0
0.8162620856298489,0.450653175,0.109631344,0.537604561,467.0,1323.0
0.8110060879727308,0.3042603445,0.11191542099999999,0.5263609725,467.0,1323.0
0.7859373037299286,0.10410974449999999,0.14048160999999998,0.5607151324999999,467.0,1323.0
0.7347218528839571,0.0006991475,0.167275425,0.599585083,467.0,1323.0
0.6364655579589013,0.0,0.166563382,0.56882276,467.0,1323.0
0.5927043170417187,0.0,0.136425112,0.498437908,467.0,1323.0
0.5718025686933794,0.0,0.1055334675,0.459495623,467.0,1323.0
0.5843425466973616,0.0077018645,0.1027813095,0.44817865349999997,467.0,1323.0
0.6135850145754216,0.1851536695,0.072475109,0.430755278,467.0,1323.0
0.6581895325741635,0.396052237,0.03877609,0.391349594,467.0,1323.0
0.6882757852147532,0.561734743,0.039234644,0.35500512,467.0,1323.0
0.6980305299033718,0.7534220625,0.044517837000000005,0.33968023049999996,467.0,1323.0
0.7096965550838641,0.801364929,0.0531244085,0.401598156,467.0,1323.0
0.7123535678517174,0.6841371199999999,0.050437993,0.471121352,467.0,1323.0
0.7100408458985036,0.458197858,0.0584565015,0.532395309,467.0,1323.0
0.7012279612597032,0.272622421,0.082569777,0.564453176,467.0,1323.0
0.6805303038761417,0.1174612995,0.130881619,0.6296963090000001,467.0,1323.0
0.6654138227758343,0.000832063,0.180800244,0.7031558044999999,467.0,1323.0
0.646371974350747,0.0,0.177304927,0.664705764,467.0,1323.0
0.5968603890620523,0.0,0.1732716805,0.6671511889999999,467.0,1323.0
0.5724343225317586,0.0,0.152070498,0.6359365185,467.0,1323.0
0.5829313144631839,0.0061537355,0.135104743,0.6089009095,467.0,1323.0
0.6141644415482646,0.165656847,0.1001606055,0.5864605995,467.0,1323.0
0.6588369820695095,0.337391108,0.061491711,0.585433611,467.0,1323.0
0.6890462155286766,0.470482013,0.056600989,0.583835336,467.0,1323.0
0.7008336980540071,0.641868428,0.0603039675,0.5566149805,467.0,1323.0
0.7081666583632873,0.726330856,0.063319887,0.568947401,467.0,1323.0
0.7030256089042344,0.629530916,0.057300881,0.5774087514999999,467.0,1323.0
0.6947314688964277,0.3996063675,0.0597011555,0.5861970595,467.0,1323.0
0.6901206353583433,0.216325077,0.072581283,0.626289808,467.0,1323.0
0.673832975121475,0.081871819,0.11963409149999998,0.6307382755,467.0,1323.0
0.6644587830708509,0.000810711,0.1791999535,0.6220375890000001,467.0,1323.0
0.6557677712606883,0.0,0.188107685,0.606262336,467.0,1323.0
0.6170327468343868,0.0,0.1735016325,0.5342064925000001,467.0,1323.0
0.6041608499680375,0.0,0.14307360800000002,0.39401652,467.0,1323.0
0.645500560329797,0.006307516,0.1222000795,0.3384385555,467.0,1323.0
0.7277236736919154,0.110058765,0.111750459,0.330005404,467.0,1323.0
0.8029370436126122,0.29713862,0.064561907,0.284164441,467.0,1323.0
0.8294265696875711,0.5902181805,0.04881739,0.21965707950000002,467.0,1323.0
0.8390900252580147,0.7997405744999999,0.0568627235,0.174742346,467.0,1323.0
0.8468267816688175,0.7881507955,0.0729694825,0.2053950005,467.0,1323.0
0.8394345467312843,0.6249306325,0.110458005,0.2863935405,467.0,1323.0
0.8321260074044667,0.3204238355,0.1389551675,0.513349389,467.0,1323.0
0.8009979724012772,0.0964867525,0.19907803000000002,0.71183084,467.0,1323.0
0.7472301621871186,0.0009333655,0.2601448175,0.7633325255,467.0,1323.0
0.6795991306781124,0.0,0.257851215,0.736954929,467.0,1323.0
0.631296948704142,0.0,0.2420980695,0.6960142185,467.0,1323.0
0.6123725874122221,0.0,0.22030539700000001,0.5722988265,467.0,1323.0
0.6454005460186882,0.0094910445,0.199668077,0.484129385,467.0,1323.0
0.7270073938054709,0.119192363,0.17718452,0.55077154,467.0,1323.0
0.805125353735805,0.3100915045,0.1197429485,0.6762398235,467.0,1323.0
0.8311460850352137,0.5950792105,0.11821978450000001,0.628533997,467.0,1323.0
0.8390079919801849,0.769032795,0.108592951,0.625692801,467.0,1323.0
0.8422763999133743,0.8110587625000001,0.1406182185,0.649039699,467.0,1323.0
0.8370886788677989,0.734228261,0.169791198,0.692414346,467.0,1323.0
0.8278100464009271,0.551726544,0.19537539199999998,0.7234257470000001,467.0,1323.0
0.8129783047629313,0.271935656,0.1855498495,0.7358777405,467.0,1323.0
0.7869175952855523,0.0831034905,0.1714344085,0.6693505345,467.0,1323.0
0.7380856358408541,0.000745229,0.1843938255,0.648556997,467.0,1323.0
0.6627685818832685,0.0,0.150393526,0.495856302,467.0,1323.0
0.6201073819321854,0.0,0.12760894849999999,0.50638893,467.0,1323.0
0.6045074489597274,0.0,0.1183565225,0.4559035685,467.0,1323.0
0.6452277084366347,0.01007689,0.1156785375,0.4179892635,467.0,1323.0
0.7270921045130028,0.116716934,0.089233602,0.358040879,467.0,1323.0
0.8017199769963087,0.2787025825,0.045551423,0.288238626,467.0,1323.0
0.8268784115542316,0.5212918205,0.0298767535,0.2073353775,467.0,1323.0
0.8325814150315065,0.672251497,0.024993135,0.155572156,467.0,1323.0
0.83637627676387,0.7275232455,0.0372483535,0.1933555555,467.0,1323.0
0.8324877016778728,0.6758480435,0.0481907635,0.2064892625,467.0,1323.0
0.8242817813051491,0.46191398499999997,0.055026954,0.248410317,467.0,1323.0
0.8154985339804752,0.26688558,0.060675289,0.285771153,467.0,1323.0
0.7936192174059562,0.1024110425,0.076009459,0.31733185799999997,467.0,1323.0
0.7408485255596124,0.0011554485,0.10054060100000001,0.3534641205,467.0,1323.0
0.6488926421179536,0.0,0.086942165,0.343739429,467.0,1323.0
0.606517750936382,0.0,0.0679163985,0.292195345,467.0,1323.0
0.6157577675031067,0.0,0.063934239,0.2921494375,467.0,1323.0
0.695962384641314,0.070367213,0.051377617,0.27331118,467.0,1323.0
0.787992569226181,0.236321854,0.024144625,0.272152263,467.0,1323.0
0.8158112487554334,0.364384799,0.017593729,0.275750988,467.0,1323.0
0.8246820688105265,0.5581370999999999,0.0236607925,0.277781414,467.0,1323.0
0.8314377485647075,0.744264407,0.0318758525,0.2293947835,467.0,1323.0
0.8311506551250256,0.713726895,0.049716687999999995,0.3147816785,467.0,1323.0
0.8290953892973671,0.5329934635,0.06181397549999999,0.416876162,467.0,1323.0
0.8227187154758753,0.2660572355,0.0663182075,0.481267783,467.0,1323.0
0.7927346697290045,0.0755704365,0.09124581500000001,0.5088238125,467.0,1323.0
0.740201930429135,0.001134158,0.117702272,0.46573737849999997,467.0,1323.0
0.6471024266855437,0.0,0.13504767950000002,0.4082878655,467.0,1323.0
0.6080324365819589,0.0,0.138574543,0.369867355,501.0,1420.0
0.6141565474886335,0.0,0.1301213565,0.31959367549999995,501.0,1420.0
0.6933928756714158,0.046238683,0.1095950495,0.22606311899999998,501.0,1420.0
0.7857412455513663,0.167582467,0.083581648,0.180509927,501.0,1420.0
0.8153031217123584,0.317234544,0.08498186299999999,0.2378806045,501.0,1420.0
0.8188816133876549,0.4527073855,0.0624923775,0.257215443,501.0,1420.0
0.82000625979684,0.5472212565,0.06530918599999999,0.2517776235,501.0,1420.0
0.813756767697367,0.491746706,0.0844292555,0.231377053,501.0,1420.0
0.8071388869217175,0.3272998195,0.086439157,0.23945961449999997,501.0,1420.0
0.7979363787623094,0.177215087,0.079419858,0.2577522,501.0,1420.0
0.7790520876135463,0.067601308,0.07702874100000001,0.2568785795,501.0,1420.0
0.7305779678581639,0.000757791,0.09294844399999999,0.268050778,501.0,1420.0
0.6360190601179804,0.0,0.082825542,0.199670829,501.0,1420.0
0.5920279457711088,0.0,0.111897877,0.1972959735,501.0,1420.0
0.57010943625218,0.0,0.1326371435,0.2321976415,501.0,1420.0
0.5810013608627191,0.008239978,0.1212711385,0.217131201,501.0,1420.0
0.6122362652454542,0.0963214065,0.10261811700000001,0.1999347215,501.0,1420.0
0.6551040719974135,0.195940925,0.101946389,0.17722966,501.0,1420.0
0.6854688320753042,0.273660418,0.103654524,0.1823553,501.0,1420.0
0.6895251897733108,0.37922707099999997,0.092645007,0.223755742,501.0,1420.0
0.6894679234658889,0.45234060099999995,0.0830568925,0.2535780555,501.0,1420.0
0.6877666891403069,0.437457764,0.08887413350000001,0.2402563535,501.0,1420.0
0.6873394185520797,0.298231615,0.09486768400000001,0.2107338755,501.0,1420.0
0.6826682028266307,0.192038887,0.082404989,0.202092911,501.0,1420.0
0.6689404954654087,0.0839834195,0.065658148,0.17111880000000002,501.0,1420.0
0.6583001645726128,0.001208956,0.0580822955,0.16226472749999998,501.0,1420.0
0.6351233870064366,0.0,0.079738769,0.188158175,501.0,1420.0
0.5915823481616574,0.0,0.066832227,0.192101358,501.0,1420.0
0.5699766456148578,0.0,0.058088959999999995,0.188825885,501.0,1420.0
0.5814228609088989,0.0071397245,0.048650545,0.119918252,501.0,1420.0
0.6120016369339241,0.132025334,0.038376805,0.102020668,501.0,1420.0
0.6555211171836745,0.251834063,0.031931205,0.102618328,501.0,1420.0
0.6856365454234432,0.370170902,0.032631914,0.122831582,501.0,1420.0
0.6897519238926473,0.5020263994999999,0.0348211405,0.13180995,501.0,1420.0
0.6902665136856443,0.581563466,0.032993456500000004,0.122111477,501.0,1420.0
0.6893721328589599,0.594359249,0.034475558,0.150710091,501.0,1420.0
0.6928722615787376,0.5074564850000001,0.0417753125,0.180126059,501.0,1420.0
0.6904005276753619,0.30568363,0.0574477205,0.1999648195,501.0,1420.0
0.6707783519465402,0.11234069999999999,0.078597802,0.1855412735,501.0,1420.0
0.6588368436080502,0.0016930225,0.11152421700000001,0.17466111499999998,501.0,1420.0
0.6391885621939695,0.0,0.114778818,0.204971301,501.0,1420.0
0.6014791393942248,0.0,0.097097694,0.2267768395,501.0,1420.0
0.6136124359759498,0.0,0.0844210145,0.2245208205,501.0,1420.0
0.6944425515965376,0.066329389,0.0707905755,0.2096018515,501.0,1420.0
0.7988475164745026,0.2556199985,0.047271553,0.19882002199999999,501.0,1420.0
0.819454877632498,0.4720687385,0.060660431,0.24200473299999997,501.0,1420.0
0.8242076417886851,0.5790333434999999,0.0700491275,0.2667098125,501.0,1420.0
0.823308875465374,0.593352936,0.075101171,0.3054205455,501.0,1420.0
0.816868079870336,0.503297959,0.1049886155,0.36357881999999997,501.0,1420.0
0.8095913011763851,0.32735443249999996,0.1434877225,0.4296544115,501.0,1420.0
0.7823886339619439,0.125450998,0.155908255,0.5019282825,501.0,1420.0
0.7306570930476615,0.0016829,0.16823892099999999,0.4715864165,501.0,1420.0
0.6390995349885562,0.0,0.137183283,0.3735084805,501.0,1420.0
0.6014673675852186,0.0,0.1340711545,0.3791700675,501.0,1420.0
0.6136124359759498,0.0,0.1105087605,0.358608943,501.0,1420.0
0.6943747828316684,0.0549407565,0.085243525,0.323252695,501.0,1420.0
0.7993256830825253,0.19746710550000002,0.052163821,0.27112847549999997,501.0,1420.0
0.8179804006246778,0.36885342099999996,0.037495089,0.1997775,501.0,1420.0
0.8180660346295423,0.5558933580000001,0.039063869,0.14829970050000002,501.0,1420.0
0.8136528987358869,0.6769602745,0.0523318095,0.14749286,501.0,1420.0
0.8082772442631512,0.6226024379999999,0.07326296800000001,0.16159058650000002,501.0,1420.0
0.8028594879622989,0.4078812495,0.1059671935,0.203490204,501.0,1420.0
0.7790302058644512,0.14735818750000002,0.1474204305,0.2308487585,501.0,1420.0
0.7306735738719077,0.0022212355,0.212931603,0.2432340705,501.0,1420.0
0.6381463415468319,0.0,0.183955111,0.2367601325,501.0,1420.0
0.6020886190655721,0.0,0.2066113895,0.226670151,501.0,1420.0
0.6184202046262187,0.0,0.2165874765,0.252882027,501.0,1420.0
0.6990078209083677,0.0799629,0.194942253,0.29655791499999995,501.0,1420.0
0.7992040408130958,0.326871737,0.12970029249999998,0.29229020650000004,501.0,1420.0
0.8180344121930101,0.6253881505000001,0.117078814,0.2889077725,501.0,1420.0
0.821589775700953,0.793514895,0.098567171,0.261673191,501.0,1420.0
0.8269568437736206,0.838378771,0.1161010115,0.31273526900000004,501.0,1420.0
0.8248839898940101,0.7255376,0.1141065725,0.355625788,501.0,1420.0
0.8198101552214268,0.5204977980000001,0.10980461,0.40994544450000003,501.0,1420.0
0.811795260625975,0.3196326,0.116875064,0.46347685,501.0,1420.0
0.7866753271691338,0.136357227,0.1662043705,0.5383711815000001,501.0,1420.0
0.7328971992895568,0.0024563725,0.2431183205,0.6215361095,501.0,1420.0
0.6410172782303519,0.0,0.2161472135,0.540195152,501.0,1420.0
0.6041402147034821,0.0,0.197166762,0.434842747,501.0,1420.0
0.6018897447307237,0.0,0.1737507965,0.358520214,501.0,1420.0
0.6433142584280136,0.015078216,0.14776385050000002,0.299703318,501.0,1420.0
0.7264196338587872,0.123140637,0.128294576,0.26698702,501.0,1420.0
0.7856218651284175,0.235212682,0.087513509,0.260969024,501.0,1420.0
0.8122864455275435,0.364217379,0.072535428,0.249912461,501.0,1420.0
0.8207865232604961,0.549051902,0.063166891,0.22307222799999998,501.0,1420.0
0.8265588645115746,0.681800633,0.041559427,0.13492805,501.0,1420.0
0.8307493979254648,0.7273434745,0.043703018499999996,0.1418572795,501.0,1420.0
0.8259875393236923,0.6471733045,0.0372568075,0.1556489335,501.0,1420.0
0.8186197253686218,0.43770216700000003,0.0381344865,0.1982382185,501.0,1420.0
0.8076153915282605,0.248207856,0.040733221,0.259951144,501.0,1420.0
0.7830602734497165,0.1038532845,0.0702783915,0.289246983,501.0,1420.0
0.7315800493633992,0.0020229525,0.10927879500000001,0.276088186,501.0,1420.0
0.642173500712359,0.0,0.0945435625,0.269446479,501.0,1420.0
0.6021869021444713,0.0,0.0765664445,0.24395127649999998,501.0,1420.0
0.6136784504427464,0.0,0.0594522965,0.1949800465,501.0,1420.0
0.6939748646783647,0.06455781000000001,0.040518214999999996,0.1707114545,501.0,1420.0
0.7988941883924312,0.244087791,0.014989668,0.1545894055,501.0,1420.0
0.8184713081393594,0.421072401,0.014907342,0.123716067,501.0,1420.0
0.8204248283242779,0.5669052625,0.023682828,0.11938393250000001,501.0,1420.0
0.8251279200119086,0.650714995,0.033624594,0.1327813065,501.0,1420.0
0.8221894460506647,0.5987050545,0.048336744,0.23453320449999998,501.0,1420.0
0.8169865366645463,0.39918231049999997,0.075009522,0.348338168,501.0,1420.0
0.807862460724527,0.223907406,0.093605937,0.416083025,501.0,1420.0
0.7839458368862964,0.090852179,0.123657149,0.4457713285,501.0,1420.0
0.732251319333395,0.0016639975,0.1611588715,0.4243925505,501.0,1420.0
0.6411706810332262,0.0,0.15884411,0.391138448,501.0,1420.0
0.5938476828900646,0.0,0.13318915850000002,0.35596352600000003,501.0,1420.0
0.5706805305825886,0.0,0.1119000995,0.342462698,501.0,1420.0
0.5810043846117725,0.01211536,0.0932922165,0.31767396800000003,501.0,1420.0
0.6123327941257026,0.1481050745,0.0597793125,0.2850960185,501.0,1420.0
0.6563911693576293,0.298525394,0.035444553,0.281123022,501.0,1420.0
0.6887820195977182,0.4682188665,0.029434023,0.2833598865,501.0,1420.0
0.6975536793088839,0.6280792225,0.0276678675,0.171885562,501.0,1420.0
0.7022905170831928,0.6564847945000001,0.035255967,0.259266993,501.0,1420.0
0.7057926534609894,0.5310265745,0.04888731,0.35478547,501.0,1420.0
0.7048974417992683,0.367796692,0.054128312,0.396097182,501.0,1420.0
0.6906918223498912,0.1845662025,0.064122951,0.42469683199999997,501.0,1420.0
0.6691401547024118,0.033053999,0.081943598,0.3902765515,501.0,1420.0
0.6527720995930806,0.0,0.079669306,0.346863358,501.0,1420.0
0.5955338215362429,0.0,0.0642858245,0.369458536,501.0,1420.0
0.5708180761017518,0.0,0.054589041500000005,0.376045554,501.0,1420.0
0.5809799638944346,0.009322302,0.049998299999999996,0.412640254,501.0,1420.0
0.6123877292233517,0.12019580199999999,0.0397121325,0.3931974075,501.0,1420.0
0.6561318663722839,0.24109108,0.029332595,0.318637099,501.0,1420.0
0.6885346266177135,0.369490873,0.0252484475,0.248565393,501.0,1420.0
0.6944263479603348,0.465778915,0.032869233,0.293604658,501.0,1420.0
0.6979562289921479,0.513668422,0.048970341,0.316014649,501.0,1420.0
0.6961565501597663,0.45498387549999997,0.079751745,0.367733233,501.0,1420.0
0.6915590351691343,0.3486977155,0.104473105,0.41089921949999997,501.0,1420.0
0.6791671743393519,0.1738045045,0.097164117,0.3889783205,501.0,1420.0
0.667038840331657,0.063828098,0.093567935,0.327267294,501.0,1420.0
0.6601319966877818,0.00255695,0.09999700950000001,0.309342715,501.0,1420.0
0.6400993540176393,0.0,0.1182170815,0.369329091,501.0,1420.0
0.6018492127731975,0.0,0.11123220349999999,0.4367190775,501.0,1420.0
0.6135444133871657,0.0,0.1024337095,0.4180332235,501.0,1420.0
0.6945792664132264,0.05755156,0.093597929,0.4161753895,501.0,1420.0
0.7991909767855112,0.21819328100000002,0.082495549,0.3728134215,501.0,1420.0
0.8178375695762619,0.374038412,0.074931244,0.335963711,501.0,1420.0
0.8177945908476636,0.5196462575,0.07193817250000001,0.2940853975,501.0,1420.0
0.8184917128115661,0.62712746,0.081750088,0.339000902,501.0,1420.0
0.8163336859129453,0.6625433665,0.1103752315,0.48523784849999996,501.0,1420.0
0.8124917827448765,0.569317536,0.1237518,0.566981489,501.0,1420.0
0.8073939890699027,0.386978982,0.12932909450000002,0.605404126,501.0,1420.0
0.7990540079792043,0.202365552,0.150732641,0.648272595,501.0,1420.0
0.7790339454506324,0.0800292915,0.17056519050000002,0.6864256525000001,501.0,1420.0
0.730659516951714,0.002116896,0.194615319,0.6656664795,501.0,1420.0
0.653059516352532,0.0,0.172945221,0.579795004,501.0,1420.0
0.6143592072762643,0.0,0.15003016,0.584584784,501.0,1420.0
0.6017452284492617,0.0,0.1390113805,0.5847098255000001,501.0,1420.0
0.6448524877578843,0.0082858665,0.1285734195,0.585091502,501.0,1420.0
0.7278252801441027,0.06532943,0.123500581,0.590839479,501.0,1420.0
0.8012126347228259,0.1490986085,0.1400193295,0.565363657,501.0,1420.0
0.8198741848640831,0.2320893095,0.110405574,0.429781485,501.0,1420.0
0.8182729413860595,0.352730236,0.0929651095,0.42526865599999997,501.0,1420.0
0.813936114393053,0.3897516125,0.1243334545,0.492414248,501.0,1420.0
0.8076473367543122,0.31525159550000004,0.150889912,0.508925906,501.0,1420.0
0.801673905254787,0.17046415,0.1571378695,0.516416502,501.0,1420.0
0.7796849956730131,0.059847129,0.15238265750000002,0.5602036779999999,501.0,1420.0
0.731391746418462,0.0017576345,0.14632949,0.5819277,501.0,1420.0
0.6380411339036414,0.0,0.13987743400000002,0.5737942385,501.0,1420.0
0.6027644594567863,0.0,0.166845761,0.605483734,501.0,1420.0
0.6189130510652986,0.0,0.191881272,0.6229462665000001,501.0,1420.0
0.7005051490280603,0.0238127255,0.2099620225,0.612141891,501.0,1420.0
0.8026261754323192,0.11173325449999999,0.2473303095,0.5387312639999999,501.0,1420.0
0.8210189121617371,0.1907872485,0.23659020600000003,0.446891422,501.0,1420.0
0.8196292847205953,0.247007353,0.209947689,0.448304231,501.0,1420.0
0.8174327113182601,0.276649861,0.231133731,0.465902628,501.0,1420.0
0.8117248146302474,0.26157346849999996,0.2396718895,0.43380349500000004,501.0,1420.0
0.806737537259861,0.224001815,0.226916344,0.449055048,501.0,1420.0
0.8022347974479359,0.1554569465,0.1930748085,0.4412969215,501.0,1420.0
0.7799250480083957,0.060338773,0.1343638355,0.4196817255,501.0,1420.0
0.731428746912824,0.002449845,0.0977303695,0.42475311299999996,501.0,1420.0
0.6520898885828342,0.0,0.083639693,0.524953456,501.0,1420.0
0.6158681686109415,0.0,0.081849474,0.5922570764999999,501.0,1420.0
0.6051101656272462,0.0,0.087770507,0.6390788665,501.0,1420.0
0.6520715846274732,0.0074219925,0.09522264899999999,0.679410883,501.0,1420.0
0.7336344144293384,0.069704782,0.093921241,0.697615812,501.0,1420.0
0.7883640045184303,0.146691598,0.085407131,0.707877935,501.0,1420.0
0.8151774173986341,0.3236338465,0.10024228099999999,0.722264386,501.0,1420.0
0.8178567732328428,0.43219084750000003,0.1107966625,0.7382793895,501.0,1420.0
0.8166293660841015,0.47748177599999997,0.122434795,0.747605005,501.0,1420.0
0.8101191399215582,0.459219014,0.137678457,0.7371469694999999,501.0,1420.0
0.8049187697688074,0.312303156,0.1350347925,0.7406346045,501.0,1420.0
0.791618009874887,0.14099909300000002,0.1227710595,0.7082158375000001,501.0,1420.0
0.773729567477255,0.043234914,0.115034186,0.610470233,501.0,1420.0
0.731227310345026,0.001509892,0.10188249299999999,0.459869609,501.0,1420.0
0.6380427034759661,0.0,0.0802541465,0.283749733,501.0,1420.0
0.6010735197639001,0.0,0.067381609,0.196029188,501.0,1420.0
0.6148014118177293,0.0,0.0412162385,0.13022069,501.0,1420.0
0.6961595739088197,0.0408408525,0.0212996455,0.085937159,501.0,1420.0
0.7992611917912026,0.18936325250000002,0.009358348499999999,0.071787935,501.0,1420.0
0.8178268591946414,0.33536463,0.008438913,0.065382466,501.0,1420.0
0.8177639838393537,0.459029167,0.0124026585,0.051602798500000005,501.0,1420.0
0.8175340874432235,0.4885624705,0.0175586205,0.0377444065,501.0,1420.0
0.8130103424512789,0.384690254,0.0193203295,0.0355493355,501.0,1420.0
0.8093650976381792,0.279291216,0.0196429315,0.0548373045,501.0,1420.0
0.8016146302951279,0.176824023,0.023356164,0.059202443,501.0,1420.0
0.7801589146493373,0.0878101065,0.0370916095,0.060035018999999995,501.0,1420.0
0.7305091838639162,0.0025835195,0.0606189325,0.0814250925,501.0,1420.0
0.6207931244718774,0.0,0.0609747455,0.1314056655,501.0,1420.0
0.5735006638080307,0.0,0.056997254,0.1633699905,501.0,1420.0
0.57409989507783,0.0,0.054820191000000004,0.18101971249999999,501.0,1420.0
0.5916183791275387,0.049769429,0.047572180500000005,0.19985930400000002,501.0,1420.0
0.6417004817023794,0.200316631,0.028889685999999998,0.191324321,501.0,1420.0
0.6856365454234432,0.334646571,0.027435347,0.189296751,501.0,1420.0
0.6898541079856281,0.46799429000000003,0.0413821385,0.211800796,501.0,1420.0
0.6910771757031874,0.5189139045,0.061050902,0.22947281,501.0,1420.0
0.6911243324682077,0.4249050695,0.0833195435,0.279794385,501.0,1420.0
0.6909969200875586,0.326798157,0.085905223,0.303515967,501.0,1420.0
0.6869547114406351,0.23178838749999997,0.0718454,0.33267131650000004,501.0,1420.0
0.6728927999401559,0.114939532,0.060113426,0.357148571,501.0,1420.0
0.6653725292471413,0.0355523305,0.0636081325,0.383779127,501.0,1420.0
0.6439070266827659,0.0,0.076517068,0.45946322549999996,501.0,1420.0
0.591644000131409,0.0,0.094213997,0.535060777,501.0,1420.0
0.5699766456148578,0.0,0.1082498715,0.594574544,501.0,1420.0
0.5815048942530099,0.010087057,0.12501133450000002,0.6084185185,501.0,1420.0
0.611977146952716,0.13352208599999998,0.12225805549999999,0.5301075195,501.0,1420.0
0.6551911372125654,0.275103902,0.14859182,0.516721496,501.0,1420.0
0.6854387788465501,0.362941777,0.161211646,0.534958297,501.0,1420.0
0.6893104117910411,0.47333487250000006,0.1631592665,0.4789965735,501.0,1420.0
0.6895733387681279,0.5285938354999999,0.18440826100000002,0.46818666750000004,501.0,1420.0
0.6878503151557464,0.446427094,0.2063236835,0.500755211,501.0,1420.0
0.6868936362831619,0.29480163000000004,0.19189701399999998,0.497211768,501.0,1420.0
0.6772647576344336,0.130600692,0.139371373,0.4827808285,501.0,1420.0
0.6649901529146417,0.024984324999999998,0.09537913849999999,0.48181051100000005,501.0,1420.0
0.6522267416621387,0.0,0.0927093525,0.4874491415,501.0,1420.0
0.6141342272230161,0.0,0.094482571,0.5018095284999999,501.0,1420.0
0.6016140997139975,0.0,0.1045718165,0.526527074,501.0,1420.0
0.6443282727724683,0.0090958785,0.107234445,0.5769298165000001,501.0,1420.0
0.7262262073758883,0.076724777,0.099265323,0.60334078,501.0,1420.0
0.7992188132390112,0.18585116299999999,0.1106176045,0.627386022,501.0,1420.0
0.817872699946127,0.309189383,0.163061774,0.6527103860000001,501.0,1420.0
0.8178183649254627,0.32487045,0.1616822415,0.6015647555,501.0,1420.0
0.8141856306917978,0.27059380050000004,0.20249146950000002,0.597710747,501.0,1420.0
0.8095062673479274,0.236961476,0.202260551,0.602777433,501.0,1420.0
0.8060705606556022,0.1701210155,0.189339839,0.6205540615,501.0,1420.0
0.7918570928474922,0.0989809445,0.156063452,0.644314898,501.0,1420.0
0.7736510891924212,0.050653256,0.142269227,0.649231189,501.0,1420.0
0.730569727777447,0.0027395765,0.150046721,0.709381482,501.0,1420.0
0.638691768741644,0.0,0.21010794700000002,0.8122456685,501.0,1420.0
0.6013580513351792,0.0,0.213133964,0.813071782,501.0,1420.0
0.6137898671445065,0.0,0.208432816,0.793640424,501.0,1420.0
0.6945421272585618,0.042707408999999995,0.1963036715,0.7751023850000001,501.0,1420.0
0.7991835440099997,0.175087357,0.1789435205,0.736798628,501.0,1420.0
0.817735500812596,0.297944601,0.19784440650000001,0.574617852,501.0,1420.0
0.8178582045756926,0.27619520399999997,0.14856841399999998,0.40909245400000005,501.0,1420.0
0.8141489765167873,0.283189246,0.1571380745,0.373288917,501.0,1420.0
0.8086885649396687,0.2662557975,0.155967933,0.374664113,501.0,1420.0
0.802811015846556,0.203247905,0.12921185400000001,0.380674587,501.0,1420.0
0.7796767088640391,0.09176824850000001,0.09267112250000001,0.3827474745,501.0,1420.0
0.7306639024483409,0.0028688705,0.0822062815,0.40913125250000004,501.0,1420.0
0.6399362336594724,0.0,0.0729118875,0.501982972,501.0,1420.0
0.6019905668110062,0.0,0.069187814,0.5386292985000001,501.0,1420.0
0.6137061718983374,0.0,0.071839213,0.598426461,501.0,1420.0
0.6941185728592466,0.057673598000000006,0.0772376575,0.621622251,501.0,1420.0
0.7853083198498284,0.169425654,0.05938693,0.631704325,501.0,1420.0
0.8121321653933598,0.310886946,0.069872706,0.665289129,501.0,1420.0
0.8187842535729477,0.47575746399999996,0.1116046495,0.7368418674999999,501.0,1420.0
0.8238455316006514,0.522038803,0.12407526699999999,0.7473184095000001,501.0,1420.0
0.8266194316235308,0.5140737765000001,0.15057245949999998,0.7956230795,501.0,1420.0
0.8254885067262028,0.489401897,0.150710131,0.8157356655,501.0,1420.0
0.8200044592676197,0.359680282,0.1304171535,0.8128845915,501.0,1420.0
0.7921388778246208,0.1474234975,0.1018904615,0.7826921195000001,501.0,1420.0
0.7344392602702171,0.004522793,0.11005329050000001,0.7227469215,501.0,1420.0
0.641459159650891,0.0,0.1156102965,0.553697664,501.0,1420.0
0.6016325191312359,0.0,0.10495428500000001,0.420792683,501.0,1420.0
0.61371016510959,0.0,0.11093926949999999,0.41613691399999997,501.0,1420.0
0.69404808056609,0.0613164345,0.148811437,0.575309242,501.0,1420.0
0.7856775393610418,0.174905522,0.170319613,0.605453169,501.0,1420.0
0.8125634294248237,0.243226857,0.218638167,0.628539966,501.0,1420.0
0.8178100091840246,0.358492637,0.390347981,0.7167062755,501.0,1420.0
0.8178330916173393,0.503158812,0.5101266525,0.8560879975,501.0,1420.0
0.8141795835250973,0.575063855,0.61684953,0.836730575,501.0,1420.0
0.8106382998043673,0.508693022,0.671540368,0.8941391224999999,501.0,1420.0
0.8048532633806686,0.332101822,0.6704421675000001,0.920668982,501.0,1420.0
0.7836049158086554,0.136347407,0.5954218085,0.9083771285,501.0,1420.0
0.7316485795005914,0.004341842,0.51340544,0.875210402,501.0,1420.0
0.6409628970779617,0.0,0.447926483,0.849734781,501.0,1420.0
0.6065383631350745,0.0,0.4518778605,0.869196885,501.0,1420.0
0.6224439938559037,0.0,0.430881084,0.901940451,501.0,1420.0
0.7034732377678174,0.051380362,0.441045272,0.8883348605,501.0,1420.0
0.8068013362438873,0.191728497,0.483792412,0.8739861470000001,501.0,1420.0
0.8247244934281628,0.33779482549999995,0.5041492335,0.8386364774999999,501.0,1420.0
0.8209140281034408,0.458515529,0.383162393,0.788934338,501.0,1420.0
0.8161780672296135,0.5238948895,0.439558994,0.8533667695,501.0,1420.0
0.8099009690038645,0.453276487,0.4802495,0.8771122755,501.0,1420.0
0.8046792248161297,0.281419065,0.48973620549999997,0.8764970354999999,501.0,1420.0
0.7818781529414989,0.10487761100000001,0.4226109725,0.8516285695,501.0,1420.0
0.7326756583034586,0.002810433,0.3693012575,0.7884468615,501.0,1420.0
0.6352124834094388,0.0,0.338279582,0.721435876,501.0,1420.0
0.5935257585390497,0.0,0.341814458,0.734679871,501.0,1420.0
0.5743094332980263,0.0,0.34385882599999995,0.7667500709999999,501.0,1420.0
0.5869992133447073,0.006735576,0.33267923,0.774431608,501.0,1420.0
0.6152703222871412,0.099458046,0.333434524,0.7365183395,501.0,1420.0
0.6609185612083346,0.196787465,0.364960082,0.675622777,501.0,1420.0
0.6939633928912806,0.2660389615,0.40076313750000003,0.6371238260000001,501.0,1420.0
0.6925126674256462,0.274023016,0.288452977,0.580029504,501.0,1420.0
0.69044895372566,0.302786417,0.3476482745,0.5757343585000001,501.0,1420.0
0.6884940482633365,0.3031822075,0.4141762135,0.579007449,501.0,1420.0
0.6870734910243651,0.19517449599999998,0.40139936,0.5671419959999999,501.0,1420.0
0.683060689032938,0.10995401,0.354716321,0.541299355,501.0,1420.0
0.6703180971742073,0.05840042349999999,0.2722315915,0.5247662065,501.0,1420.0
0.6607652736353536,0.0026656325,0.218075711,0.5256902475,501.0,1420.0
0.620282735748025,0.0,0.164552224,0.4870714735,501.0,1420.0
0.5748992240348731,0.0,0.157721248,0.4833315585,501.0,1420.0
0.5767991941344226,0.0,0.147117623,0.4693911805,501.0,1420.0
0.5944078133132031,0.030992369,0.137618631,0.494869593,501.0,1420.0
0.6449650123170216,0.1302177105,0.162769046,0.5297235819999999,501.0,1420.0
0.6936304583687072,0.2550542135,0.18181631250000002,0.48901756,501.0,1420.0
0.6931338960721212,0.2858654155,0.14111884200000002,0.417833666,501.0,1420.0
0.6893117046061503,0.266410996,0.183919381,0.4421923595,501.0,1420.0
0.6887526361406473,0.195886064,0.2005814005,0.4533313485,501.0,1420.0
0.6857719907560107,0.116317148,0.187346759,0.4705680175,501.0,1420.0
0.6741383956486621,0.057186339,0.168846321,0.479902273,501.0,1420.0
0.6672252045510392,0.014589574000000001,0.1435966355,0.501200942,501.0,1420.0
0.65278920329505,0.0,0.133392935,0.49104612000000003,501.0,1420.0
0.6145732233891019,0.0,0.11694879,0.48478028900000003,501.0,1420.0
0.6038464272255766,0.0,0.1020439405,0.426054204,501.0,1420.0
0.6497224159263129,0.0088799885,0.09793795450000001,0.408346998,501.0,1420.0
0.7300845907053911,0.063013046,0.10793002,0.419826125,501.0,1420.0
0.7883640045184303,0.126634841,0.106624874,0.40518067,501.0,1420.0
0.8154076829811349,0.117827945,0.099958296,0.376467831,501.0,1420.0
0.8196074954337959,0.226189113,0.0974650715,0.3480079645,501.0,1420.0
0.8180641883662831,0.325501807,0.086248932,0.29618374550000004,501.0,1420.0
0.8138156267423984,0.393030876,0.105655977,0.341057218,501.0,1420.0
0.8089343880490831,0.35919742649999997,0.12877219,0.39392333150000003,501.0,1420.0
0.8037570539327964,0.23942936450000002,0.144571636,0.417609039,501.0,1420.0
0.779383314069195,0.0995249745,0.128310819,0.444015912,501.0,1420.0
0.7307052420424786,0.0038889985,0.123433242,0.4604897645,501.0,1420.0
0.6381099181961545,0.0,0.11095700950000001,0.394842797,501.0,1420.0
0.6027143715375707,0.0,0.088092248,0.35181288,501.0,1420.0
0.6196428801909662,0.0,0.0754152995,0.313343462,501.0,1420.0
0.7022449994526331,0.0528033725,0.058787901000000004,0.2563047095,501.0,1420.0
0.7893468356388276,0.153969204,0.038383852,0.207985988,501.0,1420.0
0.8159561109917,0.19697102,0.030345699,0.172001424,501.0,1420.0
0.8203810190920489,0.285850366,0.028999404,0.143449728,501.0,1420.0
0.8185063463783349,0.45237208149999997,0.029630233,0.1288592865,501.0,1420.0
0.8179434697255924,0.574080274,0.035198491,0.141116491,501.0,1420.0
0.81386202127344,0.6152852965,0.050197243,0.184935505,501.0,1420.0
0.8104677698359735,0.568657597,0.077230324,0.22098339,501.0,1420.0
0.8085991916800291,0.4399805055,0.104806804,0.225939466,501.0,1420.0
0.801975540130348,0.288837644,0.119056264,0.234145824,501.0,1420.0
0.7797036458814441,0.136595658,0.126304222,0.23439178700000002,501.0,1420.0
0.7306011884878132,0.004775943,0.1553942115,0.2249121765,501.0,1420.0
0.6381463415468319,0.0,0.131058439,0.17265038700000002,501.0,1420.0
0.60216218133893,0.0,0.12115905900000001,0.15109579550000002,501.0,1420.0
0.6189130510652986,0.0,0.11482284749999999,0.13449486049999998,501.0,1420.0
0.6993371775709257,0.07934296699999999,0.088978952,0.123164575,501.0,1420.0
0.7859528609254361,0.243464298,0.05171435,0.111455267,501.0,1420.0
0.8121692815484426,0.379051053,0.057653163,0.116619637,501.0,1420.0
0.8175838523740756,0.519067724,0.0791552,0.127545824,501.0,1420.0
0.8193169394634138,0.6682187854999999,0.0991036845,0.1414318795,501.0,1420.0
0.8242346013417035,0.7400841585,0.135626096,0.16165472349999999,501.0,1420.0
0.8213787144378453,0.6488504589999999,0.186246053,0.219143321,501.0,1420.0
0.816119254581433,0.447432233,0.219924796,0.3289146445,501.0,1420.0
0.8081529242326134,0.282964051,0.209381122,0.423533516,501.0,1420.0
0.7856035383723182,0.141229073,0.1966114555,0.475884753,501.0,1420.0
0.7458256701891719,0.010047668,0.228222688,0.491950984,501.0,1420.0
0.6859520299578368,0.0,0.2374555345,0.46188477,501.0,1420.0
0.6146041532532127,0.0,0.2193001115,0.40059505900000003,501.0,1420.0
0.6015370290101977,0.0,0.191934638,0.33486816350000004,501.0,1420.0
0.644597824225643,0.0126413575,0.1885116955,0.2931516885,501.0,1420.0
0.7262262073758883,0.123745152,0.178389494,0.274956899,501.0,1420.0
0.7857139164805713,0.224748327,0.131401774,0.25116016,501.0,1420.0
0.8128155770878258,0.358858187,0.134352937,0.224379766,501.0,1420.0
0.822755323585441,0.492997605,0.158910419,0.201414134,501.0,1420.0
0.8305926252861704,0.6376348915000001,0.214668577,0.2084780215,501.0,1420.0
0.833775768732272,0.64573097,0.234965784,0.266686599,501.0,1420.0
0.8348997225027546,0.589557381,0.27465609950000003,0.356415946,501.0,1420.0
0.8305084680267882,0.448558558,0.292709701,0.426147518,501.0,1420.0
0.8248805737601608,0.3022194325,0.2818999325,0.5048917535,501.0,1420.0
0.8157166124358731,0.205527463,0.252348938,0.520223854,501.0,1420.0
0.7904145613971301,0.109269635,0.235149508,0.521772272,501.0,1420.0
0.7371022976691577,0.0050459535,0.250788406,0.5293231970000001,501.0,1420.0
0.6647034979252008,0.0,0.243761518,0.518703459,501.0,1420.0
0.6202544603471749,0.0,0.2261670665,0.4944102945,501.0,1420.0
0.6023857303144533,0.0,0.19896736199999998,0.4749031435,501.0,1420.0
0.6428190575475949,0.013120734,0.178329192,0.4360528885,501.0,1420.0
0.7257725999466628,0.120335489,0.15738176,0.397399741,501.0,1420.0
0.7857408763649957,0.220513932,0.112077157,0.376760478,501.0,1420.0
0.8128060670590189,0.338872368,0.099969587,0.371175868,501.0,1420.0
0.8261018412799058,0.5575555375,0.106099429,0.3543925985,501.0,1420.0
0.836165815345763,0.765978821,0.1076998905,0.3996495575,501.0,1420.0
0.8410215715629485,0.806516637,0.1400907595,0.4438966405,501.0,1420.0
0.8352561547104583,0.6358372245,0.16365739099999999,0.48644742799999996,501.0,1420.0
0.8217544888298702,0.3906494065,0.183090488,0.5131021825,501.0,1420.0
0.789272834318698,0.1603723585,0.19185937949999998,0.4987204115,501.0,1420.0
0.7330035610875536,0.0052822575,0.234998215,0.49095784200000003,501.0,1420.0
0.6368018162193096,0.0,0.220019362,0.440173119,501.0,1420.0
0.5919672401645528,0.0,0.2101755675,0.401550153,501.0,1420.0
0.5699890406661339,0.0,0.1914271735,0.3412949275,501.0,1420.0
0.5822708697732957,0.013076468,0.1788070195,0.293754295,501.0,1420.0
0.5963321810642275,0.13976295,0.155535821,0.276740611,501.0,1420.0
0.6277810091969263,0.255976085,0.126210943,0.273144131,501.0,1420.0
0.6558831811074196,0.406930042,0.121673155,0.262722539,501.0,1420.0
0.6887030329359611,0.6298686490000001,0.1358728435,0.25633894,501.0,1420.0
0.6944655877655639,0.779914368,0.124219075,0.262924219,501.0,1420.0
0.6997319491535452,0.827961279,0.145106606,0.32454617100000005,501.0,1420.0
0.7033575048001601,0.7557119569999999,0.17158040149999998,0.3969697055,501.0,1420.0
0.7026072478370011,0.559820134,0.19638418200000002,0.44782809700000004,501.0,1420.0
0.6962024605065282,0.355280118,0.221085968,0.480437127,501.0,1420.0
0.6745336978124119,0.170095911,0.253910513,0.5341844915,501.0,1420.0
0.6603681020762004,0.005367486,0.3247448715,0.6224624125,501.0,1420.0
0.6200072754239059,0.0,0.3319891,0.632075742,501.0,1420.0
0.5723482959763951,0.0,0.30689487800000004,0.5820250339999999,458.0,1297.0
0.5727063897878913,0.0,0.267609941,0.5513860859999999,458.0,1297.0
0.5897363437306986,0.081845938,0.232860316,0.513793984,458.0,1297.0
0.6270096094539442,0.252991114,0.175921201,0.493466814,458.0,1297.0
0.6553552962305206,0.424514826,0.173472894,0.480583439,458.0,1297.0
0.6863921572460064,0.587869967,0.194721927,0.47715526,458.0,1297.0
0.6927558591708034,0.750429718,0.199087963,0.4614063485,458.0,1297.0
0.7000064166844772,0.8213737999999999,0.2034505245,0.47514086899999997,458.0,1297.0
0.7025838890110174,0.7836262265,0.20892031049999998,0.4669761065,458.0,1297.0
0.7014154794350482,0.6027545679999999,0.212313203,0.465351437,458.0,1297.0
0.6941669067123739,0.39661303,0.222303437,0.492124443,458.0,1297.0
0.6731249813811923,0.18605081350000002,0.2293061915,0.5206662744999999,458.0,1297.0
0.6577038183915638,0.0054391405,0.284229004,0.5460370210000001,458.0,1297.0
0.6367657391217023,0.0,0.280655682,0.5380102314999999,458.0,1297.0
0.5998864366153713,0.0,0.24533664600000002,0.478307624,458.0,1297.0
0.6163645696784708,0.0,0.20317641949999998,0.41988338999999997,458.0,1297.0
0.6956564328701844,0.08824850199999999,0.1537955445,0.376785245,458.0,1297.0
0.7833111746944602,0.269288776,0.091106149,0.356213172,458.0,1297.0
0.810118124493336,0.440359062,0.075873589,0.326790128,458.0,1297.0
0.8163847893929455,0.60403555,0.073478903,0.294524884,458.0,1297.0
0.821979399884373,0.7972410215,0.0860401095,0.2988551665,458.0,1297.0
0.8300623861667762,0.8967924460000001,0.08568047000000001,0.317516022,458.0,1297.0
0.8255983771203447,0.8194305755,0.073991501,0.3952179395,458.0,1297.0
0.820122038829942,0.6277656380000001,0.086699905,0.5123804940000001,458.0,1297.0
0.8129927540679208,0.402588145,0.099444659,0.547335982,458.0,1297.0
0.7871056211750084,0.186672029,0.12022623,0.5587232275,458.0,1297.0
0.7292458377144801,0.005279648,0.1656330825,0.5450071005,458.0,1297.0
0.6370197101146629,0.0,0.165393116,0.5178537464999999,458.0,1297.0
0.5995942649077978,0.0,0.1374648595,0.480231215,458.0,1297.0
0.6135115215659339,0.0,0.1194772945,0.439469393,458.0,1297.0
0.6932916612726183,0.086016114,0.0869166935,0.358267185,458.0,1297.0
0.7829896889262484,0.263784414,0.037408463,0.303437397,458.0,1297.0
0.8103475589093938,0.423565392,0.025943304,0.275146191,458.0,1297.0
0.8238189412340038,0.6450769295000001,0.031461816000000004,0.276565945,458.0,1297.0
0.8339429746977058,0.851752874,0.031150919,0.27496679999999996,458.0,1297.0
0.8387907440284179,0.882027894,0.0373316225,0.327998742,458.0,1297.0
0.8354098343368291,0.73644362,0.0428309845,0.36804809650000003,458.0,1297.0
0.8262227909106328,0.456925566,0.0510369405,0.3815002045,458.0,1297.0
0.7951157143592059,0.16862024850000001,0.0678036365,0.38323739199999995,458.0,1297.0
0.7496018820445105,0.009278886,0.084510442,0.36367258,458.0,1297.0
0.6896450545131017,0.0,0.081480637,0.33544906799999996,458.0,1297.0
0.6154212322534987,0.0,0.070423278,0.265592491,458.0,1297.0
0.6003205163391531,0.0,0.0501734805,0.179589463,458.0,1297.0
0.639190270260894,0.011553037,0.034706606,0.14135887749999998,458.0,1297.0
0.7224284368923803,0.124269388,0.030629982,0.133061105,458.0,1297.0
0.7970212704738988,0.305214266,0.0160788595,0.109291162,458.0,1297.0
0.8236188664137792,0.515043372,0.014672416,0.090319358,458.0,1297.0
0.8320523756021139,0.6808501845,0.0168708365,0.061746240499999994,458.0,1297.0
0.8411598785869971,0.7968130950000001,0.021263333500000002,0.058828263000000006,458.0,1297.0
0.8375588128553093,0.7451217035,0.0362070365,0.1084720085,458.0,1297.0
0.8323841097718736,0.533927814,0.0428234205,0.143532422,458.0,1297.0
0.8133334438241195,0.2467879595,0.04417644,0.1536369835,458.0,1297.0
0.7837192641617199,0.106337599,0.054512803,0.138495376,458.0,1297.0
0.7336221812367907,0.003797987,0.061340987,0.1207906435,458.0,1297.0
0.6420493196735304,0.0,0.0501486585,0.086863173,458.0,1297.0
0.6004534916359419,0.0,0.038934803500000004,0.0962358195,458.0,1297.0
0.6115885848926345,0.0,0.0423932155,0.1357149365,458.0,1297.0
0.6908379312364005,0.06844555100000001,0.0390869095,0.159759015,458.0,1297.0
0.7968461704156928,0.2654326865,0.0266986165,0.167362912,458.0,1297.0
0.823338420648611,0.469760479,0.039796342,0.2050373735,458.0,1297.0
0.8351890784517291,0.616677649,0.054532449499999996,0.245524623,458.0,1297.0
0.8377682124483432,0.588560819,0.11464870199999999,0.3093197935,458.0,1297.0
0.8325619336566326,0.481806518,0.166602316,0.325473811,458.0,1297.0
0.8250227588981314,0.3610845925,0.190915436,0.350234892,458.0,1297.0
0.8157335081805287,0.2210212,0.190079798,0.355069414,458.0,1297.0
0.7882093091324309,0.1012394935,0.1738202255,0.3291493775,458.0,1297.0
0.731804244249368,0.0032863975,0.16647255249999998,0.34035067750000003,458.0,1297.0
0.653628948814023,0.0,0.115261364,0.348578393,458.0,1297.0
0.6129902381324006,0.0,0.1262793545,0.359491516,458.0,1297.0
0.5999208287781982,0.0,0.1328818735,0.4040573825,458.0,1297.0
0.6404621796782541,0.0038939775,0.147860831,0.4711164215,458.0,1297.0
0.7230899201094945,0.056694367,0.172464664,0.519759142,458.0,1297.0
0.7967109103391229,0.1365297935,0.182492435,0.490345583,458.0,1297.0
0.8156160671459467,0.2955245965,0.180736599,0.429920309,458.0,1297.0
0.8170826961264399,0.461148167,0.139465552,0.360723734,458.0,1297.0
0.8219143084166436,0.576546607,0.184072972,0.3909540045,458.0,1297.0
0.8195420811765467,0.5862421689999999,0.231641202,0.4222627405,458.0,1297.0
0.8182580307638097,0.4707198795,0.2559088155,0.4763006835,458.0,1297.0
0.8113592886397705,0.322771222,0.255725251,0.499792682,458.0,1297.0
0.7857684821598656,0.145056329,0.2229875515,0.50646764,458.0,1297.0
0.7297695908855268,0.0034054805,0.208730228,0.503510257,458.0,1297.0
0.6366031265439276,0.0,0.19093206,0.480406475,458.0,1297.0
0.5910992423437333,0.0,0.1792816155,0.45933436000000005,458.0,1297.0
0.5687223708451441,0.0,0.1561985235,0.43510332100000004,458.0,1297.0
0.5804128858080009,0.0075122565,0.148731646,0.4245764355,458.0,1297.0
0.6109714881508557,0.1566092875,0.133047218,0.422235546,458.0,1297.0
0.6550444743145161,0.335942274,0.11926278,0.41193009,458.0,1297.0
0.6881016548507308,0.5566509525,0.13960191,0.41814207150000005,458.0,1297.0
0.6971170143525709,0.77845301,0.14423965300000002,0.42205023500000005,458.0,1297.0
0.7065333082644518,0.822790099,0.18882834450000002,0.4286356395,458.0,1297.0
0.7083705645691767,0.7075128205000001,0.22444988700000001,0.4320965245,458.0,1297.0
0.7033416012853014,0.4434317205,0.229474452,0.467030574,458.0,1297.0
0.6771760998805159,0.1646446085,0.1977183225,0.5121774915,458.0,1297.0
0.6612686224655997,0.003725976,0.2004428045,0.503651992,458.0,1297.0
0.6209158744661217,0.0,0.17439322299999999,0.4671414915,458.0,1297.0
0.5767526146787897,0.0,0.16397661,0.430337034,458.0,1297.0
0.5686817465578847,0.0,0.1435045435,0.353524039,458.0,1297.0
0.5804956115919707,0.006863497,0.1212134305,0.26557163100000003,458.0,1297.0
0.5953090491751837,0.109165622,0.099123879,0.228894178,458.0,1297.0
0.626141542336114,0.205000541,0.07825954,0.224257971,458.0,1297.0
0.6542854003589399,0.291187686,0.070902975,0.221771642,458.0,1297.0
0.6849773701182547,0.438529814,0.072884004,0.208284487,458.0,1297.0
0.6906312784363606,0.6179419935,0.077533727,0.176537748,458.0,1297.0
0.6957053437675741,0.736514474,0.103026867,0.1688977225,458.0,1297.0
0.7030380502197988,0.6592908555,0.124558473,0.1811974235,458.0,1297.0
0.7055553478191792,0.498908107,0.1338010575,0.21708401249999998,458.0,1297.0
0.6996965178669615,0.326008506,0.140626,0.236483397,458.0,1297.0
0.6772949951249668,0.150733809,0.136883553,0.2542783055,458.0,1297.0
0.6653904178844058,0.007819605,0.153843331,0.295243379,458.0,1297.0
0.6537999170669546,0.0,0.1664278655,0.3402545655,458.0,1297.0
0.6129174375627717,0.0,0.147593869,0.335293216,458.0,1297.0
0.6000343459648196,0.0,0.12738093150000002,0.36486902200000004,458.0,1297.0
0.6411478991189425,0.006653479,0.120310782,0.433844133,458.0,1297.0
0.7230057171160736,0.114454068,0.111733918,0.482823898,458.0,1297.0
0.7833111746944602,0.207514988,0.10646356,0.476955541,458.0,1297.0
0.8127322049294419,0.330121525,0.118498617,0.477198413,458.0,1297.0
0.8179667360892803,0.510433836,0.148881021,0.5166696155,458.0,1297.0
0.8217812177242585,0.5051631480000001,0.1867830415,0.530248032,458.0,1297.0
0.8172856329695517,0.4256012425,0.23966768500000002,0.6329369695,458.0,1297.0
0.8108730433457906,0.2948347565,0.2643005175,0.6864280435000001,458.0,1297.0
0.8013854729345511,0.171464443,0.25770584,0.733000508,458.0,1297.0
0.777436995338346,0.0679242375,0.2297251415,0.7459964035,458.0,1297.0
0.7276160886740854,0.0017893325,0.1750533805,0.7152954685,458.0,1297.0
0.6509854158558195,0.0,0.127207058,0.642161712,458.0,1297.0
0.6125541041217646,0.0,0.118076529,0.5961534934999999,458.0,1297.0
0.5997909003294664,0.0,0.11712037450000001,0.5812974015000001,458.0,1297.0
0.6411731508038798,0.002688764,0.11276773949999999,0.5289064145,458.0,1297.0
0.7240662874857515,0.04349721,0.110204323,0.473652534,458.0,1297.0
0.783709477077432,0.095619035,0.109206659,0.479494908,458.0,1297.0
0.8100116702330434,0.170679966,0.111049052,0.497106112,458.0,1297.0
0.8163153588254402,0.26619948699999996,0.1201600975,0.5343085365,458.0,1297.0
0.8160890170908996,0.33530891549999997,0.1272468165,0.564354375,458.0,1297.0
0.8119295056057287,0.359750717,0.154687469,0.586609326,458.0,1297.0
0.8057311630517007,0.3318479815,0.1820376725,0.598387555,458.0,1297.0
0.7994027306873215,0.243278795,0.172214749,0.564771298,458.0,1297.0
0.775766321624223,0.0947655885,0.139197876,0.5079212425,458.0,1297.0
0.72721863999317,0.0024773035,0.121493921,0.4785747355,458.0,1297.0
0.6359224620732835,0.0,0.10148565100000001,0.384958234,458.0,1297.0
0.600099367903554,0.0,0.0953989755,0.377449805,458.0,1297.0
0.6152052772494032,0.0,0.0896629705,0.38672216800000003,458.0,1297.0
0.6954217585926312,0.031242361000000003,0.0952739665,0.3988012875,458.0,1297.0
0.7838695740510923,0.11949474,0.085878909,0.421729199,458.0,1297.0
0.8097871286963173,0.193673865,0.090061485,0.42492759,458.0,1297.0
0.815493455845146,0.3188181245,0.105751418,0.4163331545,458.0,1297.0
0.8156700790456851,0.393051645,0.069960259,0.295222506,458.0,1297.0
0.8158514572606277,0.4031354235,0.080662402,0.311183577,458.0,1297.0
0.8091198286397268,0.3714013615,0.09968046,0.425743187,458.0,1297.0
0.8031846669198409,0.281140463,0.115864934,0.499010551,458.0,1297.0
0.795597804483783,0.18142916,0.101067403,0.525166753,458.0,1297.0
0.775703308072601,0.0838562525,0.08211041150000001,0.525100379,458.0,1297.0
0.741201887952818,0.004375054,0.08110623,0.49627187,458.0,1297.0
0.6817937192231667,0.0,0.0816129985,0.42772340649999996,458.0,1297.0
0.6123579765467697,0.0,0.08186518949999999,0.37461031349999996,458.0,1297.0
0.5999220290315899,0.0,0.090117871,0.3582378345,458.0,1297.0
0.6406444580583851,0.00244137,0.1087287395,0.3845450885,458.0,1297.0
0.7228220306577995,0.063171198,0.129612831,0.415412481,458.0,1297.0
0.7826665408251507,0.131194584,0.140373775,0.395909921,458.0,1297.0
0.8126613430190868,0.256802304,0.1525431665,0.326428071,458.0,1297.0
0.8156873443081173,0.436406897,0.1452701435,0.26672081400000003,458.0,1297.0
0.8162806897728352,0.54003707,0.142851701,0.23444668200000002,458.0,1297.0
0.8144988071154223,0.508907699,0.170554303,0.270006212,458.0,1297.0
0.8127957722606198,0.43671975949999997,0.170216652,0.349615013,458.0,1297.0
0.8058926907053987,0.28692603,0.14550851650000002,0.3713800035,458.0,1297.0
0.7778338206444291,0.10917874899999999,0.1230157785,0.345963047,458.0,1297.0
0.727897434538161,0.0025966045,0.13130526850000002,0.300677154,458.0,1297.0
0.6510087286163583,0.0,0.101371903,0.246391679,458.0,1297.0
0.612615663761783,0.0,0.108348787,0.253249024,458.0,1297.0
0.599833832793776,0.0,0.1047508865,0.28740465299999995,458.0,1297.0
0.6413004940863617,0.004721281,0.101468084,0.3215341665,458.0,1297.0
0.7230057171160736,0.107038845,0.090416086,0.305866679,458.0,1297.0
0.7828761253427761,0.200461627,0.070726322,0.260913898,458.0,1297.0
0.8098984764987539,0.303770274,0.062670945,0.208479712,458.0,1297.0
0.8152112095507572,0.452901132,0.059007725,0.169246647,458.0,1297.0
0.8178643445360949,0.64668167,0.060230733499999994,0.167875003,458.0,1297.0
0.8259624263653391,0.7990080340000001,0.073401826,0.2062047575,458.0,1297.0
0.8255646774305172,0.735532523,0.0958517045,0.2573919145,458.0,1297.0
0.819895558567661,0.5218891274999999,0.1045600015,0.3134717735,458.0,1297.0
0.8086551887021731,0.331442984,0.101912473,0.346252024,458.0,1297.0
0.7824453232913844,0.141721229,0.109194775,0.367464209,458.0,1297.0
0.7290090165883555,0.002648633,0.1298100915,0.336368621,458.0,1297.0
0.6355204893680008,0.0,0.141070647,0.294434438,458.0,1297.0
0.5909858636517118,0.0,0.1112627355,0.23728929250000003,458.0,1297.0
0.5688619014204319,0.0,0.08886401199999999,0.20856614,458.0,1297.0
0.5802491653065678,0.0047134415,0.069985167,0.1970163855,458.0,1297.0
0.6106531415272936,0.1621939975,0.050344934,0.1814484005,458.0,1297.0
0.655132232035808,0.322870349,0.041847876,0.161305756,458.0,1297.0
0.6858387435624079,0.454140642,0.041457132,0.157087252,458.0,1297.0
0.692064922901342,0.6167585215,0.0444859065,0.154114024,458.0,1297.0
0.6999351855877515,0.7049358004999999,0.046921012,0.138783554,458.0,1297.0
0.7053514416132898,0.6485637975,0.060453535,0.1757627125,458.0,1297.0
0.7055470381431858,0.48057706899999997,0.0688191325,0.22094793000000001,458.0,1297.0
0.6908437939093375,0.2608149515,0.07213498900000001,0.227482459,458.0,1297.0
0.6671716079031162,0.052254912,0.090133117,0.1831004245,458.0,1297.0
0.6443258491998218,0.0,0.10828819949999999,0.163664871,458.0,1297.0
0.5906064189705164,0.0,0.0926805445,0.17620277350000002,458.0,1297.0
0.568824600904148,0.0,0.0705435855,0.175701994,458.0,1297.0
0.5804615657153546,0.0042858545,0.05758063,0.167351034,458.0,1297.0
0.6106706838120661,0.17278336,0.032081231,0.126888917,458.0,1297.0
0.6556360193162948,0.371088006,0.015005817,0.08807694,458.0,1297.0
0.6866395962914559,0.520871835,0.015610541,0.075479837,458.0,1297.0
0.6971431897988092,0.6931788595,0.016260444,0.053466649000000005,458.0,1297.0
0.7087319128546375,0.7708361939999999,0.020375342499999997,0.0289648825,458.0,1297.0
0.7128740202182297,0.693349656,0.027240532499999998,0.0422857415,458.0,1297.0
0.712980797268042,0.578007138,0.033162994,0.067262052,458.0,1297.0
0.7073496717921566,0.384630067,0.037632355000000006,0.108253512,458.0,1297.0
0.6831152547122323,0.14037811449999998,0.054017029,0.184007619,458.0,1297.0
0.6658449479481517,0.004787416,0.080292967,0.238420818,458.0,1297.0
0.6541845089816465,0.0,0.087760184,0.260582942,458.0,1297.0
0.6131936134588939,0.0,0.07680674700000001,0.25604485,458.0,1297.0
0.5999631149675158,0.0,0.0612481735,0.235531508,458.0,1297.0
0.6411731508038798,0.004144964,0.0518143805,0.197936807,458.0,1297.0
0.7230899201094945,0.114732672,0.044309128,0.190105329,458.0,1297.0
0.7826831601771375,0.216195632,0.023528093,0.174206025,458.0,1297.0
0.8114185632680233,0.358244913,0.013818464,0.14162843,458.0,1297.0
0.8257737999680703,0.515305785,0.012378904,0.100907986,458.0,1297.0
0.8355793946110395,0.7031885165,0.0120432995,0.058372479000000005,458.0,1297.0
0.8450220478995321,0.7951782115,0.0150637735,0.060389352,458.0,1297.0
0.8412724724762861,0.7448400395,0.020166964,0.107684003,458.0,1297.0
0.8361172050336857,0.614985258,0.024343481,0.156709364,458.0,1297.0
0.8279014972452681,0.411810086,0.030341047000000003,0.1999648785,458.0,1297.0
0.7926643619296114,0.140368763,0.047676659499999996,0.23436234350000001,458.0,1297.0
0.7475853476451578,0.004193913,0.072008625,0.248445961,458.0,1297.0
0.6890871169045577,0.0,0.058965857999999996,0.2542225165,458.0,1297.0
0.6154285492357267,0.0,0.039374267000000004,0.229042238,458.0,1297.0
0.6007021999666691,0.0,0.040978995000000004,0.195172399,458.0,1297.0
0.639633328868962,0.002557965,0.047409752,0.1640423765,458.0,1297.0
0.7223153810230191,0.110531526,0.049829179,0.1692232,458.0,1297.0
0.7829349379909567,0.21437486,0.035420759,0.176255857,458.0,1297.0
0.8108741976331594,0.350502051,0.028957844,0.200874592,458.0,1297.0
0.8196483041153969,0.503557092,0.036874826,0.235475965,458.0,1297.0
0.8296453868471163,0.6817898205,0.052905970999999996,0.227051377,458.0,1297.0
0.8397076528460489,0.7517626805,0.0873919355,0.243037483,458.0,1297.0
0.8354651847857155,0.6654541375,0.14544127750000002,0.3004531915,458.0,1297.0
0.8226890324277102,0.47401927499999996,0.191334123,0.370031689,458.0,1297.0
0.8121793450253993,0.308359615,0.190179709,0.444423793,458.0,1297.0
0.784500542722192,0.1293312925,0.184697071,0.45890395100000003,458.0,1297.0
0.7296650988806206,0.001907386,0.219653274,0.3539637545,458.0,1297.0
0.6522717283801619,0.0,0.197996774,0.310107803,458.0,1297.0
0.6130508975740899,0.0,0.204932108,0.32423568199999997,458.0,1297.0
0.5999643152209074,0.0,0.229247743,0.3715540555,458.0,1297.0
0.6405540228742506,0.001768966,0.2331384345,0.392686858,458.0,1297.0
0.7230899201094945,0.088023205,0.191326457,0.397788206,458.0,1297.0
0.7830722302495954,0.18218062,0.175090706,0.372648277,458.0,1297.0
0.8099525805293818,0.318186473,0.165318118,0.34386255,458.0,1297.0
0.8165296522920241,0.465440039,0.162945555,0.324322399,458.0,1297.0
0.8216842734927727,0.6405557525000001,0.1436259425,0.25356943099999996,458.0,1297.0
0.827475126755948,0.6939242385,0.153174548,0.2050860335,458.0,1297.0
0.8254827826804281,0.607642027,0.176798008,0.2088148815,458.0,1297.0
0.8204835027761239,0.4779919165,0.1821985385,0.218889785,458.0,1297.0
0.8028494705507869,0.24621478200000002,0.1648077315,0.2265861005,458.0,1297.0
0.7788665088265684,0.100395526,0.168499648,0.237474903,458.0,1297.0
0.7303585740520433,0.001696759,0.19973645950000002,0.249987375,458.0,1297.0
0.6383050070782206,0.0,0.202653309,0.2379782895,458.0,1297.0
0.6000097867197411,0.0,0.1696911755,0.2285416045,458.0,1297.0
0.6113004063963136,0.0,0.1440713965,0.23395000500000002,458.0,1297.0
0.6912551611152685,0.059367151,0.1134107555,0.251071649,458.0,1297.0
0.7828141736162272,0.21954007,0.081836651,0.246308601,458.0,1297.0
0.8101470231033152,0.359092228,0.071512283,0.23238938,458.0,1297.0
0.8169375568346923,0.501085914,0.069905412,0.216946165,458.0,1297.0
0.8252125849854017,0.674642052,0.077051993,0.192681771,458.0,1297.0
0.8307846210890316,0.7592819715,0.0747155855,0.189383645,458.0,1297.0
0.8264023689277611,0.671320593,0.06803218750000001,0.2359380075,458.0,1297.0
0.8243391168764411,0.492344566,0.0667870345,0.2814449325,458.0,1297.0
0.8140142702197732,0.322440954,0.07236739,0.297236881,458.0,1297.0
0.787614394459935,0.14965933850000002,0.09517803250000001,0.30449257900000004,458.0,1297.0
0.7297553033067031,0.0015616035,0.131625299,0.288118868,458.0,1297.0
0.6374708243428249,0.0,0.113079108,0.2698512945,458.0,1297.0
0.5996589406266027,0.0,0.092356403,0.196288487,458.0,1297.0
0.6119600663166096,0.0,0.07742518600000001,0.149991147,458.0,1297.0
0.6917194783295835,0.054575200000000004,0.06173819,0.125379177,458.0,1297.0
0.7828141736162272,0.199400225,0.028205547,0.104708464,458.0,1297.0
0.8147238099694085,0.43139901,0.0197890665,0.100597247,458.0,1297.0
0.8274756344700591,0.673990713,0.017638875499999998,0.091102284,458.0,1297.0
0.8330819243744785,0.7584990330000001,0.0159691415,0.10326031150000001,458.0,1297.0
0.8281736800627001,0.6428069755,0.0204062765,0.135288608,458.0,1297.0
0.8198767698314895,0.4295949595,0.0291677095,0.1868834925,458.0,1297.0
0.8119887805653877,0.268432037,0.038943116,0.201269065,458.0,1297.0
0.7838491693788856,0.111688605,0.072919596,0.24672134950000002,458.0,1297.0
0.7305161082625046,0.001117498,0.123086716,0.2694292025,458.0,1297.0
0.6376484171049851,0.0,0.13355552,0.28165125,458.0,1297.0
0.5919207992366604,0.0,0.1350802955,0.29626962300000004,458.0,1297.0
0.5688853757745742,0.0,0.1125857475,0.2915775775,458.0,1297.0
0.5789391244716057,0.0020434325,0.0946638915,0.24541328550000002,458.0,1297.0
0.6109130907544905,0.111399136,0.0662140535,0.206424958,458.0,1297.0
0.6715117587002388,0.2830319755,0.038810292999999996,0.171209367,458.0,1297.0
0.698967266083822,0.4945770895,0.0369238135,0.1685918025,458.0,1297.0
0.7099121867681901,0.6159595520000001,0.032802291,0.1755565825,458.0,1297.0
0.7122384118620415,0.5317427425,0.031800831,0.160536871,458.0,1297.0
0.7092293298474981,0.3485495735,0.0400859705,0.1648668205,458.0,1297.0
0.6996965178669615,0.221989407,0.046801128,0.200145309,458.0,1297.0
0.6751034995265548,0.0908010055,0.0634493015,0.2219958215,458.0,1297.0
0.6601255335070317,0.001146016,0.0866395185,0.1818995815,458.0,1297.0
0.6222251997622213,0.0,0.0953236475,0.14297789700000002,458.0,1297.0
0.5716671775236121,0.0,0.08195769933333334,0.08070180466666667,458.0,1297.0
0.5793310334016663,0.0012609645,0.08197758399999999,0.066543734,458.0,1297.0
0.6108426445599193,0.096093861,0.063753375,0.0878133365,458.0,1297.0
0.6562178236969178,0.229861137,0.042909173,0.092669484,458.0,1297.0
0.6924396821965509,0.397951025,0.047497778500000004,0.0950378345,458.0,1297.0
0.7071389329871625,0.5680003874999999,0.0453072225,0.10035034300000001,458.0,1297.0
0.7139209263839162,0.5757426835,0.058810121,0.11670070099999999,458.0,1297.0
0.7127992808567649,0.49587903749999995,0.061581170000000005,0.1146922175,458.0,1297.0
0.7059351617198857,0.302695657,0.0626772445,0.108617638,458.0,1297.0
0.6818553018296263,0.112592724,0.055768259,0.0812712965,458.0,1297.0
0.6669762423632564,0.002224289,0.061383912,0.080060211,458.0,1297.0
0.6613732763292344,0.0,0.06541662549999999,0.10778536150000001,458.0,1297.0
0.621555014484318,0.0,0.056173139,0.110051818,458.0,1297.0
0.601502336792308,0.0,0.0497849095,0.091067678,458.0,1297.0
0.6393266155266657,0.001610073,0.0522572615,0.0836514775,458.0,1297.0
0.7222476581910323,0.090885623,0.042146315,0.078376288,458.0,1297.0
0.7970921323842538,0.2483843405,0.022908413500000002,0.069934737,458.0,1297.0
0.8268285080956389,0.5000907415,0.023350593,0.0619916165,458.0,1297.0
0.8332764590793014,0.651181799,0.025584357,0.065202118,458.0,1297.0
0.8417043824181956,0.7143559820000001,0.0291841945,0.072695911,458.0,1297.0
0.8409138248189527,0.5910511380000001,0.037687731,0.06136902650000001,458.0,1297.0
0.834720006620698,0.379715931,0.048395507000000004,0.066900758,458.0,1297.0
0.826422404082191,0.255990793,0.047470052,0.072050407,458.0,1297.0
0.8009967259830189,0.124313414,0.042796906,0.06371147099999999,458.0,1297.0
0.7424602709648338,0.0010589995,0.0463482775,0.0613465035,458.0,1297.0
0.6618940518166725,0.0,0.034670648,0.084468728,458.0,1297.0
0.6165208116040723,0.0,0.033316753000000005,0.09403743,458.0,1297.0
0.6008863710731913,0.0,0.0314016355,0.113411221,458.0,1297.0
0.6394362087327642,0.0015020995,0.0315954935,0.1256739335,458.0,1297.0
0.7221288325418577,0.111605518,0.03020878,0.125240277,458.0,1297.0
0.7845073749898908,0.223297747,0.01854033,0.120835453,458.0,1297.0
0.8244647751247207,0.388161995,0.008836071,0.109027658,458.0,1297.0
0.8401278369781158,0.622338091,0.011258542,0.098160546,458.0,1297.0
0.8519091566760244,0.8031462604999999,0.01692217,0.058086385500000004,458.0,1297.0
0.8517305480216735,0.7892099804999999,0.021084538,0.0479866095,458.0,1297.0
0.841434831296427,0.65316142,0.022155072499999998,0.04075287,458.0,1297.0
0.8319678955532122,0.4028741875,0.028559968999999998,0.0459449035,458.0,1297.0
0.8064548753822507,0.134575902,0.0546842025,0.047552297,458.0,1297.0
0.7492407412192543,0.0007732525,0.089018336,0.0420308955,458.0,1297.0
0.6810110093861259,0.0,0.082192594,0.043285528,458.0,1297.0
0.6345026202074716,0.0,0.06979799,0.051763583,458.0,1297.0
0.610213129734142,0.0,0.052682285499999995,0.059087729500000005,458.0,1297.0
0.6417324502594192,0.0012776005,0.0355533455,0.0750875205,458.0,1297.0
0.7229506433912621,0.101999583,0.028183431,0.087711805,458.0,1297.0
0.7928824407164154,0.200691791,0.018985651,0.085948128,458.0,1297.0
0.8272677580193585,0.336439243,0.010951251,0.081456791,458.0,1297.0
0.8351745363530378,0.483454878,0.0109401,0.092899498,458.0,1297.0
0.8491197919199334,0.662251903,0.023617753999999998,0.134811713,458.0,1297.0
0.8578339314666216,0.787404902,0.042372783,0.13904764549999998,458.0,1297.0
0.8483173235862563,0.6991871510000001,0.053469802,0.20238569,458.0,1297.0
0.8369074395120029,0.5092203875,0.07431341550000001,0.271992123,458.0,1297.0
0.8285342203801435,0.299756551,0.08577849,0.289333114,458.0,1297.0
0.804703230215371,0.12287192599999999,0.10096124549999999,0.29842765800000004,458.0,1297.0
0.7490697959990451,0.000697994,0.121640004,0.2750943655,458.0,1297.0
0.6838563711643612,0.0,0.097081049,0.268204549,458.0,1297.0
0.6364279112558285,0.0,0.0878751275,0.248221979,458.0,1297.0
0.6103833362502038,0.0,0.072061948,0.2393366075,458.0,1297.0
0.6417830228931639,0.001174724,0.062660434,0.2272927335,458.0,1297.0
0.7230105178645158,0.1080488,0.054008982,0.23702259,458.0,1297.0
0.7933075187220323,0.220892615,0.034821359,0.256666282,458.0,1297.0
0.8294081044037315,0.371297999,0.022289694,0.261380924,458.0,1297.0
0.8428181802494258,0.533741294,0.029701331,0.248616637,458.0,1297.0
0.8535518550775008,0.670602208,0.048637498,0.223908007,458.0,1297.0
0.8613952503417814,0.7913353935,0.054926996,0.186383705,458.0,1297.0
0.8552368395688729,0.8037726265,0.081075373,0.1820777605,458.0,1297.0
0.8412333254647588,0.664903527,0.104362077,0.22338929800000001,458.0,1297.0
0.832544483469609,0.3879511315,0.1357732665,0.3115695845,458.0,1297.0
0.8132211730557565,0.174038579,0.14690043,0.408862364,458.0,1297.0
0.8026649529260698,0.087593709,0.176542276,0.473177419,458.0,1297.0
0.7688232622224376,0.001288847,0.20369,0.501364729,458.0,1297.0
0.7172042227351483,0.0,0.21243742799999998,0.4975677755,458.0,1297.0
0.646775308903025,0.0,0.1733205315,0.5839685065,458.0,1297.0
0.6218301978192373,0.0,0.14492855500000001,0.5892535475,458.0,1297.0
0.6436091537301558,0.001023001,0.136285824,0.5530353145,458.0,1297.0
0.7272070991079187,0.107641704,0.128442965,0.554010497,458.0,1297.0
0.8000176347802088,0.22223174,0.095811606,0.566883275,458.0,1297.0
0.8360193368420553,0.37269159,0.066731036,0.538164494,458.0,1297.0
0.8526230358568417,0.533069954,0.066543862,0.512459508,458.0,1297.0
0.8575204779875161,0.683741298,0.084034922,0.495064366,458.0,1297.0
0.8608163081166084,0.789084217,0.09850425,0.5235484025,458.0,1297.0
0.8551960769527165,0.7657012585,0.097317287,0.559242184,458.0,1297.0
0.8414138728446645,0.6176043474999999,0.1067956685,0.5846414355,458.0,1297.0
0.8352166381811543,0.447168001,0.11943258,0.629971885,458.0,1297.0
0.8295054178215877,0.303641168,0.139630393,0.683867053,458.0,1297.0
0.8135915929197834,0.165659404,0.158852207,0.711345008,458.0,1297.0
0.8015053146747602,0.079236527,0.198208853,0.750027793,458.0,1297.0
0.7557236386424087,0.0006179575,0.2315089975,0.7928696070000001,458.0,1297.0
0.65790645501391,0.0,0.2083263735,0.8407619565,458.0,1297.0
0.6096902767282837,0.0,0.177291882,0.719220643,458.0,1297.0
0.5921154034041971,0.0,0.1453092825,0.5366299595,458.0,1297.0
0.585913298529531,0.000863294,0.1347416105,0.4632089525,458.0,1297.0
0.6210256754306904,0.15251197,0.117612367,0.48683310150000003,458.0,1297.0
0.6665732306999199,0.285750132,0.098065161,0.555893039,458.0,1297.0
0.6995224799652349,0.426163075,0.103577698,0.586009621,458.0,1297.0
0.7060440624198442,0.52228775,0.121506235,0.595792997,458.0,1297.0
0.7107359824085941,0.625172713,0.09802327,0.41440294,458.0,1297.0
0.7172490480584115,0.633617944,0.1572279585,0.5476696825,458.0,1297.0
0.7171735931912249,0.520250646,0.197084073,0.6759729400000001,458.0,1297.0
0.7111208979744617,0.3582010355,0.208203427,0.6358375185,458.0,1297.0
0.7049180313960662,0.21975752,0.184047632,0.632650253,458.0,1297.0
0.6764100318647936,0.0810276975,0.15610800200000002,0.5841024145,458.0,1297.0
0.6607664048899999,0.00050232,0.135590545,0.604136106,458.0,1297.0
0.6212311281430415,0.0,0.09677525000000001,0.5105660045,458.0,1297.0
0.5774025109452076,0.0,0.10669973,0.46818746,458.0,1297.0
0.5694672955507935,0.0,0.098940208,0.49368358850000005,458.0,1297.0
0.5794217686740042,0.000642425,0.104676569,0.507541247,458.0,1297.0
0.6112968979327309,0.11548375550000001,0.0916043825,0.47287158100000004,458.0,1297.0
0.656520890047891,0.255183098,0.069129567,0.447012061,458.0,1297.0
0.6933892978114005,0.4386522115,0.0762176435,0.442704915,458.0,1297.0
0.7077669014390404,0.62324055,0.09274666649999999,0.4821289445,458.0,1297.0
0.7142899152364994,0.7114423910000001,0.11771200500000001,0.529932852,458.0,1297.0
0.714975311390559,0.562860153,0.1201405515,0.5002824815,458.0,1297.0
0.7096016881056737,0.2839255905,0.09774861,0.444652076,458.0,1297.0
0.6896803700064017,0.0879570375,0.07587473,0.43029664450000005,458.0,1297.0
0.6692008600107022,0.0,0.10775741550000001,0.4572463845,458.0,1297.0
0.6606554498700468,0.0,0.096239453,0.43116522349999997,458.0,1297.0
0.6146071692805044,0.0,0.10599535866666666,0.46805240266666664,458.0,1297.0
0.6415139331549367,0.000532336,0.093611377,0.47051272450000003,458.0,1297.0
0.7230105178645158,0.081281596,0.077424919,0.447103209,458.0,1297.0
0.7883238420786806,0.17908439,0.05205919,0.4172316,458.0,1297.0
0.8235932918067598,0.33080923,0.032821508,0.379327447,458.0,1297.0
0.8376112088190126,0.539348738,0.0321570855,0.321895379,458.0,1297.0
0.852577518557688,0.712015801,0.035641176499999996,0.20266248850000002,458.0,1297.0
0.8537168449304929,0.730272824,0.0403236405,0.185043104,458.0,1297.0
0.8420266072219607,0.5864362065,0.0366020205,0.16071731849999998,458.0,1297.0
0.8315329389952297,0.36297488,0.0273587405,0.135254956,458.0,1297.0
0.8113060151127732,0.153656068,0.040945776,0.157567282,458.0,1297.0
0.7957870771229035,0.06049992,0.076023268,0.20222104,458.0,1297.0
0.7454576049653272,0.0,0.129532215,0.30272587,458.0,1297.0
0.675875638238809,0.0,0.153302824,0.411284298,458.0,1297.0
0.6274554609535916,0.0,0.14496734249999998,0.36578894,458.0,1297.0
0.6090918302612172,0.0,0.1288200035,0.2433117065,458.0,1297.0
0.6418630019504208,0.0005216045,0.1141057755,0.207329514,458.0,1297.0
0.7230945823301961,0.092175852,0.097237668,0.234207095,458.0,1297.0
0.7928824407164154,0.197371449,0.069893842,0.255676047,458.0,1297.0
0.826821444837904,0.331061159,0.045564478,0.268272982,458.0,1297.0
0.8371636495507059,0.449272614,0.047178356,0.299100196,458.0,1297.0
0.8498252692938677,0.612155593,0.05146419,0.3040258415,458.0,1297.0
0.855326351687659,0.7081821555000001,0.0701017135,0.2280123375,458.0,1297.0
0.8475559873865123,0.6195289095000001,0.0798738285,0.2809699,458.0,1297.0
0.8365953249134515,0.47547283250000005,0.08300482449999999,0.3035718185,458.0,1297.0
0.8261035032813857,0.290654693,0.090123044,0.274129577,458.0,1297.0
0.8020929354308911,0.11879114400000002,0.14346172000000001,0.2463924965,458.0,1297.0
0.7457287024278546,0.0,0.19081400050000002,0.21712422199999998,458.0,1297.0
0.6769727242557568,0.0,0.151360635,0.181090656,458.0,1297.0
0.6286781365183391,0.0,0.152669404,0.142054566,408.5,1157.5
0.6084901984514938,0.0,0.129309339,0.1105135255,359.0,1018.0
0.6404946560488268,0.0,0.110255732,0.089497633,359.0,1018.0
0.72233356991419,0.078968115,0.090480203,0.090144714,359.0,1018.0
0.7848563747534889,0.172392801,0.06681307,0.093444879,359.0,1018.0
0.8208361953976464,0.277674664,0.05224789,0.08852783,359.0,1018.0
0.8315163196432431,0.428760387,0.047109803,0.083998267,359.0,1018.0
0.8379867528838136,0.6278684880000001,0.038770875999999996,0.06123094799999999,359.0,1018.0
0.8477815446828666,0.7614582565000001,0.0462757595,0.0660603085,359.0,1018.0
0.84712860146897,0.706967543,0.061221927,0.073108583,359.0,1018.0
0.8396505939988317,0.5963721805,0.081755429,0.0813460285,359.0,1018.0
0.8301843972911702,0.336498751,0.095462235,0.07640331950000001,359.0,1018.0
0.7980751474350244,0.09266925849999999,0.11589464399999999,0.0583098845,359.0,1018.0
0.7424389897235515,0.0,0.1425876355,0.04799711,359.0,1018.0
0.6527565653640144,0.0,0.127118711,0.0440138675,359.0,1018.0
0.6092190350270054,0.0,0.112371412,0.029864224666666665,359.0,1018.0
0.6397744290165746,0.0,0.0854653755,0.04762605,359.0,1018.0
0.7218525412832798,0.06151224,0.072817771,0.057765222,359.0,1018.0
0.7832129379792713,0.164050626,0.050861433,0.050943048,359.0,1018.0
0.8159987662679662,0.272231444,0.033613376,0.041763539,359.0,1018.0
0.8314892215624843,0.4725738245,0.030583708,0.0328568475,359.0,1018.0
0.8476684891449116,0.6720242295000001,0.026387038,0.0281061575,359.0,1018.0
0.8519824189606007,0.73278394,0.0335979665,0.0433502995,359.0,1018.0
0.8441296061298087,0.617000431,0.0489003615,0.056026853,359.0,1018.0
0.8335394092548136,0.3830009545,0.07359418100000001,0.050355960500000005,359.0,1018.0
0.8045637692353597,0.11615361699999999,0.1027834835,0.047167776,359.0,1018.0
0.746788119504382,0.0,0.1399704045,0.036600547,359.0,1018.0
0.6786318570846286,0.0,0.123928976,0.031068616,359.0,1018.0
0.6285231410441365,0.0,0.09753574749999999,0.027029658499999998,359.0,1018.0
0.6083001875721945,0.0,0.077327438,0.0209186295,359.0,1018.0
0.6405495449484687,0.0,0.064989363,0.018792664,359.0,1018.0
0.7223617294886158,0.085657899,0.055990276,0.018560064,359.0,1018.0
0.7867816889671306,0.201466778,0.035350016,0.015672812,359.0,1018.0
0.8256308764573586,0.369002979,0.025837711,0.010238836,359.0,1018.0
0.8453207286213161,0.6023123695,0.0317514635,0.011461471,359.0,1018.0
0.8611368245220428,0.8216285004999999,0.036962727,0.01229038,359.0,1018.0
0.8584577914773538,0.8266387125,0.0432306425,0.021496652499999998,359.0,1018.0
0.84410273870768,0.6608134365,0.0443478625,0.0369224755,359.0,1018.0
0.8367755949064701,0.449535499,0.050450881,0.063771212,359.0,1018.0
0.8247278174311226,0.2438018975,0.0725925295,0.083390013,359.0,1018.0
0.8049434214099004,0.063414838,0.111351867,0.131926682,359.0,1018.0
0.7574034525361557,0.0,0.132163909,0.14200000200000001,359.0,1018.0
0.6576091131063988,0.0,0.095569893,0.0854989325,359.0,1018.0
0.5999907209943699,0.0,0.083105298,0.08259119849999999,359.0,1018.0
0.5835361546482865,0.0,0.0633078285,0.08716721899999999,359.0,1018.0
0.5932290396749645,0.033828516,0.046013322999999995,0.090880155,359.0,1018.0
0.6388420324330093,0.176276418,0.025041314,0.103104973,359.0,1018.0
0.6741738494708589,0.298059157,0.014900053,0.096943256,359.0,1018.0
0.7176329475332446,0.4992631575,0.020312356,0.099488782,359.0,1018.0
0.7291913181006306,0.710996536,0.0336561,0.133625861,359.0,1018.0
0.7299377894121637,0.7526176634999999,0.050277871,0.215039733,359.0,1018.0
0.7200295493589534,0.56338886,0.091264839,0.37125032300000005,359.0,1018.0
0.7114220715327624,0.3024558855,0.129223055,0.41272701450000004,359.0,1018.0
0.6866166063204369,0.0833811575,0.1482653695,0.429925222,359.0,1018.0
0.6667701199123628,0.0,0.161162381,0.48373070949999997,359.0,1018.0
0.6353335484357622,0.0,0.1548518365,0.5602092665,359.0,1018.0
0.5818290806824898,0.0,0.155361354,0.5620096164999999,359.0,1018.0
0.5749574368049124,0.0,0.16942055849999998,0.456374721,359.0,1018.0
0.5894612296265089,0.0292585445,0.15253224599999998,0.420845941,359.0,1018.0
0.6277147639057965,0.146678984,0.128629573,0.382223893,359.0,1018.0
0.6561194021234188,0.266870695,0.123568099,0.347236294,359.0,1018.0
0.6867538054539677,0.402732147,0.120905444,0.323595196,359.0,1018.0
0.6949471698446239,0.5763335414999999,0.106090287,0.3031946415,359.0,1018.0
0.7044808123287912,0.728206244,0.116946771,0.351497334,359.0,1018.0
0.7095303648780584,0.6849653445,0.153380349,0.421798725,359.0,1018.0
0.7098958680015159,0.5011620955,0.18232664399999998,0.4432536025,359.0,1018.0
0.7031531833424554,0.312538791,0.18441777,0.442383176,359.0,1018.0
0.6797791700125009,0.11181051750000001,0.16018830750000002,0.3929912035,359.0,1018.0
0.6610837357870745,0.0,0.158901253,0.321562756,359.0,1018.0
0.6402905651834709,0.0,0.133518221,0.2663223815,359.0,1018.0
0.59992447570324,0.0,0.1218895445,0.2719946935,359.0,1018.0
0.6103290935924135,0.0,0.10505442400000001,0.3054259425,359.0,1018.0
0.6911452445231194,0.038482296,0.089699117,0.31638151000000003,359.0,1018.0
0.7825219556443652,0.201167935,0.061290138,0.288326501,359.0,1018.0
0.8114581715968109,0.364245112,0.039769811,0.269123474,359.0,1018.0
0.8303054851182315,0.6176114395,0.034340796,0.222474701,359.0,1018.0
0.848493254479499,0.8536117765,0.029550896,0.1201053695,359.0,1018.0
0.8533451329141688,0.90340425,0.022177753,0.056776519,359.0,1018.0
0.8440590673403794,0.7512614255,0.018537183,0.038320204999999996,359.0,1018.0
0.8344474082200445,0.442721966,0.019589668499999997,0.044539140000000005,359.0,1018.0
0.8047636591309928,0.117806162,0.056894595,0.0594629755,359.0,1018.0
0.7419137359457848,0.0,0.1332510855,0.1025156665,359.0,1018.0
0.6677188358922738,0.0,0.149554601,0.138022256,359.0,1018.0
0.6241747268684498,0.0,0.1495566615,0.178391085,359.0,1018.0
0.606345651693929,0.0,0.133895294,0.18045534400000002,359.0,1018.0
0.6394229135494403,0.0,0.123726224,0.147190088,359.0,1018.0
0.7218525412832798,0.080474227,0.119912823,0.121657859,359.0,1018.0
0.7869163949327387,0.211164515,0.091593711,0.109600144,359.0,1018.0
0.8293549230076239,0.357906423,0.047098078,0.095359761,359.0,1018.0
0.8477249474843158,0.518909156,0.040033889,0.087820017,359.0,1018.0
0.8605159189964935,0.7225780964999999,0.0388088905,0.08149948400000001,359.0,1018.0
0.8637167436196549,0.8384024895,0.0512720105,0.0877086815,359.0,1018.0
0.8520993519496654,0.7250559400000001,0.0568246955,0.09776333,359.0,1018.0
0.8388360770657923,0.5054331035,0.06374398,0.118571966,359.0,1018.0
0.8311159857410149,0.281023046,0.06482478,0.183955537,359.0,1018.0
0.8188472671245697,0.138274871,0.080614613,0.263020587,359.0,1018.0
0.805680752210403,0.034652954,0.119188646,0.334095301,359.0,1018.0
0.7734186532315173,0.0,0.1801165295,0.3938489895,359.0,1018.0
0.7279497383709748,0.0,0.205859985,0.722620277,359.0,1018.0
0.65942511100372,0.0,0.2251263315,0.625620167,359.0,1018.0
0.6327518751394992,0.0,0.260734013,0.549643674,359.0,1018.0
0.651211226710964,0.0,0.278557783,0.573261048,359.0,1018.0
0.7273233397896871,0.070869255,0.251354951,0.61081798,359.0,1018.0
0.7927459802870319,0.183365708,0.209869097,0.60509751,359.0,1018.0
0.8203387323393411,0.229689054,0.168219933,0.579957982,359.0,1018.0
0.8299264327886916,0.354148645,0.159455101,0.567164633,359.0,1018.0
0.8353906303488423,0.5605327695,0.1437001175,0.5559294379999999,359.0,1018.0
0.8420177895004501,0.7133840885,0.180024315,0.5372787425000001,359.0,1018.0
0.8417742285689226,0.6271657715000001,0.22807156350000002,0.5873062535,359.0,1018.0
0.8275500967760427,0.427760916,0.199878523,0.6518729205,359.0,1018.0
0.8043393198295232,0.174114181,0.1229441855,0.5839307524999999,359.0,1018.0
0.7794332171963816,0.02637169,0.090937385,0.485020691,359.0,1018.0
0.7320577768583689,0.0,0.083876709,0.37942549550000004,359.0,1018.0
0.6540776625022608,0.0,0.060629402,0.284607077,359.0,1018.0
0.6160106536714125,0.0,0.0642616625,0.2288663515,359.0,1018.0
0.6011664247186884,0.0,0.0583334115,0.170511358,359.0,1018.0
0.638832453405457,0.0,0.058960842,0.11429947199999999,359.0,1018.0
0.7525463577698223,0.120992676,0.061347921,0.07869319699999999,359.0,1018.0
0.8111356704003769,0.293369649,0.049094776,0.069823875,359.0,1018.0
0.8209300005507637,0.434882564,0.060090863,0.079236084,359.0,1018.0
0.8255656467932947,0.5675735639999999,0.07281233200000001,0.10339141199999999,359.0,1018.0
0.8351959103880218,0.652362931,0.116527887,0.14131732600000002,359.0,1018.0
0.8311417456040316,0.539139869,0.2137952065,0.31265341950000003,359.0,1018.0
0.8193916791562845,0.33061408400000003,0.364484299,0.5485962775000001,359.0,1018.0
0.8117332167685364,0.170363639,0.440020847,0.691774075,359.0,1018.0
0.7879064275072054,0.078697071,0.472476369,0.742322781,359.0,1018.0
0.7736058946827873,0.010532772,0.501305829,0.790625037,359.0,1018.0
0.7276522348035789,0.0,0.5043796169999999,0.8046636309999999,359.0,1018.0
0.6521090466379388,0.0,0.407887234,0.81987555,359.0,1018.0
0.61301906751165,0.0,0.4542310815,0.8608469084999999,359.0,1018.0
0.5998856287467755,0.0,0.499920776,0.8600081135,359.0,1018.0
0.6388435327414639,0.0,0.457782515,0.8713431819999999,359.0,1018.0
0.7527591506296862,0.078916692,0.40041694650000004,0.8864298134999999,359.0,1018.0
0.8097452117927922,0.212994257,0.383468376,0.874817459,359.0,1018.0
0.8158251896834997,0.32172819,0.355767581,0.866705028,359.0,1018.0
0.8160418835243048,0.47498911899999996,0.306175064,0.878924798,359.0,1018.0
0.8158347921746023,0.5793187769999999,0.2698896885,0.8867365325000001,359.0,1018.0
0.8120589495056343,0.5257389295,0.2438590055,0.852798607,359.0,1018.0
0.8085447641970693,0.35774099400000003,0.204235039,0.7732433304999999,359.0,1018.0
0.800274583191653,0.198379101,0.158501435,0.68965437,359.0,1018.0
0.7761355872008812,0.068478026,0.105703998,0.608629414,359.0,1018.0
0.7267720036907899,0.0,0.1250353965,0.5429976025000001,359.0,1018.0
0.618903379708013,0.0,0.17873408400000002,0.518790702,359.0,1018.0
0.5717319840373489,0.0,0.213412115,0.6489296234999999,359.0,1018.0
0.5721475519810184,0.0,0.23079605,0.7540657055,359.0,1018.0
0.5903370753420929,0.0169706305,0.2400372565,0.770910678,359.0,1018.0
0.6264731380444145,0.122865595,0.221085098,0.742860709,359.0,1018.0
0.6541084077069053,0.273243796,0.246761085,0.734215789,359.0,1018.0
0.6875028391972937,0.45570418450000005,0.320850857,0.7274532575,359.0,1018.0
0.6903716983292529,0.6162390895000001,0.3051527505,0.736376746,359.0,1018.0
0.6894675771465377,0.6074595094999999,0.3912202935,0.7163148215,359.0,1018.0
0.68958871137045,0.4898542005,0.4027816755,0.6710572105,359.0,1018.0
0.685947459669181,0.308144081,0.3345232955,0.5992134665,359.0,1018.0
0.6682108973629179,0.0844581445,0.205937754,0.5136418005,359.0,1018.0
0.6573546804316313,0.0,0.13915861899999998,0.458205874,359.0,1018.0
0.6184761553509337,0.0,0.0983188995,0.450167851,359.0,1018.0
0.5725928495354069,0.0,0.0839034395,0.482685296,359.0,1018.0
0.5742343707162139,0.0,0.10226376749999999,0.541514771,359.0,1018.0
0.5909738379193686,0.021662574,0.117099749,0.590387608,359.0,1018.0
0.6404778292366355,0.2271435735,0.0947279915,0.6209019570000001,359.0,1018.0
0.6893565759948586,0.5063959,0.09688572549999999,0.6325451915,359.0,1018.0
0.7019001545270316,0.701708185,0.075374413,0.5399676805,359.0,1018.0
0.7106157257479757,0.7532281194999999,0.075261831,0.600348062,359.0,1018.0
0.7132570888580259,0.6227391855,0.069765228,0.5198118055,359.0,1018.0
0.7066867572321928,0.348538131,0.046809083,0.3713353355,359.0,1018.0
0.6771667976433196,0.07344541,0.03136361,0.2280301395,359.0,1018.0
0.6607675125816743,0.0,0.0553866375,0.116980928,359.0,1018.0
0.6403888482292295,0.0,0.0890008535,0.041140415,359.0,1018.0
0.6019306690730459,0.0,0.09966831033333334,0.06279632066666667,359.0,1018.0
0.6389721686402113,0.0,0.108451696,0.1122875255,359.0,1018.0
0.7226069984870682,0.040249654,0.115103141,0.13485426,359.0,1018.0
0.7962830163760634,0.1841794755,0.10303481,0.1334834135,359.0,1018.0
0.817448453438359,0.351499315,0.10870901,0.116766909,359.0,1018.0
0.8207787673640586,0.443847224,0.102148162,0.112403896,359.0,1018.0
0.8265806998638188,0.464151409,0.1444080965,0.165345777,359.0,1018.0
0.8167303730226941,0.3756411025,0.191456267,0.237104188,359.0,1018.0
0.808866527020762,0.216239629,0.2126737385,0.284896786,359.0,1018.0
0.7894120189060405,0.09019761899999999,0.1787117455,0.3113423285,359.0,1018.0
0.7698926042481811,0.011950815,0.163909461,0.281806158,359.0,1018.0
0.7272336894745663,0.0,0.17967791300000002,0.2719555695,359.0,1018.0
0.6519778024739377,0.0,0.201746623,0.394561879,359.0,1018.0
0.6134168392803507,0.0,0.2131074165,0.424898906,359.0,1018.0
0.6005081266785282,0.0,0.2232771915,0.4966940235,359.0,1018.0
0.6389885568364587,0.0,0.2221844575,0.5346250015,359.0,1018.0
0.7527608818950363,0.0445423165,0.231434466,0.5356707765,359.0,1018.0
0.8102140532965995,0.183698513,0.274668679,0.523963853,359.0,1018.0
0.8159800699940903,0.348341287,0.27216118499999997,0.49045318299999996,359.0,1018.0
0.8170169584168587,0.505819754,0.196360462,0.490049317,359.0,1018.0
0.8175612319208332,0.5746658185,0.2249232265,0.5260967400000001,359.0,1018.0
0.8137032171148888,0.581767866,0.273796095,0.565589676,359.0,1018.0
0.8104780185689276,0.4775404095,0.31093305,0.580545003,359.0,1018.0
0.8017019266328783,0.258901267,0.29223485699999996,0.57540555,359.0,1018.0
0.7757220043464768,0.055125266,0.2229377455,0.5212445555,359.0,1018.0
0.7275788339912621,0.0,0.194624337,0.5011113245000001,359.0,1018.0
0.6381799258410631,0.0,0.1795071755,0.47618343350000003,359.0,1018.0
0.601065187165653,0.0,0.15810731233333333,0.502431679,359.0,1018.0
0.6389136558151093,0.0,0.129010579,0.47582185450000003,359.0,1018.0
0.7227625253709165,0.022054644,0.111936861,0.422074467,359.0,1018.0
0.79652228427326,0.159618396,0.099005009,0.36235135350000003,359.0,1018.0
0.8158917585595238,0.380701907,0.0993646565,0.33414393600000003,359.0,1018.0
0.8172575651946095,0.496224236,0.0732827115,0.3349982795,359.0,1018.0
0.8170826961264399,0.434719966,0.086073979,0.382406047,359.0,1018.0
0.8128610019246838,0.359736485,0.086749351,0.418511099,359.0,1018.0
0.808699090396698,0.25445666899999997,0.077518664,0.41107133549999997,359.0,1018.0
0.7925896689649976,0.120217405,0.053453762,0.4080635105,359.0,1018.0
0.770259792240138,0.010160778,0.047052063,0.40647052,359.0,1018.0
0.7273162072680819,0.0,0.0510479745,0.4196679645,359.0,1018.0
0.6373429270819435,0.0,0.060708866,0.48922117749999994,359.0,1018.0
0.6001834555566128,0.0,0.07825612300000001,0.5503477636666667,359.0,1018.0
0.6399714336908949,0.0,0.09456642,0.6104484845,359.0,1018.0
0.7529106144750214,0.100293734,0.09534739049999999,0.659193419,359.0,1018.0
0.8101207094607423,0.33768496,0.073353684,0.686518362,359.0,1018.0
0.8189161439125192,0.5805393565,0.104078109,0.6975307805,359.0,1018.0
0.8290207884636429,0.7307256945,0.11193622,0.7047160235000001,359.0,1018.0
0.8340010486417392,0.742388586,0.107777915,0.676700154,359.0,1018.0
0.8355432942155849,0.68076934,0.090078626,0.607588231,359.0,1018.0
0.8320292938316112,0.5015261805,0.0658119285,0.5318370045,359.0,1018.0
0.8210710774668103,0.304025915,0.045244054,0.414307374,359.0,1018.0
0.7871992417349403,0.083023303,0.061951725,0.3652560015,359.0,1018.0
0.7316451401683165,0.0,0.104950579,0.3306006175,359.0,1018.0
0.6428903577756284,0.0,0.1126345205,0.27744857850000004,359.0,1018.0
0.6016309957237779,0.0,0.101584943,0.2352517675,359.0,1018.0
0.6110709253514205,0.0,0.08611387749999999,0.17943448350000002,359.0,1018.0
0.6906660167528357,0.017068218,0.07517035150000001,0.11059073650000001,359.0,1018.0
0.7964671641515977,0.2164338815,0.042485566,0.08148555199999999,359.0,1018.0
0.8164760095786563,0.446868508,0.031288424999999995,0.1188628875,359.0,1018.0
0.820882543863243,0.585451643,0.032132191,0.095782922,359.0,1018.0
0.8260150529876726,0.6331019085,0.0355367235,0.1489823125,359.0,1018.0
0.8215606003668989,0.5730820845,0.06336698,0.2241736995,359.0,1018.0
0.8152886724073689,0.370284754,0.1029340765,0.2684272475,359.0,1018.0
0.8050019570025999,0.214208129,0.128106742,0.241304833,359.0,1018.0
0.7783173421118561,0.055812969,0.145826296,0.2143548755,359.0,1018.0
0.7270739391516634,0.0,0.1498931215,0.2419600935,359.0,1018.0
0.633843999013245,0.0,0.109758351,0.328127151,359.0,1018.0
0.5898537386998357,0.0,0.107138758,0.38030005,359.0,1018.0
0.5682113127472959,0.0,0.08410587850000001,0.41892435149999996,359.0,1018.0
0.5802687619113351,0.0,0.08513603950000001,0.4422108385,359.0,1018.0
0.6110835050290225,0.0853766365,0.076247458,0.5051213425000001,359.0,1018.0
0.6540913270376584,0.308463398,0.049118954,0.537204317,359.0,1018.0
0.6878027892043554,0.5265252645,0.0608215045,0.6053421255,359.0,1018.0
0.6923771299621891,0.682613921,0.069627788,0.5832640185,359.0,1018.0
0.6940912901190213,0.669447071,0.089236124,0.6225800285,359.0,1018.0
0.6964154379595775,0.5194705915,0.092749861,0.6467228094999999,359.0,1018.0
0.6917729823163672,0.2980914765,0.085506558,0.629313911,359.0,1018.0
0.6696927140211418,0.059254463,0.08325354600000001,0.571266535,359.0,1018.0
0.6577720488050993,0.0,0.07749747,0.5459494645,359.0,1018.0
0.6346324794254738,0.0,0.060717097,0.477082521,359.0,1018.0
0.5900790419071502,0.0,0.06634150750000001,0.4969720875,359.0,1018.0
0.568170249877233,0.0,0.0706331965,0.5350441535,359.0,1018.0
0.5802687619113351,0.0,0.07513016650000001,0.5648497345000001,359.0,1018.0
0.6109382732086982,0.08164578,0.06956196249999999,0.583881102,359.0,1018.0
0.6550891148457504,0.302669879,0.058407394,0.628253334,359.0,1018.0
0.6885504148032573,0.5179368975,0.0848864885,0.6765405,359.0,1018.0
0.6956121159238442,0.6656737260000001,0.0850095545,0.661496957,359.0,1018.0
0.7037601237472946,0.6887892790000001,0.107127287,0.649244126,359.0,1018.0
0.7089624094271745,0.597950405,0.12388642450000001,0.652727449,359.0,1018.0
0.7056588243958631,0.33987959749999996,0.121587266,0.6698921805,359.0,1018.0
0.6756777560011948,0.062462692,0.1194059185,0.6647377139999999,359.0,1018.0
0.6615564087428276,0.0,0.13551280500000001,0.641254465,359.0,1018.0
0.6625926971880329,0.0,0.143283241,0.632656969,359.0,1018.0
0.6202493591791232,0.0,0.15711397100000002,0.5834023265,359.0,1018.0
0.6058938911907747,0.0,0.164068091,0.5713422075,359.0,1018.0
0.6390299658933103,0.0,0.1489648765,0.48393053900000005,359.0,1018.0
0.7525103269696439,0.064381431,0.1349648705,0.435537487,359.0,1018.0
0.8134186165117238,0.26517212,0.150440308,0.369043125,359.0,1018.0
0.8170718475484849,0.424982435,0.158336284,0.303749367,359.0,1018.0
0.8189819737529899,0.433182661,0.15233803,0.26791065000000003,359.0,1018.0
0.8136690561078012,0.411360125,0.1541607245,0.3060774645,359.0,1018.0
0.808396577957843,0.3025365665,0.14641569599999998,0.31484724249999996,359.0,1018.0
0.7921007462413157,0.127867011,0.123332001,0.284987979,359.0,1018.0
0.7718338909091458,0.004939401,0.114673989,0.245110382,359.0,1018.0
0.7306982944454647,0.0,0.1055517725,0.2228775445,359.0,1018.0
0.6464171919925251,0.0,0.081666456,0.18290041099999998,359.0,1018.0
0.6041598343741124,0.0,0.0591213425,0.16368000700000002,359.0,1018.0
0.6111097261430184,0.0,0.043124341,0.1447123035,359.0,1018.0
0.6905882534766146,0.007967175,0.0321730575,0.1207229465,359.0,1018.0
0.7829110250540111,0.121736424,0.023517366,0.109166866,359.0,1018.0
0.8098979223877919,0.207919144,0.016283115,0.093705821,359.0,1018.0
0.816901918087904,0.4051519015,0.014312965,0.087652671,359.0,1018.0
0.8232952109299765,0.578469187,0.017064547,0.08163155750000001,359.0,1018.0
0.8241566765050194,0.6246913544999999,0.017851093,0.07499779549999999,359.0,1018.0
0.8207276178186138,0.48220698900000003,0.0223497405,0.05718901,359.0,1018.0
0.8127339126649605,0.280051816,0.035651274499999996,0.056393744999999995,359.0,1018.0
0.7798047449509264,0.056801403,0.0758870395,0.074468485,359.0,1018.0
0.7269882816169675,0.0,0.1256659095,0.119761912,359.0,1018.0
0.6371751903365355,0.0,0.11720565050000001,0.223076218,359.0,1018.0
0.5996810993317571,0.0,0.1018145625,0.260208274,359.0,1018.0
0.6110777345201157,0.0,0.0921584905,0.27849492,359.0,1018.0
0.6910112997972719,0.0090485915,0.0885541195,0.257617809,359.0,1018.0
0.7831853318529954,0.160957457,0.071085985,0.246727057,359.0,1018.0
0.8098738245262549,0.322293529,0.03593769,0.240821802,359.0,1018.0
0.8206264266182417,0.5590681635,0.028631244,0.256786827,359.0,1018.0
0.8321175592007328,0.784633199,0.02476888,0.2388314675,359.0,1018.0
0.8351452688880941,0.7612866549999999,0.0289283105,0.2427591855,359.0,1018.0
0.8317480168999998,0.4949171185,0.0303181685,0.2456548995,359.0,1018.0
0.8267354880435198,0.331448969,0.027695825,0.237157939,359.0,1018.0
0.8049286029185401,0.1653969415,0.039548916499999996,0.245531913,359.0,1018.0
0.77404098976851,0.004618798,0.073529106,0.25845196,359.0,1018.0
0.7287686639990664,0.0,0.0915328845,0.2640619515,359.0,1018.0
0.6540776625022608,0.0,0.09325376,0.303907367,359.0,1018.0
0.6130113581114853,0.0,0.0796369575,0.28875070599999997,359.0,1018.0
0.5994546189369138,0.0,0.06733627049999999,0.270335469,359.0,1018.0
0.6387569291749784,0.0,0.0594295615,0.2673844805,359.0,1018.0
0.7527783778160986,0.08732461550000001,0.049312042,0.316858721,359.0,1018.0
0.8096966475461598,0.280865903,0.035857007,0.378325887,359.0,1018.0
0.8205754616659822,0.494765112,0.0536703415,0.44555531800000003,359.0,1018.0
0.8312632490143146,0.6334000755,0.086534395,0.5389531125,359.0,1018.0
0.8351426835892817,0.6580698300000001,0.1267780065,0.582635274,359.0,1018.0
0.8326345954333958,0.5020393455,0.15163397350000002,0.6041654535000001,359.0,1018.0
0.819088289485542,0.245495731,0.124298478,0.5146967895,359.0,1018.0
0.7835732937035293,0.042689078,0.09961917449999999,0.3738289295,359.0,1018.0
0.7318227562614645,0.0,0.1120176915,0.3191745205,359.0,1018.0
0.6458608931870357,0.0,0.138281787,0.3820723985,359.0,1018.0
0.6010406048768054,0.0,0.16261087800000001,0.593266413,359.0,1018.0
0.6111560055104479,0.0,0.18932017950000002,0.667454773,359.0,1018.0
0.6911599941814371,0.0038985485,0.2029634965,0.6920863365,359.0,1018.0
0.7832558703110186,0.076154656,0.192240927,0.700359975,359.0,1018.0
0.8097622003311495,0.159993759,0.203820333,0.726849443,359.0,1018.0
0.8157347085333423,0.265497491,0.219393201,0.763518842,359.0,1018.0
0.8160025515881861,0.350437954,0.236719643,0.798215462,359.0,1018.0
0.8161539696994826,0.4278884075,0.24063500049999997,0.801587576,359.0,1018.0
0.8127524243456511,0.477292559,0.31401317,0.8173158715,359.0,1018.0
0.8052496731035304,0.3900259265,0.3323691855,0.847799801,359.0,1018.0
0.7987826563282154,0.17322851150000002,0.271438308,0.8385564805000001,359.0,1018.0
0.7753960866847873,0.024926167500000002,0.173319919,0.7794293075000001,359.0,1018.0
0.7267617781562611,0.0,0.1392189035,0.71259904,359.0,1018.0
0.6328566442661676,0.0,0.159029634,0.622581972,359.0,1018.0
0.589737036203698,0.0,0.154049064,0.55770683,359.0,1018.0
0.5690015012264493,0.0,0.1722062175,0.5906795925,359.0,1018.0
0.5820969239693181,0.0,0.19347955,0.569221725,359.0,1018.0
0.6127180784802533,0.038996439,0.2020658085,0.4978803585,359.0,1018.0
0.6580424080274478,0.142333433,0.211845267,0.450490027,359.0,1018.0
0.692350793452597,0.3022698995,0.2652939795,0.437430672,359.0,1018.0
0.690926981474536,0.411371947,0.220898887,0.5043074285,359.0,1018.0
0.6893734024756438,0.4325864115,0.298907528,0.5125538505,359.0,1018.0
0.6912950238313613,0.3559983385,0.3196824685,0.5866632700000001,359.0,1018.0
0.6883553488544917,0.21279846349999998,0.27116321200000004,0.6032828445,359.0,1018.0
0.6734582161576721,0.040422627999999995,0.20221936299999999,0.5742828520000001,359.0,1018.0
0.6638959289205811,0.0,0.188672927,0.6094778515,359.0,1018.0
0.620791485668823,0.0,0.1988813135,0.607657454,359.0,1018.0
0.5760215391680044,0.0,0.1658135,0.5478629335,359.0,1018.0
0.5787484442514512,0.0,0.158811635,0.5047341365,359.0,1018.0
0.5963761752873291,0.0037337375,0.1527310905,0.4716074765,359.0,1018.0
0.630326489966845,0.135746367,0.154093579,0.406520823,359.0,1018.0
0.6604545672475077,0.255776952,0.131701826,0.372858141,359.0,1018.0
0.6909896029727681,0.49598880450000005,0.11742882900000001,0.360620141,359.0,1018.0
0.6905076974413764,0.61046347,0.095604502,0.423816761,359.0,1018.0
0.6883113083008205,0.5746044075000001,0.1038984745,0.539758964,359.0,1018.0
0.6871628417483915,0.3576516825,0.1084428905,0.579811667,359.0,1018.0
0.6838743287340896,0.1661442355,0.0903640755,0.604086186,359.0,1018.0
0.6681040046523845,0.0278302115,0.101502655,0.6342743710000001,359.0,1018.0
0.6579693073364752,0.0,0.1921347095,0.6719702955,359.0,1018.0
0.6497330799442231,0.0,0.292935884,0.701835507,359.0,1018.0
0.6120686208297794,0.0,0.3378038495,0.7712885655,359.0,1018.0
0.599813082067343,0.0,0.3950072975,0.849534672,359.0,1018.0
0.6404053518542138,0.0,0.4437420935,0.882623356,359.0,1018.0
0.7533881577082118,0.028406591000000002,0.464743098,0.9051205175,359.0,1018.0
0.8097773416120294,0.11134763,0.440079665,0.907795512,359.0,1018.0
0.8158245437730542,0.208205174,0.4340950495,0.9064564245,359.0,1018.0
0.8159444315787081,0.30330225899999996,0.35082237,0.8888483650000001,359.0,1018.0
0.8118259140311357,0.340937077,0.3909745025,0.8895301325,359.0,1018.0
0.8072148727014407,0.324878532,0.380865885,0.862479405,359.0,1018.0
0.8024428120949709,0.242658816,0.3237467935,0.8180662034999999,359.0,1018.0
0.7959464350610105,0.118212149,0.261094229,0.779208362,359.0,1018.0
0.775346460613082,0.025968368,0.2307395355,0.758246703,359.0,1018.0
0.7267822981577828,0.0,0.2032917775,0.6955862895,359.0,1018.0
0.6508444311369439,0.0,0.183694065,0.639076711,359.0,1018.0
0.6124289074558702,0.0,0.1548647235,0.6009016095,359.0,1018.0
0.5994155642219792,0.0,0.1263476345,0.460293834,359.0,1018.0
0.6402126172809239,0.0,0.0992407255,0.369776079,359.0,1018.0
0.753259429314028,0.0515803415,0.075293606,0.263808971,359.0,1018.0
0.8098848119633564,0.248492023,0.053022385,0.209940599,359.0,1018.0
0.8158995598585939,0.4557211745,0.0507866715,0.200495527,359.0,1018.0
0.8161539696994826,0.566925509,0.0382941795,0.178613836,359.0,1018.0
0.8130030949317647,0.518072957,0.034738067,0.1681819155,359.0,1018.0
0.8084087650849459,0.471661255,0.0226266725,0.10724121549999999,359.0,1018.0
0.8019125726441707,0.274371291,0.015893906,0.051493303000000004,359.0,1018.0
0.7752122616987729,0.046915042,0.0499599175,0.042647562,359.0,1018.0
0.7267030808373957,0.0,0.11393888199999999,0.0982142255,359.0,1018.0
0.6360405263832759,0.0,0.1361598625,0.1414106,359.0,1018.0
0.5999198131511323,0.0,0.139110795,0.17312381599999999,359.0,1018.0
0.614937457028438,0.0,0.139703992,0.195890806,359.0,1018.0
0.6967241592912989,0.0027568,0.1352675775,0.2075806785,359.0,1018.0
0.7841522819941473,0.144333617,0.119554261,0.228423077,359.0,1018.0
0.8097622003311495,0.312645205,0.063504013,0.204036398,359.0,1018.0
0.8156435811413331,0.47858864,0.053531934,0.181893925,359.0,1018.0
0.8187410441857195,0.675516252,0.05202442,0.1615072945,359.0,1018.0
0.8229656468072137,0.770472225,0.072993346,0.1931475735,359.0,1018.0
0.8204485106025934,0.667786479,0.096007415,0.256543175,359.0,1018.0
0.8105647143988652,0.38322122999999997,0.110756466,0.2782540355,359.0,1018.0
0.796840168983031,0.155277859,0.12980647,0.313687675,359.0,1018.0
0.7753279025355404,0.0254337445,0.1884274295,0.4301764935,359.0,1018.0
0.726795270385884,0.0,0.255130136,0.5463160789999999,359.0,1018.0
0.637085909240926,0.0,0.2661832275,0.686072098,359.0,1018.0
0.6018037182085006,0.0,0.283140017,0.651444004,359.0,1018.0
0.599459420016762,0.0,0.284449144,0.6035916084999999,359.0,1018.0
0.6397971647328509,0.0,0.276188114,0.5581475275000001,359.0,1018.0
0.7530576238912656,0.022760413,0.25327925549999997,0.536011769,359.0,1018.0
0.8097773416120294,0.101472322,0.251503404,0.519085538,359.0,1018.0
0.8159974277188181,0.207566556,0.244494444,0.4967834315,359.0,1018.0
0.8162371572646812,0.343439027,0.202583722,0.471923199,359.0,1018.0
0.8150553598773892,0.389110773,0.2574467915,0.462625805,359.0,1018.0
0.808232049422111,0.4291929205,0.254385496,0.4401037605,359.0,1018.0
0.8024229615337264,0.30936029,0.2288403185,0.4486848,359.0,1018.0
0.788589931001155,0.1132503645,0.20874414349999998,0.4504560695,359.0,1018.0
0.7701205155219056,0.0,0.197080767,0.450214231,359.0,1018.0
0.7265581718728722,0.0,0.1917494105,0.427544171,359.0,1018.0
0.6495394221398819,0.0,0.176352234,0.400773003,359.0,1018.0
0.6124169971854045,0.0,0.16560456950000002,0.3830826775,359.0,1018.0
0.6012382327933956,0.0,0.15792961649999998,0.41188781500000005,359.0,1018.0
0.6472732101464465,0.0,0.14338890599999998,0.406556104,359.0,1018.0
0.7574752834778822,0.036045113499999996,0.122112055,0.397831097,359.0,1018.0
0.8181961711681504,0.18623359849999999,0.1040441285,0.358951289,359.0,1018.0
0.8166268732475847,0.3519227545,0.0860256295,0.2805026855,359.0,1018.0
0.8151345771977765,0.451121295,0.0665301765,0.25277663699999997,359.0,1018.0
0.8083781584080421,0.40081536250000005,0.06798851450000001,0.2358460435,359.0,1018.0
0.8024488131962267,0.251284346,0.07738565450000001,0.238313966,359.0,1018.0
0.7884341277246381,0.088298512,0.08645803399999999,0.253635498,359.0,1018.0
0.770522188304688,0.0,0.107080348,0.236116915,359.0,1018.0
0.7272299038229404,0.0,0.118063925,0.186908446,359.0,1018.0
0.6372592087699115,0.0,0.088911589,0.135809128,359.0,1018.0
0.5951938239547783,0.0,0.100401263,0.119168458,380.0,1076.5
0.5764236733674688,0.0,0.11099723,0.1157702845,401.0,1135.0
0.589614724792257,0.0,0.108024761,0.12796953049999998,401.0,1135.0
0.6199860399829435,0.053205330999999995,0.107293729,0.147704533,401.0,1135.0
0.6633006679287338,0.207167539,0.084244606,0.108727882,401.0,1135.0
0.6888655296210304,0.340100379,0.086178257,0.08185949,401.0,1135.0
0.6884385364196903,0.512100636,0.0931310995,0.0545258725,401.0,1135.0
0.6880708171837908,0.5573492295,0.1012234645,0.05556312,401.0,1135.0
0.6876490171156888,0.4361022505,0.096478465,0.091428294,401.0,1135.0
0.6870712291778844,0.2696804865,0.0934139165,0.112790218,401.0,1135.0
0.6825871389115782,0.13966582,0.093824929,0.100753173,401.0,1135.0
0.670934132356038,0.027728895,0.113972036,0.0893993565,401.0,1135.0
0.6614533014187954,0.0,0.1322795325,0.0835339695,401.0,1135.0
0.6355546968382206,0.0,0.111024756,0.093319369,401.0,1135.0
0.5937581709701221,0.0,0.12495766,0.0957096225,401.0,1135.0
0.5738991741814569,0.0,0.13530160949999998,0.09942885900000001,401.0,1135.0
0.5877775145861177,0.0,0.150168992,0.1161360115,401.0,1135.0
0.6176424803959303,0.0410836475,0.16188619999999998,0.1261856905,401.0,1135.0
0.6598470495332813,0.160813427,0.146059225,0.112285787,401.0,1135.0
0.6854292230837046,0.27261042,0.158544526,0.118914254,401.0,1135.0
0.6881239521830476,0.390035381,0.1663407145,0.120335269,401.0,1135.0
0.6886192451943558,0.435688346,0.184917686,0.13188932450000002,401.0,1135.0
0.6882795244695284,0.30988145899999997,0.1813769345,0.179244451,401.0,1135.0
0.6879070508820377,0.199799521,0.1708970695,0.308552788,401.0,1135.0
0.6830881102346227,0.099351806,0.15537859,0.417196846,401.0,1135.0
0.6707045590808336,0.0180264925,0.183440863,0.4965877565,401.0,1135.0
0.66071811723488,0.0,0.18939867100000002,0.5343848325,401.0,1135.0
0.6553347994937055,0.0,0.149034725,0.48265283,401.0,1135.0
0.6160151777289202,0.0,0.1443358665,0.417125795,401.0,1135.0
0.6031474356674273,0.0,0.141169219,0.379811263,401.0,1135.0
0.6449451618883394,0.0,0.1350502295,0.4419357655,401.0,1135.0
0.7588241946997185,0.024985779,0.1327325265,0.4702988215,401.0,1135.0
0.8145810249864374,0.21269554499999999,0.097702897,0.4951823715,401.0,1135.0
0.8153431459557735,0.3644916565,0.0834711525,0.4769356595,401.0,1135.0
0.8173144855140861,0.4409072265,0.104477522,0.532883189,401.0,1135.0
0.8131681311816077,0.3848256395,0.116298238,0.5645827800000001,401.0,1135.0
0.8098907209337225,0.291253664,0.11336243,0.580364091,401.0,1135.0
0.8039292913053027,0.1624851485,0.1044506435,0.5583586885,401.0,1135.0
0.7811206023933808,0.018737609,0.1296335655,0.5781681855,401.0,1135.0
0.7342671842924706,0.0,0.131730087,0.5876869995,401.0,1135.0
0.6555906401471944,0.0,0.107326943,0.613652684,401.0,1135.0
0.6160980420406307,0.0,0.0974464645,0.529474975,401.0,1135.0
0.6035173243869334,0.0,0.08613276,0.40926377999999997,401.0,1135.0
0.6446105884964304,0.0,0.080614287,0.3178240495,401.0,1135.0
0.7588241946997185,0.038136758,0.0746357345,0.3118601175,401.0,1135.0
0.8131519270814365,0.148320009,0.059068932,0.30611873,401.0,1135.0
0.8154941481524424,0.31488749800000004,0.0477778155,0.31810348050000004,401.0,1135.0
0.8160308967500156,0.501199584,0.039744473,0.278211936,401.0,1135.0
0.8202896143131527,0.5630899444999999,0.037820526,0.26292050899999997,401.0,1135.0
0.8170713858998186,0.5469671869999999,0.0324088135,0.23921849,401.0,1135.0
0.812005491385452,0.384284384,0.040255901,0.246969212,401.0,1135.0
0.8038330857779643,0.189231581,0.058040586,0.289711043,401.0,1135.0
0.7816760933302747,0.027816108,0.091878484,0.3517096725,401.0,1135.0
0.7334584835360956,0.0,0.1003811285,0.356564248,401.0,1135.0
0.655196861523465,0.0,0.093714025,0.368167707,401.0,1135.0
0.6154733513605646,0.0,0.072525005,0.2900632775,401.0,1135.0
0.6029752902269669,0.0,0.0535896705,0.20583000699999998,401.0,1135.0
0.6450951483916613,0.0,0.045115956,0.166409246,401.0,1135.0
0.7289412019568852,0.001448763,0.043533847,0.155492493,401.0,1135.0
0.8009111377121931,0.1508137845,0.040745566999999996,0.1618035845,401.0,1135.0
0.8158750470766475,0.353112597,0.030201562,0.164697682,401.0,1135.0
0.8167264491747337,0.557640145,0.0298554505,0.14260290650000002,401.0,1135.0
0.8220781443136729,0.6564925695,0.031978696,0.1067917645,401.0,1135.0
0.8183997539217078,0.6232593925000001,0.0306694305,0.1287236975,401.0,1135.0
0.8132020154646205,0.40772156150000005,0.0404704325,0.1892271225,401.0,1135.0
0.8046094714591048,0.191998932,0.066329393,0.24354004,401.0,1135.0
0.7821306697908714,0.023895926,0.116072,0.28161009800000003,401.0,1135.0
0.7340799428412006,0.0,0.1420235605,0.308210604,401.0,1135.0
0.6552648148815194,0.0,0.132196876,0.287778092,401.0,1135.0
0.6157055791653112,0.0,0.103706149,0.260562469,401.0,1135.0
0.6028845549877696,0.0,0.08004505749999999,0.2163118575,401.0,1135.0
0.6452540449793673,0.0,0.071779196,0.230176098,401.0,1135.0
0.7588103684381551,0.05118391,0.079367788,0.28163577500000003,401.0,1135.0
0.8148601782679026,0.2535555405,0.052983067,0.300219935,401.0,1135.0
0.8151382239902558,0.4682045695,0.0526684025,0.284620742,401.0,1135.0
0.8143612845295596,0.567666538,0.057407638999999996,0.26839051,401.0,1135.0
0.8096459593179751,0.457768941,0.056289634000000005,0.293475248,401.0,1135.0
0.8048050219235559,0.271425143,0.0709480245,0.3587114895,401.0,1135.0
0.7978676868989514,0.121297368,0.093259918,0.352223948,401.0,1135.0
0.7811637653837582,0.0122607685,0.127305758,0.310097173,401.0,1135.0
0.7335476493355306,0.0,0.14337316249999998,0.28410889949999996,401.0,1135.0
0.639411557191093,0.0,0.1190951475,0.2608969975,401.0,1135.0
0.6020866109435847,0.0,0.113349587,0.261046973,401.0,1135.0
0.6159711142419485,0.0,0.109765272,0.308842326,401.0,1135.0
0.6986616838304691,0.0,0.109214095,0.3163845905,401.0,1135.0
0.8021424693717071,0.0817120535,0.1099450635,0.3620335905,401.0,1135.0
0.8172685062348601,0.2667754185,0.110571585,0.438300313,401.0,1135.0
0.8158817868820506,0.4362779465,0.11521210900000001,0.413783887,401.0,1135.0
0.81143028874646,0.5020836515,0.180113068,0.5058844845,401.0,1135.0
0.8058531745075008,0.430877271,0.228663249,0.647197228,401.0,1135.0
0.803891067922514,0.285729888,0.231650378,0.736562961,401.0,1135.0
0.7932146826002864,0.100945569,0.191097252,0.760112584,401.0,1135.0
0.7646478243553885,0.0,0.174060172,0.7404398985,401.0,1135.0
0.7207369893196802,0.0,0.171927761,0.740178997,401.0,1135.0
0.6218528643379244,0.0,0.1910749315,0.783587382,401.0,1135.0
0.5764552880380519,0.0,0.19818570700000002,0.6878828459999999,401.0,1135.0
0.5879639477711046,0.0,0.209768062,0.713029414,401.0,1135.0
0.61703590907804,0.053802222,0.207172873,0.7512533835,401.0,1135.0
0.6610363254301235,0.255300475,0.174705174,0.789211182,401.0,1135.0
0.6901899277295143,0.418408335,0.192230599,0.816498736,401.0,1135.0
0.6888012464527246,0.606264867,0.19597887,0.794111423,401.0,1135.0
0.6880881056446484,0.6134266255,0.18278662099999998,0.753675799,401.0,1135.0
0.6872407891206886,0.511004238,0.1562675945,0.755089986,401.0,1135.0
0.6865486299628005,0.34822456,0.1236960865,0.7401634159999999,401.0,1135.0
0.6782956452873523,0.089383536,0.07662748850000001,0.6827276795,401.0,1135.0
0.6649508292857687,0.0,0.05988588633333333,0.63663098,401.0,1135.0
0.6210082947063806,0.0,0.08615231749999999,0.679863153,401.0,1135.0
0.5752644271364085,0.0,0.1114384115,0.6613819105000001,401.0,1135.0
0.5770435861329715,0.0,0.120326287,0.6242712415,401.0,1135.0
0.5953910364207093,0.0,0.11692691,0.560115669,401.0,1135.0
0.6453894206835179,0.143833917,0.09598978999999999,0.5220630740000001,401.0,1135.0
0.6865957403309699,0.394275643,0.055864246,0.5390617625,401.0,1135.0
0.6897413984356181,0.6589109455,0.0466056555,0.4841575505,401.0,1135.0
0.6921515958642602,0.706254194,0.0552533565,0.49194869399999996,401.0,1135.0
0.6940951910999624,0.5612184565,0.051735961,0.47125761450000003,401.0,1135.0
0.6897543245982743,0.2838072085,0.037272911,0.4266288195,401.0,1135.0
0.6708089125579992,0.015853259,0.0517025965,0.4480112895,401.0,1135.0
0.660231572184103,0.0,0.0848906925,0.5347481439999999,401.0,1135.0
0.6395060548503504,0.0,0.1138486925,0.5959382375,401.0,1135.0
0.603384049012988,0.0,0.11806365566666666,0.5199868196666667,401.0,1135.0
0.6472160363013203,0.0,0.119657762,0.435951005,401.0,1135.0
0.7601383440752482,0.0384708605,0.120646491,0.390424305,401.0,1135.0
0.8140379982321275,0.194901941,0.100207189,0.342938047,401.0,1135.0
0.8156597381818413,0.3760556225,0.070954631,0.391357914,401.0,1135.0
0.8173546943506865,0.5208518295,0.073337412,0.446245252,401.0,1135.0
0.8162592236069616,0.5288310615,0.1267231885,0.47524836800000003,401.0,1135.0
0.810717378597014,0.3525203725,0.131191434,0.4993329675,401.0,1135.0
0.8029147459488895,0.1183578845,0.1008429635,0.5046216025,401.0,1135.0
0.7858309883287826,0.01038079,0.088133583,0.46888017,401.0,1135.0
0.762279682358012,0.0,0.090543119,0.476475636,401.0,1135.0
0.6860190139531138,0.0,0.122104621,0.5285025745,401.0,1135.0
0.615121858992434,0.0,0.141092181,0.5571156945,401.0,1135.0
0.6102032506294331,0.0,0.1700824736666667,0.6644292866666667,401.0,1135.0
0.6977656873991558,0.0,0.2237077925,0.791914499,401.0,1135.0
0.8009347275282129,0.1048212345,0.2810940745,0.8356641149999999,401.0,1135.0
0.8155745658256431,0.363951249,0.354405222,0.8682034350000001,401.0,1135.0
0.8211319219656534,0.5579843314999999,0.3302942415,0.8854516610000001,401.0,1135.0
0.8228237383933181,0.606636395,0.3951684985,0.921613362,401.0,1135.0
0.8196784030781896,0.4791849465,0.386001069,0.9089150985000001,401.0,1135.0
0.8117046412794829,0.22429717100000002,0.299368976,0.8446263835,401.0,1135.0
0.7850387683966538,0.00831576,0.26098478449999996,0.6827231810000001,401.0,1135.0
0.7361019245622532,0.0,0.230544011,0.5965722845,401.0,1135.0
0.6453465343509341,0.0,0.2117298515,0.633604592,401.0,1135.0
0.6040485561338116,0.0,0.177892585,0.5261181945,401.0,1135.0
0.6153632734067962,0.0,0.155489611,0.403305813,401.0,1135.0
0.6972121812532615,0.0,0.158889784,0.44516936900000004,401.0,1135.0
0.7886703483429498,0.082717403,0.163630514,0.522352651,401.0,1135.0
0.8135399817256723,0.211474389,0.139460959,0.601228599,401.0,1135.0
0.8155037039152879,0.336427199,0.127563198,0.57657896,401.0,1135.0
0.8155600243897639,0.436047135,0.136989407,0.469415317,401.0,1135.0
0.8183623149771052,0.5210228195,0.108026284,0.40640669500000004,401.0,1135.0
0.8137468888135956,0.4932651265,0.12599340850000001,0.39654581850000004,401.0,1135.0
0.806044939651732,0.3651197985,0.117262182,0.393325485,401.0,1135.0
0.8017379345660373,0.1597844585,0.1069234355,0.383382689,401.0,1135.0
0.7876965659340991,0.007790982,0.123947504,0.333979946,401.0,1135.0
0.7637735250799851,0.0,0.117957839,0.27908367300000003,401.0,1135.0
0.6862261747655303,0.0,0.07524573749999999,0.196498217,401.0,1135.0
0.6146334211821249,0.0,0.0586409605,0.1288520485,401.0,1135.0
0.603737941909996,0.0,0.057685597000000005,0.08211656149999999,401.0,1135.0
0.6495476624857237,0.0,0.0451508195,0.0584808095,401.0,1135.0
0.7623145592022276,0.024329943,0.042814044499999995,0.05840177,401.0,1135.0
0.82214277380133,0.15685202,0.033202029,0.0776730635,401.0,1135.0
0.8229606608027741,0.299989774,0.027224246,0.095508733,401.0,1135.0
0.8210858502241317,0.345703168,0.026258237,0.093814869,401.0,1135.0
0.8178649443810956,0.375394577,0.0261780255,0.12077178,401.0,1135.0
0.8100986427870558,0.331552556,0.032335284500000006,0.1446120675,401.0,1135.0
0.8055632187135255,0.200447677,0.036414361500000006,0.148440465,401.0,1135.0
0.7949700670219413,0.0483459145,0.0448497075,0.149109445,401.0,1135.0
0.7658217969137788,0.0,0.0541425295,0.1505162045,401.0,1135.0
0.6875040161859789,0.0,0.049346831,0.1928302435,401.0,1135.0
0.6180095300589903,0.0,0.0416186645,0.245409043,401.0,1135.0
0.607280910432944,0.0,0.043138613,0.293556013,401.0,1135.0
0.6556262556624166,0.0,0.04627503,0.349983031,401.0,1135.0
0.7690867197806548,0.022785675,0.0486150045,0.398438698,401.0,1135.0
0.8252321584911653,0.18949983650000002,0.0381002745,0.429500767,401.0,1135.0
0.8167095991641169,0.403518252,0.033696630000000005,0.46788747399999997,401.0,1135.0
0.8145040698439368,0.503724282,0.0456170595,0.533527254,401.0,1135.0
0.8084495740979531,0.3847983035,0.054013412,0.5498397325,401.0,1135.0
0.8045790951094248,0.223015748,0.0559981685,0.5508297565,401.0,1135.0
0.7938496679130485,0.048499804,0.059572642499999995,0.5579507345,401.0,1135.0
0.764853023044981,0.0,0.07776854550000001,0.5820914189999999,401.0,1135.0
0.6776138725947843,0.0,0.10916226300000001,0.646445037,401.0,1135.0
0.5937134150432913,0.0,0.135348479,0.705258006,401.0,1135.0
0.573649657982134,0.0,0.1589201905,0.7141615729999999,401.0,1135.0
0.5879177837992715,0.0,0.182413337,0.672682831,401.0,1135.0
0.617414199604429,0.0316318355,0.1887129375,0.685556439,401.0,1135.0
0.6609498141933713,0.197516811,0.149782611,0.636853424,401.0,1135.0
0.689118877636846,0.41955785199999995,0.17274349900000002,0.6073893370000001,401.0,1135.0
0.688876747716762,0.606485186,0.142275706,0.537987993,401.0,1135.0
0.6880650006757203,0.5533741320000001,0.17747755399999998,0.5901679664999999,401.0,1135.0
0.6872381580878375,0.4113250705,0.192249758,0.5685605725,401.0,1135.0
0.686807817353706,0.30619238,0.180210109,0.527250621,401.0,1135.0
0.684669364292255,0.166189312,0.12605535499999998,0.4554487545,401.0,1135.0
0.6751324905988297,0.006872499,0.092915952,0.386274906,401.0,1135.0
0.6717717542580055,0.0,0.079302859,0.333133952,401.0,1135.0
0.6487201964898681,0.0,0.06849257049999999,0.264814778,401.0,1135.0
0.5949905640570217,0.0,0.0616644885,0.24863963649999998,401.0,1135.0
0.5753462065903233,0.0,0.0721818375,0.31779324649999996,401.0,1135.0
0.5879467516731209,0.0,0.0903489865,0.41211594949999997,401.0,1135.0
0.6184888504572725,0.0403427115,0.1034572505,0.5467403909999999,401.0,1135.0
0.6612168265457408,0.252924186,0.08278434,0.592030997,401.0,1135.0
0.6875837185191609,0.506968283,0.061817066500000004,0.606382747,401.0,1135.0
0.68894860218832,0.720087036,0.067103666,0.619961469,401.0,1135.0
0.6879320945765206,0.6996152314999999,0.085688494,0.6703609815,401.0,1135.0
0.6885167840458939,0.5264618615000001,0.0799793305,0.6601238055,401.0,1135.0
0.6878155768392713,0.305152788,0.058956559,0.608752403,401.0,1135.0
0.6785148776987129,0.07359175400000001,0.070143997,0.6178029995000001,401.0,1135.0
0.6689854593164126,0.0,0.1014066825,0.67841701,401.0,1135.0
0.6552876660596731,0.0,0.122332512,0.764527204,401.0,1135.0
0.6275419722234845,0.0,0.126535391,0.7691791,401.0,1135.0
0.6052502963458002,0.0,0.1263451655,0.725861008,401.0,1135.0
0.6217913277969097,0.0,0.125283932,0.6453499975,401.0,1135.0
0.706081339969687,0.0,0.116506155,0.5711140735,401.0,1135.0
0.7958386883170147,0.079491394,0.114663202,0.520151526,401.0,1135.0
0.8171671761753416,0.258162953,0.097227411,0.493026736,401.0,1135.0
0.8156795887430859,0.5231419515,0.0470931245,0.4487279405,401.0,1135.0
0.8212603497745246,0.77010074,0.038160755000000005,0.3997183565,401.0,1135.0
0.8225541412061047,0.8088704785,0.052214828000000005,0.394923196,401.0,1135.0
0.8209221067893979,0.625421613,0.039811973,0.343690328,401.0,1135.0
0.8114389676088238,0.2780079005,0.023976360500000002,0.258465641,401.0,1135.0
0.7812551701626544,0.0034154475,0.04725933,0.30400150849999996,401.0,1135.0
0.7339528535814774,0.0,0.1150315765,0.427462786,401.0,1135.0
0.6529376896887608,0.0,0.169963785,0.507941145,401.0,1135.0
0.6150630691449915,0.0,0.2050193075,0.5668579755,401.0,1135.0
0.6029740900067158,0.0,0.2267167135,0.668200475,401.0,1135.0
0.6452123127684495,0.0,0.240293272,0.7486621314999999,401.0,1135.0
0.7588777910162353,0.0398299775,0.2576624915,0.7783252965,401.0,1135.0
0.8133019605781401,0.282959279,0.240105867,0.788727709,401.0,1135.0
0.820759747969257,0.563883471,0.180428493,0.799946797,401.0,1135.0
0.8349864183326923,0.7997866605,0.151530445,0.8098967095,401.0,1135.0
0.8407855812718608,0.8123179075,0.2172898265,0.8482844060000001,401.0,1135.0
0.8326917464115027,0.6071396765,0.228465578,0.8609625439999999,401.0,1135.0
0.8252950799118977,0.356201093,0.203986639,0.868502962,401.0,1135.0
0.800909060790304,0.086230793,0.23707713200000002,0.8791891145,401.0,1135.0
0.7626426926449528,0.0,0.2675882755,0.875648968,401.0,1135.0
0.6869784393867082,0.0,0.2280146085,0.820202883,401.0,1135.0
0.6153729908958077,0.0,0.1880416315,0.7403075640000001,401.0,1135.0
0.6029677193545427,0.0,0.1607160915,0.7234391355,401.0,1135.0
0.6452708255272702,0.0,0.1350466655,0.7146760649999999,401.0,1135.0
0.7589600088872503,0.0308729875,0.134363683,0.7371363005,401.0,1135.0
0.8135399817256723,0.230630623,0.1247261,0.72058741,401.0,1135.0
0.8159234270615008,0.391372189,0.095319384,0.697050097,401.0,1135.0
0.8210817414515799,0.6407966905,0.12350038199999999,0.718688694,401.0,1135.0
0.826318257733824,0.7826147914999999,0.21472055899999998,0.7480850845,401.0,1135.0
0.8251189644254697,0.6502552955,0.25502350949999997,0.7495418855,401.0,1135.0
0.8201694955174625,0.4017161715,0.2241182165,0.748185012,401.0,1135.0
0.7984122367955946,0.08399330249999999,0.208737344,0.78401009,401.0,1135.0
0.7626570958844975,0.0,0.25130554250000003,0.8436161474999999,401.0,1135.0
0.7206338126654964,0.0,0.262490612,0.863686134,401.0,1135.0
0.643535429896335,0.0,0.27662707200000003,0.858801691,401.0,1135.0
0.6031675862174535,0.0,0.23788650649999998,0.8492596530000001,401.0,1135.0
0.6153632734067962,0.0,0.19765274300000002,0.8278101529999999,401.0,1135.0
0.6970699043158075,0.0,0.184279352,0.7994800325,401.0,1135.0
0.7888709769427302,0.049112619,0.189637817,0.748858556,401.0,1135.0
0.8133310434498985,0.203913821,0.174440451,0.745609941,401.0,1135.0
0.8161134374105503,0.445681279,0.1631651045,0.7820177325,401.0,1135.0
0.82053816124912,0.645935485,0.185994724,0.739741139,401.0,1135.0
0.8240641641670114,0.6755322484999999,0.2517569245,0.802972172,401.0,1135.0
0.823099983586451,0.5954731885,0.2695612555,0.8427964939999999,401.0,1135.0
0.818132372184124,0.3853331445,0.19053055749999998,0.7489349135000001,401.0,1135.0
0.8066167728851315,0.14990027,0.13603132,0.652900952,401.0,1135.0
0.782735186623064,0.0015288485,0.1591406155,0.62142577,401.0,1135.0
0.7345369200074247,0.0,0.23192425500000002,0.7099906595000001,401.0,1135.0
0.6456121155924381,0.0,0.33537416750000004,0.8105744335,401.0,1135.0
0.6090446045305922,0.0,0.4169636505,0.864762,401.0,1135.0
0.6195779505819651,0.0,0.4831594215,0.9094270925,401.0,1135.0
0.6966211675617067,0.0,0.5455326105,0.9259066455,401.0,1135.0
0.8005182826509213,0.12054557299999999,0.6013217305,0.9243255370000001,401.0,1135.0
0.8152669755828651,0.32622160850000004,0.5786981904999999,0.9365972355000001,401.0,1135.0
0.8148806750709987,0.418058886,0.606397859,0.9365519995,401.0,1135.0
0.8111894052446343,0.3810100035,0.6928893625000001,0.9346329185,401.0,1135.0
0.8060780852305973,0.277399156,0.6967398995,0.9360681035,401.0,1135.0
0.8081289191647782,0.16418406,0.671490294,0.936207039,401.0,1135.0
0.800682303141136,0.044535413,0.6357793035,0.9354916470000001,401.0,1135.0
0.768091448007505,0.0,0.6200441084999999,0.9360138095,401.0,1135.0
0.6783205043886499,0.0,0.596268291,0.9232323525,401.0,1135.0
0.5942647973733364,0.0,0.5727055864999999,0.9077872005000001,401.0,1135.0
0.5743843112535127,0.0,0.5329713995,0.9059185599999999,401.0,1135.0
0.5878344578388949,0.0,0.4734778395,0.8898145705,401.0,1135.0
0.6177676770618248,0.0203280935,0.413591221,0.8763439435,401.0,1135.0
0.664452366353233,0.144130314,0.400921076,0.868816642,401.0,1135.0
0.69589330039316,0.3260570435,0.4704663865,0.873844606,401.0,1135.0
0.6928367842267091,0.459043397,0.39296535,0.8612867200000001,401.0,1135.0
0.6924749285585432,0.3938889585,0.42078129799999997,0.853854625,401.0,1135.0
0.6972709484988096,0.245988168,0.397952867,0.8342228275,401.0,1135.0
0.7001675751518046,0.114625402,0.320436872,0.772042859,401.0,1135.0
0.6959857202688722,0.022740117,0.2514207705,0.7024461005,401.0,1135.0
0.6800458359129569,0.0,0.217970978,0.610949442,401.0,1135.0
0.6498973312919116,0.0,0.2189357455,0.529299946,401.0,1135.0
0.5949106080987685,0.0,0.213701403,0.472533926,401.0,1135.0
0.5745339979006154,0.0,0.2147058025,0.40402030099999997,401.0,1135.0
0.5879453436943997,0.0,0.202993747,0.336600051,401.0,1135.0
0.61785455761751,0.0078116965,0.205199926,0.295766835,401.0,1135.0
0.6666852247442081,0.029072934,0.209938821,0.287549754,401.0,1135.0
0.7024768349057242,0.071137899,0.2138162575,0.28008788500000004,401.0,1135.0
0.7039500651638799,0.116372907,0.20985076,0.255447547,401.0,1135.0
0.7049562779772803,0.1213984565,0.2876227305,0.338593647,401.0,1135.0
0.7085828033180787,0.1118183535,0.38287196,0.5288882555,401.0,1135.0
0.7121187318479985,0.08158744100000001,0.47874456750000005,0.667595645,401.0,1135.0
0.7058855356481802,0.0128142745,0.5459669045,0.7992851784999999,401.0,1135.0
0.6836531572657681,0.0,0.571338067,0.875724246,401.0,1135.0
0.6585970449308793,0.0,0.535068146,0.9002598930000001,401.0,1135.0
0.6215654937101993,0.0,0.479769961,0.9064931615,401.0,1135.0
0.6126433852505146,0.0,0.5018340215,0.905563216,401.0,1135.0
0.6616178297888243,0.0,0.5291030994999999,0.9052359895,401.0,1135.0
0.776404030763538,0.0174710975,0.528360163,0.9048784240000001,401.0,1135.0
0.8397137464096003,0.190997574,0.513814637,0.890086338,401.0,1135.0
0.8377887092514394,0.348777715,0.535829663,0.881203849,401.0,1135.0
0.832574767025587,0.5260570065,0.511079179,0.8654952415,401.0,1135.0
0.8262106959144194,0.647343533,0.485136652,0.8433192540000001,401.0,1135.0
0.8202522674994397,0.5310101045,0.531281708,0.8519373485,401.0,1135.0
0.8186993579408244,0.381193059,0.532312147,0.847765168,401.0,1135.0
0.8207538389988909,0.237275977,0.4862559,0.8451998,401.0,1135.0
0.8205821090090896,0.117721869,0.43433123,0.836109735,401.0,1135.0
0.8093701761049145,0.001222488,0.381326928,0.813679851,401.0,1135.0
0.7713245177792185,0.0,0.32846168200000003,0.7541655475,401.0,1135.0
0.6908386697085634,0.0,0.2606183895,0.635062511,401.0,1135.0
0.6380068340705478,0.0,0.217201956,0.4883891655,401.0,1135.0
0.6346267781804372,0.0,0.19480559349999998,0.377420346,401.0,1135.0
0.6816042160911191,0.0,0.1807089535,0.32400176999999997,401.0,1135.0
0.7862311833718644,0.0206128,0.1623583565,0.268839361,401.0,1135.0
0.844308075925013,0.229455543,0.120394903,0.205721825,401.0,1135.0
0.8405583619740264,0.401452749,0.102534706,0.173172375,401.0,1135.0
0.8341882897616032,0.578139563,0.110255072,0.160499738,401.0,1135.0
0.8271781541010886,0.6891097905,0.0852705725,0.1295868295,401.0,1135.0
0.8195633627492349,0.5599350574999999,0.0880694715,0.15140207449999998,401.0,1135.0
0.8132082936213572,0.40302150049999996,0.08664775150000001,0.207457202,401.0,1135.0
0.8126129169687888,0.249278092,0.075004193,0.243836889,401.0,1135.0
0.8130776957654889,0.0545123795,0.081042951,0.312787923,401.0,1135.0
0.7714799979348098,0.0,0.12586988,0.4695871405,401.0,1135.0
0.6919370027403007,0.0,0.1934187345,0.64138534,401.0,1135.0
0.6358552704189582,0.0,0.22796471550000003,0.7280052375,401.0,1135.0
0.633048870992784,0.0,0.24700021149999998,0.7827849775,401.0,1135.0
0.68078741391433,0.0,0.2672884585,0.822464309,401.0,1135.0
0.78421148735853,0.0104060705,0.3038143095,0.84878941,401.0,1135.0
0.8418365501446542,0.177705781,0.306610561,0.85954162,401.0,1135.0
0.8347554604428948,0.407696704,0.25780282,0.8595852555000001,401.0,1135.0
0.8198199419743086,0.6263312175,0.24693598049999999,0.8431192235,401.0,1135.0
0.8120811083102104,0.653410405,0.277722092,0.8479661705,401.0,1135.0
0.8066138644653932,0.475675846,0.28885485450000004,0.8518575450000001,401.0,1135.0
0.8043146685198364,0.253895737,0.286607053,0.847369626,401.0,1135.0
0.796486276340101,0.051386951,0.31429215499999996,0.830950072,401.0,1135.0
0.7682676327578032,0.0,0.322067426,0.7995310090000001,401.0,1135.0
0.687136920291771,0.0,0.3028601475,0.7680997885,401.0,1135.0
0.618182968049435,0.0,0.26615848,0.6968536095,401.0,1135.0
0.6076368807268564,0.0,0.23327570549999999,0.599839183,401.0,1135.0
0.6548258419138592,0.0,0.1984604395,0.538997357,401.0,1135.0
0.7676849741448742,0.0094956715,0.18029355,0.567776507,401.0,1135.0
0.8286944094846934,0.167187447,0.171274562,0.596901324,401.0,1135.0
0.8201029273042507,0.39935112149999996,0.141756606,0.6540621664999999,401.0,1135.0
0.8150381867458467,0.6457238635,0.1245957615,0.6996600735,401.0,1135.0
0.812397792998574,0.727201474,0.15212164350000001,0.740786641,401.0,1135.0
0.8086837638598205,0.568549132,0.14155433299999998,0.7278151145,401.0,1135.0
0.8049732433172121,0.332868084,0.131385429,0.707623914,401.0,1135.0
0.7977647409033977,0.133889278,0.153652444,0.707923633,401.0,1135.0
0.7833352722245911,0.0,0.1901592025,0.7188366585,401.0,1135.0
0.7356557499085393,0.0,0.22672708200000002,0.7202385805,401.0,1135.0
0.6413982001209982,0.0,0.2336791125,0.7375524394999999,401.0,1135.0
0.6064459659606786,0.0,0.24018879399999998,0.778874789,401.0,1135.0
0.6236415331313101,0.0,0.2260462315,0.797432711,401.0,1135.0
0.7063312486532278,0.0,0.2218208005,0.812540217,401.0,1135.0
0.7958112671153301,0.021473554,0.209776897,0.822032043,401.0,1135.0
0.826787653348593,0.178556076,0.190220099,0.813817594,401.0,1135.0
0.8279045441927468,0.315917029,0.176515104,0.800603551,401.0,1135.0
0.8248195910649833,0.447203695,0.188146743,0.772554669,401.0,1135.0
0.8235859054280991,0.549952336,0.159385522,0.625729279,401.0,1135.0
0.8213530009716792,0.5980816179999999,0.1832216695,0.6556268095,401.0,1135.0
0.8144664463061488,0.5122983225,0.249808961,0.7086684544999999,401.0,1135.0
0.8118310842973546,0.365118726,0.297208578,0.711695328,401.0,1135.0
0.8125621369411206,0.228135154,0.296439408,0.721226127,401.0,1135.0
0.8122027966450848,0.085152289,0.316590599,0.735528784,401.0,1135.0
0.8052600136359681,0.0,0.33102341,0.691916164,401.0,1135.0
0.771267274338816,0.0,0.31299557600000005,0.6020266009999999,401.0,1135.0
0.6795892514960755,0.0,0.2594590595,0.4331483545,401.0,1135.0
0.6110446811384211,0.0,0.1995328215,0.300798,401.0,1135.0
0.6041136473364161,0.0,0.174697587,0.22158967499999999,401.0,1135.0
0.6158155417234833,0.0,0.1525293885,0.190694398,401.0,1135.0
0.6395154953501623,0.009705152,0.14728782499999998,0.1580779295,401.0,1135.0
0.693455289046631,0.220795541,0.120014836,0.185452579,401.0,1135.0
0.7089402970194493,0.405383106,0.105248769,0.219509614,401.0,1135.0
0.7054731067497385,0.568265206,0.108264453,0.255914734,401.0,1135.0
0.7009034288754188,0.693920246,0.09754472,0.2925899345,401.0,1135.0
0.6957250789995038,0.6402302665,0.100909007,0.398572861,401.0,1135.0
0.6951726807441274,0.4927195865,0.1089071945,0.479969692,401.0,1135.0
0.6986720014958874,0.198267001,0.104154247,0.4701576545,401.0,1135.0
0.7002669658229561,0.0,0.124285687,0.464477266,401.0,1135.0
0.6812450141129333,0.0,0.15397437033333333,0.48695388433333325,401.0,1135.0
0.6399110281394016,0.0,0.1763236645,0.5762088855,401.0,1135.0
0.6144062021825563,0.0,0.1750546615,0.622903181,401.0,1135.0
0.6208520066159124,0.0,0.16513073150000002,0.6351460339999999,401.0,1135.0
0.6244418084515488,0.0,0.154921731,0.6180631405,401.0,1135.0
0.6583210536610832,0.018842083,0.141706807,0.598073005,401.0,1135.0
0.6945942004990265,0.252360244,0.11256788,0.582008508,401.0,1135.0
0.7060865794997762,0.5442729525,0.06012577449999999,0.5050398604999999,401.0,1135.0
0.697309380004615,0.758031054,0.048308491,0.450649695,401.0,1135.0
0.6915109554381875,0.821153241,0.058753562,0.438724496,401.0,1135.0
0.6891181160656794,0.7004342335,0.0625286185,0.390809823,401.0,1135.0
0.6888747625943563,0.484612499,0.054232847,0.364536118,401.0,1135.0
0.691062518606587,0.299150089,0.047375904,0.358998023,401.0,1135.0
0.6944112988103446,0.041479011,0.062644983,0.3722961105,401.0,1135.0
0.6814541602907864,0.0,0.083621661,0.4173575805,401.0,1135.0
0.6682921690364405,0.0,0.1021834345,0.44443422850000003,401.0,1135.0
0.6378097601323571,0.0,0.1141139855,0.4866193615,515.5,1460.5
0.6296103946073046,0.0,0.1215231645,0.5225407485,630.0,1786.0
0.6875749702272236,0.0,0.140949919,0.538000844,630.0,1786.0
0.8303547423349725,0.004027619,0.1694092355,0.580302819,630.0,1786.0
0.8791765455090121,0.087535621,0.183663949,0.617006063,630.0,1786.0
0.8732485391777509,0.207001966,0.169833182,0.652789217,630.0,1786.0
0.8623286857176974,0.34904660249999997,0.213616034,0.696947697,630.0,1786.0
0.858936373337192,0.4324320985,0.292738623,0.748933815,630.0,1786.0
0.8618681999553284,0.385870559,0.371623379,0.7815313429999999,630.0,1786.0
0.8656786652800503,0.24881543700000003,0.3761095105,0.8189397439999999,630.0,1786.0
0.8589662870439871,0.0307224605,0.33735552150000003,0.8097057480000001,630.0,1786.0
0.8007388078773912,0.0,0.2946051285,0.7449690355,630.0,1786.0
0.7411356889259767,0.0,0.268957795,0.65751536,630.0,1786.0
0.6689342866388234,0.0,0.261072374,0.613923612,630.0,1786.0
0.6376298591931467,0.0,0.27287356549999997,0.710114566,630.0,1786.0
0.6525449728901046,0.0,0.29780601149999997,0.8081286275,630.0,1786.0
0.762650217551354,0.0,0.3371167525,0.8855955165,630.0,1786.0
0.8689431036312405,0.0542548545,0.3916887235,0.9177860355,630.0,1786.0
0.8765166243214206,0.158332906,0.4782265435,0.9307341505,630.0,1786.0
0.8723223055873106,0.14367998650000002,0.5748775765,0.9275561194999999,630.0,1786.0
0.8634386978973017,0.1179701525,0.657173814,0.9198185255,630.0,1786.0
0.857732924859435,0.0900442735,0.673765666,0.911611935,630.0,1786.0
0.8549552391849297,0.051133,0.664135968,0.904745745,630.0,1786.0
0.844375752360149,0.011044436,0.6525905009999999,0.886203183,630.0,1786.0
0.7971767045640452,0.0,0.6371951419999999,0.894907042,630.0,1786.0
0.706653542389457,0.0,0.6231349285000001,0.9057954545,630.0,1786.0
0.6342341998763809,0.0,0.6350203105000001,0.9134178465,630.0,1786.0
0.6243327922565723,0.0,0.637056734,0.9203192410000001,630.0,1786.0
0.683130858205169,0.0,0.6263218185,0.9075358410000001,630.0,1786.0
0.8216430492279503,0.0022078475,0.6100172285000001,0.862444778,630.0,1786.0
0.8712428072909084,0.107393458,0.577686785,0.818642825,630.0,1786.0
0.8599280211848815,0.285631152,0.5628016725,0.762996019,630.0,1786.0
0.8495739064004577,0.46199068899999995,0.5239281634999999,0.6585376255,630.0,1786.0
0.8427644454051685,0.446460616,0.545699448,0.6925831875,630.0,1786.0
0.8387845583339768,0.32918937950000005,0.465073198,0.711724649,630.0,1786.0
0.8423740828490073,0.175761461,0.338468431,0.722237616,630.0,1786.0
0.8423921335438438,0.0210915525,0.2649862475,0.683246833,630.0,1786.0
0.7983029665778594,0.0,0.20759468450000002,0.6336874655,630.0,1786.0
0.7078835348370108,0.0,0.188338084,0.620828612,630.0,1786.0
0.638072132998482,0.0,0.16520410000000002,0.5381762375,630.0,1786.0
0.6268015484763394,0.0,0.147511997,0.4605250955,630.0,1786.0
0.6838157697772616,0.0,0.140078404,0.46248872350000003,630.0,1786.0
0.8223233672466805,0.00304252,0.1362094645,0.4671356505,630.0,1786.0
0.8719184634203433,0.105644248,0.127964242,0.443056324,630.0,1786.0
0.8649314555957762,0.200260785,0.11413649,0.451336841,630.0,1786.0
0.8518871824646337,0.3750662455,0.1081620595,0.477184905,630.0,1786.0
0.8416265964406583,0.477813378,0.123167078,0.550095056,630.0,1786.0
0.8340842362069378,0.509415268,0.1488673535,0.6578134355,630.0,1786.0
0.8274239311450582,0.3519205045,0.132923515,0.7037934969999999,630.0,1786.0
0.8280326028152475,0.189609571,0.121413572,0.700825838,630.0,1786.0
0.8316353766138601,0.022380401,0.13398573149999998,0.6946939525,630.0,1786.0
0.7969028597451333,0.0,0.150358814,0.680069308,630.0,1786.0
0.7070084968574599,0.0,0.175222858,0.72070462,630.0,1786.0
0.6348295072319383,0.0,0.187165477,0.7446927320000001,630.0,1786.0
0.6257398697521752,0.0,0.18290419,0.7138055784999999,630.0,1786.0
0.684002664610915,0.0,0.16795537700000002,0.6520212514999999,630.0,1786.0
0.8242236606328588,0.003384733,0.1648577585,0.6091138064999999,630.0,1786.0
0.870614977698177,0.20746964,0.16027101,0.607180559,630.0,1786.0
0.8525694859371757,0.401089725,0.107331249,0.590358984,630.0,1786.0
0.8341294767820167,0.6483605164999999,0.0747136035,0.5355338635,630.0,1786.0
0.8247186769200923,0.8078428195,0.068846008,0.42593672400000004,630.0,1786.0
0.8192917801082098,0.7261508225,0.075363283,0.35166930900000004,630.0,1786.0
0.8169351100636204,0.4179523865,0.09439272,0.2964819585,630.0,1786.0
0.8147394135617669,0.026670803,0.183476487,0.28699829,630.0,1786.0
0.7898684883581535,0.0,0.2302506595,0.27780451949999996,630.0,1786.0
0.7419123509997859,0.0,0.234201864,0.253610935,630.0,1786.0
0.6389717762554152,0.0,0.218417908,0.2129655525,630.0,1786.0
0.5943681584550023,0.0,0.1948899755,0.1575803935,630.0,1786.0
0.6018416803549251,0.0,0.166080118,0.10880545166666666,630.0,1786.0
0.648982015311312,0.0028903225,0.1658459825,0.1031493245,630.0,1786.0
0.6966339087997715,0.201655736,0.170258113,0.101956367,630.0,1786.0
0.7097648777608516,0.406384461,0.123924257,0.088453763,630.0,1786.0
0.7025987542306347,0.581573798,0.085761971,0.073420136,630.0,1786.0
0.6987963672604638,0.702980768,0.069114434,0.040419291,630.0,1786.0
0.6968016224793165,0.7760726554999999,0.07662546049999999,0.050451107499999995,630.0,1786.0
0.6965084580116966,0.6684192689999999,0.080560069,0.0796693735,630.0,1786.0
0.6965320710261419,0.445303376,0.071718639,0.121140727,630.0,1786.0
0.696891872639438,0.247346852,0.082468411,0.201992149,630.0,1786.0
0.6911989333019319,0.016688434,0.1229421805,0.34560109,630.0,1786.0
0.6829566354782726,0.0,0.1609163635,0.568550187,630.0,1786.0
0.6626447240316469,0.0,0.1884021545,0.6870379565,630.0,1786.0
0.60743327457603,0.0,0.208607718,0.7065085445,630.0,1786.0
0.5888013619808833,0.0,0.242483821,0.768051338,630.0,1786.0
0.6047772081050911,0.0,0.28802014600000003,0.803564368,630.0,1786.0
0.6464456290532599,0.001776638,0.2769193115,0.779638142,630.0,1786.0
0.6986366858700249,0.127651594,0.227537396,0.654536483,630.0,1786.0
0.7289470645304005,0.257353297,0.196694403,0.546933689,630.0,1786.0
0.7307897916866566,0.384692965,0.186111416,0.444298558,630.0,1786.0
0.7244555653498203,0.522884976,0.130146308,0.2859224175,630.0,1786.0
0.7202887602796904,0.5383955935,0.10516602550000001,0.1782328975,630.0,1786.0
0.7235398336865773,0.39765786000000003,0.0926844215,0.088437341,630.0,1786.0
0.7257430550948321,0.197032536,0.09032443,0.042881244,630.0,1786.0
0.7319077672229028,0.0137476955,0.10821095,0.019186867500000003,630.0,1786.0
0.7147538396683311,0.0,0.104895014,0.033329541500000004,630.0,1786.0
0.6874573673007727,0.0,0.0830452965,0.1717834195,630.0,1786.0
0.6642851833542401,0.0,0.0766685215,0.35430100350000004,630.0,1786.0
0.6623761419743901,0.0,0.08499849200000001,0.47422352349999997,630.0,1786.0
0.7237487487639257,0.0,0.0958029195,0.5401478470000001,630.0,1786.0
0.847088023777405,0.001800707,0.108825057,0.6109466244999999,630.0,1786.0
0.8843825015112033,0.231035116,0.086960768,0.6348501555,630.0,1786.0
0.8627401909874004,0.5127812985,0.059428702,0.6259258409999999,630.0,1786.0
0.8453488885271481,0.6563456430000001,0.06159158049999999,0.667153914,630.0,1786.0
0.8337501937938465,0.5496362815,0.06669826849999999,0.6443791095,630.0,1786.0
0.8310688989026769,0.363683908,0.064641069,0.626625121,630.0,1786.0
0.8445831210967385,0.117123256,0.0742983505,0.6292525695,630.0,1786.0
0.8342922051199342,0.0,0.09375768649999999,0.5949612375,630.0,1786.0
0.7580208955310046,0.0,0.093161625,0.5431142465000001,630.0,1786.0
0.668828570916975,0.0,0.0988353265,0.6280096479999999,630.0,1786.0
0.6408741468617483,0.0,0.089930534,0.6113646685,630.0,1786.0
0.6622809750405587,0.0,0.082324319,0.6017873635,630.0,1786.0
0.7326869913970991,0.0,0.07977734,0.574522352,630.0,1786.0
0.8384352815148977,0.001554667,0.08733392849999999,0.574529441,630.0,1786.0
0.8796786250539805,0.177209241,0.08163017550000001,0.609668855,630.0,1786.0
0.8598944139573499,0.375992396,0.055618615,0.629382547,630.0,1786.0
0.8363403612930068,0.5665442169999999,0.056923529,0.589277155,630.0,1786.0
0.8240841532559966,0.6295870219999999,0.0572421405,0.5404772875,630.0,1786.0
0.8186334823663151,0.4478154485,0.053390674,0.475950149,630.0,1786.0
0.821461024771156,0.104964686,0.070426738,0.4781959345,630.0,1786.0
0.8141342040908719,0.0,0.10573781,0.49657159100000003,630.0,1786.0
0.759001787594441,0.0,0.125828345,0.45660693249999995,630.0,1786.0
0.6582222396696475,0.0,0.129858641,0.3933279455,630.0,1786.0
0.6238374991458422,0.0,0.098290829,0.27477012,630.0,1786.0
0.6427388938308715,0.0,0.081855432,0.13862636150000002,630.0,1786.0
0.7543181308848336,0.0,0.088410607,0.0869719835,630.0,1786.0
0.850625798570584,0.002826552,0.109260706,0.141823819,630.0,1786.0
0.8722949765165156,0.185837246,0.121381036,0.199980889,630.0,1786.0
0.8527823937949487,0.370312644,0.103028581,0.231984766,630.0,1786.0
0.8340621698646573,0.55041408,0.079638269,0.246935667,630.0,1786.0
0.8263689923588595,0.7408875770000001,0.08523831500000001,0.28242171250000003,630.0,1786.0
0.8218533721183168,0.7823836875,0.1462933455,0.336393883,630.0,1786.0
0.8190936907417969,0.651740832,0.210161629,0.408767995,630.0,1786.0
0.8181155689017643,0.48709245,0.24715972,0.543784813,630.0,1786.0
0.8165796939469511,0.283461772,0.338530675,0.695216858,630.0,1786.0
0.807773225992628,0.01032562,0.44687760249999997,0.816306958,630.0,1786.0
0.7794280005333118,0.0,0.48783895099999997,0.8647666395,630.0,1786.0
0.702887878858167,0.0,0.4721605765,0.8783839285,630.0,1786.0
0.6309032624432865,0.0,0.42964244,0.8672478975,630.0,1786.0
0.6201077281852554,0.0,0.40934231200000004,0.8423864409999999,630.0,1786.0
0.6752249801360997,0.0,0.40061157049999996,0.8424341385,630.0,1786.0
0.8095435674333835,0.001286193,0.396330631,0.8628065695,630.0,1786.0
0.8418070052928235,0.207368673,0.363351174,0.875624296,630.0,1786.0
0.8316898965591157,0.47821223749999997,0.249115409,0.8355341125,630.0,1786.0
0.8258250883726618,0.7158926955,0.136930008,0.6646940815,630.0,1786.0
0.8220696964413452,0.745973804,0.149493331,0.5741959944999999,630.0,1786.0
0.8183671621223982,0.5186592114999999,0.17298231,0.6672904725,630.0,1786.0
0.8166732220445874,0.243771475,0.228997365,0.753341568,630.0,1786.0
0.8114585407831816,0.013615803,0.284711315,0.784596052,630.0,1786.0
0.7947554971626883,0.0,0.3302908765,0.8012333645,630.0,1786.0
0.7486335698243789,0.0,0.3308746185,0.819640666,630.0,1786.0
0.6694445369343572,0.0,0.355197501,0.85018483,630.0,1786.0
0.6306511841435766,0.0,0.317592975,0.820677272,630.0,1786.0
0.6199182020204854,0.0,0.2934462095,0.8282842930000001,630.0,1786.0
0.6753204932898603,0.0,0.26494481400000003,0.832271829,630.0,1786.0
0.8100916723230227,0.0009322475,0.2466307875,0.824143752,630.0,1786.0
0.8384731360427218,0.2798953705,0.2016029795,0.804008273,630.0,1786.0
0.8276837879762408,0.544528714,0.123842023,0.7776187,630.0,1786.0
0.8254764120613955,0.669527929,0.092156624,0.693364902,630.0,1786.0
0.8250087709104019,0.7521432455,0.1085949235,0.677653294,630.0,1786.0
0.8204364156063801,0.6574642884999999,0.11976744149999999,0.6493187235,630.0,1786.0
0.8176851360367432,0.430394437,0.11870643,0.657123945,630.0,1786.0
0.8144419328613905,0.1230290155,0.166049409,0.69671394,630.0,1786.0
0.7935926270393086,0.0,0.24937443450000002,0.7804960915000001,630.0,1786.0
0.7476584253365487,0.0,0.286289856,0.8178162205,630.0,1786.0
0.6360011023825488,0.0,0.284473132,0.845305547,630.0,1786.0
0.5900959610159342,0.0,0.238430345,0.8142601389999999,630.0,1786.0
0.591292946312941,0.0,0.20829594299999998,0.796003891,630.0,1786.0
0.6155269708092257,0.0,0.198903865,0.7881279175,630.0,1786.0
0.6711497180743409,0.0973924585,0.21578998700000002,0.7963368145,630.0,1786.0
0.6985746416811802,0.4890061375,0.15914219699999999,0.7945823685,630.0,1786.0
0.6965137436072306,0.704357662,0.100722453,0.739610126,630.0,1786.0
0.6992726866110092,0.7798007520000001,0.11955401500000001,0.7344396915,630.0,1786.0
0.702931296037006,0.6828169934999999,0.158344541,0.7506298765,630.0,1786.0
0.7012985918486161,0.466749139,0.195713523,0.801648646,630.0,1786.0
0.6977175616027642,0.2613141,0.269054499,0.838137812,630.0,1786.0
0.688833007085591,0.0048653495,0.370383334,0.876221945,630.0,1786.0
0.6807183065671722,0.0,0.406300737,0.8969682425,630.0,1786.0
0.6609515916567287,0.0,0.377834666,0.887408201,630.0,1786.0
0.6068465306540994,0.0,0.334399461,0.8524448995,630.0,1786.0
0.5900923986767702,0.0,0.3174242743333333,0.7939534886666667,630.0,1786.0
0.6160954568743806,0.0,0.32546143,0.735664859,630.0,1786.0
0.6723523582195337,0.1007437735,0.32253929049999996,0.753157904,630.0,1786.0
0.7006891818056856,0.417856333,0.270520509,0.779362933,630.0,1786.0
0.6985717329300359,0.597300771,0.21647291,0.783100789,630.0,1786.0
0.6976727826763517,0.724208582,0.177089882,0.738013385,630.0,1786.0
0.6971743041898242,0.7970043235,0.211173756,0.752361335,630.0,1786.0
0.6984810211212483,0.688133881,0.2508472425,0.744744893,630.0,1786.0
0.698542511530537,0.455306583,0.274154955,0.742267494,630.0,1786.0
0.6961031155694153,0.249068531,0.320355802,0.736218065,630.0,1786.0
0.6892355799672807,0.0034712145,0.3714906165,0.6963112155,630.0,1786.0
0.6812913398219793,0.0,0.378363311,0.597773557,630.0,1786.0
0.6698281822207286,0.0,0.346421412,0.5022505580000001,630.0,1786.0
0.6305705126464608,0.0,0.2826682655,0.39919294299999997,630.0,1786.0
0.6197558203333251,0.0,0.228135303,0.2975692005,630.0,1786.0
0.6744252585291355,0.0,0.2168983935,0.2666537105,630.0,1786.0
0.8085915282458874,0.000549538,0.21545108200000002,0.3210658255,630.0,1786.0
0.8418070052928235,0.185251563,0.201243345,0.360747913,630.0,1786.0
0.8326227778240696,0.383601653,0.151415501,0.360759359,630.0,1786.0
0.8277343837421298,0.550194336,0.096271041,0.338290928,630.0,1786.0
0.8254764120613955,0.663393537,0.063821846,0.287963571,630.0,1786.0
0.8249710091762796,0.7332135184999999,0.065770305,0.269283893,630.0,1786.0
0.8196252223448943,0.6354167079999999,0.0730252935,0.23385978400000001,630.0,1786.0
0.8179082922960643,0.409681375,0.079420292,0.218364063,630.0,1786.0
0.8150515742257631,0.1098231825,0.114373277,0.216410755,630.0,1786.0
0.8014009837332077,0.0,0.1253775805,0.2111703715,630.0,1786.0
0.7550548383105041,0.0,0.106211447,0.200465744,630.0,1786.0
0.6703616760792124,0.0,0.092766191,0.214718357,630.0,1786.0
0.6323962510655161,0.0,0.07316350199999999,0.19250840749999998,630.0,1786.0
0.6234128368560092,0.0,0.055542219500000004,0.14082919900000002,630.0,1786.0
0.6827894757108459,0.0,0.046917353499999995,0.11808638,630.0,1786.0
0.821310068639932,0.0,0.0456843215,0.1680677155,630.0,1786.0
0.8643829354543215,0.15884293,0.044866449,0.195658691,630.0,1786.0
0.8467020467178706,0.349993123,0.034550621,0.203720544,630.0,1786.0
0.8288973459963993,0.5746585070000001,0.014272164,0.15974938700000002,630.0,1786.0
0.824438969196259,0.7130880104999999,0.012118344999999999,0.1423197405,630.0,1786.0
0.8197574358053916,0.5949353995,0.0152198895,0.1459188315,630.0,1786.0
0.8173703897425284,0.388612541,0.019194065,0.137927111,630.0,1786.0
0.8173030831565753,0.1076681275,0.0325106295,0.13637941050000002,630.0,1786.0
0.8071947454161211,0.0,0.046301596,0.229619442,630.0,1786.0
0.7569244554245022,0.0,0.05906061950000001,0.351832527,630.0,1786.0
0.6571359323371126,0.0,0.06404676649999999,0.335147869,630.0,1786.0
0.6225572340533252,0.0,0.058455868,0.293310167,630.0,1786.0
0.641454820219709,0.0,0.046303792999999996,0.26995317350000003,630.0,1786.0
0.7104699859484154,0.0,0.036860345,0.263445305,630.0,1786.0
0.8213411366340959,0.0,0.033647631,0.23072665850000001,630.0,1786.0
0.864124694227768,0.20197175299999998,0.027390599,0.20081404349999998,630.0,1786.0
0.8390294120806138,0.44768856,0.012242535,0.174295935,630.0,1786.0
0.8290179261093495,0.6429334170000001,0.00665692,0.1240743785,630.0,1786.0
0.8213965798766841,0.670089214,0.008234193,0.113797724,630.0,1786.0
0.8181045814646628,0.443691837,0.015813537,0.08691135250000001,630.0,1786.0
0.8248808508156418,0.09594612699999999,0.052470222,0.0621828285,630.0,1786.0
0.81462714312481,0.0,0.0754186805,0.06271429449999999,630.0,1786.0
0.7588176855529456,0.0,0.06252738050000001,0.074483093,630.0,1786.0
0.6583332641191739,0.0,0.051367827,0.126926723,630.0,1786.0
0.6241760656164413,0.0,0.056220881,0.216573079,630.0,1786.0
0.6239819923283005,0.0,0.0695523395,0.331043747,630.0,1786.0
0.6827329709745906,0.0,0.088943752,0.4306029525,630.0,1786.0
0.8212706445729236,0.0,0.10037654,0.46336346250000005,630.0,1786.0
0.869737862465331,0.082163149,0.104894186,0.482443873,630.0,1786.0
0.8552123264555204,0.2430380175,0.0948944075,0.4948255735,630.0,1786.0
0.8443578405244591,0.419929842,0.087415081,0.443484953,630.0,1786.0
0.8377859854248866,0.4641958985,0.10078896,0.4190661875,630.0,1786.0
0.83182317151328,0.4045954635,0.12361166300000001,0.393719973,630.0,1786.0
0.8339803675768638,0.272513931,0.138563012,0.40670125,630.0,1786.0
0.8373956692655763,0.074108963,0.176337999,0.437413543,630.0,1786.0
0.8179249573820897,0.0,0.2031247595,0.3909923515,630.0,1786.0
0.758142814855915,0.0,0.19557527,0.3520666005,630.0,1786.0
0.6717054163720175,0.0,0.150412484,0.268913957,630.0,1786.0
0.6342409398143463,0.0,0.137296121,0.22393494600000002,630.0,1786.0
0.6254162603669579,0.0,0.10722688,0.160029843,630.0,1786.0
0.684002664610915,0.0,0.09022856900000001,0.1196930795,630.0,1786.0
0.8240552085805726,0.0,0.080114837,0.0916636305,630.0,1786.0
0.8763410629459546,0.080849689,0.068414313,0.081455044,630.0,1786.0
0.8735744571708466,0.178732777,0.044669903,0.070915346,630.0,1786.0
0.8618943290047159,0.323464325,0.031435652,0.0495546475,630.0,1786.0
0.8467931744412858,0.416915545,0.024584724500000002,0.026910071,630.0,1786.0
0.8374942754985417,0.3487784685,0.023303357,0.025651522500000003,630.0,1786.0
0.8433363707694577,0.152912183,0.0299789335,0.0237127325,630.0,1786.0
0.8553952742096472,0.001844743,0.049381862,0.028928665,630.0,1786.0
0.8346614703651862,0.0,0.053081896,0.0367679145,630.0,1786.0
0.7576712266585355,0.0,0.046055453499999996,0.0565666335,630.0,1786.0
0.6609036963864048,0.0,0.034624604,0.090566362,630.0,1786.0
0.6265408144464097,0.0,0.0333927305,0.140777561,630.0,1786.0
0.6174659955905692,0.0,0.042371416999999995,0.23851057850000001,630.0,1786.0
0.6301129123705296,0.0,0.051530244,0.301349403,630.0,1786.0
0.6677688542162128,0.0,0.0660358145,0.31038596549999997,630.0,1786.0
0.727801644262638,0.072393767,0.066104544,0.308725644,630.0,1786.0
0.7440311384245837,0.22775366400000002,0.055434532999999994,0.32470359299999996,630.0,1786.0
0.7285826003649967,0.45559467649999996,0.059014921,0.311388629,630.0,1786.0
0.7196800650796696,0.4469851285,0.07749001999999999,0.28048008700000004,630.0,1786.0
0.7218358761972545,0.367858371,0.080849453,0.238248604,630.0,1786.0
0.7288070262410016,0.193352974,0.081019541,0.1872302595,630.0,1786.0
0.7381381938621294,0.0009560925,0.1038790275,0.1968779175,630.0,1786.0
0.7163891291555335,0.0,0.10248230950000001,0.16739031199999999,630.0,1786.0
0.6749637843580818,0.0,0.08713552150000001,0.1654637235,630.0,1786.0
0.6391211859133181,0.0,0.078846294,0.196766932,630.0,1786.0
0.6186892020347126,0.0,0.066111788,0.2110001395,630.0,1786.0
0.6230096639304753,0.0,0.059706143,0.2342496295,630.0,1786.0
0.6430946333004508,0.0,0.0552920445,0.2714410865,630.0,1786.0
0.70750404405723,0.0354764145,0.048234549,0.330694235,630.0,1786.0
0.7407777100461083,0.2449654225,0.037088549,0.3833948835,630.0,1786.0
0.7238757230257399,0.401036441,0.041648171,0.443135038,630.0,1786.0
0.714292454138461,0.490347835,0.0590647255,0.5088037315,630.0,1786.0
0.7089786360629591,0.43743140300000005,0.0688250495,0.5622852380000001,630.0,1786.0
0.7156254847124579,0.2154342105,0.07381736850000001,0.588441682,630.0,1786.0
0.7343808396754266,0.00152646,0.100077414,0.606600913,630.0,1786.0
0.725657443956987,0.0,0.1251413485,0.6036526015,630.0,1786.0
0.6976154467736535,0.0,0.14247684500000002,0.5673820055000001,630.0,1786.0
0.6768804429077852,0.0,0.123764704,0.573493533,630.0,1786.0
0.6383532946007782,0.0,0.125035995,0.6792629685,630.0,1786.0
0.62874934444978,0.0,0.12927539999999998,0.7949284050000001,630.0,1786.0
0.6846868144129974,0.0,0.1432479095,0.7638480165,630.0,1786.0
0.8232567104917069,0.0,0.1576111955,0.7795863190000001,630.0,1786.0
0.8729663853456578,0.077673062,0.17544115,0.79674836,630.0,1786.0
0.8717079556053854,0.188715788,0.17025829,0.781097865,630.0,1786.0
0.8673558024069075,0.266331487,0.172614587,0.755852879,630.0,1786.0
0.861774441199062,0.3436549365,0.174877249,0.6867848409999999,630.0,1786.0
0.8546880887687882,0.33372970150000003,0.1917170235,0.625604391,630.0,1786.0
0.8522590797369551,0.225612312,0.197912166,0.6145209625,630.0,1786.0
0.8636628702476571,0.04390705,0.1792879225,0.6034460035,630.0,1786.0
0.8372335875009163,0.0,0.1741058525,0.589198084,630.0,1786.0
0.7614081761730317,0.0,0.199641609,0.7279128335,630.0,1786.0
0.6878555550172416,0.0,0.232663521,0.82074737,630.0,1786.0
0.6629093127450887,0.0,0.27892183800000003,0.8845380755,630.0,1786.0
0.652868997725981,0.0,0.365217156,0.9227558265,630.0,1786.0
0.7035358132006047,0.0,0.458698868,0.9317918435,630.0,1786.0
0.8068204477695786,0.0,0.534033666,0.932067796,630.0,1786.0
0.8703502737217015,0.0089513405,0.594339687,0.9320945575,630.0,1786.0
0.8788664160328666,0.073888325,0.639796289,0.9274682974999999,630.0,1786.0
0.870282505155676,0.13860725699999998,0.6646155695,0.9299655765,630.0,1786.0
0.8603235540072616,0.15265377549999998,0.741473004,0.9299882349999999,630.0,1786.0
0.8563983247462539,0.118343065,0.7697377329999999,0.927361743,630.0,1786.0
0.855418864025667,0.019740542,0.7992100799999999,0.9265151574999999,630.0,1786.0
0.8265767760158584,0.0,0.8033111525000001,0.9289118035,630.0,1786.0
0.7591236601910946,0.0,0.7955480420000001,0.9331721285,630.0,1786.0
0.6580360142762712,0.0,0.786815296,0.9316550219999999,630.0,1786.0
0.6221583774268291,0.0,0.8020689335,0.9304333090000001,630.0,1786.0
0.6397821153177357,0.0,0.80250398,0.9347835495,630.0,1786.0
0.75151727097753,0.0,0.7717796265000001,0.933858557,630.0,1786.0
0.851652254330025,0.010282717,0.7305079225,0.9288922365,630.0,1786.0
0.8604258534295576,0.066814068,0.67690749,0.917251822,630.0,1786.0
0.8558009629712797,0.123755343,0.66177905,0.903324915,630.0,1786.0
0.8526483340711923,0.150517351,0.57623367,0.836023835,630.0,1786.0
0.8499914134342286,0.198894941,0.5945291145,0.8086676395,630.0,1786.0
0.8470600941987971,0.1575916235,0.541807352,0.7991849710000001,630.0,1786.0
0.8488319591132921,0.097014861,0.434172139,0.788462437,630.0,1786.0
0.8555774832596268,0.0114787065,0.367476786,0.732223166,630.0,1786.0
0.8295496426370382,0.0,0.326430471,0.701545634,630.0,1786.0
0.7583547994163553,0.0,0.333577754,0.7158764765,630.0,1786.0
0.6726578250772903,0.0,0.330180692,0.760874312,630.0,1786.0
0.6341757332161455,0.0,0.3873136725,0.8051170565000001,630.0,1786.0
0.6235457428889277,0.0,0.45881085,0.7906842905,630.0,1786.0
0.6817309821636354,0.0,0.4963160985,0.8115846849999999,630.0,1786.0
0.8170341318798073,0.0,0.524781604,0.7965273749999999,630.0,1786.0
0.8650215678909692,0.030191377499999998,0.5273289715,0.7727274525,630.0,1786.0
0.8626846559453287,0.1497802285,0.5394526660000001,0.7458626965,630.0,1786.0
0.8603398038414716,0.19422763199999998,0.539978285,0.7312035619999999,630.0,1786.0
0.8566007999406995,0.199037018,0.4954312725,0.724672293,630.0,1786.0
0.8592597514341075,0.145146802,0.449435384,0.706895338,630.0,1786.0
0.8576743428698845,0.035129691,0.389960162,0.6724120535,630.0,1786.0
0.8289737934247887,0.0,0.3260475385,0.6513736,630.0,1786.0
0.7581402756225474,0.0,0.26264907000000004,0.5782031565,630.0,1786.0
0.6741929616593624,0.0,0.188223681,0.511428444,630.0,1786.0
0.635944897734497,0.0,0.1683369275,0.5918236189999999,630.0,1786.0
0.6260254399832424,0.0,0.1671142025,0.650367267,630.0,1786.0
0.6836887265498426,0.0,0.1688606615,0.6967778185,630.0,1786.0
0.7972045877458022,0.0,0.187533567,0.714423907,630.0,1786.0
0.8632019692334726,0.0156365855,0.22002098399999998,0.7478117715,630.0,1786.0
0.8744624670470923,0.13103303700000002,0.2674650625,0.8151723325,630.0,1786.0
0.8705458702515974,0.24665518399999997,0.288315615,0.8468115695,630.0,1786.0
0.864750262305425,0.3040025075,0.3183952525,0.8241216474999999,630.0,1786.0
0.8648280482829622,0.21617973899999998,0.347626278,0.7849155425000001,630.0,1786.0
0.8693218328398546,0.028738719,0.3483981545,0.8159462195,630.0,1786.0
0.8373846360944361,0.0,0.380857248,0.8342966625,630.0,1786.0
0.7583647246969777,0.0,0.4069179825,0.8371374524999999,630.0,1786.0
0.6473620989898221,0.0,0.36985408750000004,0.8107844895,630.0,1786.0
0.6099727078147014,0.0,0.40206723099999997,0.8541036823333333,630.0,1786.0
0.6248910530191827,0.0,0.40770629700000005,0.8076182670000001,630.0,1786.0
0.6664263370438186,0.0,0.3723777455,0.742612851,630.0,1786.0
0.7280964014678677,0.014216332,0.32374518,0.668278674,630.0,1786.0
0.7585292068358588,0.132709064,0.307878381,0.612082518,630.0,1786.0
0.7576727733307003,0.257473494,0.283534918,0.553897096,630.0,1786.0
0.7496043284841762,0.3184402455,0.19614431,0.4616731495,630.0,1786.0
0.7437706353515496,0.293311025,0.14649996650000002,0.3779588645,630.0,1786.0
0.7522441455848738,0.1969151095,0.103862311,0.37095354700000005,630.0,1786.0
0.7687810218665806,0.027289893,0.096375452,0.459785595,630.0,1786.0
0.7497030271794376,0.0,0.12511499850000002,0.5462497559999999,630.0,1786.0
0.7063796283066749,0.0,0.1687539115,0.5750227915,630.0,1786.0
0.6748517213813294,0.0,0.184123798,0.468221159,630.0,1786.0
0.6479143122543259,0.0,0.227126718,0.51407929,630.0,1786.0
0.6382494025734351,0.0,0.26626014600000003,0.5808327005,630.0,1786.0
0.6389529874861031,0.0,0.305924118,0.5799548969999999,630.0,1786.0
0.6520942279808756,0.0,0.374759988,0.6290612099999999,630.0,1786.0
0.6922032766536477,0.010534907,0.410456046,0.647303702,630.0,1786.0
0.7357744373613796,0.128511647,0.431303035,0.637620861,630.0,1786.0
0.7643473434357901,0.210092992,0.466633787,0.637661356,630.0,1786.0
0.7633256423593465,0.27630294499999997,0.3951242035,0.5156191705,630.0,1786.0
0.7592378928834378,0.2424509755,0.443718602,0.564057186,630.0,1786.0
0.76127093064265,0.176860712,0.444374681,0.640030863,630.0,1786.0
0.767956026204769,0.129638964,0.445075953,0.705955919,630.0,1786.0
0.7794978470154448,0.0225646705,0.45074250299999996,0.7578033685,630.0,1786.0
0.7695584233073492,0.0,0.4543883915,0.83737489,630.0,1786.0
0.7297939886695641,0.0,0.44284687,0.8514017955,630.0,1786.0
0.693335494034679,0.0,0.34196275,0.8098116365,630.0,1786.0
0.6679960345406922,0.0,0.35616818033333336,0.8281977793333333,630.0,1786.0
0.6806040738748289,0.0,0.33857212400000003,0.8126687865,630.0,1786.0
0.7923404297217338,0.0,0.348503624,0.796915066,630.0,1786.0
0.8680388442521909,0.009802409,0.337744245,0.79759383,630.0,1786.0
0.891543316578867,0.060038675,0.3792748695,0.7756104835,630.0,1786.0
0.8894210669547751,0.091435497,0.304388897,0.767776488,630.0,1786.0
0.8886169369510243,0.09476205600000001,0.327303216,0.7513941184999999,630.0,1786.0
0.8874873048688056,0.0570488365,0.37546542,0.8225641800000001,630.0,1786.0
0.8902171643380136,0.017285520000000002,0.44880752,0.833536276,630.0,1786.0
0.8908857572097134,0.0,0.489746304,0.852084963,630.0,1786.0
0.873851625329906,0.0,0.5152392745,0.8789030725,630.0,1786.0
0.8045238831882789,0.0,0.54942862,0.8606599075,630.0,1786.0
0.7213284646599014,0.0,0.4285843215,0.889841009,630.0,1786.0
0.6617358018353645,0.0,0.525011991,0.923230169,630.0,1786.0
0.6460068866779485,0.0,0.5158810220000001,0.9256967700000001,630.0,1786.0
0.6976162547416711,0.0,0.5096331025,0.883980871,630.0,1786.0
0.8314538138057321,0.0158411375,0.5377329765000001,0.7824235565,630.0,1786.0
0.8799786903903574,0.140918702,0.54115102,0.6530425715,630.0,1786.0
0.8746192393549808,0.239083117,0.4475161,0.52116487,630.0,1786.0
0.8732555560386351,0.2966750845,0.5400943205,0.6619613245,630.0,1786.0
0.8717448404390259,0.206291682,0.631932096,0.766714223,630.0,1786.0
0.875696798925828,0.044296113500000005,0.7104113155,0.757935086,630.0,1786.0
0.874363214240869,0.0,0.7082969825000001,0.760875265,630.0,1786.0
0.8386825359671618,0.0,0.702004717,0.799649648,630.0,1786.0
0.7570122362779382,0.0,0.674733222,0.8056368235,630.0,1786.0
0.6633481243179891,0.0,0.638142406,0.8740116005,630.0,1786.0
0.6348902128053537,0.0,0.588767388,0.885875329,630.0,1786.0
0.6595217090152763,0.0,0.521122698,0.862979049,630.0,1786.0
0.7419883371109152,0.0,0.463445743,0.839272296,630.0,1786.0
0.8430031595228092,0.0203708985,0.4107767195,0.7978095279999999,630.0,1786.0
0.8851503465263142,0.3451492355,0.30492675199999997,0.761967133,630.0,1786.0
0.8766631028251283,0.53512239,0.197711936,0.736672004,630.0,1786.0
0.8694626327004202,0.5764359035,0.1578438365,0.6707673569999999,630.0,1786.0
0.8626481863635034,0.44110988650000005,0.13963953,0.49038608100000003,630.0,1786.0
0.8640022678515586,0.21229834,0.170250356,0.457034153,630.0,1786.0
0.8727030195869243,0.0137735085,0.2543131515,0.48984467900000006,630.0,1786.0
0.8594375292534215,0.0,0.3013813705,0.543701336,630.0,1786.0
0.8005507819879352,0.0,0.2967447425,0.5682801515,630.0,1786.0
0.7384364361336726,0.0,0.265255038,0.554508598,630.0,1786.0
0.678881465845669,0.0,0.24031086299999999,0.5505591590000001,779.0,2207.0
0.6614895632090099,0.0,0.238109493,0.5948566399999999,928.0,2628.0
0.6896152556716528,0.0,0.24663401000000001,0.7155422005000001,928.0,2628.0
0.7896594576200839,0.0,0.260011296,0.756507691,928.0,2628.0
0.8981215883629168,0.011772258,0.26162836,0.778047664,928.0,2628.0
0.9254564690378553,0.198576183,0.226758003,0.767792182,928.0,2628.0
0.9092824645153486,0.301409814,0.166763537,0.73459391,928.0,2628.0
0.8997721347917201,0.324240143,0.100523099,0.659821037,928.0,2628.0
0.887652248656353,0.30585790150000003,0.09699314349999999,0.5602421785,928.0,2628.0
0.8849974516695354,0.204939092,0.11643561350000001,0.526773828,928.0,2628.0
0.895609715218217,0.070593408,0.15825545,0.5055935545,928.0,2628.0
0.9036428901729173,0.0,0.185174929,0.550519573,928.0,2628.0
0.8891475916536399,0.0,0.2403532605,0.53562519,928.0,2628.0
0.8294697790747995,0.0,0.288339721,0.585059678,928.0,2628.0
0.7516267718538951,0.0,0.331891526,0.606817213,928.0,2628.0
0.6778784613745072,0.0,0.3548804205,0.6120825035,928.0,2628.0
0.6592341767939476,0.0,0.343708957,0.7130605335,928.0,2628.0
0.6863593347880668,0.0,0.3269289315,0.794131715,928.0,2628.0
0.7853056420887203,0.0,0.318119852,0.79207999,928.0,2628.0
0.8974706763368706,0.0091290085,0.2923633015,0.7895438054999999,928.0,2628.0
0.9175792355560066,0.20619812699999998,0.229716062,0.7602216905000001,928.0,2628.0
0.8972176521047929,0.380874608,0.169281527,0.6640590715,928.0,2628.0
0.8887727402275414,0.40512769400000004,0.1432822985,0.6439988095,928.0,2628.0
0.8916734063892181,0.253323109,0.106356377,0.556941122,928.0,2628.0
0.9110767652899007,0.048544823,0.105173443,0.488542609,928.0,2628.0
0.9262757409852981,0.0,0.107018188,0.408684506,928.0,2628.0
0.8666453390285334,0.0,0.10782875650000001,0.3113844675,928.0,2628.0
0.761549576210004,0.0,0.10657180299999999,0.257689304,928.0,2628.0
0.6874166278830418,0.0,0.113262034,0.2383383445,928.0,2628.0
0.6716785032158502,0.0,0.1002992485,0.25231032249999996,928.0,2628.0
0.6760495608112207,0.0,0.09207705399999999,0.261726933,928.0,2628.0
0.6938900613428342,0.0,0.090152153,0.2794680695,928.0,2628.0
0.7503989027250815,0.0858686845,0.0817146525,0.36270037099999997,928.0,2628.0
0.7806087364269367,0.350262468,0.047994474499999995,0.447581286,928.0,2628.0
0.7612794709772734,0.49657553349999994,0.03758532,0.46525777999999995,928.0,2628.0
0.7569509075948154,0.4395508265,0.045791407000000006,0.4520601675,928.0,2628.0
0.764755386506199,0.260176443,0.062243625,0.452134263,928.0,2628.0
0.8006492036277153,0.0272084385,0.1020003825,0.474454606,928.0,2628.0
0.7848817494121748,0.0,0.155686773,0.5366652900000001,928.0,2628.0
0.7165629132002046,0.0,0.1748430295,0.593787267,928.0,2628.0
0.6873382874631364,0.0,0.162900602,0.588076203,928.0,2628.0
0.6676732562887774,0.0,0.15432221966666668,0.5653223153333333,928.0,2628.0
0.6703265225109218,0.0,0.14571355349999998,0.580140349,928.0,2628.0
0.7049433289476046,0.005119803,0.137949983,0.5855241840000001,928.0,2628.0
0.763505404638254,0.17211553200000002,0.1133782375,0.5785368225,928.0,2628.0
0.7562542701465987,0.2881268895,0.06877803,0.46478706150000004,928.0,2628.0
0.746991171676809,0.33846669949999997,0.056195924499999994,0.35102127400000005,928.0,2628.0
0.7486609681590441,0.226959343,0.06757070849999999,0.313689516,928.0,2628.0
0.7690367241911725,0.043606251,0.11125833,0.364883823,928.0,2628.0
0.7703037403315134,0.0,0.1600319725,0.4199035375,928.0,2628.0
0.747409693807396,0.0,0.175941817,0.477445794,928.0,2628.0
0.7071463193658232,0.0,0.1644838865,0.407102773,928.0,2628.0
0.6784260582186292,0.0,0.156816256,0.3497967655,928.0,2628.0
0.6591928600336886,0.0,0.16565439799999998,0.359364646,928.0,2628.0
0.6844217638520458,0.0,0.176744712,0.41209512000000004,928.0,2628.0
0.7803372923136521,0.0,0.186967963,0.425333601,928.0,2628.0
0.8938392349183149,0.004722392,0.187011826,0.41735632,928.0,2628.0
0.9096954007964954,0.155513324,0.14931954349999998,0.3898486025,928.0,2628.0
0.8873145133853374,0.305831878,0.104633321,0.342862145,928.0,2628.0
0.8760285791610327,0.3970634455,0.103527067,0.28538905800000003,928.0,2628.0
0.8676341709187805,0.3350808325,0.1154210925,0.35915424100000004,928.0,2628.0
0.8688640712354447,0.16012329,0.154519331,0.424730391,928.0,2628.0
0.8867368636438673,0.0151752335,0.2166157675,0.47567946299999997,928.0,2628.0
0.8812446911024762,0.0,0.242016785,0.45995226300000003,928.0,2628.0
0.8020163494747612,0.0,0.2520597775,0.388577755,928.0,2628.0
0.707425288054103,0.0,0.243837804,0.3813933745,928.0,2628.0
0.6621729975716517,0.0,0.22354667849999998,0.3669209035,928.0,2628.0
0.6581902942778926,0.0,0.227113605,0.39065570400000005,928.0,2628.0
0.7383864634112096,0.0,0.228666201,0.4620869705,928.0,2628.0
0.8815409714500391,0.0073204125,0.2284915735,0.4974122015,928.0,2628.0
0.8835504425916569,0.303542099,0.173871893,0.517649676,928.0,2628.0
0.8639926656918622,0.528927344,0.095959692,0.482947284,928.0,2628.0
0.8551909063550915,0.606889224,0.091299438,0.4710046825,928.0,2628.0
0.8494500486813986,0.48177970049999996,0.118792443,0.490565233,928.0,2628.0
0.8561369905067768,0.1412009555,0.2219095505,0.5698535625,928.0,2628.0
0.8682677712855437,0.0,0.2906711865,0.622127292,928.0,2628.0
0.8357853780702242,0.0,0.2766003685,0.6457291705,928.0,2628.0
0.7749327849649758,0.0,0.251533345,0.632108898,928.0,2628.0
0.7067898414240807,0.0,0.22361510150000002,0.656453912,928.0,2628.0
0.6612774860537114,0.0,0.21865001099999998,0.631264557,928.0,2628.0
0.6589022117667138,0.0,0.222353256,0.6565279565,928.0,2628.0
0.7413489663015265,0.0,0.224734411,0.648703499,928.0,2628.0
0.8881852579991509,0.005428677,0.22707468050000001,0.6141876655,928.0,2628.0
0.8976116150565827,0.3304359675,0.200326707,0.6341478865000001,928.0,2628.0
0.8793696955992423,0.53278833,0.115097786,0.614443458,928.0,2628.0
0.8701630789986884,0.5998678655,0.12375192099999999,0.6240980575,928.0,2628.0
0.8669464201245385,0.4764341105,0.1407976935,0.6467331755,928.0,2628.0
0.8688640712354447,0.245888431,0.177681568,0.66224866,928.0,2628.0
0.8837792310972692,0.0081211845,0.210318553,0.6861681475,928.0,2628.0
0.8771742761528699,0.0,0.21524179599999999,0.703013411,928.0,2628.0
0.8021456084500755,0.0,0.212691779,0.694413426,928.0,2628.0
0.7074680593224965,0.0,0.1848290125,0.656050341,928.0,2628.0
0.6635447134422284,0.0,0.1867893255,0.6173661905000001,928.0,2628.0
0.6611733863010387,0.0,0.1915685875,0.619865304,928.0,2628.0
0.7436178326256604,0.0,0.18128450000000002,0.6029478765,928.0,2628.0
0.8952371717040439,0.002503909,0.171871452,0.5973243875,928.0,2628.0
0.9135083132236954,0.1866832705,0.1230773245,0.6037893085,928.0,2628.0
0.8940465108612028,0.351444187,0.056927813,0.519054906,928.0,2628.0
0.8813480523498451,0.4067274295,0.052601034,0.47369396500000005,928.0,2628.0
0.8723355088054479,0.32622420399999996,0.042155025,0.3645304585,928.0,2628.0
0.8805643263554889,0.183585811,0.042756475,0.30413599,928.0,2628.0
0.9105702538514547,0.013141411,0.065532009,0.3292171315,928.0,2628.0
0.9067434465616332,0.0,0.09240857150000001,0.32482411349999996,928.0,2628.0
0.8035866164266983,0.0,0.1160649025,0.2637923095,928.0,2628.0
0.7134473765939624,0.0,0.137845775,0.256293349,928.0,2628.0
0.6756910284832024,0.0,0.1398074605,0.326820768,928.0,2628.0
0.6710842112553743,0.0,0.13509414949999998,0.38513204700000003,928.0,2628.0
0.7486657231734477,0.0,0.1418395795,0.4003770595,928.0,2628.0
0.8968515256065032,0.0014680505,0.1435129395,0.4576833275,928.0,2628.0
0.9182204993569114,0.132236345,0.13880436499999999,0.477342344,928.0,2628.0
0.8959453271704926,0.287155191,0.132864084,0.49635832550000003,928.0,2628.0
0.8829944896746906,0.30525924299999996,0.131351838,0.5222517645,928.0,2628.0
0.8814071884503576,0.149524926,0.1230872485,0.5564067875,928.0,2628.0
0.8947578054060197,0.008174179,0.172536193,0.598416126,928.0,2628.0
0.8838996266170343,0.0,0.2152119035,0.664167569,928.0,2628.0
0.8024992707657812,0.0,0.25404754,0.7044172075,928.0,2628.0
0.6982318740088742,0.0,0.271885774,0.7294303275,928.0,2628.0
0.6396636354908031,0.0,0.31055399699999997,0.7613166505,928.0,2628.0
0.6273940167423102,0.0,0.34581574849999996,0.8052236349999999,928.0,2628.0
0.6385047123475279,0.0,0.377336311,0.829545081,928.0,2628.0
0.6574625195053603,0.0,0.398296372,0.8435259305,928.0,2628.0
0.7207496380954495,0.0439663355,0.4097871115,0.8767580134999999,928.0,2628.0
0.7497799362564932,0.17135939249999999,0.34252871399999996,0.8803614319999999,928.0,2628.0
0.7442921266761156,0.2827320135,0.2786393025,0.864912278,928.0,2628.0
0.7425794435961719,0.234784198,0.2818195485,0.832476318,928.0,2628.0
0.7522172317658942,0.0530506455,0.3370472405,0.8090837925000001,928.0,2628.0
0.7586071088055234,0.0,0.387465126,0.7800636325,928.0,2628.0
0.738148972844808,0.0,0.40552920000000003,0.8474173764999999,928.0,2628.0
0.7062813223276159,0.0,0.3731652,0.846232283,928.0,2628.0
0.657477684382353,0.0,0.367668342,0.842424237,928.0,2628.0
0.6300693566970905,0.0,0.369360895,0.854617778,928.0,2628.0
0.6343867717779369,0.0,0.38007647899999997,0.8568331955,928.0,2628.0
0.6582900776983869,0.0,0.392694604,0.869487307,928.0,2628.0
0.720831717438724,0.051457437,0.41134878750000003,0.870171634,928.0,2628.0
0.7509576715994903,0.194176982,0.419250412,0.865887633,928.0,2628.0
0.7448992284757145,0.2901378955,0.35885970349999996,0.8524595054999999,928.0,2628.0
0.742257011332202,0.352052308,0.39045682800000003,0.8508695500000001,928.0,2628.0
0.7461831174936917,0.208929159,0.38588228300000005,0.8686198970000001,928.0,2628.0
0.7639795549360205,0.004812124,0.389389832,0.8650665475,928.0,2628.0
0.755898438446708,0.0,0.399969524,0.8561507965,928.0,2628.0
0.7280219388304778,0.0,0.3924717185,0.8258103489999999,928.0,2628.0
0.6899288705455182,0.0,0.335253977,0.71720999,928.0,2628.0
0.6613336904366384,0.0,0.29349711300000003,0.6283135799999999,928.0,2628.0
0.6572005620236134,0.0,0.2334945105,0.5650894375,928.0,2628.0
0.7375117256855653,0.0,0.21475189249999999,0.5334110055,928.0,2628.0
0.8826866223764316,0.0019365665,0.23464634750000002,0.503540985,928.0,2628.0
0.8997826138518984,0.143476229,0.25046502,0.46484631649999997,928.0,2628.0
0.8837772459748635,0.2616443035,0.20577481,0.314299317,928.0,2628.0
0.8762132349820841,0.2849751615,0.22183814000000002,0.311737739,928.0,2628.0
0.8774334870736069,0.173122341,0.27244736599999997,0.38597701900000003,928.0,2628.0
0.890872092674316,0.0035783165,0.30682625249999995,0.5219231095,928.0,2628.0
0.8802318538129877,0.0,0.3107855775,0.649697411,928.0,2628.0
0.8016753362662307,0.0,0.273529041,0.71940865,928.0,2628.0
0.706879030090535,0.0,0.225604844,0.718775203,928.0,2628.0
0.6612336303583504,0.0,0.20514758249999998,0.7375189895,928.0,2628.0
0.6577847900431641,0.0,0.19530018500000002,0.742961478,928.0,2628.0
0.7396135245720058,0.0,0.2213821615,0.723991893,928.0,2628.0
0.8837453004174056,0.0006475105,0.27319838750000003,0.738985962,928.0,2628.0
0.903220351732074,0.100773314,0.33037479150000004,0.7691069715,928.0,2628.0
0.8895059625868984,0.2712330385,0.2992628665,0.8159734645,928.0,2628.0
0.8823260356621374,0.32888688200000005,0.40640825849999995,0.8685291435,928.0,2628.0
0.8812673115557186,0.234461639,0.44921504349999997,0.8703830665,928.0,2628.0
0.8981495640069694,0.005535506,0.423649854,0.8629602015,928.0,2628.0
0.8906416421672236,0.0,0.403540316,0.867465173,928.0,2628.0
0.8031108969211536,0.0,0.375537018,0.8651759365,928.0,2628.0
0.7088156545307981,0.0,0.35128438650000005,0.8476020989999999,928.0,2628.0
0.667862520974152,0.0,0.2708987335,0.7674395935,928.0,2628.0
0.6706874320147358,0.0,0.2201896445,0.6807422784999999,928.0,2628.0
0.7537229848908953,0.0,0.186305712,0.7075376365,928.0,2628.0
0.9036700346505269,0.001065721,0.17130772900000002,0.7184867985000001,928.0,2628.0
0.9244954278670694,0.1869823345,0.138445838,0.719364648,928.0,2628.0
0.9038984539697688,0.390506624,0.07332596450000001,0.6261203049999999,928.0,2628.0
0.8889206958081375,0.4265513315,0.057182643500000005,0.556449102,928.0,2628.0
0.889772282499409,0.26763624799999997,0.06314365450000001,0.5627191425,928.0,2628.0
0.9142504911694911,0.0058949795,0.1043527575,0.57526909,928.0,2628.0
0.905795469418432,0.0,0.126002726,0.5694619395,928.0,2628.0
0.8035866164266983,0.0,0.1336854295,0.5088614975,928.0,2628.0
0.7144979298835346,0.0,0.10880498450000001,0.43287935099999997,928.0,2628.0
0.6817680747557461,0.0,0.0997528925,0.3440406185,928.0,2628.0
0.6826933625132408,0.0,0.0922965075,0.345086501,928.0,2628.0
0.768988990779577,0.0,0.093668381,0.3566843455,928.0,2628.0
0.9133506169556622,0.0007476655,0.0997853175,0.3478177905,928.0,2628.0
0.9293445824751861,0.1706613525,0.08658677,0.34173172549999997,928.0,2628.0
0.9072277527986522,0.406409989,0.0550581345,0.309500073,928.0,2628.0
0.8932302861926447,0.517328138,0.0569425145,0.2976954935,928.0,2628.0
0.8941262362271072,0.35800944700000004,0.0938661215,0.3537776575,928.0,2628.0
0.918858531285746,0.0058096645,0.1805973875,0.490309109,928.0,2628.0
0.9092107257045119,0.0,0.2245089365,0.5288942505,928.0,2628.0
0.8064029413986198,0.0,0.22857448400000002,0.505225261,928.0,2628.0
0.7379530531939862,0.0,0.205053626,0.416956996,928.0,2628.0
0.6982911718355524,0.0,0.216127004,0.4134556955,928.0,2628.0
0.6886871522881218,0.0,0.2192604175,0.395580685,928.0,2628.0
0.7161619791215694,0.0,0.2136783045,0.4009095225,928.0,2628.0
0.8276776940812832,0.0,0.217714903,0.360619166,928.0,2628.0
0.9203811572883833,0.0010231855,0.22789031599999998,0.371797416,928.0,2628.0
0.9394219900864047,0.2912121395,0.19915999099999998,0.40147117649999997,928.0,2628.0
0.9263790094389652,0.526265763,0.124973879,0.339959523,928.0,2628.0
0.9175328410249651,0.630711181,0.1300095625,0.24465971050000002,928.0,2628.0
0.9082821835393338,0.5401897335,0.13749977800000002,0.2837609135,928.0,2628.0
0.9157188278855029,0.283977736,0.206748138,0.397141342,928.0,2628.0
0.9307794968882576,0.005051324,0.31965003150000004,0.5078992689999999,928.0,2628.0
0.9165221734510676,0.0,0.3815014795,0.5575045439999999,928.0,2628.0
0.808509910219873,0.0,0.385087666,0.5556404239999999,928.0,2628.0
0.7175324254417437,0.0,0.37051473599999996,0.5783720145,928.0,2628.0
0.6801295083252471,0.0,0.36103979249999996,0.563780607,928.0,2628.0
0.680351810882512,0.0,0.368618232,0.5455458455,928.0,2628.0
0.6940941060764639,0.0,0.3895800175,0.5697522745,928.0,2628.0
0.7281985159655722,0.0009630925,0.4096358535,0.6227834265000001,928.0,2628.0
0.7771903874593394,0.215881028,0.41237447,0.654419116,928.0,2628.0
0.7926716561773826,0.51732299,0.3207607725,0.6404149455,928.0,2628.0
0.7774875679058095,0.685428435,0.279827764,0.5470342564999999,928.0,2628.0
0.7671153341568973,0.5671843035,0.30930790750000003,0.4927198905,928.0,2628.0
0.7862495104593696,0.296765587,0.420473307,0.551007494,928.0,2628.0
0.8065339084408587,0.004697873,0.488238623,0.6254146,928.0,2628.0
0.7994305674722275,0.0,0.479310688,0.641653872,928.0,2628.0
0.7514150176206789,0.0,0.436239371,0.606753602,928.0,2628.0
0.7051834508782637,0.0,0.372796101,0.5393600185,928.0,2628.0
0.6923746139272469,0.0,0.338438,0.49797137599999997,928.0,2628.0
0.6943089761896233,0.0,0.318191863,0.488770083,928.0,2628.0
0.7095877236477759,0.0,0.287277369,0.45937444800000005,928.0,2628.0
0.7386624544158811,0.0007689775,0.27870463349999997,0.4753039335,928.0,2628.0
0.7872068591036373,0.16145034,0.246521642,0.523348756,928.0,2628.0
0.8040408237009246,0.379419155,0.207584311,0.563134079,928.0,2628.0
0.7991751422031167,0.500381569,0.158713664,0.569660683,928.0,2628.0
0.7895362922083213,0.576251727,0.17050446149999998,0.6375201644999999,928.0,2628.0
0.7868656609705154,0.43629919250000004,0.22059921300000002,0.731889896,928.0,2628.0
0.805164823536852,0.1111795255,0.319223606,0.810772304,928.0,2628.0
0.8143907833159455,0.0,0.3887527605,0.8731572825,928.0,2628.0
0.7782845193225103,0.0,0.40392532800000003,0.8898807559999999,928.0,2628.0
0.7351750443985551,0.0,0.402734543,0.898162015,928.0,2628.0
0.7096609627339268,0.0,0.3785131095,0.9000052384999999,928.0,2628.0
0.703963314447462,0.0,0.3987651365,0.905839395,928.0,2628.0
0.702445766580154,0.0,0.441692332,0.9143403425,928.0,2628.0
0.784956181007862,0.0,0.4630135935,0.9237241965,928.0,2628.0
0.9202229533062392,0.0,0.4597275965,0.9282070090000001,928.0,2628.0
0.942062753351454,0.09027138800000001,0.5280606895,0.9270076190000001,928.0,2628.0
0.9343910420115298,0.2604684955,0.539566043,0.9269149415,928.0,2628.0
0.9332736895187097,0.2821973915,0.606599782,0.9298259124999999,928.0,2628.0
0.934128830540165,0.229785541,0.662775082,0.929795606,928.0,2628.0
0.9413183592932164,0.0695966275,0.6538608125,0.930127851,928.0,2628.0
0.9441982058622771,0.0,0.6674826570000001,0.9301424684999999,928.0,2628.0
0.8720233017446007,0.0,0.67888857,0.9264669155,928.0,2628.0
0.7826506605087175,0.0,0.681363129,0.924750413,928.0,2628.0
0.7260262478849787,0.0,0.6317077984999999,0.930990466,928.0,2628.0
0.698671308857185,0.0,0.654853421,0.9312844815000001,928.0,2628.0
0.6992990463190267,0.0,0.656931882,0.9340569255,928.0,2628.0
0.785889062604222,0.0,0.6551642615,0.93547775,928.0,2628.0
0.9215515062527195,0.0,0.641950145,0.9357748585000001,928.0,2628.0
0.9503807602307616,0.082470334,0.630940237,0.934992453,928.0,2628.0
0.9463888702942461,0.186213787,0.571537389,0.929620818,928.0,2628.0
0.9447246596614514,0.229932678,0.5932144085,0.934379931,928.0,2628.0
0.9432431657927471,0.1682797995,0.5262181945,0.9343211014999999,928.0,2628.0
0.9488848631225124,0.045149890000000005,0.5084656005,0.9345131595,928.0,2628.0
0.9497239856312002,0.0,0.4970703085,0.931614293,928.0,2628.0
0.8780324180563591,0.0,0.4574334075,0.9256339695,928.0,2628.0
0.7668968633167033,0.0,0.38226213200000003,0.9185742575,928.0,2628.0
0.7101913864465061,0.0,0.3511344545,0.917159117,928.0,2628.0
0.703759708164073,0.0,0.34727375250000003,0.9145452245000001,928.0,2628.0
0.7284664514827119,0.0,0.31015488999999996,0.895267127,928.0,2628.0
0.8340117590233598,0.0,0.283019736,0.871297068,928.0,2628.0
0.9283443018305774,0.0,0.26187300999999996,0.8411116574999999,928.0,2628.0
0.9546142723732498,0.1178383405,0.2399885675,0.7851800815,928.0,2628.0
0.9460623063907051,0.2601993115,0.1880195155,0.7119669829999999,928.0,2628.0
0.9418322103820662,0.29124881150000004,0.174831381,0.627271119,928.0,2628.0
0.9423935645552874,0.145983549,0.181191903,0.619586456,928.0,2628.0
0.951874072040198,0.0016132575,0.190423612,0.648674171,928.0,2628.0
0.9306410513364682,0.0,0.1881686795,0.6502164645,928.0,2628.0
0.8161246094408371,0.0,0.17273299949999998,0.6193053465,928.0,2628.0
0.7319488761584104,0.0,0.147355528,0.5131186055,928.0,2628.0
0.7077467277568699,0.0,0.1369247985,0.5131835545,928.0,2628.0
0.7082498459284858,0.0,0.12725811050000002,0.513587764,928.0,2628.0
0.7918945778575397,0.0,0.121694109,0.5054670725,928.0,2628.0
0.9270723460826478,0.0,0.12220119800000001,0.49547707250000006,928.0,2628.0
0.9539827031943371,0.10952540899999999,0.1133289875,0.4563182,928.0,2628.0
0.949225922396488,0.251114987,0.079150953,0.404931531,928.0,2628.0
0.9438154603434069,0.304071392,0.0736638295,0.3675776505,928.0,2628.0
0.940972729929429,0.2578870145,0.07508163400000001,0.34808870599999997,928.0,2628.0
0.9487748084665915,0.07233833499999999,0.090053467,0.34936229799999996,928.0,2628.0
0.9525421104695297,0.0,0.10924322,0.369253663,928.0,2628.0
0.880248011184902,0.0,0.107676455,0.3509223975,928.0,2628.0
0.7908394084127107,0.0,0.099641771,0.305306035,928.0,2628.0
0.736778203403708,0.0,0.08290426849999999,0.2361538365,928.0,2628.0
0.7110527134938085,0.0,0.082557751,0.2216340805,928.0,2628.0
0.7089036428444389,0.0,0.0792340695,0.2351469525,928.0,2628.0
0.7479406255654926,0.0,0.07760683,0.242655631,928.0,2628.0
0.8700123535260944,0.0,0.08153485199999999,0.2411797355,928.0,2628.0
0.9459228914761386,0.0295141865,0.087759715,0.2667777255,928.0,2628.0
0.9461617437901136,0.191766098,0.069657057,0.252442641,928.0,2628.0
0.9334195675146045,0.342778241,0.045688943999999995,0.162410731,928.0,2628.0
0.9226448069494475,0.4211225635,0.0437342335,0.10692711499999999,928.0,2628.0
0.9221597623396873,0.2479802255,0.07144278,0.1144851495,928.0,2628.0
0.9375343458074017,0.0016948345,0.129323568,0.195273547,928.0,2628.0
0.9222822354441538,0.0,0.155726462,0.229967241,928.0,2628.0
0.812258423818046,0.0,0.153770639,0.22167170349999998,928.0,2628.0
0.7441804789511788,0.0,0.128225398,0.196076446,928.0,2628.0
0.6910773145623339,0.0,0.136439785,0.2321344645,928.0,2628.0
0.6782654077968191,0.0,0.1193300125,0.2586128465,928.0,2628.0
0.682739572451097,0.0,0.106514386,0.2592701515,928.0,2628.0
0.6989960261660607,0.0,0.105527635,0.280711331,928.0,2628.0
0.7540736463245672,0.009489668,0.09960221350000001,0.25385137750000003,928.0,2628.0
0.7973564207775079,0.0691920215,0.08063849449999999,0.23085841699999998,928.0,2628.0
0.7958481058835258,0.11526204,0.08242342050000001,0.214969386,928.0,2628.0
0.7929651663015416,0.105815114,0.078730733,0.211806275,928.0,2628.0
0.7967221277720423,0.057092606500000004,0.07018913900000001,0.188112338,928.0,2628.0
0.8108336656756332,0.0006430285,0.081339728,0.209590724,928.0,2628.0
0.7961105019480761,0.0,0.0899516635,0.229918296,928.0,2628.0
0.7457509768931518,0.0,0.08108977,0.1890760095,928.0,2628.0
0.700009186907881,0.0,0.077337598,0.1884049,928.0,2628.0
0.6844030443797444,0.0,0.0718231875,0.160553881,928.0,2628.0
0.6683080261875889,0.0,0.0689105495,0.1733518145,928.0,2628.0
0.6710408172749607,0.0,0.067720161,0.2522915075,928.0,2628.0
0.6810593887081671,0.0,0.069972323,0.301442407,928.0,2628.0
0.7112026081313656,0.0,0.0647851235,0.3284911535,928.0,2628.0
0.7786296181051673,0.0646706155,0.063167618,0.3755944325,928.0,2628.0
0.7918843755214363,0.116567812,0.064670546,0.43211138,928.0,2628.0
0.7908064474270307,0.151787337,0.07407564950000001,0.438826505,928.0,2628.0
0.7921668067404164,0.11609929150000001,0.09399071,0.5010803374999999,928.0,2628.0
0.8072503268550437,0.020398428,0.1342548975,0.6082841335,928.0,2628.0
0.8115196620060996,0.0,0.1858684195,0.7075887435,928.0,2628.0
0.7871448145833865,0.0,0.201745889,0.754308521,928.0,2628.0
0.7464647636116736,0.0,0.2144738095,0.761270723,928.0,2628.0
0.6995475468581432,0.0,0.181727522,0.756868461,928.0,2628.0
0.7045167509980799,0.0,0.2080341845,0.7213612835,928.0,2628.0
0.694528554920335,0.0,0.227219201,0.667691993,928.0,2628.0
0.6952719796157953,0.0,0.22735991900000002,0.6364083,928.0,2628.0
0.7356060771085768,0.0,0.215772389,0.635764824,928.0,2628.0
0.8651180504737884,0.0,0.215808999,0.6400965665,928.0,2628.0
0.9397344278058819,0.0052750055,0.2243191075,0.628924878,928.0,2628.0
0.9393937841151281,0.054977469,0.21931012049999998,0.568786055,928.0,2628.0
0.9346663178418855,0.084451897,0.1851792835,0.440321396,928.0,2628.0
0.9328469495116127,0.0610703675,0.15798643299999998,0.36822767,928.0,2628.0
0.9362091632607317,0.01702176,0.144328721,0.344189864,928.0,2628.0
0.9442273354622925,0.0,0.14706473,0.37928359349999996,928.0,2628.0
0.923891926463099,0.0,0.13916106649999999,0.3980008975,928.0,2628.0
0.8105352620093301,0.0,0.1180795055,0.3602503715,928.0,2628.0
0.7414773023109141,0.0,0.08184651,0.292485782,928.0,2628.0
0.7080935806718964,0.0,0.078594093,0.24673361649999997,928.0,2628.0
0.7014098011233121,0.0,0.0748942255,0.220278197,928.0,2628.0
0.7264555493296505,0.0,0.07151477349999999,0.222130337,928.0,2628.0
0.8332527310669472,0.0,0.066323554,0.205925652,928.0,2628.0
0.9258746223134777,0.0,0.0598982275,0.193481171,928.0,2628.0
0.9528009982693411,0.0385057695,0.048406477,0.221296234,928.0,2628.0
0.9462133089187801,0.154103193,0.039532723,0.27158379450000003,928.0,2628.0
0.9421818563875158,0.18503122849999998,0.0442109985,0.2919417095,928.0,2628.0
0.9424132301919406,0.11092975249999999,0.047221527,0.3603152725,928.0,2628.0
0.9511591770997525,0.000587397,0.066647025,0.4799154955,928.0,2628.0
0.9301600227055582,0.0,0.091573949,0.5785712905,928.0,2628.0
0.8158371004179338,0.0,0.117020651,0.636400164,928.0,2628.0
0.7322755321928409,0.0,0.159299064,0.6754589975,928.0,2628.0
0.7054930726402984,0.0,0.17947165199999998,0.6956076915,928.0,2628.0
0.7041997431887906,0.0,0.2010626315,0.7222019635,928.0,2628.0
0.7886650859458413,0.0,0.237778749,0.7479275155,928.0,2628.0
0.923669000862408,0.0,0.28572423,0.7851299125,928.0,2628.0
0.9507844178045436,0.060003196,0.310677135,0.826013648,928.0,2628.0
0.9429688593251689,0.2157944915,0.281829758,0.848324592,928.0,2628.0
0.9343615892905888,0.2729388705,0.281374024,0.867549957,928.0,2628.0
0.92948806009686,0.2034269665,0.336531311,0.9003521,928.0,2628.0
0.9330155407544519,0.054520909,0.407954447,0.915600696,928.0,2628.0
0.9378602174036463,0.0,0.4695071045,0.9279245285,928.0,2628.0
0.9161029122849274,0.0,0.5161487105,0.9349339585,928.0,2628.0
0.8062995801512508,0.0,0.534453762,0.9361221504999999,928.0,2628.0
0.7184697846656201,0.0,0.496569959,0.9358542495,928.0,2628.0
0.6845742205899898,0.0,0.5195307265,0.936092768,928.0,2628.0
0.6810450321968793,0.0,0.5102582245,0.9351902695000001,928.0,2628.0
0.7628266561587078,0.0,0.49906608900000005,0.934539699,928.0,2628.0
0.905879626346408,0.0,0.514209283,0.9341802754999999,928.0,2628.0
0.9316473334137391,0.101910959,0.5211784534999999,0.9354767495,928.0,2628.0
0.926321212550413,0.2435487175,0.4423806775,0.935436795,928.0,2628.0
0.9219601031026843,0.2333693725,0.477308775,0.9351377495,928.0,2628.0
0.9204223815532059,0.101732109,0.5510040174999999,0.9358455299999999,928.0,2628.0
0.9260424745207633,0.001298752,0.59953639,0.936081114,928.0,2628.0
0.9235858132972095,0.0,0.60577058,0.9343918855,928.0,2628.0
0.8606644283566456,0.0,0.584501111,0.933216964,928.0,2628.0
0.7549827531803159,0.0,0.5139164995000001,0.9327412509999999,928.0,2628.0
0.6870683210895523,0.0,0.463685653,0.929425893,928.0,2628.0
0.6696625693243103,0.0,0.438867899,0.9277607095,928.0,2628.0
0.6948742310123794,0.0,0.41151298599999997,0.9223648605,928.0,2628.0
0.8378401361837715,0.0,0.3903055475,0.9204372139999999,928.0,2628.0
0.9267042347933583,0.0048695975,0.378190814,0.916543954,928.0,2628.0
0.9268775807191946,0.08874313,0.343471953,0.913952444,928.0,2628.0
0.9223464493485892,0.1760414545,0.267191655,0.8985534505,928.0,2628.0
0.9206172861072115,0.180151461,0.2511416825,0.8795647120000001,928.0,2628.0
0.9216843198896236,0.07495508149999999,0.23202885750000002,0.8581964385,928.0,2628.0
0.9305578637712698,0.001290807,0.238611039,0.843668169,928.0,2628.0
0.9302800490389527,0.0,0.247011095,0.8388692600000001,928.0,2628.0
0.8651827263582965,0.0,0.248939537,0.8354678099999999,928.0,2628.0
0.7803147639912993,0.0,0.250996552,0.814871067,928.0,2628.0
0.7166095387212823,0.0,0.2396643815,0.8095353915000001,928.0,2628.0
0.6788329705315007,0.0,0.24838469800000001,0.8062017674999999,1303.0,3690.0
0.6737006460002565,0.0,0.2577911945,0.8000267215,1303.0,3690.0
0.6847204220382164,0.0,0.2577765275,0.785059521,1303.0,3690.0
0.727900435420195,0.0,0.26596091499999996,0.763441319,1303.0,3690.0
0.79157198419881,0.0526044975,0.27411996250000004,0.7731344355,1303.0,3690.0
0.7981536260512644,0.156151423,0.245563193,0.768379824,1303.0,3690.0
0.792074663588779,0.178265165,0.266937011,0.780916266,1303.0,3690.0
0.788235253257227,0.1078558785,0.26723345,0.7519958365,1303.0,3690.0
0.7977355652379375,0.041784097,0.297713131,0.757944339,1303.0,3690.0
0.8156859593621184,0.0,0.366525202,0.772887654,1303.0,3690.0
0.8032527125413473,0.0,0.446364824,0.8081663815,1303.0,3690.0
0.7494173183543487,0.0,0.4842719015,0.855523872,1303.0,3690.0
0.6881641606882418,0.0,0.4943643125,0.8509110665,1303.0,3690.0
0.659949210228993,0.0,0.5211665595,0.8674944595,1303.0,3690.0
0.6506260524939207,0.0,0.527164109,0.8686966684999999,1303.0,3690.0
0.6641917475863373,0.0,0.5468781935,0.8677248799999999,1303.0,3690.0
0.7127442763958238,0.0,0.564542506,0.8706234155,1303.0,3690.0
0.7647683816013194,0.006292407,0.579921196,0.8759878305,1303.0,3690.0
0.7676272693872115,0.0173878425,0.5255958625,0.8488896589999999,1303.0,3690.0
0.7643188140121817,0.0195343735,0.5834856820000001,0.8157112225,1303.0,3690.0
0.7681804984776248,0.010816942,0.6013521145,0.810976466,1303.0,3690.0
0.7804146169739292,0.0,0.6099871065,0.830087611,1303.0,3690.0
0.7680870161140272,0.0,0.587899487,0.8368018595,1303.0,3690.0
0.7304315128842878,0.0,0.5531189624999999,0.850367359,1303.0,3690.0
0.6885980557525571,0.0,0.468797005,0.82236828,1303.0,3690.0
0.6832635334137542,0.0,0.5076909390000001,0.8074199885,1303.0,3690.0
0.6689320243946555,0.0,0.5474536575,0.8199511770000001,1303.0,3690.0
0.6947210127032688,0.0,0.5749170560000001,0.8562333465,1303.0,3690.0
0.8282889974471358,0.0,0.6133369040000001,0.887170985,1303.0,3690.0
0.890630747523824,0.0056481125,0.6317136080000001,0.9064175725,1303.0,3690.0
0.8867680241003271,0.088495985,0.639474964,0.912895367,1303.0,3690.0
0.881141652976033,0.1898415335,0.5785928389999999,0.9073643375,1303.0,3690.0
0.8762410717669902,0.21225675,0.5867923765,0.9002447735,1303.0,3690.0
0.8798350281754984,0.0929408685,0.521525535,0.849697008,1303.0,3690.0
0.8884023206949206,0.0,0.482320402,0.76901522,1303.0,3690.0
0.888567495141098,0.0,0.473410243,0.752392916,1303.0,3690.0
0.846805592558425,0.0,0.4856039905,0.7855036055,1303.0,3690.0
0.75415295610725,0.0,0.5358244974999999,0.7996963325,1303.0,3690.0
0.6873571686616036,0.0,0.5721229915,0.7863648139999999,1303.0,3690.0
0.6743467801448798,0.0,0.5819599445,0.8091203165,1303.0,3690.0
0.7010653257154873,0.0,0.5775365880000001,0.8352226395,1303.0,3690.0
0.8450665037050188,0.0,0.535280261,0.801730399,1303.0,3690.0
0.926629911015115,0.0117095745,0.4501219065,0.756976412,1303.0,3690.0
0.9264971895091006,0.185259516,0.416596859,0.693098574,1303.0,3690.0
0.9204486951957787,0.35155336800000003,0.3046830265,0.6090970585,1303.0,3690.0
0.9165491794009368,0.4042684595,0.33571051949999997,0.573465659,1303.0,3690.0
0.9178908427718528,0.279615538,0.313496215,0.560895865,1303.0,3690.0
0.9281498592566442,0.0644295245,0.2764912985,0.5249416984999999,1303.0,3690.0
0.9370317124828774,0.0,0.236621681,0.471940015,1303.0,3690.0
0.8716965071824296,0.0,0.200543711,0.4731697795,1303.0,3690.0
0.7669177525045956,0.0,0.1838434705,0.4758070755,1303.0,3690.0
0.7147444453002454,0.0,0.168192045,0.527670528,1303.0,3690.0
0.706994301409526,0.0,0.160491322,0.554114227,1303.0,3690.0
0.7312051518718559,0.0,0.152666627,0.571144737,1303.0,3690.0
0.8765934412675868,0.0,0.1505178375,0.57420761,1303.0,3690.0
0.9436761839565806,0.0166015315,0.158561183,0.593869768,1303.0,3690.0
0.9382457324831084,0.26870711,0.141453039,0.5970040925,1303.0,3690.0
0.9243946979839577,0.380152815,0.115761018,0.5936183485,1303.0,3690.0
0.9212779845547335,0.2528722085,0.1522840255,0.660302575,1303.0,3690.0
0.9259002893827929,0.047366302,0.231623993,0.715105477,1303.0,3690.0
0.9308301387195914,0.0,0.321607526,0.742775491,1303.0,3690.0
0.9102648333242676,0.0,0.39327893599999997,0.7845868905,1303.0,3690.0
0.8057700333391531,0.0,0.40714747149999997,0.823705563,1303.0,3690.0
0.7367067184499267,0.0,0.368550398,0.811211285,1303.0,3690.0
0.697480047837937,0.0,0.3765722925,0.8127979265,1303.0,3690.0
0.6831683893800828,0.0,0.361140251,0.819999226,1303.0,3690.0
0.7040387232492038,0.0,0.3533807945,0.7335384869999999,1303.0,3690.0
0.8407689622512801,0.0,0.331610574,0.7229260575,1303.0,3690.0
0.9199500321160659,0.0033188975,0.3090859475,0.634716693,1303.0,3690.0
0.9106202037068982,0.0399005875,0.2596409025,0.694422771,1303.0,3690.0
0.9050880993843876,0.047893988,0.277001127,0.7524568005000001,1303.0,3690.0
0.9007172953146666,0.0336908915,0.3269313795,0.8151221555,1303.0,3690.0
0.9019446106639244,0.005410016,0.3662362415,0.8346767509999999,1303.0,3690.0
0.9023526076688884,0.0,0.395805919,0.861249162,1303.0,3690.0
0.88221930467777,0.0,0.434057275,0.884539446,1303.0,3690.0
0.8257875572971695,0.0,0.474368827,0.906153377,1303.0,3690.0
0.7538976001020093,0.0,0.5029902485,0.9126487910000001,1303.0,3690.0
0.6914726859899542,0.0,0.52515841,0.914913079,1303.0,3690.0
0.6738838247444194,0.0,0.561095574,0.9080651230000001,1303.0,3690.0
0.6717067323855523,0.0,0.5604367495,0.878497885,1303.0,3690.0
0.7167315730441016,0.0,0.551135632,0.858818457,1303.0,3690.0
0.8312920090965532,0.0,0.5504690875,0.8400688574999999,1303.0,3690.0
0.8958615394288872,0.0025428885,0.5619573769999999,0.847450519,1303.0,3690.0
0.890085874174849,0.018696404,0.561280015,0.831956413,1303.0,3690.0
0.8867920758964194,0.031008455,0.572314013,0.8537439635,1303.0,3690.0
0.8875105251670486,0.0321770005,0.608194377,0.902257407,1303.0,3690.0
0.8968000526087263,0.0118939475,0.6481577860000001,0.9189089619999999,1303.0,3690.0
0.9052515193667895,0.0,0.68596643,0.921468397,1303.0,3690.0
0.8940966449784254,0.0,0.7207240905000001,0.9294097745,1303.0,3690.0
0.8052430254290169,0.0,0.7848160805,0.9289845725,1303.0,3690.0
0.7340694173841715,0.0,0.799489732,0.935003682,1303.0,3690.0
0.674597542530477,0.0,0.8294420330000001,0.935183858,1303.0,3690.0
0.6590196528675771,0.0,0.8387356255,0.936706971,1303.0,3690.0
0.661385371126604,0.0,0.8274774855,0.937097708,1303.0,3690.0
0.6837534251688075,0.0,0.818373365,0.9370746385,1303.0,3690.0
0.7589669104188195,0.008143182,0.836951284,0.935253593,1303.0,3690.0
0.7870493470973833,0.111831089,0.851197815,0.933996539,1303.0,3690.0
0.7790588277503554,0.1953003225,0.8337017824999999,0.92414434,1303.0,3690.0
0.7748838515319727,0.1913288995,0.880786803,0.9348372105,1303.0,3690.0
0.7804724602593324,0.0879100795,0.8875411805,0.9368029360000001,1303.0,3690.0
0.798518136944925,0.0,0.8752029485,0.9362819735000001,1303.0,3690.0
0.7837920647976298,0.0,0.86182357,0.930836582,1303.0,3690.0
0.7248028182719826,0.0,0.8521345293333334,0.8987778336666666,1303.0,3690.0
0.6713063292194538,0.0,0.850001427,0.866828078,1303.0,3690.0
0.6501287973929291,0.0,0.849634575,0.8662032395,1303.0,3690.0
0.6538395949578779,0.0,0.843496711,0.8536588615,1303.0,3690.0
0.6811960111951225,0.0,0.837436187,0.846087099,1303.0,3690.0
0.7533962363941691,0.0035553645,0.8226568519999999,0.8956159244999999,1303.0,3690.0
0.7855397857851428,0.050950273,0.812856797,0.915216561,1303.0,3690.0
0.7875327303684757,0.115431236,0.757775122,0.9172583715,1303.0,3690.0
0.7865247862897251,0.136361096,0.781001497,0.922911673,1303.0,3690.0
0.79251811441594,0.064416169,0.771908142,0.927422533,1303.0,3690.0
0.8149573534894243,0.0,0.765183869,0.9284937535,1303.0,3690.0
0.8045610914742515,0.0,0.794241675,0.9337637464999999,1303.0,3690.0
0.7508343676599871,0.0,0.800937386,0.9350652085,1303.0,3690.0
0.697240872403036,0.0,0.750458483,0.930218231,1303.0,3690.0
0.7022177625127277,0.0,0.7415251425,0.9293325955,1303.0,3690.0
0.6932961849655797,0.0,0.7418528015,0.931800392,1303.0,3690.0
0.7192502787879063,0.0,0.729080186,0.928951352,1303.0,3690.0
0.8682636625129918,0.0,0.712055836,0.9311456875,1303.0,3690.0
0.9386442201220775,0.0083132715,0.6997874495,0.929324715,1303.0,3690.0
0.9372345568636936,0.153938425,0.681507828,0.929170931,1303.0,3690.0
0.9292099683090618,0.2851937795,0.581161213,0.9205703274999999,1303.0,3690.0
0.9257914350796852,0.3429582,0.645475772,0.9255464385000001,1303.0,3690.0
0.92675219919499,0.238702963,0.717770035,0.924963245,1303.0,3690.0
0.9356502561899886,0.0563209935,0.6916778705,0.9203147005000001,1303.0,3690.0
0.9405438669349981,0.0,0.6744801760000001,0.9121101265,1303.0,3690.0
0.8706512162899661,0.0,0.6562176024999999,0.899936507,1303.0,3690.0
0.7649249467804093,0.0,0.624131636,0.8739555645,1303.0,3690.0
0.7129563076845211,0.0,0.611834322,0.8539970745000001,1303.0,3690.0
0.7043866840547481,0.0,0.6109692595,0.846944421,1303.0,3690.0
0.7276376241038294,0.0,0.599855179,0.837335517,1303.0,3690.0
0.876116151891452,0.0,0.5651324280000001,0.8038166154999999,1303.0,3690.0
0.9432089119919578,0.0059690285,0.504996027,0.7369983975,1303.0,3690.0
0.9449552950931348,0.132939466,0.465744774,0.67716537,1303.0,3690.0
0.9375592745039756,0.23988038150000002,0.3856731535,0.579621581,1303.0,3690.0
0.9318848929126049,0.281762372,0.3718257705,0.5092717609999999,1303.0,3690.0
0.9306458520849105,0.216252085,0.356703001,0.465504859,1303.0,3690.0
0.937054840981637,0.0575520455,0.3078085445,0.43615147099999996,1303.0,3690.0
0.94285224945703,0.0,0.2804207855,0.39789460600000004,1303.0,3690.0
0.8712929878049821,0.0,0.2404593575,0.3389382195,1303.0,3690.0
0.7678757470593087,0.0,0.20704728700000002,0.2711226435,1303.0,3690.0
0.7177801644096935,0.0,0.19871668450000002,0.220689757,1303.0,3690.0
0.7157174278052931,0.0,0.17343193033333335,0.24541606833333332,1303.0,3690.0
0.7584464348538816,0.0,0.149678393,0.251975558,1303.0,3690.0
0.8814010024245105,0.0,0.134022701,0.262368566,1303.0,3690.0
0.9503780828010595,0.0054719425,0.11864186900000001,0.307658572,1303.0,3690.0
0.9543239931269428,0.102568288,0.112358061,0.337276159,1303.0,3690.0
0.9468283976048526,0.2011566045,0.108332775,0.3368509195,1303.0,3690.0
0.9414162271534406,0.22021314050000002,0.1000809325,0.3050843795,1303.0,3690.0
0.9432733572178356,0.133661896,0.0980447975,0.3664265835,1303.0,3690.0
0.9543997943134807,0.0,0.126342135,0.464857444,1303.0,3690.0
0.9533971593600954,0.0,0.15619102699999998,0.5376483489999999,1303.0,3690.0
0.8794195526609841,0.0,0.175646123,0.6026112800000001,1303.0,3690.0
0.7752849698723872,0.0,0.1792768575,0.620491611,1303.0,3690.0
0.7242381099378485,0.0,0.18801752449999998,0.6166845255,1303.0,3690.0
0.7184148034031042,0.0,0.208542768,0.61074143,1303.0,3690.0
0.7423114848806068,0.0,0.22356143,0.6253197795000001,1303.0,3690.0
0.8848074406576737,0.0,0.234997953,0.6432297775,1303.0,3690.0
0.9527469403041577,0.00634046,0.24253404,0.662347676,1303.0,3690.0
0.956745662176966,0.123905667,0.271129891,0.6465389,1303.0,3690.0
0.9525933067432318,0.2466969275,0.2565498305,0.5775518365,1303.0,3690.0
0.9482138241425528,0.252273301,0.2629468665,0.5302238675,1303.0,3690.0
0.9500437636638932,0.1330764845,0.24085883949999998,0.5862995575000001,1303.0,3690.0
0.9592715697062459,0.000533576,0.2416105665,0.6495549515,1303.0,3690.0
0.9360227993727556,0.0,0.237318443,0.623040706,1303.0,3690.0
0.8233278491261369,0.0,0.21797795250000002,0.5478666385,1303.0,3690.0
0.7586418007251475,0.0,0.167102432,0.499431896,1303.0,3690.0
0.730077966229303,0.0,0.16148719849999998,0.426113154,1303.0,3690.0
0.727742577757402,0.0,0.164060814,0.39991953049999995,1303.0,3690.0
0.7506200281279582,0.0,0.1599660905,0.42037078250000004,1303.0,3690.0
0.8886477742865583,0.0,0.156644294,0.442050667,1303.0,3690.0
0.953263653415895,0.0053438355,0.141784047,0.38242750400000003,1303.0,3690.0
0.9575791988362131,0.122744062,0.12621091,0.370858482,1303.0,3690.0
0.9560827479484082,0.21079116199999998,0.100499843,0.30973646899999996,1303.0,3690.0
0.9550148372655144,0.2031880515,0.08967779249999999,0.24239357250000002,1303.0,3690.0
0.9564638775312435,0.086541265,0.09156742849999999,0.19944076500000002,1303.0,3690.0
0.961119974511426,0.0,0.095705056,0.234841668,1303.0,3690.0
0.9581407372712136,0.0,0.095454861,0.28167078,1303.0,3690.0
0.8852668185295248,0.0,0.0867426905,0.3018606095,1303.0,3690.0
0.7785137234113442,0.0,0.0786318305,0.2721586665,1303.0,3690.0
0.710672068758065,0.0,0.0687127055,0.24993816600000002,1303.0,3690.0
0.7023791980355361,0.0,0.06375313299999999,0.2470757475,1303.0,3690.0
0.7063117904767793,0.0,0.059802627,0.28369168749999996,1303.0,3690.0
0.7258499246069401,0.0,0.06889891649999999,0.346373796,1303.0,3690.0
0.7890695975530857,0.00659732,0.0918390425,0.45859674650000004,1303.0,3690.0
0.8203885436670441,0.21528812349999998,0.10175127950000001,0.5456319924999999,1303.0,3690.0
0.8210823876934314,0.3345585175,0.108841094,0.5980934035000001,1303.0,3690.0
0.8227498762637412,0.229943338,0.121423119,0.63718812,1303.0,3690.0
0.8331756373967062,0.085306815,0.145225966,0.667860151,1303.0,3690.0
0.8460184968270701,0.0005305965,0.20627006450000002,0.713440914,1303.0,3690.0
0.8301874903040938,0.0,0.278121551,0.758393938,1303.0,3690.0
0.7702349792042851,0.0,0.322319374,0.8054762934999999,1303.0,3690.0
0.7189971156966819,0.0,0.327635564,0.82990988,1303.0,3690.0
0.7071597529111844,0.0,0.354594892,0.860121292,1303.0,3690.0
0.7023081054665508,0.0,0.3263284475,0.8634788950000001,1303.0,3690.0
0.7128858613573874,0.0,0.30700616950000004,0.8477380225,1303.0,3690.0
0.7303275981887689,0.0,0.290654816,0.835144819,1303.0,3690.0
0.7854631537635681,0.0027163375,0.273047033,0.8019116125,1303.0,3690.0
0.8195977086809141,0.067025811,0.2357609115,0.7348391265,1303.0,3690.0
0.818976249375809,0.106502062,0.186909614,0.5948651805,1303.0,3690.0
0.8187785291957668,0.065426733,0.13761990699999999,0.4175087455,1303.0,3690.0
0.8350529408118653,0.0107976465,0.12881922299999998,0.391514828,1303.0,3690.0
0.8396054455546426,0.0,0.12441793699999999,0.431484684,1303.0,3690.0
0.7979416872248627,0.0,0.11526803299999999,0.3699605585,1303.0,3690.0
0.7269769717217522,0.0,0.097251613,0.361954049,1303.0,3690.0
0.7197924743757731,0.0,0.084417011,0.356388131,1303.0,3690.0
0.7109191611527572,0.0,0.07984215,0.33086748499999996,1303.0,3690.0
0.729403395454773,0.0,0.086447808,0.3430104965,1303.0,3690.0
0.8760811136524764,0.0,0.110873003,0.389494883,1303.0,3690.0
0.9412994784261552,0.0030277955,0.140909473,0.45331028,1303.0,3690.0
0.9430067141843991,0.05233822,0.163212817,0.469786372,1303.0,3690.0
0.9376633280586408,0.1181434175,0.1477195945,0.452967797,1303.0,3690.0
0.9294197374198725,0.1392540735,0.1540797935,0.452544916,1303.0,3690.0
0.9303120406618555,0.0637039215,0.1914595295,0.4817661125,1303.0,3690.0
0.9415418390048693,0.0,0.2360886335,0.479670278,1303.0,3690.0
0.921735376972773,0.0,0.248725898,0.4625870235,1303.0,3690.0
0.8106905575717361,0.0,0.2432385445,0.4674979255,1303.0,3690.0
0.7435264742436151,0.0,0.242416941,0.479319064,1303.0,3690.0
0.7088357818161176,0.0,0.2483369265,0.5184312074999999,1303.0,3690.0
0.6966331236987733,0.0,0.22864020899999998,0.523224152,1303.0,3690.0
0.7184712617425086,0.0,0.197600695,0.5386585945,1303.0,3690.0
0.8655394352900749,0.0,0.1713283585,0.5435570155,1303.0,3690.0
0.9359088669343187,0.0045525765,0.1692841685,0.586698465,1303.0,3690.0
0.9314634159654287,0.151460947,0.1554749125,0.627968245,1303.0,3690.0
0.9239549403461271,0.26852107000000003,0.135822679,0.659241457,1303.0,3690.0
0.9218032840665389,0.240548492,0.172463834,0.6489419085,1303.0,3690.0
0.9320109664126998,0.058284802,0.265415575,0.6919113215,1303.0,3690.0
0.9367713479375839,0.0,0.3628943145,0.7663393005000001,1303.0,3690.0
0.8670754948380736,0.0,0.4307052775,0.813761819,1303.0,3690.0
0.7852724968412609,0.0,0.466475337,0.830656898,1303.0,3690.0
0.727398979581465,0.0,0.4571173255,0.8410630324999999,1303.0,3690.0
0.6999355551055282,0.0,0.4743139115,0.8723267035,1303.0,3690.0
0.7123418423732808,0.0,0.4743008483333333,0.9008156346666668,1303.0,3690.0
0.8665855106207245,0.0,0.4448332955,0.90409581,1303.0,3690.0
0.9339514689668846,0.00189769,0.401663651,0.8847160620000001,1303.0,3690.0
0.9294168293315402,0.0407092275,0.33023836100000004,0.8648202190000001,1303.0,3690.0
0.923621636637183,0.070489713,0.2803524745,0.8328260355,1303.0,3690.0
0.9214414048685415,0.071371712,0.2398226725,0.761409908,1303.0,3690.0
0.9232588802072978,0.033488028,0.218021399,0.767627714,1303.0,3690.0
0.9305934100557625,0.0,0.22241581500000002,0.7306055005000001,1303.0,3690.0
0.9117630386758482,0.0,0.2338396975,0.7037862625,1303.0,3690.0
0.8066533345978463,0.0,0.226290985,0.7186138905,1303.0,3690.0
0.7382475326809227,0.0,0.209432705,0.656231152,1303.0,3690.0
0.7020013921242545,0.0,0.205723952,0.5999783000000001,1303.0,3690.0
0.6910641345426222,0.0,0.218053151,0.5835891065000001,1303.0,3690.0
0.7138189272155266,0.0,0.2507400345,0.6512861704999999,1303.0,3690.0
0.8583148679666421,0.0,0.28135260799999995,0.6521135765,1303.0,3690.0
0.931374042374383,0.002825079,0.313695942,0.6753469225,1303.0,3690.0
0.9281944539212773,0.064961971,0.315071336,0.682583006,1303.0,3690.0
0.9254022725449316,0.142639216,0.2783542335,0.644355478,1303.0,3690.0
0.9223363855402265,0.1375055895,0.3149929925,0.6180404945,1303.0,3690.0
0.922408539934285,0.0599863865,0.324305139,0.5927440055,1303.0,3690.0
0.9287097360215708,0.0,0.359930888,0.615737286,1303.0,3690.0
0.9251648976392508,0.0,0.400488501,0.660872948,1303.0,3690.0
0.8597408725273132,0.0,0.438670511,0.699759326,1303.0,3690.0
0.7574480240023636,0.0,0.466670043,0.7056737934999999,1303.0,3690.0
0.6940768408140316,0.0,0.48698698549999997,0.706703568,1303.0,3690.0
0.680999883421284,0.0,0.5077029225,0.6931363054999999,1303.0,3690.0
0.7049478529719719,0.0,0.522232134,0.6892554325,1303.0,3690.0
0.8406650011589104,0.0,0.5415464205,0.7218071935,1303.0,3690.0
0.9125222510045087,0.0057264816666666675,0.5968835036666666,0.7516583583333333,1303.0,3690.0
0.9011703950297809,0.0216051155,0.6454992465,0.780207503,1303.0,3690.0
0.8951287790496028,0.022084143,0.7028242714999999,0.7890038535,1303.0,3690.0
0.8976942488422254,0.015428863,0.749513858,0.8162898955,1303.0,3690.0
0.9055983958116475,0.0,0.7932920539999999,0.8089524105,1303.0,3690.0
0.8839077049715852,0.0,0.8253095855,0.8205483055,1303.0,3690.0
0.8022065911452532,0.0,0.8521199125,0.8059278965000001,1303.0,3690.0
0.7311275269576722,0.0,0.812030172,0.776981325,1303.0,3690.0
0.668553018329404,0.0,0.8022204725,0.733321087,1303.0,3690.0
0.64702009328637,0.0,0.7625930999999999,0.668610143,1303.0,3690.0
0.650870398327603,0.0,0.701335835,0.5673970225,1303.0,3690.0
0.6774222921763008,0.0,0.651941832,0.4917305585,1303.0,3690.0
0.7489132311513613,0.0014012995,0.6177287115000001,0.49205067199999997,1303.0,3690.0
0.7777629126686293,0.050124969,0.597701527,0.479860841,1303.0,3690.0
0.7756471725227164,0.128847777,0.537482208,0.47398931899999996,1303.0,3690.0
0.7750075707232915,0.145302465,0.5520122835,0.4514408605,1303.0,3690.0
0.7837368522136716,0.0979198325,0.5017444560000001,0.41736757550000003,1303.0,3690.0
0.8068512854365186,0.0005610975,0.4519682205,0.428328427,1303.0,3690.0
0.7998007560148123,0.0,0.43505367149999996,0.4783411995,1303.0,3690.0
0.7500870651820111,0.0,0.4306194565,0.53093378,1303.0,3690.0
0.6963855464569895,0.0,0.383103271,0.561787264,1303.0,3690.0
0.6796630446600477,0.0,0.38750701600000004,0.6012310734999999,1303.0,3690.0
0.6603743112010512,0.0,0.3874467355,0.6306946545000001,1303.0,3690.0
0.6618948367519676,0.0,0.3867354805,0.6714514174999999,1303.0,3690.0
0.6836357534755955,0.0,0.39794631550000004,0.6888047505,1303.0,3690.0
0.7567996048128341,0.00101077,0.40888987450000003,0.6878634915,1303.0,3690.0
0.7853552224263871,0.033391336,0.42172922700000004,0.5989221364999999,1303.0,3690.0
0.7848478801529042,0.056331256,0.43927874,0.529235176,1303.0,3690.0
0.7853927998987302,0.0448692485,0.41888386850000003,0.4424174405,1303.0,3690.0
0.7879053196166875,0.013726565999999999,0.36814328900000004,0.287617026,1303.0,3690.0
0.7997872764040062,0.0,0.2984043335,0.2340450805,1303.0,3690.0
0.788117581564015,0.0,0.2864568125,0.317058966,1303.0,3690.0
0.7451908923366144,0.0,0.32140903200000004,0.44736391600000003,1303.0,3690.0
0.6997202465421279,0.0,0.3798899465,0.5233588755,1303.0,3690.0
0.6928305524668232,0.0,0.3964841815,0.5549757424999999,1303.0,3690.0
0.6945891916275675,0.0,0.40819520600000003,0.5161917,1303.0,3690.0
0.7847446116992369,0.0,0.44421054000000004,0.527335719,1303.0,3690.0
0.90159893457188,0.0,0.427161589,0.441211211,1303.0,3690.0
0.9384175088697605,0.0010037075,0.3510756,0.334799564,1303.0,3690.0
0.9417886318084674,0.048633545,0.285463166,0.269774045,1303.0,3690.0
0.939067497267068,0.14735058150000002,0.1922363405,0.2648082235,1303.0,3690.0
0.9364760372842044,0.2037230025,0.1973197455,0.378998697,1303.0,3690.0
0.9369989364217887,0.121341009,0.1899868625,0.4253725275,1303.0,3690.0
0.9491193760053057,0.001398621,0.20400344,0.448006274,1303.0,3690.0
0.949851721464181,0.0,0.2229162165,0.411050369,1303.0,3690.0
0.8777036844372272,0.0,0.2558543845,0.4632021205,1303.0,3690.0
0.7909634974532121,0.0,0.268433286,0.492482939,1303.0,3690.0
0.732816112507485,0.0,0.27789995199999995,0.5737248104999999,1303.0,3690.0
0.709717651731961,0.0,0.27039219000000003,0.6354435629999999,1303.0,3690.0
0.7077062418647886,0.0,0.276050032,0.681822782,1303.0,3690.0
0.749566797408684,0.0,0.297869344,0.700736857,1303.0,3690.0
0.8770606668353589,0.0,0.31609181750000004,0.696817021,1303.0,3690.0
0.9448180031659024,0.0033281,0.3349080035,0.7208842655000001,1303.0,3690.0
0.9491075580645734,0.095825431,0.345178105,0.746826202,1303.0,3690.0
0.9397418141845426,0.2223131485,0.3012239345,0.7742529095,1303.0,3690.0
0.9318848929126049,0.286786198,0.31233430100000004,0.787872379,1303.0,3690.0
0.9331140545251217,0.1747413635,0.330898515,0.790895224,1303.0,3690.0
0.9470452296419922,0.0010018915,0.35113117699999996,0.7745808085,1303.0,3690.0
0.9264803858953347,0.0,0.37899044800000004,0.7681682464999999,1303.0,3690.0
0.8165942814482751,0.0,0.38925355500000003,0.7870701485,1303.0,3690.0
0.7502516394517817,0.0,0.375842183,0.79838755,1303.0,3690.0
0.7199728139640681,0.0,0.3656081485,0.787794288,1303.0,3690.0
0.7154168927560354,0.0,0.348611841,0.7636213365,1303.0,3690.0
0.7386866908051586,0.0,0.324251278,0.719061429,1303.0,3690.0
0.8818688742341341,0.0,0.2919389405,0.657889893,1303.0,3690.0
0.9502036289847053,0.0038454385,0.271527567,0.6066657595,1303.0,3690.0
0.9549111989626645,0.095499474,0.259184463,0.592178563,1303.0,3690.0
0.9491915764648089,0.1629369175,0.1955950645,0.5130226760000001,1303.0,3690.0
0.9421911354262865,0.1770077525,0.2078775355,0.5573597545,1303.0,3690.0
0.9399042651355731,0.10226812600000001,0.2012878605,0.6256138275,1303.0,3690.0
0.9487902735312093,0.0008263095,0.208978575,0.6878592975,1303.0,3690.0
0.9270867957190434,0.0,0.211989143,0.7213302404999999,1303.0,3690.0
0.8147857159619188,0.0,0.20517620949999998,0.735101893,1303.0,3690.0
0.7330497020929456,0.0,0.16781298249999999,0.6800461535,1303.0,3690.0
0.7118782175325433,0.0,0.1889339825,0.6632633809999999,1303.0,3690.0
0.7260221007797906,0.0,0.19849612933333335,0.6415696823333334,1303.0,3690.0
0.8802708158999237,0.0,0.1941500075,0.6019866565,1303.0,3690.0
0.9485384950545777,0.003538111,0.198645658,0.593843358,1303.0,3690.0
0.9525861049577563,0.096773369,0.19999456,0.61170574,1303.0,3690.0
0.944821326837456,0.18115048849999998,0.14447270150000002,0.5572294345,1303.0,3690.0
0.9357195021643085,0.2157384455,0.1330697515,0.5039318085,1303.0,3690.0
0.9358716125829014,0.097695789,0.13903697399999998,0.473761518,1303.0,3690.0
0.9465221916452612,0.001416716,0.141267495,0.475381164,1303.0,3690.0
0.9457020891941876,0.0,0.1438342725,0.46771434199999995,1303.0,3690.0
0.8730620367620343,0.0,0.14818783949999997,0.452329465,1303.0,3690.0
0.7681755817370555,0.0,0.140532821,0.433182312,1303.0,3690.0
0.7175158064211631,0.0,0.1461056435,0.4659846565,1303.0,3690.0
0.7151880965176146,0.0,0.14479417866666666,0.407059884,1303.0,3690.0
0.7587098927435049,0.0,0.142133561,0.367796043,1303.0,3690.0
0.8825567628933045,0.0,0.14592597000000002,0.3469251045,1303.0,3690.0
0.9511894606557305,0.003132612,0.153048978,0.326359085,1303.0,3690.0
0.9526584903418509,0.16816578850000002,0.1326067695,0.354530534,1303.0,3690.0
0.9476818305593832,0.273430813,0.113492767,0.372455029,1303.0,3690.0
0.9439679402797763,0.28310916249999996,0.1195122495,0.399320853,1303.0,3690.0
0.9433438032135631,0.202861066,0.12220436,0.480993081,1303.0,3690.0
0.9483726743665488,0.056242930999999996,0.1447681975,0.5158497205,1303.0,3690.0
0.946657821571014,0.0,0.1692692965,0.510103391,1303.0,3690.0
0.8717398090319536,0.0,0.17458959699999999,0.5440212115,1303.0,3690.0
0.7649577231729041,0.0,0.162364564,0.5884000715,1303.0,3690.0
0.6950948023042942,0.0,0.17236082600000002,0.5744019254999999,1303.0,3690.0
0.6810765850381351,0.0,0.1871373475,0.5921456620000001,1303.0,3690.0
0.6821059720843338,0.0,0.200660176,0.6200587205,1303.0,3690.0
0.6989097227209193,0.0,0.2101896675,0.696804134,1303.0,3690.0
0.7672146326971592,0.0023260005,0.2238845175,0.7800914084999999,1303.0,3690.0
0.8025639463188833,0.035164757,0.241217555,0.838010002,1303.0,3690.0
0.802058312443731,0.0685247625,0.25682900000000003,0.8627075445,1303.0,3690.0
0.7994362457839637,0.077952786,0.335722972,0.9001906879999999,1303.0,3690.0
0.8037349411936651,0.034256318,0.43536963149999997,0.9093815525,1303.0,3690.0
0.8195989090337277,0.0,0.5071484855,0.9119270509999999,1303.0,3690.0
0.8035491314166509,0.0,0.5730195204999999,0.9186966729999999,1303.0,3690.0
0.7499736865231301,0.0,0.6276635239999999,0.9118916515,1303.0,3690.0
0.6964738118261111,0.0,0.590559981,0.879919153,1303.0,3690.0
0.6789858653882795,0.0,0.6405076955,0.864409762,1303.0,3690.0
0.6603597002914111,0.0,0.6697263096666667,0.8260242196666666,1303.0,3690.0
0.6698133865963878,0.0,0.6679214425,0.768508537,1303.0,3690.0
0.697692217654375,0.0,0.647143715,0.696743083,1303.0,3690.0
0.7624680545668192,0.000835435,0.6000979695,0.656736744,1303.0,3690.0
0.797439746870447,0.050102094,0.548687479,0.682624727,1303.0,3690.0
0.796398103101869,0.12985422600000002,0.46045121,0.7550946255,1303.0,3690.0
0.791214582959735,0.15582915549999998,0.5172631830000001,0.7633251560000001,1303.0,3690.0
0.7919802121938101,0.087826046,0.468069587,0.685953627,1303.0,3690.0
0.8082586861856096,0.018842942,0.42636112950000005,0.6081769275,1303.0,3690.0
0.8166461700292734,0.0,0.381171862,0.519063011,1303.0,3690.0
0.8043778205991989,0.0,0.3168521855,0.420041616,1303.0,3690.0
0.7503388893926813,0.0,0.2557648255,0.38463052200000003,1303.0,3690.0
0.6960911743456221,0.0,0.206328667,0.3882716443333334,1303.0,3690.0
0.6831659890058619,0.0,0.1816650005,0.40050851249999997,1303.0,3690.0
0.7058152971126572,0.0,0.160711002,0.3731093685,1303.0,3690.0
0.8434461947667486,0.0,0.1325557595,0.3316475085,1303.0,3690.0
0.9225963808991494,0.0,0.112727565,0.3030891175,1303.0,3690.0
0.9220647107683118,0.016855408,0.104736067,0.331342061,1303.0,3690.0
0.9191939589762423,0.042727071500000005,0.0978756655,0.394105912,1303.0,3690.0
0.9117135968659218,0.058810079,0.1085418395,0.508993508,1303.0,3690.0
0.9113802931569778,0.034754178499999996,0.1249405775,0.6210302415,1303.0,3690.0
0.9228189837103207,0.0005566485,0.1733890455,0.7351561465,1303.0,3690.0
0.9034328907348825,0.0,0.2185198445,0.8007090255,1303.0,3690.0
0.8051272924613597,0.0,0.2613937385,0.844586661,1303.0,3690.0
0.7179456391097774,0.0,0.3160907985,0.8890343814999999,1303.0,3690.0
