Demand,Avail_Sol,Avail_Wind_On,Avail_Wind_Off,Hyd_In,HydRoR_In
0.8077094021509728,0.19352447826666666,0.47092017546666676,0.6417193835333332,7983.0,1543.0
0.8290621978466165,0.11798487403124999,0.46481872865625007,0.667439296375,7983.0,1543.0
0.7591446952472466,0.0285245635,0.39947376608333335,0.7170370200000001,7983.0,1543.0
0.8044306860645491,0.10406145574999999,0.3997810132083333,0.6362262023333334,7983.0,1543.0
0.8325832467000722,0.13199988871428572,0.44025903254285714,0.6216658031428572,7983.0,1543.0
0.7369360710986695,0.09212681310000001,0.30462153594999997,0.4837162492,7983.0,1543.0
0.7490543116148592,0.06565617657142857,0.3091570316,0.41335906208571427,7983.0,1543.0
0.9080737252305844,0.2385980788235294,0.08312997770588235,0.20500854147058825,7983.0,1543.0
0.8498172340763704,0.06993207983333334,0.27619140262499997,0.5183220344166666,7983.0,1543.0
0.7708806102695592,0.009372897833333333,0.24932294749999998,0.5480560232499999,7983.0,1543.0
0.8536462050647028,0.16966928836111111,0.5870739943055555,0.7191320333333332,7983.0,1543.0
0.8443336516793362,0.1773827453333333,0.16992635475000004,0.26081855754166666,7983.0,1543.0
0.7551254756984559,0.07451327075000001,0.195561645875,0.38400131683333333,7983.0,1543.0
0.7516400438279573,0.10146956075,0.1777277644583333,0.4063614211666667,7983.0,1543.0
0.7830524169611905,0.02203792875,0.140735532,0.3874463978333333,7983.0,1543.0
0.8397060552175,0.18318306308333332,0.24932701424999995,0.5532025535833333,7983.0,1543.0
0.8281123542861628,0.23929385749999996,0.3509145358,0.6318466762000001,7983.0,1543.0
0.8297094736837181,0.24450524383999997,0.17365985256000002,0.52030836148,7983.0,1543.0
0.8360839665057598,0.1651671746551724,0.16807038055172416,0.451691286137931,7983.0,1543.0
0.7283432692914494,0.24295396439999997,0.2669483213,0.49997281769999996,7983.0,1543.0
0.730361886824442,0.14662950107142855,0.3653897376785714,0.5998775689285712,7983.0,1543.0
0.7871622219203998,0.14408510067741936,0.19115416406451616,0.42861555338709684,7983.0,1543.0
0.8756769430087664,0.3536380980769231,0.07765908146153848,0.14523908315384618,7983.0,1543.0
0.8296270208502806,0.20293580739130435,0.06829903360869564,0.2052498234347826,7983.0,1543.0
0.825170864831081,0.09283572669565218,0.19302120599999997,0.36980592217391306,7983.0,1543.0
0.8021422612930135,0.023435819529411768,0.4969752887058823,0.7798338268235295,7983.0,1543.0
0.9112239114986421,0.30058016207692306,0.5938065231538461,0.7113187756923076,7983.0,1543.0
0.7244691629529425,0.17775534499999998,0.4736536185882353,0.4694500655294118,7983.0,1543.0
0.7394865712348617,0.15513940836842105,0.45352838976315796,0.4699905374210527,7983.0,1543.0
0.8324839064949048,0.21156978520689657,0.2448321423103448,0.36282139386206896,7983.0,1543.0
0.8731992044639182,0.40798933215384614,0.1265277046923077,0.36703542538461537,7983.0,1543.0
0.8152855824956233,0.286409391,0.0926105377647059,0.24658035976470588,7983.0,1543.0
0.8153707311679617,0.05804258141176471,0.14194011411764704,0.5139719498235293,7673.294117647059,1483.1764705882354
0.8577127243595332,0.16489919435,0.4776440851,0.6975663543999999,7398.0,1430.0
0.9283715917597554,0.38184045508333336,0.5609772125,0.6129661677500001,7398.0,1430.0
0.786529022449042,0.18776664652173913,0.37568535226086963,0.592492070826087,7398.0,1430.0
0.7408322329502621,0.037353073588235294,0.3766809205294117,0.6258447631764705,7398.0,1430.0
0.7857536025337013,0.13774430085714284,0.2809434604761905,0.4857414676190477,7398.0,1430.0
0.8752345749404081,0.13377604848000002,0.37839381279999995,0.5619861336399999,7398.0,1430.0
0.8830804972639381,0.14429012965384616,0.37285568938461533,0.4832842453461538,7398.0,1430.0
0.8774672991235811,0.21100844112499997,0.31793005299999993,0.38092135141666666,7398.0,1430.0
0.9752773975884966,0.4909637457272728,0.20753141318181811,0.24850550818181824,7398.0,1430.0
0.8739390385629257,0.15000468881481482,0.1871700003703704,0.36191321092592593,7398.0,1430.0
0.7402413346124801,0.23555098394117646,0.3375061798235294,0.4874549154117647,7398.0,1430.0
0.7619055442577483,0.10906800392682928,0.33277525626829263,0.5190573665609757,7398.0,1430.0
0.9372521479612791,0.35002109084615385,0.29569600361538456,0.30493148153846156,7398.0,1430.0
0.8552009234051056,0.18906799794736842,0.3378501837894737,0.5332006320526317,7398.0,1430.0
0.8209378885770039,0.02666752717647059,0.4377833921176471,0.4751032462352941,7398.0,1430.0
0.9152549352074487,0.29524820471428576,0.45901546800000004,0.5496167247142857,7398.0,1430.0
0.8468943106584321,0.1390627093448276,0.24549377227586203,0.3964736523793104,7398.0,1430.0
0.8201559465042774,0.1994133920526316,0.05853837242105263,0.10305625394736842,7398.0,1430.0
0.7544418832125863,0.03950538588235294,0.10528248829411763,0.2882086592941176,7398.0,1430.0
0.7403257847253862,0.1787158932608696,0.2393334135217391,0.22297232708695652,7398.0,1430.0
0.7538428685526255,0.2385706225,0.20509400835,0.25881457265,7398.0,1430.0
0.8449613859224472,0.1331872055862069,0.2404240685862069,0.3391706387931034,7398.0,1430.0
0.8306682169688658,0.18825455847826086,0.4472124273913044,0.46429858060869555,7398.0,1430.0
0.9152795633372892,0.6096089951111112,0.5217407724444444,0.5114412856666667,7398.0,1430.0
0.8059816878473623,0.012104582857142858,0.37584140800000004,0.43882363421428566,7398.0,1430.0
0.9430303182561245,0.6909844473333333,0.24172204711111112,0.307853281,7398.0,1430.0
0.8317330843225316,0.0572754620625,0.21749120400000002,0.3551240358125,7398.0,1430.0
0.9403675089391144,0.8095485192857143,0.08125324714285716,0.321427965,7398.0,1430.0
0.7932560719094757,0.1196278146111111,0.05888824611111111,0.30180551166666664,7398.0,1430.0
0.7880508367585861,0.8490238483333332,0.026907924666666666,0.23946655549999998,7398.0,1430.0
0.7500532392684897,0.10996385349999999,0.05057623894444444,0.2354572756666667,7398.0,1430.0
0.7723140788081412,0.7730074707500001,0.072210437375,0.259709596375,7398.0,1430.0
0.7713756940349784,0.01662756707142857,0.17856408899999998,0.5082927183571428,7398.0,1430.0
0.9228251802309223,0.6669352955555555,0.17200115577777775,0.600927910111111,7398.0,1430.0
0.8071411576169091,0.03398790013333333,0.29779113626666665,0.6778116126666667,7398.0,1430.0
0.9671525058315602,0.32394251949999997,0.314360162875,0.7029922717499999,7398.0,1430.0
0.833007734343781,0.026014708,0.4085449628235294,0.7276875271176471,7398.0,1430.0
0.9394205586426082,0.13220352924999998,0.568646227875,0.6669081246249999,7398.0,1430.0
0.8269116585175111,0.08000500095833332,0.6794549842916667,0.5806785323333333,4638.333333333333,896.625
0.8197815445730214,0.10276044891304349,0.6018929205217391,0.7062094609130434,3502.0,677.0
0.7511150395929066,0.0282448678125,0.7641268674999998,0.7703366573125002,3502.0,677.0
0.72756254878266,0.13364287716666667,0.5218693303333334,0.5717394175416667,3502.0,677.0
0.7601010810346853,0.4112238237777778,0.34452414844444446,0.4450655926666667,3502.0,677.0
0.8058801528902221,0.12810629333333337,0.5594220208333333,0.6703310497083333,3502.0,677.0
0.818410793411926,0.14481354613636366,0.5831672146818182,0.6926173912727274,3502.0,677.0
0.8044908129850353,0.07153944988235293,0.4053310328235294,0.649128793,3502.0,677.0
0.898174159971899,0.612518547375,0.238173468625,0.46927976875,3502.0,677.0
0.8282707281249067,0.11635728384615383,0.28702407319230766,0.4941722912692308,3502.0,677.0
0.8027274555640521,0.11407462980952382,0.48698085347619047,0.6311550025238095,3502.0,677.0
0.7483211238008396,0.041871842888888886,0.6974381216111111,0.7445727151666666,3502.0,677.0
0.7640362970854183,0.25764102650000004,0.6749402418571429,0.7033195166428571,3502.0,677.0
0.7192934371962297,0.14556580606451613,0.795666069483871,0.8894694276451612,3502.0,677.0
0.8220909734161566,0.21573453827272723,0.45020265918181823,0.5449811359545454,3502.0,677.0
0.8482438251620715,0.23215707676923078,0.3075131178461538,0.27115185192307695,3502.0,677.0
0.763578089738603,0.03621458741666667,0.33888528199999995,0.4998978485,3502.0,677.0
0.8617680768879957,0.14471837445454547,0.6618448672727273,0.725683594909091,3502.0,677.0
0.7817337860989181,0.021768658437499998,0.71590642475,0.7451773431249998,3502.0,677.0
0.8845999045587906,0.4669942676666667,0.6043347014444445,0.756330193,3502.0,677.0
0.7894683235783593,0.0460977728125,0.35884209737500006,0.5572506793125,3502.0,677.0
0.8874836371971688,0.626873579375,0.40374399412500006,0.42923465937500005,3502.0,677.0
0.7474709590482798,0.044871432375000006,0.45386133625,0.559305068375,3502.0,677.0
0.7837922570669059,0.28143735233333333,0.49782615283333326,0.6862221026666667,3502.0,677.0
0.7407607846373929,0.07602873789473684,0.31461145710526317,0.6255016227368421,3502.0,677.0
0.7704149623853623,0.6338182295714285,0.47296068542857145,0.5748717475714286,3502.0,677.0
0.7588860883781693,0.041835042999999995,0.4296087294,0.5481723674666665,3502.0,677.0
0.9007882689585163,0.31845203520000004,0.7189477362,0.8228842273,3502.0,677.0
0.8038969793495225,0.058525970125,0.6766502908125,0.8483177878749999,3502.0,677.0
0.9052766959263943,0.673341929,0.7246039382857142,0.7814293034285713,3502.0,677.0
0.8007532381200623,0.04722807033333334,0.6315938700666665,0.6438664042666667,3502.0,677.0
0.9012136264229862,0.7525070801111111,0.5293004443333333,0.44905244466666666,3502.0,677.0
0.7877999129835994,0.07281519283333333,0.4366950574166666,0.3769253825,3502.0,677.0
0.8819746370454005,0.59029268475,0.25542835641666667,0.17778737141666667,3502.0,677.0
0.7789477527516206,0.07439853166666667,0.3897876003333334,0.41551309891666666,3502.0,677.0
0.8715551648061602,0.22935187816666666,0.4522840449166667,0.5265394037500001,3502.0,677.0
0.7459765169890564,0.050518911529411764,0.7562208265294118,0.7725807172941177,3502.0,677.0
0.7438853099576044,0.21094715631818178,0.6579731899545455,0.7907076946818182,3502.0,677.0
0.7830810911850512,0.38971150190909093,0.42475058572727276,0.7689165739999999,3502.0,677.0
0.7574891023302693,0.0065884473846153846,0.3590563221538462,0.6017506014615385,3502.0,677.0
0.8778524448703713,0.6173875423333334,0.3177793738888888,0.41873833511111114,3502.0,677.0
0.7775771958532574,0.046770438,0.2927623296666667,0.503368143,3502.0,677.0
0.8662339327936839,0.7059332986666667,0.24833848455555552,0.5066508401111111,3502.0,677.0
0.7722287859312347,0.06379720133333334,0.24069706286666664,0.46459310593333325,3502.0,677.0
0.8608828372524119,0.7050431638,0.29018180229999996,0.4245206822,3502.0,677.0
0.7644436420592539,0.023155925642857143,0.28788210299999994,0.4907809560714286,3502.0,677.0
0.87467199550778,0.6151783026250001,0.375390479625,0.44761552475,3502.0,677.0
0.784656265586926,0.0788413615625,0.5618595656875001,0.6581525152500001,3502.0,677.0
0.8876042449908849,0.568020836125,0.6627408983749999,0.7116610135,3502.0,677.0
0.7430630331298536,0.0650673590625,0.7171611797499999,0.8265047079375,3502.0,677.0
0.7617024434311057,0.577122896625,0.575751534875,0.5917675793750001,3502.0,677.0
0.7035866203201717,0.11187661072222221,0.22094472355555553,0.34389155461111115,3845.8888888888887,743.1111111111111
0.7279289804473594,0.636193038125,0.21946889475,0.457786487375,4121.0,796.0
0.6970613577264966,0.01479964625,0.2968849555,0.5074025882500001,4121.0,796.0
0.8384416092897722,0.42654044429999993,0.3810539415,0.3976527578,4121.0,796.0
0.7578694331817983,0.08362903572222222,0.474910400888889,0.4347057025555556,4121.0,796.0
0.836944363689733,0.5942284598571429,0.7317746935714285,0.618070425,4121.0,796.0
0.7423006307072278,0.052086117,0.6425476916,0.7256545649333334,4121.0,796.0
0.8380053937782206,0.5309024255000001,0.6266459565,0.6376257840999999,4121.0,796.0
0.74033201878565,0.0308419155,0.21221965485714284,0.3793997710714286,4121.0,796.0
0.8395140832646841,0.6808849896000001,0.1393308318,0.4338182515,4121.0,796.0
0.7441727394550465,0.0516949626,0.26946220260000003,0.38485483646666674,4121.0,796.0
0.839255599559358,0.6268396831428572,0.38023336199999996,0.3975425961428572,4121.0,796.0
0.7109503216002386,0.055854810823529416,0.30821835835294115,0.39349520676470595,4121.0,796.0
0.7484830527771003,0.3175653764444444,0.274600089,0.4621029427777778,4121.0,796.0
0.6726517064739487,0.012175198083333333,0.22264198925,0.311710412,4121.0,796.0
0.7282474175242171,0.3520027812,0.4013245531000001,0.35319282719999995,4121.0,796.0
0.7103355731330308,0.06840649384615385,0.3906310603846154,0.44766931984615377,4121.0,796.0
0.8543057846000565,0.3530946436363636,0.3163362088181818,0.3281232021818182,4121.0,796.0
0.7459475610593049,0.06544118214285714,0.45284199099999994,0.5392626615714285,4121.0,796.0
0.866715432643398,0.14261136575,0.5926553364999999,0.6001631743333334,4121.0,796.0
0.734245548704972,0.010380468,0.531739022923077,0.630529709153846,4121.0,796.0
0.8627690713648649,0.36646487190000004,0.6972726792999999,0.6859951770000002,4121.0,796.0
0.7418676094769115,0.03228064607142857,0.5028318611428572,0.4976070314285714,4121.0,796.0
0.8559716480276988,0.2839858952,0.41287438220000006,0.5442814744,4121.0,796.0
0.7485876188073264,0.027109099266666662,0.2026383051333334,0.43680916813333337,4121.0,796.0
0.8508625484903131,0.3787635556363637,0.11635732900000001,0.2470228983636364,4121.0,796.0
0.6778465153971799,0.0050627035,0.08173350674999999,0.17935544266666667,4121.0,796.0
0.7330803578256849,0.4242037391666667,0.13692851533333333,0.28014178225,4121.0,796.0
0.6673443608463001,0.03049880207142857,0.19350411757142852,0.3683059994285714,4121.0,796.0
0.7191937177923077,0.37103116644444445,0.3238098328888889,0.35114125500000004,4121.0,796.0
0.7232535396695629,0.027816546666666664,0.2728926909333333,0.2568045472,4121.0,796.0
0.8359104719366789,0.5230152872222222,0.23369332899999998,0.3620221817777778,4121.0,796.0
0.7265890673860507,0.03197735523076923,0.1283883026923077,0.35833495876923077,4121.0,796.0
0.8334027582115708,0.7103039615000001,0.061995267,0.2434404625833333,4121.0,796.0
0.7384808574490513,0.09923447580000001,0.07255391473333335,0.1669282278666667,4121.0,796.0
0.8285753460599784,0.800733396888889,0.15274221566666665,0.22490333433333332,4121.0,796.0
0.7225412224013823,0.029150389384615387,0.18470769007692311,0.25623181769230774,4121.0,796.0
0.8297861401243253,0.7501511062999999,0.23969912629999998,0.4028913412,4121.0,796.0
0.7301089618125394,0.04413455614285715,0.32294199999999995,0.3489440839285715,4121.0,796.0
0.8299927186930651,0.6744603062222222,0.45384361655555566,0.41075581911111114,4121.0,796.0
0.6943837424120402,0.06253007433333332,0.2728106633333333,0.341646805,4121.0,796.0
0.7163361033107175,0.5057989615454545,0.25059552372727273,0.19395678890909096,4121.0,796.0
0.6566490369787725,0.017500892076923076,0.15381004492307693,0.20014297461538463,4121.0,796.0
0.7118612364733115,0.5537134034,0.1331521298,0.148292565,4121.0,796.0
0.7059987265734468,0.030327038214285718,0.1498359987857143,0.14111188214285714,4121.0,796.0
0.8294960633575134,0.5564224637,0.1449771621,0.25098520970000004,4121.0,796.0
0.7285912579740057,0.03756415171428572,0.2505861582142857,0.3489435673571428,4121.0,796.0
0.8286002982130495,0.6102597599166668,0.17882791716666666,0.29982037091666663,4121.0,796.0
0.7303117413061841,0.075677283,0.13833718914285714,0.24868534971428574,4121.0,796.0
0.8290289204065044,0.645182277,0.21080029525,0.36849747424999996,4121.0,796.0
0.7291609195293397,0.03723035821428571,0.2588797506428571,0.2664064588571428,4121.0,796.0
0.8295627295193345,0.754402113125,0.11072475200000001,0.28643351475,4121.0,796.0
0.7319853501027396,0.10953876964285715,0.18158492985714286,0.32864389771428565,4121.0,796.0
0.8280218135467041,0.5262102805384615,0.19282647223076926,0.49743382446153844,4121.0,796.0
0.6741901320199208,0.024793397461538465,0.17775947884615384,0.22572128476923076,4121.0,796.0
0.7244479551334562,0.5716251001000001,0.3079262739,0.2340043804,4121.0,796.0
0.6695109797354017,0.036069790071428576,0.31585521799999994,0.332285277,4121.0,796.0
0.7453563650256126,0.5019537086000001,0.6085747093999999,0.5232352006000001,4121.0,796.0
0.7333168854908166,0.058693750466666667,0.2613653022666667,0.4364896731333333,4121.0,796.0
0.8444053299792893,0.556510451375,0.15603898387499998,0.23913272812499997,4121.0,796.0
0.7274287501864114,0.054302450083333335,0.15720594933333332,0.299547291,3706.8333333333335,716.0
0.8279848859864853,0.5152713191666666,0.13187800358333335,0.24182561591666674,3127.0,604.0
0.7462332104136552,0.0846639344375,0.1624639589375,0.2554665315625,3127.0,604.0
0.829037793594607,0.5504445162857142,0.222054649,0.2991712814285714,3127.0,604.0
0.7316153078647966,0.0457717984,0.2806276005333333,0.4130843430666666,3127.0,604.0
0.8277447182739789,0.5222409341818182,0.3606283120909092,0.40682051118181817,3127.0,604.0
0.7176837954425418,0.032294424076923074,0.44953160400000003,0.43353513069230765,3127.0,604.0
0.8294403330333842,0.6466589811000001,0.3068646486,0.3068835104,3127.0,604.0
0.6904958385515096,0.095840732375,0.20047046225,0.27806413674999997,3127.0,604.0
0.7100114550665341,0.7191057831250001,0.082830402875,0.261413598,3127.0,604.0
0.6592304425769685,0.05570988607142857,0.12941708835714286,0.2533314721428571,3127.0,604.0
0.7071476318616283,0.6154250587272727,0.07589588609090908,0.2502170989090909,3127.0,604.0
0.6898420056136486,0.02990402153846154,0.06587471253846154,0.13353784538461538,3127.0,604.0
0.8277513843347101,0.6012571903636363,0.04440286509090908,0.13524691836363634,3127.0,604.0
0.7070580186166642,0.02980912490909091,0.07901518672727272,0.11272676490909089,3127.0,604.0
0.8145945972778311,0.4993413633636364,0.09343146672727273,0.295761009909091,3127.0,604.0
0.7301027288333536,0.0801768946,0.17390700773333337,0.2617418994,3127.0,604.0
0.8266696176969797,0.5810885845,0.141350299,0.23313456675,3127.0,604.0
0.7408513483046564,0.11255319047058822,0.29550905441176467,0.41930826652941183,3127.0,604.0
0.8272267297126833,0.531829024,0.14104324291666667,0.3388335971666667,3127.0,604.0
0.7061121702114668,0.024394385166666668,0.08611780641666666,0.26171573116666663,3127.0,604.0
0.8273681548353342,0.5452571056666667,0.17142667166666667,0.31642343450000004,3127.0,604.0
0.6548456132937498,0.02001840675,0.20613631908333338,0.33720570883333334,3127.0,604.0
0.7128658836716021,0.5570423889999999,0.4839719955454545,0.694626553,3127.0,604.0
0.6612915093502778,0.06833728107142857,0.4079524739285714,0.7128648718571429,3127.0,604.0
0.7167874047460974,0.6754803815555555,0.3809149445555556,0.5724613507777777,3127.0,604.0
0.6814030202309769,0.03441063527272727,0.2846440707272727,0.5183284050909092,3127.0,604.0
0.8153811341361663,0.3912863542999999,0.28219372220000005,0.35400193480000003,3127.0,604.0
0.7377395041306003,0.10233052975000001,0.3400424315625,0.35620887274999996,3127.0,604.0
0.828669702281669,0.691545917888889,0.19030384955555554,0.2671271088888889,3127.0,604.0
0.72614133309255,0.11585994423076923,0.2714490016923077,0.3183624885384616,3127.0,604.0
0.8183102949766312,0.5775920853846155,0.16893278092307698,0.2607574226153846,3127.0,604.0
0.7096723805592564,0.041951639416666665,0.23554799875000001,0.3434740019166667,3127.0,604.0
0.8243273249777275,0.5931430893636364,0.11000301700000001,0.23345247018181822,3127.0,604.0
0.7231071716985422,0.059270618071428575,0.1606841172857143,0.26669538414285715,3127.0,604.0
0.8267561061550137,0.561642491,0.09336347533333335,0.23188514377777775,3127.0,604.0
0.6973692561821015,0.11097520647058823,0.08148174976470589,0.28332439376470586,3127.0,604.0
0.7116573929435047,0.6647490491111112,0.07440159477777779,0.2204061771111111,3127.0,604.0
0.6554187509802325,0.032092913083333334,0.08826055091666667,0.16053315199999998,3127.0,604.0
0.6949534926094876,0.5297673105555555,0.03918535722222222,0.18172662711111112,3127.0,604.0
0.6864856243111717,0.12838829364285714,0.065353281,0.25173159957142854,3127.0,604.0
0.815574442972017,0.4862430877500001,0.04564876541666666,0.14252799583333334,3127.0,604.0
0.7170655959336446,0.05998640716666667,0.058840438083333335,0.08224403591666667,3127.0,604.0
0.8156698865503836,0.51471710825,0.031836654916666665,0.102180824,3127.0,604.0
0.7171693001406775,0.06573554341666667,0.057684186000000005,0.14707842016666667,3127.0,604.0
0.8141544348766352,0.4064186383,0.0423695829,0.1565614396,3127.0,604.0
0.7414802569663221,0.09060747047058826,0.07675392476470588,0.19422003452941178,3127.0,604.0
0.8292482013369719,0.5111623111111112,0.170371303,0.20030971588888888,3127.0,604.0
0.7171905935099243,0.047268861166666655,0.18762414225000001,0.25844740208333333,3127.0,604.0
0.8154006427224271,0.3379012485,0.16126527916666666,0.3284140993333333,3127.0,604.0
0.6935941333160798,0.048078262230769234,0.09775741546153846,0.17780726253846155,3127.0,604.0
0.703979534102504,0.40411859285714286,0.10311060092857142,0.15148851328571428,3127.0,604.0
0.6479615774183051,0.04184911284615385,0.050074915615384616,0.13400125238461535,3127.0,604.0
0.7082258246345426,0.5276114956666665,0.078519672,0.23496846533333335,3127.0,604.0
0.6892170452854532,0.09255372080000002,0.16452017186666665,0.22008629866666668,3127.0,604.0
0.8222152537002672,0.3378058164,0.11711988899999999,0.22270605189999998,3127.0,604.0
0.7351891639823086,0.070498067875,0.10360037249999998,0.21725155725,3127.0,604.0
0.8277791086006656,0.43953895670000004,0.1186142434,0.2439181815,3127.0,604.0
0.7219694473574746,0.03407628871428571,0.11595976571428572,0.23638572807142857,3127.0,604.0
0.8269592691002231,0.3602108089166667,0.15799653066666666,0.30762084591666666,3127.0,604.0
0.7051976714323538,0.026380249166666665,0.11460830408333333,0.2752026871666667,3127.0,604.0
0.8276138733407068,0.4203425070833333,0.09185211516666668,0.18797612983333334,3127.0,604.0
0.6800869844118689,0.0012562803333333334,0.09340010633333333,0.22141379255555552,2271.4444444444443,438.44444444444446
0.8147990944119247,0.46163742675,0.11918945366666668,0.2513817403333333,1587.0,306.0
0.6986668315362334,0.058706231,0.18022664816666667,0.2930587975,1587.0,306.0
0.6962168300916253,0.41059678291666674,0.10101979975000001,0.20366421266666668,1587.0,306.0
0.6603346959732785,0.0595320504,0.12101060759999997,0.18141290559999998,1587.0,306.0
0.7152993529277984,0.4676854501818182,0.194038893,0.22580381427272728,1587.0,306.0
0.6955650992683413,0.032659720692307694,0.18120056415384614,0.2557060633076923,1587.0,306.0
0.825301874924024,0.39890695541666665,0.2654756423333334,0.2672202210833333,1587.0,306.0
0.7199916944223272,0.05454160928571428,0.17811182135714285,0.2837071087142858,1587.0,306.0
0.826619410279713,0.411942406375,0.213585318625,0.28116742699999997,1587.0,306.0
0.7060979824288074,0.021191226500000004,0.17816600741666666,0.31688783191666664,1587.0,306.0
0.8204487630761302,0.34512244499999994,0.14662984836363635,0.32954693672727275,1587.0,306.0
0.7202554826580618,0.04666854571428571,0.13213686749999998,0.21612301407142856,1587.0,306.0
0.825355228116598,0.45995090670000005,0.1262449464,0.23451778889999994,1587.0,306.0
0.7264482735899142,0.0446277222,0.10206505540000001,0.19045511126666664,1587.0,306.0
0.8266933615295751,0.3964812877777778,0.216294895,0.1555921737777778,1587.0,306.0
0.6926530758016404,0.04720185746153846,0.11416384276923076,0.24879433053846156,1587.0,306.0
0.704026977159542,0.400832925,0.16070576666666667,0.23795523341666666,1587.0,306.0
0.6781838219477649,0.1684037051304348,0.13146216465217392,0.23057638082608695,1587.0,306.0
0.6996788661943006,0.05203621233333333,0.17614205406666666,0.23295990946666667,1587.0,306.0
0.8299950286689332,0.44703947255555554,0.17596467255555556,0.3273339105555555,1587.0,306.0
0.7271203963358733,0.061577489333333325,0.20536122513333332,0.597347687,1587.0,306.0
0.8326655558738129,0.47822371399999997,0.2885643856000001,0.57050745,1587.0,306.0
0.7203157255347958,0.055302871142857146,0.3024149427857143,0.4766315428571427,1587.0,306.0
0.8367681824310532,0.6280550203,0.25223885420000003,0.3766490569,1587.0,306.0
0.7080532925894806,0.04650040816666667,0.26220339425,0.34643423649999994,1587.0,306.0
0.8306660198434359,0.6113429057692308,0.14634729115384618,0.244783875,1587.0,306.0
0.7136273996000123,0.04885089415384615,0.14514767938461537,0.22332620846153844,1587.0,306.0
0.8408770272756984,0.6875362996,0.11159953370000002,0.2731924542,1587.0,306.0
0.6863478091588242,0.09115496206666666,0.18028852053333336,0.23449257373333332,1587.0,306.0
0.7286029507025674,0.7927738015714286,0.092832626,0.21623101057142854,1587.0,306.0
0.6781707125811501,0.12216236771428571,0.21865792607142856,0.2272102667142857,1587.0,306.0
0.7124269821350441,0.6370567464444444,0.10896410833333332,0.2219198428888889,1587.0,306.0
0.7118209757124792,0.17766433306249999,0.2366203169375,0.26565403137500004,1587.0,306.0
0.8823137995292221,0.6893906525454545,0.18395726945454546,0.3005158793636364,1587.0,306.0
0.7426571581240491,0.0701022082857143,0.24587027135714282,0.38759620349999996,1587.0,306.0
0.8659008999203693,0.6604761666666666,0.10387011191666666,0.5252504558333334,1587.0,306.0
0.7116515243031284,0.015770244545454545,0.1116426262727273,0.3728265821818182,1587.0,306.0
0.8762338788740192,0.5913690740769231,0.08122677107692307,0.20333256369230773,1587.0,306.0
0.7268955653959562,0.03140376116666666,0.12731349174999998,0.158788913,1587.0,306.0
0.8787673081228113,0.6646346718,0.0788594255,0.261772297,1587.0,306.0
0.7425036227726274,0.041084606833333336,0.18871159733333331,0.2705876581666667,1587.0,306.0
0.8749266808716079,0.5846043200000001,0.11141978291666665,0.38828488750000006,1587.0,306.0
0.7219536586278245,0.04238911241666667,0.17467126075000003,0.3434522105,1587.0,306.0
0.7271934930486158,0.6467119288333335,0.07834469816666666,0.41921452025,1587.0,306.0
0.6756589916812882,0.07002767792857142,0.11668672892857143,0.3687628008571428,1587.0,306.0
0.7394436236846833,0.7081031631818182,0.061061277818181804,0.4317711512727273,1587.0,306.0
0.7067729513348932,0.031259193166666664,0.139807868,0.34887085625,1587.0,306.0
0.8638776196329797,0.6655490356363636,0.061757156818181815,0.39369265200000003,1587.0,306.0
0.7308853031758807,0.0460405615,0.1305194579166667,0.17346897891666666,1587.0,306.0
0.8607336003012018,0.6053126663333334,0.07330543891666667,0.20862492325,1587.0,306.0
0.7307410803147195,0.04255966233333333,0.15060997558333333,0.24948702708333328,1587.0,306.0
0.8555566122271041,0.5368892218461537,0.09154901738461539,0.2595644848461539,1587.0,306.0
0.7300986918544047,0.03246886276923077,0.12543316615384617,0.17571377207692304,1587.0,306.0
0.8492286502028937,0.4686519443333334,0.10387568658333333,0.22597806225000003,1587.0,306.0
0.7190609409112955,0.028868861083333336,0.1019392095,0.13635329883333333,1587.0,306.0
0.8501248289899493,0.6545412582500001,0.079848052625,0.13206771775,1587.0,306.0
0.7153782761237621,0.1104553118125,0.148120208625,0.14853275806249996,1587.0,306.0
0.7232698220404241,0.5118190597,0.2047481307,0.20794085359999998,1587.0,306.0
0.6679702717886903,0.05526817457142857,0.10470358671428573,0.13524004292857142,1032.142857142857,199.14285714285714
0.7424592684303629,0.6136410823333333,0.19125943644444443,0.2234842457777778,616.0,119.0
0.7209658300064347,0.098429680375,0.16342376231250005,0.17430752593750004,616.0,119.0
0.8621724379986745,0.6128268351249999,0.158628606625,0.165910970125,616.0,119.0
0.7328597860812809,0.07121044323076922,0.11426011153846154,0.18125838761538463,616.0,119.0
0.8603550239450092,0.592617625,0.0710516449,0.14303301159999998,616.0,119.0
0.7511794815864337,0.12879135442857143,0.15774088492857144,0.2076243060714286,616.0,119.0
0.8556262904732328,0.5729258459000001,0.25227291960000003,0.2478019992,616.0,119.0
0.7450047363346354,0.11106407299999999,0.28524146300000003,0.44149938592857146,616.0,119.0
0.8596449656835713,0.5537299755833335,0.12461442658333333,0.3447445806666667,616.0,119.0
0.7282267890628683,0.04625679775,0.16262581058333334,0.21171405408333333,616.0,119.0
0.8711958231614437,0.5933471925833333,0.07715202033333333,0.227220159,616.0,119.0
0.705206960468285,0.05874063621428572,0.14237895585714286,0.2520814202142857,616.0,119.0
0.7662135428605493,0.6110659805833333,0.09145479325,0.3420202716666667,616.0,119.0
0.6714719595165443,0.03051910316666667,0.14481321575,0.2381844125833333,616.0,119.0
0.7710659644268557,0.6867125401,0.0698311467,0.21155822770000002,616.0,119.0
0.7314472046800837,0.062496122499999994,0.13247712942857143,0.14789951864285714,616.0,119.0
0.9202449511962874,0.6293333338333335,0.1180285185,0.23182159050000004,616.0,119.0
0.7452233594032515,0.06385112415384615,0.14626602592307691,0.13736018176923076,616.0,119.0
0.9151301104849406,0.7555769575555555,0.1138106192222222,0.23280132822222221,616.0,119.0
0.7546950473555741,0.053309868153846154,0.1780045303076923,0.17403252361538463,616.0,119.0
0.8813984950635353,0.5315381652307692,0.165920136,0.24647294169230766,616.0,119.0
0.7365884367655001,0.05021289684615385,0.11695999592307692,0.2427322954615385,616.0,119.0
0.8930561507435635,0.6806517843333333,0.06427136444444444,0.26555160455555554,616.0,119.0
0.7364950069091658,0.04791638225,0.16738809358333331,0.37516250808333335,616.0,119.0
0.8822156855151779,0.6052459498181818,0.09692619572727272,0.38580939554545457,616.0,119.0
0.723388150257821,0.08909133026666667,0.11116726560000001,0.2010915258,616.0,119.0
0.7629370864143618,0.7065972202999999,0.1231599226,0.20625367050000004,616.0,119.0
0.6837291207153015,0.08660845293333333,0.1379949524,0.17335587780000006,616.0,119.0
0.7547338400297782,0.7227665542857143,0.16321963828571429,0.2400354717142857,616.0,119.0
0.7132793867471974,0.11948702384615385,0.30574269769230766,0.4899685056153847,616.0,119.0
0.8526340671120604,0.5168482052500001,0.21636201675,0.43662693741666664,616.0,119.0
0.7482336416609944,0.08697904041666665,0.18098712508333334,0.29054761674999996,616.0,119.0
0.8795997742205974,0.5857277696923077,0.0869631566923077,0.24046551769230767,616.0,119.0
0.75789048746875,0.08668011446666667,0.19945371946666665,0.37271531686666665,616.0,119.0
0.8960088706800456,0.6623405331818182,0.18607473645454545,0.44402767390909087,616.0,119.0
0.718718791552869,0.027501165166666664,0.09951644141666666,0.2822846746666667,616.0,119.0
0.9016988805154579,0.7075651235,0.1439006016,0.272680917,616.0,119.0
0.753038877558756,0.07774653533333332,0.18599118146666666,0.28866320493333325,616.0,119.0
0.9071623955852858,0.6767205582499999,0.2147310825,0.325586032375,616.0,119.0
0.7118714172277942,0.10584079337500002,0.22968068350000004,0.36103450800000003,616.0,119.0
0.7533650521663057,0.5652370583636364,0.1496295633636364,0.36180110890909084,616.0,119.0
0.6631318273128833,0.019377939,0.14340080991666668,0.24285843083333333,616.0,119.0
0.7501197719644973,0.6488823743000001,0.0763940129,0.2092277487,616.0,119.0
0.7193174239946348,0.06290829435714286,0.13186194599999998,0.2009226546428571,616.0,119.0
0.9051392642856863,0.7775754018888889,0.07976523833333332,0.33863472533333333,616.0,119.0
0.7682564105948042,0.11699042525,0.14591358375,0.16439220649999997,616.0,119.0
0.9084617318743649,0.7545250842222221,0.09693277788888889,0.23982104722222225,616.0,119.0
0.7462003823918185,0.06163083085714286,0.13146588899999997,0.20115826650000002,616.0,119.0
0.9110595335943822,0.7045119124000001,0.0673794536,0.3136176227,616.0,119.0
0.7445702616904538,0.048966764083333336,0.1488724165,0.1523957493333333,616.0,119.0
0.9018244446917884,0.6174600152499999,0.08205183316666666,0.17013282149999998,616.0,119.0
0.7521423003290764,0.06031355835714286,0.13044610778571428,0.13210285057142854,616.0,119.0
0.9169609919308293,0.723061021,0.1522244511,0.23132703540000002,616.0,119.0
0.7229588863012408,0.053042323363636366,0.22591626990909086,0.32411685918181815,616.0,119.0
0.7310401877831246,0.5610808791818181,0.1014064430909091,0.17887979245454544,616.0,119.0
0.6955925592824949,0.1353451571875,0.1782107459375,0.24218589218749997,616.0,119.0
0.7618744877202936,0.6668209791666665,0.18440402783333332,0.3171922306666667,616.0,119.0
0.7174840026103578,0.024141274083333334,0.15562744991666666,0.26845671499999996,616.0,119.0
0.9175669152342669,0.7540623428750001,0.080208873875,0.17506036275000003,616.0,119.0
0.7773791288964863,0.12281109200000001,0.15460267160000002,0.24083378473333333,616.0,119.0
0.925366820398745,0.5918297473846154,0.0885317353076923,0.22124489299999997,616.0,119.0
0.7527104663238547,0.051212760846153844,0.1694720616923077,0.31305215469230774,487.9230769230769,94.07692307692308
0.9658615419754665,0.7685952106666666,0.08431189044444444,0.4751813004444444,431.0,83.0
0.7999562486551512,0.06081387878571428,0.166087817,0.5178113697857143,431.0,83.0
0.9725155475418351,0.7542808078000001,0.0839427938,0.5093682597,431.0,83.0
0.8259594380067421,0.05941112392857143,0.09912416935714284,0.41726023300000004,431.0,83.0
0.977701075331298,0.7560253832222222,0.1012917811111111,0.24080588155555555,431.0,83.0
0.8216447423869871,0.06359612246153847,0.20693862815384614,0.16518352446153847,431.0,83.0
0.7946932473439715,0.636651875,0.12605133633333335,0.18213499741666664,431.0,83.0
0.7612700485725715,0.038397702538461545,0.20080574923076921,0.20965298500000001,431.0,83.0
0.8043212953841535,0.6947485628181818,0.08007355945454546,0.23281394190909088,431.0,83.0
0.7574919834922453,0.04300306883333333,0.13519737008333335,0.2869285601666666,431.0,83.0
0.9386360676530624,0.6269730771666667,0.09162297766666667,0.20631124966666667,431.0,83.0
0.7815276114228864,0.0485386225,0.21464861707142857,0.4542767551428571,431.0,83.0
0.9279896859513421,0.6994572344444445,0.20315881711111108,0.5634362366666666,431.0,83.0
0.7642074734745072,0.06487795678571429,0.20687700857142852,0.32674506428571426,431.0,83.0
0.9042684799305296,0.6057988840833334,0.23008481608333334,0.26903536083333335,431.0,83.0
0.7522799772646691,0.049306258285714284,0.29126234492857145,0.4756028382857143,431.0,83.0
0.8835589548212465,0.6587864285,0.20740359590000002,0.4220599562999999,431.0,83.0
0.726519147861504,0.029650201153846152,0.26560173507692303,0.3369121013076923,431.0,83.0
0.8918406721165951,0.6751532665,0.09857647870000001,0.2921173497,431.0,83.0
0.706976425373705,0.051070065857142855,0.1581677808571429,0.2913732141428572,431.0,83.0
0.7692617103849783,0.674570991,0.0633931504,0.2700837324,431.0,83.0
0.6980454140790009,0.03941872233333333,0.1433698335,0.18910436958333332,431.0,83.0
0.7515642137791329,0.54584231725,0.16603670825000003,0.3101827514166667,431.0,83.0
0.7973732943795058,0.29961279460869567,0.15964991226086955,0.4325020559565217,431.0,83.0
0.7660098053192428,0.10088607987499999,0.21683876593749998,0.3666540582500001,431.0,83.0
0.8962306891095241,0.8083962747142858,0.12731737699999998,0.23047027071428575,431.0,83.0
0.7714463448442593,0.125979695125,0.1912058325,0.3305223828125,431.0,83.0
0.8962419744764739,0.7340910133333334,0.06478382677777778,0.39619345488888885,431.0,83.0
0.7646879357612144,0.07677906193333332,0.12013556593333334,0.21320403833333337,431.0,83.0
0.8920795979836967,0.6061842174000001,0.09591721350000001,0.2723644095,431.0,83.0
0.7352452260131895,0.030530532363636363,0.20045569245454545,0.33811325172727275,431.0,83.0
0.8476548941983645,0.4636364114545455,0.15659776781818183,0.2959305605454545,431.0,83.0
0.7201212184912513,0.09251225681250001,0.26037695275,0.374520172,431.0,83.0
0.7587682159347184,0.6961755286666667,0.12555909266666665,0.39372746522222224,431.0,83.0
0.6988247030998265,0.0678833927142857,0.2185653122142857,0.44367724171428574,431.0,83.0
0.7655891793624391,0.6734936056666667,0.1179586368888889,0.41031652166666666,431.0,83.0
0.7485386768359142,0.11107685181250002,0.201076993,0.40585856193750003,431.0,83.0
0.931324982125707,0.7568124481249999,0.086376058625,0.35883107700000005,431.0,83.0
0.7828964934845168,0.10730729673333333,0.14182524480000003,0.36284441659999994,431.0,83.0
0.9178794700268545,0.6813278210000001,0.0493829088,0.3804774668,431.0,83.0
0.7698601831431579,0.0693335328,0.07900901026666667,0.29049465073333336,431.0,83.0
0.9252733229913288,0.7192204105555556,0.03402486833333333,0.18225189733333333,431.0,83.0
0.7631902531313552,0.060063055866666666,0.06164862546666665,0.13850169013333333,431.0,83.0
0.928911264889783,0.6690349565999999,0.08153340690000001,0.1610192262,431.0,83.0
0.7657048354699181,0.09460016962500001,0.1602756658125,0.2186853481875,431.0,83.0
0.9313898715427761,0.7092035532222222,0.16237977933333334,0.24191652477777778,431.0,83.0
0.7038289315389871,0.010777937909090908,0.21290474727272726,0.2594765245454545,431.0,83.0
0.7358255753655961,0.6197592241818183,0.14578360963636364,0.26519020036363633,431.0,83.0
0.6789053931122948,0.07561845353333334,0.17434216966666663,0.22061647033333331,431.0,83.0
0.7556046024711517,0.7716982156666666,0.05799001933333334,0.17745015877777778,431.0,83.0
0.7231721808391748,0.07999596133333332,0.09376396060000002,0.17361738466666665,431.0,83.0
0.9154543846117704,0.7365101002222223,0.08164997866666666,0.32301058955555556,431.0,83.0
0.7667471764105028,0.0633357964,0.16296054153333334,0.34468639,431.0,83.0
0.8983267885451909,0.6028092959,0.20149559820000001,0.2231185307,431.0,83.0
0.7348082421638032,0.027208925666666665,0.17730485308333332,0.2908362475833333,431.0,83.0
0.8751388979883387,0.5728269510909091,0.08441694754545453,0.2852105726363636,431.0,83.0
0.7480426323634581,0.055656195357142856,0.1959823151428571,0.21377268257142854,431.0,83.0
0.8885686936547077,0.5989114823333332,0.07648398016666667,0.1877979239166667,431.0,83.0
0.7340769825872516,0.0069301839166666665,0.15161612575,0.17373944308333333,431.0,83.0
0.8775318386462382,0.6544223835,0.06820134225,0.18542232625,431.0,83.0
0.7608253209878739,0.14025712664705883,0.1660474017647059,0.38456929664705886,737.3529411764706,142.2941176470588
0.7552529072223062,0.667343310909091,0.09809613881818181,0.520790419,1082.0,209.0
0.6822698657090925,0.018885270384615384,0.13195742900000001,0.45964116384615383,1082.0,209.0
0.7529650020779382,0.6346753554545456,0.07989840636363636,0.5309566165454546,1082.0,209.0
0.7414860464546766,0.049935037599999996,0.10281478899999999,0.32008036073333324,1082.0,209.0
0.8714716613957575,0.6587136185,0.12211700966666666,0.41034068883333336,1082.0,209.0
0.7615494979113085,0.086839679,0.1595848082941177,0.24391657876470585,1082.0,209.0
0.8674695580802401,0.678180799625,0.09403113712499998,0.194665173125,1082.0,209.0
0.7859207918918029,0.23545966170833335,0.12631937675,0.2493454485416667,1082.0,209.0
0.7828215464471556,0.26192773191999996,0.11959601284000002,0.22578904331999997,1082.0,209.0
0.7730189244687711,0.265668677,0.13927688590909093,0.22945070586363633,1082.0,209.0
0.7130716508049976,0.0827119409375,0.13845417512500002,0.3661881111875,1082.0,209.0
0.7278348623477975,0.4715290326,0.0954155782,0.1998787104,1082.0,209.0
0.6680357665308176,0.03575095726666667,0.049712199600000014,0.10232715813333333,1082.0,209.0
0.7426115118921679,0.5531119787500001,0.043818779375,0.11672852499999999,1082.0,209.0
0.7646358869723539,0.2392543574545454,0.10398408777272729,0.20449630004545452,1082.0,209.0
0.7643517089436516,0.12836267906666665,0.15659529886666668,0.3920327504666666,1082.0,209.0
0.8729268899849847,0.5168050387,0.12077304510000002,0.2980402472,1082.0,209.0
0.7741234661080676,0.1051883316111111,0.091078061,0.2187461436111111,1082.0,209.0
0.8941319554579866,0.628921958,0.0439033765,0.180318955625,1082.0,209.0
0.7354786820031765,0.016279346615384615,0.08870981953846155,0.09330096569230768,1082.0,209.0
0.8915463858799413,0.5862767155833334,0.06411294966666667,0.15412918425000002,1082.0,209.0
0.7958198746454223,0.27093292308695655,0.08833246034782609,0.18031878060869563,1082.0,209.0
0.6995317739921142,0.016825562357142856,0.11300162471428572,0.3740906665714286,1082.0,209.0
0.7350698028909011,0.56167840175,0.049921627,0.29156392200000003,1082.0,209.0
0.6789944529789778,0.0647962921875,0.0674453145,0.152932513875,1082.0,209.0
0.7410917272517077,0.6592423165555555,0.035360093111111116,0.14072068766666668,1082.0,209.0
0.7250312856676432,0.059791680124999996,0.0747757489375,0.170329793375,1082.0,209.0
0.8787753941771931,0.6148375106666665,0.11528418322222223,0.17055126988888888,1082.0,209.0
0.7220461952171875,0.013309727416666667,0.08282757308333331,0.11303205808333334,1082.0,209.0
0.8491312442515601,0.532893118909091,0.045067286000000005,0.08908163236363636,1082.0,209.0
0.7435357101956808,0.061934993499999993,0.05668799999999999,0.10662378556249998,1082.0,209.0
0.8861047424543645,0.727477638125,0.02322135725,0.122456599375,1082.0,209.0
0.7445187587986748,0.0469847666,0.06588585066666668,0.10999455879999999,1082.0,209.0
0.870254303351417,0.47468319821428573,0.09122068471428571,0.14567459521428572,1082.0,209.0
0.7936886408780874,0.3217905656315789,0.0816920355263158,0.19427869994736843,1082.0,209.0
0.7110950931356491,0.062747229875,0.09694288862500001,0.1565100220625,1082.0,209.0
0.760367979094863,0.775020442,0.055269839125,0.196404945125,1082.0,209.0
0.6844470189497199,0.050242508199999994,0.09533771706666666,0.1972046525333333,1082.0,209.0
0.7652964648348891,0.7493354480000001,0.06251741833333334,0.30047635366666664,1082.0,209.0
0.7243493176254084,0.04656263857142857,0.23931955835714286,0.5075779885000001,1082.0,209.0
0.8869582705092913,0.6515119887,0.20331227429999998,0.4929386142,1082.0,209.0
0.7514994924888089,0.0477599255,0.25777388542857144,0.532436618142857,1082.0,209.0
0.8573016183920614,0.6223856561250001,0.123929431875,0.569473296625,1082.0,209.0
0.7647162748853364,0.1180571522777778,0.22820991055555556,0.5810664439444444,1082.0,209.0
0.8616631596531786,0.5253988045555554,0.26793197544444447,0.5098015358888888,1082.0,209.0
0.7282289480039947,0.015242210642857143,0.2111620674285714,0.3759270664285715,1082.0,209.0
0.8587767816553031,0.6290187029000001,0.1032912324,0.22565564659999998,1082.0,209.0
0.7293450595780906,0.018230573,0.0817578915,0.18730892757142856,1082.0,209.0
0.8761524509699716,0.6984042795555556,0.04889951433333334,0.25754123311111116,1082.0,209.0
0.6967427961628234,0.04499659206666667,0.12382303919999997,0.35729072986666666,1082.0,209.0
0.7374656122261134,0.6970875866999999,0.0597671172,0.4010669945,1082.0,209.0
0.6613846763968052,0.01761279992857143,0.07586899000000001,0.22845128035714282,1082.0,209.0
0.7400255407864104,0.6787174208,0.080450844,0.1510704805,1082.0,209.0
0.7168638533008012,0.036198637666666665,0.24437771439999997,0.24645885306666665,2636.6,509.6
0.8334929887099488,0.6711059595,0.3204311145,0.4409146677,3673.0,710.0
0.7602530735757119,0.29736320833333335,0.3221272150476191,0.4204610673333334,3673.0,710.0
0.7381280963631816,0.082729893625,0.20650660443750002,0.4714001192499999,3673.0,710.0
0.8420314414760921,0.782817335875,0.089379370375,0.432670858375,3673.0,710.0
0.7378517654695129,0.0817739606875,0.10730040224999998,0.407602567125,3673.0,710.0
0.8385302945928095,0.7358459421,0.04744045140000001,0.2741184951,3673.0,710.0
0.7236797931751376,0.014095476142857142,0.09932163664285713,0.14332515428571427,3673.0,710.0
0.8376735590484321,0.7591846166250001,0.06231402374999999,0.164024405125,3673.0,710.0
0.7008952953416228,0.072611594,0.1133713455,0.274941673875,3673.0,710.0
0.7136740546561017,0.709475256375,0.21370872825,0.51727820575,3673.0,710.0
0.667049649723615,0.06454838775,0.3430942085,0.5826282665,3673.0,710.0
0.7138177853002513,0.46359125392857153,0.3098570600714286,0.4911852297857143,3673.0,710.0
0.7062579609681392,0.026356064909090905,0.2181649545454545,0.2727173893636364,3673.0,710.0
0.7638954535497887,0.2288956651304348,0.1443857576521739,0.30562446165217394,3673.0,710.0
0.8298288335134635,0.5904647459999999,0.13679596977777775,0.30074512933333336,3673.0,710.0
0.7352022397171748,0.03703432075,0.18069320175,0.26500444618749996,3673.0,710.0
0.8282277677285462,0.510380057,0.262853098625,0.259874420375,3673.0,710.0
0.735487800839332,0.024781408062500003,0.32680994325,0.412650616375,3673.0,710.0
0.8290130703608684,0.331145284,0.3791690785,0.4100572898333333,3673.0,710.0
0.7370986018965677,0.0504385805,0.27145105256249996,0.3758324496875,3673.0,710.0
0.8292358917351229,0.49187090299999997,0.23235865033333333,0.41643816255555555,3673.0,710.0
0.7002421924358785,0.045595504,0.18131495743750004,0.44888717849999993,3673.0,710.0
0.7119929101115889,0.5968905495555554,0.22642711188888892,0.4302834214444445,3673.0,710.0
0.6612555714618101,0.02259641293333333,0.5322657082,0.6022826042666668,3673.0,710.0
0.7073141793397891,0.367360725,0.5390318845714285,0.7725310535714286,3673.0,710.0
0.7029264868396992,0.052071834352941174,0.39687171794117637,0.5325856112352942,3673.0,710.0
0.8285939523850674,0.3479723591428572,0.28934998285714286,0.382699125,3673.0,710.0
0.7409538247150418,0.03816201052941176,0.08066953147058822,0.2223776188235294,3673.0,710.0
0.828888999214155,0.49677985071428565,0.06213675428571429,0.09902653985714285,3673.0,710.0
0.7411303056215715,0.043544488,0.06547217599999999,0.1385045328823529,3673.0,710.0
0.7649147037997682,0.2572411552380952,0.09445057628571428,0.27463165557142866,3673.0,710.0
0.8153807970338938,0.23574516025000003,0.3112280503333334,0.41735441749999996,3673.0,710.0
0.7606388850455126,0.11794830740909092,0.3375228882272727,0.3277975378636363,3673.0,710.0
0.7065445920533306,0.1592548123076923,0.3385105313461538,0.3580126121153846,3673.0,710.0
0.6599396421817765,0.0120281564,0.3388374223333334,0.4224494792,3673.0,710.0
0.7043730519419417,0.19573896729166665,0.141902311875,0.21915741020833338,3673.0,710.0
0.8305034608728983,0.5967946713,0.17724156249999998,0.3156910865,3673.0,710.0
0.7355452016117652,0.03810355825,0.23878233306250002,0.41094336025,3673.0,710.0
0.76183013870431,0.21821323095454545,0.10807370395454546,0.34724538750000006,3673.0,710.0
0.8320690489098073,0.720114305375,0.076776655375,0.22962971762499998,3673.0,710.0
0.7370679846047913,0.056882288812499994,0.08834972387499998,0.235729457625,3673.0,710.0
0.8209415615370362,0.4836427169285714,0.025298871714285714,0.15330391407142854,3673.0,710.0
0.7574116491597518,0.12907550384210528,0.034124212894736834,0.10928266157894737,3673.0,710.0
0.6888027747666413,0.004722128466666666,0.21633374173333336,0.4271904904666667,3673.0,710.0
0.6958182691711262,0.13112444633333334,0.4310869489166668,0.60582444425,3673.0,710.0
0.735683987698409,0.4767511071428571,0.4177440787142857,0.575958926,3673.0,710.0
0.7268580838135037,0.07009367122222222,0.49523216783333335,0.7150785133888888,3673.0,710.0
0.7766654983653215,0.23200575123809525,0.5686787500476191,0.6176274517619047,3673.0,710.0
0.7919807220664242,0.10234533385294117,0.3394423672647059,0.5079685647352941,3673.0,710.0
0.7904836654278335,0.1708417488695652,0.13625789065217392,0.4170844006956522,5088.217391304348,983.2608695652174
0.7907496108000913,0.11912091375999999,0.24801929336,0.34906121707999993,5843.0,1129.0
0.7308157224365148,0.03289048635294117,0.2255107916470588,0.28890273964705887,5843.0,1129.0
0.7385871299653995,0.630525577,0.05762762322222222,0.10328427455555556,5843.0,1129.0
0.7114907397049347,0.19321368073913045,0.09448086726086957,0.1808339828695652,5843.0,1129.0
0.772054396638022,0.10366350421739132,0.43957154352173905,0.5194105721304347,5843.0,1129.0
0.7954742255569915,0.10522308404347826,0.48794439756521746,0.6170706009565218,5843.0,1129.0
0.7799407250184613,0.04101429163157895,0.5178029562105264,0.6250530245789474,5843.0,1129.0
0.7928067202368819,0.13241081820833334,0.19816808845833334,0.37587985758333337,5843.0,1129.0
0.8046202056151845,0.1889412550333333,0.42658432196666657,0.5419147839999999,5843.0,1129.0
0.782825938533035,0.0404478326,0.5211157623,0.6446271814,5843.0,1129.0
0.6961866198462612,0.15162327220000002,0.5903423774666666,0.5193950912666667,5843.0,1129.0
0.7064886808061025,0.08181375952777777,0.37336499825,0.405178564138889,5843.0,1129.0
0.7914746205423631,0.11091546357142858,0.09967001857142857,0.12350045624999999,5843.0,1129.0
0.8407837317971395,0.5457121262857143,0.11744648857142857,0.22331009185714287,5843.0,1129.0
0.7869605711600861,0.15181301379166665,0.19531573408333333,0.29128360541666665,5843.0,1129.0
0.7628360791767962,0.026747471,0.23821441052941175,0.3215551563529412,5843.0,1129.0
0.788764948178954,0.14509723636,0.12656584971999998,0.21441406236,5843.0,1129.0
0.7556011250403335,0.14441178869565216,0.190111278,0.34597161482608696,5843.0,1129.0
0.7103022754178429,0.12546017903999998,0.3118232052,0.55074117256,5843.0,1129.0
0.7473165115542022,0.06262699630434783,0.2605542153043478,0.5404560012173912,5843.0,1129.0
0.7982893084695851,0.0946284936,0.1545885706,0.43896367120000007,5843.0,1129.0
0.8499984194721109,0.16791978776923078,0.44476579753846146,0.5429704819230771,5843.0,1129.0
0.8024819638305236,0.1448303643478261,0.3304470364347826,0.3322631182173913,5843.0,1129.0
0.7489746718810256,0.012699964416666668,0.23348254591666665,0.39832877733333333,5843.0,1129.0
0.8009686097661931,0.07542571575,0.16304776854166672,0.27226827937500003,5843.0,1129.0
0.7704541295603953,0.1945811838,0.2268679338,0.30095377886666663,5843.0,1129.0
0.7328096875625416,0.06782965480487804,0.4674772500731708,0.5456301049024388,5843.0,1129.0
0.8101900187578454,0.14596327772000003,0.37842614564,0.5108501334399999,5843.0,1129.0
0.8083388942925113,0.19127341013043478,0.1637555373478261,0.3110124443043478,5843.0,1129.0
0.8107962594524439,0.22981806400000002,0.16875180070833332,0.4062704866666667,5843.0,1129.0
0.8171916170175763,0.24310473015625003,0.20198757271875004,0.39953474121875,5843.0,1129.0
0.7674247062726165,0.13254638406896552,0.19364169934482758,0.3944029873448276,8109.0,1567.4827586206898
0.7273413110440177,0.12412059687096774,0.22173286703225803,0.46368366561290325,8830.0,1707.0
0.8287548726015032,0.12867288567857144,0.12716791182142856,0.23333171742857145,8830.0,1707.0
0.8758435655853727,0.35982603799999996,0.042071143769230775,0.09994504707692306,8830.0,1707.0
0.8007525866158473,0.21762670164705886,0.06792135905882353,0.19659316841176472,8830.0,1707.0
0.8004098679653158,0.06722534477777777,0.14713281527777777,0.3501948830555555,8830.0,1707.0
0.8095420668737219,0.24004610945,0.10706770674999999,0.24206117359999996,8830.0,1707.0
0.8795919767739152,0.37287761108333334,0.13278652233333332,0.3727630853333334,8830.0,1707.0
0.7521791923718769,0.17891656247826088,0.22024018569565218,0.5100908980434782,8830.0,1707.0
0.7369676353863399,0.21994472240000001,0.17279736328000003,0.49160370032,8830.0,1707.0
0.7656910252078825,0.0089714691875,0.21223859456250002,0.25880439475,8830.0,1707.0
0.8238543630134987,0.19389775237499998,0.08138286729166667,0.3343595621666666,8830.0,1707.0
0.8952229156519305,0.39160577175,0.053321430499999996,0.12033931849999999,8830.0,1707.0
0.830001562614283,0.12899008652173913,0.10080612295652172,0.17861906547826087,8830.0,1707.0
0.8177988816891948,0.06345343053658536,0.5232383905853657,0.6943653313414635,8830.0,1707.0
0.8956979773649107,0.2466810366153846,0.3503132777692307,0.4808915500769231,8830.0,1707.0
0.7263020654903575,0.16116807031578947,0.31976523294736847,0.44060808289473685,8830.0,1707.0
0.7304960592129324,0.08302355804545457,0.4343613017727273,0.40689339009090914,8830.0,1707.0
0.7825697340568706,0.048291677157894744,0.34685498978947366,0.5393161951052631,8830.0,1707.0
0.8389998746793088,0.1643386087826087,0.19471842578260865,0.4512857711739131,8830.0,1707.0
0.9043509850196827,0.22189159023076918,0.3792394883076922,0.5715149816923077,8830.0,1707.0
0.8259926841161614,0.128867670375,0.3093259469166667,0.5128545699999999,8830.0,1707.0
0.8218246144787776,0.10093812434615385,0.1906167123461539,0.3838062367692308,8830.0,1707.0
0.7904747398649514,0.10285859729411764,0.1858871152352941,0.5087815112647058,8830.0,1707.0
0.7413087749767412,0.164095497,0.08135101354166666,0.2030653780416667,8830.0,1707.0
0.7562085496021086,0.2297768897894737,0.04841711252631579,0.11032052326315792,8830.0,1707.0
0.885118512672189,0.3796460548333333,0.06039084650000001,0.10837983574999999,8830.0,1707.0
0.8100851808161433,0.010760525647058823,0.06016943282352942,0.21215266082352938,8830.0,1707.0
0.8332208242079123,0.13805557000000002,0.04705915429166666,0.19061123437500002,8830.0,1707.0
0.8378944509172013,0.15808030291666667,0.02369143329166667,0.11705363499999999,8830.0,1707.0
0.855900464664489,0.1876618116756757,0.07843148667567568,0.08544985945945947,8830.0,1707.0
0.7461357904348418,0.16843733020833332,0.2644700335416667,0.39132014704166673,8830.0,1707.0
0.7267963771151307,0.29398280288888884,0.23601425455555555,0.556083607,8830.0,1707.0
0.7901417458463073,0.03302177276470588,0.1598060145294118,0.5051891995882354,8830.0,1707.0
0.8751130674038167,0.3751524257857142,0.058683733142857145,0.3398646960000001,8830.0,1707.0
