Demand,Avail_Sol,Avail_Wind_On,Avail_Wind_Off,Hyd_In,HydRoR_In
0.6947656253301114,0.0,0.7716809596,0.8804501082,1116.0,3161.0
0.8550554613539302,0.0,0.829470685,0.9368493265,1116.0,3161.0
0.9252512241723491,0.04550189833333334,0.8313301143333334,0.9370777573333333,1116.0,3161.0
0.9212721216498121,0.306083632,0.6556403905,0.9314857785,1116.0,3161.0
0.9209451118946279,0.32779592733333335,0.6305814766666668,0.8956972266666666,1116.0,3161.0
0.9297754766574675,0.0553579875,0.4637661345,0.771976242,1116.0,3161.0
0.8778061963571002,0.0,0.4279283348,0.6899175762,1116.0,3161.0
0.7310644670091992,0.0,0.44598187749999996,0.6544777145,1116.0,3161.0
0.7131149591974327,0.0,0.47602421699999997,0.5778044862,1116.0,3161.0
0.8757503949109388,0.0,0.4873170405,0.630488991,1116.0,3161.0
0.937235172616186,0.031722464666666665,0.454121934,0.6088056516666667,1116.0,3161.0
0.9293395783096934,0.1883546316,0.42248965620000006,0.6505882424,1116.0,3161.0
0.9318546554220717,0.045044269500000005,0.388475212,0.7635019215000001,1116.0,3161.0
0.9197680229039511,0.0,0.44261566366666666,0.833839997,1116.0,3161.0
0.7854361939896125,0.0,0.5115554133333333,0.8597261126666668,1116.0,3161.0
0.7019694697652219,0.0,0.6225173515,0.8858816075,1116.0,3161.0
0.7002375364661434,0.0,0.7804356,0.9209630805,1116.0,3161.0
0.8910048138489244,0.0004911775,0.88044334525,0.8901153545,1116.0,3161.0
0.9254659790666622,0.0730977495,0.834874178,0.663525523,1116.0,3161.0
0.9211130407671861,0.182331408,0.8392436050000001,0.6611982505,1116.0,3161.0
0.920517340993692,0.1689711975,0.863716454,0.7531186005,1116.0,3161.0
0.925359340323653,0.027340029,0.8903571826666666,0.8276526266666666,1116.0,3161.0
0.8569464526686155,0.0,0.9036740595000001,0.85313012625,1116.0,3161.0
0.7220346350039444,0.0,0.8838623594999999,0.8544151365,1116.0,3161.0
0.7009758968459078,0.0,0.8354220983999999,0.8674703624,1116.0,3161.0
0.8920122036510099,0.0006004995,0.6579420855,0.75881913375,1116.0,3161.0
0.9247505760806993,0.0460604025,0.47205616650000004,0.611222858,1116.0,3161.0
0.9139939580098623,0.08149593499999999,0.4342657125,0.53213028625,1116.0,3161.0
0.9090923610411912,0.0082887925,0.44286424,0.5127798635,1116.0,3161.0
0.9005779111103965,0.0,0.5451967853333334,0.5565773316666667,1116.0,3161.0
0.8075812762552115,0.0,0.6381569570000001,0.648274377,1116.0,3161.0
0.706023727342914,0.0,0.723885238,0.7156805020000001,1116.0,3161.0
0.7027457708273438,0.0,0.8049902006666666,0.7735545269999999,1116.0,3161.0
0.8539191352003471,0.0,0.757868049,0.7882849445,1116.0,3161.0
0.9233066444396586,0.03159494366666667,0.666870408,0.6783654976666668,1116.0,3161.0
0.9179580572269164,0.1381321225,0.4761433305,0.49980840649999997,1116.0,3161.0
0.9132839330817291,0.09142918374999999,0.33819404249999996,0.48566942474999997,1116.0,3161.0
0.9179284891766601,0.00057664225,0.2627904925,0.49095477100000007,1116.0,3161.0
0.8102074052906798,0.0,0.26792674650000003,0.46960809699999995,1116.0,3161.0
0.7145835486437194,0.0,0.2666427386666667,0.416937552,1116.0,3161.0
0.6910552593221571,0.0,0.2495649815,0.31251815675,1116.0,3161.0
0.7156298473420654,0.0,0.187869135,0.14842958950000001,1116.0,3161.0
0.7881453567073907,0.030479339000000005,0.14206563666666663,0.146861627,1116.0,3161.0
0.8017985016779934,0.170589152,0.0845636455,0.2005942685,1116.0,3161.0
0.7983372203786487,0.18875090300000003,0.0615634125,0.20346486400000002,1116.0,3161.0
0.8064852053350797,0.09323095449999999,0.059055505999999994,0.30176401249999996,1116.0,3161.0
0.8268948459816268,0.001347592,0.09204581049999999,0.48802513049999996,1116.0,3161.0
0.7854365633969204,0.0,0.15357356025,0.672597998,1116.0,3161.0
0.700153218198642,0.0,0.22694372133333332,0.6938809749999999,1116.0,3161.0
0.6925146522166458,0.0,0.28655930124999995,0.6850481844999999,1116.0,3161.0
0.7497319373886295,0.00100012125,0.354763089,0.5817923045,1116.0,3161.0
0.8145524498287902,0.064640068,0.368620026,0.538960136,1116.0,3161.0
0.8156096965269143,0.1797974795,0.3103430075,0.5076950555,1116.0,3161.0
0.8156966694123329,0.268924903,0.3411691595,0.483487151,1116.0,3161.0
0.8229281614657602,0.17755113,0.391183885,0.49474081999999997,1116.0,3161.0
0.8417740439757373,0.0024188415,0.4641384235,0.501480568,1116.0,3161.0
0.7974854258957667,0.0,0.4364225785,0.52982194725,1116.0,3161.0
0.7276132148862823,0.0,0.38625809575000003,0.5778710585,1116.0,3161.0
0.7457182002797197,0.0,0.40368877666666664,0.5923935716666666,1116.0,3161.0
0.899525434450418,0.0,0.4096542695,0.6133683225,1116.0,3161.0
0.9531477664548803,0.053585657,0.438765307,0.6274371746666667,1116.0,3161.0
0.9476839539885918,0.378565719,0.35976540266666673,0.641312062,1116.0,3161.0
0.9434438251028241,0.33244953866666666,0.45548724033333327,0.6722623853333333,1116.0,3161.0
0.954841768395159,0.0038446025,0.583394583,0.7187153795000001,1116.0,3161.0
0.8765480159336196,0.0,0.621637156,0.7808284205,1116.0,3161.0
0.7370739873049665,0.0,0.6043355905000001,0.8235330585,1116.0,3161.0
0.7432099584618825,0.0,0.639073902,0.8399332083333334,1116.0,3161.0
0.8968989358971728,0.0,0.595235499,0.835260761,1116.0,3161.0
0.9519214055551265,0.040221216,0.5331304443333333,0.8095787353333334,1116.0,3161.0
0.9442812701444149,0.257948252,0.3833073536666667,0.7253644226666666,1116.0,3161.0
0.9343037460051855,0.2336373755,0.344865853,0.6744339125,1116.0,3161.0
0.9387531973768399,0.03604021166666667,0.34743137966666665,0.672767711,1116.0,3161.0
0.8636557607587744,0.0,0.3006550395,0.6569782342499999,1116.0,3161.0
0.7157908901486716,0.0,0.199260812,0.5375482325000001,1116.0,3161.0
0.7162087510136649,0.0,0.16175979833333332,0.410534522,1116.0,3161.0
0.874864277694803,0.0,0.1567477245,0.4293314875,1116.0,3161.0
0.9360668552815751,0.041377423,0.16449923733333333,0.464490579,1116.0,3161.0
0.9262777721731486,0.28048934924999996,0.092258168,0.40249531725,1116.0,3161.0
0.9256095948846702,0.184434685,0.07304451849999999,0.4015924325,1116.0,3161.0
0.9239527012009628,0.0012818725,0.1044001155,0.46741278175,1116.0,3161.0
0.7893614846712134,0.0,0.07897991166666667,0.32231571766666667,1116.0,3161.0
0.724037481338068,0.0,0.034555068333333334,0.13871366333333335,1116.0,3161.0
0.9173938643949362,0.0013214755,0.01950623475,0.0878407435,1116.0,3161.0
0.9398856149271421,0.081070934,0.011555141,0.0637068695,1116.0,3161.0
0.9311068639212874,0.12827373679999998,0.0172161598,0.141344745,1116.0,3161.0
0.941604437636082,0.002859049,0.0404693495,0.24077527850000002,1116.0,3161.0
0.8653839085719299,0.0,0.040678283749999995,0.24460991125,1116.0,3161.0
0.7352696807181153,0.0,0.037537942000000005,0.21688080250000003,1116.0,3161.0
0.7246281400937137,0.0,0.0464168148,0.3080369782,1116.0,3161.0
0.9173704131066569,0.00107693075,0.056808306249999996,0.3279621625,1116.0,3161.0
0.9432665249501369,0.038797514,0.059508134500000004,0.31036304000000003,1116.0,3161.0
0.9394305398329607,0.058003085600000004,0.061193830000000005,0.3208369706,1116.0,3161.0
0.9464369732236183,0.0015682215,0.08932590800000001,0.390738309,1116.0,3161.0
0.8683645771549919,0.0,0.10898464050000001,0.41938473,1116.0,3161.0
0.7193501163049193,0.0,0.10946503366666667,0.3593888146666666,1116.0,3161.0
0.6946160935159283,0.0,0.14251982125,0.43381697775,1116.0,3161.0
0.7626935653337603,0.016570101799999997,0.19878760639999998,0.5133689566,1116.0,3161.0
0.8126510483863909,0.18178350224999998,0.204646636,0.50999025975,1116.0,3161.0
0.8252313735006359,0.080104467,0.21803249133333333,0.587886,1116.0,3161.0
0.8017055919840981,0.0,0.29811535299999997,0.7114304779999999,1116.0,3161.0
0.7072934131801484,0.0,0.24894994,0.6249089606666667,1116.0,3161.0
0.7055941024459103,0.0,0.2764506456,0.6859072718,1116.0,3161.0
0.7721583465176889,0.0034633516666666667,0.28838043266666663,0.7044179703333334,1116.0,3161.0
0.8179437925151121,0.251483472,0.2434160855,0.668496897,1116.0,3161.0
0.8148900929689161,0.45415362833333334,0.20311121566666668,0.5704593643333333,1116.0,3161.0
0.8224570581154724,0.297446386,0.202294456,0.5302851614999999,1116.0,3161.0
0.8421338459204393,0.0100118905,0.2485870095,0.633122896,1116.0,3161.0
0.797737319701713,0.0,0.28710065525,0.72412408375,1116.0,3161.0
0.7280204926848232,0.0,0.3026676663333333,0.7898238496666666,1116.0,3161.0
0.7388818026536659,0.0,0.35438583075,0.879112844,1116.0,3161.0
0.8959265381029149,0.0,0.4162585775,0.9240692269999999,1116.0,3161.0
0.9470649570306446,0.044923567666666664,0.4917499123333333,0.9332384593333333,1116.0,3161.0
0.9397743138529624,0.19831403949999998,0.47177795,0.934207723,1116.0,3161.0
0.9353848826075328,0.16383343725,0.6167486165,0.9353757847499999,1116.0,3161.0
0.9432221612755397,0.00223132,0.7496263945,0.9367160265000001,1116.0,3161.0
0.8631203744058836,0.0,0.81360072075,0.9367923567499999,1116.0,3161.0
0.7207371144018027,0.0,0.7851478247142857,0.936662437,1116.0,3161.0
0.8798765758926528,0.0,0.693924308,0.921560143,1116.0,3161.0
0.936197837789431,0.030161040333333333,0.6491192216666667,0.8948215473333333,1116.0,3161.0
0.9333983320073611,0.18155935033333334,0.6002996540000001,0.8291363016666667,1116.0,3161.0
0.9344310814996245,0.167856094,0.6804202743333333,0.8663088646666667,1116.0,3161.0
0.9472635387560202,0.0083362185,0.6572081000000001,0.8697193485,1116.0,3161.0
0.8699079075866331,0.0,0.58714456475,0.86992972375,1116.0,3161.0
0.7328691811308387,0.0,0.5056339725714286,0.8328343761428573,1116.0,3161.0
0.9215940230012454,0.0017111095,0.61853958575,0.77983483625,1116.0,3161.0
0.9513223203580794,0.116143945,0.6092151695,0.7789086924999999,1116.0,3161.0
0.9458358569491895,0.26554752633333334,0.660911398,0.8150300233333333,1116.0,3161.0
0.9445751809385219,0.191079172,0.757393346,0.8749441165,1116.0,3161.0
0.9499316310918646,0.0122133965,0.739814203,0.895325141,1116.0,3161.0
0.8697116182523316,0.0,0.7152503549999999,0.8900917422500001,1116.0,3161.0
0.7278100694336496,0.0,0.6466901855,0.90195094,1116.0,3161.0
0.7317564033517345,0.0,0.6668990613333333,0.8909838630000001,1116.0,3161.0
0.8853114589281967,0.0,0.7149244450000001,0.74644095,1116.0,3161.0
0.9268782267401089,0.013095686,0.7864434173333333,0.602583942,1116.0,3161.0
0.9293158130472963,0.13423493479999998,0.8554752783999999,0.8575102000000001,1116.0,3161.0
0.9347352403638736,0.067746398,0.7988813450000001,0.7990805434999999,1116.0,3161.0
0.9304430077040943,0.0,0.6772782863333333,0.6050849303333332,1116.0,3161.0
0.8138112409143656,0.0,0.5424683715,0.5201310945,1116.0,3161.0
0.733795084924888,0.0,0.337804025,0.44102846028571424,1116.0,3161.0
0.8946375020171444,0.0,0.348582677,0.452821528,1116.0,3161.0
0.9483480071493702,0.03668664633333333,0.354736534,0.46718433899999995,1116.0,3161.0
0.9447466335414361,0.25497121349999996,0.29570508549999996,0.5451522799999999,1116.0,3161.0
0.9397404522712661,0.27284492325,0.30478360675,0.60936431875,1116.0,3161.0
0.9491126822653475,0.0157161665,0.2675657575,0.624172758,1116.0,3161.0
0.8728806587127947,0.0,0.28165556999999997,0.641187357,1116.0,3161.0
0.7175378152644889,0.0,0.33545737475000004,0.6255990535,1116.0,3161.0
0.7021793543158165,0.0,0.36196195866666664,0.608357264,1116.0,3161.0
0.7550323792520216,0.003393377,0.346893322,0.5348145445,1116.0,3161.0
0.8150978308918764,0.1678837185,0.2715854945,0.44937634849999997,1116.0,3161.0
0.814155808784486,0.2167203525,0.2186119435,0.4124152125,1116.0,3161.0
0.8207205393161993,0.09076940566666665,0.11756752300000001,0.27289974733333333,1116.0,3161.0
0.8412222922936186,0.0028937295,0.1135935815,0.1690687775,1116.0,3161.0
0.7955456509436255,0.0,0.122071598,0.21688502275,1116.0,3161.0
0.708262117785076,0.0,0.13203598449999998,0.37859173150000003,1116.0,3161.0
0.7153447618918085,0.0,0.200056351,0.358829039,1116.0,3161.0
0.7733769675389658,0.004022669666666667,0.211052837,0.230939301,1116.0,3161.0
0.8170685086322517,0.25419841299999996,0.16479083466666666,0.076218562,1116.0,3161.0
0.8147958261671325,0.348475315,0.1135732165,0.058584081499999996,1116.0,3161.0
0.8218921499434735,0.189397609,0.08638644200000001,0.09893500999999999,1116.0,3161.0
0.8397443991519491,0.012323561,0.07839529549999999,0.251442333,1116.0,3161.0
0.7943666004156089,0.0,0.14217004625000002,0.51744446125,1116.0,3161.0
0.7224281366384739,0.0,0.21029348850000001,0.6601547827500001,1116.0,3161.0
0.7323395154386465,0.0,0.320035366,0.7084234893333333,1116.0,3161.0
0.8919463739762421,0.0,0.3859389675,0.7410234805,1116.0,3161.0
0.9391518696089944,0.015029017333333332,0.391261095,0.7156112953333333,1116.0,3161.0
0.9319577396139596,0.07688469749999999,0.2834360085,0.630821198,1116.0,3161.0
0.9277206037117142,0.07888936949999999,0.23925725975,0.55815009075,1116.0,3161.0
0.9391754746696939,0.0083196275,0.2436766595,0.5957181970000001,1116.0,3161.0
0.8658541116576074,0.0,0.26086802575,0.550757293,1116.0,3161.0
0.7270053624519174,0.0,0.26520160625,0.46631226625,1116.0,3161.0
0.7306093828344915,0.0,0.25481201466666664,0.4126491033333333,1116.0,3161.0
0.8880102964686856,0.0,0.22640676399999998,0.427225399,1116.0,3161.0
0.9394555055144529,0.0073602095,0.217567123,0.5283420595,1116.0,3161.0
0.9311058914432927,0.15526644433333334,0.2149591643333333,0.6884055143333333,1116.0,3161.0
0.9232275808916914,0.19270184575,0.2956805195,0.8107131915,1116.0,3161.0
0.9276139878909587,0.011839465,0.398186507,0.892493846,1116.0,3161.0
0.856809784116215,0.0,0.534622834,0.9289070365000001,1116.0,3161.0
0.7083438431866594,0.0,0.5936931436666666,0.9363988506666666,1116.0,3161.0
0.6955304513352759,0.0,0.5971633255,0.93524666575,1116.0,3161.0
0.8769338542997107,0.00224973725,0.55300316175,0.92337886875,1116.0,3161.0
0.8942796391294031,0.06392953,0.5318584195,0.9104163679999999,1116.0,3161.0
0.882867446480412,0.171514881,0.55609987225,0.86394798225,1116.0,3161.0
0.8864223483396887,0.084347861,0.6455564495,0.9029775849999999,1116.0,3161.0
0.8494850132156625,0.0,0.716434868,0.9274272847999999,1116.0,3161.0
0.7153701287072173,0.0,0.660695331,0.9278722735,1116.0,3161.0
0.6950190379038311,0.0,0.6006181632,0.9069556504000001,1116.0,3161.0
0.8539130419682018,0.0,0.4739766945,0.898228123,1116.0,3161.0
0.9211104709339906,0.02729089633333333,0.3695705246666667,0.8917653953333332,1116.0,3161.0
0.9102059742792361,0.17757861575,0.21867513325,0.84430335425,1116.0,3161.0
0.9106509949769874,0.09590489299999999,0.15226376149999998,0.7486133770000001,1116.0,3161.0
0.8972312886695175,0.0023023848,0.1600574838,0.6378192024,1116.0,3161.0
0.7618004310578967,0.0,0.14072815249999998,0.5168483500000001,1116.0,3161.0
0.6993537355023193,0.0,0.12946235766666667,0.4154176473333333,1116.0,3161.0
0.7140657275309957,0.0,0.109602172,0.309774826,1116.0,3161.0
0.9051464735823274,0.00282710775,0.0772178335,0.21784425125,1116.0,3161.0
0.9311670434869762,0.11771233,0.04568764,0.1153917805,1116.0,3161.0
0.9245217722199387,0.19987849366666666,0.027597280000000002,0.085730618,1116.0,3161.0
0.9226055217415857,0.1209840345,0.0276910285,0.092922893,1116.0,3161.0
0.9303613896780799,0.0138777105,0.031348325,0.088126885,1116.0,3161.0
0.8604190211618588,0.0,0.0405913875,0.099203708,1116.0,3161.0
0.7220439140427151,0.0,0.049536844,0.1671421775,1116.0,3161.0
0.6880655469434052,0.0,0.04817251250000001,0.2439851991666667,1116.0,3161.0
0.7555120074713159,0.005554277666666666,0.06048885366666667,0.3856974526666667,1116.0,3161.0
0.8051722102469188,0.086935421,0.077601911,0.576110358,1116.0,3161.0
0.8021371602463416,0.179349964,0.095451883,0.6996404165000001,1116.0,3161.0
0.801412124611323,0.20763343266666667,0.14807714,0.785542546,1116.0,3161.0
0.8218324754185534,0.05060397733333333,0.23777350966666666,0.8468374793333333,1116.0,3161.0
0.78407133340841,0.0,0.4716527385,0.9265377109999999,1116.0,3161.0
0.6843215454231995,0.0,0.6785093895714285,0.9359359917142857,1116.0,3161.0
0.7293479987747387,0.002249162,0.6843471824999999,0.9287318075,1116.0,3161.0
0.7829533115857815,0.11927220066666666,0.5707050176666667,0.9318152710000001,1116.0,3161.0
0.7773470217365965,0.1041345375,0.6235874295,0.936589575,1116.0,3161.0
0.7929044149278062,0.0083993275,0.657408373,0.9329038315,1116.0,3161.0
0.7619299558208853,0.0,0.6673985840000001,0.921036644,1116.0,3161.0
0.6945576384549056,0.0,0.6300794513333333,0.9293083796666667,1116.0,3161.0
0.6946185172542779,0.0,0.66024227425,0.9362735249999999,1116.0,3161.0
0.8494028229839141,0.0,0.6860445875,0.9371449110000001,1116.0,3161.0
0.9077174136741379,0.023274999333333334,0.7286724086666666,0.9371862623333334,1116.0,3161.0
0.9043075127998057,0.092589677,0.6789737950000001,0.9370159545000001,1116.0,3161.0
0.9029600561192446,0.09852004425,0.74176864975,0.93203696875,1116.0,3161.0
0.9087483472820329,0.0128597105,0.7602701155,0.9223322785000001,1116.0,3161.0
0.8507827327703412,0.0,0.776456829,0.913988552,1116.0,3161.0
0.7214467292385865,0.0,0.6703555406666667,0.8789659376666666,1116.0,3161.0
0.7259944292560485,0.0,0.55921858625,0.77591079,1116.0,3161.0
0.9188755198241033,0.010961397,0.402183685,0.6944136915,1116.0,3161.0
0.9457955712263791,0.177702222,0.342846285,0.665284101,1116.0,3161.0
0.936291889177264,0.28678560200000003,0.34913324749999997,0.6861555724999999,1116.0,3161.0
0.9267423199798124,0.300210174,0.3178787165,0.667147041,1116.0,3161.0
0.9246633261397998,0.2169597835,0.234070096,0.641462108,1116.0,3161.0
0.9368312688076883,0.0341937015,0.166863444,0.6305906645,1116.0,3161.0
0.9195597156253494,0.0,0.171047203,0.68634068,1116.0,3161.0
0.7908452559624838,0.0,0.21122354533333332,0.7583692976666666,1116.0,3161.0
0.7084151358144471,0.0,0.3407932843333334,0.8209622406666668,1116.0,3161.0
0.8574130082990015,0.0,0.5558052815,0.896534597,1116.0,3161.0
0.9247354496026242,0.029847886666666667,0.6682488766666667,0.9251750606666667,1116.0,3161.0
0.9211883803050578,0.097657387,0.6446619149999999,0.9357256395,1116.0,3161.0
0.9202316321686029,0.1051708405,0.69273917675,0.92990842975,1116.0,3161.0
0.930929252666668,0.0189931875,0.6818389364999999,0.919047892,1116.0,3161.0
0.8604865590692542,0.0,0.6168243057499999,0.9201837454999999,1116.0,3161.0
0.7707681892371351,0.0,0.4398936657142857,0.915263707,1070.2857142857142,3031.0
0.9505271691391929,0.01109051825,0.37482071399999994,0.88235312575,1052.0,2979.0
0.9729092340361452,0.202353561,0.358541762,0.835763531,1052.0,2979.0
0.9666025909585654,0.3233057275,0.3665309875,0.8397633609999999,1052.0,2979.0
0.9604195287102669,0.27928073075,0.375067785,0.8810559625,1052.0,2979.0
0.9740300026628146,0.0526072585,0.328021651,0.8835901104999999,1052.0,2979.0
0.9146442466610762,0.0,0.392773265,0.8769770117500001,1052.0,2979.0
0.7819672377121478,0.0,0.395791856,0.8201490235000001,1052.0,2979.0
0.7861391787479675,0.0,0.3766610316666667,0.6558082989999999,1052.0,2979.0
0.9504466131039546,0.01875743875,0.36036951349999996,0.580613295,1052.0,2979.0
0.9697357852120356,0.21552435999999997,0.3038361285,0.531187496,1052.0,2979.0
0.9613704139418001,0.28644403525,0.306763285,0.5525032652499999,1052.0,2979.0
0.9693469461296138,0.11634670750000001,0.228918768,0.5998743289999999,1052.0,2979.0
0.9632005840665364,0.0,0.22004156066666666,0.5167851616666667,1052.0,2979.0
0.8662034574091506,0.0,0.2142356555,0.347253912,1052.0,2979.0
0.7668303408375301,0.0,0.1766373405,0.16846165475,1052.0,2979.0
0.7506071599613655,0.0,0.13008387000000002,0.24264684075,1052.0,2979.0
0.8046596978176858,0.018605192333333333,0.098458928,0.18783497833333332,1052.0,2979.0
0.8511615774739736,0.2014354305,0.07066048650000001,0.147948499,1052.0,2979.0
0.8500300987970897,0.3048404395,0.0564421485,0.122779842,1052.0,2979.0
0.8540771087447987,0.224322075,0.05720496133333333,0.13457502566666668,1052.0,2979.0
0.8742837662618517,0.037519734,0.0665487145,0.213419911,1052.0,2979.0
0.8534188719816221,0.0,0.06890738066666667,0.328665704,1052.0,2979.0
0.7830693370745366,0.0,0.067834139,0.4586138356666667,1052.0,2979.0
0.7674096523595425,0.0,0.09130736433333335,0.6261599145,1052.0,2979.0
0.8221873839315803,0.024181181666666666,0.116142686,0.7026315983333333,1052.0,2979.0
0.8612883344328226,0.2822537325,0.11956401250000001,0.8320857175,1052.0,2979.0
0.8568866163622949,0.352405044,0.165287269,0.9030975933333334,1052.0,2979.0
0.8691071396975408,0.185491855,0.16610236933333333,0.8689726676666667,1052.0,2979.0
0.8541435109014721,0.00031818039999999997,0.20774821999999998,0.8644153431999999,1052.0,2979.0
0.7914918282259421,0.0,0.20735021583333332,0.6911414845,1052.0,2979.0
0.8786199009475619,0.0,0.22759273800000002,0.6201335325,1052.0,2979.0
0.9828684930608057,0.03833215833333333,0.232462613,0.5541659506666666,1052.0,2979.0
0.9863098005158448,0.304665903,0.228006013,0.508602549,1052.0,2979.0
0.9792997110864781,0.49392010675,0.233856953,0.42662014049999997,1052.0,2979.0
0.9759339892383232,0.360766274,0.2022540525,0.3477163915,1052.0,2979.0
0.9874295540456981,0.169507181,0.199132598,0.34913501,1052.0,2979.0
0.9429578724845984,0.0004287444,0.2360447818,0.3564902386,1052.0,2979.0
0.8109742811087165,0.0,0.166800325,0.27489074950000003,1052.0,2979.0
0.8189542138542937,0.0,0.12748360333333333,0.186517823,1052.0,2979.0
0.9429755073310885,0.0,0.1122850615,0.16020937600000001,1052.0,2979.0
0.9923408142632527,0.12343176333333332,0.10179196333333333,0.15338825200000003,1052.0,2979.0
0.9847703016355714,0.46785894400000005,0.06808586350000001,0.13743165375,1052.0,2979.0
0.9858200936853829,0.3614467,0.071597194,0.132127162,1052.0,2979.0
0.9936466850044916,0.07315835999999999,0.1136062625,0.1291266645,1052.0,2979.0
0.9749839348418268,0.0,0.1368589515,0.125324539,1052.0,2979.0
0.8684632446428475,0.0,0.10553061733333334,0.114398751,1052.0,2979.0
0.8098935826252037,0.0,0.07127026133333332,0.06413283299999999,1052.0,2979.0
0.9684256750137815,0.03010817675,0.06603774425,0.045108458250000004,1052.0,2979.0
0.9865175845042498,0.3794239625,0.032474602,0.043968415999999996,1052.0,2979.0
0.9823129252377019,0.5751532156666667,0.026282479,0.03453743333333333,1052.0,2979.0
0.9815521892143646,0.43680644399999996,0.045100085,0.026043279,1052.0,2979.0
0.9913601839001488,0.09399682999999999,0.0787791695,0.021928309,1052.0,2979.0
0.9341175433462661,0.0,0.06707675575,0.030351022,1052.0,2979.0
0.8233361584707242,0.0,0.0341385605,0.098355475,1052.0,2979.0
0.8163882794966313,0.0,0.0325229466,0.1373979588,1052.0,2979.0
0.9698791012732465,0.02683444725,0.02269116575,0.1314784695,1052.0,2979.0
0.9862702843179469,0.331913102,0.012665338,0.16947489,1052.0,2979.0
0.9805203168435203,0.48448906999999997,0.014130269,0.268097574,1052.0,2979.0
0.9772361360799353,0.342172063,0.0210999645,0.3992893165,1052.0,2979.0
0.9906461661915911,0.075361337,0.038201304,0.44404318350000005,1052.0,2979.0
0.9754986631625643,0.0,0.0584165235,0.5397270679999999,1052.0,2979.0
0.8549911317887735,0.0,0.07714040825,0.619030923,1052.0,2979.0
0.8130903078214647,0.0,0.10469509299999999,0.6759287385999999,1052.0,2979.0
0.9686792768866528,0.03125336225,0.1478156555,0.7219702242499999,1052.0,2979.0
0.986666278788993,0.261864697,0.155580437,0.739101398,1052.0,2979.0
0.9834889982478129,0.39916606450000003,0.13014911699999998,0.721175782,1052.0,2979.0
0.9807449509530105,0.379677719,0.127106626,0.6858902933333333,1052.0,2979.0
0.9865685497879154,0.1679633305,0.1286214995,0.6466145645,1052.0,2979.0
0.9794152748713326,0.0007209856666666667,0.14466570733333337,0.5794134313333333,1052.0,2979.0
0.8658418088697832,0.0,0.114616016,0.42345100999999996,1052.0,2979.0
0.771215813271658,0.0,0.0766935545,0.22183190949999998,1052.0,2979.0
0.7661319956537948,0.0,0.065833693,0.20873421,1052.0,2979.0
0.8143180288559492,0.028381856666666667,0.065584066,0.198854403,1052.0,2979.0
0.8586599892849124,0.175025203,0.055254934,0.206717485,1052.0,2979.0
0.8544095813977685,0.2765714455,0.0694019685,0.31093326,1052.0,2979.0
0.8526987681109155,0.223908516,0.08751804599999999,0.42817367275000007,1052.0,2979.0
0.8744395234729241,0.0383389075,0.1223945575,0.571910672,1052.0,2979.0
0.8396863020094902,0.0,0.23091737150000002,0.710988014,1052.0,2979.0
0.7611623992947651,0.0,0.3200074785,0.75466541325,1052.0,2979.0
0.7517157757614612,0.0,0.46088781300000004,0.83503380225,1052.0,2979.0
0.8015763144500436,0.016866021999999998,0.5862711816666667,0.894465435,1052.0,2979.0
0.841122116411,0.15384185233333333,0.5402862353333333,0.9301612870000001,1052.0,2979.0
0.8437641954686468,0.21743196950000002,0.49657502325,0.92632749725,1052.0,2979.0
0.8709003634023402,0.0556639025,0.4367846435,0.912364321,1052.0,2979.0
0.82254341259715,0.0,0.42835008539999997,0.9118858044,1052.0,2979.0
0.7768619770274146,0.0,0.4170806216000001,0.9278338675999999,1052.0,2979.0
0.8633447542164439,0.0,0.4110736955,0.9301665815,1052.0,2979.0
0.9745053992683709,0.048533551333333334,0.39408652000000005,0.9200326703333334,1052.0,2979.0
0.9774101282476233,0.296182026,0.392561318,0.895802913,1052.0,2979.0
0.970042775609813,0.4162619775,0.32338724799999996,0.8782094410000001,1052.0,2979.0
0.9646342062168419,0.46540142949999996,0.29744821349999995,0.853553075,1052.0,2979.0
0.9640326435384263,0.335517824,0.2953362015,0.8190981115,1052.0,2979.0
0.9775673161387333,0.091190209,0.276837032,0.7834477565,1052.0,2979.0
0.9232803924386163,0.0,0.262750196,0.7685881467500001,1052.0,2979.0
0.8017408660184979,0.0,0.23555468300000001,0.77363385775,1052.0,2979.0
0.8092295295748944,0.0,0.208121564,0.7377651483333333,1052.0,2979.0
0.9549861384934001,0.0007608726666666668,0.22072982166666666,0.7457385996666667,1052.0,2979.0
0.986127914586791,0.34967510749999997,0.2034020865,0.7494779515000001,1052.0,2979.0
0.9637247296776135,0.68267516225,0.1503803435,0.67156915225,1052.0,2979.0
0.9583648632247181,0.5072952005,0.1420490735,0.638091328,1052.0,2979.0
0.9723106722397635,0.285636885,0.14317041,0.630039428,1052.0,2979.0
0.9706687742944337,0.004131693,0.20208033866666666,0.6516642133333334,1052.0,2979.0
0.8635993485400492,0.0,0.21596360166666664,0.6520269753333333,1052.0,2979.0
0.7997238287104222,0.0,0.1498478832,0.5470591374,1052.0,2979.0
0.8823965280547159,0.0,0.133145074,0.539599087,1052.0,2979.0
0.9803434783394992,0.001579363,0.149802936,0.5892624815,1052.0,2979.0
0.9881761174881207,0.3799784985,0.138879153,0.63171546,1052.0,2979.0
0.9671988815628151,0.7207287867999999,0.137819742,0.6808533882,1052.0,2979.0
0.9714555312183082,0.386810413,0.1942444925,0.747671503,1052.0,2979.0
0.9697919666064276,0.0031993233333333336,0.31106783033333335,0.809053633,1052.0,2979.0
0.8753281331941705,0.0,0.4024554735,0.8468229709999999,1052.0,2979.0
0.7920497088058125,0.0,0.4509424285714285,0.8728268174285715,1052.0,2979.0
0.9588978031379429,0.0088419645,0.5028765555,0.900169768,1052.0,2979.0
0.9762783725152584,0.1157264395,0.420987117,0.8945922079999999,1052.0,2979.0
0.9597785792480267,0.1328002432,0.3892674198,0.8797916685999999,1052.0,2979.0
0.9626462012410978,0.0253164055,0.3841764705,0.8517782465,1052.0,2979.0
0.9067837707275487,0.0,0.33477661725,0.85628534825,1052.0,2979.0
0.7825233752222993,0.0,0.2405114685,0.8167602727500001,1052.0,2979.0
0.8188464134225134,0.0,0.26846386450000004,0.8315141835000001,1052.0,2979.0
0.9754353260481418,0.05902106233333334,0.25988904533333335,0.7945253426666667,1052.0,2979.0
0.9712685671539254,0.323191167,0.220317493,0.742041073,1052.0,2979.0
0.9578069715821973,0.4914204965,0.1926238275,0.7100981245,1052.0,2979.0
0.9476153851873574,0.5155987873333334,0.21995311366666667,0.6882256033333333,1052.0,2979.0
0.9528141550906275,0.2947102375,0.18011209649999999,0.596164425,1052.0,2979.0
0.9692348138889914,0.009209817,0.17159407399999999,0.5004241995,1052.0,2979.0
0.8790851640942445,0.0,0.15997262625,0.42642634599999996,1052.0,2979.0
0.7707387433968153,0.0,0.14760348166666667,0.32557464166666666,1052.0,2979.0
0.7681489105073247,0.0,0.12709106925,0.208687495,1052.0,2979.0
0.814202003367194,0.016016816333333333,0.12168825966666667,0.13699492966666668,1052.0,2979.0
0.8548939337002323,0.09357067,0.09278692,0.097668797,1052.0,2979.0
0.8476720902033523,0.18111298850000002,0.064189578,0.07665093249999999,1052.0,2979.0
0.8375283444852085,0.20555832699999999,0.05788344733333334,0.04873481333333333,1052.0,2979.0
0.8569297024664624,0.08846655966666667,0.083658564,0.04237876699999999,1052.0,2979.0
0.8272772127696315,0.0,0.0849037228,0.1283313352,1052.0,2979.0
0.7760842924995741,0.0,0.07145662085714286,0.24094578142857145,1052.0,2979.0
0.8190635610687077,0.055867949,0.08031186,0.2780883,1052.0,2979.0
0.8511307862038844,0.36581551300000004,0.051238219,0.25511647699999995,1052.0,2979.0
0.836702725172393,0.45483373875,0.06293068574999999,0.2807466025,1052.0,2979.0
0.8499266914842758,0.2118555865,0.07468793800000001,0.280818997,1052.0,2979.0
0.8409356141057522,0.0044596784,0.1618876524,0.40224732979999994,1052.0,2979.0
0.7850795083114936,0.0,0.163188627,0.41618031674999995,1052.0,2979.0
0.8060444012273243,0.0,0.128652498,0.34649170833333337,1052.0,2979.0
0.9545569981120822,0.0017649299999999998,0.09470781733333333,0.3023395483333333,1052.0,2979.0
0.9852750818086673,0.129520713,0.0544332685,0.28098655250000004,1052.0,2979.0
0.9705697139246727,0.38470353825,0.018557808,0.182384871,1052.0,2979.0
0.9655973710377739,0.329568348,0.0128636905,0.13448716900000002,1052.0,2979.0
0.9758000673794951,0.084197844,0.0175417525,0.11179093949999999,1052.0,2979.0
0.9172477554090053,0.0,0.031460232500000004,0.10529493325,1052.0,2979.0
0.8011125514129718,0.0,0.0260907865,0.093700429,1052.0,2979.0
0.8014039752033091,0.0,0.0393803768,0.081805846,1052.0,2979.0
0.9556679492755733,0.002105152,0.06476285733333333,0.12465575133333333,1052.0,2979.0
0.9875767705907409,0.2580275345,0.051265197,0.13002344999999998,1052.0,2979.0
0.9720570474998729,0.5162513195,0.048493110500000006,0.143328893,1052.0,2979.0
0.9632043696076937,0.506704817,0.0590341945,0.1424256765,1052.0,2979.0
0.9622523300887914,0.30555975150000003,0.0843867225,0.16585206800000002,1052.0,2979.0
0.9735836898127663,0.155094878,0.114875813,0.236792298,1052.0,2979.0
0.9787893687594764,0.0108365375,0.1699051055,0.34775747700000004,1052.0,2979.0
0.886881795144004,0.0,0.1777833435,0.36506686775,1052.0,2979.0
0.8061959727796348,0.0,0.1447656598333333,0.180658113,1052.0,2979.0
0.9586761467672953,0.002985115,0.14656252133333333,0.09712514899999998,1052.0,2979.0
0.9937999033136025,0.219377438,0.125016018,0.079602215,1052.0,2979.0
0.9809877426910318,0.4736319915,0.097835905,0.061209354,1052.0,2979.0
0.966897070942611,0.6008017375,0.13753589775,0.06075188275,1052.0,2979.0
0.9671916433889521,0.349747847,0.191554779,0.09662928,1052.0,2979.0
0.979817255198955,0.1305123645,0.218912031,0.1423988795,1052.0,2979.0
0.9492271536805355,0.0,0.2766847236666667,0.20056423666666667,1052.0,2979.0
0.8472953921825885,0.0,0.254461845,0.217698113,1052.0,2979.0
0.8088525854298835,0.0,0.2697027865,0.20146007883333336,1052.0,2979.0
0.9597053568426485,0.003782063,0.304205337,0.24405288866666666,1052.0,2979.0
0.9894317770049895,0.26910618999999997,0.3118595595,0.236208748,1052.0,2979.0
0.9745478391306865,0.5151980740000001,0.30705512400000007,0.1834156193333333,1052.0,2979.0
0.9674568090140941,0.44188209700000003,0.38357871050000003,0.21929622199999999,1052.0,2979.0
0.9758659436168168,0.2578126985,0.360895462,0.2999331555,1052.0,2979.0
0.9865846607629789,0.043752494,0.36153852,0.366811305,1052.0,2979.0
0.9498407957790787,0.0,0.3699334056666667,0.41973546366666664,1052.0,2979.0
0.8475309204936039,0.0,0.319631647,0.43550817,1052.0,2979.0
0.8011372030540648,0.0,0.27879778725,0.40660846900000003,1052.0,2979.0
0.8572902431153118,0.0,0.28483400833333333,0.3874329243333334,1052.0,2979.0
0.9801396185304606,0.0070954365,0.3127108995,0.41614516199999996,1052.0,2979.0
0.9957905853876425,0.199506801,0.336253315,0.445450564,1052.0,2979.0
0.98608165858349,0.39925570899999996,0.294971745,0.44800646899999996,1052.0,2979.0
0.9802795874455206,0.5636570999999999,0.2824671463333333,0.45504119,1052.0,2979.0
0.9786335190861084,0.5250100665,0.33617476,0.505915629,1052.0,2979.0
0.9886991548220394,0.1804382275,0.36377663800000004,0.55213729,1052.0,2979.0
0.953474391889483,0.0,0.4156945183333334,0.6540532636666666,1052.0,2979.0
0.8500084941034756,0.0,0.3715400985,0.6907321049999999,1052.0,2979.0
0.7874631981255857,0.0,0.36024462459999995,0.7153838544,1052.0,2979.0
0.8002828466364984,0.005555755,0.45165097825,0.82436186875,1052.0,2979.0
0.8591545439234793,0.3223398155,0.5174139025,0.8796600855,1052.0,2979.0
0.8589263555942739,0.5608542620000001,0.5141578170000001,0.8612829475,1052.0,2979.0
0.8517291173416359,0.6334248,0.562701009,0.84021904,1052.0,2979.0
0.8580861712605132,0.526203163,0.594035988,0.8324000485,1052.0,2979.0
0.8811340820041869,0.187883183,0.568227969,0.849358474,1052.0,2979.0
0.8516063211162437,0.0,0.572307546,0.8251869315,1052.0,2979.0
0.7887390669081691,0.0,0.389222214,0.626622769,1052.0,2979.0
0.8029025743978723,0.010424478000000001,0.3297180616666667,0.5856416883333333,1052.0,2979.0
0.8550896687578687,0.276700482,0.32359074,0.615776676,1052.0,2979.0
0.8670812192152544,0.462916177,0.311852959,0.614478051,1052.0,2979.0
0.8653015984043221,0.651527085,0.2392211245,0.573366054,1052.0,2979.0
0.8631214127011252,0.693479312,0.26110025449999996,0.5615975185,1052.0,2979.0
0.8691657528392627,0.5112124885,0.30266110749999997,0.6583099164999999,1052.0,2979.0
0.8878118836499409,0.1669323915,0.315222559,0.7862259455,1052.0,2979.0
0.856302373075971,0.0,0.3443205355,0.8418710282499999,1052.0,2979.0
0.8117922141519333,0.0,0.29281912499999996,0.7992636261428572,1052.0,2979.0
0.9618939901972358,0.012490259333333335,0.284795946,0.7238560873333334,1052.0,2979.0
0.9966701013261157,0.249580789,0.362749596,0.70381531,1052.0,2979.0
0.9897650807139335,0.39238353,0.400123031,0.715665017,1052.0,2979.0
0.9865432981913531,0.47561882566666663,0.3666048513333333,0.6608882866666667,1052.0,2979.0
0.9870510094302692,0.388342159,0.46869054099999996,0.6891228935,1052.0,2979.0
0.9929889871075976,0.227172933,0.4472102985,0.6909240495,1052.0,2979.0
0.996141616007685,0.060145495,0.353474903,0.712219202,1052.0,2979.0
0.9601419448022828,0.0,0.2979698846666667,0.7408750053333333,1052.0,2979.0
0.8336135254071492,0.0,0.2253582815,0.7279549505,1052.0,2979.0
0.8208915920776806,0.0,0.19481315775000002,0.6574817585,1052.0,2979.0
0.9605754860353758,0.010470493666666665,0.18662629099999997,0.6034366000000001,1052.0,2979.0
0.9985626388158566,0.230528288,0.18750375,0.592031628,1052.0,2979.0
0.9902907033466648,0.46933465649999995,0.159731526,0.5496247725,1052.0,2979.0
0.9864575254378107,0.6135777896666667,0.190749697,0.5013727389999999,1052.0,2979.0
0.9887064026729597,0.439559764,0.2413485915,0.5473450595,1052.0,2979.0
0.9964523920570885,0.120718943,0.257710636,0.6268768405,1052.0,2979.0
0.9605926899876837,0.0,0.2754481723333333,0.6976735163333334,1052.0,2979.0
0.8559927745123619,0.0,0.2841350125,0.7237827935,1052.0,2979.0
0.8189224838212551,0.0,0.2547577581666666,0.7540869615,1052.0,2979.0
0.9615253557282183,0.022076322,0.3024236516666667,0.8203527793333333,1052.0,2979.0
0.9969683203992334,0.331549694,0.33676561,0.868209439,1052.0,2979.0
0.9918170689354832,0.5747437120000001,0.334619164,0.8947209995000001,1052.0,2979.0
0.9889497020146232,0.690334715,0.3548285353333333,0.9090626193333334,1052.0,2979.0
0.9902153641401994,0.5754093155,0.420523499,0.912373536,1052.0,2979.0
0.999244573102028,0.335244151,0.485616757,0.920268133,1052.0,2979.0
0.9891157384480089,0.03278614966666667,0.5542564553333333,0.9262108830000001,1052.0,2979.0
0.8775188900884352,0.0,0.621839822,0.927163617,1052.0,2979.0
0.7934976061782294,0.0,0.5884769968333333,0.8865233588333333,1065.3333333333333,3016.5
0.9360466046027259,0.018291523333333334,0.582052581,0.8819426196666668,1068.0,3024.0
0.9812201315922727,0.238617639,0.555804808,0.888666969,1068.0,3024.0
0.9802078023483016,0.47842248099999996,0.4907178165,0.8937948634999999,1068.0,3024.0
0.9791493703211062,0.70030306,0.492487163,0.899088359,1068.0,3024.0
0.9805443839947606,0.569546931,0.5516871255,0.9086345515,1068.0,3024.0
0.9872624398797477,0.326038462,0.56104153,0.917363318,1068.0,3024.0
0.9510008808210155,0.02434068625,0.60352256025,0.9200137439999999,1068.0,3024.0
0.8241865912060329,0.0,0.5296006805,0.8835627435,1068.0,3024.0
0.7938736422705871,0.0,0.4531987065,0.776991069,1068.0,3024.0
0.9389821399862784,0.02557515,0.434616469,0.7395581956666667,1068.0,3024.0
0.9803644828567066,0.352670579,0.3844615955,0.7652748835000001,1068.0,3024.0
0.9790200959906437,0.6416277275,0.3033635605,0.8351847210000001,1068.0,3024.0
0.980577021859515,0.49285075,0.30206742750000004,0.8900599415,1068.0,3024.0
0.9874446031956884,0.158474969,0.282978076,0.9104607465,1068.0,3024.0
0.9387598758721186,0.0,0.30266816533333335,0.9090439263333333,1068.0,3024.0
0.8240276024542965,0.0,0.27109690500000005,0.8560539229999999,1068.0,3024.0
0.7708668022402533,0.0,0.22942742033333333,0.7696253026666667,1068.0,3024.0
0.7692687443479175,0.012650488333333333,0.248526761,0.7219883588333333,1068.0,3024.0
0.8330548720277584,0.33796574749999997,0.22232906949999998,0.6951525025,1068.0,3024.0
0.8399648551145487,0.6624170537499999,0.20230773424999998,0.62677658075,1068.0,3024.0
0.8412560844457417,0.518754634,0.2340751805,0.6934889815,1068.0,3024.0
0.8643245380579565,0.187802566,0.2591290905,0.7791039205,1068.0,3024.0
0.8245439692466825,0.0,0.29699433125,0.812077596,1068.0,3024.0
0.7661513714521612,0.0,0.27527771642857146,0.6809257897142859,1068.0,3024.0
0.7755097114679156,0.023609369666666668,0.26731959766666663,0.6660011,1068.0,3024.0
0.8277328602683904,0.341277622,0.18813237500000002,0.636202395,1068.0,3024.0
0.815870338293392,0.6694706109999999,0.1373519405,0.5344676587499999,1068.0,3024.0
0.8099156029020395,0.5365502445,0.20102307549999998,0.622492441,1068.0,3024.0
0.8368126182678512,0.284851816,0.29513902,0.702973122,1068.0,3024.0
0.8423223334585617,0.03982319,0.428393733,0.7864596035,1068.0,3024.0
0.7938367729025635,0.0,0.46293292199999997,0.8268214793333334,1068.0,3024.0
0.7521319672788065,0.0,0.38148909725,0.8636988715,1068.0,3024.0
0.7723870120716464,0.0,0.32663239066666666,0.8888523859999999,1068.0,3024.0
0.9307422733576054,0.013319135000000001,0.2712305366666667,0.8676299036666667,1068.0,3024.0
0.9624651000816362,0.2641313715,0.1960232725,0.7993546555,1068.0,3024.0
0.9365311106776097,0.60078265575,0.121314317,0.611275115,1068.0,3024.0
0.9196321934717397,0.4609095835,0.1111898485,0.4567108865,1068.0,3024.0
0.9329207195103002,0.264052381,0.140165879,0.357525479,1068.0,3024.0
0.9204110716579907,0.02306843925,0.23074359125,0.33523438375000003,1068.0,3024.0
0.8021385915891914,0.0,0.19901742649999998,0.43173904100000005,1068.0,3024.0
0.7623375952386915,0.0,0.16022796150000002,0.42092057650000003,1068.0,3024.0
0.7699460274050224,0.0,0.136317128,0.41265552525,1068.0,3024.0
0.9312171464520276,0.025359190333333333,0.1264311506666667,0.43930503566666673,1068.0,3024.0
0.9683181363928025,0.235593094,0.090129595,0.464259709,1068.0,3024.0
0.9526439482431595,0.4141833075,0.0489159485,0.3900537395,1068.0,3024.0
0.9394885586310227,0.46182556075,0.05628970375,0.36112025725,1068.0,3024.0
0.9396120010982663,0.261495934,0.069040035,0.37665744,1068.0,3024.0
0.9513827028768502,0.0997578425,0.0940057255,0.3987415865,1068.0,3024.0
0.936368982847505,0.0,0.115824748,0.37005468399999997,1068.0,3024.0
0.8229752486355042,0.0,0.11111266066666665,0.28091902166666666,1068.0,3024.0
0.7656910913509353,0.0,0.11322870483333332,0.20383537816666664,1068.0,3024.0
0.9294719026144769,0.014518664,0.14209732,0.18332931433333333,1068.0,3024.0
0.9647447685868742,0.17350048750000002,0.142516184,0.21060444550000001,1068.0,3024.0
0.9508856554017664,0.3611320295,0.190773988,0.21313682250000002,1068.0,3024.0
0.9503367196770902,0.278428291,0.206691509,0.16664094899999998,1068.0,3024.0
0.9620686439619235,0.125606863,0.198718095,0.156588342,1068.0,3024.0
0.9183031788765929,0.0,0.25547501733333333,0.20830926500000002,1068.0,3024.0
0.8023196466832082,0.0,0.2973131295,0.280040281,1068.0,3024.0
0.7660621419911968,0.0,0.360494637,0.38590840633333334,1068.0,3024.0
0.9290910498661852,0.019735296333333333,0.39081346499999997,0.5509255283333333,1068.0,3024.0
0.9598163041960746,0.24675748150000001,0.410294846,0.624859461,1068.0,3024.0
0.9482386139799802,0.43949719075,0.44485007425,0.69555063775,1068.0,3024.0
0.9446090652215346,0.3370714895,0.414109652,0.7593547635,1068.0,3024.0
0.9536134379490852,0.14456598,0.4113215085,0.7297491965,1068.0,3024.0
0.913634925479604,0.0,0.5397734523333333,0.755248818,1068.0,3024.0
0.8011197068015963,0.0,0.5649131725000001,0.8284283459999999,1068.0,3024.0
0.7556304103015696,0.0,0.52158522575,0.8130730744999999,1068.0,3024.0
0.8127292809336181,0.0,0.47547343633333333,0.7668387766666666,1068.0,3024.0
0.9513249053254859,0.040918253,0.4175528925,0.672439142,1068.0,3024.0
0.9595190084202894,0.267327761,0.3490420935,0.5845252465,1068.0,3024.0
0.9387974842315081,0.3992934268,0.2804445596,0.4224860006,1068.0,3024.0
0.9375164803685627,0.20049718049999998,0.1339241435,0.27779347899999995,1068.0,3024.0
0.9371852540233827,0.020713448,0.10973274933333332,0.2329484943333333,1068.0,3024.0
0.8182967777682011,0.0,0.14036633766666667,0.3143599476666667,1068.0,3024.0
0.7046401240909846,0.0,0.19740861733333329,0.48001832466666666,1068.0,3024.0
0.7401751437043862,0.0268575865,0.26060825475000005,0.6876944445,1068.0,3024.0
0.7876699755674514,0.161980668,0.217396508,0.75793745,1068.0,3024.0
0.7810633592843844,0.2539269665,0.19227202399999999,0.751210771,1068.0,3024.0
0.7774355182614574,0.2404494285,0.1990296725,0.7172536764999999,1068.0,3024.0
0.7915443323384953,0.111348375,0.2180473785,0.661714143,1068.0,3024.0
0.7989422913218034,0.014448826,0.2738231345,0.607214256,1068.0,3024.0
0.7536985176772846,0.0,0.28414964275,0.59871984,1068.0,3024.0
0.7011468048823551,0.0,0.23065869649999998,0.46317425349999997,1068.0,3024.0
0.6850364024886647,0.0,0.19326026775000002,0.26186650375,1068.0,3024.0
0.7205543951758383,0.03519837766666666,0.22470459666666667,0.21624682399999998,1068.0,3024.0
0.7752446692363032,0.226652914,0.219889266,0.231925936,1068.0,3024.0
0.776905486602268,0.3953781965,0.164527295,0.263654378,1068.0,3024.0
0.7652860410431116,0.49732393675,0.170676345,0.484024028,1068.0,3024.0
0.7697859193292584,0.237424272,0.154850672,0.491224355,1068.0,3024.0
0.7803464328246823,0.032605571,0.218809248,0.529845971,1068.0,3024.0
0.7460419204760825,0.0,0.18915376099999998,0.4566691066,1068.0,3024.0
0.7115335113556197,0.0,0.10499225633333333,0.1838280236666667,1068.0,3024.0
0.7687842996936268,0.0,0.12289519766666668,0.17205403266666666,1068.0,3024.0
0.9226710741951694,0.01255616,0.1592942455,0.2005929535,1068.0,3024.0
0.9335701541280519,0.11006361,0.1829512445,0.211132614,1068.0,3024.0
0.9129522683415425,0.24773843375,0.24240192950000003,0.185296882,1068.0,3024.0
0.9155424204303203,0.22081604766666665,0.3189459513333333,0.16013679900000002,1068.0,3024.0
0.9271127395124333,0.036435354,0.3537087305,0.183075181,1068.0,3024.0
0.8567107316449659,0.0,0.4367537746666667,0.23450850266666667,1068.0,3024.0
0.7442619581180465,0.0,0.431104971,0.269430693,1068.0,3024.0
0.7116733649965991,0.0,0.48324199425000003,0.31558691624999996,1068.0,3024.0
0.7956716901431915,0.0,0.511686166,0.5374030845,1068.0,3024.0
0.9264155714830862,0.0225314225,0.5068361349999999,0.6365130354999999,1068.0,3024.0
0.9492885210277006,0.1360187085,0.550558914,0.6225980915,1068.0,3024.0
0.942931559239713,0.19884567733333333,0.4626227936666667,0.49326791266666664,1068.0,3024.0
0.9430409676537824,0.19957859849999998,0.4424881545,0.500142953,1068.0,3024.0
0.9507252356385862,0.1169050505,0.4195800475,0.5384226505,1068.0,3024.0
0.9533328533247702,0.0213578155,0.38814971200000004,0.5151818635000001,1068.0,3024.0
0.8672655364497631,0.0,0.33899736333333336,0.412962525,1068.0,3024.0
0.7627268959697795,0.0,0.2477741635,0.2900460805,1068.0,3024.0
0.7575390177051609,0.0,0.2139467846,0.20054823640000002,1068.0,3024.0
0.9281982697308564,0.014411712333333333,0.13518936066666665,0.13092270733333333,1068.0,3024.0
0.9567519870619596,0.166866343,0.1033306625,0.11055491149999999,1068.0,3024.0
0.940261597276481,0.29284863224999996,0.055535817,0.18307189624999998,1068.0,3024.0
0.9321100803597765,0.22670496099999998,0.055731222999999996,0.34215989999999996,1068.0,3024.0
0.9418125911422638,0.129148684,0.0715475265,0.49607062050000006,1068.0,3024.0
0.8863486940017224,0.00069954275,0.21485733549999997,0.6669681889999999,1068.0,3024.0
0.7655209693434233,0.0,0.306594951,0.7466547135,1068.0,3024.0
0.7422315520544978,0.0,0.38119621574999996,0.83535404075,1068.0,3024.0
0.824737926973524,0.0,0.450476988,0.8952348539999999,1068.0,3024.0
0.9448527646808027,0.062328629499999996,0.4966999075,0.9131758139999999,1068.0,3024.0
0.9549084754675176,0.2937036705,0.47364454349999996,0.9159646539999999,1068.0,3024.0
0.943399684740689,0.472585611,0.4600187375,0.8887270895,1068.0,3024.0
0.9376574651537195,0.324538122,0.5639105419999999,0.90312977,1068.0,3024.0
0.9487633597122297,0.150397039,0.547692374,0.88434524,1068.0,3024.0
0.9514339909500356,0.033212219,0.5701321905,0.88674138,1068.0,3024.0
0.8444145530523249,0.0,0.528972642,0.8852776365,1068.0,3024.0
0.750530362236752,0.0,0.4262401266666666,0.8380048090000001,1068.0,3024.0
0.9011185989110784,0.000613201,0.41047810399999995,0.8329775660000001,1068.0,3024.0
0.9612031620766244,0.06707857149999999,0.3892459715,0.8313531425,1068.0,3024.0
0.9539742553220095,0.154739228,0.3874110385,0.816108309,1068.0,3024.0
0.9491714723779148,0.22199177125000003,0.39542366824999997,0.7991433987500001,1068.0,3024.0
0.9563779204054532,0.1485612895,0.3972610165,0.8316913045000001,1068.0,3024.0
0.9650497738622459,0.034410815,0.41088803100000004,0.8939027820000001,1068.0,3024.0
0.8562587018743734,0.0,0.4201879625,0.9189543225,1068.0,3024.0
0.7615469713582329,0.0,0.4816677168571428,0.934261059,1068.0,3024.0
0.7828105261609355,0.0352074895,0.5783261749999999,0.936882285,1068.0,3024.0
0.827626359942653,0.149909688,0.637113726,0.937221945,1068.0,3024.0
0.8416901177063913,0.271143277,0.63336246,0.9366367425,1068.0,3024.0
0.8424470220126576,0.3807392975,0.6731080875,0.9368940935,1068.0,3024.0
0.8435874566073864,0.3458760245,0.742951727,0.9355268575,1068.0,3024.0
0.8607184866532349,0.19405651499999998,0.7843558165,0.9346583275,1068.0,3024.0
0.8652638820728324,0.0401494285,0.77323485,0.9368453655,1068.0,3024.0
0.8126118089678022,0.0,0.7698371540000001,0.93723582,1068.0,3024.0
0.7664451256805683,0.0,0.6460849839999999,0.93725143525,1068.0,3024.0
0.7655024668758216,0.0009723097999999999,0.6942932222,0.9364473066000001,1068.0,3024.0
0.8001215034102828,0.11661423,0.7073912,0.935325133,1068.0,3024.0
0.834162068581326,0.313544572,0.721723802,0.9342563575,1068.0,3024.0
0.8419329095548814,0.5775700393333333,0.6001907646666667,0.9200581456666667,1068.0,3024.0
0.8420537977650152,0.570519852,0.662050609,0.9270722325,1068.0,3024.0
0.8579161957344876,0.3659873455,0.6503937035,0.9231657055,1068.0,3024.0
0.8642619858235946,0.077345763,0.5778400555000001,0.91790498,1068.0,3024.0
0.8117185056527454,0.0,0.5076450433333334,0.8838551853333333,1068.0,3024.0
0.7869641816060253,0.0,0.3138764765714286,0.6721566814285715,1068.0,3024.0
0.9224008768315491,0.0039974925,0.231557523,0.5365458405,1068.0,3024.0
0.9787552531550214,0.201331096,0.20092374,0.493049747,1068.0,3024.0
0.9817851786234184,0.4706411115,0.191187478,0.4560981195,1068.0,3024.0
0.9769567362323484,0.759518831,0.11870643466666668,0.39612013500000004,1068.0,3024.0
0.9693093686572708,0.7194876105,0.12849823999999999,0.3961302485,1068.0,3024.0
0.971587375492435,0.47490600549999995,0.132773838,0.412546529,1068.0,3024.0
0.9781725716750731,0.201150662,0.133255527,0.451008557,1068.0,3024.0
0.9120614193094287,0.002062052,0.13702523875,0.604489556,1068.0,3024.0
0.7983829689992448,0.0,0.126529957,0.674403853,1068.0,3024.0
0.7846121902814259,0.0,0.17092849924999998,0.710425319,1068.0,3024.0
0.8640007443778193,0.0,0.21422739000000002,0.809806476,1068.0,3024.0
0.9635358270533786,0.070366997,0.23828052449999998,0.8717423585,1068.0,3024.0
0.9785028751647953,0.329786292,0.278792515,0.8715332575,1068.0,3024.0
0.9649174834050699,0.565754201,0.33019172533333335,0.7507988013333332,1068.0,3024.0
0.950666884639072,0.600885653,0.3852121345,0.6044726905,1068.0,3024.0
0.9544687635637258,0.40533664,0.33557356400000005,0.548262202,1068.0,3024.0
0.9651126952829783,0.099631952,0.2843604245,0.553602716,1068.0,3024.0
0.8617202907715831,0.0,0.21529195099999998,0.43262858299999996,1068.0,3024.0
0.7840844577519007,0.0,0.11952871279999999,0.2183794844,1068.0,3024.0
0.8633485398680698,0.0,0.110819,0.16791470149999999,1068.0,3024.0
0.9628525078212082,0.0963417285,0.096017029,0.23011277400000002,1068.0,3024.0
0.9807537835877945,0.335130688,0.073120251,0.269482544,1068.0,3024.0
0.9716476191520592,0.529366751,0.0691406655,0.29638078700000003,1068.0,3024.0
0.9620505475330483,0.6358061355,0.0859359035,0.3581595125,1068.0,3024.0
0.9538552447482433,0.535214949,0.1191856245,0.4438392405,1068.0,3024.0
0.9552147732265923,0.3388208195,0.13001190899999998,0.5764972455,1068.0,3024.0
0.9635393353181176,0.07491844750000001,0.1576140565,0.6616269685,1068.0,3024.0
0.8766016121949022,0.0,0.221394352,0.7935974516666665,1068.0,3024.0
0.7691329529169363,0.0,0.27680241299999997,0.89035489475,1068.0,3024.0
0.7739053909949286,0.0,0.367814935,0.9172342833333333,1068.0,3024.0
0.9305284419815624,0.024395299999999998,0.4368296383333334,0.904625562,1068.0,3024.0
0.971529993524292,0.1401763015,0.4165396935,0.853525333,1068.0,3024.0
0.9614261799739081,0.1901225195,0.34188518125,0.6594032757500001,1068.0,3024.0
0.9542062293028412,0.11351448950000001,0.2739948955,0.43937392,1068.0,3024.0
0.9609700338084242,0.065397689,0.220668856,0.350692226,1068.0,3024.0
0.9580854325563659,0.0164276585,0.20422732300000002,0.2614317995,1068.0,3024.0
0.8678738851094954,0.0,0.16959928133333335,0.16658844799999997,1068.0,3024.0
0.7588815765573927,0.0,0.114885197,0.19587818,1068.0,3024.0
0.7619868874081687,0.0,0.09316598200000001,0.279774066,1068.0,3024.0
0.9096742116861027,0.002185509,0.0877518615,0.401397842,1068.0,3024.0
0.964356806404934,0.032844124,0.082252815,0.444902634,1068.0,3024.0
0.9639910497558271,0.1061849275,0.0711773645,0.4877238685,1068.0,3024.0
0.9558009323714517,0.20312987766666665,0.076077117,0.507523344,1068.0,3024.0
0.9516430677535499,0.190741271,0.084422634,0.501735634,1068.0,3024.0
0.9569005424875565,0.1118038395,0.0745839535,0.489856694,1068.0,3024.0
0.9265413916232348,0.0146464025,0.07376680849999999,0.50076877125,1068.0,3024.0
0.8012530281526116,0.0,0.08296180950000001,0.47429437,1068.0,3024.0
0.7390878094769789,0.0,0.08349044800000001,0.4009868813333333,1068.0,3024.0
0.73240263321748,0.0,0.0976380355,0.29611217375,1068.0,3024.0
0.7603919688151388,0.068868382,0.09817181050000001,0.23249139000000002,1068.0,3024.0
0.8086382462292607,0.303086892,0.064287891,0.20985078,1068.0,3024.0
0.7982137932665534,0.548949661,0.06906353466666666,0.08277829566666667,1068.0,3024.0
0.789158671221631,0.42112318299999996,0.0490240505,0.034386239,1068.0,3024.0
0.8002412526881962,0.2675185535,0.0460996,0.039104597500000005,1068.0,3024.0
0.8175761889399338,0.0662305045,0.08319908749999999,0.0910211655,1068.0,3024.0
0.777436799311651,0.0,0.11365121775,0.169734963,1068.0,3024.0
0.74579446326958,0.0,0.0521478986,0.10372576659999999,1068.0,3024.0
0.7664504346954651,0.010985545333333332,0.035444309,0.09565176733333335,1068.0,3024.0
0.8169430038249862,0.194054724,0.026950902,0.093199796,1068.0,3024.0
0.8163184518383636,0.428957887,0.0112641975,0.083392232,1068.0,3024.0
0.7860542369399308,0.6973880680000001,0.011087334999999999,0.08612015266666667,1068.0,3024.0
0.7821963150381568,0.5164738019999999,0.0193726585,0.0866143955,1068.0,3024.0
0.7997757819156057,0.2452522405,0.033454421,0.09355928,1068.0,3024.0
0.7987592050399361,0.052711809,0.0613026065,0.1529301225,1068.0,3024.0
0.7554263887111309,0.0,0.07298805666666668,0.175467476,1068.0,3024.0
0.7455873255893078,0.0,0.060491962666666656,0.15611769933333333,1068.0,3024.0
0.9096389424570912,0.0,0.06619244199999999,0.1447837435,1068.0,3024.0
0.9663177593653641,0.0542851835,0.0591841605,0.096347006,1068.0,3024.0
0.9565439260180737,0.22204893450000002,0.038126180999999995,0.0813986555,1068.0,3024.0
0.9411570164536411,0.44932820500000004,0.056284578333333335,0.09751379766666667,1068.0,3024.0
0.9304869561268759,0.417092519,0.080528235,0.126596221,1068.0,3024.0
0.9361648920484305,0.282015721,0.086182605,0.11805062200000001,1068.0,3024.0
0.9293934241087058,0.08441831,0.072619294,0.07125509499999999,1068.0,3024.0
0.8217460564231595,0.0,0.05559563466666667,0.051332151,1068.0,3024.0
0.7576616708956898,0.0,0.0440536225,0.0663449235,1068.0,3024.0
0.7713948832432692,0.0,0.046040881500000005,0.09551276524999999,1068.0,3024.0
0.914320337320218,0.0,0.0464073665,0.146713635,1068.0,3024.0
0.9699492011153259,0.09478258049999999,0.0485125675,0.213711955,1068.0,3024.0
0.9580873716133268,0.3097589,0.043400066,0.260839446,1068.0,3024.0
0.9474320375365635,0.49014862150000005,0.0504343025,0.29036902350000005,1068.0,3024.0
0.943333831701793,0.4864693857499999,0.10623383225000001,0.31916209425,1068.0,3024.0
0.9518052877145443,0.20056612749999997,0.11068918350000001,0.28133254100000005,1068.0,3024.0
0.9328407641485779,0.039256647000000006,0.146208105,0.323828268,1068.0,3024.0
0.8175539069627655,0.0,0.226739448,0.4304728633333334,1068.0,3024.0
0.7400022096610702,0.0,0.2564815685,0.5842687940000001,1068.0,3024.0
0.8897393672477676,0.0,0.2673096565,0.6610368314999999,1068.0,3024.0
0.9598282606645474,0.019581269000000002,0.2822645415,0.5772301774999999,1068.0,3024.0
0.9533268515607023,0.08174296349999999,0.2914268415,0.5483931515,1068.0,3024.0
0.9490422362696199,0.157004114,0.299735471,0.5445450675000001,1068.0,3024.0
0.9481445317713819,0.14887875,0.3326550305,0.5358679335000001,1068.0,3024.0
0.9545917907791541,0.0857697605,0.339443394,0.591293089,1068.0,3024.0
0.9584715481436408,0.029514570500000004,0.3754414895,0.7261040830000001,1068.0,3024.0
0.9226589331335113,0.003728604,0.449922837,0.756780922,1068.0,3024.0
0.8236818958728929,0.0,0.5208025496666666,0.7291300063333334,1068.0,3024.0
0.7639249273942585,0.0,0.5140019635,0.5901239504999999,1068.0,3024.0
0.9082588247133501,0.0,0.4450288865,0.4506263155,1068.0,3024.0
0.965326203648564,0.0496376725,0.403830652,0.34635479550000003,1068.0,3024.0
0.9558848431751807,0.287736208,0.413771322,0.2919004325,1068.0,3024.0
0.9470984567721383,0.45214864899999996,0.2541128325,0.2537667655,1068.0,3024.0
0.9399447046308036,0.500274463,0.2403512195,0.2109898335,1068.0,3024.0
0.9369077623015226,0.43575466350000003,0.20158279499999998,0.158551063,1068.0,3024.0
0.936359011832844,0.2152328835,0.1328007145,0.15865786050000003,1068.0,3024.0
0.8897590796126778,0.0135086075,0.1192125175,0.2532248405,1068.0,3024.0
0.7707498573205698,0.0,0.14807081374999997,0.46174279475,1068.0,3024.0
0.7856883321964944,0.0,0.1405867902,0.510811583,1068.0,3024.0
0.9512964226301341,0.024525523,0.1515206325,0.4964217915,1068.0,3024.0
0.9665486718525287,0.149273243,0.136335399,0.496768444,1068.0,3024.0
0.9498042187112156,0.3362068615,0.1107332945,0.45982894799999996,1068.0,3024.0
0.9178891575719474,0.60336614025,0.169568424,0.49111215500000005,1068.0,3024.0
0.9071128967314765,0.43527403249999996,0.2698653125,0.6352000095,1068.0,3024.0
0.9227722657269475,0.19328312949999998,0.31600912999999997,0.7360589694999999,1068.0,3024.0
0.8834191520970861,0.0084771665,0.43406736,0.8029864879999999,1068.0,3024.0
0.7943998961214277,0.0,0.4493615565,0.8289827605,1068.0,3024.0
0.7264634052002545,0.0,0.3345465873333333,0.7693974146666666,1068.0,3024.0
0.7380244688838973,0.0,0.2516639585,0.6832465055000001,1068.0,3024.0
0.7955949888577465,0.045845192,0.206277147,0.6368955384999999,1068.0,3024.0
0.8161392897358629,0.158821623,0.161192861,0.581748753,1068.0,3024.0
0.8076960859255361,0.278971022,0.1335548595,0.498731731,1068.0,3024.0
0.7930656808811715,0.338846617,0.13125828766666667,0.434372296,1068.0,3024.0
0.8042697967997221,0.2705281055,0.134934636,0.432914695,1068.0,3024.0
0.8180947950431872,0.1351509555,0.166101873,0.48294589899999996,1068.0,3024.0
0.8085069096692451,0.023952102,0.18742966,0.544007853,1068.0,3024.0
0.7584661316427063,0.0,0.18900919366666666,0.516673391,1068.0,3024.0
0.6374420180128682,0.0,0.2249466895,0.37227190075,851.5,2412.0
0.6287518834345932,0.0,0.3309334015,0.389279547,635.0,1800.0
0.6878081672621851,0.0583131895,0.41031488,0.521076957,635.0,1800.0
0.7508330980433031,0.164540568,0.419098482,0.4631668605,635.0,1800.0
0.749801437220005,0.33281007725,0.41006538375,0.371608029,635.0,1800.0
0.7588786911151425,0.30845262,0.46777292800000003,0.4368325275,635.0,1800.0
0.7600459928005939,0.1706141235,0.426196361,0.39277339,635.0,1800.0
0.734973492501442,0.0169802275,0.3539100285,0.3323701025,635.0,1800.0
0.6857656430039976,0.0,0.28713995875,0.26814864325,635.0,1800.0
0.6659582921573708,0.0,0.2308835735,0.29578261149999996,635.0,1800.0
0.7596327794639663,0.0,0.1757776445,0.340029863,635.0,1800.0
0.8537926000515859,0.11771130599999999,0.1410729675,0.37416896850000003,635.0,1800.0
0.8683516511580387,0.29322662,0.11302299,0.396921776,635.0,1800.0
0.8617082418408146,0.451358076,0.09928450899999999,0.422911942,635.0,1800.0
0.8486189127277786,0.5045162925,0.116209121,0.455970453,635.0,1800.0
0.8362189500136136,0.38704651999999995,0.1420085573333333,0.5163748446666666,635.0,1800.0
0.8314012793142884,0.16816976,0.161732051,0.601160225,635.0,1800.0
0.7940758096992552,0.0053077743333333335,0.3179936976666667,0.6941258659999999,635.0,1800.0
0.6950209166448857,0.0,0.4150852145,0.7479173079999999,635.0,1800.0
0.6229541363671341,0.0,0.4239166916666666,0.7289661013333334,635.0,1800.0
0.6746155119148322,0.0,0.41224277725,0.7507483054999999,635.0,1800.0
0.8297490712154112,0.0880760095,0.399773969,0.7872674829999999,635.0,1800.0
0.8386161520157291,0.39251950199999996,0.311743029,0.7656956905000001,635.0,1800.0
0.8250457021408933,0.682125589,0.23871418466666663,0.6685267516666666,635.0,1800.0
0.8149170061250834,0.6554183419999999,0.2416752305,0.6213428865,635.0,1800.0
0.8129240622045628,0.424691927,0.21989345,0.5203726710000001,635.0,1800.0
0.8030501448846061,0.104884122,0.256888695,0.5658363575,635.0,1800.0
0.7594335744742272,0.0,0.3439601346666667,0.693375183,635.0,1800.0
0.6297933654714819,0.0,0.3492978225,0.7743330888333334,635.0,1800.0
0.7186735523437688,0.0,0.29506780499999996,0.830940934,635.0,1800.0
0.825801498556642,0.1512275995,0.22650693649999998,0.805915323,635.0,1800.0
0.8321049104249638,0.406169055,0.1538646465,0.718073547,635.0,1800.0
0.8262832194948484,0.5528962995,0.11874954199999999,0.5104257215,635.0,1800.0
0.8197117339130526,0.5516904105,0.19928701799999998,0.4741231005,635.0,1800.0
0.8164666380775899,0.4072083235,0.2909291045,0.4561175555,635.0,1800.0
0.8124645922018221,0.186126277,0.368412566,0.462416852,635.0,1800.0
0.7997119832629855,0.015189897,0.378778473,0.6248600424999999,635.0,1800.0
0.7422264510521491,0.0,0.3772363285,0.694553192,635.0,1800.0
0.6383966733917465,0.0,0.41752517266666667,0.7098498903333333,635.0,1800.0
0.639119350934436,0.0,0.49262495900000003,0.83344915025,635.0,1800.0
0.7867245147905985,0.0342331135,0.514598918,0.8398091745,635.0,1800.0
0.851361651962792,0.186258132,0.493045511,0.838318032,635.0,1800.0
0.852871352134179,0.358212069,0.6101053155,0.845071065,635.0,1800.0
0.852327263554796,0.49702474350000003,0.5236298290000001,0.8274662150000001,635.0,1800.0
0.8493504730856557,0.5314702215,0.6161732955,0.8205218675,635.0,1800.0
0.8488723992713347,0.3902205025,0.6805681100000001,0.7503411280000001,635.0,1800.0
0.8472550908836924,0.22510324950000002,0.6053659945,0.690574606,635.0,1800.0
0.821087373697871,0.0304423095,0.480802625,0.6252732544999999,635.0,1800.0
0.7551729487853631,0.0,0.365148313,0.5724956195,635.0,1800.0
0.6704356585091955,0.0,0.2223206438,0.6023029720000002,635.0,1800.0
0.7119008840512306,0.0,0.1898093795,0.611333041,635.0,1800.0
0.8126551105963888,0.061877351,0.1881824175,0.594652092,635.0,1800.0
0.8663499359128584,0.42463061999999996,0.1489616555,0.579208087,635.0,1800.0
0.854073692390012,0.765720401,0.131688103,0.5217551725,635.0,1800.0
0.8380740949556027,0.9369433924999999,0.154268979,0.5373009154999999,635.0,1800.0
0.8226803535653462,0.86765857,0.17938582,0.57088028,635.0,1800.0
0.8171379083789918,0.678978656,0.204894637,0.608116639,635.0,1800.0
0.815824082124388,0.393576056,0.23522069299999998,0.6392696765,635.0,1800.0
0.7916518325163692,0.026710065,0.4184958796666667,0.7189721106666668,635.0,1800.0
0.6858327425605739,0.0,0.522307183,0.7892013405,635.0,1800.0
0.6035831541942634,0.0,0.5072935075,0.8266921309999999,635.0,1800.0
0.5919666169554235,0.0,0.4624013935,0.8224991077500001,635.0,1800.0
0.6328208209924752,0.0684880355,0.43756994650000003,0.8475588765,635.0,1800.0
0.6929737298345904,0.434055894,0.320827223,0.852000066,635.0,1800.0
0.6979920523321216,0.7750549165,0.21768993749999999,0.734636963,635.0,1800.0
0.6894140961593359,0.924638359,0.192671429,0.6333874925,635.0,1800.0
0.686153628052957,0.8478860095,0.2047560935,0.5491303285,635.0,1800.0
0.6855097560862203,0.576318989,0.205619407,0.49365064049999996,635.0,1800.0
0.6821922526624559,0.287117218,0.260286436,0.481375109,635.0,1800.0
0.673572779593281,0.027928624666666665,0.35168242066666666,0.48072875966666667,635.0,1800.0
0.6244194881859316,0.0,0.33905878899999997,0.45600680950000005,635.0,1800.0
0.5889287652810058,0.0003194028,0.23869721240000003,0.253130679,635.0,1800.0
0.6565759867391436,0.2373301495,0.16156511699999998,0.19261442550000002,635.0,1800.0
0.695329846099624,0.5809802345,0.08977026299999999,0.1761916345,635.0,1800.0
0.6878666803192715,0.8468574675,0.07170892100000001,0.13574521350000002,635.0,1800.0
0.686210963624249,0.7033256560000001,0.08143718350000001,0.2112198535,635.0,1800.0
0.6836767238833625,0.37676428900000003,0.088947045,0.3077879475,635.0,1800.0
0.6739246411588291,0.030143117,0.14524808199999997,0.39989102866666665,635.0,1800.0
0.6527290286894054,0.0,0.11964883433333333,0.24114638833333335,635.0,1800.0
0.6132581814596767,0.0,0.08540127133333335,0.2742349806666667,635.0,1800.0
0.6635257860788947,0.0,0.08422656149999999,0.352572724,635.0,1800.0
0.7828661771951344,0.0703529775,0.09159078749999999,0.4240599055,635.0,1800.0
0.8372371421625061,0.303502992,0.070297986,0.422284705,635.0,1800.0
0.8274612776273652,0.5434217825000001,0.043715618,0.3884346485,635.0,1800.0
0.8175671407254963,0.7753939155,0.048617247,0.40643559274999996,635.0,1800.0
0.8084720096266041,0.5797898735,0.068507448,0.4210777405,635.0,1800.0
0.8056821832218468,0.24981177400000001,0.10501206599999999,0.50567483,635.0,1800.0
0.7883619736619858,0.023097592,0.20929796950000001,0.6183063225000001,635.0,1800.0
0.6931654950451029,0.0,0.2582989395,0.6969809039999999,635.0,1800.0
0.6185270741880375,0.0,0.22170144374999998,0.68667801525,635.0,1800.0
0.7178034543032129,0.0011674625,0.2081403325,0.8028145855,635.0,1800.0
0.8177782949480089,0.194322234,0.1918361295,0.8021260115,635.0,1800.0
0.8231640592945524,0.5159559655,0.1526556115,0.7042294265,635.0,1800.0
0.8139123033303356,0.7208716500000001,0.1901236858,0.6530104222,635.0,1800.0
0.8060425392775108,0.423392736,0.2902643665,0.7529127369999999,635.0,1800.0
0.8042253870596803,0.190361716,0.350477218,0.741276911,635.0,1800.0
0.779657112491256,0.022538027333333335,0.4039535106666667,0.755128623,635.0,1800.0
0.6940448722901327,0.0,0.3343222475,0.7699329615,635.0,1800.0
0.6331476156540682,0.0,0.26561769749999997,0.7557135013333335,635.0,1800.0
0.7842183656916736,0.0557262235,0.256638618,0.7488322565000001,635.0,1800.0
0.8461309061231737,0.228214081,0.210145975,0.732556937,635.0,1800.0
0.8406711868533514,0.424639601,0.193705357,0.724074036,635.0,1800.0
0.8293218391807576,0.6125113036666666,0.181282414,0.7083210996666667,635.0,1800.0
0.8198721997416776,0.5516191975,0.2260131125,0.7418879425,635.0,1800.0
0.8163334552543152,0.355445965,0.24752792899999998,0.7809997065000001,635.0,1800.0
0.8073158796400335,0.15037108999999999,0.312893195,0.806818237,635.0,1800.0
0.7605506805113942,0.0,0.4207537286666667,0.8149039103333333,635.0,1800.0
0.6317144171511986,0.0,0.40151843200000004,0.7889626321666666,635.0,1800.0
0.7192060072441988,0.001783429,0.43145067449999996,0.8153394199999999,635.0,1800.0
0.8166084076323389,0.105979887,0.426085726,0.826834642,635.0,1800.0
0.843277004010315,0.2709389865,0.3737746155,0.8340785255000001,635.0,1800.0
0.8323177261518471,0.492763347,0.315968503,0.809549251,635.0,1800.0
0.819042817920427,0.5800121376666666,0.29810881,0.787860845,635.0,1800.0
0.8107737448055287,0.356907321,0.3016120805,0.7528570255,635.0,1800.0
0.809246641175375,0.197640244,0.246999091,0.763909884,635.0,1800.0
0.7994962587849578,0.078965304,0.2754168555,0.7257254435,635.0,1800.0
0.7564443042464172,0.0,0.3282362566666666,0.7046078126666666,635.0,1800.0
0.6360096426840317,0.0,0.26716286833333336,0.6327092643333333,635.0,1800.0
0.6378318957385078,0.0,0.24461309250000002,0.568785782,635.0,1800.0
0.7524182988159155,0.003292089,0.241752955,0.498620952,635.0,1800.0
0.8246908858692249,0.1075713495,0.22657042900000002,0.49284549450000004,635.0,1800.0
0.8359207309404959,0.237556491,0.179748701,0.49593471,635.0,1800.0
0.8262900053656963,0.34207659300000004,0.17022952800000002,0.421492011,635.0,1800.0
0.8183640000113075,0.36034148975,0.22742195625,0.37054434175,635.0,1800.0
0.8129236005558965,0.17581274549999998,0.272251362,0.41052480550000003,635.0,1800.0
0.802999872571049,0.0613892685,0.25379831750000004,0.4063432105,635.0,1800.0
0.7303511877893748,0.0,0.2452678975,0.37321812525000003,635.0,1800.0
0.591941003662268,0.0,0.24500484150000001,0.32010611166666664,635.0,1800.0
0.6282732555258806,0.0469467795,0.21441445050000002,0.32433127149999996,635.0,1800.0
0.6798900561662712,0.185128291,0.197405338,0.388828648,635.0,1800.0
0.707260529191147,0.353251286,0.1968531665,0.4225931005,635.0,1800.0
0.697115552520362,0.514867783,0.1685279093333333,0.38904442666666667,635.0,1800.0
0.6918891769326907,0.44017037950000004,0.177692976,0.425027316,635.0,1800.0
0.6904038516783216,0.3188829125,0.133551208,0.424420398,635.0,1800.0
0.6865450984996362,0.1323165195,0.09068698950000001,0.375923756,635.0,1800.0
0.6756336156942941,0.0003473866666666667,0.09302360966666667,0.3446913173333333,635.0,1800.0
0.5978350817297737,0.0,0.08221038542857143,0.2292694257142857,635.0,1800.0
0.6249672466236571,0.045695586,0.065384525,0.14575074,635.0,1800.0
0.6859540384112304,0.24788419300000003,0.034453194,0.128164251,635.0,1800.0
0.6949910258051099,0.4776691225,0.0220080835,0.102325916,635.0,1800.0
0.6894514313738361,0.5708579855,0.02039134025,0.08660867425,635.0,1800.0
0.6883158094581683,0.36239585900000004,0.034031352,0.11186634200000001,635.0,1800.0
0.6860101964967281,0.155666855,0.047807625,0.142370465,635.0,1800.0
0.6711365843918269,0.0121519824,0.0833526876,0.2469733924,635.0,1800.0
0.6227971666119233,0.0,0.0752035672,0.33542418300000004,635.0,1800.0
0.7182395419501385,0.0017175135,0.0682326555,0.341043962,635.0,1800.0
0.8255937609650879,0.1231973355,0.058921002,0.3525689755,635.0,1800.0
0.8402710375443084,0.289622308,0.050448956,0.354721585,635.0,1800.0
0.8308257068261138,0.44463288700000003,0.0443495045,0.34689619000000005,635.0,1800.0
0.8221752887144295,0.5040650659999999,0.049574559,0.37369917,635.0,1800.0
0.8150103963577915,0.3633790095,0.0687944975,0.37588724,635.0,1800.0
0.8113690750612461,0.21534523349999998,0.06922015449999999,0.320568431,635.0,1800.0
0.7980673922013991,0.071304175,0.069704935,0.295573613,635.0,1800.0
0.7599533188468888,0.0005714429999999999,0.070565738,0.25406070799999997,635.0,1800.0
0.6394289609481252,0.0,0.063992532,0.31598478700000004,635.0,1800.0
0.6446634462082218,0.0,0.07355241125,0.46686824925000003,635.0,1800.0
0.788377069208827,0.06712707350000001,0.0676884145,0.5689940874999999,635.0,1800.0
0.8330697372473755,0.36020109,0.0419681115,0.5684821005,635.0,1800.0
0.820927230990172,0.6829346679999999,0.0503047715,0.5312696955,635.0,1800.0
0.8137338241231988,0.734187386,0.05845943175,0.471595514,635.0,1800.0
0.8054223263906642,0.51491884,0.0363592235,0.33546034599999996,635.0,1800.0
0.7956440147530452,0.198949724,0.031937182,0.3185765505,635.0,1800.0
0.7548390138583095,0.000764963,0.058345133333333334,0.3731410286666667,635.0,1800.0
0.6305498542718548,0.0,0.08609099583333335,0.5495457793333333,635.0,1800.0
0.7195010415049093,0.0083856535,0.071585702,0.46915101400000003,635.0,1800.0
0.8175258702295258,0.28691888050000003,0.051931942,0.3765739005,635.0,1800.0
0.8184714927325447,0.649690813,0.03008471,0.30953930399999996,635.0,1800.0
0.8163891904656578,0.9067338179999999,0.058269219000000004,0.2371244733333333,635.0,1800.0
0.8119601122826327,0.866517604,0.084534673,0.174406149,635.0,1800.0
0.8083140366344961,0.605728812,0.0894404915,0.146822497,635.0,1800.0
0.7949597728863543,0.23473489349999999,0.1104806225,0.160405469,635.0,1800.0
0.7533859877716834,0.0009379369999999999,0.184412167,0.2782992696666667,635.0,1800.0
0.6333311174418288,0.0,0.22840285866666665,0.5277985420000001,635.0,1800.0
0.6361732939381649,0.0,0.21960094925,0.556097782,635.0,1800.0
0.7752297579512412,0.1091878415,0.191325529,0.483630648,635.0,1800.0
0.8188998944097153,0.394501492,0.128711847,0.46403819,635.0,1800.0
0.8172918653922498,0.6632283625,0.07806526750000001,0.43300699249999997,635.0,1800.0
0.8184158652281773,0.91746442,0.06624808874999999,0.277794348,635.0,1800.0
0.8119151948284796,0.7621536394999999,0.089106873,0.21141884,635.0,1800.0
0.8061735523851945,0.428706676,0.11495358550000001,0.247468241,635.0,1800.0
0.7841506660581122,0.0743052335,0.220598771,0.3298942585,635.0,1800.0
0.7118479955960021,0.0,0.2641330706666667,0.4154209836666667,635.0,1800.0
0.614149149726174,0.0,0.217273887,0.435937667,635.0,1800.0
0.6868970831273078,0.008484259,0.18141067600000002,0.42353327766666665,635.0,1800.0
0.8092824641839426,0.29764889,0.1350898595,0.39646135,635.0,1800.0
0.817688182984222,0.582296424,0.074957277,0.366041342,635.0,1800.0
0.8191252667814782,0.800645654,0.0683906925,0.3604467435,635.0,1800.0
0.818436108174218,0.902719687,0.08496234750000001,0.39839250049999997,635.0,1800.0
0.8123403649649862,0.60201879,0.091655489,0.472332248,635.0,1800.0
0.7962487165098292,0.233078214,0.108858545,0.522007979,635.0,1800.0
0.7515202252417756,0.0012902843333333334,0.13644212,0.46777500766666663,635.0,1800.0
0.5975277445032267,0.0,0.1167343304,0.46298941920000003,635.0,1800.0
0.5962206643109725,0.010051689,0.09266915466666666,0.3373240233333333,635.0,1800.0
0.6516383589702943,0.2894650615,0.049409237,0.249553543,635.0,1800.0
0.6899625702353457,0.6377027455,0.0282835235,0.1901856945,635.0,1800.0
0.6869662338334275,0.8531939860000002,0.04130541880000001,0.1609796868,635.0,1800.0
0.6860748955796616,0.562913849,0.0578032995,0.18872714899999998,635.0,1800.0
0.6777017225132469,0.223098851,0.08492796,0.19227988899999998,635.0,1800.0
0.650708976790131,0.0008878646,0.1200288474,0.3206264914,635.0,1800.0
0.5819176231402331,0.0,0.08311882775,0.3339359095,635.0,1800.0
0.6012228139930661,0.0170750125,0.0895745465,0.29705248949999996,635.0,1800.0
0.6488803392638485,0.2708357805,0.073559382,0.3119381095,635.0,1800.0
0.6870708596601078,0.52403416,0.039424393,0.322074012,635.0,1800.0
0.6874991692063888,0.7112868345000001,0.0400150685,0.3392521735,635.0,1800.0
0.689736613042324,0.821693661,0.06362411933333334,0.35824411966666664,635.0,1800.0
0.6906214220882024,0.6358747465,0.099276735,0.4359649115,635.0,1800.0
0.68579165672407,0.34906168049999997,0.115158692,0.5212451725,635.0,1800.0
0.6732506628278973,0.106121912,0.165582468,0.63537391,635.0,1800.0
0.6648245708610824,0.0014681566666666665,0.22156170033333333,0.7327091960000001,635.0,1800.0
0.6330973431306205,0.0,0.24080137633333332,0.7629021073333333,635.0,1800.0
0.6331826541250278,0.0,0.272136762,0.65322053325,635.0,1800.0
0.7735279234492524,0.0891355365,0.2640185705,0.600083857,635.0,1800.0
0.8224303295524904,0.287464918,0.20334216,0.699476671,635.0,1800.0
0.8212302972085828,0.480472514,0.2230832845,0.767706093,635.0,1800.0
0.8188285862058421,0.6352836433333334,0.254539607,0.7395622966666666,635.0,1800.0
0.8112441094516691,0.5502399330000001,0.337549483,0.7900655655,635.0,1800.0
0.8086472021471056,0.3569343455,0.327227194,0.813470795,635.0,1800.0
0.8049251403878398,0.195237544,0.28098901,0.811209109,635.0,1800.0
0.7676773574389895,0.02229539825,0.21350112875,0.81810101125,635.0,1800.0
0.6388527754155191,0.0,0.23678029514285712,0.8722929084285713,635.0,1800.0
0.8030161991810002,0.09695982566666667,0.315544355,0.8978610806666666,635.0,1800.0
0.8375070167366067,0.2813661545,0.4424068525,0.9026249725,635.0,1800.0
0.8236786796873771,0.33870498033333335,0.3664869293333333,0.7921509358333334,635.0,1800.0
0.8127984036248772,0.168511785,0.2098415205,0.6808514335,635.0,1800.0
0.7927492114962899,0.026243716,0.14201859300000003,0.6403341755,635.0,1800.0
0.7430518854956076,0.0,0.13060799,0.615219484,635.0,1800.0
0.6462376603059665,0.0,0.2087307045,0.5978561955,635.0,1800.0
0.6111358703266166,0.0,0.31392369333333336,0.66343219,635.0,1800.0
0.6606135558666817,0.0,0.457823431,0.7153961285,635.0,1800.0
0.7770804017358824,0.059434578,0.5398158664999999,0.726814047,635.0,1800.0
0.8310735153893399,0.20843775,0.537704153,0.699385923,635.0,1800.0
0.8290447014005886,0.3883676805,0.6506111685,0.7218238379999999,635.0,1800.0
0.8256216438154387,0.572993683,0.6343331585,0.686670966,635.0,1800.0
0.8198643517143505,0.5697454183333334,0.6560282906666667,0.7385796883333334,635.0,1800.0
0.8183067799350335,0.379037322,0.5334952745,0.7206474045,635.0,1800.0
0.8169672866111145,0.220550286,0.370633026,0.776856723,635.0,1800.0
0.8051166748734411,0.057386807000000005,0.272630349,0.7691078085,635.0,1800.0
0.7428786552304925,0.0,0.2052350605,0.7223123634999999,635.0,1800.0
0.6418012938972921,0.0,0.2850768527142857,0.721699878,635.0,1800.0
0.7882492873104012,0.0774292405,0.365469789,0.7559199475,635.0,1800.0
0.8498145131782086,0.231782409,0.432180738,0.760659594,635.0,1800.0
0.8480174425116587,0.3970261725,0.4372839675,0.780581492,635.0,1800.0
0.8383971041975539,0.60761539575,0.431829031,0.8135043945,635.0,1800.0
0.8266214628113813,0.5149997749999999,0.44808176499999997,0.845701101,635.0,1800.0
0.8262896365107317,0.301003649,0.3632697415,0.8429745825,635.0,1800.0
0.8160008899181124,0.116627679,0.255646696,0.837917608,635.0,1800.0
0.7645999831263491,0.0029997086666666666,0.18782752266666666,0.813923569,635.0,1800.0
0.6613878178313948,0.0,0.15583367850000002,0.7998593494999999,635.0,1800.0
0.6481941351417712,0.0,0.14727803925,0.664052244,635.0,1800.0
0.7494249585900649,0.0247089685,0.1438497855,0.513849913,635.0,1800.0
0.8393785500405464,0.242760952,0.0945410025,0.4525623265,635.0,1800.0
0.8376369222851786,0.553323774,0.09504473599999999,0.3567877115,635.0,1800.0
0.824233985920617,0.686888252,0.08909624233333334,0.190647758,635.0,1800.0
0.8151891889425156,0.5671694525,0.0798277485,0.098289774,635.0,1800.0
0.8103707795390431,0.3941041905,0.068318363,0.1003745585,635.0,1800.0
0.8000142647118043,0.15936716950000002,0.07415463550000001,0.1578904255,635.0,1800.0
0.7584024870939121,0.0026280626666666668,0.17569319066666667,0.29133491966666664,635.0,1800.0
0.5979911983428466,0.0,0.2334680295,0.3851227443333334,635.0,1800.0
0.6016180005955167,0.0294462935,0.194668986,0.3352599165,635.0,1800.0
0.6559104638807856,0.226321407,0.156379155,0.2445616195,635.0,1800.0
0.6982659428850722,0.496821008,0.1600647375,0.20466611099999998,635.0,1800.0
0.6917036438797513,0.643815268,0.14332816075,0.2332134805,635.0,1800.0
0.6907067329721411,0.43783427399999997,0.134101117,0.236281659,635.0,1800.0
0.6879594468457411,0.234620823,0.073148758,0.186773723,635.0,1800.0
0.6800279012102475,0.0384977995,0.06552562549999999,0.104131279,635.0,1800.0
0.6632665369249431,0.0,0.06156511,0.08454614233333334,635.0,1800.0
0.5914205111668984,0.0,0.0550197422,0.07830996700000001,635.0,1800.0
0.6047324521451197,0.022170707,0.06313185,0.036553144999999995,635.0,1800.0
0.6575442989261346,0.21759761,0.054598774,0.0347495255,635.0,1800.0
0.700893757451852,0.5037694385,0.0542070885,0.058179656499999996,635.0,1800.0
0.6933023018932595,0.641833986,0.08171797075,0.21176411724999997,635.0,1800.0
0.6883356600194129,0.521653297,0.14188543399999998,0.5047613555,635.0,1800.0
0.6859828445589138,0.299983826,0.2069786125,0.71881525,635.0,1800.0
0.6746370129943362,0.054232978,0.37085989399999997,0.8310287805000001,635.0,1800.0
0.6666948727705058,0.0,0.4778613995,0.8910064335,635.0,1800.0
0.6267486368889666,0.0,0.5005925700000001,0.9261152395,635.0,1800.0
0.7439807120072004,0.06424220533333333,0.534103121,0.907858776,635.0,1800.0
0.8244802859233773,0.29873138,0.497432645,0.8490182264999999,635.0,1800.0
0.8224667527374647,0.4648096965,0.481352415,0.6991943015,635.0,1800.0
0.8235440347557219,0.56188441625,0.5203859169999999,0.5464517145000001,635.0,1800.0
0.828113389674819,0.444539625,0.5006380765,0.5800895395,635.0,1800.0
0.828512985204306,0.260769098,0.39484705,0.627129746,635.0,1800.0
0.8085220516129372,0.06611383900000001,0.3843257855,0.633170579,635.0,1800.0
0.7434648681736051,0.0,0.4178137885,0.6457137875000001,635.0,1800.0
0.6353133363104866,0.0,0.5068430166666666,0.7040057986666666,579.0,1641.0
0.6369801475364845,0.0,0.5664263460000001,0.7933895317499999,467.0,1323.0
0.772980857517667,0.07402029,0.5672218875,0.8527799965,467.0,1323.0
0.8410526859539634,0.209060267,0.598898153,0.845313122,467.0,1323.0
0.841232171508796,0.3116658715,0.5999055365,0.804784775,467.0,1323.0
0.833410950293771,0.40189518566666665,0.5278129286666667,0.8230152093333333,467.0,1323.0
0.8226500236125173,0.41354808,0.482651006,0.828616233,467.0,1323.0
0.8208042498401884,0.341108229,0.392377964,0.798715185,467.0,1323.0
0.8053277207814006,0.11810142066666666,0.22589513633333333,0.771090588,467.0,1323.0
0.7357569182418918,0.0,0.16074346299999998,0.7525339835,467.0,1323.0
0.6448594930195557,0.0,0.14655401325,0.72863607925,467.0,1323.0
0.6715372106649159,0.0,0.14095107233333334,0.676713484,467.0,1323.0
0.7840394110493775,0.132852168,0.152646618,0.6786302995,467.0,1323.0
0.8358846769418922,0.404805337,0.108852324,0.6600105255,467.0,1323.0
0.8277322600919836,0.6448056775,0.13616923050000002,0.6513683795,467.0,1323.0
0.8221299864978204,0.7003264195000001,0.14592418499999998,0.6500865975000001,467.0,1323.0
0.8139146791584132,0.5476165056666668,0.140513471,0.600825837,467.0,1323.0
0.8074043299337466,0.24714006300000002,0.1449759805,0.581195756,467.0,1323.0
0.7883370449654119,0.0526488585,0.16205203899999998,0.636239738,467.0,1323.0
0.7373542600761622,0.0,0.171941575,0.640930276,467.0,1323.0
0.6311311585496596,0.0,0.1388033996666667,0.5394580983333334,467.0,1323.0
0.6333927463236236,0.0,0.13485970275,0.45683569025,467.0,1323.0
0.7697916433750331,0.110162432,0.146475283,0.329481384,467.0,1323.0
0.8314859900218203,0.3946262775,0.12270917249999999,0.299510865,467.0,1323.0
0.8216609839306594,0.6588507435,0.103947908,0.31559618,467.0,1323.0
0.8138524655105943,0.5883557385,0.1420159405,0.24122031,467.0,1323.0
0.8089990483575056,0.35524127833333335,0.16190637333333333,0.17233879,467.0,1323.0
0.7915723076511418,0.0746156685,0.21655181099999998,0.12833474649999999,467.0,1323.0
0.7345988491983604,0.0,0.2598328015,0.09582315050000001,467.0,1323.0
0.6350924802081888,0.0,0.199678002,0.08308167,467.0,1323.0
0.6697046092236777,0.0,0.1911080846666667,0.053709201000000005,467.0,1323.0
0.7818208173702068,0.131927569,0.156034504,0.0445758575,467.0,1323.0
0.8300882838947214,0.4287451085,0.126152501,0.028630738500000003,467.0,1323.0
0.8229968536605244,0.659243744,0.141851847,0.021009879,467.0,1323.0
0.818718439198094,0.8073322463333333,0.128024411,0.023323074666666666,467.0,1323.0
0.8118895277591647,0.7465311125,0.17643520000000001,0.035344462,467.0,1323.0
0.8077712408702222,0.535596042,0.21301934849999998,0.08286855100000001,467.0,1323.0
0.8017803591836734,0.315651346,0.210541798,0.094191922,467.0,1323.0
0.7850759302857753,0.092077426,0.2671408285,0.107410063,467.0,1323.0
0.7369707993829762,0.0,0.323318113,0.15819693299999998,467.0,1323.0
0.5986823552561621,0.0,0.26410301642857137,0.19724150614285715,467.0,1323.0
0.621794513106426,0.1621373325,0.2057316205,0.143892238,467.0,1323.0
0.6778461466306787,0.4814091035,0.16398586650000002,0.1162722445,467.0,1323.0
0.6915526416830826,0.748209243,0.174177766,0.10721396350000001,467.0,1323.0
0.6901515769210889,0.8529244072500001,0.2151761345,0.15867820375,467.0,1323.0
0.6895511799635516,0.5693879315,0.2422216925,0.268150255,467.0,1323.0
0.684919388636517,0.329222853,0.229057479,0.311154601,467.0,1323.0
0.6719436688409921,0.09983990549999999,0.2893350865,0.35413644050000004,467.0,1323.0
0.6428578352236188,0.0,0.31236050975,0.42239780725,467.0,1323.0
0.5826244580064869,0.000206377,0.25471396679999997,0.3086918936,467.0,1323.0
0.6180405291538307,0.1751919355,0.162474304,0.218864367,467.0,1323.0
0.6730656839853418,0.5045685295,0.0880355275,0.18635438650000002,467.0,1323.0
0.6904760521378248,0.807080038,0.0902962205,0.1463501055,467.0,1323.0
0.6925116824867832,0.932901302,0.13822755933333333,0.167862928,467.0,1323.0
0.6962873326088199,0.764081572,0.196901132,0.2077245075,467.0,1323.0
0.6922243504347253,0.4478776455,0.2092425305,0.2868294305,467.0,1323.0
0.6724556501367511,0.1066976965,0.2809778665,0.4188683675,467.0,1323.0
0.6501589309048055,0.0,0.33566602925,0.54138984825,467.0,1323.0
0.6070630396255474,0.0,0.267905366,0.5147245046666666,467.0,1323.0
0.6552920977543072,0.0006377725,0.22183847950000002,0.456217226,467.0,1323.0
0.7640035371368364,0.1801037545,0.175151633,0.3471762645,467.0,1323.0
0.8161225782529866,0.523481005,0.097458986,0.2469038115,467.0,1323.0
0.8197832414024472,0.818833985,0.110090135,0.1512483305,467.0,1323.0
0.8225817471666776,0.91067785625,0.15737681675,0.18197793674999999,467.0,1323.0
0.8167023052477519,0.6155836210000001,0.200298994,0.2515166915,467.0,1323.0
0.8096432818882731,0.35192846,0.193475657,0.309636958,467.0,1323.0
0.7855776406443731,0.108044641,0.2642229815,0.3844024895,467.0,1323.0
0.7348136268492238,0.0,0.33890743349999997,0.4853858085,467.0,1323.0
0.619175825562449,0.0,0.3143843512,0.5381481555999998,467.0,1323.0
0.6546954287505979,0.0007669485,0.261166345,0.5293093455,467.0,1323.0
0.7614769604986855,0.1814349975,0.19954906449999998,0.494725694,467.0,1323.0
0.8142463823969393,0.433849271,0.113310092,0.450459629,467.0,1323.0
0.8201904079037804,0.6834915834999999,0.124276179,0.3915085525,467.0,1323.0
0.8280049042266758,0.900883495,0.17882763200000001,0.3759312875,467.0,1323.0
0.8289305379721157,0.9229618885,0.21427413350000002,0.444789283,467.0,1323.0
0.8241293938310753,0.742537833,0.21864316649999999,0.44104922599999996,467.0,1323.0
0.8171252596032226,0.42906955300000005,0.2138136405,0.4370165105,467.0,1323.0
0.7866723726839507,0.10813585,0.25499053850000003,0.4806975105,467.0,1323.0
0.734783573951876,0.0,0.30898325449999997,0.5364310595,467.0,1323.0
0.6398831220574848,0.0,0.308984476,0.571458157,467.0,1323.0
0.6103089891906837,0.0,0.23413405750000002,0.53466515775,467.0,1323.0
0.700733960732098,0.051879271,0.1531554925,0.388439105,467.0,1323.0
0.7888653450278451,0.226754387,0.087072014,0.340094674,467.0,1323.0
0.8163522436590807,0.4951553195,0.0532199305,0.3030172875,467.0,1323.0
0.8225181793383907,0.756836351,0.061371553499999995,0.3179474055,467.0,1323.0
0.8283570891340871,0.811774971,0.108254973,0.3946099585,467.0,1323.0
0.8246110683724309,0.6576984404999999,0.131833643,0.40787015400000004,467.0,1323.0
0.8181522691422196,0.43533409749999996,0.128800994,0.3896665265,467.0,1323.0
0.8096432818882731,0.251634595,0.124875693,0.389528339,467.0,1323.0
0.7842970520995243,0.075499699,0.1550375045,0.4319547285,467.0,1323.0
0.7348490810028269,0.0,0.1791809855,0.5109779925,467.0,1323.0
0.6281979620976413,0.0,0.16343436833333333,0.5276281653333333,467.0,1323.0
0.6266929246827292,0.0004912825,0.158222693,0.42546760875,467.0,1323.0
0.7326565696447866,0.095807087,0.164789662,0.307039422,467.0,1323.0
0.8038298542373001,0.272987282,0.1193402425,0.3332675945,467.0,1323.0
0.819290118438136,0.518815017,0.116714214,0.35840837400000003,467.0,1323.0
0.8175889918195293,0.638588894,0.12195303566666667,0.4876246386666667,467.0,1323.0
0.8115017505018158,0.470954607,0.22333350800000001,0.5221384485,467.0,1323.0
0.8075641491891137,0.2699498785,0.29190114349999996,0.542050309,467.0,1323.0
0.8017803591836734,0.142200714,0.294650373,0.461605217,467.0,1323.0
0.7849554426351207,0.0445320845,0.26209996,0.36300863299999997,467.0,1323.0
0.7372947087238344,0.0,0.20878349699999998,0.304702825,467.0,1323.0
0.6414655302699235,0.0,0.1230784895,0.18753772400000002,467.0,1323.0
0.6097551986486639,0.0,0.139502736,0.26742987300000004,467.0,1323.0
0.684252134667465,0.019496721666666668,0.10595635566666667,0.23727395266666665,467.0,1323.0
0.8126010529626118,0.198535767,0.071253388,0.20534505349999999,467.0,1323.0
0.8255473200371954,0.354279774,0.043976536499999996,0.136353536,467.0,1323.0
0.8187310573740354,0.4333538786666667,0.025174144666666665,0.074149876,467.0,1323.0
0.8118415172920881,0.341241966,0.027376246,0.087446408,467.0,1323.0
0.8075074601910794,0.2363443315,0.024288803,0.138981886,467.0,1323.0
0.8012416261265068,0.139974492,0.027170134,0.195310151,467.0,1323.0
0.7836997827868459,0.054910563,0.059671489999999994,0.21261129750000002,467.0,1323.0
0.7357157165126826,0.0,0.1058923785,0.281434235,467.0,1323.0
0.6075795220123733,0.0,0.09252581833333333,0.3615054976666667,467.0,1323.0
0.5809014043819711,0.000462716,0.0758284005,0.31916599875,467.0,1323.0
0.6162784277275111,0.1196991495,0.0603149605,0.2620522775,467.0,1323.0
0.657355626794827,0.277054705,0.036342691,0.254391362,467.0,1323.0
0.68843278917549,0.47620792599999995,0.0357977045,0.23190076399999998,467.0,1323.0
0.6910250685598808,0.6374321997500001,0.059108359,0.24318032,467.0,1323.0
0.6913017175713195,0.4804062705,0.08819278750000001,0.271746498,467.0,1323.0
0.690666478401502,0.333522665,0.10385764,0.339739926,467.0,1323.0
0.6810625745147924,0.162940864,0.1486629535,0.4773006305,467.0,1323.0
0.6636540680801385,0.009365937666666666,0.280906147,0.6675874496666667,467.0,1323.0
0.5904397275035492,0.0003969761428571429,0.23719211514285715,0.650824662,467.0,1323.0
0.6143975695181996,0.1371822715,0.170636952,0.5793306855,467.0,1323.0
0.6720207857759397,0.3875236415,0.1124903,0.497003846,467.0,1323.0
0.6904688039554985,0.5970787694999999,0.1182970245,0.4194584045,467.0,1323.0
0.6902427702076731,0.659461781,0.16377920733333332,0.4630848013333333,467.0,1323.0
0.6906412497824277,0.4863649095,0.2627436145,0.555790831,467.0,1323.0
0.687288176544339,0.252169878,0.3033322505,0.6776209790000001,467.0,1323.0
0.6730063171267774,0.0646742195,0.335566017,0.6547777695,467.0,1323.0
0.6511533372275535,0.0,0.32948028425,0.65475126,467.0,1323.0
0.6252508918692656,0.0007870424000000001,0.2902337696,0.6640121698,467.0,1323.0
0.7620602882204854,0.145091168,0.24190589150000003,0.6129381375,467.0,1323.0
0.818009068576027,0.375865938,0.179841233,0.5555922805,467.0,1323.0
0.8177063019487104,0.6458235157500001,0.23887365024999999,0.61942215925,467.0,1323.0
0.8129574845075032,0.5927745200000001,0.32522677,0.6866527615,467.0,1323.0
0.8106086624902409,0.43921765349999997,0.3510775945,0.737719751,467.0,1323.0
0.8026537812271891,0.259815461,0.338151432,0.786326213,467.0,1323.0
0.7831389827245865,0.097315396,0.3604505785,0.792392668,467.0,1323.0
0.7349726845334243,0.0,0.3704924035,0.76894586,467.0,1323.0
0.6281292239699948,0.0,0.28775859766666667,0.6707769313333333,467.0,1323.0
0.6303885112389593,0.00102739775,0.2405637465,0.5130141340000001,467.0,1323.0
0.7632417624868515,0.1602423645,0.16699026449999999,0.35197986049999996,467.0,1323.0
0.8148803058846282,0.356028576,0.11483911,0.275339412,467.0,1323.0
0.8180330736438621,0.568205871,0.131578834,0.2184955695,467.0,1323.0
0.8186024751299318,0.706771446,0.153166455,0.215842562,467.0,1323.0
0.8134218019869431,0.5930251705,0.1676931345,0.27531397199999996,467.0,1323.0
0.8086005305605832,0.426154989,0.165429,0.350240685,467.0,1323.0
0.8036962097653593,0.246193502,0.15342169649999998,0.438294932,467.0,1323.0
0.7831833924646283,0.0708638425,0.15467678699999998,0.545800515,467.0,1323.0
0.7354594146744959,0.0,0.155868562,0.5463993165000001,467.0,1323.0
0.6281373334325296,0.0,0.13186480633333333,0.5139738763333334,467.0,1323.0
0.6301615114148,0.0008044155,0.13729095225,0.4978693905,467.0,1323.0
0.7635550078429403,0.0951723335,0.1267737565,0.5228586390000001,467.0,1323.0
0.815880586860643,0.193403103,0.106034278,0.601350467,467.0,1323.0
0.8185310904817233,0.338936048,0.11022294199999999,0.655166914,467.0,1323.0
0.8179574106536587,0.475734703,0.116331147,0.7235800530000001,467.0,1323.0
0.8140908097790522,0.5444424735,0.16743100049999998,0.7212012670000001,467.0,1323.0
0.808887393341635,0.453107788,0.2211355605,0.7065814589999999,467.0,1323.0
0.8042932480880014,0.2605353205,0.2256783495,0.720870479,467.0,1323.0
0.7839134296801722,0.075403125,0.259141284,0.7866578875,467.0,1323.0
0.7358524775273786,0.0,0.29093450649999997,0.8156505195,467.0,1323.0
0.6207425103195792,0.0,0.28686944200000003,0.8054953963999999,467.0,1323.0
0.6830107549303301,0.02612935133333334,0.31485040933333336,0.7546837750000001,467.0,1323.0
0.8129756733986739,0.17609140150000002,0.28801194350000003,0.6959296225,467.0,1323.0
0.8281813428340297,0.3567068055,0.24484822299999998,0.6762800095,467.0,1323.0
0.8194243169105703,0.6037326456666666,0.21971065666666667,0.658743806,467.0,1323.0
0.811848811208453,0.613771359,0.25221189450000003,0.7161518255,467.0,1323.0
0.8079753777347418,0.4357866405,0.2730539245,0.7155589805,467.0,1323.0
0.8021383148651164,0.261890992,0.265562045,0.700391679,467.0,1323.0
0.7863700909037259,0.0932148685,0.2534348025,0.680050895,467.0,1323.0
0.7369221887394929,0.0,0.2345458815,0.637313021,467.0,1323.0
0.6324366445505362,0.0,0.17429681966666666,0.5167426386666667,467.0,1323.0
0.6341415256962147,0.00133872525,0.1355010175,0.40674005825,467.0,1323.0
0.7695734263918947,0.121540498,0.0959450885,0.30668018799999996,467.0,1323.0
0.836666602075622,0.23831972899999998,0.07882725800000001,0.25966186550000003,467.0,1323.0
0.8343446007522315,0.42582643,0.065817274,0.247374129,467.0,1323.0
0.8217832642672572,0.5822663913333334,0.060682444999999995,0.24928635200000002,467.0,1323.0
0.8130712326841608,0.5315786149999999,0.06750242449999999,0.247639966,467.0,1323.0
0.8088565553432888,0.3089729055,0.0710426335,0.210722595,467.0,1323.0
0.7894134963143351,0.08464868249999999,0.08297403449999999,0.219586304,467.0,1323.0
0.7365115835686971,0.0,0.09465459200000001,0.1802196425,467.0,1323.0
0.6109150989096186,0.0,0.055849735333333324,0.10432778466666666,467.0,1323.0
0.5865787635243879,0.00129204825,0.03846872325,0.07749666675,467.0,1323.0
0.6206841544749081,0.118037629,0.027393945500000003,0.06445187349999999,467.0,1323.0
0.6840895219681749,0.2780741785,0.0200592055,0.0559550675,467.0,1323.0
0.7002068838894977,0.4308033325,0.026045424499999997,0.056858929,467.0,1323.0
0.6952578531003255,0.500144682,0.039779263999999995,0.0642487115,467.0,1323.0
0.6916116621228738,0.4885148345,0.051113306,0.0699782035,467.0,1323.0
0.689759148545142,0.3401021055,0.0570697325,0.0816779745,467.0,1323.0
0.6854095110502003,0.213509163,0.067377914,0.094842776,467.0,1323.0
0.6741361338021814,0.08198182400000001,0.1013277145,0.1180001505,467.0,1323.0
0.6458626819513402,0.0,0.1393931075,0.16752332475,467.0,1323.0
0.5837190677870485,0.0,0.14419447549999997,0.16843939775,467.0,1323.0
0.6008222724317895,0.0585560875,0.1562664965,0.18075811949999998,467.0,1323.0
0.6478626086310597,0.2879409885,0.1056687295,0.175317955,467.0,1323.0
0.6898316492585517,0.506057369,0.119253581,0.175087779,467.0,1323.0
0.690368420391738,0.706569145,0.127876675,0.16233449849999998,467.0,1323.0
0.6909345524463821,0.8080514594999999,0.1507799065,0.1774635875,467.0,1323.0
0.6903630423339084,0.7412560135,0.18931972349999998,0.2663448225,467.0,1323.0
0.689788532333619,0.5313205875,0.2312120765,0.4592695035,467.0,1323.0
0.6852989944142068,0.298421824,0.240988328,0.607847713,467.0,1323.0
0.6717772937105949,0.11743555850000001,0.3075392495,0.6887613564999999,467.0,1323.0
0.641865707198349,0.0,0.388860456,0.6701565774,467.0,1323.0
0.6306337802539821,0.00239687575,0.34395636350000003,0.5841961394999999,467.0,1323.0
0.7612069937936954,0.1846158435,0.2837713355,0.565007034,467.0,1323.0
0.8142999329794174,0.410223943,0.217699481,0.527403143,467.0,1323.0
0.8181603014313259,0.648733979,0.24066727049999997,0.5118833064999999,467.0,1323.0
0.8209496356980578,0.8718364909999999,0.25990652366666667,0.6162920866666667,467.0,1323.0
0.8183064568141077,0.787455098,0.2665858665,0.7042159880000001,467.0,1323.0
0.8137021556212218,0.5343334675,0.2451660645,0.740504635,467.0,1323.0
0.8048778686249106,0.306374484,0.225091894,0.781182232,467.0,1323.0
0.7834025791419503,0.1194648055,0.260844025,0.818863416,467.0,1323.0
0.7075982646610063,0.0,0.286891813,0.7557600713333334,467.0,1323.0
0.6104988269268777,0.0,0.19066325,0.50935173425,467.0,1323.0
0.6535561713765385,0.0052964955,0.1287758175,0.34112919399999997,467.0,1323.0
0.7607188097741607,0.174864281,0.08187744400000001,0.28925572,467.0,1323.0
0.8159739303650941,0.464811984,0.0426067705,0.21479219700000002,467.0,1323.0
0.8193290344596271,0.706939485,0.0534586935,0.20700151849999998,467.0,1323.0
0.8219191094964918,0.7431906564999999,0.0470199055,0.240206955,467.0,1323.0
0.8149422579425832,0.6098709885,0.040767937500000004,0.388959575,467.0,1323.0
0.8076607245656349,0.3957713225,0.05881937449999999,0.5406612160000001,467.0,1323.0
0.8010188383907442,0.228954089,0.075464203,0.650973538,467.0,1323.0
0.7832086903475728,0.0816267325,0.1260721475,0.680276754,467.0,1323.0
0.7348855041878013,0.0,0.18559893649999998,0.660226003,467.0,1323.0
0.6183372849232964,0.0,0.14377298940000002,0.4558784556,467.0,1323.0
0.647823554081828,0.004983227,0.13949965949999998,0.485101222,467.0,1323.0
0.7590744725696299,0.131372967,0.1165173655,0.49083652749999995,467.0,1323.0
0.8163111118565538,0.3551856285,0.0830628245,0.427765448,467.0,1323.0
0.8182347176718647,0.569979043,0.1001281155,0.3812559485,467.0,1323.0
0.8181434514207091,0.673295946,0.1237273935,0.384774026,467.0,1323.0
0.8138662685737323,0.5983751195,0.157238353,0.4211370525,467.0,1323.0
0.8099362382328761,0.404336141,0.199403992,0.5339596879999999,467.0,1323.0
0.8026785253305778,0.226078449,0.225470751,0.606116235,467.0,1323.0
0.7835104644136865,0.0879627015,0.273303918,0.634037661,467.0,1323.0
0.7347807579944333,0.0005774915,0.3188630185,0.659132314,467.0,1323.0
0.620038874628872,0.0,0.28222214100000004,0.664995178,467.0,1323.0
0.6987067166139371,0.051159000999999996,0.2536427675,0.6763942685,467.0,1323.0
0.8015663891694214,0.23081204849999998,0.1933172675,0.6828426354999999,467.0,1323.0
0.81817622814461,0.395195205,0.19362859,0.661759995,467.0,1323.0
0.8183623613739561,0.504423196,0.20369086949999998,0.655584866,467.0,1323.0
0.8172846404083489,0.5616568117499999,0.24079372500000001,0.7464547565,467.0,1323.0
0.8086056547613573,0.37471426350000003,0.2315049105,0.7699731165,467.0,1323.0
0.8012433799274702,0.197257483,0.216047097,0.776592069,467.0,1323.0
0.7828549822978284,0.076232737,0.229874189,0.790904253,467.0,1323.0
0.7347630082163155,0.0005264755,0.245915692,0.7783897835,467.0,1323.0
0.6185139728805832,0.0,0.21467171899999998,0.7196771734,467.0,1323.0
0.6474488178524822,0.006698879,0.1890601235,0.644190747,467.0,1323.0
0.7588013432564398,0.139657554,0.143457831,0.611030576,467.0,1323.0
0.8141893242125343,0.329144054,0.107466148,0.574961274,467.0,1323.0
0.8195349718533669,0.5206883655,0.108751771,0.5356102655,467.0,1323.0
0.824630380509268,0.6831976200000001,0.11249262633333335,0.5467942183333333,467.0,1323.0
0.8215839591928826,0.58280122,0.105860603,0.5346444815,467.0,1323.0
0.8152400617638855,0.400299964,0.1102041525,0.5322318914999999,467.0,1323.0
0.8077941380475396,0.258573936,0.113053881,0.525862723,467.0,1323.0
0.7859373037299286,0.10410974449999999,0.14048160999999998,0.5607151324999999,467.0,1323.0
0.6781878175808518,0.00034957375,0.1625379475,0.570799017,467.0,1323.0
0.5753483762727737,0.0,0.10906207575000001,0.46041241425,467.0,1323.0
0.5935180953037515,0.069443727,0.0972072575,0.447581005,467.0,1323.0
0.6438933621473684,0.3214379255,0.046752854999999996,0.406534855,467.0,1323.0
0.6882757852147532,0.561734743,0.039234644,0.35500512,467.0,1323.0
0.6980305299033718,0.7534220625,0.044517837000000005,0.33968023049999996,467.0,1323.0
0.7110250614677908,0.7427510245,0.05178120075,0.436359754,467.0,1323.0
0.7100408458985036,0.458197858,0.0584565015,0.532395309,467.0,1323.0
0.7012279612597032,0.272622421,0.082569777,0.564453176,467.0,1323.0
0.6805303038761417,0.1174612995,0.130881619,0.6296963090000001,467.0,1323.0
0.6654138227758343,0.000832063,0.180800244,0.7031558044999999,467.0,1323.0
0.6133642508249505,0.0,0.17461609600000003,0.6663360473333334,467.0,1323.0
0.5776828184974713,0.00307686775,0.1435876205,0.622418714,467.0,1323.0
0.6141644415482646,0.165656847,0.1001606055,0.5864605995,467.0,1323.0
0.6739415987990931,0.4039365605,0.05904635,0.5846344735,467.0,1323.0
0.7008336980540071,0.641868428,0.0603039675,0.5566149805,467.0,1323.0
0.7055961336337608,0.6779308860000001,0.060310384,0.57317807625,467.0,1323.0
0.6947314688964277,0.3996063675,0.0597011555,0.5861970595,467.0,1323.0
0.6901206353583433,0.216325077,0.072581283,0.626289808,467.0,1323.0
0.673832975121475,0.081871819,0.11963409149999998,0.6307382755,467.0,1323.0
0.6532331275689336,0.0004053555,0.182020649,0.604448525,467.0,1323.0
0.6047133402438348,0.0,0.150525159,0.4296631463333333,467.0,1323.0
0.6729082647838364,0.04089126566666667,0.11871687266666668,0.335627505,467.0,1323.0
0.8029370436126122,0.29713862,0.064561907,0.284164441,467.0,1323.0
0.8294265696875711,0.5902181805,0.04881739,0.21965707950000002,467.0,1323.0
0.8429584034634161,0.793945685,0.064916103,0.19006867325000001,467.0,1323.0
0.8394345467312843,0.6249306325,0.110458005,0.2863935405,467.0,1323.0
0.8321260074044667,0.3204238355,0.1389551675,0.513349389,467.0,1323.0
0.8009979724012772,0.0964867525,0.19907803000000002,0.71183084,467.0,1323.0
0.7472301621871186,0.0009333655,0.2601448175,0.7633325255,467.0,1323.0
0.6473976760287988,0.0,0.247349118,0.709661122,467.0,1323.0
0.6288865667154552,0.00474552225,0.209986737,0.5282141057499999,467.0,1323.0
0.7270073938054709,0.119192363,0.17718452,0.55077154,467.0,1323.0
0.805125353735805,0.3100915045,0.1197429485,0.6762398235,467.0,1323.0
0.8311460850352137,0.5950792105,0.11821978450000001,0.628533997,467.0,1323.0
0.8411252555998372,0.7917074845000001,0.1199369515,0.6333828335,467.0,1323.0
0.8391994797375291,0.770981806,0.1598733415,0.674710439,467.0,1323.0
0.8278100464009271,0.551726544,0.19537539199999998,0.7234257470000001,467.0,1323.0
0.8129783047629313,0.271935656,0.1855498495,0.7358777405,467.0,1323.0
0.7869175952855523,0.0831034905,0.1714344085,0.6693505345,467.0,1323.0
0.7380856358408541,0.000745229,0.1843938255,0.648556997,467.0,1323.0
0.6343277819158797,0.0,0.13520380766666665,0.5028780540000001,467.0,1323.0
0.624867578698181,0.005038445,0.11701753000000001,0.436946416,467.0,1323.0
0.7270921045130028,0.116716934,0.089233602,0.358040879,467.0,1323.0
0.8017199769963087,0.2787025825,0.045551423,0.288238626,467.0,1323.0
0.8268784115542316,0.5212918205,0.0298767535,0.2073353775,467.0,1323.0
0.8340618743829984,0.695798815,0.0391742738,0.19105235839999998,467.0,1323.0
0.8242817813051491,0.46191398499999997,0.055026954,0.248410317,467.0,1323.0
0.8154985339804752,0.26688558,0.060675289,0.285771153,467.0,1323.0
0.7936192174059562,0.1024110425,0.076009459,0.31733185799999997,467.0,1323.0
0.7408485255596124,0.0011554485,0.10054060100000001,0.3534641205,467.0,1323.0
0.6277051965271678,0.0,0.07742928175,0.317967387,467.0,1323.0
0.6157577675031067,0.0,0.063934239,0.2921494375,467.0,1323.0
0.695962384641314,0.070367213,0.051377617,0.27331118,467.0,1323.0
0.8019019089908073,0.3003533265,0.020869177,0.27395162549999996,467.0,1323.0
0.8246820688105265,0.5581370999999999,0.0236607925,0.277781414,467.0,1323.0
0.831949953228163,0.7427392543333333,0.036099254000000004,0.2484373076666667,467.0,1323.0
0.8297114473462172,0.6465764085000001,0.0573765635,0.3717654755,467.0,1323.0
0.8270984287351842,0.3951374595,0.06441665999999999,0.44833520250000003,467.0,1323.0
0.8193354050786595,0.202438503,0.067565238,0.499127535,467.0,1323.0
0.7927346697290045,0.0755704365,0.09124581500000001,0.5088238125,467.0,1323.0
0.740201930429135,0.001134158,0.117702272,0.46573737849999997,467.0,1323.0
0.6350405072732968,0.0,0.13528836800000002,0.39748888033333335,478.3333333333333,1355.3333333333333
0.6238436273910397,0.00441144425,0.12934979824999998,0.31451581525,501.0,1420.0
0.7553068935112104,0.12120702800000001,0.093497304,0.1888020275,501.0,1420.0
0.8153031217123584,0.317234544,0.08498186299999999,0.2378806045,501.0,1420.0
0.8188816133876549,0.4527073855,0.0624923775,0.257215443,501.0,1420.0
0.8168815137471035,0.51948398125,0.07486922074999999,0.24157733825,501.0,1420.0
0.8071388869217175,0.3272998195,0.086439157,0.23945961449999997,501.0,1420.0
0.7979363787623094,0.177215087,0.079419858,0.2577522,501.0,1420.0
0.7790520876135463,0.067601308,0.07702874100000001,0.2568785795,501.0,1420.0
0.7305779678581639,0.000757791,0.09294844399999999,0.268050778,501.0,1420.0
0.6066916505533994,0.0,0.10220709866666666,0.198087592,501.0,1420.0
0.5755553985574496,0.004119989,0.126954141,0.22466442125,501.0,1420.0
0.6122362652454542,0.0963214065,0.10261811700000001,0.1999347215,501.0,1420.0
0.6702864520363588,0.2348006715,0.1028004565,0.17979248,501.0,1420.0
0.6895251897733108,0.37922707099999997,0.092645007,0.223755742,501.0,1420.0
0.688617306303098,0.4448991825,0.085965513,0.2469172045,501.0,1420.0
0.6873394185520797,0.298231615,0.09486768400000001,0.2107338755,501.0,1420.0
0.6826682028266307,0.192038887,0.082404989,0.202092911,501.0,1420.0
0.6689404954654087,0.0839834195,0.065658148,0.17111880000000002,501.0,1420.0
0.6583001645726128,0.001208956,0.0580822955,0.16226472749999998,501.0,1420.0
0.5916482749118934,0.0,0.0659162286,0.19000253220000002,501.0,1420.0
0.5814228609088989,0.0071397245,0.048650545,0.119918252,501.0,1420.0
0.6120016369339241,0.132025334,0.038376805,0.102020668,501.0,1420.0
0.6555211171836745,0.251834063,0.031931205,0.102618328,501.0,1420.0
0.6875297755518865,0.42135195599999997,0.034896409,0.13282101400000002,501.0,1420.0
0.6905569771937305,0.544314518,0.0329064245,0.1195408895,501.0,1420.0
0.6894360239738758,0.600188467,0.0335654995,0.13833035999999999,501.0,1420.0
0.6928722615787376,0.5074564850000001,0.0417753125,0.180126059,501.0,1420.0
0.6904005276753619,0.30568363,0.0574477205,0.1999648195,501.0,1420.0
0.6745490700833281,0.147326411,0.06907573,0.189437484,501.0,1420.0
0.6594766415004514,0.0201852585,0.1066952415,0.183075146,501.0,1420.0
0.608109195730905,0.0,0.09844861375,0.22198803799999997,501.0,1420.0
0.6426818582815016,0.010748966,0.0801205515,0.21883896349999998,501.0,1420.0
0.7560207494936023,0.16484034449999999,0.0557823325,0.199039523,501.0,1420.0
0.8120731678205877,0.292720154,0.047506429,0.204339253,501.0,1420.0
0.819454877632498,0.4720687385,0.060660431,0.24200473299999997,501.0,1420.0
0.8227600137768156,0.5762246654000001,0.0772936092,0.2990497556,501.0,1420.0
0.8141261714703596,0.42820542549999996,0.1252378845,0.39170623849999997,501.0,1420.0
0.8058993847767629,0.268543164,0.150309458,0.452065924,501.0,1420.0
0.7823886339619439,0.125450998,0.155908255,0.5019282825,501.0,1420.0
0.7306570930476615,0.0016829,0.16823892099999999,0.4715864165,501.0,1420.0
0.6170920859741467,0.0,0.131713105,0.3746868096,501.0,1420.0
0.6427188817754452,0.0097046905,0.09858852,0.3374893165,501.0,1420.0
0.7562822683262647,0.1319459845,0.068009889,0.305274959,501.0,1420.0
0.812296878853683,0.221514374,0.046578745,0.252374724,501.0,1420.0
0.8179804006246778,0.36885342099999996,0.037495089,0.1997775,501.0,1420.0
0.8158594666827146,0.61642681625,0.04569783925,0.14789628025,501.0,1420.0
0.8082772442631512,0.6226024379999999,0.07326296800000001,0.16159058650000002,501.0,1420.0
0.8028594879622989,0.4078812495,0.1059671935,0.203490204,501.0,1420.0
0.7790302058644512,0.14735818750000002,0.1474204305,0.2308487585,501.0,1420.0
0.7306735738719077,0.0022212355,0.212931603,0.2432340705,501.0,1420.0
0.6173334126852046,0.0,0.1994697418,0.23420855440000002,501.0,1420.0
0.6762196362893192,0.053308600000000005,0.20228125033333333,0.28489922633333337,501.0,1420.0
0.7992040408130958,0.326871737,0.12970029249999998,0.29229020650000004,501.0,1420.0
0.8175657556137944,0.557408488,0.115718603,0.283918506,501.0,1420.0
0.8200464222365895,0.743441354,0.10850309799999999,0.277785115,501.0,1420.0
0.8259204168338153,0.7819581855,0.115103792,0.3341805285,501.0,1420.0
0.8198101552214268,0.5204977980000001,0.10980461,0.40994544450000003,501.0,1420.0
0.811795260625975,0.3196326,0.116875064,0.46347685,501.0,1420.0
0.7866753271691338,0.136357227,0.1662043705,0.5383711815000001,501.0,1420.0
0.6869572387599543,0.00122818625,0.22963276700000002,0.58086563075,501.0,1420.0
0.6189096442041914,0.0060312864,0.16803921119999998,0.35025796220000005,501.0,1420.0
0.7560207494936023,0.1791766595,0.10790404249999999,0.263978022,501.0,1420.0
0.8122864455275435,0.364217379,0.072535428,0.249912461,501.0,1420.0
0.8207865232604961,0.549051902,0.063166891,0.22307222799999998,501.0,1420.0
0.8280065478019777,0.6861668381999999,0.0406958158,0.14598809519999997,501.0,1420.0
0.8186197253686218,0.43770216700000003,0.0381344865,0.1982382185,501.0,1420.0
0.8076153915282605,0.248207856,0.040733221,0.259951144,501.0,1420.0
0.7830602734497165,0.1038532845,0.0702783915,0.289246983,501.0,1420.0
0.686876775037879,0.00101147625,0.10191117875,0.2727673325,501.0,1420.0
0.6079326762936089,0.0,0.0680093705,0.2194656615,501.0,1420.0
0.6939748646783647,0.06455781000000001,0.040518214999999996,0.1707114545,501.0,1420.0
0.7988941883924312,0.244087791,0.014989668,0.1545894055,501.0,1420.0
0.8184713081393594,0.421072401,0.014907342,0.123716067,501.0,1420.0
0.8204248283242779,0.5669052625,0.023682828,0.11938393250000001,501.0,1420.0
0.8236586830312866,0.6247100247499999,0.040980669,0.1836572555,501.0,1420.0
0.8169865366645463,0.39918231049999997,0.075009522,0.348338168,501.0,1420.0
0.7919180448323733,0.13520392133333334,0.11364007833333334,0.4358752273333333,501.0,1420.0
0.732251319333395,0.0016639975,0.1611588715,0.4243925505,501.0,1420.0
0.5910913098078564,0.0,0.12443998433333335,0.35328338400000003,501.0,1420.0
0.5910134235136992,0.062291007499999995,0.08128258399999999,0.29393904950000005,501.0,1420.0
0.6423589644682874,0.247192124,0.0407025815,0.283537744,501.0,1420.0
0.6887820195977182,0.4682188665,0.029434023,0.2833598865,501.0,1420.0
0.6999220981960383,0.6422820085000001,0.03146191725,0.2155762775,501.0,1420.0
0.7057926534609894,0.5310265745,0.04888731,0.35478547,501.0,1420.0
0.701763186052131,0.3046814885,0.057533592999999994,0.41113287249999997,501.0,1420.0
0.6773792673822578,0.0946135665,0.072455988,0.4109855375,501.0,1420.0
0.6458512449784647,0.00111174625,0.078590195,0.360893732,501.0,1420.0
0.5799213550400028,0.01698803133333333,0.052242790000000004,0.39436377316666665,501.0,1420.0
0.6422293129756147,0.19909955000000001,0.032153266,0.34354843999999995,501.0,1420.0
0.6885346266177135,0.369490873,0.0252484475,0.248565393,501.0,1420.0
0.6956029749709391,0.48174208399999996,0.038236268999999996,0.301074655,501.0,1420.0
0.6961565501597663,0.45498387549999997,0.079751745,0.367733233,501.0,1420.0
0.6915590351691343,0.3486977155,0.104473105,0.41089921949999997,501.0,1420.0
0.6751243963367869,0.13714570233333334,0.09596538966666666,0.36840797833333333,501.0,1420.0
0.6601319966877818,0.00255695,0.09999700950000001,0.309342715,501.0,1420.0
0.6184976600593343,0.0,0.11062766483333332,0.4080271306666667,501.0,1420.0
0.6945792664132264,0.05755156,0.093597929,0.4161753895,501.0,1420.0
0.7991909767855112,0.21819328100000002,0.082495549,0.3728134215,501.0,1420.0
0.8178414473587775,0.424477808,0.0754354485,0.332555168,501.0,1420.0
0.8181177846828,0.5957513855000001,0.07484339000000001,0.299012536,501.0,1420.0
0.8150530515235891,0.6314680896666667,0.11483408766666665,0.5124857286666666,501.0,1420.0
0.8073939890699027,0.386978982,0.12932909450000002,0.605404126,501.0,1420.0
0.785707299626823,0.12080804500000002,0.16395434066666667,0.6737079666666667,501.0,1420.0
0.730659516951714,0.002116896,0.194615319,0.6656664795,501.0,1420.0
0.6272593103016869,0.0,0.15766851366666668,0.5829881906666666,501.0,1420.0
0.6094959264398961,0.0,0.13667441700000002,0.5853584776666667,501.0,1420.0
0.6962664666193531,0.0409505815,0.124323465,0.5871833504999999,501.0,1420.0
0.8012126347228259,0.1490986085,0.1400193295,0.565363657,501.0,1420.0
0.8193316504687361,0.26431506866666665,0.10382001033333334,0.42022863466666666,501.0,1420.0
0.8138594361403305,0.376003704,0.123051027,0.483971154,501.0,1420.0
0.8031254231123532,0.2078712616666667,0.15593323333333334,0.5163476913333334,501.0,1420.0
0.7796849956730131,0.059847129,0.15238265750000002,0.5602036779999999,501.0,1420.0
0.731391746418462,0.0017576345,0.14632949,0.5819277,501.0,1420.0
0.6199062148085753,0.0,0.166201489,0.600741413,501.0,1420.0
0.7005051490280603,0.0238127255,0.2099620225,0.612141891,501.0,1420.0
0.8026261754323192,0.11173325449999999,0.2473303095,0.5387312639999999,501.0,1420.0
0.8210189121617371,0.1907872485,0.23659020600000003,0.446891422,501.0,1420.0
0.8196292847205953,0.247007353,0.209947689,0.448304231,501.0,1420.0
0.811904969459654,0.25594965325,0.2343484635,0.44564116649999996,501.0,1420.0
0.8022347974479359,0.1554569465,0.1930748085,0.4412969215,501.0,1420.0
0.7799250480083957,0.060338773,0.1343638355,0.4196817255,501.0,1420.0
0.731428746912824,0.002449845,0.0977303695,0.42475311299999996,501.0,1420.0
0.6188093114118419,0.0,0.084575931,0.5975250683999999,501.0,1420.0
0.6792591945614282,0.028182922333333336,0.09478884633333333,0.6854791926666666,501.0,1420.0
0.8005022638067476,0.204923246,0.08846879199999999,0.712713129,501.0,1420.0
0.817809286055963,0.4161648313333333,0.11018247799999999,0.7345130759999999,501.0,1420.0
0.8166293660841015,0.47748177599999997,0.122434795,0.747605005,501.0,1420.0
0.8101191399215582,0.459219014,0.137678457,0.7371469694999999,501.0,1420.0
0.8049187697688074,0.312303156,0.1350347925,0.7406346045,501.0,1420.0
0.791618009874887,0.14099909300000002,0.1227710595,0.7082158375000001,501.0,1420.0
0.7453947293891022,0.015418232666666665,0.10626639066666665,0.5100698170000001,501.0,1420.0
0.6195581116199331,0.0,0.07381787775,0.2398894605,501.0,1420.0
0.6148014118177293,0.0,0.0412162385,0.13022069,501.0,1420.0
0.6961595739088197,0.0408408525,0.0212996455,0.085937159,501.0,1420.0
0.7992611917912026,0.18936325250000002,0.009358348499999999,0.071787935,501.0,1420.0
0.8177849422911162,0.4178076546666667,0.01108141,0.056196021000000006,501.0,1420.0
0.8152722149472512,0.43662636225,0.018439475,0.036646871,501.0,1420.0
0.8093650976381792,0.279291216,0.0196429315,0.0548373045,501.0,1420.0
0.8016146302951279,0.176824023,0.023356164,0.059202443,501.0,1420.0
0.7801589146493373,0.0878101065,0.0370916095,0.060035018999999995,501.0,1420.0
0.7305091838639162,0.0025835195,0.0606189325,0.0814250925,501.0,1420.0
0.6207931244718774,0.0,0.0609747455,0.1314056655,501.0,1420.0
0.5738002794429303,0.0,0.055908722499999994,0.17219485150000002,501.0,1420.0
0.5916183791275387,0.049769429,0.047572180500000005,0.19985930400000002,501.0,1420.0
0.6417004817023794,0.200316631,0.028889685999999998,0.191324321,501.0,1420.0
0.6856365454234432,0.334646571,0.027435347,0.189296751,501.0,1420.0
0.6904656418444077,0.49345409725000006,0.05121652025,0.220636803,501.0,1420.0
0.691081861674658,0.3922027653333333,0.08418143666666666,0.287701579,501.0,1420.0
0.6869547114406351,0.23178838749999997,0.0718454,0.33267131650000004,501.0,1420.0
0.6697025239724491,0.09017188949999999,0.061093204,0.364850295,501.0,1420.0
0.6394566709702065,0.0014251035,0.07721517274999999,0.4589826265,501.0,1420.0
0.5735905219479027,0.0,0.10837203025,0.58850129925,501.0,1420.0
0.5910172781972114,0.057330491,0.12793767849999998,0.5770491630000001,501.0,1420.0
0.6416100234523818,0.22383060300000002,0.1340057935,0.5114714355,501.0,1420.0
0.6872783665930318,0.3955247015,0.17119581699999997,0.5406339195000001,501.0,1420.0
0.6895498489262747,0.5252499300000001,0.17131835566666667,0.4493523133333334,501.0,1420.0
0.6878503151557464,0.446427094,0.2063236835,0.500755211,501.0,1420.0
0.6868936362831619,0.29480163000000004,0.19189701399999998,0.497211768,501.0,1420.0
0.6823590891101132,0.166678528,0.15750519,0.486118968,501.0,1420.0
0.669127367067496,0.0698755585,0.111607717,0.48085063,501.0,1420.0
0.6561164937257742,0.0015801296666666667,0.09139970133333332,0.48542024466666667,501.0,1420.0
0.6200255332364939,0.0030319595,0.10209627750000001,0.5350888063333333,501.0,1420.0
0.7562060058224667,0.114208187,0.10174551300000001,0.6124763135,501.0,1420.0
0.8122518222089774,0.220010729,0.117009506,0.633160197,501.0,1420.0
0.817872699946127,0.309189383,0.163061774,0.6527103860000001,501.0,1420.0
0.8160019978086301,0.29773212525,0.18208685549999998,0.59963775125,501.0,1420.0
0.808167696989935,0.213252179,0.19888665300000002,0.607396207,501.0,1420.0
0.8021830013292333,0.1333841185,0.1714492855,0.6365762145,501.0,1420.0
0.7791556334541005,0.0662730285,0.14733224150000002,0.646900849,501.0,1420.0
0.730569727777447,0.0027395765,0.150046721,0.709381482,501.0,1420.0
0.61794656240711,0.0,0.21055824233333334,0.8063192915,501.0,1420.0
0.6945421272585618,0.042707408999999995,0.1963036715,0.7751023850000001,501.0,1420.0
0.7991835440099997,0.175087357,0.1789435205,0.736798628,501.0,1420.0
0.817735500812596,0.297944601,0.19784440650000001,0.574617852,501.0,1420.0
0.8160035905462399,0.279692225,0.15285324425,0.3911906855,501.0,1420.0
0.8086885649396687,0.2662557975,0.155967933,0.374664113,501.0,1420.0
0.802811015846556,0.203247905,0.12921185400000001,0.380674587,501.0,1420.0
0.7796767088640391,0.09176824850000001,0.09267112250000001,0.3827474745,501.0,1420.0
0.7306639024483409,0.0028688705,0.0822062815,0.40913125250000004,501.0,1420.0
0.6281003714696479,0.0,0.07163038066666666,0.5101064956666667,501.0,1420.0
0.6224245588115993,0.00584629425,0.072671937,0.59211405375,501.0,1420.0
0.7554060303253064,0.1306938365,0.068080592,0.627125294,501.0,1420.0
0.8152259816452665,0.3783748735,0.0843890875,0.689080719,501.0,1420.0
0.8204883038559723,0.5183036615,0.119431059,0.7469782985,501.0,1420.0
0.8264006759950474,0.5137566543333334,0.14491238833333334,0.7842459356666667,501.0,1420.0
0.8254885067262028,0.489401897,0.150710131,0.8157356655,501.0,1420.0
0.8200044592676197,0.359680282,0.1304171535,0.8128845915,501.0,1420.0
0.7921388778246208,0.1474234975,0.1018904615,0.7826921195000001,501.0,1420.0
0.7344392602702171,0.004522793,0.11005329050000001,0.7227469215,501.0,1420.0
0.641459159650891,0.0,0.1156102965,0.553697664,501.0,1420.0
0.607671342120413,0.0,0.10794677725,0.41846479849999996,501.0,1420.0
0.69404808056609,0.0613164345,0.148811437,0.575309242,501.0,1420.0
0.7991204843929327,0.2090661895,0.19447889000000002,0.6169965675,501.0,1420.0
0.8178100091840246,0.358492637,0.390347981,0.7167062755,501.0,1420.0
0.8172595967138662,0.5268761463333334,0.5410071823333333,0.8461924776666666,501.0,1420.0
0.812179483884546,0.562365413,0.6454169685,0.8635266115,501.0,1420.0
0.8085478572099929,0.42249085399999997,0.6802060855000001,0.9150956905000001,501.0,1420.0
0.8017750043242693,0.287694049,0.663649781,0.919431317,501.0,1420.0
0.7836049158086554,0.136347407,0.5954218085,0.9083771285,501.0,1420.0
0.7316485795005914,0.004341842,0.51340544,0.875210402,501.0,1420.0
0.6409628970779617,0.0,0.447926483,0.849734781,501.0,1420.0
0.6144911784954891,0.0,0.44137947224999996,0.8855686679999999,501.0,1420.0
0.7034732377678174,0.051380362,0.441045272,0.8883348605,501.0,1420.0
0.8068013362438873,0.191728497,0.483792412,0.8739861470000001,501.0,1420.0
0.8247244934281628,0.33779482549999995,0.5041492335,0.8386364774999999,501.0,1420.0
0.8185460476665272,0.49120520925,0.4113606935,0.82115055375,501.0,1420.0
0.8099009690038645,0.453276487,0.4802495,0.8771122755,501.0,1420.0
0.8046792248161297,0.281419065,0.48973620549999997,0.8764970354999999,501.0,1420.0
0.7818781529414989,0.10487761100000001,0.4226109725,0.8516285695,501.0,1420.0
0.7326756583034586,0.002810433,0.3693012575,0.7884468615,501.0,1420.0
0.607421333495846,0.0,0.34063616599999996,0.730265206,501.0,1420.0
0.5845307710261489,0.0162229436,0.33580095959999995,0.7668725224000001,501.0,1420.0
0.6457113219686699,0.1640299955,0.35295022200000004,0.698330101,501.0,1420.0
0.6939633928912806,0.2660389615,0.40076313750000003,0.6371238260000001,501.0,1420.0
0.6900797342807279,0.297192053,0.3624203906,0.5779026237999999,501.0,1420.0
0.6870734910243651,0.19517449599999998,0.40139936,0.5671419959999999,501.0,1420.0
0.683060689032938,0.10995401,0.354716321,0.541299355,501.0,1420.0
0.6703180971742073,0.05840042349999999,0.2722315915,0.5247662065,501.0,1420.0
0.6405240046916892,0.00133281625,0.19131396750000002,0.5063808605,501.0,1420.0
0.5740845378748435,0.0,0.155633132,0.4785253063333333,501.0,1420.0
0.5899862831134891,0.020661579333333333,0.139338536,0.48653624833333337,501.0,1420.0
0.6449650123170216,0.1302177105,0.162769046,0.5297235819999999,501.0,1420.0
0.6936304583687072,0.2550542135,0.18181631250000002,0.48901756,501.0,1420.0
0.6931338960721212,0.2858654155,0.14111884200000002,0.417833666,501.0,1420.0
0.6890321703733988,0.23114853000000002,0.19225039074999997,0.447761854,501.0,1420.0
0.6857719907560107,0.116317148,0.187346759,0.4705680175,501.0,1420.0
0.6741383956486621,0.057186339,0.168846321,0.479902273,501.0,1420.0
0.6672252045510392,0.014589574000000001,0.1435966355,0.501200942,501.0,1420.0
0.65278920329505,0.0,0.133392935,0.49104612000000003,501.0,1420.0
0.6227140221803305,0.0029599961666666665,0.10564356166666666,0.4397271636666667,501.0,1420.0
0.7592242976119107,0.09482394350000001,0.107277447,0.4125033975,501.0,1420.0
0.8154076829811349,0.117827945,0.099958296,0.376467831,501.0,1420.0
0.8196074954337959,0.226189113,0.0974650715,0.3480079645,501.0,1420.0
0.8159399075543408,0.35926634150000003,0.09595245449999999,0.31862048175,501.0,1420.0
0.8089343880490831,0.35919742649999997,0.12877219,0.39392333150000003,501.0,1420.0
0.8037570539327964,0.23942936450000002,0.144571636,0.417609039,501.0,1420.0
0.779383314069195,0.0995249745,0.128310819,0.444015912,501.0,1420.0
0.7307052420424786,0.0038889985,0.123433242,0.4604897645,501.0,1420.0
0.6201557233082304,0.0,0.09148818566666668,0.3533330463333333,501.0,1420.0
0.7022449994526331,0.0528033725,0.058787901000000004,0.2563047095,501.0,1420.0
0.8026514733152638,0.175470112,0.0343647755,0.189993706,501.0,1420.0
0.8196122504481993,0.347166325,0.0296947295,0.1388180315,501.0,1420.0
0.8180563403389562,0.5351710765,0.032034451,0.1323243645,501.0,1420.0
0.8127306041276178,0.59974273,0.05920827000000001,0.19695146666666666,501.0,1420.0
0.8085991916800291,0.4399805055,0.104806804,0.225939466,501.0,1420.0
0.801975540130348,0.288837644,0.119056264,0.234145824,501.0,1420.0
0.7797036458814441,0.136595658,0.126304222,0.23439178700000002,501.0,1420.0
0.7306011884878132,0.004775943,0.1553942115,0.2249121765,501.0,1420.0
0.6197405246503536,0.0,0.12234678183333332,0.15274701433333335,501.0,1420.0
0.6993371775709257,0.07934296699999999,0.088978952,0.123164575,501.0,1420.0
0.7990610712369394,0.3112576755,0.0546837565,0.114037452,501.0,1420.0
0.8175838523740756,0.519067724,0.0791552,0.127545824,501.0,1420.0
0.8193169394634138,0.6682187854999999,0.0991036845,0.1414318795,501.0,1420.0
0.8228066578897743,0.6944673087500001,0.1609360745,0.19039902225,501.0,1420.0
0.816119254581433,0.447432233,0.219924796,0.3289146445,501.0,1420.0
0.8001348448247545,0.2313618685,0.200641631,0.445385626,501.0,1420.0
0.7624579907584564,0.056373064,0.2147717295,0.488241377,501.0,1420.0
0.6859520299578368,0.0,0.2374555345,0.46188477,501.0,1420.0
0.6202463354963511,0.004213785833333333,0.19991548166666664,0.342871637,501.0,1420.0
0.7559700619282298,0.1742467395,0.154895634,0.26305852949999997,501.0,1420.0
0.8128155770878258,0.358858187,0.134352937,0.224379766,501.0,1420.0
0.825905644573603,0.5530513435,0.19468659900000002,0.19923418399999998,501.0,1420.0
0.8329525268714237,0.6539478355,0.2169200795,0.24329420400000001,501.0,1420.0
0.8348997225027546,0.589557381,0.27465609950000003,0.356415946,501.0,1420.0
0.8283096324465664,0.3958744165,0.289861296,0.4544514555,501.0,1420.0
0.819683481544925,0.2333880265,0.26456795600000005,0.523625984,501.0,1420.0
0.7904145613971301,0.109269635,0.235149508,0.521772272,501.0,1420.0
0.7371022976691577,0.0050459535,0.250788406,0.5293231970000001,501.0,1420.0
0.6489832617627111,0.0,0.237998337,0.5094349840000001,501.0,1420.0
0.6195310941636449,0.0052482936,0.19493841699999997,0.4621132288,501.0,1420.0
0.7557567381558292,0.1704247105,0.1347294585,0.3870801095,501.0,1420.0
0.8128060670590189,0.338872368,0.099969587,0.371175868,501.0,1420.0
0.8261018412799058,0.5575555375,0.106099429,0.3543925985,501.0,1420.0
0.8385936934543557,0.7862477290000001,0.123895325,0.421773099,501.0,1420.0
0.8352561547104583,0.6358372245,0.16365739099999999,0.48644742799999996,501.0,1420.0
0.8217544888298702,0.3906494065,0.183090488,0.5131021825,501.0,1420.0
0.789272834318698,0.1603723585,0.19185937949999998,0.4987204115,501.0,1420.0
0.7330035610875536,0.0052822575,0.234998215,0.49095784200000003,501.0,1420.0
0.6069120988494717,0.0,0.21345683233333332,0.41442447499999996,501.0,1420.0
0.5761299552197148,0.006538234,0.1851170965,0.31752461125,501.0,1420.0
0.6120565951305769,0.1978695175,0.140873382,0.274942371,501.0,1420.0
0.6558831811074196,0.406930042,0.121673155,0.262722539,501.0,1420.0
0.6887030329359611,0.6298686490000001,0.1358728435,0.25633894,501.0,1420.0
0.6979764953575515,0.811945642,0.13814409566666666,0.30400552033333333,501.0,1420.0
0.7033575048001601,0.7557119569999999,0.17158040149999998,0.3969697055,501.0,1420.0
0.7026072478370011,0.559820134,0.19638418200000002,0.44782809700000004,501.0,1420.0
0.6962024605065282,0.355280118,0.221085968,0.480437127,501.0,1420.0
0.6745336978124119,0.170095911,0.253910513,0.5341844915,501.0,1420.0
0.6603681020762004,0.005367486,0.3247448715,0.6224624125,501.0,1420.0
0.5961777857001506,0.0,0.319441989,0.607050388,479.5,1358.5
0.5727063897878913,0.0,0.267609941,0.5513860859999999,458.0,1297.0
0.5897363437306986,0.081845938,0.232860316,0.513793984,458.0,1297.0
0.6411824528422324,0.33875297000000004,0.17469704749999998,0.48702512649999996,458.0,1297.0
0.6889632589535143,0.6463771300000001,0.207702243,0.477942735,458.0,1297.0
0.6989089840167719,0.81174402125,0.1983561125,0.46607098124999996,458.0,1297.0
0.70302018478096,0.7125432039999999,0.20974669699999998,0.46241001,458.0,1297.0
0.7003126223126624,0.539421839,0.213943599,0.469915367,458.0,1297.0
0.6863334827941603,0.31870996949999997,0.2195027175,0.499993405,458.0,1297.0
0.6654618564413363,0.0710864995,0.25994597350000004,0.5410152605,458.0,1297.0
0.6216170434505769,0.0,0.2595135646666667,0.502492228,458.0,1297.0
0.6479058180845692,0.01294176,0.18112729449999998,0.39134767800000003,458.0,1297.0
0.7536887310901059,0.20995112999999999,0.114087601,0.364025566,458.0,1297.0
0.8132514569431407,0.522197306,0.074676246,0.31065750599999997,458.0,1297.0
0.821979399884373,0.7972410215,0.0860401095,0.2988551665,458.0,1297.0
0.8300623861667762,0.8967924460000001,0.08568047000000001,0.317516022,458.0,1297.0
0.8255983771203447,0.8194305755,0.073991501,0.3952179395,458.0,1297.0
0.820122038829942,0.6277656380000001,0.086699905,0.5123804940000001,458.0,1297.0
0.8129927540679208,0.402588145,0.099444659,0.547335982,458.0,1297.0
0.7871056211750084,0.186672029,0.12022623,0.5587232275,458.0,1297.0
0.7292458377144801,0.005279648,0.1656330825,0.5450071005,458.0,1297.0
0.6370197101146629,0.0,0.165393116,0.5178537464999999,458.0,1297.0
0.6065528932368659,0.0,0.12847107700000002,0.459850304,458.0,1297.0
0.6932916612726183,0.086016114,0.0869166935,0.358267185,458.0,1297.0
0.7966686239178211,0.34367490300000003,0.0316758835,0.289291794,458.0,1297.0
0.8238189412340038,0.6450769295000001,0.031461816000000004,0.276565945,458.0,1297.0
0.8363668593630619,0.866890384,0.03424127075,0.301482771,458.0,1297.0
0.8354098343368291,0.73644362,0.0428309845,0.36804809650000003,458.0,1297.0
0.8262227909106328,0.456925566,0.0510369405,0.3815002045,458.0,1297.0
0.7951157143592059,0.16862024850000001,0.0678036365,0.38323739199999995,458.0,1297.0
0.6890970767839746,0.0023197215,0.08048945325000001,0.33124917724999997,458.0,1297.0
0.605881726980402,0.0,0.05059045875,0.18497082025,458.0,1297.0
0.6906346253063397,0.07368773099999999,0.032194389500000004,0.137916747,458.0,1297.0
0.7970212704738988,0.305214266,0.0160788595,0.109291162,458.0,1297.0
0.826921574544609,0.5754019225,0.015973605000000002,0.08353456149999999,458.0,1297.0
0.8386891374105274,0.77731204625,0.022887968,0.0651263585,458.0,1297.0
0.835227255769073,0.6539934465,0.041165449,0.1288288855,458.0,1297.0
0.8276511958455252,0.386974684,0.043478594999999995,0.154289367,458.0,1297.0
0.7929793849479011,0.1431970965,0.049540091499999994,0.1437177535,458.0,1297.0
0.7336221812367907,0.003797987,0.061340987,0.1207906435,458.0,1297.0
0.6180304654007022,0.0,0.04382555916666667,0.10627130966666666,458.0,1297.0
0.6908379312364005,0.06844555100000001,0.0390869095,0.159759015,458.0,1297.0
0.7968461704156928,0.2654326865,0.0266986165,0.167362912,458.0,1297.0
0.823338420648611,0.469760479,0.039796342,0.2050373735,458.0,1297.0
0.8351890784517291,0.616677649,0.054532449499999996,0.245524623,458.0,1297.0
0.8360327861844397,0.552976052,0.1319665733333333,0.314704466,458.0,1297.0
0.8219263419922638,0.314396795,0.19063688999999998,0.35184639933333334,458.0,1297.0
0.7882093091324309,0.1012394935,0.1738202255,0.3291493775,458.0,1297.0
0.731804244249368,0.0032863975,0.16647255249999998,0.34035067750000003,458.0,1297.0
0.6167366050256111,0.0,0.1298168975,0.3889410436666667,458.0,1297.0
0.6915228659737781,0.032241161000000004,0.16143438049999997,0.5020109564999999,458.0,1297.0
0.7967109103391229,0.1365297935,0.182492435,0.490345583,458.0,1297.0
0.8156160671459467,0.2955245965,0.180736599,0.429920309,458.0,1297.0
0.8203037709865756,0.5380804603333332,0.169203832,0.38087724766666664,458.0,1297.0
0.8195420811765467,0.5862421689999999,0.231641202,0.4222627405,458.0,1297.0
0.8182580307638097,0.4707198795,0.2559088155,0.4763006835,458.0,1297.0
0.8113592886397705,0.322771222,0.255725251,0.499792682,458.0,1297.0
0.7857684821598656,0.145056329,0.2229875515,0.50646764,458.0,1297.0
0.7297695908855268,0.0034054805,0.208730228,0.503510257,458.0,1297.0
0.5912492705843364,0.0,0.1723784676,0.45385636739999996,458.0,1297.0
0.5804128858080009,0.0075122565,0.148731646,0.4245764355,458.0,1297.0
0.6109714881508557,0.1566092875,0.133047218,0.422235546,458.0,1297.0
0.6550444743145161,0.335942274,0.11926278,0.41193009,458.0,1297.0
0.6881016548507308,0.5566509525,0.13960191,0.41814207150000005,458.0,1297.0
0.7018251613085115,0.8006215544999999,0.16653399875000002,0.42534293725000005,458.0,1297.0
0.7083705645691767,0.7075128205000001,0.22444988700000001,0.4320965245,458.0,1297.0
0.7033416012853014,0.4434317205,0.229474452,0.467030574,458.0,1297.0
0.6771760998805159,0.1646446085,0.1977183225,0.5121774915,458.0,1297.0
0.6410922484658608,0.001862988,0.18741801375,0.48539674175,458.0,1297.0
0.5750214661957,0.0027453988,0.1386825116,0.3337056748,458.0,1297.0
0.6107252957556488,0.1570830815,0.0886917095,0.2265760745,458.0,1297.0
0.6542854003589399,0.291187686,0.070902975,0.221771642,458.0,1297.0
0.6875398393602494,0.49755819,0.07904365099999999,0.1980767705,458.0,1297.0
0.6941903119352083,0.717442123,0.09197263,0.1676672956666667,458.0,1297.0
0.7030380502197988,0.6592908555,0.124558473,0.1811974235,458.0,1297.0
0.7055553478191792,0.498908107,0.1338010575,0.21708401249999998,458.0,1297.0
0.6996965178669615,0.326008506,0.140626,0.236483397,458.0,1297.0
0.6772949951249668,0.150733809,0.136883553,0.2542783055,458.0,1297.0
0.6576634173394383,0.002606535,0.16223302066666667,0.32525083666666665,458.0,1297.0
0.6064758917637957,0.0,0.13748740025,0.350081119,458.0,1297.0
0.6684338384513197,0.04258700866666667,0.11745182733333333,0.4501707213333333,458.0,1297.0
0.7966977074523918,0.24286256050000002,0.110550262,0.4731886985,458.0,1297.0
0.8153801696485606,0.382032917,0.12236027,0.48497497,458.0,1297.0
0.8179667360892803,0.510433836,0.148881021,0.5166696155,458.0,1297.0
0.8195334253469051,0.46538219525,0.21322536325000002,0.58159250075,458.0,1297.0
0.8108730433457906,0.2948347565,0.2643005175,0.6864280435000001,458.0,1297.0
0.8013854729345511,0.171464443,0.25770584,0.733000508,458.0,1297.0
0.777436995338346,0.0679242375,0.2297251415,0.7459964035,458.0,1297.0
0.7276160886740854,0.0017893325,0.1750533805,0.7152954685,458.0,1297.0
0.6253645413664496,0.0,0.12112003866666667,0.6114895663333334,458.0,1297.0
0.6204820255666731,0.001344382,0.114944057,0.555101908,458.0,1297.0
0.7538878822815918,0.0695581225,0.109705491,0.476573721,458.0,1297.0
0.8130587685015769,0.20950891249999998,0.112795745,0.507047588,458.0,1297.0
0.816279120233651,0.3019376645,0.121566974,0.55593624,458.0,1297.0
0.8133345519355748,0.3567683503333334,0.14883746,0.5805609769999999,458.0,1297.0
0.8057311630517007,0.3318479815,0.1820376725,0.598387555,458.0,1297.0
0.7994027306873215,0.243278795,0.172214749,0.564771298,458.0,1297.0
0.775766321624223,0.0947655885,0.139197876,0.5079212425,458.0,1297.0
0.72721863999317,0.0024773035,0.121493921,0.4785747355,458.0,1297.0
0.6151961875760653,0.0,0.0966320514,0.381116268,458.0,1297.0
0.645963723521868,0.002063588,0.091272355,0.39340571300000005,458.0,1297.0
0.7546294603823868,0.088926143,0.0919085345,0.41259971100000004,458.0,1297.0
0.8097871286963173,0.193673865,0.090061485,0.42492759,458.0,1297.0
0.815493455845146,0.3188181245,0.105751418,0.4163331545,458.0,1297.0
0.8157909978556468,0.39977416400000004,0.077095021,0.30586322,458.0,1297.0
0.8091198286397268,0.3714013615,0.09968046,0.425743187,458.0,1297.0
0.8031846669198409,0.281140463,0.115864934,0.499010551,458.0,1297.0
0.7823348068763284,0.116380555,0.08842940866666667,0.5251225036666667,458.0,1297.0
0.7015964421330505,0.0014583513333333332,0.08144407566666667,0.45057289433333336,458.0,1297.0
0.6176414878789149,0.00081379,0.0935706,0.37246441216666665,458.0,1297.0
0.7527442857414751,0.097182891,0.134993303,0.405661201,458.0,1297.0
0.8126613430190868,0.256802304,0.1525431665,0.326428071,458.0,1297.0
0.8156873443081173,0.436406897,0.1452701435,0.26672081400000003,458.0,1297.0
0.815686728887031,0.529660613,0.15208590166666666,0.2462998586666667,458.0,1297.0
0.8127957722606198,0.43671975949999997,0.170216652,0.349615013,458.0,1297.0
0.8058926907053987,0.28692603,0.14550851650000002,0.3713800035,458.0,1297.0
0.7778338206444291,0.10917874899999999,0.1230157785,0.345963047,458.0,1297.0
0.6825375819380399,0.00129830225,0.1176390725,0.273150385,458.0,1297.0
0.6058162780249365,0.0,0.1053781115,0.28891507325,458.0,1297.0
0.6919469281203448,0.0582407035,0.0957326525,0.31486326,458.0,1297.0
0.7963873009207649,0.2521159505,0.06669863349999999,0.234696805,458.0,1297.0
0.8152112095507572,0.452901132,0.059007725,0.169246647,458.0,1297.0
0.8178643445360949,0.64668167,0.060230733499999994,0.167875003,458.0,1297.0
0.8257635518979283,0.7672702785,0.08462676525,0.231798336,458.0,1297.0
0.819895558567661,0.5218891274999999,0.1045600015,0.3134717735,458.0,1297.0
0.8086551887021731,0.331442984,0.101912473,0.346252024,458.0,1297.0
0.7824453232913844,0.141721229,0.109194775,0.367464209,458.0,1297.0
0.7290090165883555,0.002648633,0.1298100915,0.336368621,458.0,1297.0
0.5910432039024577,0.0,0.10826482839999998,0.23722906060000004,458.0,1297.0
0.5802491653065678,0.0047134415,0.069985167,0.1970163855,458.0,1297.0
0.6106531415272936,0.1621939975,0.050344934,0.1814484005,458.0,1297.0
0.655132232035808,0.322870349,0.041847876,0.161305756,458.0,1297.0
0.6883458620241103,0.5107228484999999,0.0434231845,0.160167115,458.0,1297.0
0.6956653423911784,0.687968438,0.0445292315,0.1410101925,458.0,1297.0
0.7031119587462267,0.6904639379999999,0.052223236,0.151061211,458.0,1297.0
0.7063151141483329,0.572196462,0.0662286105,0.201154456,458.0,1297.0
0.7022279416504056,0.3792114125,0.0706126935,0.2330259255,458.0,1297.0
0.675685003852115,0.147946878,0.07793884300000001,0.206841875,458.0,1297.0
0.6512053254844531,0.0016435973333333333,0.104672439,0.1660925506666667,458.0,1297.0
0.5797155099373321,0.0,0.08161206500000001,0.17595238375,458.0,1297.0
0.5804615657153546,0.0042858545,0.05758063,0.167351034,458.0,1297.0
0.6106706838120661,0.17278336,0.032081231,0.126888917,458.0,1297.0
0.6711378078038753,0.4459799205,0.015308179,0.0817783885,458.0,1297.0
0.6971431897988092,0.6931788595,0.016260444,0.053466649000000005,458.0,1297.0
0.7087319128546375,0.7708361939999999,0.020375342499999997,0.0289648825,458.0,1297.0
0.7129096125681671,0.65490215,0.029214686333333333,0.05061117833333334,458.0,1297.0
0.7073496717921566,0.384630067,0.037632355000000006,0.108253512,458.0,1297.0
0.6831152547122323,0.14037811449999998,0.054017029,0.184007619,458.0,1297.0
0.6580713219704816,0.0015958053333333334,0.08527111166666668,0.2531955673333333,458.0,1297.0
0.6065783642132048,0.0,0.06902746025,0.245788179,458.0,1297.0
0.6411731508038798,0.004144964,0.0518143805,0.197936807,458.0,1297.0
0.752886540143316,0.165464152,0.0339186105,0.182155677,458.0,1297.0
0.8185961816180468,0.43677534900000003,0.013098684,0.121268208,458.0,1297.0
0.8355793946110395,0.7031885165,0.0120432995,0.058372479000000005,458.0,1297.0
0.8431472601879091,0.7700091255,0.01761536875,0.0840366775,458.0,1297.0
0.8341311391149024,0.5497834875000001,0.026048618000000003,0.170757049,458.0,1297.0
0.823657921294417,0.339038455,0.032928339,0.215125023,458.0,1297.0
0.7926643619296114,0.140368763,0.047676659499999996,0.23436234350000001,458.0,1297.0
0.733770090420536,0.0020969565,0.071341462,0.247819415,458.0,1297.0
0.6180961798035985,0.0,0.0415927882,0.2219362876,458.0,1297.0
0.639633328868962,0.002557965,0.047409752,0.1640423765,458.0,1297.0
0.7526251595069879,0.162453193,0.042624969,0.1727395285,458.0,1297.0
0.8152612508742781,0.4270295715,0.032916335,0.21817527850000001,458.0,1297.0
0.8296453868471163,0.6817898205,0.052905970999999996,0.227051377,458.0,1297.0
0.8397076528460489,0.7517626805,0.0873919355,0.243037483,458.0,1297.0
0.8354651847857155,0.6654541375,0.14544127750000002,0.3004531915,458.0,1297.0
0.8226890324277102,0.47401927499999996,0.191334123,0.370031689,458.0,1297.0
0.8121793450253993,0.308359615,0.190179709,0.444423793,458.0,1297.0
0.784500542722192,0.1293312925,0.184697071,0.45890395100000003,458.0,1297.0
0.7296650988806206,0.001907386,0.219653274,0.3539637545,458.0,1297.0
0.6156604307940314,0.0,0.2132712952,0.3403374556,458.0,1297.0
0.6405540228742506,0.001768966,0.2331384345,0.392686858,458.0,1297.0
0.7530810751795449,0.13510191249999998,0.18320858150000002,0.3852182415,458.0,1297.0
0.813241116410703,0.39181325600000005,0.1641318365,0.3340924745,458.0,1297.0
0.8216842734927727,0.6405557525000001,0.1436259425,0.25356943099999996,458.0,1297.0
0.826478954718188,0.65078313275,0.164986278,0.2069504575,458.0,1297.0
0.8204835027761239,0.4779919165,0.1821985385,0.218889785,458.0,1297.0
0.8122643791852631,0.309461774,0.16756848,0.220441033,458.0,1297.0
0.7861505353714395,0.141681658,0.16527331550000002,0.2351030355,458.0,1297.0
0.7303585740520433,0.001696759,0.19973645950000002,0.249987375,458.0,1297.0
0.6158052102052908,0.0,0.1789134384,0.23294062379999997,458.0,1297.0
0.640080080600079,0.0025703535,0.130505608,0.2414284645,458.0,1297.0
0.7526843420043512,0.1665668325,0.092955758,0.2509158245,458.0,1297.0
0.8101470231033152,0.359092228,0.071512283,0.23238938,458.0,1297.0
0.8201318259142298,0.5618731985000001,0.0754110325,0.21378937650000002,458.0,1297.0
0.8295561057183664,0.7483958546666667,0.074206168,0.18449941466666667,458.0,1297.0
0.8264023689277611,0.671320593,0.06803218750000001,0.2359380075,458.0,1297.0
0.8243391168764411,0.492344566,0.0667870345,0.2814449325,458.0,1297.0
0.8140142702197732,0.322440954,0.07236739,0.297236881,458.0,1297.0
0.787614394459935,0.14965933850000002,0.09517803250000001,0.30449257900000004,458.0,1297.0
0.7297553033067031,0.0015616035,0.131625299,0.288118868,458.0,1297.0
0.6152839914158269,0.0,0.0981161306,0.2175134706,458.0,1297.0
0.6412218076453704,0.0026632175,0.07160327999999999,0.13927997749999999,458.0,1297.0
0.7527846102387967,0.151612095,0.041808054,0.1108006835,458.0,1297.0
0.8147238099694085,0.43139901,0.0197890665,0.100597247,458.0,1297.0
0.8274756344700591,0.673990713,0.017638875499999998,0.091102284,458.0,1297.0
0.8306278022185892,0.7006530042500001,0.018187709,0.11927445975,458.0,1297.0
0.8198767698314895,0.4295949595,0.0291677095,0.1868834925,458.0,1297.0
0.8119887805653877,0.268432037,0.038943116,0.201269065,458.0,1297.0
0.7838491693788856,0.111688605,0.072919596,0.24672134950000002,458.0,1297.0
0.7305161082625046,0.001117498,0.123086716,0.2694292025,458.0,1297.0
0.6071633385261019,0.0,0.134572037,0.291396832,458.0,1297.0
0.57391225012309,0.00102171625,0.1036248195,0.2684954315,458.0,1297.0
0.6109130907544905,0.111399136,0.0662140535,0.206424958,458.0,1297.0
0.6715117587002388,0.2830319755,0.038810292999999996,0.171209367,458.0,1297.0
0.704439726426006,0.55526832075,0.03486305225,0.1720741925,458.0,1297.0
0.7122384118620415,0.5317427425,0.031800831,0.160536871,458.0,1297.0
0.7092293298474981,0.3485495735,0.0400859705,0.1648668205,458.0,1297.0
0.6833011723066904,0.13453047266666668,0.05789991033333333,0.21471231733333332,458.0,1297.0
0.6601255335070317,0.001146016,0.0866395185,0.1818995815,458.0,1297.0
0.5883019998426587,0.0003602755714285714,0.085782223,0.09444981085714287,458.0,1297.0
0.6108426445599193,0.096093861,0.063753375,0.0878133365,458.0,1297.0
0.6562178236969178,0.229861137,0.042909173,0.092669484,458.0,1297.0
0.6924396821965509,0.397951025,0.047497778500000004,0.0950378345,458.0,1297.0
0.7105299296855394,0.5718715355,0.05205867175,0.10852552200000001,458.0,1297.0
0.7127992808567649,0.49587903749999995,0.061581170000000005,0.1146922175,458.0,1297.0
0.7059351617198857,0.302695657,0.0626772445,0.108617638,458.0,1297.0
0.6818553018296263,0.112592724,0.055768259,0.0812712965,458.0,1297.0
0.6632409316739084,0.0007414296666666667,0.06407238766666666,0.09854364466666667,458.0,1297.0
0.611528675638313,0.0,0.05297902425,0.100559748,458.0,1297.0
0.6669669630814545,0.03136858966666667,0.048886945999999994,0.08189308099999999,458.0,1297.0
0.7970921323842538,0.2483843405,0.022908413500000002,0.069934737,458.0,1297.0
0.823718488406373,0.43990672,0.021666721,0.060579172,458.0,1297.0
0.8316074934321032,0.605728281,0.025309410999999997,0.0643030895,458.0,1297.0
0.8413091036185741,0.6527035600000001,0.03343596275,0.06703246875,458.0,1297.0
0.834720006620698,0.379715931,0.048395507000000004,0.066900758,458.0,1297.0
0.8177883123595209,0.20722905749999998,0.04451186,0.069560052,458.0,1297.0
0.7928392313291872,0.090159506,0.044040144,0.060353245,458.0,1297.0
0.7156048645821134,0.0007059996666666668,0.04245573433333333,0.06905391166666668,458.0,1297.0
0.6189477971366759,0.0005006998333333333,0.03210462733333334,0.11104086149999999,458.0,1297.0
0.7533181037658743,0.1674516325,0.024374555,0.123037865,458.0,1297.0
0.8298904712523836,0.46900217349999995,0.009517641,0.105292385,458.0,1297.0
0.8477092517610678,0.7409255505,0.0135087485,0.077522246,458.0,1297.0
0.8522668041498153,0.7992317369999999,0.020437930666666666,0.050621826,458.0,1297.0
0.841434831296427,0.65316142,0.022155072499999998,0.04075287,458.0,1297.0
0.8319678955532122,0.4028741875,0.028559968999999998,0.0459449035,458.0,1297.0
0.8064548753822507,0.134575902,0.0546842025,0.047552297,458.0,1297.0
0.7492407412192543,0.0007732525,0.089018336,0.0420308955,458.0,1297.0
0.6500054166003564,0.0,0.07392952466666666,0.04893756466666666,458.0,1297.0
0.6259727899967806,0.00063880025,0.0441178155,0.067087625,458.0,1297.0
0.7579165420538387,0.151345687,0.023584541,0.0868299665,458.0,1297.0
0.8272677580193585,0.336439243,0.010951251,0.081456791,458.0,1297.0
0.8401175425111228,0.5510077325,0.013139017999999999,0.1070564445,458.0,1297.0
0.8562822993679674,0.7602510076666666,0.038881045999999995,0.14216844199999998,458.0,1297.0
0.8483173235862563,0.6991871510000001,0.053469802,0.20238569,458.0,1297.0
0.8369074395120029,0.5092203875,0.07431341550000001,0.271992123,458.0,1297.0
0.8285342203801435,0.299756551,0.08577849,0.289333114,458.0,1297.0
0.804703230215371,0.12287192599999999,0.10096124549999999,0.29842765800000004,458.0,1297.0
0.7490697959990451,0.000697994,0.121640004,0.2750943655,458.0,1297.0
0.6336182265128306,0.0,0.08007361883333335,0.24426853383333333,458.0,1297.0
0.691173035375143,0.055199124,0.057921668499999995,0.23465928800000002,458.0,1297.0
0.8113578115628819,0.296095307,0.0285555265,0.25902360300000005,458.0,1297.0
0.8481850176634633,0.602171751,0.0391694145,0.236262322,458.0,1297.0
0.8583160449553272,0.79755401,0.0680011845,0.18423073275,458.0,1297.0
0.8412333254647588,0.664903527,0.104362077,0.22338929800000001,458.0,1297.0
0.832544483469609,0.3879511315,0.1357732665,0.3115695845,458.0,1297.0
0.8079430629909131,0.130816144,0.161721353,0.4410198915,458.0,1297.0
0.7344105692309113,0.0004296156666666667,0.20952161866666666,0.4988334266666667,458.0,1297.0
0.6328268592642367,0.0,0.1537505792,0.579423664,458.0,1297.0
0.6937510618457858,0.054843853000000005,0.134379945,0.554703457,458.0,1297.0
0.8180184858111321,0.29746166500000004,0.081271321,0.5525238845,458.0,1297.0
0.8550717569221788,0.608405626,0.075289392,0.5037619369999999,458.0,1297.0
0.8580061925346625,0.7773927377500001,0.09791076850000001,0.54139529325,458.0,1297.0
0.8414138728446645,0.6176043474999999,0.1067956685,0.5846414355,458.0,1297.0
0.832361028001371,0.3754045845,0.1295314865,0.656919469,458.0,1297.0
0.8075484537972718,0.1224479655,0.17853053,0.7306864005,458.0,1297.0
0.7557236386424087,0.0006179575,0.2315089975,0.7928696070000001,458.0,1297.0
0.65790645501391,0.0,0.2083263735,0.8407619565,458.0,1297.0
0.597973694512226,0.0,0.15597014900000003,0.5974935206666666,458.0,1297.0
0.585913298529531,0.000863294,0.1347416105,0.4632089525,458.0,1297.0
0.6210256754306904,0.15251197,0.117612367,0.48683310150000003,458.0,1297.0
0.6830478553325774,0.3559566035,0.1008214295,0.57095133,458.0,1297.0
0.7083900224142192,0.5737302315,0.1097647525,0.5050979685,458.0,1297.0
0.7172490480584115,0.633617944,0.1572279585,0.5476696825,458.0,1297.0
0.715438890055383,0.4823110846666667,0.20096792566666666,0.6624743756666667,458.0,1297.0
0.7075951717806452,0.2648638145,0.1958594275,0.6344240215,458.0,1297.0
0.6764100318647936,0.0810276975,0.15610800200000002,0.5841024145,458.0,1297.0
0.6409987665165207,0.00025116,0.1161828975,0.5573510552500001,458.0,1297.0
0.5750361278789606,0.00025697,0.10278665680000001,0.49412742620000005,458.0,1297.0
0.6112968979327309,0.11548375550000001,0.0916043825,0.47287158100000004,458.0,1297.0
0.656520890047891,0.255183098,0.069129567,0.447012061,458.0,1297.0
0.6933892978114005,0.4386522115,0.0762176435,0.442704915,458.0,1297.0
0.7110284083377699,0.6673414705,0.10522933575,0.5060308982499999,458.0,1297.0
0.714975311390559,0.562860153,0.1201405515,0.5002824815,458.0,1297.0
0.7096016881056737,0.2839255905,0.09774861,0.444652076,458.0,1297.0
0.6896803700064017,0.0879570375,0.07587473,0.43029664450000005,458.0,1297.0
0.6649281549403745,0.0,0.10199843425,0.444205804,458.0,1297.0
0.6253698748302773,0.0002129344,0.101041766,0.4690365314,458.0,1297.0
0.7556671799715982,0.130182993,0.0647420545,0.4321674045,458.0,1297.0
0.8235932918067598,0.33080923,0.032821508,0.379327447,458.0,1297.0
0.8376112088190126,0.539348738,0.0321570855,0.321895379,458.0,1297.0
0.8531471817440905,0.7211443125,0.037982408499999995,0.19385279625000001,458.0,1297.0
0.8420266072219607,0.5864362065,0.0366020205,0.16071731849999998,458.0,1297.0
0.8315329389952297,0.36297488,0.0273587405,0.135254956,458.0,1297.0
0.8035465461178384,0.10707799400000001,0.058484522000000004,0.179894161,458.0,1297.0
0.7019404559750604,0.0,0.1406149955,0.35052440924999995,458.0,1297.0
0.6231699221199362,0.0002086418,0.12513870300000002,0.2494997444,458.0,1297.0
0.7579885115233058,0.14477365050000002,0.08356575499999999,0.24494157100000002,458.0,1297.0
0.8319925471943049,0.3901668865,0.046371417,0.283686589,458.0,1297.0
0.8498252692938677,0.612155593,0.05146419,0.3040258415,458.0,1297.0
0.855326351687659,0.7081821555000001,0.0701017135,0.2280123375,458.0,1297.0
0.8475559873865123,0.6195289095000001,0.0798738285,0.2809699,458.0,1297.0
0.8365953249134515,0.47547283250000005,0.08300482449999999,0.3035718185,458.0,1297.0
0.8261035032813857,0.290654693,0.090123044,0.274129577,458.0,1297.0
0.8020929354308911,0.11879114400000002,0.14346172000000001,0.2463924965,458.0,1297.0
0.7457287024278546,0.0,0.19081400050000002,0.21712422199999998,458.0,1297.0
0.6447763324308117,0.0,0.15223314766666665,0.15506659600000003,425.0,1204.0
0.6244924272501603,0.0,0.11978253550000001,0.10000557925,359.0,1018.0
0.7535949723338394,0.125680458,0.0786466365,0.0917947965,359.0,1018.0
0.8261762575204448,0.3532175255,0.0496788465,0.0862630485,359.0,1018.0
0.8379867528838136,0.6278684880000001,0.038770875999999996,0.06123094799999999,359.0,1018.0
0.8463379514074314,0.7214080597500001,0.056978234,0.0720864215,359.0,1018.0
0.8349574736572682,0.4765996725,0.0918691395,0.07957412999999999,359.0,1018.0
0.8270949204704453,0.256794335,0.096557559,0.07323395,359.0,1018.0
0.7980751474350244,0.09266925849999999,0.11589464399999999,0.0583098845,359.0,1018.0
0.7424389897235515,0.0,0.1425876355,0.04799711,359.0,1018.0
0.625756750351573,0.0,0.1133994935,0.03667764366666667,359.0,1018.0
0.6900155665080181,0.03075612,0.0773516095,0.055285934499999995,359.0,1018.0
0.7996058521236187,0.21814103499999998,0.0422374045,0.046353293500000003,359.0,1018.0
0.8280129371785943,0.407141266,0.030131409,0.034769585,359.0,1018.0
0.8392593081453379,0.5860373305,0.027739029499999998,0.026748834,359.0,1018.0
0.850824626806847,0.7083581537499999,0.03429423075,0.044066483000000004,359.0,1018.0
0.8390301507847611,0.5116493875,0.062753177,0.0538750335,359.0,1018.0
0.8297279278390574,0.318819442,0.077833765,0.049108984,359.0,1018.0
0.8045637692353597,0.11615361699999999,0.1027834835,0.047167776,359.0,1018.0
0.7034771848473438,0.0,0.12708105075,0.03348158875,359.0,1018.0
0.6226090207667233,0.0,0.0750501358,0.0207650518,359.0,1018.0
0.7545717092278732,0.1435623385,0.045670145999999995,0.017116438,359.0,1018.0
0.8256308764573586,0.369002979,0.025837711,0.010238836,359.0,1018.0
0.8453207286213161,0.6023123695,0.0317514635,0.011461471,359.0,1018.0
0.8575334966787495,0.8045205235999999,0.04111402,0.0194604524,359.0,1018.0
0.8382514104634382,0.52254709,0.0469816225,0.053943983,359.0,1018.0
0.8314677553966108,0.316544716,0.064445313,0.078352854,359.0,1018.0
0.8114656504377673,0.1172369585,0.0960458065,0.110176927,359.0,1018.0
0.7075062828212773,0.0,0.11386690099999999,0.11374946725000001,359.0,1018.0
0.5922519717725403,0.011276172000000001,0.06414214983333333,0.08687952416666667,359.0,1018.0
0.6565079409519341,0.2371677875,0.0199706835,0.10002411450000001,359.0,1018.0
0.7176329475332446,0.4992631575,0.020312356,0.099488782,359.0,1018.0
0.7295645537563972,0.73180709975,0.0419669855,0.174332797,359.0,1018.0
0.7200295493589534,0.56338886,0.091264839,0.37125032300000005,359.0,1018.0
0.7114220715327624,0.3024558855,0.129223055,0.41272701450000004,359.0,1018.0
0.6866166063204369,0.0833811575,0.1482653695,0.429925222,359.0,1018.0
0.6510518341740625,0.0,0.15800710874999999,0.5219699879999999,359.0,1018.0
0.5783932587437011,0.0,0.16239095625,0.50919216875,359.0,1018.0
0.6022124077196048,0.068398691,0.14456468833333333,0.407971925,359.0,1018.0
0.6714366037886932,0.334801421,0.12223677150000001,0.335415745,359.0,1018.0
0.6949471698446239,0.5763335414999999,0.106090287,0.3031946415,359.0,1018.0
0.7044808123287912,0.728206244,0.116946771,0.351497334,359.0,1018.0
0.7095303648780584,0.6849653445,0.153380349,0.421798725,359.0,1018.0
0.7098958680015159,0.5011620955,0.18232664399999998,0.4432536025,359.0,1018.0
0.7031531833424554,0.312538791,0.18441777,0.442383176,359.0,1018.0
0.6797791700125009,0.11181051750000001,0.16018830750000002,0.3929912035,359.0,1018.0
0.6506871504852727,0.0,0.146209737,0.29394256875,359.0,1018.0
0.6051267846478268,0.0,0.11347198425,0.28871031799999997,359.0,1018.0
0.6911452445231194,0.038482296,0.089699117,0.31638151000000003,359.0,1018.0
0.796990063620588,0.2827065235,0.050529974500000005,0.27872498749999997,359.0,1018.0
0.8303054851182315,0.6176114395,0.034340796,0.222474701,359.0,1018.0
0.8509191936968339,0.87850801325,0.0258643245,0.08844094425,359.0,1018.0
0.8440590673403794,0.7512614255,0.018537183,0.038320204999999996,359.0,1018.0
0.8344474082200445,0.442721966,0.019589668499999997,0.044539140000000005,359.0,1018.0
0.8047636591309928,0.117806162,0.056894595,0.0594629755,359.0,1018.0
0.6967561277489168,0.0,0.1413817345,0.1273073295,359.0,1018.0
0.611469828126213,0.0,0.13501254025,0.17729024475000002,359.0,1018.0
0.6901908048951209,0.0402371135,0.1223744275,0.1291970925,359.0,1018.0
0.8081356589701814,0.284535469,0.0693458945,0.1024799525,359.0,1018.0
0.8477249474843158,0.518909156,0.040033889,0.087820017,359.0,1018.0
0.8605159189964935,0.7225780964999999,0.0388088905,0.08149948400000001,359.0,1018.0
0.8579080477846601,0.7817292147499999,0.054048353,0.09273600574999999,359.0,1018.0
0.8388360770657923,0.5054331035,0.06374398,0.118571966,359.0,1018.0
0.8311159857410149,0.281023046,0.06482478,0.183955537,359.0,1018.0
0.8122640096674864,0.08646391249999999,0.0999016295,0.298557944,359.0,1018.0
0.7734186532315173,0.0,0.1801165295,0.3938489895,359.0,1018.0
0.6580771079339586,0.0,0.24281003783333335,0.6056581493333334,359.0,1018.0
0.6967934281326384,0.0354346275,0.264595482,0.5982695695,359.0,1018.0
0.7927459802870319,0.183365708,0.209869097,0.60509751,359.0,1018.0
0.8251325825640163,0.2919188495,0.163837517,0.5735613075,359.0,1018.0
0.8353906303488423,0.5605327695,0.1437001175,0.5559294379999999,359.0,1018.0
0.8420177895004501,0.7133840885,0.180024315,0.5372787425000001,359.0,1018.0
0.8417742285689226,0.6271657715000001,0.22807156350000002,0.5873062535,359.0,1018.0
0.8275500967760427,0.427760916,0.199878523,0.6518729205,359.0,1018.0
0.8043393198295232,0.174114181,0.1229441855,0.5839307524999999,359.0,1018.0
0.7478495903043733,0.008790563333333333,0.08623026766666668,0.414623894,359.0,1018.0
0.6409142402364711,0.0,0.0617822355,0.264599721,359.0,1018.0
0.6022011129365068,0.0,0.060751692999999996,0.184721018,359.0,1018.0
0.638832453405457,0.0,0.058960842,0.11429947199999999,359.0,1018.0
0.7525463577698223,0.120992676,0.061347921,0.07869319699999999,359.0,1018.0
0.8160328354755704,0.3641261065,0.0545928195,0.0745299795,359.0,1018.0
0.8255656467932947,0.5675735639999999,0.07281233200000001,0.10339141199999999,359.0,1018.0
0.8331688279960267,0.5957513999999999,0.16516154675,0.22698537275000003,359.0,1018.0
0.8193916791562845,0.33061408400000003,0.364484299,0.5485962775000001,359.0,1018.0
0.799819822137871,0.12453035500000001,0.456248608,0.717048428,359.0,1018.0
0.7736058946827873,0.010532772,0.501305829,0.790625037,359.0,1018.0
0.7024711720816988,0.0,0.47221548933333324,0.8097342706666666,359.0,1018.0
0.6090083519335823,0.0,0.4770512698,0.8610197794,359.0,1018.0
0.6905877687289447,0.0193630165,0.42363068950000005,0.8840821425000001,359.0,1018.0
0.7962713369630716,0.166050804,0.387826643,0.879405156,359.0,1018.0
0.8158251896834997,0.32172819,0.355767581,0.866705028,359.0,1018.0
0.8160418835243048,0.47498911899999996,0.306175064,0.878924798,359.0,1018.0
0.8158347921746023,0.5793187769999999,0.2698896885,0.8867365325000001,359.0,1018.0
0.8120589495056343,0.5257389295,0.2438590055,0.852798607,359.0,1018.0
0.8085447641970693,0.35774099400000003,0.204235039,0.7732433304999999,359.0,1018.0
0.800274583191653,0.198379101,0.158501435,0.68965437,359.0,1018.0
0.7761355872008812,0.068478026,0.105703998,0.608629414,359.0,1018.0
0.7267720036907899,0.0,0.1250353965,0.5429976025000001,359.0,1018.0
0.618903379708013,0.0,0.17873408400000002,0.518790702,359.0,1018.0
0.5719397680091837,0.0,0.22210408250000002,0.7014976645,359.0,1018.0
0.5903370753420929,0.0169706305,0.2400372565,0.770910678,359.0,1018.0
0.6402907728756599,0.1980546955,0.2339230915,0.738538249,359.0,1018.0
0.6875028391972937,0.45570418450000005,0.320850857,0.7274532575,359.0,1018.0
0.6899196377378953,0.6118492995,0.348186522,0.72634578375,359.0,1018.0
0.68958871137045,0.4898542005,0.4027816755,0.6710572105,359.0,1018.0
0.685947459669181,0.308144081,0.3345232955,0.5992134665,359.0,1018.0
0.6682108973629179,0.0844581445,0.205937754,0.5136418005,359.0,1018.0
0.6379154178912825,0.0,0.11873875924999999,0.45418686250000007,359.0,1018.0
0.5734136101258104,0.0,0.0930836035,0.5121000335,359.0,1018.0
0.5909738379193686,0.021662574,0.117099749,0.590387608,359.0,1018.0
0.6404778292366355,0.2271435735,0.0947279915,0.6209019570000001,359.0,1018.0
0.6893565759948586,0.5063959,0.09688572549999999,0.6325451915,359.0,1018.0
0.7062579401375036,0.7274681522499999,0.075318122,0.57015787125,359.0,1018.0
0.7132570888580259,0.6227391855,0.069765228,0.5198118055,359.0,1018.0
0.7066867572321928,0.348538131,0.046809083,0.3713353355,359.0,1018.0
0.6689671551124969,0.036722705,0.04337512375,0.17250553375,359.0,1018.0
0.6173139407355193,0.0,0.0954013276,0.054133958399999994,359.0,1018.0
0.6389721686402113,0.0,0.108451696,0.1122875255,359.0,1018.0
0.7717243437463983,0.1362028683333333,0.10705758700000001,0.1339403623333333,359.0,1018.0
0.817448453438359,0.351499315,0.10870901,0.116766909,359.0,1018.0
0.8246467223638988,0.4573833473333333,0.13032145166666667,0.14769848333333332,359.0,1018.0
0.8167303730226941,0.3756411025,0.191456267,0.237104188,359.0,1018.0
0.808866527020762,0.216239629,0.2126737385,0.284896786,359.0,1018.0
0.7894120189060405,0.09019761899999999,0.1787117455,0.3113423285,359.0,1018.0
0.741453327732438,0.003983605,0.17442176233333337,0.275239099,359.0,1018.0
0.6262704936782131,0.0,0.20932048533333336,0.4147865636666667,359.0,1018.0
0.6197483417574934,0.0,0.22273082449999998,0.5156595125,359.0,1018.0
0.7527608818950363,0.0445423165,0.231434466,0.5356707765,359.0,1018.0
0.8129029652250598,0.240408934,0.2708294665,0.511940525,359.0,1018.0
0.8169619927304287,0.4882307803333334,0.2272387876666667,0.49125216766666663,359.0,1018.0
0.8156624620083943,0.5858950675,0.2578093815,0.5575325695,359.0,1018.0
0.8104780185689276,0.4775404095,0.31093305,0.580545003,359.0,1018.0
0.8017019266328783,0.258901267,0.29223485699999996,0.57540555,359.0,1018.0
0.7757220043464768,0.055125266,0.2229377455,0.5212445555,359.0,1018.0
0.7275788339912621,0.0,0.194624337,0.5011113245000001,359.0,1018.0
0.6164680538885414,0.0,0.16114058150000002,0.49026991666666664,359.0,1018.0
0.6906684634244857,0.011027322,0.118225409,0.44588029,359.0,1018.0
0.79652228427326,0.159618396,0.099005009,0.36235135350000003,359.0,1018.0
0.8158155881866154,0.329225775,0.098796234,0.328200301,359.0,1018.0
0.8165202343941067,0.45967724249999997,0.084537882,0.32859541049999996,359.0,1018.0
0.8150618226273113,0.4148662405,0.08424885474999999,0.39308038850000004,359.0,1018.0
0.808699090396698,0.25445666899999997,0.077518664,0.41107133549999997,359.0,1018.0
0.7925896689649976,0.120217405,0.053453762,0.4080635105,359.0,1018.0
0.7416307355921005,0.003386926,0.049716004,0.4152688163333333,359.0,1018.0
0.6373429270819435,0.0,0.060708866,0.48922117749999994,359.0,1018.0
0.6160986468103256,0.0,0.08478024180000002,0.574388052,359.0,1018.0
0.7529106144750214,0.100293734,0.09534739049999999,0.659193419,359.0,1018.0
0.8101207094607423,0.33768496,0.073353684,0.686518362,359.0,1018.0
0.8189161439125192,0.5805393565,0.104078109,0.6975307805,359.0,1018.0
0.830680875189675,0.7346133250000001,0.11055011833333334,0.6953774003333334,359.0,1018.0
0.8355432942155849,0.68076934,0.090078626,0.607588231,359.0,1018.0
0.8320292938316112,0.5015261805,0.0658119285,0.5318370045,359.0,1018.0
0.8210710774668103,0.304025915,0.045244054,0.414307374,359.0,1018.0
0.7871992417349403,0.083023303,0.061951725,0.3652560015,359.0,1018.0
0.7316451401683165,0.0,0.104950579,0.3306006175,359.0,1018.0
0.6222606767497031,0.0,0.10710973174999999,0.256350173,359.0,1018.0
0.6269037862791986,0.0,0.08356148733333334,0.16081196233333336,359.0,1018.0
0.7528367752124638,0.0926619105,0.06194248100000001,0.0883508915,359.0,1018.0
0.8100233032491843,0.281680378,0.032970166,0.083883874,359.0,1018.0
0.8164760095786563,0.446868508,0.031288424999999995,0.1188628875,359.0,1018.0
0.8241049730143155,0.61359113525,0.03940444775,0.15082687975,359.0,1018.0
0.8179392224253,0.4859813165,0.082227938,0.2510369515,359.0,1018.0
0.8096574077409308,0.263135046,0.120920413,0.257436426,359.0,1018.0
0.7783173421118561,0.055812969,0.145826296,0.2143548755,359.0,1018.0
0.7270739391516634,0.0,0.1498931215,0.2419600935,359.0,1018.0
0.6045171588043055,0.0,0.10801195566666667,0.36290908366666663,359.0,1018.0
0.5742400373293155,0.0,0.08462095900000001,0.43056759499999997,359.0,1018.0
0.6110835050290225,0.0853766365,0.076247458,0.5051213425000001,359.0,1018.0
0.6540913270376584,0.308463398,0.049118954,0.537204317,359.0,1018.0
0.6878027892043554,0.5265252645,0.0608215045,0.6053421255,359.0,1018.0
0.6923771299621891,0.682613921,0.069627788,0.5832640185,359.0,1018.0
0.6940912901190213,0.669447071,0.089236124,0.6225800285,359.0,1018.0
0.6957513001797807,0.46812393566666666,0.09161297366666667,0.6459862143333334,359.0,1018.0
0.6813937081767394,0.171034162,0.081903228,0.5974544105,359.0,1018.0
0.6604216831038502,0.0023976436666666664,0.079789831,0.5512126586666667,359.0,1018.0
0.5873812266881301,0.0,0.06927526257142858,0.5244020674285714,359.0,1018.0
0.6109382732086982,0.08164578,0.06956196249999999,0.583881102,359.0,1018.0
0.6706462307163543,0.3788149425,0.06658645199999999,0.6466756595,359.0,1018.0
0.6922089549653838,0.6120424170000001,0.08757811,0.673843006,359.0,1018.0
0.7017413508103553,0.6885849883333334,0.10137497666666667,0.6539263896666667,359.0,1018.0
0.7089624094271745,0.597950405,0.12388642450000001,0.652727449,359.0,1018.0
0.7056588243958631,0.33987959749999996,0.121587266,0.6698921805,359.0,1018.0
0.6822440023843076,0.118808492,0.114904248,0.668164424,359.0,1018.0
0.6640747757012458,0.002038964,0.13164439966666666,0.647939978,359.0,1018.0
0.6343638051820931,0.0,0.15250372766666667,0.5998205406666667,359.0,1018.0
0.6224619285420425,0.0,0.15651648375,0.52763637325,359.0,1018.0
0.7525103269696439,0.064381431,0.1349648705,0.435537487,359.0,1018.0
0.8101990034837969,0.2169272,0.151287807,0.385750079,359.0,1018.0
0.816760148533155,0.3632310405,0.15577013499999998,0.33904331899999995,359.0,1018.0
0.8175793280183022,0.42791527100000004,0.153158875,0.279853159,359.0,1018.0
0.8108844460347074,0.3794984015,0.1533897625,0.31349468049999996,359.0,1018.0
0.8038904677461072,0.21664788000000001,0.1353161725,0.3058683075,359.0,1018.0
0.7836911960553715,0.082858909,0.11717064,0.271256327,359.0,1018.0
0.7444101599333584,0.0016464670000000002,0.10859251133333332,0.23028849033333332,359.0,1018.0
0.6252885131833188,0.0,0.07039389925,0.173290209,359.0,1018.0
0.6268990621518417,0.0,0.040460128666666664,0.13737048733333332,359.0,1018.0
0.752804898918876,0.068835387,0.0263658885,0.113962952,359.0,1018.0
0.8098979223877919,0.207919144,0.016283115,0.093705821,359.0,1018.0
0.816901918087904,0.4051519015,0.014312965,0.087652671,359.0,1018.0
0.823725943717498,0.60158027075,0.01745782,0.0783146765,359.0,1018.0
0.8207276178186138,0.48220698900000003,0.0223497405,0.05718901,359.0,1018.0
0.8167898319127262,0.338701729,0.030318773,0.054339221,359.0,1018.0
0.7982736987815096,0.1650901105,0.0497951815,0.0621918695,359.0,1018.0
0.7419055496633211,0.0016081626666666668,0.11483310366666666,0.10750844133333333,359.0,1018.0
0.6371751903365355,0.0,0.11720565050000001,0.223076218,359.0,1018.0
0.5996810993317571,0.0,0.1018145625,0.260208274,359.0,1018.0
0.6110777345201157,0.0,0.0921584905,0.27849492,359.0,1018.0
0.6910112997972719,0.0090485915,0.0885541195,0.257617809,359.0,1018.0
0.7965295781896251,0.24162549300000002,0.053511837500000006,0.2437744295,359.0,1018.0
0.8206264266182417,0.5590681635,0.028631244,0.256786827,359.0,1018.0
0.8321175592007328,0.784633199,0.02476888,0.2388314675,359.0,1018.0
0.8351452688880941,0.7612866549999999,0.0289283105,0.2427591855,359.0,1018.0
0.8300771739478398,0.4404277353333333,0.029444053999999997,0.24282257933333332,359.0,1018.0
0.8049286029185401,0.1653969415,0.039548916499999996,0.245531913,359.0,1018.0
0.7438594392555476,0.0015395993333333334,0.085531625,0.2621919543333333,359.0,1018.0
0.6390112233220053,0.0,0.089305786,0.2981366405,359.0,1018.0
0.6003290566516828,0.0,0.069529548,0.27526881200000003,359.0,1018.0
0.6387569291749784,0.0,0.0594295615,0.2673844805,359.0,1018.0
0.7527783778160986,0.08732461550000001,0.049312042,0.316858721,359.0,1018.0
0.8096966475461598,0.280865903,0.035857007,0.378325887,359.0,1018.0
0.8205754616659822,0.494765112,0.0536703415,0.44555531800000003,359.0,1018.0
0.8312632490143146,0.6334000755,0.086534395,0.5389531125,359.0,1018.0
0.8351426835892817,0.6580698300000001,0.1267780065,0.582635274,359.0,1018.0
0.8326345954333958,0.5020393455,0.15163397350000002,0.6041654535000001,359.0,1018.0
0.819088289485542,0.245495731,0.124298478,0.5146967895,359.0,1018.0
0.7835732937035293,0.042689078,0.09961917449999999,0.3738289295,359.0,1018.0
0.68884182472425,0.0,0.12514973925,0.3506234595,359.0,1018.0
0.6060983051936266,0.0,0.17596552875000002,0.630360593,359.0,1018.0
0.6911599941814371,0.0038985485,0.2029634965,0.6920863365,359.0,1018.0
0.7965090353210841,0.1180742075,0.19803062999999999,0.713604709,359.0,1018.0
0.8158686300607643,0.3079677225,0.228056422,0.780867152,359.0,1018.0
0.8144531970225669,0.45259048325,0.27732408525,0.80945172375,359.0,1018.0
0.8052496731035304,0.3900259265,0.3323691855,0.847799801,359.0,1018.0
0.7987826563282154,0.17322851150000002,0.271438308,0.8385564805000001,359.0,1018.0
0.7810270742957445,0.047705137,0.18771812,0.810785073,359.0,1018.0
0.7410962184621175,0.0007157326666666666,0.14578650833333331,0.7244238740000001,359.0,1018.0
0.6041102388911878,0.0,0.155709254,0.5793318773333332,359.0,1018.0
0.5797869994545751,0.0011811220000000002,0.1881081274,0.5675392842,359.0,1018.0
0.6433702090533067,0.1072103505,0.203403891,0.464178479,359.0,1018.0
0.692350793452597,0.3022698995,0.2652939795,0.437430672,359.0,1018.0
0.6901501919750899,0.42197917925,0.25990320749999996,0.5084306395,359.0,1018.0
0.6909064539611434,0.320313489,0.309893827,0.5966732676666667,359.0,1018.0
0.6806397586870621,0.12761087499999998,0.231193735,0.573153079,359.0,1018.0
0.6666700520902195,0.000758881,0.1904689966666667,0.6036958916666667,359.0,1018.0
0.620791485668823,0.0,0.1988813135,0.607657454,359.0,1018.0
0.5773849917097278,0.0,0.1623125675,0.526298535,359.0,1018.0
0.5963761752873291,0.0037337375,0.1527310905,0.4716074765,359.0,1018.0
0.6453905286071764,0.19576165950000002,0.1428977025,0.389689482,359.0,1018.0
0.6909896029727681,0.49598880450000005,0.11742882900000001,0.360620141,359.0,1018.0
0.6894095028710985,0.5925339387499999,0.09975148824999999,0.48178786249999994,359.0,1018.0
0.6871628417483915,0.3576516825,0.1084428905,0.579811667,359.0,1018.0
0.6855831797655565,0.209036654,0.098260576,0.597201997,359.0,1018.0
0.6765241263608026,0.08945612,0.08455428849999999,0.619277015,359.0,1018.0
0.6604212829862456,0.0,0.166877909,0.661635226,359.0,1018.0
0.6360720101926458,0.0,0.307739557,0.7243453795,359.0,1018.0
0.6055162122743021,0.0,0.393769776,0.84186496775,359.0,1018.0
0.6919041109853501,0.0021499425,0.4605941295,0.8978593749999999,359.0,1018.0
0.7964218775110741,0.0819304635,0.4519308745,0.9074479305,359.0,1018.0
0.8158245437730542,0.208205174,0.4340950495,0.9064564245,359.0,1018.0
0.8159444315787081,0.30330225899999996,0.35082237,0.8888483650000001,359.0,1018.0
0.8102889002545707,0.33558422866666665,0.38760496333333333,0.8805132233333334,359.0,1018.0
0.8024428120949709,0.242658816,0.3237467935,0.8180662034999999,359.0,1018.0
0.7884766448045699,0.08449854,0.25058456,0.7738971729999999,359.0,1018.0
0.7410835543312001,0.000383935,0.20932924500000002,0.713026667,359.0,1018.0
0.625234082016228,0.0,0.164474504,0.6136266433333334,359.0,1018.0
0.6198140907514516,0.0,0.11279418000000001,0.41503495650000005,359.0,1018.0
0.753259429314028,0.0515803415,0.075293606,0.263808971,359.0,1018.0
0.8098848119633564,0.248492023,0.053022385,0.209940599,359.0,1018.0
0.8158995598585939,0.4557211745,0.0507866715,0.200495527,359.0,1018.0
0.8145785323156236,0.542499233,0.03651612325,0.17339787574999999,359.0,1018.0
0.8084087650849459,0.471661255,0.0226266725,0.10724121549999999,359.0,1018.0
0.8019125726441707,0.274371291,0.015893906,0.051493303000000004,359.0,1018.0
0.7807889603545106,0.092560876,0.033275283,0.037157826,359.0,1018.0
0.7410139082392755,0.0004230693333333333,0.09817410533333333,0.08152191633333333,359.0,1018.0
0.6169659321876154,0.0,0.13832488316666666,0.17014174066666668,359.0,1018.0
0.6967241592912989,0.0027568,0.1352675775,0.2075806785,359.0,1018.0
0.7969572411626484,0.22848941099999998,0.091529137,0.21622973750000002,359.0,1018.0
0.8156435811413331,0.47858864,0.053531934,0.181893925,359.0,1018.0
0.8187410441857195,0.675516252,0.05202442,0.1615072945,359.0,1018.0
0.8229656468072137,0.770472225,0.072993346,0.1931475735,359.0,1018.0
0.8204485106025934,0.667786479,0.096007415,0.256543175,359.0,1018.0
0.8105647143988652,0.38322122999999997,0.110756466,0.2782540355,359.0,1018.0
0.796840168983031,0.155277859,0.12980647,0.313687675,359.0,1018.0
0.7753279025355404,0.0254337445,0.1884274295,0.4301764935,359.0,1018.0
0.726795270385884,0.0,0.255130136,0.5463160789999999,359.0,1018.0
0.637085909240926,0.0,0.2661832275,0.686072098,359.0,1018.0
0.6160633775415453,0.0,0.28088290660000004,0.5949844552,359.0,1018.0
0.7530576238912656,0.022760413,0.25327925549999997,0.536011769,359.0,1018.0
0.8126964737203579,0.13713063749999999,0.2474667495,0.5121140985,359.0,1018.0
0.8163792496089498,0.242344159,0.245558793,0.488424204,359.0,1018.0
0.8125623951727363,0.39600928280000003,0.24524965940000004,0.455476466,359.0,1018.0
0.8024229615337264,0.30936029,0.2288403185,0.4486848,359.0,1018.0
0.788589931001155,0.1132503645,0.20874414349999998,0.4504560695,359.0,1018.0
0.7410789530892167,0.0,0.19352652933333334,0.4351008576666667,359.0,1018.0
0.6247911388368971,0.0,0.16918712433333336,0.3889794526666666,359.0,1018.0
0.624255721469921,0.0,0.15065926124999998,0.4092219595,359.0,1018.0
0.7574752834778822,0.036045113499999996,0.122112055,0.397831097,359.0,1018.0
0.8181961711681504,0.18623359849999999,0.1040441285,0.358951289,359.0,1018.0
0.8166268732475847,0.3519227545,0.0860256295,0.2805026855,359.0,1018.0
0.8117563678029092,0.42596832875,0.06725934550000001,0.24431134025,359.0,1018.0
0.8024488131962267,0.251284346,0.07738565450000001,0.238313966,359.0,1018.0
0.7884341277246381,0.088298512,0.08645803399999999,0.253635498,359.0,1018.0
0.7416606653168563,0.0,0.11440273266666667,0.203311269,359.0,1018.0
0.609215618893156,0.0,0.09657137166666667,0.12471534799999999,373.0,1057.0
0.5876199062202325,0.0005532149999999999,0.1097654822,0.1273054744,401.0,1135.0
0.6486250065564549,0.155406063,0.09402431750000001,0.12754460299999998,401.0,1135.0
0.6887573676252192,0.403852204,0.08841073999999999,0.072063645,401.0,1135.0
0.6881231671925181,0.5570985673333334,0.09935530166666667,0.052636728333333334,401.0,1135.0
0.6876490171156888,0.4361022505,0.096478465,0.091428294,401.0,1135.0
0.6870712291778844,0.2696804865,0.0934139165,0.112790218,401.0,1135.0
0.678202232187625,0.097561805,0.099281796,0.0958107475,401.0,1135.0
0.6356714301440766,0.0,0.12478409166666667,0.08995615733333333,401.0,1135.0
0.5850636231233911,0.00034868059999999996,0.1466539774,0.11104523799999999,401.0,1135.0
0.6465836361216677,0.1206186595,0.1537514705,0.1202803595,401.0,1135.0
0.6867571526553529,0.3167864215,0.165020213,0.121323303,401.0,1135.0
0.6884671041759352,0.430161677,0.177006967,0.12690561166666667,401.0,1135.0
0.6882795244695284,0.30988145899999997,0.1813769345,0.179244451,401.0,1135.0
0.6879070508820377,0.199799521,0.1708970695,0.308552788,401.0,1135.0
0.6786234784761711,0.0677023955,0.1639412175,0.4469594155,401.0,1135.0
0.6460086101442091,0.0,0.1684802801666667,0.48368793550000005,401.0,1135.0
0.6240462987778834,0.0,0.13810972425,0.41087351425,401.0,1135.0
0.7588241946997185,0.024985779,0.1327325265,0.4702988215,401.0,1135.0
0.8133402764232244,0.156886333,0.101895671,0.496119567,401.0,1135.0
0.8154043129127304,0.3023403135,0.092202106,0.48594921,401.0,1135.0
0.8167761368879697,0.4248739653333333,0.09500108666666666,0.5139948176666667,401.0,1135.0
0.8120756610989792,0.35363498099999996,0.11531963533333334,0.569843217,401.0,1135.0
0.8039292913053027,0.1624851485,0.1044506435,0.5583586885,401.0,1135.0
0.7576938933429257,0.0093688045,0.13068182625,0.5829275925,401.0,1135.0
0.6292622414094852,0.0,0.10073995733333334,0.5575342113333333,401.0,1135.0
0.6240639564416819,0.0,0.08337352349999999,0.36354391475,401.0,1135.0
0.7588241946997185,0.038136758,0.0746357345,0.3118601175,401.0,1135.0
0.8144410095640578,0.1980336015,0.0543558145,0.31014932900000003,401.0,1135.0
0.8156445505041106,0.441613693,0.0428287035,0.30011948450000003,401.0,1135.0
0.8186805001064856,0.5550285657499999,0.03511466975,0.2510694995,401.0,1135.0
0.812005491385452,0.384284384,0.040255901,0.246969212,401.0,1135.0
0.7956863472397918,0.1224318985,0.070234019,0.312113722,401.0,1135.0
0.7244816016386466,0.0,0.09895144950000001,0.36254978675,401.0,1135.0
0.6365755402736102,0.00020696614285714286,0.055142158571428575,0.2114425077142857,401.0,1135.0
0.8009111377121931,0.1508137845,0.040745566999999996,0.1618035845,401.0,1135.0
0.8158750470766475,0.353112597,0.030201562,0.164697682,401.0,1135.0
0.8167264491747337,0.557640145,0.0298554505,0.14260290650000002,401.0,1135.0
0.8210819413999134,0.658899064,0.031549957,0.11009721499999998,401.0,1135.0
0.8147046677334209,0.466083285,0.037195749,0.17306450799999998,401.0,1135.0
0.7963344893738402,0.119895392,0.08378210850000001,0.25844950450000004,401.0,1135.0
0.7481205726585228,0.0,0.13831876566666668,0.30209414500000004,401.0,1135.0
0.6261361675923451,0.0,0.09189395442857143,0.243125563,401.0,1135.0
0.7588103684381551,0.05118391,0.079367788,0.28163577500000003,401.0,1135.0
0.8148601782679026,0.2535555405,0.052983067,0.300219935,401.0,1135.0
0.8150873975657368,0.416394081,0.053571085,0.294369024,401.0,1135.0
0.813542751451967,0.54020202625,0.055407763,0.272332129,401.0,1135.0
0.8072607134529263,0.3732063835,0.0613919225,0.328256598,401.0,1135.0
0.8009944180710935,0.163906399,0.08495066800000001,0.3612045955,401.0,1135.0
0.7573557073596444,0.00613038425,0.13533946025,0.29710303625,401.0,1135.0
0.6191564274588753,0.0,0.11407000216666667,0.2769287655,401.0,1135.0
0.6986616838304691,0.0,0.109214095,0.3163845905,401.0,1135.0
0.8021424693717071,0.0817120535,0.1099450635,0.3620335905,401.0,1135.0
0.8172685062348601,0.2667754185,0.110571585,0.438300313,401.0,1135.0
0.8136560378142552,0.469180799,0.1476625885,0.45983418575,401.0,1135.0
0.8058531745075008,0.430877271,0.228663249,0.647197228,401.0,1135.0
0.8013119335944938,0.2254226445,0.21490697949999998,0.7516785429999999,401.0,1135.0
0.759432300991139,0.00919393425,0.176019757,0.74362245925,401.0,1135.0
0.608046762824825,0.0,0.19104511033333335,0.757906422,401.0,1135.0
0.5852737891924017,0.0,0.20688127280000002,0.7035531843999999,401.0,1135.0
0.646799198740967,0.1814524595,0.1888761665,0.7785574455,401.0,1135.0
0.6895151491633733,0.487327795,0.19731025800000002,0.8207502675,401.0,1135.0
0.6878839823677783,0.5810288412,0.1735352508,0.7561505233999999,401.0,1135.0
0.6865486299628005,0.34822456,0.1236960865,0.7401634159999999,401.0,1135.0
0.6825844618132823,0.159308811,0.083602531,0.700643608,401.0,1135.0
0.667214829154682,0.00486456525,0.06232752625000001,0.64367617275,401.0,1135.0
0.5910752403674433,0.0,0.10784007400000002,0.6448428668571429,401.0,1135.0
0.6158159110424164,0.0395433715,0.11190571599999999,0.5300659185000001,401.0,1135.0
0.6721929080179747,0.26707695600000003,0.0691775775,0.5285554535,401.0,1135.0
0.6878406901290305,0.462978465,0.056348819,0.542370809,401.0,1135.0
0.6897413984356181,0.6589109455,0.0466056555,0.4841575505,401.0,1135.0
0.6929467932590603,0.6766662046666667,0.055296643666666666,0.48843645533333335,401.0,1135.0
0.6931083671991404,0.433425576,0.0432790535,0.4461044435,401.0,1135.0
0.6805623415644892,0.118708235,0.040118442500000004,0.4278797345,401.0,1135.0
0.6626337984349194,0.0,0.07634203733333333,0.5106371336666666,401.0,1135.0
0.6262280470489008,0.0,0.11731483942857143,0.517676992,401.0,1135.0
0.7781048954608746,0.090614554,0.11383339033333333,0.37459555233333336,401.0,1135.0
0.8156597381818413,0.3760556225,0.070954631,0.391357914,401.0,1135.0
0.8173546943506865,0.5208518295,0.073337412,0.446245252,401.0,1135.0
0.8149701412348089,0.4903113843333333,0.12938849733333332,0.4777582986666667,401.0,1135.0
0.8079988750884659,0.2296683565,0.11697478,0.515221971,401.0,1135.0
0.7923527553765772,0.0397642805,0.0917668515,0.481783604,401.0,1135.0
0.762279682358012,0.0,0.090543119,0.476475636,401.0,1135.0
0.6505704364727739,0.0,0.131598401,0.5428091345,401.0,1135.0
0.6102032506294331,0.0,0.1700824736666667,0.6644292866666667,401.0,1135.0
0.6977656873991558,0.0,0.2237077925,0.791914499,401.0,1135.0
0.8009347275282129,0.1048212345,0.2810940745,0.8356641149999999,401.0,1135.0
0.8155745658256431,0.363951249,0.354405222,0.8682034350000001,401.0,1135.0
0.8211319219656534,0.5579843314999999,0.3302942415,0.8854516610000001,401.0,1135.0
0.8212510707357539,0.54291067075,0.39058478375000005,0.91526423025,401.0,1135.0
0.8117046412794829,0.22429717100000002,0.299368976,0.8446263835,401.0,1135.0
0.7605703464794534,0.00415788,0.24576439774999997,0.6396477327500001,401.0,1135.0
0.6453465343509341,0.0,0.2117298515,0.633604592,401.0,1135.0
0.6388746702646231,0.0,0.16409066,0.4581977921666667,401.0,1135.0
0.8011051650343111,0.147095896,0.1515457365,0.561790625,401.0,1135.0
0.815531864152526,0.386237167,0.1322763025,0.5229971385,401.0,1135.0
0.8160546018953503,0.507143973,0.11700984625,0.40147625675000004,401.0,1135.0
0.806044939651732,0.3651197985,0.117262182,0.393325485,401.0,1135.0
0.8017379345660373,0.1597844585,0.1069234355,0.383382689,401.0,1135.0
0.7587881175026892,0.0019477455,0.11273118174999999,0.28109487099999997,401.0,1135.0
0.6272701126595407,0.0,0.05890395033333334,0.13948944633333335,401.0,1135.0
0.6266428021978598,0.0,0.05141820825,0.0702986855,401.0,1135.0
0.7623145592022276,0.024329943,0.042814044499999995,0.05840177,401.0,1135.0
0.82214277380133,0.15685202,0.033202029,0.0776730635,401.0,1135.0
0.8229606608027741,0.299989774,0.027224246,0.095508733,401.0,1135.0
0.8154026049120869,0.3519194868,0.0286569714,0.1249165128,401.0,1135.0
0.8055632187135255,0.200447677,0.036414361500000006,0.148440465,401.0,1135.0
0.7949700670219413,0.0483459145,0.0448497075,0.149109445,401.0,1135.0
0.7506879660424893,0.0,0.052982048000000004,0.16036751400000002,401.0,1135.0
0.6414122801070549,0.0,0.0454228465,0.2178547355,401.0,1135.0
0.6267193120333279,0.0,0.043850299800000006,0.3095554114,401.0,1135.0
0.7690867197806548,0.022785675,0.0486150045,0.398438698,401.0,1135.0
0.8252321584911653,0.18949983650000002,0.0381002745,0.429500767,401.0,1135.0
0.8167095991641169,0.403518252,0.033696630000000005,0.46788747399999997,401.0,1135.0
0.8145040698439368,0.503724282,0.0456170595,0.533527254,401.0,1135.0
0.8072684844835746,0.34765435,0.055076223333333334,0.553068647,401.0,1135.0
0.8016958791347717,0.13132533700000001,0.0550975615,0.5488716680000001,401.0,1135.0
0.7594722788377033,0.00175349675,0.0780875425,0.585838251,401.0,1135.0
0.5940660569000308,0.0,0.1427586878,0.7025700471999999,401.0,1135.0
0.6026659917018503,0.01581591775,0.18556313725,0.679119635,401.0,1135.0
0.6609498141933713,0.197516811,0.149782611,0.636853424,401.0,1135.0
0.689118877636846,0.41955785199999995,0.17274349900000002,0.6073893370000001,401.0,1135.0
0.6883355830227341,0.5710778166666667,0.16574360466666668,0.5727746420000001,401.0,1135.0
0.6870947111764604,0.3762808403333333,0.18823654166666667,0.5547905886666666,401.0,1135.0
0.684669364292255,0.166189312,0.12605535499999998,0.4554487545,401.0,1135.0
0.6728919997049468,0.002290833,0.08384055666666668,0.35084760333333326,401.0,1135.0
0.6487201964898681,0.0,0.06849257049999999,0.264814778,401.0,1135.0
0.5851683853236724,0.0,0.06692316300000001,0.28321644149999997,401.0,1135.0
0.5929313898580666,0.0,0.09458152666666668,0.4481810126666666,401.0,1135.0
0.647646930616164,0.16680480450000001,0.093326117,0.58260032,401.0,1135.0
0.6875837185191609,0.506968283,0.061817066500000004,0.606382747,401.0,1135.0
0.68894860218832,0.720087036,0.067103666,0.619961469,401.0,1135.0
0.6879320945765206,0.6996152314999999,0.085688494,0.6703609815,401.0,1135.0
0.6885167840458939,0.5264618615000001,0.0799793305,0.6601238055,401.0,1135.0
0.6878155768392713,0.305152788,0.058956559,0.608752403,401.0,1135.0
0.6785148776987129,0.07359175400000001,0.070143997,0.6178029995000001,401.0,1135.0
0.6621365626880429,0.0,0.11186959725,0.721472107,401.0,1135.0
0.6117382830892388,0.0,0.12653081924999998,0.7235381577500001,401.0,1135.0
0.6546425246750963,0.0,0.1209884755,0.60284213,401.0,1135.0
0.7666942035290722,0.039745697,0.114684435,0.5370719465,401.0,1135.0
0.8167697506928515,0.351003968,0.074261785,0.47709469849999997,401.0,1135.0
0.816889730629395,0.666520242,0.038333809999999996,0.415492194,401.0,1135.0
0.8229454576594263,0.8091136243333333,0.048991212000000006,0.3981973123333333,401.0,1135.0
0.8209221067893979,0.625421613,0.039811973,0.343690328,401.0,1135.0
0.8114389676088238,0.2780079005,0.023976360500000002,0.258465641,401.0,1135.0
0.7812551701626544,0.0034154475,0.04725933,0.30400150849999996,401.0,1135.0
0.7339528535814774,0.0,0.1150315765,0.427462786,401.0,1135.0
0.6393228531397462,0.0,0.18327425,0.5250397645,401.0,1135.0
0.6088456840143066,0.0,0.22569877424999998,0.666510782,401.0,1135.0
0.697270763574218,0.0,0.249729316,0.7666402115,401.0,1135.0
0.8009621033272649,0.181309617,0.250325496,0.7856787654999999,401.0,1135.0
0.820759747969257,0.563883471,0.180428493,0.799946797,401.0,1135.0
0.8349864183326923,0.7997866605,0.151530445,0.8098967095,401.0,1135.0
0.8407855812718608,0.8123179075,0.2172898265,0.8482844060000001,401.0,1135.0
0.8326917464115027,0.6071396765,0.228465578,0.8609625439999999,401.0,1135.0
0.8252950799118977,0.356201093,0.203986639,0.868502962,401.0,1135.0
0.800909060790304,0.086230793,0.23707713200000002,0.8791891145,401.0,1135.0
0.7483577630814868,0.0,0.259532838,0.8654871463333333,401.0,1135.0
0.6283049855368257,0.0,0.1962301723333333,0.7586191303333334,401.0,1135.0
0.6241192724409065,0.0,0.1478813785,0.71905760025,401.0,1135.0
0.7589600088872503,0.0308729875,0.134363683,0.7371363005,401.0,1135.0
0.8147317043935866,0.311001406,0.110022742,0.7088187535,401.0,1135.0
0.8210817414515799,0.6407966905,0.12350038199999999,0.718688694,401.0,1135.0
0.8257186110796468,0.7164350435,0.23487203425,0.748813485,401.0,1135.0
0.8201694955174625,0.4017161715,0.2241182165,0.748185012,401.0,1135.0
0.8062293644827473,0.163818262,0.197482082,0.76995176,401.0,1135.0
0.7719697669591455,0.0013894476666666666,0.240867897,0.8284335716666668,401.0,1135.0
0.6895983365960094,0.0,0.2737531995,0.863701552,401.0,1135.0
0.6116143905670182,0.0,0.24800378999999997,0.850801906,401.0,1135.0
0.6562165888613019,0.0,0.1909660475,0.81364509275,401.0,1135.0
0.8011010101963143,0.12651322,0.182039134,0.7472342485,401.0,1135.0
0.8161134374105503,0.445681279,0.1631651045,0.7820177325,401.0,1135.0
0.8229732913512089,0.6375892718,0.24572621679999998,0.8062556942000001,401.0,1135.0
0.818132372184124,0.3853331445,0.19053055749999998,0.7489349135000001,401.0,1135.0
0.8066167728851315,0.14990027,0.13603132,0.652900952,401.0,1135.0
0.7712341901805436,0.0010192323333333333,0.174664999,0.6387689870000001,401.0,1135.0
0.7208416427193464,0.0,0.258134744,0.746525898,401.0,1135.0
0.6342643526484738,0.0,0.3564530453333334,0.8238036113333335,401.0,1135.0
0.6278413340013286,0.0,0.4827722805,0.90606633675,401.0,1135.0
0.7576587624759517,0.0256915985,0.577257488,0.920005856,401.0,1135.0
0.8144967759275719,0.2392889885,0.5829895700000001,0.9353388725,401.0,1135.0
0.8148070899969028,0.3848020575,0.5872858624999999,0.9366876985,401.0,1135.0
0.8124462342935516,0.397368951,0.6750532953333334,0.935271563,401.0,1135.0
0.806761696541991,0.23966079066666665,0.6883233643333334,0.9361144153333334,401.0,1135.0
0.800682303141136,0.044535413,0.6357793035,0.9354916470000001,401.0,1135.0
0.7232059761980775,0.0,0.60815619975,0.929623081,401.0,1135.0
0.585494522155248,0.0,0.5263849418333334,0.9011734436666666,401.0,1135.0
0.6177676770618248,0.0203280935,0.413591221,0.8763439435,401.0,1135.0
0.679746162961376,0.2120538755,0.43296047849999997,0.870432109,401.0,1135.0
0.695154630712103,0.41470217750000005,0.4314399685,0.8732417545,401.0,1135.0
0.6923536017876998,0.416199002,0.413515417,0.8531469389999998,401.0,1135.0
0.6972709484988096,0.245988168,0.397952867,0.8342228275,401.0,1135.0
0.7001675751518046,0.114625402,0.320436872,0.772042859,401.0,1135.0
0.6959857202688722,0.022740117,0.2514207705,0.7024461005,401.0,1135.0
0.6649715836024342,0.0,0.21845336175,0.570124694,401.0,1135.0
0.588087449555302,0.0,0.20927845814285712,0.3896066661428571,401.0,1135.0
0.6502810462398405,0.0223481635,0.20909568550000002,0.28907265849999997,401.0,1135.0
0.7024768349057242,0.071137899,0.2138162575,0.28008788500000004,401.0,1135.0
0.7046208737061468,0.11972327333333332,0.26169874033333335,0.31087828033333337,401.0,1135.0
0.7085828033180787,0.1118183535,0.38287196,0.5288882555,401.0,1135.0
0.7121187318479985,0.08158744100000001,0.47874456750000005,0.667595645,401.0,1135.0
0.7058855356481802,0.0128142745,0.5459669045,0.7992851784999999,401.0,1135.0
0.675721358038344,0.0,0.5697965306666667,0.8837741026666667,401.0,1135.0
0.6355699639681914,0.0,0.5035481425714285,0.9050329577142858,401.0,1135.0
0.776404030763538,0.0174710975,0.528360163,0.9048784240000001,401.0,1135.0
0.8387512278305198,0.2698876445,0.52482215,0.8856450935,401.0,1135.0
0.832574767025587,0.5260570065,0.511079179,0.8654952415,401.0,1135.0
0.8232314817069295,0.5891768187499999,0.5082091799999999,0.84762830125,401.0,1135.0
0.8197265984698576,0.309234518,0.5092840235,0.846482484,401.0,1135.0
0.8205821090090896,0.117721869,0.43433123,0.836109735,401.0,1135.0
0.7840064038877838,0.00040749600000000003,0.34608343066666664,0.7740036486666666,401.0,1135.0
0.6644227518895556,0.0,0.23891017274999998,0.56172583825,401.0,1135.0
0.6581154971357782,0.0,0.1877572735,0.350711058,401.0,1135.0
0.7862311833718644,0.0206128,0.1623583565,0.268839361,401.0,1135.0
0.8424332189495197,0.315454146,0.1114648045,0.18944709999999998,401.0,1135.0
0.8324039142676735,0.6319833020000001,0.0967005225,0.140593828,401.0,1135.0
0.822690971153265,0.6496714985,0.087752313,0.1427944525,401.0,1135.0
0.815847579478112,0.48144258549999996,0.0872203885,0.1701559675,401.0,1135.0
0.8124079489378264,0.30267779,0.08094420399999999,0.23707017149999998,401.0,1135.0
0.8179030295675498,0.109024759,0.071684743,0.278967039,401.0,1135.0
0.783737452611016,0.0,0.114046973,0.4285943626666667,401.0,1135.0
0.6919370027403007,0.0,0.1934187345,0.64138534,401.0,1135.0
0.6498971851086907,0.0,0.24741779516666665,0.777751508,401.0,1135.0
0.78421148735853,0.0104060705,0.3038143095,0.84878941,401.0,1135.0
0.8399678331295632,0.255952901,0.279284187,0.8600703585,401.0,1135.0
0.8263756860988176,0.5390267719999999,0.2507173065,0.8511981375,401.0,1135.0
0.8125851724804753,0.624645795,0.2755229665,0.847830584,401.0,1135.0
0.8048321203357207,0.33464366850000005,0.2868771275,0.8490541535,401.0,1135.0
0.8008726836707744,0.102773902,0.3076587,0.839548,401.0,1135.0
0.7762117115083447,0.0,0.32168682066666665,0.807138054,401.0,1135.0
0.687136920291771,0.0,0.3028601475,0.7680997885,401.0,1135.0
0.6129099243881457,0.0,0.24971709274999998,0.64834639625,401.0,1135.0
0.6548258419138592,0.0,0.1984604395,0.538997357,401.0,1135.0
0.7676849741448742,0.0094956715,0.18029355,0.567776507,401.0,1135.0
0.8286944094846934,0.167187447,0.171274562,0.596901324,401.0,1135.0
0.8201029273042507,0.39935112149999996,0.141756606,0.6540621664999999,401.0,1135.0
0.8150381867458467,0.6457238635,0.1245957615,0.6996600735,401.0,1135.0
0.8115536388618767,0.694963259,0.15043573433333335,0.7386279076666667,401.0,1135.0
0.8062377202241854,0.41973975950000003,0.1337150895,0.714471851,401.0,1135.0
0.7977647409033977,0.133889278,0.153652444,0.707923633,401.0,1135.0
0.7594955110665652,0.0,0.20844314225000002,0.7195376195,401.0,1135.0
0.6303820559622443,0.0,0.23646569033333334,0.7503790393333333,401.0,1135.0
0.6317446930130322,0.0,0.228227437,0.7964419954999999,401.0,1135.0
0.7666601114544489,0.010736777,0.2154699775,0.818963628,401.0,1135.0
0.826787653348593,0.178556076,0.190220099,0.813817594,401.0,1135.0
0.826362067628865,0.381560362,0.18233092350000002,0.78657911,401.0,1135.0
0.8220973024571525,0.582038524,0.175276287,0.645660966,401.0,1135.0
0.8144664463061488,0.5122983225,0.249808961,0.7086684544999999,401.0,1135.0
0.8121966106192375,0.29662694,0.296823993,0.7164607275,401.0,1135.0
0.8087314051405264,0.0425761445,0.3238070045,0.713722474,401.0,1135.0
0.771267274338816,0.0,0.31299557600000005,0.6020266009999999,401.0,1135.0
0.6795892514960755,0.0,0.2594590595,0.4331483545,401.0,1135.0
0.6075791642374186,0.0,0.18711520425,0.26119383749999997,401.0,1135.0
0.6183061796702518,0.0,0.15127697633333334,0.17988814966666666,401.0,1135.0
0.6745994120915833,0.1201029225,0.132909167,0.1716663925,401.0,1135.0
0.7072067018845939,0.48682415599999995,0.106756611,0.237712174,401.0,1135.0
0.7009034288754188,0.693920246,0.09754472,0.2925899345,401.0,1135.0
0.6957250789995038,0.6402302665,0.100909007,0.398572861,401.0,1135.0
0.6951726807441274,0.4927195865,0.1089071945,0.479969692,401.0,1135.0
0.6986720014958874,0.198267001,0.104154247,0.4701576545,401.0,1135.0
0.6787563427386676,0.0,0.1519440114,0.49767616200000003,401.0,1135.0
0.620131410286821,0.0,0.16953695366666668,0.6216628413333333,401.0,1135.0
0.6605230592288135,0.09040077566666667,0.135467761,0.5972350186666667,401.0,1135.0
0.7060865794997762,0.5442729525,0.06012577449999999,0.5050398604999999,401.0,1135.0
0.6934437636269966,0.800112512,0.05527187166666667,0.44269956233333335,401.0,1135.0
0.6891181160656794,0.7004342335,0.0625286185,0.390809823,401.0,1135.0
0.6899686406004717,0.391881294,0.0508043755,0.3617670705,401.0,1135.0
0.695439278043525,0.082958022,0.055718257,0.363904873,401.0,1135.0
0.6785751956463235,0.0,0.08823637999999999,0.4208541932,401.0,1135.0
0.6378097601323571,0.0,0.1141139855,0.4866193615,515.5,1460.5
0.6585926824172641,0.0,0.13123654175,0.53027079625,630.0,1786.0
0.8303547423349725,0.004027619,0.1694092355,0.580302819,630.0,1786.0
0.8762125423433815,0.1472687935,0.1767485655,0.63489764,630.0,1786.0
0.8623286857176974,0.34904660249999997,0.213616034,0.696947697,630.0,1786.0
0.8604022866462602,0.40915132874999993,0.332181001,0.765232579,630.0,1786.0
0.8656786652800503,0.24881543700000003,0.3761095105,0.8189397439999999,630.0,1786.0
0.8589662870439871,0.0307224605,0.33735552150000003,0.8097057480000001,630.0,1786.0
0.780871101560253,0.0,0.2860560173333333,0.7158178103333334,630.0,1786.0
0.6689342866388234,0.0,0.261072374,0.613923612,630.0,1786.0
0.6450874160416257,0.0,0.28533978849999997,0.75912159675,630.0,1786.0
0.762650217551354,0.0,0.3371167525,0.8855955165,630.0,1786.0
0.8689431036312405,0.0542548545,0.3916887235,0.9177860355,630.0,1786.0
0.8765166243214206,0.158332906,0.4782265435,0.9307341505,630.0,1786.0
0.867880501742306,0.1308250695,0.6160256952500001,0.9236873225,630.0,1786.0
0.857732924859435,0.0900442735,0.673765666,0.911611935,630.0,1786.0
0.8537944927116959,0.036610936,0.6622183804999999,0.899191123,630.0,1786.0
0.792885095113395,0.0,0.63983508525,0.89566368975,630.0,1786.0
0.6469020905626738,0.0,0.6254135433333333,0.9081185973333333,630.0,1786.0
0.6537318252308706,0.0,0.63168927625,0.9139275410000001,630.0,1786.0
0.838176301915603,0.03726971766666667,0.599240414,0.847844127,630.0,1786.0
0.8599280211848815,0.285631152,0.5628016725,0.762996019,630.0,1786.0
0.8461691759028132,0.45422565249999997,0.53481380575,0.6755604065,630.0,1786.0
0.8387845583339768,0.32918937950000005,0.465073198,0.711724649,630.0,1786.0
0.8446964072933237,0.108972283,0.312473735,0.712564515,630.0,1786.0
0.8114571561685886,0.0,0.21956094166666665,0.643659061,630.0,1786.0
0.7078835348370108,0.0,0.188338084,0.620828612,630.0,1786.0
0.6324368407374108,0.0,0.1563580485,0.4993506665,630.0,1786.0
0.6838157697772616,0.0,0.140078404,0.46248872350000003,630.0,1786.0
0.8388550659712348,0.037243095999999996,0.133461057,0.4591092083333333,630.0,1786.0
0.8607553714868756,0.259651174,0.11615392199999999,0.475573195,630.0,1786.0
0.8444108369959753,0.45445215299999997,0.11065992150000001,0.5023276585,630.0,1786.0
0.8340842362069378,0.509415268,0.1488673535,0.6578134355,630.0,1786.0
0.8274239311450582,0.3519205045,0.132923515,0.7037934969999999,630.0,1786.0
0.8306507916924992,0.11718518650000001,0.12538283849999998,0.7005315915,630.0,1786.0
0.7912428121294373,0.0,0.151613236,0.68729926175,630.0,1786.0
0.6413710441767383,0.0,0.1856158925,0.73913213325,630.0,1786.0
0.6655043812761702,0.0,0.17230542533333335,0.6686706533333333,630.0,1786.0
0.8396874329879648,0.07141303533333333,0.16332884233333334,0.6084693906666666,630.0,1786.0
0.8450880623331882,0.491000521,0.09539860850000001,0.5802589925,630.0,1786.0
0.8250075246578465,0.776722579,0.069160592,0.43074142425000006,630.0,1786.0
0.8178529418471779,0.5981932525,0.07945350600000001,0.31833438999999997,630.0,1786.0
0.8172016606347612,0.18488327899999998,0.13464098349999998,0.289813634,630.0,1786.0
0.7833830750657599,0.0,0.22499751775000001,0.27325987949999997,630.0,1786.0
0.6166699673552087,0.0,0.20665394175000001,0.18527297299999998,630.0,1786.0
0.62069781433748,0.001156129,0.16598646379999998,0.10654300080000001,630.0,1786.0
0.6966339087997715,0.201655736,0.170258113,0.101956367,630.0,1786.0
0.7061818159957431,0.4939791295,0.104843114,0.0809369495,630.0,1786.0
0.6974665374063657,0.751708693,0.074121785,0.047107168666666664,630.0,1786.0
0.6965084580116966,0.6684192689999999,0.080560069,0.0796693735,630.0,1786.0
0.6965320710261419,0.445303376,0.071718639,0.121140727,630.0,1786.0
0.6957194467532124,0.14036186,0.095832812,0.25034785400000004,630.0,1786.0
0.6817139939235436,0.0,0.1597219055,0.5537542315,630.0,1786.0
0.6138011773214168,0.0,0.21127031725,0.71552574475,630.0,1786.0
0.6062830879929167,0.0,0.27978786299999997,0.7992086860000001,630.0,1786.0
0.6827060805528802,0.065602435,0.245901615,0.6998907635,630.0,1786.0
0.7298684281085286,0.321023131,0.1914029095,0.49561612349999995,630.0,1786.0
0.7244555653498203,0.522884976,0.130146308,0.2859224175,630.0,1786.0
0.7202887602796904,0.5383955935,0.10516602550000001,0.1782328975,630.0,1786.0
0.7235398336865773,0.39765786000000003,0.0926844215,0.088437341,630.0,1786.0
0.7257430550948321,0.197032536,0.09032443,0.042881244,630.0,1786.0
0.7319077672229028,0.0137476955,0.10821095,0.019186867500000003,630.0,1786.0
0.7059016618679231,0.0,0.09949741966666666,0.05603877533333334,630.0,1786.0
0.6779547010112859,0.0,0.0769795955,0.276993339,630.0,1786.0
0.6588830537447499,0.0,0.07961000900000001,0.42583563199999996,630.0,1786.0
0.7046206890024928,0.0,0.093049673,0.5245988006666666,630.0,1786.0
0.847088023777405,0.001800707,0.108825057,0.6109466244999999,630.0,1786.0
0.8843825015112033,0.231035116,0.086960768,0.6348501555,630.0,1786.0
0.8627401909874004,0.5127812985,0.059428702,0.6259258409999999,630.0,1786.0
0.8395495411604973,0.60299096225,0.0641449245,0.65576651175,630.0,1786.0
0.835211560377231,0.286950766,0.06616470799999999,0.628395027,630.0,1786.0
0.8235117894414665,0.006007222,0.09080184175,0.59000002825,630.0,1786.0
0.6926827352372177,0.0,0.096403421,0.600170119,630.0,1786.0
0.6677994470403428,0.0,0.0848574092,0.6001652832,630.0,1786.0
0.853707889012648,0.03881599,0.08803266566666666,0.5812263913333333,630.0,1786.0
0.8751041460998125,0.241079846,0.073830211,0.624717418,630.0,1786.0
0.8502583335231462,0.4456085245,0.0554595705,0.614140229,630.0,1786.0
0.8249578293222708,0.6004159554999999,0.056871011750000006,0.5378103307500001,630.0,1786.0
0.8183858126622354,0.2808521765,0.056665002500000006,0.463264494,630.0,1786.0
0.8173604186173988,0.006409973,0.09710906833333333,0.4947586706666667,630.0,1786.0
0.730071618808696,0.0,0.12984236266666668,0.4456023206666666,630.0,1786.0
0.6306360654645912,0.0,0.10614284733333335,0.3042010113333333,630.0,1786.0
0.6656056496720646,0.0,0.08223791833333334,0.12000965200000002,630.0,1786.0
0.8239614494929002,0.001413276,0.1015395145,0.1164957765,630.0,1786.0
0.8625386851557322,0.278074945,0.1122048085,0.2159828275,630.0,1786.0
0.8306746124985553,0.6230059265000001,0.077519865,0.261093625,630.0,1786.0
0.8243484419806568,0.795943741,0.11124921600000001,0.308725207,630.0,1786.0
0.8197772403011914,0.705399053,0.18766252849999998,0.37684859449999997,630.0,1786.0
0.8173476314243577,0.385277111,0.2928451975,0.6195008355,630.0,1786.0
0.807773225992628,0.01032562,0.44687760249999997,0.816306958,630.0,1786.0
0.7649929151842997,0.0,0.4825805246666666,0.8681624683333333,630.0,1786.0
0.6460178506799059,0.0,0.4216357322857142,0.855135812142857,630.0,1786.0
0.8095435674333835,0.001286193,0.396330631,0.8628065695,630.0,1786.0
0.8376010992766111,0.30394059949999996,0.323316089,0.8666010585,630.0,1786.0
0.8277305059596141,0.6145495864999999,0.176377959,0.7566913115,630.0,1786.0
0.8248029259789578,0.7646561025,0.139235864,0.6023531175,630.0,1786.0
0.8197415554889583,0.661202337,0.161692293,0.6004036724999999,630.0,1786.0
0.817315870460085,0.339959397,0.2040731225,0.730148433,630.0,1786.0
0.7796473349514632,0.0027231606,0.321408461,0.8052688226000001,630.0,1786.0
0.6435823017405035,0.0,0.330127817,0.8305131246666667,630.0,1786.0
0.6476193476551729,0.0,0.27919551175,0.8302780610000001,630.0,1786.0
0.8100916723230227,0.0009322475,0.2466307875,0.824143752,630.0,1786.0
0.8384731360427218,0.2798953705,0.2016029795,0.804008273,630.0,1786.0
0.8276837879762408,0.544528714,0.123842023,0.7776187,630.0,1786.0
0.8241856445445719,0.7222438375000001,0.1074135075,0.67552473575,630.0,1786.0
0.8186546714767077,0.515081042,0.118966877,0.6511669695,630.0,1786.0
0.8144419328613905,0.1230290155,0.166049409,0.69671394,630.0,1786.0
0.7706255261879287,0.0,0.26783214525000004,0.799156156,630.0,1786.0
0.6130485316992415,0.0,0.26145173850000003,0.829782843,630.0,1786.0
0.5968217498530111,0.0,0.20436032666666668,0.7930465333333334,630.0,1786.0
0.6551580069446608,0.06492830566666667,0.21096620333333335,0.7939325486666666,630.0,1786.0
0.6992572218777974,0.400561187,0.187502063,0.800915115,630.0,1786.0
0.6972029025458969,0.6409043750000001,0.11575239200000001,0.763929874,630.0,1786.0
0.7011019913240075,0.7313088727500001,0.138949278,0.7425347840000001,630.0,1786.0
0.6995080767256902,0.36403161949999996,0.232384011,0.8198932290000001,630.0,1786.0
0.693322706068357,0.009730699,0.345558395,0.866111544,630.0,1786.0
0.6735366209101254,0.0,0.39269581579999996,0.8910170466,630.0,1786.0
0.5967940514677019,0.0,0.32421434899999996,0.8173500530000002,630.0,1786.0
0.6307586307662283,0.00046100533333333333,0.3266572513333333,0.7372320863333334,630.0,1786.0
0.6846197378891434,0.200104531,0.316029687,0.765949267,630.0,1786.0
0.6996304573678608,0.507578552,0.24349670950000002,0.781231861,630.0,1786.0
0.6973404636853333,0.7727390763333334,0.1998124646666667,0.747578685,630.0,1786.0
0.6984810211212483,0.688133881,0.2508472425,0.744744893,630.0,1786.0
0.6973228135499762,0.352187557,0.2972553785,0.7392427795000001,630.0,1786.0
0.68526345989463,0.00173560725,0.37492696375,0.64704238625,630.0,1786.0
0.6602092672736339,0.0,0.3310858623333333,0.4796774006666667,630.0,1786.0
0.6186716135850734,0.0,0.2515482,0.3398654595,630.0,1786.0
0.6570628394894171,0.0,0.21729758700000001,0.2708565676666666,630.0,1786.0
0.8196633539281994,0.06211687966666667,0.21071516966666667,0.334293188,630.0,1786.0
0.8301785807830997,0.4668979945,0.123843271,0.34952514349999997,630.0,1786.0
0.8251394768046517,0.7099401913333333,0.06512081866666668,0.2755104523333333,630.0,1786.0
0.8196252223448943,0.6354167079999999,0.0730252935,0.23385978400000001,630.0,1786.0
0.8171749317403729,0.311736481,0.091292653,0.21925064849999998,630.0,1786.0
0.80548784824442,0.0019515926666666666,0.12544556699999998,0.21167500633333333,630.0,1786.0
0.7550548383105041,0.0,0.106211447,0.200465744,630.0,1786.0
0.6450513927367482,0.0,0.07969773166666667,0.19991172399999999,630.0,1786.0
0.6531011562834276,0.0,0.0512297865,0.1294577895,630.0,1786.0
0.8356676909113951,0.05294764333333333,0.045411697333333334,0.17726470733333333,630.0,1786.0
0.8391566398680774,0.4292528605,0.0263021125,0.19396604750000002,630.0,1786.0
0.8250204657890107,0.688993479,0.011575804666666667,0.139975568,630.0,1786.0
0.8197574358053916,0.5949353995,0.0152198895,0.1459188315,630.0,1786.0
0.8169413421549123,0.299556335,0.0233318495,0.13383283899999998,630.0,1786.0
0.8108277875260322,0.001612042,0.043384939000000004,0.200753046,630.0,1786.0
0.7569244554245022,0.0,0.05906061950000001,0.351832527,630.0,1786.0
0.6398465831952189,0.0,0.06125131725,0.314229018,630.0,1786.0
0.6644598754626111,0.0,0.04315597699999999,0.267783884,630.0,1786.0
0.8383490780439229,0.041983778666666666,0.032696863,0.22266934533333335,630.0,1786.0
0.8558844275919593,0.27799217,0.023985871,0.195073368,630.0,1786.0
0.8349018922183455,0.5211145134999999,0.0095295025,0.1511154,630.0,1786.0
0.8233515465386633,0.677168265,0.007655252,0.11593644666666668,630.0,1786.0
0.8181045814646628,0.443691837,0.015813537,0.08691135250000001,630.0,1786.0
0.8222789114411939,0.18814366,0.040088498,0.065803389,630.0,1786.0
0.8189123588132365,0.0012495313333333333,0.07189643566666666,0.06133028566666667,630.0,1786.0
0.7085754748360598,0.0,0.05694760375,0.10070490800000001,630.0,1786.0
0.622865563132813,0.0,0.060776214,0.259266443,630.0,1786.0
0.6639582886521993,0.0,0.08388687866666666,0.4071111973333334,630.0,1786.0
0.8374263838703927,0.027387716333333336,0.10188242200000001,0.46972359933333335,630.0,1786.0
0.8552123264555204,0.2430380175,0.0948944075,0.4948255735,630.0,1786.0
0.8379947157433465,0.44570455924999997,0.10146426650000001,0.418029933,630.0,1786.0
0.8327888295021348,0.32360413,0.13446113650000002,0.401819396,630.0,1786.0
0.836673665001951,0.145532058,0.162810832,0.438178125,630.0,1786.0
0.7980506436010422,0.0005371736,0.197453045,0.384553373,630.0,1786.0
0.6467290986669033,0.0,0.14166824200000003,0.23892794966666667,630.0,1786.0
0.6547094624889364,0.0,0.0987277245,0.13986146124999999,630.0,1786.0
0.8240552085805726,0.0,0.080114837,0.0916636305,630.0,1786.0
0.8749577600584006,0.129791233,0.056542108,0.07618519500000001,630.0,1786.0
0.8618943290047159,0.323464325,0.031435652,0.0495546475,630.0,1786.0
0.8467931744412858,0.416915545,0.024584724500000002,0.026910071,630.0,1786.0
0.8374942754985417,0.3487784685,0.023303357,0.025651522500000003,630.0,1786.0
0.8433363707694577,0.152912183,0.0299789335,0.0237127325,630.0,1786.0
0.8415727383133399,0.0006149143333333333,0.05184855133333333,0.03415483133333333,630.0,1786.0
0.7576712266585355,0.0,0.046055453499999996,0.0565666335,630.0,1786.0
0.637995108426408,0.0,0.03380335500000001,0.12404049466666667,630.0,1786.0
0.6237894539805494,0.0,0.0469508305,0.26992999075,630.0,1786.0
0.6877797842316878,0.024131255666666667,0.06605872433333333,0.30983252499999997,630.0,1786.0
0.7440311384245837,0.22775366400000002,0.055434532999999994,0.32470359299999996,630.0,1786.0
0.7236722414173175,0.4346035962,0.070771867,0.2843972072,630.0,1786.0
0.7288070262410016,0.193352974,0.081019541,0.1872302595,630.0,1786.0
0.7272636615088315,0.00047804625,0.10318066849999999,0.18213411475,630.0,1786.0
0.651996210374815,0.0,0.080803701,0.18304525849999997,630.0,1786.0
0.6214872150201992,0.0,0.06051279833333333,0.22867096099999998,630.0,1786.0
0.6752993386788404,0.01773820725,0.05176329675,0.30106766075,630.0,1786.0
0.7407777100461083,0.2449654225,0.037088549,0.3833948835,630.0,1786.0
0.71521342516609,0.4662787315,0.05717003425,0.505405712,630.0,1786.0
0.710604392322929,0.33830517950000005,0.0690800945,0.573240355,630.0,1786.0
0.7269936136093522,0.0736322565,0.089149773,0.600346848,630.0,1786.0
0.7116364453653202,0.0,0.13380909675000002,0.5855173035000001,630.0,1786.0
0.6625076171284274,0.0,0.1236331965,0.601947254,630.0,1786.0
0.6510888231156083,0.0,0.134323384,0.769135561,630.0,1786.0
0.8398266021096905,0.025891020666666667,0.16355451366666665,0.7853069993333334,630.0,1786.0
0.8717079556053854,0.188715788,0.17025829,0.781097865,630.0,1786.0
0.8652934736529201,0.30304678949999997,0.16914629,0.731956218,630.0,1786.0
0.8587964503771081,0.34476408599999997,0.187889087,0.644549711,630.0,1786.0
0.8509399907538366,0.29611708950000004,0.19954415650000001,0.6422529724999999,630.0,1786.0
0.8547391922487882,0.184469457,0.188468397,0.572155465,630.0,1786.0
0.8636628702476571,0.04390705,0.1792879225,0.6034460035,630.0,1786.0
0.7993208818369739,0.0,0.18687373075,0.65855545875,630.0,1786.0
0.6712247268358063,0.0,0.263502399,0.863274507,630.0,1786.0
0.652868997725981,0.0,0.365217156,0.9227558265,630.0,1786.0
0.737964024723596,0.0,0.48381046733333327,0.9318838276666667,630.0,1786.0
0.8703502737217015,0.0089513405,0.594339687,0.9320945575,630.0,1786.0
0.8788664160328666,0.073888325,0.639796289,0.9274682974999999,630.0,1786.0
0.870282505155676,0.13860725699999998,0.6646155695,0.9299655765,630.0,1786.0
0.8589178307252673,0.149421637,0.7472794080000001,0.9294086356666665,630.0,1786.0
0.8570260158112447,0.06660492700000001,0.7871789094999999,0.926084842,630.0,1786.0
0.8049753668347959,0.0,0.800472796,0.9303005087999999,630.0,1786.0
0.6399921690069453,0.0,0.7971294031666666,0.9322906268333332,630.0,1786.0
0.8015847626537775,0.0051413585,0.7511437745,0.9313753967499999,630.0,1786.0
0.8604258534295576,0.066814068,0.67690749,0.917251822,630.0,1786.0
0.854224648521236,0.137136347,0.61900636,0.869674375,630.0,1786.0
0.8490345575907986,0.19005696766666666,0.5868654276666666,0.8064948626666667,630.0,1786.0
0.847915650803474,0.11990854349999999,0.4731243945,0.792341535,630.0,1786.0
0.8555774832596268,0.0114787065,0.367476786,0.732223166,630.0,1786.0
0.7939522210266967,0.0,0.3300041125,0.70871105525,630.0,1786.0
0.6470030971698604,0.0,0.36826934566666664,0.790369475,630.0,1786.0
0.6526383625262816,0.0,0.47756347425,0.80113448775,630.0,1786.0
0.8329961518418735,0.003785189333333333,0.5250106046666666,0.7904375756666666,630.0,1786.0
0.8640969038397128,0.08284973849999999,0.5396012320000001,0.7589196794999999,630.0,1786.0
0.8609926853033691,0.19044781033333336,0.5362829250000001,0.7344966953333333,630.0,1786.0
0.8566007999406995,0.199037018,0.4954312725,0.724672293,630.0,1786.0
0.8596065814821147,0.107703092,0.42766484,0.69540261,630.0,1786.0
0.8553952742096472,0.0,0.374026028,0.660914225,630.0,1786.0
0.793557034523668,0.0,0.29434830425,0.61478837825,630.0,1786.0
0.6423892826396302,0.0,0.17333197275,0.586557696,630.0,1786.0
0.698289636845452,0.0,0.172763235,0.689389744,630.0,1786.0
0.8632019692334726,0.0156365855,0.22002098399999998,0.7478117715,630.0,1786.0
0.8744624670470923,0.13103303700000002,0.2674650625,0.8151723325,630.0,1786.0
0.8676480662785111,0.27532884575,0.30335543375,0.8354666085,630.0,1786.0
0.8648280482829622,0.21617973899999998,0.347626278,0.7849155425000001,630.0,1786.0
0.8704000383211475,0.057477438,0.339488893,0.801560477,630.0,1786.0
0.811948469788278,0.0,0.3865715754,0.8346400383999999,630.0,1786.0
0.6249284642847497,0.0,0.3891819736,0.8367760052,630.0,1786.0
0.662146236318774,0.0028432664,0.376782653,0.753748182,630.0,1786.0
0.7585292068358588,0.132709064,0.307878381,0.612082518,630.0,1786.0
0.754914684360384,0.28050392550000003,0.24920677950000003,0.52167955,630.0,1786.0
0.7451888843471894,0.31919578000000004,0.16535705750000002,0.4096847245,630.0,1786.0
0.745868094806808,0.255504528,0.127456741,0.36699169600000003,630.0,1786.0
0.7612958361407984,0.10948878649999999,0.092245966,0.403856173,630.0,1786.0
0.7368206695133852,0.0,0.1377007458,0.5465520432000001,630.0,1786.0
0.6464407322870083,0.0,0.25467796600000003,0.5454221334285715,630.0,1786.0
0.6654639108717996,0.0035116356666666667,0.386658674,0.6351420406666666,630.0,1786.0
0.7500608903985848,0.16930231950000002,0.448968411,0.6376411085,630.0,1786.0
0.7633256423593465,0.27630294499999997,0.3951242035,0.5156191705,630.0,1786.0
0.7599155721365086,0.22058755433333332,0.443937295,0.589381745,630.0,1786.0
0.7732757300522116,0.0873841525,0.4464423365,0.7191740314999999,630.0,1786.0
0.7558210168170125,0.0,0.4496293617999999,0.8321535927999999,630.0,1786.0
0.678131818338287,0.0,0.3504860082,0.8208433222,630.0,1786.0
0.7061362982547146,0.0,0.3410889416666667,0.806899924,630.0,1786.0
0.8623574148687022,0.018085512,0.3524304223333334,0.7919039613333333,630.0,1786.0
0.8904772060937876,0.08352936,0.34713814249999997,0.769673667,630.0,1786.0
0.8882555809327549,0.084530188,0.33865132299999995,0.769892181,630.0,1786.0
0.889292023172474,0.028200753666666672,0.42906611433333336,0.835104202,630.0,1786.0
0.8495273548492166,0.0,0.5238164185999999,0.8662421846000001,630.0,1786.0
0.7213284646599014,0.0,0.4285843215,0.889841009,630.0,1786.0
0.6684529810849947,0.0,0.5168420385,0.9109692699999999,630.0,1786.0
0.8314538138057321,0.0158411375,0.5377329765000001,0.7824235565,630.0,1786.0
0.8799786903903574,0.140918702,0.54115102,0.6530425715,630.0,1786.0
0.8737436936613189,0.270283717,0.4771959885,0.5640273185,630.0,1786.0
0.8723775483292217,0.23481640533333334,0.6123923186666667,0.750153776,630.0,1786.0
0.875696798925828,0.044296113500000005,0.7104113155,0.757935086,630.0,1786.0
0.8404310421219543,0.0,0.7021594742,0.7761722632000001,630.0,1786.0
0.7379607623621667,0.0,0.659272472,0.851462157,630.0,1786.0
0.6481233242348113,0.0,0.5984972054,0.87777057,630.0,1786.0
0.7084459041070481,0.0,0.48351235000000004,0.8480757015,630.0,1786.0
0.8575087526195482,0.10196643066666668,0.38658685900000006,0.78818448,630.0,1786.0
0.8802219285323654,0.480131683,0.23467915099999997,0.745835943,630.0,1786.0
0.8694626327004202,0.5764359035,0.1578438365,0.6707673569999999,630.0,1786.0
0.8630995468595218,0.364839371,0.14984313866666668,0.47926877166666665,630.0,1786.0
0.8727030195869243,0.0137735085,0.2543131515,0.48984467900000006,630.0,1786.0
0.8299941556206784,0.0,0.2990630565,0.55599074375,630.0,1786.0
0.689361365574916,0.0,0.24446034700000002,0.5595122875,779.0,2207.0
0.7076557502266891,0.0,0.24938341950000004,0.6987207845,928.0,2628.0
0.8981215883629168,0.011772258,0.26162836,0.778047664,928.0,2628.0
0.9173694667766019,0.2499929985,0.19676077,0.751193046,928.0,2628.0
0.8916922107014753,0.31198531533333335,0.09816979533333332,0.5934351313333334,928.0,2628.0
0.8849974516695354,0.204939092,0.11643561350000001,0.526773828,928.0,2628.0
0.895609715218217,0.070593408,0.15825545,0.5055935545,928.0,2628.0
0.8939793578267322,0.0,0.2219604833333333,0.5405899843333333,928.0,2628.0
0.7775744409275299,0.0,0.31737425766666666,0.5995647013333333,928.0,2628.0
0.6685563190842273,0.0,0.34929468875,0.6625715185,928.0,2628.0
0.6863593347880668,0.0,0.3269289315,0.794131715,928.0,2628.0
0.8600823315874871,0.006086005666666667,0.3009488183333333,0.7903892003333333,928.0,2628.0
0.9175792355560066,0.20619812699999998,0.229716062,0.7602216905000001,928.0,2628.0
0.8929951961661672,0.393001151,0.15628191274999997,0.6540289404999999,928.0,2628.0
0.8916734063892181,0.253323109,0.106356377,0.556941122,928.0,2628.0
0.9156025643367152,0.01213620575,0.10715955725000001,0.40957509350000004,928.0,2628.0
0.7858692734635704,0.0,0.10645756966666668,0.26858626333333335,928.0,2628.0
0.6874166278830418,0.0,0.113262034,0.2383383445,928.0,2628.0
0.6738640320135355,0.0,0.09618815124999999,0.25701862774999995,928.0,2628.0
0.7067742224765742,0.002763362,0.08903316066666667,0.2979515836666667,928.0,2628.0
0.7682552607061088,0.163447283,0.076634129,0.39048213,928.0,2628.0
0.7806087364269367,0.350262468,0.047994474499999995,0.447581286,928.0,2628.0
0.7591151892860444,0.46806317999999997,0.0416883635,0.45865897375,928.0,2628.0
0.764755386506199,0.260176443,0.062243625,0.452134263,928.0,2628.0
0.8006492036277153,0.0272084385,0.1020003825,0.474454606,928.0,2628.0
0.7575542149273866,0.0,0.1633492756,0.5595140808,928.0,2628.0
0.6818553786053676,0.0,0.159974753,0.5833719266666666,928.0,2628.0
0.6804449851489259,0.001706601,0.14602844616666666,0.5755554396666667,928.0,2628.0
0.7565332156364531,0.129856381,0.127250948,0.587932208,928.0,2628.0
0.7645352304660997,0.240268001,0.0870851775,0.5372807255000001,928.0,2628.0
0.7517106285279647,0.326649772,0.060147326,0.39599892950000004,928.0,2628.0
0.7452669937770587,0.300674343,0.057259238000000004,0.317249601,928.0,2628.0
0.7601507161269425,0.11495128299999999,0.09343485,0.3459812255,928.0,2628.0
0.7512039374674245,0.0,0.1695513878,0.4493449806,928.0,2628.0
0.6768258834115812,0.0,0.164512735,0.37209890985714283,928.0,2628.0
0.856005254050094,0.003148261333333333,0.18699720500000003,0.42001541366666667,928.0,2628.0
0.9096954007964954,0.155513324,0.14931954349999998,0.3898486025,928.0,2628.0
0.8797905572358009,0.366652923,0.10389581833333333,0.30454675366666667,928.0,2628.0
0.868044137691002,0.27676165166666666,0.12845383866666668,0.3810129576666667,928.0,2628.0
0.8867368636438673,0.0151752335,0.2166157675,0.47567946299999997,928.0,2628.0
0.8416305202886187,0.0,0.24703828125000002,0.424265009,928.0,2628.0
0.6938624245062616,0.0,0.23789906166666666,0.376760543,928.0,2628.0
0.6690383861926523,0.0,0.225828833,0.39815136500000003,928.0,2628.0
0.845897070413466,0.004880275,0.22876640233333334,0.4913504063333334,928.0,2628.0
0.8835504425916569,0.303542099,0.173871893,0.517649676,928.0,2628.0
0.8546549151529685,0.5412530386,0.10322869080000001,0.48121742300000003,928.0,2628.0
0.8561369905067768,0.1412009555,0.2219095505,0.5698535625,928.0,2628.0
0.8366078167353022,0.0,0.277215291,0.6335643646,928.0,2628.0
0.7067898414240807,0.0,0.22361510150000002,0.656453912,928.0,2628.0
0.6600898489102126,0.0,0.2205016335,0.64389625675,928.0,2628.0
0.7413489663015265,0.0,0.224734411,0.648703499,928.0,2628.0
0.8881852579991509,0.005428677,0.22707468050000001,0.6141876655,928.0,2628.0
0.8976116150565827,0.3304359675,0.200326707,0.6341478865000001,928.0,2628.0
0.8732319511988731,0.5775080203333334,0.12086720933333332,0.6208798576666666,928.0,2628.0
0.8675856371615073,0.3995855506666666,0.15309231833333334,0.6519050036666667,928.0,2628.0
0.8837792310972692,0.0081211845,0.210318553,0.6861681475,928.0,2628.0
0.8396599423014728,0.0,0.21396678749999998,0.6987134185000001,928.0,2628.0
0.7074680593224965,0.0,0.1848290125,0.656050341,928.0,2628.0
0.6709766909147545,0.0,0.18784056580000003,0.6166332588000001,928.0,2628.0
0.85742091785739,0.0016692726666666666,0.17460830033333333,0.5972804076666667,928.0,2628.0
0.9135083132236954,0.1866832705,0.1230773245,0.6037893085,928.0,2628.0
0.8802827266343577,0.3634694908,0.0492879862,0.43910075060000003,928.0,2628.0
0.8923786531045225,0.1049343165,0.049660464,0.3110423425,928.0,2628.0
0.9101448069908732,0.0,0.08643890266666666,0.3300445983333333,928.0,2628.0
0.7585169965103304,0.0,0.12695533875,0.26004282925,928.0,2628.0
0.6810875952096935,0.0,0.1377322742,0.3619459996,928.0,2628.0
0.859715666996196,0.0009787003333333333,0.14394896233333335,0.4434321353333333,928.0,2628.0
0.9182204993569114,0.132236345,0.13880436499999999,0.477342344,928.0,2628.0
0.8894699084225917,0.29620721699999997,0.132107961,0.509305045,928.0,2628.0
0.8814071884503576,0.149524926,0.1230872485,0.5564067875,928.0,2628.0
0.8947578054060197,0.008174179,0.172536193,0.598416126,928.0,2628.0
0.8431994486914077,0.0,0.23462972175000002,0.68429238825,928.0,2628.0
0.6689477547498386,0.0,0.2912198855,0.745373489,928.0,2628.0
0.6310975819440494,0.0,0.35632260266666665,0.8133307836666667,928.0,2628.0
0.6574625195053603,0.0,0.398296372,0.8435259305,928.0,2628.0
0.7307931614236551,0.07517827933333333,0.4001334556666667,0.88030309,928.0,2628.0
0.7444845609954991,0.24802980819999995,0.28502979720000005,0.8536213626,928.0,2628.0
0.7522172317658942,0.0530506455,0.3370472405,0.8090837925000001,928.0,2628.0
0.742372827549066,0.0,0.39585155020000007,0.8231021072000001,928.0,2628.0
0.6697220129917567,0.0,0.3627993283333333,0.8389215073333333,928.0,2628.0
0.6503446798332966,0.0004944084285714286,0.3848452588571428,0.8619404214285715,928.0,2628.0
0.7428503799953454,0.1468154985,0.4161475655,0.8672622560000001,928.0,2628.0
0.743584751339574,0.3093678614,0.3776118972,0.8535402682000001,928.0,2628.0
0.755759346321661,0.082511833,0.3835828865,0.8715807995,928.0,2628.0
0.7466072259376875,0.0,0.39576690379999996,0.8454180702,928.0,2628.0
0.6756312804910783,0.0,0.314375545,0.672761785,928.0,2628.0
0.6719336974507374,0.0,0.22660745533333335,0.5535979289999999,928.0,2628.0
0.8463322426063361,0.0012910443333333332,0.22865437833333332,0.5144296896666667,928.0,2628.0
0.8997826138518984,0.143476229,0.25046502,0.46484631649999997,928.0,2628.0
0.8799952404784739,0.2733097325,0.213806475,0.313018528,928.0,2628.0
0.8774334870736069,0.173122341,0.27244736599999997,0.38597701900000003,928.0,2628.0
0.8855519732436519,0.00178915825,0.308805915,0.5858102602499999,928.0,2628.0
0.7542771831783828,0.0,0.2495669425,0.7190919265,928.0,2628.0
0.6595092102007573,0.0,0.20022388375,0.74024023375,928.0,2628.0
0.7396135245720058,0.0,0.2213821615,0.723991893,928.0,2628.0
0.8914396015002758,0.017862112666666666,0.28731046200000004,0.7466894156666667,928.0,2628.0
0.8957004734238555,0.1910847115,0.31192222000000003,0.7897671895,928.0,2628.0
0.8839585164828309,0.3224419096666667,0.37757092733333336,0.8551961523333333,928.0,2628.0
0.8812673115557186,0.234461639,0.44921504349999997,0.8703830665,928.0,2628.0
0.8935111939378856,0.011071012,0.428297573,0.863144975,928.0,2628.0
0.8946904061368336,0.0,0.4086942556666667,0.8659019246666667,928.0,2628.0
0.7559632757259758,0.0,0.36341070225,0.8563890177500001,928.0,2628.0
0.6692749764944438,0.0,0.245544189,0.724090936,928.0,2628.0
0.7537229848908953,0.0,0.186305712,0.7075376365,928.0,2628.0
0.9121959640459799,0.04139713933333333,0.16604991733333332,0.7225407323333334,928.0,2628.0
0.9197430328972528,0.251904693,0.121357382,0.708080696,928.0,2628.0
0.8964095748889531,0.40852897775,0.065254304,0.5912847035,928.0,2628.0
0.889772282499409,0.26763624799999997,0.06314365450000001,0.5627191425,928.0,2628.0
0.9100229802939616,0.00294748975,0.11517774175,0.57236551475,928.0,2628.0
0.7590422731551164,0.0,0.12124520700000001,0.47087042425,928.0,2628.0
0.6822307186344935,0.0,0.0960247,0.34456355974999997,928.0,2628.0
0.768988990779577,0.0,0.093668381,0.3566843455,928.0,2628.0
0.9203853889021213,0.036069287666666665,0.09886941666666667,0.3497790686666667,928.0,2628.0
0.9176187060198657,0.2952601225,0.066137685,0.3199310555,928.0,2628.0
0.894925749909898,0.48378183650000006,0.06043308025,0.30510344625,928.0,2628.0
0.9058879360224013,0.1420385295,0.1385875215,0.43136117100000004,928.0,2628.0
0.8711261791291541,0.0,0.2208096696,0.5155134554,928.0,2628.0
0.706319094240639,0.0,0.21474072542857142,0.4052641145714285,928.0,2628.0
0.8894800028860166,0.0006821236666666666,0.22449851166666665,0.36807133266666664,928.0,2628.0
0.9394219900864047,0.2912121395,0.19915999099999998,0.40147117649999997,928.0,2628.0
0.9175323561778733,0.5976100550000001,0.1280010425,0.26981338675,928.0,2628.0
0.9117992308707863,0.38080255399999996,0.177368264,0.357344283,928.0,2628.0
0.9236508351696625,0.002525662,0.35057575550000003,0.5327019064999999,928.0,2628.0
0.7858795832857116,0.0,0.3843247996666667,0.5683329819999999,928.0,2628.0
0.6833126287386262,0.0,0.36068153975,0.5600269972499999,928.0,2628.0
0.6901154190266796,0.0,0.38466011,0.5603584653333334,928.0,2628.0
0.7445291397968279,0.07260240433333333,0.41054872566666667,0.6333286563333335,928.0,2628.0
0.7926716561773826,0.51732299,0.3207607725,0.6404149455,928.0,2628.0
0.7774875679058095,0.685428435,0.279827764,0.5470342564999999,928.0,2628.0
0.7671153341568973,0.5671843035,0.30930790750000003,0.4927198905,928.0,2628.0
0.7953136194638395,0.1530806665,0.450773017,0.578571905,928.0,2628.0
0.8025170744526212,0.0,0.48467529833333334,0.6426668759999999,928.0,2628.0
0.7282992342494713,0.0,0.404517736,0.57305681025,928.0,2628.0
0.6987571045882154,0.0,0.314635744,0.48203863566666666,928.0,2628.0
0.7548439226451332,0.05432943166666667,0.2679769696666667,0.49131887433333327,928.0,2628.0
0.8040408237009246,0.379419155,0.207584311,0.563134079,928.0,2628.0
0.7927492422065864,0.5509616743333333,0.16657419566666667,0.6149003373333333,928.0,2628.0
0.7868656609705154,0.43629919250000004,0.22059921300000002,0.731889896,928.0,2628.0
0.805164823536852,0.1111795255,0.319223606,0.810772304,928.0,2628.0
0.7841051299350934,0.0,0.397618144,0.8848476183999999,928.0,2628.0
0.7068121385906944,0.0,0.388639123,0.90292231675,928.0,2628.0
0.743700973794008,0.0,0.45235296275000003,0.9190322694999999,928.0,2628.0
0.9284453700792946,0.017071135666666667,0.4664137053333333,0.9280789293333335,928.0,2628.0
0.9360057957001873,0.21675545333333335,0.551822514,0.926674117,928.0,2628.0
0.9335587365258614,0.26472677466666666,0.625324882,0.9298158103333333,928.0,2628.0
0.9413183592932164,0.0695966275,0.6538608125,0.930127851,928.0,2628.0
0.8830187351444947,0.0,0.6748211166000001,0.9275938362,928.0,2628.0
0.7176609613994648,0.0,0.6378540673333333,0.9310219553333333,928.0,2628.0
0.7094077532458516,0.0,0.6579579795,0.9337068580000001,928.0,2628.0
0.8907534822181544,0.0,0.645273632,0.935758555,928.0,2628.0
0.9503807602307616,0.082470334,0.630940237,0.934992453,928.0,2628.0
0.9452793965390497,0.2153597143333333,0.5859887353333333,0.93279356,928.0,2628.0
0.9432431657927471,0.1682797995,0.5262181945,0.9343211014999999,928.0,2628.0
0.9498652933163454,0.03009992666666667,0.5069442143333333,0.9340819886666667,928.0,2628.0
0.9302777407956212,0.0,0.479876837,0.9279779405,928.0,2628.0
0.7923082995710905,0.0,0.4032921933333333,0.9208231706666666,928.0,2628.0
0.7071544626096843,0.0,0.3433852868,0.9136882082,928.0,2628.0
0.7915372690807604,0.0,0.291609748,0.878399482,928.0,2628.0
0.937676315420953,0.02459545,0.2539015163333333,0.8271042526666665,928.0,2628.0
0.9504085048847779,0.201620895,0.218897963,0.75483678,928.0,2628.0
0.9422532488790014,0.26507772825,0.17854769025,0.639886352,928.0,2628.0
0.9468963046986185,0.0482137435,0.18180064,0.632323459,928.0,2628.0
0.8894242431506243,0.0,0.183433364,0.6382891828,928.0,2628.0
0.7319488761584104,0.0,0.147355528,0.5131186055,928.0,2628.0
0.7359637171809652,0.0,0.12862567266666666,0.5107461303333333,928.0,2628.0
0.9364072988030582,0.018909359,0.12188333366666666,0.48940292633333343,928.0,2628.0
0.9528882021447956,0.162322741,0.10541037,0.435381766,928.0,2628.0
0.945618947694434,0.286419257,0.07549287066666667,0.380028944,928.0,2628.0
0.9418836370934608,0.21873526466666668,0.07869580433333334,0.3487490123333333,928.0,2628.0
0.9529761288169061,0.0014149683333333333,0.10422307633333333,0.36238743233333337,928.0,2628.0
0.8504451435941717,0.0,0.104998227,0.33571694333333335,928.0,2628.0
0.736778203403708,0.0,0.08290426849999999,0.2361538365,928.0,2628.0
0.7175706676483975,0.0,0.0802380942,0.2312435394,928.0,2628.0
0.8700123535260944,0.0,0.08153485199999999,0.2411797355,928.0,2628.0
0.9460025089141303,0.083598157,0.08172549566666666,0.261999364,928.0,2628.0
0.928032187232026,0.38195040225,0.044711588749999996,0.134668923,928.0,2628.0
0.9221597623396873,0.2479802255,0.07144278,0.1144851495,928.0,2628.0
0.9299082906257777,0.00084741725,0.142525015,0.212620394,928.0,2628.0
0.812258423818046,0.0,0.153770639,0.22167170349999998,928.0,2628.0
0.6926207240816683,0.0,0.12182768071428572,0.24230162442857145,928.0,2628.0
0.726534836245314,0.004744834,0.10256492425,0.26728135425,928.0,2628.0
0.796613504458971,0.052897067,0.091979916,0.238166741,928.0,2628.0
0.7965985162876988,0.10533701866666667,0.07804797133333334,0.21782962166666667,928.0,2628.0
0.7954698072818753,0.07333344233333333,0.073036337,0.19601031699999996,928.0,2628.0
0.8112499723565905,0.001286057,0.07715439,0.195336517,928.0,2628.0
0.7788280633354263,0.0,0.0855215866,0.2123667084,928.0,2628.0
0.6896050918891233,0.0,0.07366132433333333,0.169837554,928.0,2628.0
0.6696744217312748,0.0,0.06831535525,0.212821661,928.0,2628.0
0.7175908344373214,0.011058842,0.06644576075,0.33066441825,928.0,2628.0
0.7911224394766916,0.1008368375,0.062382654499999995,0.409533643,928.0,2628.0
0.7906872212183766,0.14533582066666664,0.07849794,0.45090710466666667,928.0,2628.0
0.8027951661299505,0.046854217000000004,0.12304956466666667,0.5812202126666667,928.0,2628.0
0.7927914283223153,0.0,0.19662870999999998,0.733633191,928.0,2628.0
0.7070115112608619,0.0,0.20818611979999999,0.7249555421999999,928.0,2628.0
0.7087166787800557,0.0,0.223497409,0.636193808,928.0,2628.0
0.9024262391398351,0.00263750275,0.22006405325,0.6345107222499999,928.0,2628.0
0.9393937841151281,0.054977469,0.21931012049999998,0.568786055,928.0,2628.0
0.9337566336767491,0.07276113225,0.17158285825,0.404274533,928.0,2628.0
0.9396077541293801,0.00851088,0.145401905,0.35242231150000003,928.0,2628.0
0.9310773929509182,0.0,0.141992168,0.3979714076666667,928.0,2628.0
0.7875159421098581,0.0,0.10600184033333333,0.337662175,928.0,2628.0
0.711986310374953,0.0,0.07500103066666668,0.22971405016666666,928.0,2628.0
0.8712808006778792,0.0,0.064328788,0.2001874615,928.0,2628.0
0.9493474569589421,0.025670513000000002,0.05142512900000001,0.21170184633333333,928.0,2628.0
0.9462133089187801,0.154103193,0.039532723,0.27158379450000003,928.0,2628.0
0.9420079106166788,0.17311617899999998,0.04484669933333333,0.3055231113333333,928.0,2628.0
0.9463911785375776,0.0368741095,0.053806489,0.42086522449999997,928.0,2628.0
0.9376741612814476,0.0,0.08571797433333334,0.5543959176666666,928.0,2628.0
0.7740563163053874,0.0,0.13815985749999998,0.6559295807500001,928.0,2628.0
0.7129730143951498,0.0,0.19753507119999997,0.7154960872,928.0,2628.0
0.9074932877758677,0.015000799,0.282769076,0.7875668445,928.0,2628.0
0.9429688593251689,0.2157944915,0.281829758,0.848324592,928.0,2628.0
0.9319248246937244,0.2381829185,0.3089526675,0.8839510285000001,928.0,2628.0
0.9355531273653176,0.0272604545,0.4316255405,0.920334873,928.0,2628.0
0.876486941140693,0.0,0.5169845040000001,0.934578445,928.0,2628.0
0.701522002627805,0.0,0.50805034275,0.93597350875,928.0,2628.0
0.6944275485340858,0.0,0.5062128753333334,0.935113626,928.0,2628.0
0.8875888655869542,0.01396142425,0.5136331762499999,0.9344207362499999,928.0,2628.0
0.9291591882813935,0.147976221,0.516252769,0.935750164,928.0,2628.0
0.9241406578265485,0.23845904499999998,0.45984472625,0.9352872722500001,928.0,2628.0
0.9204223815532059,0.101732109,0.5510040174999999,0.9358455299999999,928.0,2628.0
0.916304164093837,0.000324688,0.6014994932500001,0.9345446817499999,928.0,2628.0
0.8036201775887852,0.0,0.5618918545,0.933556169,928.0,2628.0
0.702062698271764,0.0,0.46850079833333336,0.9301140119999999,928.0,2628.0
0.7046132754043463,0.0,0.41853814919999993,0.9241592476000001,928.0,2628.0
0.9116986552019695,0.0032463983333333338,0.38168791566666666,0.917805746,928.0,2628.0
0.9251079312543293,0.1220036145,0.311117196,0.9083843975,928.0,2628.0
0.9208630630407124,0.18570724400000002,0.25263474533333335,0.8844733246666667,928.0,2628.0
0.9246421678501724,0.05040032333333333,0.23422291800000003,0.853353682,928.0,2628.0
0.9195767196293237,0.0,0.24802152,0.8399524473333333,928.0,2628.0
0.7835361161278535,0.0,0.24576467133333332,0.817848375,928.0,2628.0
0.6801116506192165,0.0,0.2519036476666667,0.8024184903333333,1240.5,3513.0
0.732340208077349,0.0049768385,0.26449798325,0.76786850075,1303.0,3690.0
0.7983483456806786,0.120726532,0.262541987,0.7736679655,1303.0,3690.0
0.7901549584230031,0.14306052175,0.2670852305,0.76645605125,1303.0,3690.0
0.8066455787014088,0.0208920485,0.319965873,0.7626941475,1303.0,3690.0
0.7842312776701498,0.0,0.45042104799999994,0.8211423717999999,1303.0,3690.0
0.6662464744703852,0.0,0.5142316603333333,0.8623673981666666,1303.0,3690.0
0.6730043781581916,0.0,0.5511810119999999,0.8671816813333333,1303.0,3690.0
0.7547985588974622,0.004194938,0.5763802516666666,0.8757090693333334,1303.0,3690.0
0.7659730416996966,0.018461108,0.55454077225,0.83230044075,1303.0,3690.0
0.7724104020498013,0.007211294666666666,0.6045542863333333,0.815257443,1303.0,3690.0
0.7553992165500668,0.0,0.5782104964,0.8421388524000001,1303.0,3690.0
0.6850417075266885,0.0,0.4947262943333333,0.8124027523333334,1303.0,3690.0
0.6818265185489621,0.0,0.56118535675,0.8380922617500001,1303.0,3690.0
0.8282889974471358,0.0,0.6133369040000001,0.887170985,1303.0,3690.0
0.889343173049325,0.03326407,0.6343007266666668,0.9085768373333334,1303.0,3690.0
0.8786294472321936,0.1897594448,0.5735107226,0.89655495,1303.0,3690.0
0.8848452951854978,0.02064054,0.494294145,0.8004263540000001,1303.0,3690.0
0.8496969243365159,0.0,0.4892619328,0.7714318130000001,1303.0,3690.0
0.7017606010847245,0.0,0.562537927,0.7969187569999999,1303.0,3690.0
0.6877060529301835,0.0,0.57974826625,0.822171478,1303.0,3690.0
0.8450665037050188,0.0,0.535280261,0.801730399,1303.0,3690.0
0.926629911015115,0.0117095745,0.4501219065,0.756976412,1303.0,3690.0
0.9241753270448565,0.24645996750000002,0.35616817749999996,0.6534532435,1303.0,3690.0
0.9175082818461677,0.3708996935,0.32463595275,0.57805334675,1303.0,3690.0
0.9281498592566442,0.0644295245,0.2764912985,0.5249416984999999,1303.0,3690.0
0.9264817397996309,0.0,0.22680244333333333,0.47070872999999996,1303.0,3690.0
0.8127528402602787,0.0,0.1916462365,0.4813130245,1303.0,3690.0
0.7252766450069484,0.0,0.17156733733333332,0.5074741856666667,1303.0,3690.0
0.7190997266406909,0.0,0.1565789745,0.562629482,1303.0,3690.0
0.8765934412675868,0.0,0.1505178375,0.57420761,1303.0,3690.0
0.9436761839565806,0.0166015315,0.158561183,0.593869768,1303.0,3690.0
0.9342255286474036,0.3082278836666667,0.13306792533333334,0.5933729293333333,1303.0,3690.0
0.9217200813671295,0.292926872,0.13993079633333336,0.6405770813333334,1303.0,3690.0
0.928445077779134,0.023683151,0.2650013225,0.7250131980000001,1303.0,3690.0
0.9170666926374142,0.0,0.37713142400000005,0.773267948,1303.0,3690.0
0.7827489283760777,0.0,0.39428178033333333,0.8195408036666666,1303.0,3690.0
0.6948957201557412,0.0,0.36369777933333336,0.7887785465,1303.0,3690.0
0.8407689622512801,0.0,0.331610574,0.7229260575,1303.0,3690.0
0.9199500321160659,0.0033188975,0.3090859475,0.634716693,1303.0,3690.0
0.9106202037068982,0.0399005875,0.2596409025,0.694422771,1303.0,3690.0
0.9029026973495271,0.04079243975,0.30196625325000004,0.7837894780000001,1303.0,3690.0
0.9019446106639244,0.005410016,0.3662362415,0.8346767509999999,1303.0,3690.0
0.8731446935803994,0.0,0.43457232399999995,0.88412035775,1303.0,3690.0
0.7538976001020093,0.0,0.5029902485,0.9126487910000001,1303.0,3690.0
0.6797467784929311,0.0,0.5491165193333333,0.910347775,1303.0,3690.0
0.6867150126050688,0.0,0.557336377,0.8719380756666667,1303.0,3690.0
0.8635767742627203,0.00127144425,0.55621323225,0.8437596882499999,1303.0,3690.0
0.890085874174849,0.018696404,0.561280015,0.831956413,1303.0,3690.0
0.8867920758964194,0.031008455,0.572314013,0.8537439635,1303.0,3690.0
0.8875105251670486,0.0321770005,0.608194377,0.902257407,1303.0,3690.0
0.8968000526087263,0.0118939475,0.6481577860000001,0.9189089619999999,1303.0,3690.0
0.8978149364412135,0.0,0.7091382036666668,0.9267626486666667,1303.0,3690.0
0.7815184894140685,0.0,0.7897072976666667,0.9309909423333332,1303.0,3690.0
0.6696889979233664,0.0,0.8285071272499999,0.9365157938750001,1303.0,3690.0
0.7683277226450075,0.042705817666666666,0.8417001276666666,0.934834575,1303.0,3690.0
0.7790588277503554,0.1953003225,0.8337017824999999,0.92414434,1303.0,3690.0
0.7776781558956526,0.1396194895,0.88416399175,0.93582007325,1303.0,3690.0
0.7975799004891609,0.0,0.87904671,0.935946123,1303.0,3690.0
0.7890135009986495,0.0,0.8650021090000001,0.9327636626666668,1303.0,3690.0
0.7134227020858502,0.0,0.8511674975000001,0.8899266815,1303.0,3690.0
0.6577461738778922,0.0,0.8509773039999999,0.87321828,1303.0,3690.0
0.6636333528495058,0.0,0.842183358,0.8511489541999999,1303.0,3690.0
0.7641107528578269,0.019353667333333335,0.8193901669999999,0.90214947,1303.0,3690.0
0.7875327303684757,0.115431236,0.757775122,0.9172583715,1303.0,3690.0
0.7872027039342345,0.11997516233333333,0.7811892313333333,0.9240833526666666,1303.0,3690.0
0.8046397546836768,0.0208145215,0.7600554615,0.927888961,1303.0,3690.0
0.7855807610977198,0.0,0.7925733042,0.9334571698000002,1303.0,3690.0
0.7005587991428305,0.0,0.7445029226666667,0.9296278073333334,1303.0,3690.0
0.706273231876743,0.0,0.73546649375,0.9303758719999999,1303.0,3690.0
0.9034539413175346,0.00415663575,0.70592164275,0.9302352012499999,1303.0,3690.0
0.934520023931363,0.202011623,0.62510528,0.9233778834999999,1303.0,3690.0
0.9260657719261537,0.33540637933333334,0.6281904126666666,0.9248828986666666,1303.0,3690.0
0.9294104123156569,0.17513381649999998,0.7094285505,0.9236906625000001,1303.0,3690.0
0.9312835149930777,0.00026932925,0.673109664,0.9106848032500001,1303.0,3690.0
0.7887792956606966,0.0,0.6331629493333333,0.8824921680000001,1303.0,3690.0
0.7149935386143662,0.0,0.6075529201666666,0.8460923375000001,1303.0,3690.0
0.9096625319417049,0.00298451425,0.5350642275,0.7704075065,1303.0,3690.0
0.942334428454775,0.1739632285,0.425094828,0.6337322685,1303.0,3690.0
0.9324551562754141,0.26113765025,0.37181399175,0.513248094,1303.0,3690.0
0.937054840981637,0.0575520455,0.3078085445,0.43615147099999996,1303.0,3690.0
0.9301729793575736,0.0,0.270017574,0.3818194633333334,1303.0,3690.0
0.7911743435233068,0.0,0.21526737933333337,0.2901508493333333,1303.0,3690.0
0.7235265078481913,0.0,0.17790125883333333,0.23826721283333338,1303.0,3690.0
0.8814010024245105,0.0,0.134022701,0.262368566,1303.0,3690.0
0.9516933862430207,0.037837391,0.11654726633333334,0.317531101,1303.0,3690.0
0.9441223123791467,0.2106848725,0.10420685375,0.3209676495,1303.0,3690.0
0.9432733572178356,0.133661896,0.0980447975,0.3664265835,1303.0,3690.0
0.9437564395722094,0.0,0.15341238425,0.532253003,1303.0,3690.0
0.8192666207530057,0.0,0.1773497715,0.626125798,1303.0,3690.0
0.7351734593937539,0.0,0.18541870633333335,0.612821789,1303.0,3690.0
0.7303631441418555,0.0,0.216052099,0.6180306047499999,1303.0,3690.0
0.9187771904809158,0.00317023,0.2387659965,0.65278872675,1303.0,3690.0
0.9556307103897731,0.16724650600000002,0.2596593115,0.6182751385,1303.0,3690.0
0.949437206099355,0.2107012162,0.2545044682,0.5596278291999999,1303.0,3690.0
0.9476471845395007,0.000266788,0.23946450475,0.63629782875,1303.0,3690.0
0.8233278491261369,0.0,0.21797795250000002,0.5478666385,1303.0,3690.0
0.7395992443945846,0.0,0.163358943,0.4505527346666667,1303.0,3690.0
0.7391813029426801,0.0,0.16201345225000002,0.41014515649999994,1303.0,3690.0
0.9209557138512267,0.00267191775,0.1492141705,0.41223908550000005,1303.0,3690.0
0.9572392474527556,0.1569448105,0.116215909,0.346022857,1303.0,3690.0
0.9550986247861823,0.21227095599999998,0.09137812099999999,0.2610242836666667,1303.0,3690.0
0.9564638775312435,0.086541265,0.09156742849999999,0.19944076500000002,1303.0,3690.0
0.9494271975695261,0.0,0.09398612775000001,0.27541378625,1303.0,3690.0
0.8243059709661696,0.0,0.0831190675,0.30156958899999997,1303.0,3690.0
0.7266619794137593,0.0,0.07086886166666667,0.24710126300000002,1303.0,3690.0
0.7068933869995102,0.0,0.0625935666,0.2773038858,1303.0,3690.0
0.7830795008018321,0.04322015775,0.08993416850000001,0.455083424,1303.0,3690.0
0.8210838651017259,0.30299385075,0.10892398625000001,0.59572656375,1303.0,3690.0
0.834488109305139,0.09142885733333334,0.151120226,0.6704616506666667,1303.0,3690.0
0.8094270960267039,0.0,0.2859010476,0.7709282194,1303.0,3690.0
0.7158858801889855,0.0,0.33765318566666663,0.8375418566666667,1303.0,3690.0
0.7046362808851698,0.0,0.32923922400000005,0.86150957275,1303.0,3690.0
0.7544382031179697,0.00135816875,0.28449064375,0.8207000904999999,1303.0,3690.0
0.8195977086809141,0.067025811,0.2357609115,0.7348391265,1303.0,3690.0
0.818976249375809,0.106502062,0.186909614,0.5948651805,1303.0,3690.0
0.8187785291957668,0.065426733,0.13761990699999999,0.4175087455,1303.0,3690.0
0.8350529408118653,0.0107976465,0.12881922299999998,0.391514828,1303.0,3690.0
0.8041505090379125,0.0,0.11646495080000001,0.3946928354,1303.0,3690.0
0.7159602041881662,0.0,0.08679481133333333,0.3553702226666666,1303.0,3690.0
0.7201612783037651,0.0,0.08314497900000001,0.33693899075,1303.0,3690.0
0.8760811136524764,0.0,0.110873003,0.389494883,1303.0,3690.0
0.9418685570122366,0.019464603666666667,0.14834392100000002,0.4588023106666667,1303.0,3690.0
0.9335415327392567,0.1286987455,0.150899694,0.4527563565,1303.0,3690.0
0.9337840473665627,0.042469281,0.20358523433333334,0.4827308753333333,1303.0,3690.0
0.9286087903931025,0.0,0.2472641396666667,0.46661806733333333,1303.0,3690.0
0.7883025297956957,0.0,0.24296467666666666,0.471438305,1303.0,3690.0
0.7079800557524666,0.0,0.22485927683333332,0.526771318,1303.0,3690.0
0.8655394352900749,0.0,0.1713283585,0.5435570155,1303.0,3690.0
0.9359088669343187,0.0045525765,0.1692841685,0.586698465,1303.0,3690.0
0.9314634159654287,0.151460947,0.1554749125,0.627968245,1303.0,3690.0
0.922879112206333,0.25453478100000004,0.1541432565,0.6540916827500001,1303.0,3690.0
0.9320109664126998,0.058284802,0.265415575,0.6919113215,1303.0,3690.0
0.9367713479375839,0.0,0.3628943145,0.7663393005000001,1303.0,3690.0
0.839807828839136,0.0,0.44262863066666663,0.819393512,1303.0,3690.0
0.727398979581465,0.0,0.4571173255,0.8410630324999999,1303.0,3690.0
0.7073793274661797,0.0,0.47430607360000004,0.8894200621999999,1303.0,3690.0
0.8665855106207245,0.0,0.4448332955,0.90409581,1303.0,3690.0
0.9335237444627995,0.011568239666666667,0.38865302533333335,0.8829496016666667,1303.0,3690.0
0.9253517695727442,0.05825492,0.292807315,0.8491193535,1303.0,3690.0
0.9222116968204274,0.0628025385,0.24265050275,0.77702116275,1303.0,3690.0
0.9211782243658053,0.0,0.22812775625,0.7171958815,1303.0,3690.0
0.8066533345978463,0.0,0.226290985,0.7186138905,1303.0,3690.0
0.7074309200636755,0.0,0.22263813999999996,0.6179911865714286,1303.0,3690.0
0.8948444551705126,0.0014125395,0.29752427499999995,0.6637302494999999,1303.0,3690.0
0.9271870175566379,0.09555589849999999,0.291061663,0.666109286,1303.0,3690.0
0.9228229629693775,0.1108225116,0.313650548,0.612128878,1303.0,3690.0
0.9175511220470255,0.0,0.39823964025,0.6581157022499999,1303.0,3690.0
0.7608931132978587,0.0,0.46538483475,0.70573514975,1303.0,3690.0
0.6919379074788929,0.0,0.5101870364,0.694227325,1303.0,3690.0
0.8406650011589104,0.0,0.5415464205,0.7218071935,1303.0,3690.0
0.9125222510045087,0.0057264816666666675,0.5968835036666666,0.7516583583333333,1303.0,3690.0
0.8979978076405363,0.0197060405,0.6992791253333333,0.795167084,1303.0,3690.0
0.8947530503916163,0.0,0.8093008197499999,0.814750358,1303.0,3690.0
0.8022065911452532,0.0,0.8521199125,0.8059278965000001,1303.0,3690.0
0.6894111878721599,0.0,0.8054903723333334,0.7478744996666666,1303.0,3690.0
0.6584375945967579,0.0,0.7052902556666666,0.5759125746666667,1303.0,3690.0
0.7585297916571173,0.017642522666666667,0.6110529833333334,0.487987395,1303.0,3690.0
0.7760432684040225,0.135514739,0.5398357762,0.454333766,1303.0,3690.0
0.7970100523781671,0.0338443245,0.4714711535,0.41675585449999997,1303.0,3690.0
0.7816049914819192,0.0,0.4351278808,0.4911243568,1303.0,3690.0
0.685237211925695,0.0,0.386039101,0.588083137,1303.0,3690.0
0.6686349671428714,0.0,0.3907095105,0.6636502741666667,1303.0,3690.0
0.766343595783185,0.007962879666666667,0.41554547933333336,0.6694077823333333,1303.0,3690.0
0.7850633736408957,0.050623414500000005,0.4269402525,0.5472915425,1303.0,3690.0
0.7866490597577088,0.02929790725,0.39351357875000004,0.36501723324999996,1303.0,3690.0
0.7999167203039118,0.0,0.307763814,0.23352396,1303.0,3690.0
0.773254956061072,0.0,0.3009553084,0.352682393,1303.0,3690.0
0.6981597507669871,0.0,0.38646678366666665,0.5379794906666667,1303.0,3690.0
0.7044534718244866,0.0,0.41324634,0.52529200225,1303.0,3690.0
0.8665374998222419,0.0,0.436167813,0.484914402,1303.0,3690.0
0.9395412165159961,0.01688032,0.32920478866666664,0.313124391,1303.0,3690.0
0.939067497267068,0.14735058150000002,0.1922363405,0.2648082235,1303.0,3690.0
0.9364760372842044,0.2037230025,0.1973197455,0.378998697,1303.0,3690.0
0.9410390829496277,0.081360213,0.194659055,0.43291710966666663,1303.0,3690.0
0.9372099364852408,0.0,0.23165268066666667,0.4246606113333333,1303.0,3690.0
0.7936948341097775,0.0,0.2690574713333333,0.5067733836666667,1303.0,3690.0
0.712809175316622,0.0,0.2734761053333334,0.6216742266666667,1303.0,3690.0
0.7216597603794205,0.0,0.283323136,0.6881274736666666,1303.0,3690.0
0.8770606668353589,0.0,0.31609181750000004,0.696817021,1303.0,3690.0
0.9462478547987927,0.03416054366666667,0.3383313706666667,0.7295315776666668,1303.0,3690.0
0.9397418141845426,0.2223131485,0.3012239345,0.7742529095,1303.0,3690.0
0.9314412880920866,0.26618443399999997,0.3199766376666667,0.7894921256666666,1303.0,3690.0
0.9413710326438068,0.063252802,0.33448265899999996,0.78491387,1303.0,3690.0
0.9333277321287445,0.0,0.37260455033333334,0.7682430663333334,1303.0,3690.0
0.794480067449444,0.0,0.3847830976666667,0.7908426156666666,1303.0,3690.0
0.7246921325084207,0.0,0.3461570891666667,0.7568256845000002,1303.0,3690.0
0.8818688742341341,0.0,0.2919389405,0.657889893,1303.0,3690.0
0.9517728189773584,0.03439678366666667,0.267413199,0.6018366940000001,1303.0,3690.0
0.9491915764648089,0.1629369175,0.1955950645,0.5130226760000001,1303.0,3690.0
0.9421911354262865,0.1770077525,0.2078775355,0.5573597545,1303.0,3690.0
0.9399042651355731,0.10226812600000001,0.2012878605,0.6256138275,1303.0,3690.0
0.9485713178439235,0.001652619,0.207181861,0.674865064,1303.0,3690.0
0.934394273552194,0.0,0.21158452500000002,0.7145046706666668,1303.0,3690.0
0.7922262045412616,0.0,0.19086698366666666,0.7181513643333334,1303.0,3690.0
0.7201358266484004,0.0,0.19112229766666666,0.6545129681666667,1303.0,3690.0
0.8802708158999237,0.0,0.1941500075,0.6019866565,1303.0,3690.0
0.9498876983556372,0.03461653033333333,0.19909529199999998,0.5997974853333333,1303.0,3690.0
0.9390070500578307,0.18590091599999997,0.1389545096,0.5189734587999999,1303.0,3690.0
0.9421559122627197,0.030540790999999998,0.1398269005,0.475179696,1303.0,3690.0
0.9326295790500657,0.0,0.14506836566666667,0.4642769083333333,1303.0,3690.0
0.7919968927454525,0.0,0.14330158966666665,0.43787383766666665,1303.0,3690.0
0.7232176325231124,0.0,0.14478789733333333,0.42015750133333335,1303.0,3690.0
0.9168731117745175,0.001566306,0.149487474,0.33664209475,1303.0,3690.0
0.9526584903418509,0.16816578850000002,0.1326067695,0.354530534,1303.0,3690.0
0.945205903706312,0.27988304599999997,0.11750575533333334,0.3903655783333333,1303.0,3690.0
0.9442983355689821,0.156802187,0.129070813,0.49260413550000004,1303.0,3690.0
0.9506353546648356,0.000871277,0.160108042,0.5198613585,1303.0,3690.0
0.8956723442283202,0.0,0.17370027733333335,0.5320035796666667,1303.0,3690.0
0.7649577231729041,0.0,0.162364564,0.5884000715,1303.0,3690.0
0.6880856936712146,0.0,0.17974908675,0.5832737937499999,1303.0,3690.0
0.6905078474026266,0.0,0.20542492175,0.65843142725,1303.0,3690.0
0.7789977372377339,0.013272252666666666,0.22966219666666665,0.7993976063333332,1303.0,3690.0
0.802058312443731,0.0685247625,0.25682900000000003,0.8627075445,1303.0,3690.0
0.8015855934888143,0.056104551999999995,0.38554630175000004,0.9047861202499999,1303.0,3690.0
0.8195989090337277,0.0,0.5071484855,0.9119270509999999,1303.0,3690.0
0.7913583222817415,0.0,0.5875905256666666,0.9179884669999999,1303.0,3690.0
0.7147222404302244,0.0,0.6145772464999999,0.8935652005,1303.0,3690.0
0.6696529438833368,0.0,0.6551847785,0.8528680365000001,1303.0,3690.0
0.6628429057277929,0.0,0.669177248,0.787458158,1303.0,3690.0
0.7242520861606621,0.0004177175,0.62857081225,0.6919343414999999,1303.0,3690.0
0.797439746870447,0.050102094,0.548687479,0.682624727,1303.0,3690.0
0.796398103101869,0.12985422600000002,0.46045121,0.7550946255,1303.0,3690.0
0.7914697927044267,0.13316145233333332,0.5008653176666668,0.7375346463333333,1303.0,3690.0
0.8082586861856096,0.018842942,0.42636112950000005,0.6081769275,1303.0,3690.0
0.8166461700292734,0.0,0.381171862,0.519063011,1303.0,3690.0
0.7773583549959401,0.0,0.2863085055,0.402336069,1303.0,3690.0
0.6951765850391292,0.0,0.18624828657142856,0.3874358135714286,1303.0,3690.0
0.8434461947667486,0.0,0.1325557595,0.3316475085,1303.0,3690.0
0.9224191575222035,0.005618469333333333,0.11006373233333333,0.3125067653333333,1303.0,3690.0
0.9191939589762423,0.042727071500000005,0.0978756655,0.394105912,1303.0,3690.0
0.9117135968659218,0.058810079,0.1085418395,0.508993508,1303.0,3690.0
0.9151493189133952,0.02354055133333333,0.13629405066666667,0.6515360763333333,1303.0,3690.0
0.9099387928213921,0.0,0.208272261,0.7863941993333333,1303.0,3690.0
0.7615364657855686,0.0,0.2887422685,0.86681052125,1303.0,3690.0
