Demand,Avail_Sol,Avail_Wind_On,Avail_Wind_Off,Hyd_In,HydRoR_In
0.6901460922711661,0.0,0.7307479,0.890300634,0.0,1930.0
0.6464733392071048,0.0,0.7124229394999999,0.8927674775,0.0,1930.0
0.6326565493017502,0.0,0.6757916225,0.88823082,0.0,1930.0
0.6565965471854761,0.0,0.655559051,0.87275868,0.0,1930.0
0.7483965231563117,0.0,0.631943016,0.837517596,0.0,1930.0
0.8711109527059577,0.0,0.5947838435,0.7897695735,0.0,1930.0
0.9130691700957396,0.003469527,0.561334428,0.764311219,0.0,1930.0
0.9210921439709496,0.104085368,0.527655645,0.739376028,0.0,1930.0
0.9181713003194906,0.197389379,0.536690601,0.743233568,0.0,1930.0
0.9157170510897973,0.27999169599999996,0.5607249700000001,0.7737915264999999,0.0,1930.0
0.912684768483152,0.271389717,0.601135508,0.758898417,0.0,1930.0
0.9124987389407884,0.242805054,0.618452397,0.776539441,0.0,1930.0
0.9164738696109745,0.098942406,0.641568775,0.817730599,0.0,1930.0
0.9310712012939938,0.0,0.669201631,0.850451605,0.0,1930.0
0.9303756921096047,0.0,0.687918324,0.873054392,0.0,1930.0
0.8724988408075672,0.0,0.6359559645,0.8687744159999999,0.0,1930.0
0.794822939070844,0.0,0.567771778,0.833797437,0.0,1930.0
0.7487435846376795,0.0,0.547911604,0.820489063,0.0,1930.0
0.6744016152070089,0.0,0.5151417970000001,0.7681198975000001,0.0,1930.0
0.638939945162904,0.0,0.478812908,0.6761824814999999,0.0,1930.0
0.6398666275230168,0.0,0.468713273,0.607586971,0.0,1930.0
0.666229169067091,0.0,0.485812031,0.626040219,0.0,1930.0
0.7654502953437606,0.0,0.511339997,0.668461708,0.0,1930.0
0.87381432952926,0.0,0.553976187,0.7345423835,0.0,1930.0
0.9105610796094826,0.001842684,0.613011833,0.771518336,0.0,1930.0
0.9149182864082682,0.025509129,0.648639756,0.802890819,0.0,1930.0
0.9162938323193961,0.076134774,0.719972861,0.828328076,0.0,1930.0
0.9100677433364148,0.0902556115,0.781081734,0.888486428,0.0,1930.0
0.898816171984772,0.062703245,0.768318207,0.909860126,0.0,1930.0
0.895467639007662,0.040271663,0.739314935,0.907562211,0.0,1930.0
0.8967462348273562,0.009096483,0.712749443,0.872471943,0.0,1930.0
0.907660538194368,0.0,0.673355695,0.855627938,0.0,1930.0
0.9066752520048368,0.0,0.649027965,0.8440664405,0.0,1930.0
0.8645920012545587,0.0,0.6875460535,0.775650301,0.0,1930.0
0.7963790588406545,0.0,0.718702962,0.678723228,0.0,1930.0
0.7454907943410677,0.0,0.723745447,0.705160924,0.0,1930.0
0.6873774261218821,0.0,0.721533919,0.717677404,0.0,1930.0
0.6480742893878787,0.0,0.714304231,0.734029185,0.0,1930.0
0.6280135454870163,0.0,0.719413362,0.776874201,0.0,1930.0
0.627008493628245,0.0,0.728358056,0.80306543,0.0,1930.0
0.6288823841994253,0.0,0.729969402,0.79816062,0.0,1930.0
0.6533215763977526,0.0,0.731916018,0.800352591,0.0,1930.0
0.7275693908521452,0.0,0.72933976,0.815495337,0.0,1930.0
0.850470789004063,0.0,0.7342740185000001,0.8097370349999999,0.0,1930.0
0.9003611119687166,0.005096601,0.736175082,0.84762696,0.0,1930.0
0.9071601363338794,0.11940217,0.753182396,0.886324493,0.0,1930.0
0.9044985714616771,0.228158198,0.751263944,0.879955524,0.0,1930.0
0.9004297998454189,0.287738541,0.755486373,0.882199467,0.0,1930.0
0.8979901289523124,0.325048465,0.744161112,0.874007816,0.0,1930.0
0.8985599340673252,0.293097853,0.739087727,0.87733992,0.0,1930.0
0.9002776670121856,0.191813644,0.732402623,0.881642881,0.0,1930.0
0.9025954348794403,0.067013822,0.72258488,0.880605475,0.0,1930.0
0.9159504824087182,0.0,0.716882607,0.881614304,0.0,1930.0
0.919908798933591,0.0,0.701847405,0.8762223235,0.0,1930.0
0.8720794245477483,0.0,0.6399779635,0.847105361,0.0,1930.0
0.7942015286429458,0.0,0.546242574,0.779287412,0.0,1930.0
0.7471137237328134,0.0,0.500923853,0.727418312,0.0,1930.0
0.6711803516015489,0.0,0.429974587,0.66943507,0.0,1930.0
0.6325390733593614,0.0,0.3592075905,0.556670883,0.0,1930.0
0.6326690705053764,0.0,0.353294431,0.537094363,0.0,1930.0
0.6556058053122638,0.0,0.352229483,0.539858225,0.0,1930.0
0.7431405606552774,0.0,0.369505659,0.551706202,0.0,1930.0
0.8548099742465995,0.0,0.41364402850000004,0.579618567,0.0,1930.0
0.8975146801611933,0.0,0.48406016,0.618320411,0.0,1930.0
0.8944731855637595,0.030758201,0.560102414,0.6786103,0.0,1930.0
0.8977898340933312,0.0997765795,0.59017595,0.710568798,0.0,1930.0
0.8972684592876183,0.167768163,0.5801577765,0.736019668,0.0,1930.0
0.9051572772169021,0.141152722,0.55318347,0.777280329,0.0,1930.0
0.9126224306136215,0.084679063,0.532127905,0.784854918,0.0,1930.0
0.9262558070786235,0.0,0.508574341,0.770595517,0.0,1930.0
0.93046463755371,0.0,0.46081882500000004,0.7277934235,0.0,1930.0
0.9035953440070239,0.0,0.405213002,0.641109339,0.0,1930.0
0.8423730007246377,0.0,0.371662939,0.613055331,0.0,1930.0
0.795032133035596,0.0,0.321408985,0.635269873,0.0,1930.0
0.7506076369757055,0.0,0.299637472,0.646664713,0.0,1930.0
0.675768485559501,0.0,0.27931653,0.602511885,0.0,1930.0
0.6388770483243229,0.0,0.2902187825,0.521067733,0.0,1930.0
0.6380063314246223,0.0,0.301771043,0.499118577,0.0,1930.0
0.6642535436995785,0.0,0.300280104,0.468864123,0.0,1930.0
0.758500211414524,0.0,0.30663457,0.446606121,0.0,1930.0
0.8744242920226919,0.0,0.314417616,0.4518233385,0.0,1930.0
0.9186068600157428,0.004604354,0.322870339,0.453883438,0.0,1930.0
0.9222127040445078,0.100468578,0.345143641,0.443328414,0.0,1930.0
0.9213417634627211,0.179283432,0.347160674,0.455691264,0.0,1930.0
0.9176263588010127,0.2399673245,0.3672898285,0.4535090785,0.0,1930.0
0.9168258054050267,0.207144924,0.345378273,0.426280625,0.0,1930.0
0.9169971673403964,0.15720121,0.319899299,0.414315218,0.0,1930.0
0.9245895006359313,0.073164411,0.297550021,0.402589704,0.0,1930.0
0.9448416852288487,0.0,0.296810835,0.393793568,0.0,1930.0
0.9511999624301544,0.0,0.29594404,0.3809569525,0.0,1930.0
0.921876330315892,0.0,0.301733521,0.366036895,0.0,1930.0
0.8568170369673808,0.0,0.313337653,0.347580733,0.0,1930.0
0.805947688482485,0.0,0.334342014,0.330252925,0.0,1930.0
0.7186544585785554,0.0,0.371040492,0.33008553549999997,0.0,1930.0
0.6393389026426561,0.0,0.43946778799999997,0.35073555749999996,0.0,1930.0
0.6208622722403563,0.0,0.508104031,0.41806981200000004,0.0,1930.0
0.6316368297010333,0.0,0.5691005655,0.5192670054999999,0.0,1930.0
0.6869356281582876,0.0,0.6137394995000001,0.610997911,0.0,1930.0
0.755251043350719,0.004339827,0.629070702,0.684212604,0.0,1930.0
0.7898103356621955,0.126628585,0.616139892,0.718395189,0.0,1930.0
0.796349276262494,0.292136249,0.603598242,0.732689871,0.0,1930.0
0.792940641427007,0.385806454,0.585320348,0.730308188,0.0,1930.0
0.7886288687446529,0.423732944,0.581626706,0.740124506,0.0,1930.0
0.783950760809853,0.352167999,0.586102897,0.758375039,0.0,1930.0
0.7860788320980441,0.288434063,0.563132605,0.768392073,0.0,1930.0
0.7983287028084824,0.133372325,0.551862142,0.774062226,0.0,1930.0
0.8222610538012662,0.001346874,0.540023014,0.773360138,0.0,1930.0
0.8293875975931673,0.0,0.524880483,0.768338351,0.0,1930.0
0.8296323875761475,0.0,0.506723794,0.76012197,0.0,1930.0
0.8122540920198772,0.0,0.486132486,0.752050404,0.0,1930.0
0.7830628271370839,0.0,0.460797085,0.737194516,0.0,1930.0
0.7509566213807823,0.0,0.406615796,0.689297914,0.0,1930.0
0.714176958522706,0.0,0.393798921,0.672168859,0.0,1930.0
0.6769481413606403,0.0,0.378731073,0.663542757,0.0,1930.0
0.6477486035469663,0.0,0.371630539,0.663201724,0.0,1930.0
0.6253564299652722,0.0,0.37355926549999996,0.6521614485,0.0,1930.0
0.6202536961035292,0.0,0.374088318,0.627712568,0.0,1930.0
0.6336008283908374,0.0,0.377615814,0.6161739085,0.0,1930.0
0.6684752083307847,0.0,0.378717898,0.615670179,0.0,1930.0
0.7068879070973131,0.0,0.377959938,0.620049206,0.0,1930.0
0.7553639132639757,0.00797739,0.384129514,0.632600728,0.0,1930.0
0.7918242849572528,0.223889823,0.344427645,0.600082505,0.0,1930.0
0.796349276262494,0.403917651,0.33526592,0.612680642,0.0,1930.0
0.7931741622862383,0.498937375,0.337215508,0.616349858,0.0,1930.0
0.790512597414036,0.515480326,0.341910436,0.614526979,0.0,1930.0
0.7885338863808207,0.472893083,0.352415282,0.620971831,0.0,1930.0
0.791192231445544,0.362111176,0.380149654,0.639255716,0.0,1930.0
0.806367507167632,0.16375997,0.41520729,0.661060478,0.0,1930.0
0.8315759498203557,0.001764586,0.443877339,0.685938906,0.0,1930.0
0.8369323055650101,0.0,0.464922881,0.7204287035,0.0,1930.0
0.8013333493078105,0.0,0.505795275,0.7576266515,0.0,1930.0
0.7372199002157087,0.0,0.5164719145,0.7784567179999999,0.0,1930.0
0.6824524711386173,0.0,0.5372284005,0.807185335,0.0,1930.0
0.6527965347577669,0.0,0.5447490850000001,0.8113564035,0.0,1930.0
0.6513353526153713,0.0,0.541511168,0.823749297,0.0,1930.0
0.6811100618898562,0.0,0.540509869,0.82949564,0.0,1930.0
0.7830466390317091,0.0,0.530653995,0.824121143,0.0,1930.0
0.8936346213276737,0.0,0.5254327175,0.8156173250000001,0.0,1930.0
0.9336874215225991,0.003531318,0.539866422,0.79735043,0.0,1930.0
0.9427061010565402,0.144922899,0.480770772,0.709006007,0.0,1930.0
0.9414894853499901,0.255914217,0.441211395,0.725559476,0.0,1930.0
0.940080758242505,0.29582807,0.446164571,0.726788042,0.0,1930.0
0.9393914649235118,0.288293517,0.468259899,0.707880905,0.0,1930.0
0.9387692495100057,0.240445968,0.485917732,0.689659241,0.0,1930.0
0.9389483030052589,0.162588094,0.510305965,0.703951857,0.0,1930.0
0.9421498009414788,0.048163511,0.543544946,0.720735378,0.0,1930.0
0.9551090883965371,0.0,0.58453975,0.734620792,0.0,1930.0
0.9537487469294103,0.0,0.607434831,0.7499471440000001,0.0,1930.0
0.9197377054167251,0.0,0.626854057,0.756492314,0.0,1930.0
0.8525491779030772,0.0,0.636514917,0.74969253,0.0,1930.0
0.8010694196955285,0.0,0.600632198,0.681875352,0.0,1930.0
0.755033531786145,0.0,0.614174831,0.703065302,0.0,1930.0
0.6773050856766283,0.0,0.6212426685,0.702552566,0.0,1930.0
0.6419506062474882,0.0,0.6089345660000001,0.6958981015000001,0.0,1930.0
0.6404959083215163,0.0,0.594949594,0.66106441,0.0,1930.0
0.666229169067091,0.0,0.582181188,0.630747869,0.0,1930.0
0.7659012382947314,0.0,0.570969407,0.604946045,0.0,1930.0
0.8789414574913219,0.0,0.573548466,0.6276581050000001,0.0,1930.0
0.9212921258774371,0.002247393,0.594827642,0.634628812,0.0,1930.0
0.934515432147709,0.023568174,0.589889969,0.644523048,0.0,1930.0
0.9335275523930648,0.0722126145,0.6011845405,0.6511368835,0.0,1930.0
0.9270780042636655,0.081009156,0.601478464,0.688118183,0.0,1930.0
0.9234598178419917,0.060775251,0.595793857,0.698390544,0.0,1930.0
0.9212414148880422,0.052035797,0.591110131,0.692034633,0.0,1930.0
0.9233795926929395,0.016094235,0.590174184,0.686916484,0.0,1930.0
0.9350329164370631,0.0,0.585654883,0.699640625,0.0,1930.0
0.9315060902813659,0.0,0.580536172,0.7329722320000001,0.0,1930.0
0.8721140367696516,0.0,0.5323537014999999,0.74597263,0.0,1930.0
0.7946526505395856,0.0,0.405126394,0.664768476,0.0,1930.0
0.7477514565428139,0.0,0.39000151,0.64637619,0.0,1930.0
0.6725963901105846,0.0,0.3717650825,0.6027733705,0.0,1930.0
0.6324475789516089,0.0,0.3024871125,0.5185733655,0.0,1930.0
0.6310034794405058,0.0,0.239378356,0.461947504,0.0,1930.0
0.6553703169953338,0.0,0.200111892,0.406234795,0.0,1930.0
0.7447049533559685,0.0,0.16507044,0.33919935,0.0,1930.0
0.8669207699620104,0.0,0.1358266515,0.251982487,0.0,1930.0
0.9165741288477703,0.005136961,0.119044569,0.192618702,0.0,1930.0
0.9218733789269165,0.100302962,0.105485591,0.174315726,0.0,1930.0
0.9208399307116378,0.162582326,0.09689056,0.159432005,0.0,1930.0
0.9165240438983141,0.211035642,0.089439368,0.139219937,0.0,1930.0
0.9136733190141523,0.218581964,0.084298764,0.125268592,0.0,1930.0
0.91163450612256,0.181105712,0.085128121,0.130007762,0.0,1930.0
0.9115134080823157,0.125969453,0.089517684,0.135253656,0.0,1930.0
0.9154948887596738,0.060220603,0.105730508,0.154905064,0.0,1930.0
0.9350329164370631,0.0,0.124203444,0.18642303,0.0,1930.0
0.9441670595168495,0.0,0.143690896,0.2197869055,0.0,1930.0
0.9141840955399477,0.0,0.146366425,0.23047822,0.0,1930.0
0.8504567026331146,0.0,0.149608286,0.222289499,0.0,1930.0
0.8010332871101961,0.0,0.152238739,0.213908391,0.0,1930.0
0.724157558611126,0.0,0.1602342405,0.220455359,0.0,1930.0
0.6531389454735854,0.0,0.156599923,0.2307241855,0.0,1930.0
0.6402268138460031,0.0,0.1466578455,0.234909831,0.0,1930.0
0.666229169067091,0.0,0.136760402,0.233034791,0.0,1930.0
0.7665145099335251,0.0,0.12530924,0.212750099,0.0,1930.0
0.87939745363317,0.0,0.1158125915,0.1763263925,0.0,1930.0
0.9224660799108625,0.002701389,0.103835208,0.162345258,0.0,1930.0
0.9335740150422385,0.04678773,0.077123843,0.123412935,0.0,1930.0
0.9317965379953879,0.102221005,0.068933445,0.121856035,0.0,1930.0
0.9248205171329809,0.15591761399999998,0.06497167400000001,0.11165238499999999,0.0,1930.0
0.9203304958735055,0.145440336,0.065288257,0.116013605,0.0,1930.0
0.9189077270640134,0.117959147,0.072239328,0.10840521,0.0,1930.0
0.9240276553643542,0.054987034,0.094853395,0.114013687,0.0,1930.0
0.9380203015618567,0.001351622,0.117372484,0.132341069,0.0,1930.0
0.9416210475958515,0.0,0.14694904749999999,0.1395131345,0.0,1930.0
0.9115043748347689,0.0,0.18315479,0.163659169,0.0,1930.0
0.8483141424136955,0.0,0.226507704,0.191352203,0.0,1930.0
0.7988912634578811,0.0,0.268540971,0.210745671,0.0,1930.0
0.7519971351160061,0.0,0.291671451,0.216282672,0.0,1930.0
0.6754152306146837,0.0,0.3183228185,0.22758716750000002,0.0,1930.0
0.6370881009410592,0.0,0.37052389799999996,0.2743448725,0.0,1930.0
0.635485004221966,0.0,0.401272721,0.324486764,0.0,1930.0
0.6600926069666876,0.0,0.420262339,0.35743198,0.0,1930.0
0.754990780775137,0.0,0.44743831,0.397367142,0.0,1930.0
0.8726630477501575,0.0,0.48776548000000003,0.44647357600000004,0.0,1930.0
0.9136438047195437,0.00363821,0.529696802,0.495054768,0.0,1930.0
0.918514918378769,0.03759869,0.525130939,0.51406636,0.0,1930.0
0.9181713003194906,0.083730955,0.55093106,0.528779459,0.0,1930.0
0.9163000928537336,0.1255762905,0.5824948685,0.5491921985,0.0,1930.0
0.9139755277500858,0.125002164,0.603756104,0.566435201,0.0,1930.0
0.9130083527245898,0.097302182,0.615614057,0.581236282,0.0,1930.0
0.9175456862877882,0.033160209,0.635020722,0.599200776,0.0,1930.0
0.9308594138316045,0.0,0.660615772,0.619364541,0.0,1930.0
0.9305037216629692,0.0,0.693470891,0.6585242115,0.0,1930.0
0.903368173289916,0.0,0.722325282,0.700821614,0.0,1930.0
0.8421384067311984,0.0,0.732431631,0.719818001,0.0,1930.0
0.7943083168325825,0.0,0.703545066,0.729880602,0.0,1930.0
0.7130249834978255,0.0,0.7237585175,0.752043584,0.0,1930.0
0.6279822870794165,0.0,0.7192689605,0.768744152,0.0,1930.0
0.6045258319720214,0.0,0.7107010515,0.7820859330000001,0.0,1930.0
0.6157636523746315,0.0,0.699070858,0.80963473,0.0,1930.0
0.6699852678767495,0.0,0.68789934,0.841404676,0.0,1930.0
0.7350448295762885,0.002916664,0.670859508,0.847822917,0.0,1930.0
0.769579079345561,0.032823426,0.636730403,0.826593879,0.0,1930.0
0.7803500147083825,0.069578727,0.638587979,0.813346041,0.0,1930.0
0.779035643924791,0.09668247599999999,0.610630915,0.7835381015,0.0,1930.0
0.7765240653475031,0.095420683,0.556212258,0.756328409,0.0,1930.0
0.7770377932622741,0.082207196,0.520084366,0.749131278,0.0,1930.0
0.786403936702911,0.046055069,0.498926075,0.746116927,0.0,1930.0
0.809172797800411,0.002640601,0.498266298,0.752844258,0.0,1930.0
0.8147608857573156,0.0,0.4920966195,0.755163248,0.0,1930.0
0.78592526830674,0.0,0.457187802,0.72075356,0.0,1930.0
0.74225025696453,0.0,0.441425665,0.642491232,0.0,1930.0
0.6935475496444513,0.0,0.3962403015,0.586323667,0.0,1930.0
0.6407396698392299,0.0,0.370527972,0.536025437,0.0,1930.0
0.6135520912585406,0.0,0.363840135,0.52823384,0.0,1930.0
0.6094748679006843,0.0,0.397806987,0.567509276,0.0,1930.0
0.6411228192369889,0.0,0.452736978,0.5848351645000001,0.0,1930.0
0.6987238010941151,0.0,0.488473573,0.587324723,0.0,1930.0
0.7433603975688884,0.008625807,0.523095433,0.586372544,0.0,1930.0
0.7758668800906586,0.095924268,0.536290004,0.560884707,0.0,1930.0
0.7833407983164212,0.148660269,0.555115561,0.549205309,0.0,1930.0
0.7824186101781354,0.187046834,0.6190796335,0.5449959639999999,0.0,1930.0
0.7810020127000491,0.140521349,0.672274783,0.552664093,0.0,1930.0
0.7802527068605621,0.084130595,0.694829226,0.559344595,0.0,1930.0
0.7911606600854506,0.038561316,0.708451101,0.576160928,0.0,1930.0
0.8128168316149449,0.0,0.735193554,0.604958154,0.0,1930.0
0.82202413445879,0.0,0.7762573564999999,0.65885662,0.0,1930.0
0.7881306581589007,0.0,0.8295675845,0.7477355605,0.0,1930.0
0.7424029264998191,0.0,0.857717941,0.818186564,0.0,1930.0
0.6983238821525086,0.0,0.86792369,0.8815521075,0.0,1930.0
0.6415628507531215,0.0,0.8515821095,0.9195217945,0.0,1930.0
0.6258258193672422,0.0,0.792653335,0.911634195,0.0,1930.0
0.6495889550304514,0.0,0.749037627,0.902203133,0.0,1930.0
0.7179051528065441,0.0,0.733839339,0.899150088,0.0,1930.0
0.8420376555287642,0.0,0.7196529389999999,0.901830039,0.0,1930.0
0.8896416925808975,0.00106659,0.709420557,0.890609827,0.0,1930.0
0.8990937852727714,0.037617922,0.661729044,0.85517388,0.0,1930.0
0.8998990788396657,0.122433101,0.69470582,0.873697553,0.0,1930.0
0.8985260372907193,0.22037499500000002,0.7543035805,0.9109592385,0.0,1930.0
0.897610735794185,0.288358075,0.797783196,0.920813192,0.0,1930.0
0.9002776670121856,0.245670211,0.80132172,0.925143588,0.0,1930.0
0.9106461344022775,0.14310427,0.797295377,0.926886608,0.0,1930.0
0.9262721741296672,0.003514562,0.800593473,0.930618379,0.0,1930.0
0.93065460234885,0.0,0.7971405455,0.931697322,0.0,1930.0
0.8739559982243521,0.0,0.8139853795,0.9313812260000001,0.0,1930.0
0.7951300667884035,0.0,0.832153679,0.934399865,0.0,1930.0
0.7497687151181847,0.0,0.837589649,0.935307287,0.0,1930.0
0.6744422868180613,0.0,0.8315671345,0.934095696,0.0,1930.0
0.6373937752311258,0.0,0.8405061645,0.9340147225,0.0,1930.0
0.6380063314246223,0.0,0.839971989,0.935531986,0.0,1930.0
0.6659025887677362,0.0,0.846336132,0.936096242,0.0,1930.0
0.7664019083038206,0.0,0.850104287,0.936629084,0.0,1930.0
0.8796978287832781,0.0,0.8626544355,0.9364742930000001,0.0,1930.0
0.9232298745466259,0.015168194,0.872427531,0.936000098,0.0,1930.0
0.933081304876585,0.165695643,0.833114523,0.929320024,0.0,1930.0
0.9296854596632278,0.26322609350000004,0.844976884,0.934348842,0.0,1930.0
0.9266146742508445,0.267984439,0.859357221,0.9330738734999999,0.0,1930.0
0.9323426421209084,0.203808341,0.844489109,0.921273088,0.0,1930.0
0.9396922426338994,0.094717036,0.828717948,0.919841783,0.0,1930.0
0.9542040722949026,0.00408629,0.819989626,0.9214093,0.0,1930.0
0.9569044082563949,0.0,0.8154516039999999,0.9252621285,0.0,1930.0
0.8902491508470993,0.0,0.8247821305,0.924706869,0.0,1930.0
0.804869074434327,0.0,0.807648297,0.917205822,0.0,1930.0
0.7588617170232269,0.0,0.811510108,0.918158808,0.0,1930.0
0.6804857223399774,0.0,0.8269219029999999,0.9206827325,0.0,1930.0
0.6478956607873758,0.0,0.861788499,0.929351278,0.0,1930.0
0.6440911988742569,0.0,0.893963375,0.932110848,0.0,1930.0
0.6695173319022721,0.0,0.902192794,0.934515989,0.0,1930.0
0.7696241557056057,0.0,0.900482203,0.935837388,0.0,1930.0
0.8828646251597115,0.0,0.89944912,0.937113165,0.0,1930.0
0.9240387456773858,0.018826892,0.899346674,0.937092067,0.0,1930.0
0.9333718867323831,0.229779892,0.857038461,0.932312501,0.0,1930.0
0.9281444547296324,0.345255961,0.845709728,0.934624788,0.0,1930.0
0.9200704121761166,0.4216664055,0.8619184995,0.9359415074999999,0.0,1930.0
0.9168258054050267,0.359024659,0.854111901,0.93572156,0.0,1930.0
0.9165091078728164,0.258161931,0.826726018,0.934270503,0.0,1930.0
0.92392873768027,0.108848881,0.767718298,0.9261356,0.0,1930.0
0.9402915620435206,0.001617891,0.707301739,0.904600064,0.0,1930.0
0.9458288048017783,0.0,0.674280304,0.8503192955000001,0.0,1930.0
0.9145889781995972,0.0,0.640045708,0.801508042,0.0,1930.0
0.8442823978412121,0.0,0.590422574,0.756388196,0.0,1930.0
0.7949551274241199,0.0,0.5331076,0.73393558,0.0,1930.0
0.7477249831100153,0.0,0.55334539,0.704968518,0.0,1930.0
0.6684511273179108,0.0,0.603054888,0.6117132255,0.0,1930.0
0.6259541172041589,0.0,0.6267124685000001,0.7116786755,0.0,1930.0
0.6257886581142159,0.0,0.647510649,0.77999022,0.0,1930.0
0.6524410661362665,0.0,0.644769798,0.751045891,0.0,1930.0
0.7363534762576952,0.0,0.632214104,0.714764386,0.0,1930.0
0.8414464301718303,0.0,0.630295622,0.744666686,0.0,1930.0
0.8954917870914239,0.0,0.617318536,0.817960406,0.0,1930.0
0.9158260750881605,0.017959699,0.594314743,0.830901193,0.0,1930.0
0.9206455834345004,0.189299767,0.525063261,0.787709697,0.0,1930.0
0.9184414009932753,0.290796108,0.511283374,0.790056436,0.0,1930.0
0.9176099917499689,0.361231591,0.5550440015,0.8200431195,0.0,1930.0
0.9166342307061472,0.336494672,0.56701207,0.821807423,0.0,1930.0
0.9162771969848005,0.268658138,0.587531725,0.810805432,0.0,1930.0
0.9254507819302327,0.15025996,0.575315334,0.794271097,0.0,1930.0
0.9446132622969121,0.009133155,0.570000387,0.793256727,0.0,1930.0
0.950379822310597,0.0,0.5766117900000001,0.828596256,0.0,1930.0
0.9197377054167251,0.0,0.592099369,0.854831169,0.0,1930.0
0.8535639337182753,0.0,0.594615638,0.864774047,0.0,1930.0
0.80420705953374,0.0,0.545566257,0.81932839,0.0,1930.0
0.7265455571879345,0.0,0.584028515,0.828741969,0.0,1930.0
0.6562921920461745,0.0,0.6023851653333333,0.8490085126666665,0.0,1930.0
0.6517754736718141,0.0,0.624716278,0.859694503,0.0,1930.0
0.6811397103262408,0.0,0.626039503,0.851389015,0.0,1930.0
0.7849020160135264,0.0,0.622465421,0.834379215,0.0,1930.0
0.8955067231843972,0.0,0.6232637245,0.8276765264999999,0.0,1930.0
0.9362286038673303,0.023330191,0.624825869,0.820325188,0.0,1930.0
0.9416849058962871,0.206015323,0.575837286,0.770076918,0.0,1930.0
0.9388086019028172,0.309612722,0.59304626,0.814291165,0.0,1930.0
0.9289676805148925,0.384206429,0.6495629915000001,0.853159617,0.0,1930.0
0.9225394184856386,0.34866872,0.689807327,0.877051384,0.0,1930.0
0.9224329881873399,0.257509597,0.687051484,0.882095811,0.0,1930.0
0.9301222714393572,0.162034646,0.660780183,0.874126932,0.0,1930.0
0.9505644208948902,0.006405326,0.618298176,0.853698402,0.0,1930.0
0.9526981268124315,0.0,0.5785837935,0.838993391,0.0,1930.0
0.8880565057456997,0.0,0.5318420189999999,0.8276426895,0.0,1930.0
0.8047209662592285,0.0,0.503747045,0.818936472,0.0,1930.0
0.7588392682485633,0.0,0.449362818,0.781012215,0.0,1930.0
0.6624558760887373,0.0,0.371974536,0.7015666715,0.0,1930.0
0.6293738421502502,0.0,0.290171291,0.543911544,0.0,1930.0
0.6197593313651946,0.0,0.21288901500000001,0.39874566749999996,0.0,1930.0
0.6311115643789613,0.0,0.1611951865,0.28665178550000003,0.0,1930.0
0.6871020709770801,0.0,0.1576759565,0.2465067165,0.0,1930.0
0.7556757811524433,0.002639914,0.174158115,0.21291127,0.0,1930.0
0.7915386222180318,0.03055816,0.190606671,0.204877191,0.0,1930.0
0.8015199155522298,0.075308724,0.191042073,0.22277312,0.0,1930.0
0.8024544459484729,0.125679248,0.1927382,0.25771075,0.0,1930.0
0.802169498722025,0.18061376,0.214439194,0.295996984,0.0,1930.0
0.8012727107473782,0.176961906,0.233384316,0.331377413,0.0,1930.0
0.8013592860385537,0.170166857,0.24268625,0.355505594,0.0,1930.0
0.8116642529520722,0.114641039,0.243105117,0.365543439,0.0,1930.0
0.8316557278751382,0.006559738,0.238434811,0.380089161,0.0,1930.0
0.8362659528513673,0.0,0.1992118515,0.400015081,0.0,1930.0
0.8012715480728597,0.0,0.1604153525,0.3587897245,0.0,1930.0
0.736071212069195,0.0,0.11785442400000001,0.2449371695,0.0,1930.0
0.6620877967907762,0.0,0.168855592,0.25401000149999997,0.0,1930.0
0.6250575751785934,0.0,0.235838465,0.28275109,0.0,1930.0
0.6196325538917071,0.0,0.293570995,0.3595708315,0.0,1930.0
0.6381637411308195,0.0,0.340907434,0.431617664,0.0,1930.0
0.6668681987608617,0.0,0.378913543,0.490896524,0.0,1930.0
0.7071924411822836,0.0,0.435179072,0.542838556,0.0,1930.0
0.7546679120464724,0.002278253,0.492153474,0.590402438,0.0,1930.0
0.7895642935993381,0.021453073,0.534360848,0.612177358,0.0,1930.0
0.7947186551759132,0.034487406,0.578239906,0.654120678,0.0,1930.0
0.7932169132972462,0.040634621,0.627097648,0.704275331,0.0,1930.0
0.79250973256378,0.033653037,0.680838333,0.74333267,0.0,1930.0
0.7892265783180104,0.028179252,0.739726781,0.798975607,0.0,1930.0
0.7833308707453839,0.025356824,0.782885798,0.857888286,0.0,1930.0
0.7913094837733221,0.011557113,0.792654973,0.883132091,0.0,1930.0
0.8123845810640548,0.00265247,0.774091148,0.877669294,0.0,1930.0
0.8153939677342911,0.0,0.736354726,0.882710424,0.0,1930.0
0.8108078907743479,0.0,0.704665326,0.909197666,0.0,1930.0
0.7790176223010663,0.0,0.701776229,0.8861830184999999,0.0,1930.0
0.7252989128866668,0.0,0.6594631435,0.788018938,0.0,1930.0
0.6684000585721293,0.0,0.6245147855,0.8007397064999999,0.0,1930.0
0.6263710516386943,0.0,0.5830474145,0.789097764,0.0,1930.0
0.6269089499042222,0.0,0.577275444,0.74806151,0.0,1930.0
0.6519150853014214,0.0,0.581427367,0.749875333,0.0,1930.0
0.7289521810939358,0.0,0.604987016,0.759878276,0.0,1930.0
0.8546232291239869,0.0,0.63856912,0.7685539925,0.0,1930.0
0.9045823741745946,0.012041499,0.663996116,0.780465639,0.0,1930.0
0.9105864797731217,0.164144242,0.634906528,0.772143992,0.0,1930.0
0.9054363216653991,0.276775188,0.636781866,0.783949256,0.0,1930.0
0.9001334940223875,0.362772783,0.677944317,0.799527226,0.0,1930.0
0.8976537552236966,0.296600301,0.703166362,0.80362976,0.0,1930.0
0.8964812320133903,0.2341593275,0.653110328,0.8012599645,0.0,1930.0
0.9020269713171392,0.130879578,0.618685586,0.756001496,0.0,1930.0
0.920949849235919,0.007965233,0.590034827,0.731491026,0.0,1930.0
0.9251821121470426,0.0,0.595212628,0.72715796,0.0,1930.0
0.9247621146511781,0.0,0.608331379,0.717626776,0.0,1930.0
0.9017615214763796,0.0,0.621483912,0.739900351,0.0,1930.0
0.840890487948107,0.0,0.630404021,0.765985318,0.0,1930.0
0.7942448163560092,0.0,0.659099109,0.774852344,0.0,1930.0
0.7471137237328134,0.0,0.691651237,0.797403357,0.0,1930.0
0.6692946776739861,0.0,0.739392874,0.818235653,0.0,1930.0
0.626351889674922,0.0,0.7669747585,0.8605339999999999,0.0,1930.0
0.6245869784331634,0.0,0.785101271,0.890828541,0.0,1930.0
0.6480920874644687,0.0,0.801028143,0.904489484,0.0,1930.0
0.714382574788641,0.0,0.816037109,0.916937127,0.0,1930.0
0.8086305393873566,0.0,0.823185369,0.925226902,0.0,1930.0
0.8559601380876009,0.0,0.832470044,0.927120569,0.0,1930.0
0.8775252624385637,0.003177201,0.842717778,0.927160716,0.0,1930.0
0.882059555139952,0.025323734,0.844145358,0.929462471,0.0,1930.0
0.8773407532596292,0.062178561,0.863171301,0.934626366,0.0,1930.0
0.8736494518777898,0.1456492205,0.8871884315,0.9354208079999999,0.0,1930.0
0.8722656330357811,0.204814018,0.883570723,0.935378527,0.0,1930.0
0.8735837601939557,0.186785563,0.869701794,0.936922398,0.0,1930.0
0.8759384656321505,0.128687867,0.857516759,0.93623676,0.0,1930.0
0.8880225195637349,0.017649989,0.862257526,0.935180142,0.0,1930.0
0.8950129844860011,0.0,0.868796951,0.9332712464999999,0.0,1930.0
0.862176567783097,0.0,0.856847545,0.930889579,0.0,1930.0
0.7960253342646697,0.0,0.832144668,0.926384188,0.0,1930.0
0.7161157804610544,0.0,0.818014041,0.9188738944999999,0.0,1930.0
0.6468297692229839,0.0,0.801115621,0.87343066,0.0,1930.0
0.6236921805880646,0.0,0.8281626705,0.8233206614999999,0.0,1930.0
0.622322872944279,0.0,0.8732775,0.81410179,0.0,1930.0
0.645912634343051,0.0,0.898250191,0.854915104,0.0,1930.0
0.709514859747612,0.0,0.910027728,0.894268212,0.0,1930.0
0.8281054690809764,0.0,0.9200326295000001,0.8759312349999999,0.0,1930.0
0.8765992284528603,0.00298281,0.914968684,0.874823659,0.0,1930.0
0.8921151708452514,0.089419214,0.918942131,0.889858462,0.0,1930.0
0.900451622580144,0.138163403,0.910335364,0.882902448,0.0,1930.0
0.9014708501477469,0.188355304,0.913663721,0.894609559,0.0,1930.0
0.905080048125767,0.253312103,0.9104976665,0.912246012,0.0,1930.0
0.908044492442783,0.25724916,0.89620764,0.918082423,0.0,1930.0
0.9123466059726033,0.174136064,0.881662496,0.922756256,0.0,1930.0
0.9261779966164911,0.018350037,0.860377478,0.917626232,0.0,1930.0
0.9297367966925614,0.0,0.8348020089999999,0.917338643,0.0,1930.0
0.8728235429871061,0.0,0.8132017764999999,0.9221498915,0.0,1930.0
0.7949551274241199,0.0,0.803468737,0.924773731,0.0,1930.0
0.7480076049874264,0.0,0.799457904,0.92198083,0.0,1930.0
0.6599654718267812,0.0,0.7860841183333332,0.9144354056666667,0.0,1930.0
0.6318388910074765,0.0,0.756870207,0.9030039165,0.0,1930.0
0.6556058053122638,0.0,0.723872754,0.89186551,0.0,1930.0
0.7483965231563117,0.0,0.694717623,0.879974715,0.0,1930.0
0.8720647121368612,0.0,0.6509042075,0.8539688805000001,0.0,1930.0
0.9109522783235118,0.037733636,0.611427029,0.832268082,0.0,1930.0
0.9149464591501649,0.203227139,0.57489654,0.816034834,0.0,1930.0
0.9140248077139348,0.321419637,0.523523675,0.8020593,0.0,1930.0
0.9101655878188151,0.399320039,0.553909559,0.777561555,0.0,1930.0
0.9058108850448325,0.393776468,0.557639156,0.740089261,0.0,1930.0
0.9031594265543852,0.327251384,0.525237912,0.705494165,0.0,1930.0
0.9038073104150821,0.26694761,0.499906287,0.666380472,0.0,1930.0
0.9135459603046191,0.162793775,0.481349416,0.646389752,0.0,1930.0
0.9308266797295169,0.023765152,0.457763763,0.645196161,0.0,1930.0
0.9320960188220053,0.0,0.4434879115,0.6360567855,0.0,1930.0
0.9067567740376592,0.0,0.429704018,0.615538282,0.0,1930.0
0.844271575946684,0.0,0.425422233,0.595862971,0.0,1930.0
0.7976523779223365,0.0,0.416619572,0.584295785,0.0,1930.0
0.752609065202088,0.0,0.407044697,0.589236146,0.0,1930.0
0.6774516510863511,0.0,0.3874478045,0.581957089,0.0,1930.0
0.6462273642826111,0.0,0.349098993,0.5312923764999999,0.0,1930.0
0.6471669926061488,0.0,0.324581202,0.470436584,0.0,1930.0
0.675469832052962,0.0,0.299004173,0.426766067,0.0,1930.0
0.7744938384742365,0.0,0.272520446,0.385139266,0.0,1930.0
0.8851031068703463,0.0,0.2306826865,0.329947184,0.0,1930.0
0.9269474258816051,0.038735985,0.182172951,0.275207459,0.0,1930.0
0.934515432147709,0.229324665,0.136606457,0.208578127,0.0,1930.0
0.9248409982475184,0.344548059,0.124562048,0.197286692,0.0,1930.0
0.9173365371269292,0.4253292955,0.13256385399999998,0.212269147,0.0,1930.0
0.9139755277500858,0.325636855,0.154663382,0.221710536,0.0,1930.0
0.9133220092600386,0.194613656,0.185972057,0.231815334,0.0,1930.0
0.9191154900032191,0.101451824,0.222895212,0.250676964,0.0,1930.0
0.9359591292334839,0.006713312,0.26334388,0.275523918,0.0,1930.0
0.9416468055833527,0.0,0.3348102485,0.3201054935,0.0,1930.0
0.913281136503798,0.0,0.403740775,0.372201889,0.0,1930.0
0.8487138378081673,0.0,0.445626712,0.415656743,0.0,1930.0
0.7988446665994557,0.0,0.503734452,0.472750209,0.0,1930.0
0.7520092090904112,0.0,0.536355737,0.50139762,0.0,1930.0
0.6603951509895857,0.0,0.583221898,0.5578802654999999,0.0,1930.0
0.6138818242944861,0.0,0.6387605525,0.650777438,0.0,1930.0
0.6098095869891436,0.0,0.706087447,0.7226314730000001,0.0,1930.0
0.6269304148825606,0.0,0.772745271,0.776534054,0.0,1930.0
0.6517424712861745,0.0,0.810909656,0.821473556,0.0,1930.0
0.6916599529281313,0.0,0.853944065,0.867241737,0.0,1930.0
0.7326802859049393,0.007387968,0.882411532,0.899696258,0.0,1930.0
0.7595764105058591,0.02139001,0.879700623,0.90861844,0.0,1930.0
0.7650907573277079,0.036170521,0.883927882,0.923363137,0.0,1930.0
0.7627373039693903,0.051355652,0.898512593,0.929882497,0.0,1930.0
0.7616463476632751,0.067319963,0.902589996,0.93183238,0.0,1930.0
0.7597588626193088,0.090623637,0.904575364,0.932827197,0.0,1930.0
0.7579911341978266,0.083510308,0.905888068,0.933411053,0.0,1930.0
0.7620850376941717,0.060278243,0.901934452,0.932721093,0.0,1930.0
0.7780924380373877,0.008573909,0.89542262,0.928819986,0.0,1930.0
0.7832878961872413,0.0,0.88279372,0.9178368745000001,0.0,1930.0
0.7662220498904355,0.0,0.860035809,0.9002367785000001,0.0,1930.0
0.7395593566084366,0.0,0.831260953,0.882949735,0.0,1930.0
0.6928867196853776,0.0,0.826800816,0.8797122715000001,0.0,1930.0
0.6208123885710396,0.0,0.8047507645,0.878022694,0.0,1930.0
0.5949436750632445,0.0,0.7965038085,0.8542374785,0.0,1930.0
0.6076976814043809,0.0,0.7691657525,0.846075694,0.0,1930.0
0.6537685170925349,0.0,0.764344058,0.842940763,0.0,1930.0
0.7156443564630217,0.01383626,0.774895036,0.859013654,0.0,1930.0
0.7450229924408905,0.05311432,0.758234331,0.852631068,0.0,1930.0
0.7516458253618925,0.070915135,0.781083109,0.879206743,0.0,1930.0
0.7475000929380513,0.11705578,0.7913987165,0.8935001985,0.0,1930.0
0.7443629004640123,0.125842019,0.789162224,0.88929397,0.0,1930.0
0.7430838574150971,0.109264014,0.775597012,0.885103277,0.0,1930.0
0.7468552947430572,0.067367911,0.767150088,0.884510719,0.0,1930.0
0.7663929646640599,0.014924248,0.766318271,0.886180557,0.0,1930.0
0.7755520606782642,0.0,0.7914978295,0.8854116085,0.0,1930.0
0.7634534732139859,0.0,0.8290696585,0.879733248,0.0,1930.0
0.7399489456211535,0.0,0.853008825,0.894035716,0.0,1930.0
0.6993668553785453,0.0,0.8621223745,0.915188414,0.0,1930.0
0.636328711054288,0.0,0.8628707095,0.926578022,0.0,1930.0
0.6214814467920523,0.0,0.838033498,0.926059258,0.0,1930.0
0.6222793169476636,0.0,0.821627565,0.922279537,0.0,1930.0
0.645912634343051,0.0,0.811400818,0.911363784,0.0,1930.0
0.7106748170178747,0.0,0.797154837,0.901741451,0.0,1930.0
0.8351412787143152,0.0,0.779431369,0.9063010810000001,0.0,1930.0
0.8832456727555684,0.01330464,0.75712301,0.914234442,0.0,1930.0
0.8942210617772822,0.125212717,0.743249296,0.899454417,0.0,1930.0
0.8935983097966722,0.228180534,0.721818833,0.897787827,0.0,1930.0
0.8968011046166622,0.3032076165,0.7331796505,0.8838128455,0.0,1930.0
0.8966852385105372,0.338775591,0.686266198,0.843497184,0.0,1930.0
0.8965891828775454,0.333458372,0.633377641,0.810575548,0.0,1930.0
0.9046288815601856,0.249463228,0.55400828,0.767278441,0.0,1930.0
0.9251890883291045,0.046386039,0.47556708,0.718653352,0.0,1930.0
0.9343929030144429,0.0,0.428391011,0.6383401055,0.0,1930.0
0.9141840955399477,0.0,0.415917666,0.570300848,0.0,1930.0
0.8516816360744384,0.0,0.404489575,0.538298735,0.0,1930.0
0.8012484731907817,0.0,0.390772678,0.50056177,0.0,1930.0
0.7248614526011766,0.0,0.374638821,0.464341329,0.0,1930.0
0.6594860878278695,0.0,0.3780117875,0.424091155,0.0,1930.0
0.6501233876743705,0.0,0.37399837449999995,0.41009946249999996,0.0,1930.0
0.6834251019827461,0.0,0.391248518,0.406078083,0.0,1930.0
0.7885215439879121,0.0,0.411029869,0.402970147,0.0,1930.0
0.8953673797708661,0.0,0.4417043625,0.405941233,0.0,1930.0
0.9326283048601294,0.052521306,0.464906443,0.422342585,0.0,1930.0
0.9388968766380423,0.192075337,0.445091308,0.401250301,0.0,1930.0
0.9318226536718001,0.305879233,0.450359719,0.431423359,0.0,1930.0
0.9179934094987556,0.342259029,0.5011250005,0.47840015999999996,0.0,1930.0
0.9139755277500858,0.236296751,0.534914359,0.52499511,0.0,1930.0
0.9132078872669049,0.144403287,0.535451852,0.547216879,0.0,1930.0
0.9184596461641349,0.061717155,0.578395196,0.595114836,0.0,1930.0
0.9357904504035377,0.008272372,0.613129472,0.635821319,0.0,1930.0
0.9383583744646196,0.0,0.659158529,0.67798431,0.0,1930.0
0.9355239272936184,0.0,0.70948762,0.738453958,0.0,1930.0
0.9056971208080852,0.0,0.749197915,0.803650795,0.0,1930.0
0.8422381292659386,0.0,0.782782118,0.858888866,0.0,1930.0
0.794493094295069,0.0,0.799914849,0.887911913,0.0,1930.0
0.7177910754823518,0.0,0.825734775,0.917164828,0.0,1930.0
0.6384695048937208,0.0,0.8541184455,0.9278046575000001,0.0,1930.0
0.6263320346003229,0.0,0.864359629,0.934537593,0.0,1930.0
0.6292846732264858,0.0,0.8668815,0.936047817,0.0,1930.0
0.6536371113229202,0.0,0.866631034,0.93621392,0.0,1930.0
0.7361610071003737,0.0,0.867722147,0.936119973,0.0,1930.0
0.8339455018112134,0.0,0.86329163,0.935190675,0.0,1930.0
0.8897497328504116,0.0,0.859988618,0.934774552,0.0,1930.0
0.9102588708735488,0.027060723,0.852502169,0.934636806,0.0,1930.0
0.9230784572261655,0.203975755,0.834550723,0.926473873,0.0,1930.0
0.9246789378432476,0.306630853,0.825336771,0.93228585,0.0,1930.0
0.9255972354651745,0.364860472,0.8420438485,0.9323049655,0.0,1930.0
0.9229208687092507,0.340332622,0.843179425,0.925678017,0.0,1930.0
0.9229719373200808,0.318157229,0.840318326,0.924840742,0.0,1930.0
0.9283796748979619,0.221337695,0.822502307,0.922463902,0.0,1930.0
0.9481052526160955,0.048249996,0.799678767,0.920536339,0.0,1930.0
0.9512702602105964,0.0,0.7987915185000001,0.9236624545000001,0.0,1930.0
0.8859867922028941,0.0,0.8138852715,0.9243904405000001,0.0,1930.0
0.7786634058943945,0.0,0.8003995245,0.911362794,0.0,1930.0
0.6934656250513495,0.0,0.8118312015,0.91021727,0.0,1563.0
0.6624719077178653,0.0,0.831252153,0.9137081635,0.0,1563.0
0.6599286683076495,0.0,0.84281588,0.914331045,0.0,1563.0
0.692501915647462,0.0,0.852979072,0.907383315,0.0,1563.0
0.8199811179633938,0.0,0.857074134,0.906181255,0.0,1563.0
0.9228626897071069,0.0,0.8645674765,0.9066062800000001,0.0,1563.0
0.9531314506324814,0.094436258,0.868066369,0.89919762,0.0,1563.0
0.954752948998681,0.306761322,0.841957283,0.893997011,0.0,1563.0
0.9507087726954057,0.446784542,0.826197805,0.896819066,0.0,1563.0
0.9461106664974748,0.503413688,0.8661132915,0.9060868295,0.0,1563.0
0.9437135229332898,0.488249833,0.875535356,0.914007182,0.0,1563.0
0.9433495130298811,0.362420472,0.879917526,0.917657819,0.0,1563.0
0.9475170233845542,0.270743318,0.879010274,0.920638898,0.0,1563.0
0.9652691669424364,0.081778363,0.871417939,0.921412384,0.0,1563.0
0.970804307898792,0.0,0.86371577,0.921357038,0.0,1563.0
0.9068742052436306,0.0,0.8501081955,0.9135012204999999,0.0,1563.0
0.8247198644586259,0.0,0.803734395,0.913233955,0.0,1563.0
0.782571458524142,0.0,0.800632487,0.911865969,0.0,1563.0
0.6932012707467444,0.0,0.7895651539999999,0.910022738,0.0,1563.0
0.662634840111156,0.0,0.734693934,0.9017285079999999,0.0,1563.0
0.6600639869955696,0.0,0.687912616,0.890249129,0.0,1563.0
0.6927848506123181,0.0,0.651483376,0.874889924,0.0,1563.0
0.8196770311076442,0.0,0.60290221,0.850826836,0.0,1563.0
0.9241481721685527,0.0,0.5270579925,0.798404706,0.0,1563.0
0.9555453636055624,0.08775199,0.438074604,0.724819091,0.0,1563.0
0.9564964399985182,0.307801739,0.329457997,0.637869626,0.0,1563.0
0.9511747411447086,0.441630643,0.297758598,0.596929449,0.0,1563.0
0.94563347366084,0.535118026,0.28270110400000004,0.521483405,0.0,1563.0
0.942520250324894,0.400033195,0.237989346,0.46257736,0.0,1563.0
0.9426368766127337,0.264594057,0.203773067,0.42206254,0.0,1563.0
0.9462537214816956,0.168876961,0.187076531,0.391852418,0.0,1563.0
0.9646984673689816,0.034448155,0.19839626,0.373458423,0.0,1563.0
0.970711650816521,0.0,0.20983467150000001,0.3130468375,0.0,1563.0
0.941984610337515,0.0,0.229641603,0.260936879,0.0,1563.0
0.8749342635628797,0.0,0.251413797,0.24692843,0.0,1563.0
0.8258766465903512,0.0,0.257198344,0.279181248,0.0,1563.0
0.7828580157218051,0.0,0.273132965,0.290996117,0.0,1563.0
0.6754103114981065,0.0,0.28674232050000004,0.3018780765,0.0,1563.0
0.6400937311017609,0.0,0.298019798,0.362121676,0.0,1563.0
0.6363033108231733,0.0,0.30939722199999997,0.37409956749999995,0.0,1563.0
0.6861474394896809,0.0,0.3297721895,0.429822849,0.0,1563.0
0.7620343267047768,0.0,0.348656378,0.471316367,0.0,1563.0
0.807485652419319,0.014764605,0.355387347,0.489879677,0.0,1563.0
0.833145932346504,0.096914871,0.374353116,0.501222476,0.0,1563.0
0.8396104611028666,0.155974484,0.384876896,0.505512579,0.0,1563.0
0.837742115688202,0.207769421,0.417883429,0.524151924,0.0,1563.0
0.834589718770162,0.2356719,0.41948743,0.535670318,0.0,1563.0
0.8324925033292913,0.215413285,0.442745782,0.557502219,0.0,1563.0
0.8317023247335635,0.204587569,0.448246271,0.567701507,0.0,1563.0
0.8444919495623505,0.157706481,0.463167066,0.578598612,0.0,1563.0
0.8699735336157174,0.068505383,0.46446944,0.58587825,0.0,1563.0
0.8754959298887879,0.0,0.462460768,0.598313705,0.0,1563.0
0.862286843996289,0.0,0.4563794185,0.6270169065,0.0,1563.0
0.8171981866324438,0.0,0.453338649,0.674243248,0.0,1563.0
0.7614829009698753,0.0,0.4429442295,0.6557748889999999,0.0,1563.0
0.6754493061345314,0.0,0.43156039999999996,0.650503787,0.0,1563.0
0.6405403363746274,0.0,0.4193288825,0.6410819945,0.0,1563.0
0.6372258567178457,0.0,0.38036682,0.6199867210000001,0.0,1563.0
0.6883146844274416,0.0,0.357950705,0.593819393,0.0,1563.0
0.7627915029148649,0.0,0.342482809,0.559903943,0.0,1563.0
0.8091744077716263,0.092385405,0.310162249,0.528105879,0.0,1563.0
0.8323522656597453,0.317098467,0.218118092,0.462543685,0.0,1563.0
0.8349257347423914,0.475195906,0.225540921,0.453617034,0.0,1563.0
0.826600596867665,0.527703423,0.2330140375,0.447673598,0.0,1563.0
0.8218850593962869,0.422036275,0.22256093,0.439287827,0.0,1563.0
0.8210329901602496,0.36334891,0.208303578,0.435045522,0.0,1563.0
0.8380488856493749,0.253399143,0.184588039,0.436675073,0.0,1563.0
0.8682405963618074,0.087498223,0.170864883,0.43598023,0.0,1563.0
0.8745489676268015,0.0,0.1729953655,0.4419950375,0.0,1563.0
0.8376545565332256,0.0,0.169344392,0.4418589055,0.0,1563.0
0.7855536562488065,0.0,0.152897175,0.407041341,0.0,1563.0
0.7280666175066206,0.0,0.1641623295,0.3977029225,0.0,1563.0
0.6770688519101874,0.0,0.18385743233333332,0.41845697600000004,0.0,1563.0
0.670052256376878,0.0,0.192569247,0.423545574,0.0,1563.0
0.7086611806753109,0.0,0.191537571,0.426140777,0.0,1563.0
0.879817808952897,0.0,0.196793438,0.42130749349999996,0.0,1563.0
0.9604823032253493,0.0,0.205191886,0.411751058,0.0,1563.0
0.9682252488557372,0.118908661,0.215070252,0.417010956,0.0,1563.0
0.9724643984760883,0.328573348,0.211467972,0.39351714,0.0,1563.0
0.9706609845635432,0.450220066,0.211813375,0.392305513,0.0,1563.0
0.9667387112861199,0.5232687469999999,0.2354632585,0.3837458735,0.0,1563.0
0.9648455024098718,0.405438531,0.244159291,0.365533584,0.0,1563.0
0.9651977959603105,0.304026092,0.237194303,0.358755272,0.0,1563.0
0.9680661398404417,0.207779685,0.225128772,0.366312484,0.0,1563.0
0.9870483146319906,0.060216745,0.228537878,0.375135538,0.0,1563.0
0.9884421057139783,0.0,0.245767,0.3723410575,0.0,1563.0
0.952054088799152,0.0,0.243013993,0.361203164,0.0,1563.0
0.8820151942926805,0.0,0.229807585,0.356714556,0.0,1563.0
0.8334462628276704,0.0,0.19392751,0.327110634,0.0,1563.0
0.794869357118552,0.0,0.200814822,0.335887794,0.0,1563.0
0.7036039031969943,0.0,0.241818042,0.3376389635,0.0,1563.0
0.6806073794842238,0.0,0.32005229749999997,0.33169171,0.0,1563.0
0.6778776186334817,0.0,0.382176022,0.360185393,0.0,1563.0
0.7122279852637583,0.0,0.41621405,0.398437591,0.0,1563.0
0.8385643128732441,0.0,0.431199655,0.430221753,0.0,1563.0
0.942457778381063,0.0,0.441544625,0.4669920085,0.0,1563.0
0.9710194493104363,0.090088375,0.440913164,0.514882486,0.0,1563.0
0.9775149233869536,0.276799065,0.402522564,0.518225003,0.0,1563.0
0.9745185946223992,0.401288443,0.407171294,0.551669921,0.0,1563.0
0.971748721197131,0.48748260050000003,0.48731338,0.6044751315,0.0,1563.0
0.9691552180267412,0.459920762,0.510164309,0.651528794,0.0,1563.0
0.9693721928892596,0.368913066,0.519586813,0.676707097,0.0,1563.0
0.9736009678443038,0.268826869,0.513078068,0.690652209,0.0,1563.0
0.9879070022937033,0.124455926,0.488998842,0.691020834,0.0,1563.0
0.9920485311137406,0.0,0.465851442,0.6959407405,0.0,1563.0
0.919112583283185,0.0,0.4569115545,0.702887862,0.0,1563.0
0.8373848136833031,0.0,0.400526123,0.640327988,0.0,1563.0
0.8005204535189158,0.0,0.395139645,0.609909063,0.0,1563.0
0.7130335695836267,0.0,0.397078104,0.5892604724999999,0.0,1563.0
0.6891233542105858,0.0,0.378251794,0.584651137,0.0,1563.0
0.6892609758455963,0.0,0.32176388,0.551634184,0.0,1563.0
0.7303357761863825,0.0,0.287102222,0.5135168,0.0,1563.0
0.8921893144056351,0.0,0.25902274000000003,0.4790338315,0.0,1563.0
0.968285082430562,0.0,0.246046689,0.461628135,0.0,1563.0
0.9775699274529872,0.148651726,0.244075753,0.446177427,0.0,1563.0
0.9784711871800387,0.315837933,0.210614614,0.386000385,0.0,1563.0
0.9736302138553603,0.388148343,0.233008067,0.383915697,0.0,1563.0
0.9678904403619192,0.41427635799999996,0.283755726,0.35730053149999996,0.0,1563.0
0.9635775495390366,0.33719699,0.354954987,0.345261029,0.0,1563.0
0.9631334039594102,0.26023614,0.395965674,0.370144068,0.0,1563.0
0.9678646377054764,0.163009109,0.431418884,0.405434149,0.0,1563.0
0.9866375290594389,0.043796469,0.468494352,0.445833973,0.0,1563.0
0.9873697076661676,0.0,0.506743806,0.501979588,0.0,1563.0
0.9498074234955197,0.0,0.529648279,0.528139197,0.0,1563.0
0.87940603958402,0.0,0.523526702,0.513409229,0.0,1563.0
0.8320347631419275,0.0,0.505070384,0.480413564,0.0,1563.0
0.7899740059027301,0.0,0.473885181,0.462735161,0.0,1563.0
0.6982923554613567,0.0,0.45430408899999997,0.4794558665,0.0,1563.0
0.6738033242626542,0.0,0.44340638,0.5181379365000001,0.0,1563.0
0.6713943526731455,0.0,0.420996032,0.541500172,0.0,1563.0
0.704339927516189,0.0,0.404993967,0.555484571,0.0,1563.0
0.8710371221655433,0.0,0.3841908095,0.5709401080000001,0.0,1563.0
0.9467338209708885,0.0,0.380470546,0.589800158,0.0,1563.0
0.9562761558556865,0.041694677,0.383467977,0.601894193,0.0,1563.0
0.9564964399985182,0.09547787,0.387740651,0.604532144,0.0,1563.0
0.9500152757726085,0.137452773,0.409270642,0.602140379,0.0,1563.0
0.9448344854996519,0.150713038,0.4328082445,0.6217709425,0.0,1563.0
0.9417553824199708,0.138077546,0.487652584,0.642682956,0.0,1563.0
0.940794467928812,0.111728707,0.515184846,0.656153705,0.0,1563.0
0.9435880423435724,0.070597286,0.550283627,0.67732965,0.0,1563.0
0.9595873933705185,0.035769854,0.577570056,0.709711471,0.0,1563.0
0.9606119872839194,0.0,0.59029752,0.750168451,0.0,1563.0
0.9589695605064856,0.0,0.591855066,0.786218337,0.0,1563.0
0.9288294551069385,0.0,0.625131779,0.793856298,0.0,1563.0
0.8652695782880575,0.0,0.657298583,0.781291139,0.0,1563.0
0.8195369722488159,0.0,0.679234807,0.747993953,0.0,1563.0
0.7760194600181618,0.0,0.681298167,0.759164119,0.0,1563.0
0.6891243156724401,0.0,0.658857962,0.807738811,0.0,1563.0
0.6580651972731446,0.0,0.6447426215000001,0.8768852285,0.0,1563.0
0.6585332227204567,0.0,0.649028576,0.888141395,0.0,1563.0
0.6910356804491405,0.0,0.650523541,0.886383299,0.0,1563.0
0.8615532792353828,0.0,0.6433661785,0.8784546985,0.0,1563.0
0.9459539275676334,0.0,0.635293493,0.871041314,0.0,1563.0
0.9608404995537388,0.079879545,0.622343611,0.868961905,0.0,1563.0
0.9664454464598498,0.287825001,0.552107938,0.835114378,0.0,1563.0
0.9675664536276777,0.44914084,0.554933328,0.818243792,0.0,1563.0
0.9623762723507878,0.574258428,0.602542955,0.8075599695,0.0,1563.0
0.9530292238030353,0.562525312,0.599966415,0.810866292,0.0,1563.0
0.9523392149712689,0.462831456,0.559791806,0.811765466,0.0,1563.0
0.9567313024104612,0.355528263,0.505741155,0.793833652,0.0,1563.0
0.9776800247879859,0.169451753,0.474586602,0.77373571,0.0,1563.0
0.9822921279515066,0.0006465945,0.462349078,0.731113214,0.0,1563.0
0.9484147056826918,0.0,0.474893058,0.693533404,0.0,1563.0
0.8788528698036031,0.0,0.494456797,0.681377567,0.0,1563.0
0.8301433429126607,0.0,0.545254608,0.660931781,0.0,1563.0
0.7893295206602297,0.0,0.566285349,0.67821507,0.0,1563.0
0.6906421115821816,0.0,0.606121411,0.701674827,0.0,1563.0
0.6585620662387094,0.0,0.654071014,0.7208501869999999,0.0,1563.0
0.6447927897822658,0.0,0.707636803,0.694113664,0.0,1563.0
0.6430338261898269,0.0,0.7546811959999999,0.6975228714999999,0.0,1563.0
0.6878342719182795,0.0,0.7981189664999999,0.7226866175,0.0,1563.0
0.7614748963900224,0.001155571,0.79375883,0.781324227,0.0,1563.0
0.7974420213505419,0.029965913,0.781531308,0.834307889,0.0,1563.0
0.8149109168561227,0.080214053,0.741711592,0.869639788,0.0,1563.0
0.8183057782731548,0.114310528,0.695749923,0.872711627,0.0,1563.0
0.8160097436677906,0.15561318,0.671609159,0.853260631,0.0,1563.0
0.8110989197244156,0.19432853,0.656237882,0.835511212,0.0,1563.0
0.8084122229721264,0.203120323,0.672786434,0.813377838,0.0,1563.0
0.8049069959365437,0.187137256,0.636422153,0.786966412,0.0,1563.0
0.8126461851923484,0.124893984,0.585641006,0.782699119,0.0,1563.0
0.8332393048740724,0.04548401,0.53603786,0.781354548,0.0,1563.0
0.8347983760328583,0.001072291,0.53194727,0.800986378,0.0,1563.0
0.8267220527992473,0.0,0.5663889314999999,0.803930669,0.0,1563.0
0.7995835083008013,0.0,0.605438355,0.794950577,0.0,1563.0
0.7507915201821773,0.0,0.6679519325000001,0.8548276705,0.0,1563.0
0.6707413261487365,0.0,0.7561726545,0.896149188,0.0,1563.0
0.6332660644984851,0.0,0.746018457,0.8985701850000001,0.0,1563.0
0.6342424516497214,0.0,0.73809083,0.90646112,0.0,1563.0
0.6838347695497209,0.0,0.7274996165000001,0.9157703405,0.0,1563.0
0.7621493431563526,0.001986638,0.716618356,0.91397605,0.0,1563.0
0.8075130201756082,0.161195495,0.725376649,0.920417982,0.0,1563.0
0.8325703137914234,0.342886661,0.700321077,0.916599834,0.0,1563.0
0.8359465722812095,0.472953103,0.751302791,0.921480638,0.0,1563.0
0.8332761977085952,0.5353973025000001,0.7795802135000001,0.926456301,0.0,1563.0
0.830564860906906,0.510309202,0.785790861,0.929162257,0.0,1563.0
0.8328752949706636,0.424473493,0.773575377,0.928808673,0.0,1563.0
0.8492264029809441,0.298544747,0.794107326,0.932249973,0.0,1563.0
0.8736324139829144,0.158569031,0.788868951,0.931289349,0.0,1563.0
0.870435566789752,0.0007568936666666667,0.7302838843333334,0.9218183646666667,0.0,1563.0
0.8217637824103735,0.0,0.690981348,0.908766556,0.0,1563.0
0.7867397738644228,0.0,0.633691119,0.865421797,0.0,1563.0
0.7309982160491955,0.0,0.6378623404999999,0.8680170309999999,0.0,1563.0
0.6889991034337506,0.0,0.629086432,0.8601414935,0.0,1563.0
0.6804626251234288,0.0,0.611407295,0.84212542,0.0,1563.0
0.6837148788529366,0.0,0.603671757,0.829397528,0.0,1563.0
0.7212637920304577,0.0,0.593674467,0.808135167,0.0,1563.0
0.8486188553093836,0.0,0.577879899,0.78182111,0.0,1563.0
0.9279836465401902,0.0,0.568726129,0.759336509,0.0,1563.0
0.9648034667766854,0.002573265,0.563305371,0.741209851,0.0,1563.0
0.9686749397268307,0.196054623,0.555221482,0.722783687,0.0,1563.0
0.9703585075440573,0.393812071,0.476830405,0.651590717,0.0,1563.0
0.9674041249398547,0.52089013,0.549732289,0.660814685,0.0,1563.0
0.9548443540010748,0.6492921405000001,0.634589531,0.694617806,0.0,1563.0
0.9465588814716535,0.56335955,0.648377887,0.717932113,0.0,1563.0
0.9451874498264465,0.467277557,0.635249845,0.742349125,0.0,1563.0
0.9508903304853649,0.306933162,0.626440085,0.762533132,0.0,1563.0
0.9725526732113136,0.131218404,0.645536862,0.789422375,0.0,1563.0
0.9800889293066067,0.001026405,0.680670062,0.818002479,0.0,1563.0
0.9797370828504377,0.0,0.717314721,0.847001143,0.0,1563.0
0.9443725864449013,0.0,0.760083472,0.873632863,0.0,1563.0
0.8751657272216746,0.0,0.789065746,0.881119777,0.0,1563.0
0.8258083164700353,0.0,0.814485997,0.908599976,0.0,1563.0
0.7827074927248353,0.0,0.820517116,0.905464637,0.0,1563.0
0.6931970672104161,0.0,0.8181388935,0.9061569575,0.0,1563.0
0.6630866103822053,0.0,0.82859101,0.9066859325000001,0.0,1563.0
0.6599286683076495,0.0,0.810436176,0.915813641,0.0,1563.0
0.6921746646392273,0.0,0.788293855,0.909781067,0.0,1563.0
0.8182135683526292,0.0,0.757827156,0.893454541,0.0,1563.0
0.9020504933609624,0.0,0.728225151,0.837912266,0.0,1563.0
0.9411221663012193,0.001606877,0.692449016,0.81752631,0.0,1563.0
0.9552663191570654,0.073610061,0.651759672,0.825497132,0.0,1563.0
0.9619657103253708,0.176943609,0.560132808,0.833118946,0.0,1563.0
0.9633537774401252,0.261056749,0.524384254,0.844213227,0.0,1563.0
0.9631552265591838,0.347864418,0.545789846,0.839686736,0.0,1563.0
0.960808302153707,0.391522494,0.522273383,0.832104536,0.0,1563.0
0.9582953820237072,0.438453218,0.486713276,0.810320802,0.0,1563.0
0.9602734670169841,0.407263481,0.461909828,0.767249211,0.0,1563.0
0.9626211070701854,0.32237365,0.425580433,0.719737927,0.0,1563.0
0.9787892262649606,0.199833328,0.399273186,0.653329942,0.0,1563.0
0.9823753493609029,0.0014960355,0.4058080105,0.580268375,0.0,1563.0
0.9482767933621827,0.0,0.434846522,0.530022058,0.0,1563.0
0.8784273271512228,0.0,0.458448687,0.524105747,0.0,1563.0
0.8310518471053262,0.0,0.487321344,0.544368841,0.0,1563.0
0.7893295206602297,0.0,0.504423044,0.582921076,0.0,1563.0
0.7105563572791609,0.0,0.53522458,0.622956415,0.0,1563.0
0.678636643229075,0.0,0.604420416,0.6784242203333332,0.0,1563.0
0.671202599028597,0.0,0.694533046,0.730394166,0.0,1563.0
0.7090446878294565,0.0,0.745833861,0.755053269,0.0,1563.0
0.8321771473497926,0.0,0.793384542,0.79368054,0.0,1563.0
0.9113258580415714,0.0,0.83185625,0.808349179,0.0,1563.0
0.9484300889374104,0.001944257,0.861905025,0.825005,0.0,1563.0
0.9575318556714958,0.057094581,0.886085528,0.839418572,0.0,1563.0
0.9562925229067302,0.111724631,0.880165154,0.857389513,0.0,1563.0
0.9511747411447086,0.122421238,0.896120099,0.893816876,0.0,1563.0
0.9458795157236977,0.131290244,0.9074814065,0.9256895115,0.0,1563.0
0.9440230654727205,0.168527292,0.901268447,0.930633254,0.0,1563.0
0.943574000776517,0.16203782,0.882318998,0.930761605,0.0,1563.0
0.9467454477160727,0.13832686,0.859752008,0.926716279,0.0,1563.0
0.9636109096810627,0.091806413,0.830961275,0.912218829,0.0,1563.0
0.9649064985917393,0.001786057,0.7988633430000001,0.8844863789999999,0.0,1563.0
0.897953683279535,0.0,0.775035965,0.873809684,0.0,1563.0
0.8188703959880382,0.0,0.738759707,0.882680902,0.0,1563.0
0.7368351855831519,0.0,0.7691888585,0.9013099339999999,0.0,1563.0
0.6577122180117193,0.0,0.795211794,0.9100958713333335,0.0,1563.0
0.6504020296300638,0.0,0.807584346,0.899045197,0.0,1563.0
0.6793757829482832,0.0,0.8191988,0.894373272,0.0,1563.0
0.7912792539659405,0.0,0.830523852,0.894543554,0.0,1563.0
0.9110089368947506,0.001630681,0.829501043,0.8942857305,0.0,1563.0
0.943946059996196,0.234543088,0.829527492,0.889858576,0.0,1563.0
0.9460324535425387,0.437160412,0.790527283,0.864730957,0.0,1563.0
0.9459736037640389,0.557865094,0.847978351,0.847541798,0.0,1563.0
0.9433200434716897,0.6395887775,0.879592149,0.8481191175,0.0,1563.0
0.939513189138646,0.598062143,0.880044894,0.855749062,0.0,1563.0
0.9403070346361223,0.547858129,0.868871739,0.859394267,0.0,1563.0
0.94565127173743,0.401061219,0.844801944,0.865218369,0.0,1563.0
0.9639722364790482,0.245815345,0.811199471,0.865499563,0.0,1563.0
0.9748834094439398,0.0028465235,0.7705906275000001,0.8642330035,0.0,1563.0
0.9442060541532744,0.0,0.745427888,0.860850007,0.0,1563.0
0.8754699930230933,0.0,0.736095147,0.857083852,0.0,1563.0
0.8265490362911966,0.0,0.705203194,0.851742893,0.0,1563.0
0.7855144826667125,0.0,0.696776915,0.847903981,0.0,1563.0
0.6959483824448555,0.0,0.677371079,0.8291743695,0.0,1563.0
0.6706609667229568,0.0,0.644513707,0.7732620425000001,0.0,1563.0
0.6719613405409588,0.0,0.593411697,0.719122154,0.0,1563.0
0.7087511099157414,0.0,0.57191296,0.673787963,0.0,1563.0
0.8363997511083826,0.0,0.558041241,0.627279435,0.0,1563.0
0.918833851922133,0.0,0.553926482,0.588658232,0.0,1563.0
0.9575745173446208,0.006318351,0.546666357,0.558648961,0.0,1563.0
0.9612459189154441,0.214601085,0.530830527,0.539882726,0.0,1563.0
0.9595725468178553,0.353564471,0.485970589,0.49290055,0.0,1563.0
0.9463904710602107,0.469536799,0.496766848,0.50413369,0.0,1563.0
0.9405512431806297,0.5215110985,0.5617177744999999,0.5414928084999999,0.0,1563.0
0.9273248513121307,0.440440282,0.578275972,0.548965234,0.0,1563.0
0.9267863492736592,0.30404719,0.561502486,0.548341378,0.0,1563.0
0.9372371883511227,0.183916859,0.549042192,0.553473117,0.0,1563.0
0.9571613169501977,0.074917602,0.531827325,0.573084572,0.0,1563.0
0.9656374697875322,0.002027162,0.531063404,0.593341924,0.0,1563.0
0.952969434897152,0.0,0.5509332455,0.628544402,0.0,1563.0
0.8719881985584992,0.0,0.561875403,0.648141731,0.0,1563.0
0.8240080328921346,0.0,0.55629614,0.672293404,0.0,1563.0
0.7823051142249402,0.0,0.530924671,0.645594484,0.0,1563.0
0.6756229040135792,0.0,0.486330828,0.5937195835,0.0,1563.0
0.6429686711405727,0.0,0.4354523055,0.518447766,0.0,1563.0
0.64179187732305,0.0,0.40772654900000005,0.425986862,0.0,1563.0
0.6897023043129747,0.0,0.36396109649999997,0.3582944625,0.0,1563.0
0.7625806992488007,0.005116255,0.322029774,0.311535736,0.0,1563.0
0.8061330025120756,0.170699448,0.276878765,0.294022589,0.0,1563.0
0.8176515442703344,0.306980735,0.217358432,0.250656572,0.0,1563.0
0.816233515766702,0.412776004,0.226401264,0.268356929,0.0,1563.0
0.8084533193429777,0.4676305455,0.2477719765,0.286752451,0.0,1563.0
0.7997723998942573,0.435840259,0.231807137,0.290905748,0.0,1563.0
0.7952939159746072,0.364545405,0.215419806,0.283476787,0.0,1563.0
0.8036233916623894,0.280526404,0.190597641,0.268428377,0.0,1563.0
0.8421100550436325,0.169528467,0.173923653,0.256906131,0.0,1563.0
0.8528139123660152,0.003732509,0.173652473,0.251668587,0.0,1563.0
0.8513240209820944,0.0,0.1672894755,0.2407599685,0.0,1563.0
0.7971269783910127,0.0,0.1578026475,0.2488677515,0.0,1563.0
0.7422181042334395,0.0,0.151855893,0.261197177,0.0,1563.0
0.6756868740538442,0.0,0.1495929225,0.263709556,0.0,1563.0
0.6398827261555571,0.0,0.1706386325,0.282016052,0.0,1563.0
0.6351438455185487,0.0,0.1932917385,0.308796189,0.0,1563.0
0.6800627957221326,0.0,0.20850992499999998,0.34960859349999995,0.0,1563.0
0.7552186670050182,0.004568945,0.232704114,0.382223759,0.0,1563.0
0.7902798815404124,0.053562502,0.247162761,0.396112004,0.0,1563.0
0.8094811777327992,0.090853199,0.242557536,0.375406653,0.0,1563.0
0.8112445236722841,0.1353369385,0.25497425949999997,0.35375462,0.0,1563.0
0.802357406519156,0.123280205,0.260331735,0.3475559,0.0,1563.0
0.8005301128064011,0.10413159,0.25962964,0.336481245,0.0,1563.0
0.7965784147072036,0.072580472,0.259823707,0.331725022,0.0,1563.0
0.8048517235869581,0.037215416,0.259287843,0.337844289,0.0,1563.0
0.8278190460925651,0.0162834,0.27469504,0.354815763,0.0,1563.0
0.836732726218802,0.001108186,0.292123549,0.375415648,0.0,1563.0
0.8335117756333112,0.0,0.305170846,0.40795046749999997,0.0,1563.0
0.7995835083008013,0.0,0.290921761,0.405618453,0.0,1563.0
0.751383416315467,0.0,0.24516582850000002,0.3622911585,0.0,1563.0
0.6822719866852935,0.0,0.227957215,0.392099121,0.0,1563.0
0.6481392656264156,0.0,0.22908077,0.415553275,0.0,1563.0
0.6459576213652128,0.0,0.231651951,0.40361543,0.0,1563.0
0.6757007591446529,0.0,0.224218059,0.390106762,0.0,1563.0
0.7675031499373597,0.0,0.216429162,0.388516758,0.0,1563.0
0.8530321394433623,0.0,0.207836098,0.382791749,0.0,1563.0
0.9072337433271589,0.00117643,0.209626216,0.372804464,0.0,1563.0
0.9246075668611218,0.041482403,0.208739162,0.362393062,0.0,1563.0
0.9269853472488703,0.068945717,0.1753625,0.34162482,0.0,1563.0
0.9253351394387183,0.103794374,0.18621478,0.333672698,0.0,1563.0
0.9184252128204249,0.123178576,0.224187793,0.3427191775,0.0,1563.0
0.9080202550211383,0.117253012,0.242165471,0.342946231,0.0,1563.0
0.9052677323082874,0.091928005,0.243754493,0.341603756,0.0,1563.0
0.9073879332258773,0.064699512,0.248272703,0.334421559,0.0,1563.0
0.9245875329083295,0.036209528,0.279362676,0.33359239,0.0,1563.0
0.927449884672627,0.002353431,0.309674422,0.338984802,0.0,1563.0
0.9268671111247668,0.0,0.332760861,0.349931048,0.0,1563.0
0.8862209838384814,0.0,0.3499966125,0.3911534455,0.0,1563.0
0.8163639153380451,0.0,0.392462314,0.439244832,0.0,1563.0
0.7691453084312416,0.0,0.388234747,0.514010487,0.0,1563.0
0.6820482145189063,0.0,0.430038389,0.610595563,0.0,1563.0
0.6481232116628167,0.0,0.4687645325,0.6297535945,0.0,1563.0
0.6465235359638665,0.0,0.469903149,0.629887882,0.0,1563.0
0.6764230548492857,0.0,0.478790895,0.628076198,0.0,1563.0
0.7825303173493978,0.0,0.492189172,0.629401339,0.0,1563.0
0.8761854914913331,0.0,0.51250366,0.650559213,0.0,1563.0
0.9278460919760676,0.005322584,0.525513555,0.675825751,0.0,1563.0
0.9364283173553143,0.19937146,0.507506368,0.681335452,0.0,1563.0
0.9414529055354365,0.356769314,0.440898815,0.644907673,0.0,1563.0
0.9419775446826185,0.475775517,0.476810879,0.628650486,0.0,1563.0
0.9389612714381063,0.536248995,0.526350365,0.62657901,0.0,1563.0
0.9266095316546082,0.522924156,0.537949184,0.649826958,0.0,1563.0
0.9231309568625419,0.489669798,0.525805851,0.681695881,0.0,1563.0
0.9227009423228053,0.409950939,0.500287139,0.686162885,0.0,1563.0
0.9279467088342986,0.307750163,0.449718741,0.654307946,0.0,1563.0
0.949403882388582,0.184491525,0.384637863,0.607030555,0.0,1563.0
0.9549942508906302,0.014996288,0.354127441,0.570165542,0.0,1563.0
0.9420407769431154,0.0,0.31326690749999997,0.5292185805,0.0,1563.0
0.8647351903805557,0.0,0.262147207,0.493543875,0.0,1563.0
0.820185571622286,0.0,0.204645067,0.39796861,0.0,1563.0
0.7792011924200929,0.0,0.191188427,0.372178446,0.0,1563.0
0.6914772324636538,0.0,0.1675829035,0.3333733615,0.0,1563.0
0.6624279716303925,0.0,0.13879509299999998,0.2946342575,0.0,1563.0
0.6607472880637776,0.0,0.122449352,0.281342413,0.0,1563.0
0.6950673355487895,0.0,0.106580478,0.266552456,0.0,1563.0
0.8230223442772754,0.0,0.091747404,0.247708144,0.0,1563.0
0.9053772036033475,0.0,0.080813332,0.229813676,0.0,1563.0
0.9459539275676334,0.011282286,0.077532311,0.211547126,0.0,1563.0
0.9565951787369334,0.180072049,0.076820449,0.193487523,0.0,1563.0
0.952853032223923,0.299921262,0.073957216,0.179653643,0.0,1563.0
0.9463904710602107,0.400737986,0.061055524,0.172986902,0.0,1563.0
0.9457798825268402,0.473624087,0.061124872,0.164981792,0.0,1563.0
0.9439110900179061,0.48658701,0.064481159,0.159405854,0.0,1563.0
0.9424060388589257,0.459959036,0.071083112,0.164159464,0.0,1563.0
0.9415593358337352,0.388656379,0.077975577,0.173444693,0.0,1563.0
0.9459609036147438,0.262553754,0.082854765,0.186440158,0.0,1563.0
0.9600860064490743,0.166475078,0.089239901,0.19611277,0.0,1563.0
0.9648051660857837,0.012951156,0.120554781,0.218663009,0.0,1563.0
0.9511440641081058,0.0,0.1715979535,0.256807594,0.0,1563.0
0.87150470045111,0.0,0.210978519,0.295476237,0.0,1563.0
0.8253401121445301,0.0,0.245804844,0.330713936,0.0,1563.0
0.7826675142920853,0.0,0.247216149,0.352329658,0.0,1563.0
0.6934791077843059,0.0,0.248301072,0.3656076175,0.0,1563.0
0.6650542982407528,0.0,0.2569774895,0.38792368099999996,0.0,1563.0
0.6635493590240291,0.0,0.269998156,0.415959732,0.0,1563.0
0.698045866236754,0.0,0.282460188,0.436218556,0.0,1563.0
0.8243216000897003,0.0,0.303113091,0.465238591,0.0,1563.0
0.9087628529621153,0.0,0.318734574,0.497064085,0.0,1563.0
0.9475357157846349,0.009910521,0.340829341,0.537775523,0.0,1563.0
0.95746415172607,0.155109302,0.347098309,0.560821814,0.0,1563.0
0.9611006727914378,0.251289132,0.373657702,0.569785682,0.0,1563.0
0.9616135062477669,0.322750816,0.407559029,0.565368651,0.0,1563.0
0.9600227742560531,0.317681677,0.447184397,0.547433911,0.0,1563.0
0.9586084126541692,0.30694054,0.452469017,0.534304002,0.0,1563.0
0.955814748766574,0.29314432,0.432717528,0.521209123,0.0,1563.0
0.9556826498861329,0.229129733,0.397869129,0.502921997,0.0,1563.0
0.9590465659830101,0.175146968,0.364389435,0.499359462,0.0,1563.0
0.9795294988569009,0.105694642,0.355155706,0.51144921,0.0,1563.0
0.9850027045040055,0.011257811,0.373874956,0.535162266,0.0,1563.0
0.9684747342732083,0.0,0.4223841235,0.5893376969999999,0.0,1563.0
0.8827620853102961,0.0,0.454181673,0.647195906,0.0,1563.0
0.8335551079478406,0.0,0.456931092,0.686922236,0.0,1563.0
0.7527055009934129,0.0,0.47304968449999996,0.7034162415,0.0,1563.0
0.6852489075369943,0.0,0.47047836249999997,0.6878991935000001,0.0,1563.0
0.6790495827397858,0.0,0.4605910535,0.6562831145,0.0,1563.0
0.717017666362996,0.0,0.467320034,0.651042221,0.0,1563.0
0.8430391298911458,0.0,0.485940215,0.661841627,0.0,1563.0
0.9224472087000642,0.0,0.505810906,0.688562372,0.0,1563.0
0.9585669137230384,0.020161672,0.524223805,0.722915178,0.0,1563.0
0.9621152495260156,0.190651892,0.530699358,0.755668716,0.0,1563.0
0.9679968259238005,0.304266144,0.567184983,0.762018183,0.0,1563.0
0.9677112526574142,0.402383939,0.614274369,0.782372949,0.0,1563.0
0.9653107552789257,0.40647703700000004,0.62413497,0.7860998564999999,0.0,1563.0
0.961727985997287,0.377691824,0.630915551,0.792865565,0.0,1563.0
0.961538826120279,0.337141287,0.639692043,0.797118072,0.0,1563.0
0.9671080874003753,0.264381657,0.635944611,0.805813718,0.0,1563.0
0.9821775587291518,0.178223118,0.63596754,0.821151782,0.0,1563.0
0.9870888297667962,0.020165703,0.662387627,0.842008368,0.0,1563.0
0.9844701947163196,0.0,0.689206732,0.860882609,0.0,1563.0
0.9491588241220497,0.0,0.705143669,0.877499831,0.0,1563.0
0.8792130338595944,0.0,0.710520343,0.880956272,0.0,1563.0
0.8310518471053262,0.0,0.671280454,0.860700334,0.0,1563.0
0.7399858161212056,0.0,0.6619536925,0.839630455,0.0,1563.0
0.6585187487688434,0.0,0.6535469363333333,0.820362954,0.0,1563.0
0.6583814028397167,0.0,0.627238802,0.809228572,0.0,1563.0
0.689175652634298,0.0,0.591489422,0.789235991,0.0,1563.0
0.7324009731728902,0.0,0.571415363,0.779128259,0.0,1563.0
0.7762620141249398,0.037048505,0.561717197,0.777874646,0.0,1563.0
0.8119215641386789,0.230345341,0.529755955,0.781489873,0.0,1563.0
0.8365849758000902,0.366810119,0.559161944,0.773233217,0.0,1563.0
0.8418401333155167,0.508055823,0.578151648,0.760080605,0.0,1563.0
0.8399601610207165,0.588881069,0.549184127,0.733443062,0.0,1563.0
0.8340303779282422,0.622379344,0.52063043,0.714796589,0.0,1563.0
0.826899362248985,0.607474827,0.499245264,0.702910002,0.0,1563.0
0.8242811744277293,0.527064353,0.486986796,0.698022984,0.0,1563.0
0.8378462207724153,0.411645971,0.467045414,0.70299769,0.0,1563.0
0.8682405963618074,0.255079805,0.480995843,0.72424755,0.0,1563.0
0.8755077355796409,0.024690147,0.533525953,0.759664734,0.0,1563.0
0.8654266302378681,0.0,0.5729822455,0.801487421,0.0,1563.0
0.8208187877410376,0.0,0.577633975,0.837261478,0.0,1563.0
0.7847628516131402,0.0,0.550605316,0.855094221,0.0,1563.0
0.7193801529013846,0.0,0.5481173555000001,0.8459987495,0.0,1563.0
0.6618631973717863,0.0,0.5413803315,0.815448304,0.0,1563.0
0.6575238332510567,0.0,0.5307983645000001,0.8018448635,0.0,1563.0
0.6759662761912522,0.0,0.5345472225,0.789604346,0.0,1563.0
0.7324009731728902,0.0,0.531024388,0.79902478,0.0,1563.0
0.7739464821338874,0.040448762,0.530940898,0.81130779,0.0,1563.0
0.8118770243457382,0.284746484,0.527065185,0.809713511,0.0,1563.0
0.836540614817867,0.466326099,0.50748748,0.788516934,0.0,1563.0
0.8396974836232631,0.579356495,0.502965512,0.7648463,0.0,1563.0
0.8367640292953433,0.656998568,0.478826513,0.725867821,0.0,1563.0
0.8338481940983445,0.706884662,0.46144188,0.70672972,0.0,1563.0
0.8297701210859392,0.706841371,0.441432239,0.695515437,0.0,1563.0
0.8280199223225434,0.62835627,0.441553098,0.683232915,0.0,1563.0
0.8443079769505202,0.50930767,0.438610842,0.688306179,0.0,1563.0
0.8727410818269002,0.324387209,0.450006775,0.713509993,0.0,1563.0
0.879279217441591,0.04865705,0.495416234,0.751680086,0.0,1563.0
0.8678747530075245,0.0,0.5376406229999999,0.8003809435,0.0,1563.0
0.8234488707259808,0.0,0.573686754,0.833352261,0.0,1563.0
0.7719618234513524,0.0,0.527126774,0.814750341,0.0,1563.0
0.7056809655229116,0.0,0.5479562156666666,0.831519671,0.0,1563.0
0.6926440539737218,0.0,0.5425225014999999,0.8035891909999999,0.0,1563.0
0.7303357761863825,0.0,0.549183429,0.794719888,0.0,1563.0
0.8541061026584953,0.0,0.546663165,0.793683886,0.0,1563.0
0.9309657547920203,0.0,0.543638788,0.796306382,0.0,1563.0
0.9686385387229948,0.048710755,0.536697845,0.804293318,0.0,1563.0
0.9748019320125832,0.31092759,0.533109042,0.812270131,0.0,1563.0
0.9793779920636061,0.45585891,0.605589065,0.799720793,0.0,1563.0
0.9806658892794474,0.517220246,0.601016878,0.782162163,0.0,1563.0
0.9800892870629931,0.45411188,0.559285453,0.751048562,0.0,1563.0
0.9791564558408968,0.400480578,0.524913068,0.711633195,0.0,1563.0
0.977955133916231,0.327660162,0.49630432,0.681046468,0.0,1563.0
0.97881659402125,0.296932398,0.467887109,0.655042963,0.0,1563.0
0.981762748498465,0.230465557,0.435071661,0.643769459,0.0,1563.0
0.9959079746234707,0.160833525,0.365456284,0.63142164,0.0,1563.0
0.9984582795536315,0.025557288,0.33133745,0.633630743,0.0,1563.0
0.9765737746325108,0.0,0.336778695,0.656551119,0.0,1563.0
0.8876010909073726,0.0,0.351876794,0.668428864,0.0,1563.0
0.8399077507222232,0.0,0.336812366,0.626004628,0.0,1563.0
0.7652192563772888,0.0,0.3204574845,0.5780805815000001,0.0,1563.0
0.7053461867184203,0.0,0.3285545555,0.4941719725,0.0,1563.0
0.6938048608310579,0.0,0.3541765095,0.4828554185,0.0,1563.0
0.7305925954748265,0.0,0.360105706,0.523549624,0.0,1563.0
0.8506688479868418,0.0,0.355972293,0.560372406,0.0,1563.0
0.9265175901525861,0.0,0.353428656,0.599483259,0.0,1563.0
0.9640853746758568,0.046890511,0.358880591,0.629322585,0.0,1563.0
0.9764690435758345,0.26863268,0.34702208,0.627693498,0.0,1563.0
0.9831430345805012,0.444942942,0.311628841,0.60745201,0.0,1563.0
0.9819971636811868,0.589585756,0.343663023,0.587098049,0.0,1563.0
0.9803648433529836,0.6749376835,0.414511015,0.562539062,0.0,1563.0
0.979225948703207,0.64941761,0.471585805,0.544593575,0.0,1563.0
0.9796825261485766,0.575783511,0.495400567,0.549835955,0.0,1563.0
0.9828985128810728,0.430279258,0.484357513,0.550564519,0.0,1563.0
0.9981134092795244,0.271234363,0.478759442,0.599472395,0.0,1563.0
0.9965552325117049,0.032579057,0.4895945545,0.690419945,0.0,1563.0
0.9559272609234442,0.0,0.501673135,0.734620968,0.0,1563.0
0.860665256157255,0.0,0.5108236215,0.735104204,0.0,1563.0
0.7977101544316765,0.0,0.511313772,0.688871431,0.0,1563.0
0.7192890609864357,0.0,0.535513011,0.6817702290000001,0.0,1563.0
0.694959071664665,0.0,0.563174112,0.7224466380000001,0.0,1563.0
0.6914800497783289,0.0,0.595919119,0.773476653,0.0,1563.0
0.7278237951837664,0.0,0.628308628,0.807504128,0.0,1563.0
0.8470639877544018,0.0,0.649385255,0.835962998,0.0,1563.0
0.9212480331787662,0.0,0.668854189,0.862354105,0.0,1563.0
0.9595823849160583,0.050700382,0.671729407,0.886030253,0.0,1563.0
0.9723471461483102,0.28083323,0.700240657,0.907156852,0.0,1563.0
0.980058699499225,0.439915213,0.709425652,0.929746241,0.0,1563.0
0.9822665488421987,0.5765829295,0.7619598365,0.9275112114999999,0.0,1563.0
0.981422797340935,0.619063989,0.779715141,0.925198004,0.0,1563.0
0.9805309284828653,0.583565282,0.786170442,0.923968415,0.0,1563.0
0.9807296581745242,0.510472371,0.808796908,0.918928011,0.0,1563.0
0.9829507443688487,0.391078315,0.819893442,0.928368398,0.0,1563.0
0.9950244235001746,0.247442838,0.810555541,0.932963989,0.0,1563.0
0.9942040150295895,0.027999169,0.799053091,0.9340856325,0.0,1563.0
0.9185381721390402,0.0,0.783704694,0.9313891595,0.0,1563.0
0.8353785559481295,0.0,0.775569878,0.929760222,0.0,1563.0
0.7553170033855809,0.0,0.7936100749999999,0.9286418715,0.0,1467.0
0.6809487616673,0.0,0.808776367,0.9290515145,0.0,1371.0
0.670777503537962,0.0,0.8237609505,0.9304887390000001,0.0,1371.0
0.6990712650008112,0.0,0.837979903,0.933138147,0.0,1371.0
0.7952504494508261,0.0,0.848674742,0.934675726,0.0,1371.0
0.8839992715367425,0.0,0.856354967,0.93561568,0.0,1371.0
0.9457961601050496,0.022893019,0.865786149,0.936203609,0.0,1371.0
0.9635908757282704,0.18825988,0.856697943,0.936369484,0.0,1371.0
0.9745565161246159,0.315295239,0.86020154,0.936346338,0.0,1371.0
0.9779170336032966,0.368005906,0.883193394,0.936738372,0.0,1371.0
0.978076768591055,0.36589424849999996,0.904758945,0.936667186,0.0,1371.0
0.977915513104916,0.303993965,0.914104615,0.935513795,0.0,1371.0
0.9771212203782186,0.224154499,0.917420979,0.935362421,0.0,1371.0
0.980623764308378,0.166828424,0.913780249,0.934994455,0.0,1371.0
0.9942801261151477,0.095995454,0.905233805,0.93219851,0.0,1371.0
0.9960865810244544,0.019397886,0.908522162,0.928764101,0.0,1371.0
0.9743179867434487,0.0,0.909468109,0.9286375315,0.0,1371.0
0.8859600056826504,0.0,0.908493825,0.927925237,0.0,1371.0
0.8326871188899807,0.0,0.899504664,0.936441308,0.0,1371.0
0.7904426574574563,0.0,0.904213014,0.935367199,0.0,1371.0
0.704673126241219,0.0,0.9046933925,0.9294712935,0.0,1371.0
0.6771773915451794,0.0,0.9027424150000001,0.9227145015,0.0,1371.0
0.6763192181835759,0.0,0.901281292,0.925724834,0.0,1371.0
0.7047387285871701,0.0,0.900620899,0.92795904,0.0,1371.0
0.8015514869123231,0.0,0.899520605,0.92749805,0.0,1371.0
0.8917812119385067,0.0,0.895898427,0.927968024,0.0,1371.0
0.952759749169189,0.012028518,0.889045908,0.927635425,0.0,1371.0
0.969790044116708,0.05225379,0.888007355,0.927666098,0.0,1371.0
0.9783974908488761,0.098498585,0.881492189,0.931497924,0.0,1371.0
0.9805965753628064,0.120272245,0.871256105,0.930063052,0.0,1371.0
0.9800165745281557,0.143857703,0.877201337,0.928791111,0.0,1371.0
0.9795754696753878,0.168211168,0.877743869,0.926452075,0.0,1371.0
0.9791861490811745,0.147038508,0.874752777,0.924268445,0.0,1371.0
0.9793139548849772,0.149127203,0.865005859,0.921093328,0.0,1371.0
0.9825380805415296,0.099197781,0.856464168,0.913020955,0.0,1371.0
0.9948953654815432,0.06253556,0.853366877,0.911510321,0.0,1371.0
0.9954315421709777,0.010584191,0.846543763,0.908420906,0.0,1371.0
0.973743083768617,0.0,0.835732981,0.9031892975,0.0,1371.0
0.886112317461553,0.0,0.818282495,0.88508671,0.0,1371.0
0.8325073498819543,0.0,0.761070107,0.859429567,0.0,1371.0
0.7905286067086933,0.0,0.758480845,0.842935731,0.0,1371.0
0.6841642342346388,0.0,0.7451999414999999,0.833544489,0.0,1371.0
0.6486581138704276,0.0,0.727367923,0.8391942225,0.0,1371.0
0.6480801773661501,0.0,0.7262868020000001,0.8564787850000001,0.0,1371.0
0.6826450744377148,0.0,0.725310797,0.848066417,0.0,1371.0
0.7281171496178225,0.016901122,0.714004836,0.836179919,0.0,1371.0
0.7720228643696372,0.080531855,0.701134012,0.822234196,0.0,1371.0
0.807674007445671,0.147812062,0.706277143,0.809802516,0.0,1371.0
0.814027902232455,0.22785699399999998,0.705750941,0.789816716,0.0,1371.0
0.81195590807703,0.267155859,0.686291824,0.766763053,0.0,1371.0
0.811185137394156,0.254406153,0.682174336,0.769008226,0.0,1371.0
0.8114049741728154,0.204859244,0.676256818,0.76658896,0.0,1371.0
0.8214414503837645,0.147430721,0.653587593,0.765622685,0.0,1371.0
0.8430546919565819,0.094479091,0.645633943,0.748988349,0.0,1371.0
0.8455941301883217,0.0109897435,0.636151625,0.7521174995,0.0,1371.0
0.8087843715971641,0.0,0.614678596,0.7428418029999999,0.0,1371.0
0.7652757137358634,0.0,0.535486772,0.692351911,0.0,1371.0
0.7063589078026045,0.0,0.553825717,0.7543782125,0.0,1371.0
0.6434732540679673,0.0,0.5410961679999999,0.7710727420000001,0.0,1371.0
0.6240185149383382,0.0,0.5201037545,0.7625132395,0.0,1371.0
0.6308723643563897,0.0,0.533536689,0.7704832365000001,0.0,1371.0
0.667181408202041,0.0,0.546508036,0.783017341,0.0,1371.0
0.7104984912969864,0.036574646,0.540914827,0.77595845,0.0,1371.0
0.755203104939582,0.104404849,0.539154828,0.759794122,0.0,1371.0
0.7873658349903948,0.176002656,0.536607126,0.690312009,0.0,1371.0
0.7915100022469138,0.229805691,0.557736968,0.682944384,0.0,1371.0
0.7899242787096603,0.226736165,0.552350187,0.664886583,0.0,1371.0
0.7875854930932882,0.225948471,0.540754524,0.653911776,0.0,1371.0
0.7864435575142259,0.208512559,0.517946337,0.640339124,0.0,1371.0
0.785394278949959,0.188753279,0.485817881,0.626018802,0.0,1371.0
0.7943315705928536,0.140269869,0.450670028,0.59370552,0.0,1371.0
0.8186764064672875,0.096716685,0.41905365,0.564019465,0.0,1371.0
0.8258711014338355,0.026225823,0.406647378,0.551686345,0.0,1371.0
0.8209781203709434,0.0,0.3862147835,0.542322617,0.0,1371.0
0.7863270206992209,0.0,0.362186616,0.54884282,0.0,1371.0
0.7426059492006408,0.0,0.3137234465,0.5329152635000001,0.0,1371.0
0.6819305150968585,0.0,0.31044931200000003,0.53333561,0.0,1371.0
0.6449963491176675,0.0,0.29107200050000004,0.5092034715,0.0,1371.0
0.6440863692305143,0.0,0.26287987,0.498503146,0.0,1371.0
0.6699213201034795,0.0,0.248485832,0.483544724,0.0,1371.0
0.7711939594210366,0.0,0.242403435,0.464741975,0.0,1371.0
0.8690485730341251,0.0,0.238693642,0.440654597,0.0,1371.0
0.9282371118793792,0.039416062,0.227599903,0.42914698,0.0,1371.0
0.9399439191911556,0.101764412,0.210817416,0.414881722,0.0,1371.0
0.9434133712628409,0.149195487,0.207292235,0.406598724,0.0,1371.0
0.9419262077882363,0.180613214,0.221599186,0.380050044,0.0,1371.0
0.9393101663703486,0.219839105,0.214505469,0.361230018,0.0,1371.0
0.9359512587279314,0.208487958,0.210239209,0.359360467,0.0,1371.0
0.9343016769577179,0.189017365,0.216487342,0.372851172,0.0,1371.0
0.9360477615901442,0.161170222,0.233917827,0.380620513,0.0,1371.0
0.940873798889325,0.126127688,0.269901908,0.406817351,0.0,1371.0
0.9566057323479095,0.076647825,0.302940137,0.443987678,0.0,1371.0
0.9609720618670762,0.031319657,0.336668761,0.477585408,0.0,1371.0
0.9616106443316258,0.0,0.353550088,0.495734302,0.0,1371.0
0.932688049097071,0.0,0.367527239,0.503619973,0.0,1371.0
0.8683126828567065,0.0,0.368822618,0.508620041,0.0,1371.0
0.8131291467326337,0.0,0.348309101,0.512837982,0.0,1371.0
0.7685135232030849,0.0,0.354167627,0.509925571,0.0,1371.0
0.6967907031230001,0.0,0.360349983,0.518206035,0.0,1371.0
0.651578085465391,0.0,0.3649988545,0.5101515544999999,0.0,1371.0
0.6401235808182854,0.0,0.3599343575,0.4416105475,0.0,1371.0
0.6686616851023695,0.0,0.342455942,0.389944313,0.0,1371.0
0.7692503078389455,0.0,0.331294997,0.361626457,0.0,1371.0
0.8666587186719714,0.0,0.32038854,0.342975832,0.0,1371.0
0.9269620934885989,0.02377681,0.304437748,0.330753682,0.0,1371.0
0.939226631940983,0.086072533,0.291115344,0.318818559,0.0,1371.0
0.9438263928465465,0.177204284,0.25393827,0.27364983,0.0,1371.0
0.9411578965286995,0.29096910600000003,0.24496013249999998,0.2523595035,0.0,1371.0
0.9367819524584647,0.308715674,0.238967958,0.232693641,0.0,1371.0
0.9326647058639654,0.356279104,0.239363843,0.215924104,0.0,1371.0
0.9291041171409139,0.308672892,0.218885719,0.186800148,0.0,1371.0
0.9342422906121143,0.231316697,0.212044783,0.170988736,0.0,1371.0
0.95045799046164,0.158553018,0.206498951,0.162869155,0.0,1371.0
0.957631220584801,0.063070834,0.220691411,0.164643393,0.0,1371.0
0.963537481633452,0.0,0.237061249,0.172909852,0.0,1371.0
0.9357840109235313,0.0,0.250641932,0.17777784,0.0,1371.0
0.8702967601007685,0.0,0.255030418,0.192687205,0.0,1371.0
0.8185055812339734,0.0,0.252403695,0.20942262,0.0,1371.0
0.7744705847139652,0.0,0.254346717,0.223878988,0.0,1371.0
0.6819350763220977,0.0,0.255677244,0.25755871750000003,0.0,1371.0
0.6448904553864728,0.0,0.2655693445,0.2788584005,0.0,1371.0
0.6431981672741931,0.0,0.282472236,0.296219932,0.0,1371.0
0.6693112236032231,0.0,0.292060066,0.308557665,0.0,1371.0
0.7714488557857718,0.0,0.292985005,0.313842343,0.0,1371.0
0.8688074499528933,0.0,0.295694746,0.326105751,0.0,1371.0
0.9312783381932609,0.073084306,0.286527554,0.330788612,0.0,1371.0
0.945709584813874,0.218101715,0.28224293,0.34376385,0.0,1371.0
0.943081201138029,0.378945649,0.27222503,0.385857838,0.0,1371.0
0.9404984305242841,0.498572465,0.310927421,0.41523792,0.0,1371.0
0.9353769817255626,0.584021938,0.337172127,0.427477595,0.0,1371.0
0.9291122559300186,0.61673955,0.3686223,0.459221627,0.0,1371.0
0.9272053629731986,0.595898754,0.394755121,0.487426201,0.0,1371.0
0.9248418927059607,0.532892332,0.401486736,0.499582525,0.0,1371.0
0.9304313668845184,0.439819764,0.383527835,0.521714704,0.0,1371.0
0.9501220639622452,0.286408336,0.344174439,0.538533726,0.0,1371.0
0.9576212930137636,0.096829714,0.334819805,0.546729496,0.0,1371.0
0.9661157804947923,0.0,0.336453959,0.551365673,0.0,1371.0
0.9416132666306092,0.0,0.34190826,0.565437565,0.0,1371.0
0.8740794217485846,0.0,0.336621704,0.588515208,0.0,1371.0
0.8220998878554374,0.0,0.337182676,0.603496983,0.0,1371.0
0.7388429638167062,0.0,0.32778335449999996,0.5570354015000001,0.0,1371.0
0.6590903500206449,0.0,0.35794426700000004,0.557409284,0.0,1371.0
0.6435056304136684,0.0,0.391984053,0.5765868064999999,0.0,1371.0
0.6691965202390923,0.0,0.399626929,0.5785364,0.0,1371.0
0.7706268374114473,0.0,0.406754658,0.572639675,0.0,1371.0
0.8687678292765297,0.0,0.410698814,0.569576323,0.0,1371.0
0.9282292413738266,0.087106669,0.405850394,0.569908615,0.0,1371.0
0.9443944986524608,0.244436747,0.389796176,0.567661,0.0,1371.0
0.9513380536288566,0.390439822,0.343009524,0.503325042,0.0,1371.0
0.9473908274170154,0.513544623,0.364990976,0.526122387,0.0,1371.0
0.942252743283698,0.580917425,0.383474324,0.565182866,0.0,1371.0
0.9381229754855724,0.568423665,0.413412222,0.595344154,0.0,1371.0
0.9305324309719702,0.556085899,0.421080098,0.624337768,0.0,1371.0
0.9253927370023893,0.549054659,0.40790647,0.625204281,0.0,1371.0
0.9271763853806456,0.423529706,0.386176323,0.613896188,0.0,1371.0
0.9470395176629018,0.304110048,0.345313321,0.599784513,0.0,1371.0
0.9533858102951611,0.123878053,0.324262476,0.579718911,0.0,1371.0
0.9426372343691201,0.0,0.2997899595,0.5483531035,0.0,1371.0
0.8677456503199515,0.0,0.288301788,0.520711616,0.0,1371.0
0.8177412498961543,0.0,0.280261464,0.470032053,0.0,1371.0
0.7360792614529409,0.0,0.280488626,0.4243343145,0.0,1371.0
0.6615412677705055,0.0,0.2572077875,0.38276652499999997,0.0,1371.0
0.6542436080597918,0.0,0.22535518100000002,0.318203275,0.0,1371.0
0.6919216463943079,0.0,0.20578898,0.276564428,0.0,1371.0
0.7880462741424619,0.0,0.203557342,0.268635594,0.0,1371.0
0.8807420541566676,0.001146082,0.20986051,0.276153309,0.0,1371.0
0.935804313294827,0.131386476,0.218941921,0.309834972,0.0,1371.0
0.9483478065879222,0.278363677,0.214057425,0.322856439,0.0,1371.0
0.947058657157252,0.389387976,0.201822931,0.331012142,0.0,1371.0
0.9400566996315776,0.46466947049999996,0.251323813,0.36044184300000004,0.0,1371.0
0.9347182759703375,0.440029246,0.282742049,0.375315201,0.0,1371.0
0.9339746942330354,0.363381278,0.289652818,0.392038098,0.0,1371.0
0.935271087994368,0.28484277,0.303658235,0.423459232,0.0,1371.0
0.9402908465307475,0.190701682,0.333679439,0.468012894,0.0,1371.0
0.956075011342156,0.108726335,0.368156272,0.532461757,0.0,1371.0
0.9560203204310433,0.01481243,0.4248729885,0.6213370175,0.0,1371.0
0.9270710282165551,0.0,0.457416692,0.671761159,0.0,1371.0
0.8632272773054344,0.0,0.460958448,0.697949536,0.0,1371.0
0.8130742321394345,0.0,0.459504522,0.720561758,0.0,1371.0
0.7219181825095247,0.0,0.454404284,0.729254565,0.0,1371.0
0.6229387382156617,0.0,0.4681023915,0.7576212805,0.0,1371.0
0.5969034700817688,0.0,0.498568628,0.7539981225,0.0,1371.0
0.6094203335332941,0.0,0.5544574785,0.784461855,0.0,1371.0
0.6376621318593952,0.0,0.583084133,0.802263203,0.0,1371.0
0.6819885598897506,0.03035584,0.586126247,0.801987831,0.0,1371.0
0.7247908418007655,0.071412285,0.59151149,0.804494942,0.0,1371.0
0.7545867029661438,0.111340538,0.581549841,0.786372306,0.0,1371.0
0.7600477451660087,0.121452506,0.619184837,0.795170056,0.0,1371.0
0.7590099146711599,0.1272605,0.655601073,0.810541473,0.0,1371.0
0.7556751551125046,0.135635803,0.665503135,0.823068355,0.0,1371.0
0.75256935505289,0.153154616,0.667358033,0.821716854,0.0,1371.0
0.7479445964090157,0.165099523,0.660075102,0.815237907,0.0,1371.0
0.7519641327303664,0.161456063,0.651018814,0.802357783,0.0,1371.0
0.7714354401237035,0.124480442,0.653396609,0.797524664,0.0,1371.0
0.7863593970449217,0.066648471,0.646023454,0.785748171,0.0,1371.0
0.7859878296559297,0.0,0.6134538205,0.7515255325000001,0.0,1371.0
0.7720103431660109,0.0,0.555224227,0.680940444,0.0,1371.0
0.7517529711729644,0.0,0.492960166,0.597077173,0.0,1371.0
0.7182662558549675,0.0,0.402471934,0.512092584,0.0,1371.0
0.6817978795143618,0.0,0.32341983,0.410262396,0.0,1371.0
0.6330057124500688,0.0,0.2618371435,0.3344808885,0.0,1371.0
0.6096570293286354,0.0,0.229242466,0.3335963745,0.0,1371.0
0.618124216056787,0.0,0.218215461,0.35496300199999997,0.0,1371.0
0.6494374929060981,0.0,0.22202767,0.370004992,0.0,1371.0
0.7000699220485176,0.048525617,0.214714276,0.372310889,0.0,1371.0
0.7407238304349971,0.13010563,0.193547794,0.382636534,0.0,1371.0
0.7614837506919001,0.243906607,0.185233302,0.368396115,0.0,1371.0
0.7670072647681203,0.3462459365,0.2099354565,0.390247861,0.0,1371.0
0.7651562255318829,0.387746078,0.21962145,0.395177124,0.0,1371.0
0.7637526856895757,0.37700989,0.233122533,0.380757896,0.0,1371.0
0.7639067862504109,0.319971081,0.246435356,0.379833092,0.0,1371.0
0.7689667915030924,0.223257689,0.259232962,0.402922905,0.0,1371.0
0.7882630701942628,0.149207992,0.265705468,0.449783181,0.0,1371.0
0.8004587418242752,0.058529173,0.28571489,0.496062237,0.0,1371.0
0.799821948209134,0.0,0.28313608749999997,0.516044366,0.0,1371.0
0.7732079088510454,0.0,0.258690292,0.532853193,0.0,1371.0
0.7507152301509499,0.0,0.211384205,0.486938885,0.0,1371.0
0.717929703315634,0.0,0.209479968,0.496117074,0.0,1371.0
0.690872815059262,0.0,0.202085167,0.4958519,0.0,1371.0
0.6412655164648233,0.0,0.194041118,0.472652307,0.0,1371.0
0.6271217212978881,0.0,0.179839604,0.436127098,0.0,1371.0
0.6281891555601801,0.0,0.173088611,0.436636242,0.0,1371.0
0.6522661267719828,0.0,0.173283417,0.440582549,0.0,1371.0
0.7254025036032954,0.0,0.179181837,0.450302615,0.0,1371.0
0.8296398108524792,0.001059672,0.18344397,0.462393542,0.0,1371.0
0.904591139003638,0.035482443,0.188784805,0.467414667,0.0,1371.0
0.9261198623507647,0.085922063,0.185336689,0.465197435,0.0,1371.0
0.9318816822610172,0.166226979,0.190405059,0.482474578,0.0,1371.0
0.9332087530589527,0.214333184,0.220071525,0.498165665,0.0,1371.0
0.9278813749068511,0.24879119300000002,0.2574024435,0.49530054599999995,0.0,1371.0
0.9231633332082428,0.245549724,0.291417676,0.484456241,0.0,1371.0
0.9196634723835067,0.236813919,0.316027155,0.478169159,0.0,1371.0
0.9233812920020378,0.179341754,0.337540591,0.466227875,0.0,1371.0
0.9391538299333109,0.127574927,0.357489625,0.451534361,0.0,1371.0
0.9481367345033543,0.075234199,0.355221187,0.445207911,0.0,1371.0
0.9509334392527592,0.0,0.339288284,0.454952241,0.0,1371.0
0.9263659044136222,0.0,0.311878818,0.469553991,0.0,1371.0
0.863973900039498,0.0,0.286039099,0.487699134,0.0,1371.0
0.8127173773637568,0.0,0.250365883,0.479007435,0.0,1371.0
0.767726117185615,0.0,0.24676836,0.501909592,0.0,1371.0
0.6796325575003099,0.0,0.23302612849999998,0.511591618,0.0,1371.0
0.6417475835466664,0.0,0.19545418650000002,0.5069219635,0.0,1371.0
0.6420641468696249,0.0,0.180206357,0.469173419,0.0,1371.0
0.6684549954323235,0.0,0.165732375,0.424295684,0.0,1371.0
0.7687967712553859,0.0,0.159997161,0.390336417,0.0,1371.0
0.8653966687140385,0.001717284,0.150037361,0.343355875,0.0,1371.0
0.9213590249722069,0.115398594,0.14211345,0.290568844,0.0,1371.0
0.9299952704862106,0.244575545,0.12955976,0.234143677,0.0,1371.0
0.9367753341677407,0.371284713,0.122032183,0.154982707,0.0,1371.0
0.9314923616668038,0.494337889,0.179710898,0.14412868,0.0,1371.0
0.9226089113479486,0.4951365,0.223378573,0.164157551,0.0,1371.0
0.9198801789624731,0.4440432895,0.27082415449999997,0.2164013585,0.0,1371.0
0.9159012024448695,0.343920842,0.303771503,0.254547477,0.0,1371.0
0.9175475645425554,0.27912789,0.306768756,0.286529721,0.0,1371.0
0.930665334838019,0.217479465,0.324985792,0.314310285,0.0,1371.0
0.9481367345033543,0.089794678,0.355551145,0.346182137,0.0,1371.0
0.9511239406824791,0.0,0.396133073,0.39457512,0.0,1371.0
0.9266714222949178,0.0,0.428008653,0.457986593,0.0,1371.0
0.8639730055810559,0.0,0.463137135,0.520625276,0.0,1371.0
0.8131291467326337,0.0,0.511668014,0.593039429,0.0,1371.0
0.7702289307989083,0.0,0.537774233,0.644876517,0.0,1371.0
0.6806363794787234,0.0,0.578929962,0.7147542805,0.0,1371.0
0.6422497517196655,0.0,0.6267889719999999,0.7622326465,0.0,1371.0
0.6394972960777028,0.0,0.652332248,0.768450615,0.0,1371.0
0.6607047606673802,0.0,0.681282214,0.779035524,0.0,1371.0
0.7490859059481393,0.0,0.717294769,0.803486197,0.0,1371.0
0.8471299030528465,0.00279663,0.743063644,0.823933993,0.0,1371.0
0.9097663396535643,0.059403281,0.770574597,0.844825921,0.0,1371.0
0.9222920350050209,0.117151131,0.785715595,0.870425748,0.0,1371.0
0.9203074210589032,0.193197941,0.78370525,0.877573163,0.0,1371.0
0.9187820676635784,0.237053234,0.836888965,0.896772792,0.0,1371.0
0.9137314980837717,0.263022186,0.861729394,0.900460388,0.0,1371.0
0.9129688213861094,0.195339064,0.875142938,0.904780541,0.0,1371.0
0.9102072655606633,0.163614757,0.882314616,0.910727798,0.0,1371.0
0.9115110825983275,0.125288623,0.87805156,0.916827528,0.0,1371.0
0.9259834705286364,0.072521338,0.891912032,0.921665994,0.0,1371.0
0.9295412866734298,0.030464271,0.895348445,0.927906474,0.0,1371.0
0.9291806755231691,0.0,0.898894834,0.93162296,0.0,1371.0
0.8861884286145869,0.0,0.900414024,0.9284740235,0.0,1371.0
0.811039712324481,0.0,0.874063205,0.923944421,0.0,1371.0
0.7626242552454162,0.0,0.870087179,0.908392777,0.0,1371.0
0.6702758049286546,0.0,0.851847075,0.8908046665,0.0,1371.0
0.6285081561069563,0.0,0.84744034,0.8827351525,0.0,1371.0
0.6274385976408159,0.0,0.822058809,0.871817377,0.0,1371.0
0.6508125021151705,0.0,0.791285735,0.856130484,0.0,1371.0
0.7209012132875465,0.0,0.77170392,0.847284947,0.0,1371.0
0.8272584530358166,0.001629655,0.753179976,0.836896465,0.0,1371.0
0.9012070101432509,0.035637942,0.735031973,0.825088309,0.0,1371.0
0.9220357076147394,0.08686823,0.732582497,0.8062078,0.0,1371.0
0.919847266049668,0.162527622,0.701292442,0.743164968,0.0,1371.0
0.9201452711817978,0.212945145,0.704715172,0.764416427,0.0,1371.0
0.9138872531498122,0.266190394,0.712783829,0.770713156,0.0,1371.0
0.9117035517556491,0.33297121,0.703663266,0.756753488,0.0,1371.0
0.9079963752209285,0.317871457,0.705128343,0.745113524,0.0,1371.0
0.9012386709761787,0.275679108,0.707725931,0.739125573,0.0,1371.0
0.9032944769587533,0.24249109,0.71195297,0.759080443,0.0,1371.0
0.921392474452116,0.174732554,0.698031011,0.771526977,0.0,1371.0
0.9295412866734298,0.089463919,0.68372655,0.777080161,0.0,1371.0
0.9314405774082493,0.001511935,0.658023528,0.803818585,0.0,1371.0
0.9177613197325464,0.0,0.632260257,0.804806647,0.0,1371.0
0.8639753309300927,0.0,0.618416334,0.78032066,0.0,1371.0
0.8128989350187643,0.0,0.605075119,0.760457599,0.0,1371.0
0.7649310222724739,0.0,0.590797783,0.748761978,0.0,1371.0
0.6705559896497236,0.0,0.5559243014999999,0.723714091,0.0,1371.0
0.62917061830424,0.0,0.5370008925,0.6727448055,0.0,1371.0
0.6290432818617021,0.0,0.529881864,0.649993172,0.0,1371.0
0.6529863654111309,0.0,0.528407442,0.629647702,0.0,1371.0
0.7263669955233681,0.0,0.528112416,0.61966668,0.0,1371.0
0.8324756890490264,0.002557667,0.522577432,0.610230325,0.0,1371.0
0.9063484927598132,0.074102615,0.514282011,0.612955466,0.0,1371.0
0.9221211202988722,0.158812299,0.512897001,0.617206202,0.0,1371.0
0.9194617018300377,0.257786727,0.522827666,0.587855308,0.0,1371.0
0.9187820676635784,0.311368915,0.550011033,0.586605306,0.0,1371.0
0.915253676340559,0.335306907,0.571256326,0.571742099,0.0,1371.0
0.9115551752969986,0.340079757,0.585727349,0.548970428,0.0,1371.0
0.9095341603470447,0.338755059,0.592470752,0.520902211,0.0,1371.0
0.9057103575244846,0.291767574,0.593600102,0.502738995,0.0,1371.0
0.9106320033623875,0.235071542,0.594157183,0.497485117,0.0,1371.0
0.9284939758367647,0.170458715,0.58629534,0.515758247,0.0,1371.0
0.9340127945459697,0.091351484,0.600113649,0.561905553,0.0,1371.0
0.9477924904041373,0.002291115,0.616912702,0.608921881,0.0,1371.0
0.9257437784729508,0.0,0.643204774,0.650152016,0.0,1371.0
0.8637948465442448,0.0,0.661810538,0.675768315,0.0,1371.0
0.8125470886975468,0.0,0.6318855,0.710305212,0.0,1371.0
0.7663757926274085,0.0,0.668843343,0.749948032,0.0,1371.0
0.6824418281897583,0.0,0.700041464,0.771785698,0.0,1371.0
0.6333232373023573,0.0,0.7420907035,0.8083316924999999,0.0,1371.0
0.6182323233971889,0.0,0.7908889456666667,0.8675292166666666,0.0,1371.0
0.6429578491785689,0.0,0.826854653,0.894323829,0.0,1371.0
0.6715465749792134,0.002748294,0.842695189,0.904665394,0.0,1371.0
0.7201949267426194,0.087082553,0.849218353,0.915060372,0.0,1371.0
0.7701025558857004,0.164649058,0.875904983,0.922367408,0.0,1371.0
0.8081725309164408,0.239959598,0.868404112,0.927759337,0.0,1371.0
0.8166318694735105,0.316078597,0.881672516,0.929843312,0.0,1371.0
0.8170965858429362,0.374408646,0.88472181,0.930064655,0.0,1371.0
0.8166402766811187,0.404724509,0.882235181,0.929188385,0.0,1371.0
0.8161002541442667,0.381572771,0.871822178,0.928080753,0.0,1371.0
0.8176500239069052,0.35488413,0.86146796,0.927810749,0.0,1371.0
0.827322400741611,0.301308393,0.847622228,0.92671004,0.0,1371.0
0.8471151458380665,0.219755439,0.827962169,0.924898732,0.0,1371.0
0.8520178308573852,0.124161449,0.793130874,0.923949147,0.0,1371.0
0.8396786123449893,0.001378789,0.7868783515,0.922865058,0.0,1371.0
0.8002600121326162,0.0,0.781888069,0.918918471,0.0,1371.0
0.7560061177589051,0.0,0.7397643185,0.9007076025,0.0,1371.0
0.689532060383182,0.0,0.7595517764999999,0.892331253,0.0,1371.0
0.6557881010169424,0.0,0.767046649,0.8851525094999999,0.0,1371.0
0.6518648886121354,0.0,0.771306092,0.8844153765,0.0,1371.0
0.6685619624326777,0.0,0.775101078,0.883065058,0.0,1371.0
0.692345534541483,0.004571077,0.78110074,0.88334861,0.0,1371.0
0.738363177280007,0.128693658,0.762598831,0.882883283,0.0,1371.0
0.7819226803399543,0.251636722,0.821370833,0.882858297,0.0,1371.0
0.8111784294956461,0.3383629,0.840988769,0.874237128,0.0,1371.0
0.8185594224230613,0.367755047,0.85524849,0.880539991,0.0,1371.0
0.8186343709690527,0.358144958,0.860947568,0.884502303,0.0,1371.0
0.8181782406179526,0.347813811,0.862856028,0.883566951,0.0,1371.0
0.8175706036085092,0.284033234,0.857935555,0.884180608,0.0,1371.0
0.8178559085913437,0.266375886,0.844575384,0.887462897,0.0,1371.0
0.8273300028286601,0.211222063,0.813747445,0.893365978,0.0,1371.0
0.8476633965019061,0.150025428,0.766134326,0.896752035,0.0,1371.0
0.8514351467823598,0.089504417,0.728900427,0.896780107,0.0,1371.0
0.8381228502640896,0.0021325795,0.700353353,0.889898882,0.0,1371.0
0.7977457504499048,0.0,0.67535431,0.870661613,0.0,1371.0
0.7692647966352221,0.0,0.61137397,0.818077353,0.0,1371.0
0.7192356892935639,0.0,0.6127857185000001,0.816596726,0.0,1371.0
0.6707209344395577,0.0,0.610395071,0.8209935875000001,0.0,1371.0
0.6606362740033418,0.0,0.6142440140000001,0.8226337735,0.0,1371.0
0.6896295023053027,0.0,0.613358156,0.819573674,0.0,1371.0
0.7914592912575188,0.0,0.608845579,0.817619349,0.0,1371.0
0.8841915617483951,0.009819292,0.602013249,0.819982489,0.0,1371.0
0.9438841693558864,0.178414223,0.581970438,0.820613673,0.0,1371.0
0.9602529858349709,0.339488859,0.583568667,0.816093982,0.0,1371.0
0.9694321159369189,0.448106194,0.617604172,0.804132687,0.0,1371.0
0.9695344322391994,0.472084063,0.609876105,0.802438287,0.0,1371.0
0.9666445339078954,0.46588649,0.596051846,0.788068873,0.0,1371.0
0.9630619435044498,0.470582707,0.593178211,0.774612831,0.0,1371.0
0.96022928498043,0.448996132,0.585705535,0.762920458,0.0,1371.0
0.954533291030739,0.415191785,0.576217194,0.758201558,0.0,1371.0
0.9564921469218797,0.340960541,0.560321444,0.757184742,0.0,1371.0
0.9733625280034468,0.249308855,0.512916567,0.755292465,0.0,1371.0
0.9773146733318654,0.144007976,0.48308903,0.747882926,0.0,1371.0
0.9791421458553379,0.005993893,0.474904027,0.741273085,0.0,1371.0
0.9455210509768046,0.0,0.4592934,0.727108098,0.0,1371.0
0.8775844699734499,0.0,0.445418669,0.699824951,0.0,1371.0
0.8226597653994128,0.0,0.358971729,0.595438852,0.0,1371.0
0.777946655211326,0.0,0.348764507,0.580947219,0.0,1371.0
0.6854645185798061,0.0,0.319332249,0.557596332,0.0,1371.0
0.6558075759332084,0.0,0.28957116299999996,0.5378193665,0.0,1371.0
0.6543533253039332,0.0,0.288833548,0.530131781,0.0,1371.0
0.6835832270667649,0.0,0.281331767,0.525163019,0.0,1371.0
0.7850708736541903,0.0,0.273611358,0.520174927,0.0,1371.0
0.8801865590272139,0.008795795,0.26063581,0.503638328,0.0,1371.0
0.9344391421839575,0.208850405,0.237846567,0.482420089,0.0,1371.0
0.9477416004690732,0.406109312,0.212895503,0.452379681,0.0,1371.0
0.9524737286735815,0.569193079,0.223026844,0.423709201,0.0,1371.0
0.9471531924268146,0.668260852,0.213331329,0.393958126,0.0,1371.0
0.9428400781917488,0.681521023,0.198539849,0.37427013,0.0,1371.0
0.9403676731965546,0.659446841,0.180677046,0.352381294,0.0,1371.0
0.936889098404488,0.630839305,0.172986372,0.346425992,0.0,1371.0
0.9345619395332999,0.574213289,0.161783659,0.336763165,0.0,1371.0
0.9361159128997426,0.473329537,0.154196609,0.331389221,0.0,1371.0
0.9523517361748951,0.339804644,0.136547706,0.313138953,0.0,1371.0
0.9573967159292447,0.197005381,0.135296044,0.290280737,0.0,1371.0
0.9669173176871035,0.007819176,0.147626065,0.282070976,0.0,1371.0
0.9416132666306092,0.0,0.157482051,0.273304505,0.0,1371.0
0.8753181284734117,0.0,0.167864992,0.260256758,0.0,1371.0
0.8226597653994128,0.0,0.162739225,0.230117408,0.0,1371.0
0.7801532526093738,0.0,0.177450371,0.224089553,0.0,1371.0
0.6929548262585589,0.0,0.20686825,0.233606733,0.0,1371.0
0.6730518496853287,0.0,0.250821603,0.272159983,0.0,1371.0
0.673305001869597,0.0,0.288746828,0.309361824,0.0,1371.0
0.7016357904436965,0.0,0.321313945,0.32989216,0.0,1371.0
0.8004308373659302,0.0,0.364302248,0.347328867,0.0,1371.0
0.8880874510658543,0.019645866,0.390585113,0.36501893,0.0,1371.0
0.9389329197505404,0.135471521,0.406345647,0.380801939,0.0,1371.0
0.9471562332886245,0.240620975,0.406360437,0.390155062,0.0,1371.0
0.9432446925678462,0.350822632,0.421105984,0.377863395,0.0,1371.0
0.9410813828828617,0.457278144,0.483166835,0.425701283,0.0,1371.0
0.9356525380830286,0.506236218,0.532310768,0.454711269,0.0,1371.0
0.9289078917439608,0.423001854,0.580137806,0.491934506,0.0,1371.0
0.920628501005635,0.343208782,0.604613636,0.52869728,0.0,1371.0
0.9187738394016394,0.272710479,0.615955794,0.577919754,0.0,1371.0
0.9215167922998394,0.187956168,0.619297238,0.625904803,0.0,1371.0
0.9399258528310136,0.116016496,0.609723903,0.661693199,0.0,1371.0
0.9481367345033543,0.068163134,0.599316925,0.690076765,0.0,1371.0
0.9515593215680137,0.005358287,0.595267993,0.703724587,0.0,1371.0
0.9272429267190289,0.0,0.588759751,0.708085578,0.0,1371.0
0.8638923332027828,0.0,0.586102062,0.715445577,0.0,1371.0
0.8125966369449475,0.0,0.549484144,0.710358181,0.0,1371.0
0.767726117185615,0.0,0.562866779,0.714464124,0.0,1371.0
0.6781190099307898,0.0,0.5757844935,0.7374713660000001,0.0,1371.0
0.6378762001368312,0.0,0.5690380450000001,0.7270471860000001,0.0,1371.0
0.6376868166452127,0.0,0.54570512,0.69392672,0.0,1371.0
0.6619015212318555,0.0,0.532936593,0.6817652,0.0,1371.0
0.7520462361341858,0.0,0.519710668,0.66921051,0.0,1371.0
0.8497657100050231,0.01448442,0.51412031,0.67599092,0.0,1371.0
0.9099466452286947,0.120187216,0.507234827,0.685288146,0.0,1371.0
0.926626345934873,0.251668455,0.513658522,0.694501845,0.0,1371.0
0.9253170730785762,0.342208323,0.601267132,0.714387467,0.0,1371.0
0.9228377813741548,0.35725561,0.614483108,0.684928301,0.0,1371.0
0.9214342416667989,0.331884242,0.6381580849999999,0.689378983,0.0,1371.0
0.9202020638948126,0.284219641,0.667853039,0.702190728,0.0,1371.0
0.9217350193771865,0.231924348,0.689820518,0.714580032,0.0,1371.0
0.928236128083054,0.146016002,0.68878713,0.729386817,0.0,1371.0
0.9470395176629018,0.082146906,0.664454683,0.745855833,0.0,1371.0
0.9510045419513331,0.036016365,0.658885871,0.775109186,0.0,1371.0
0.9509334392527592,0.001459315,0.646413001,0.799489501,0.0,1371.0
0.8946165088990083,0.0,0.6401752045,0.811616156,0.0,1371.0
0.8120727131755872,0.0,0.611297232,0.806821024,0.0,1371.0
0.7662293837614083,0.0,0.62954828,0.820192658,0.0,1371.0
0.6908921334992811,0.0,0.650074327,0.843385998,0.0,1371.0
0.6416457815444949,0.0,0.6850804595,0.8569150685,0.0,1371.0
0.6293320079321552,0.0,0.717758528,0.8809415105,0.0,1371.0
0.6542499804014344,0.0,0.721138067,0.884496281,0.0,1371.0
0.7313438241030706,0.0,0.704754958,0.886368762,0.0,1371.0
0.836066775997963,0.008000456,0.676431182,0.894574949,0.0,1371.0
0.9069401206095509,0.083247543,0.648600342,0.886653586,0.0,1371.0
0.9224700152311145,0.18221159,0.649760189,0.868894812,0.0,1371.0
0.9195454150701209,0.274258193,0.585393181,0.829637204,0.0,1371.0
0.921579935020026,0.322367423,0.561553544,0.789811889,0.0,1371.0
0.9187601555909704,0.340624947,0.540471306,0.73967391,0.0,1371.0
0.9182158401124312,0.322061355,0.51425111,0.673827308,0.0,1371.0
0.9117104384648765,0.322021931,0.4706781,0.582951785,0.0,1371.0
0.9110283000037113,0.295612935,0.423718267,0.511741797,0.0,1371.0
0.9159773135979035,0.214263092,0.377973825,0.446997954,0.0,1371.0
0.930665334838019,0.141891971,0.32953457,0.413879699,0.0,1371.0
0.9342536492086978,0.070650476,0.303013414,0.396422946,0.0,1371.0
0.9471378986449304,0.003205713,0.303644028,0.390875078,0.0,1371.0
0.9257437784729508,0.0,0.303636771,0.396807289,0.0,1371.0
0.8635939703142664,0.0,0.294910535,0.408882372,0.0,1371.0
0.8128495657170325,0.0,0.294638491,0.420095883,0.0,1371.0
0.7667013444614965,0.0,0.293924797,0.415520653,0.0,1371.0
0.6646858165174636,0.0,0.2897731745,0.404420023,0.0,1371.0
0.6143570941399363,0.0,0.2990028945,0.4046913575,0.0,1371.0
0.6098849155585164,0.0,0.2948161505,0.3907131495,0.0,1371.0
0.6260808498062778,0.0,0.246353202,0.35353381,0.0,1371.0
0.6544279159585865,0.015674774,0.223098964,0.335449368,0.0,1371.0
0.7009543676302558,0.153311852,0.190591194,0.307735419,0.0,1371.0
0.7433438070381856,0.278766981,0.150422096,0.271740027,0.0,1371.0
0.7748553440829394,0.404932213,0.17598474,0.231349576,0.0,1371.0
0.7762822268884496,0.50644946,0.15497376499999999,0.18981829249999999,0.0,1371.0
0.7705390993782777,0.4783805,0.164049253,0.191359026,0.0,1371.0
0.7672995011291236,0.487385056,0.182367271,0.204177397,0.0,1371.0
0.7664392931039818,0.430352469,0.201259827,0.218740899,0.0,1371.0
0.7702201659698651,0.354294273,0.200619196,0.230577584,0.0,1371.0
0.7879214195926831,0.247691536,0.182733715,0.233141417,0.0,1371.0
0.7997168592611197,0.146943731,0.171059387,0.233058033,0.0,1371.0
0.8065408813645936,0.005962,0.17153531300000002,0.2296607905,0.0,1371.0
0.7765187886094908,0.0,0.170506364,0.22153378,0.0,1371.0
0.7512338770473466,0.0,0.156781474,0.191094799,0.0,1371.0
0.7005014123502176,0.0,0.16968787899999999,0.19848852649999998,0.0,1371.0
0.6187439495775336,0.0,0.191484258,0.223572769,0.0,1371.0
0.6095269875136791,0.0,0.2120776,0.2532769355,0.0,1371.0
0.621255863441786,0.0,0.204684723,0.268379533,0.0,1371.0
0.6579543844928486,0.0,0.20664291,0.267636284,0.0,1371.0
0.7074836490780203,0.043424369,0.1977696,0.263611006,0.0,1371.0
0.7480132394818252,0.249433972,0.174228951,0.241607011,0.0,1371.0
0.7767128676030761,0.41718011,0.152899487,0.213850236,0.0,1371.0
0.7768410311632653,0.56925254,0.154187153,0.189578064,0.0,1371.0
0.7678143470494714,0.6230674064999999,0.15304995700000001,0.1740413885,0.0,1371.0
0.7640620494182888,0.577766619,0.17021077,0.167899875,0.0,1371.0
0.7614681884915125,0.57342219,0.188080794,0.174913333,0.0,1371.0
0.7634079943611375,0.523732678,0.209537711,0.187182934,0.0,1371.0
0.7794211188065382,0.410742576,0.211832068,0.187416412,0.0,1371.0
0.7890338408771368,0.328521432,0.190049996,0.17730278,0.0,1371.0
0.790641834243385,0.194573369,0.172770565,0.164104876,0.0,1371.0
0.7891660292304126,0.019158043,0.173206152,0.159717691,0.0,1371.0
0.7630363823032039,0.0,0.172901831,0.1732208235,0.0,1371.0
0.7082705855992741,0.0,0.14968982400000003,0.164760683,0.0,1371.0
0.65113091389111,0.0,0.147405496,0.18236749100000002,0.0,1371.0
0.644569330635848,0.0,0.138389057,0.17900722,0.0,1371.0
0.6732131498404093,0.0,0.134762569,0.174952753,0.0,1371.0
0.7784534965518211,0.0,0.130522125,0.16986971,0.0,1371.0
0.8746306238013998,0.0,0.136470064,0.17718692,0.0,1371.0
0.9314401303139798,0.067068294,0.138402183,0.164716174,0.0,1371.0
0.9395259786258244,0.238600022,0.12548251,0.141889942,0.0,1371.0
0.9380863061981843,0.401905842,0.113370893,0.119417407,0.0,1371.0
0.928225127242857,0.530990344,0.129974719,0.133453788,0.0,1371.0
0.9168495509959849,0.55607888,0.1851944045,0.16834006899999998,0.0,1371.0
0.9083074382587399,0.405349149,0.252225776,0.208496134,0.0,1371.0
0.9041423425909865,0.362770278,0.249918951,0.24001354,0.0,1371.0
0.9044729028795346,0.282286098,0.251382562,0.272613601,0.0,1371.0
0.9196149079324311,0.228472829,0.25009762,0.306286543,0.0,1371.0
0.9250075305391455,0.159850956,0.276416114,0.347879756,0.0,1371.0
0.9306182907503727,0.08105977,0.317537126,0.409949648,0.0,1371.0
0.9192556381999304,0.004381864,0.365327644,0.473812525,0.0,1371.0
0.8644825300269743,0.0,0.432851993,0.545169904,0.0,1371.0
0.8124320722459708,0.0,0.489419823,0.613698925,0.0,1371.0
0.7662293837614083,0.0,0.530891253,0.654981793,0.0,1371.0
0.691293259919299,0.0,0.554891207,0.687768771,0.0,1371.0
0.6429642663915802,0.0,0.5864560864999999,0.732461585,0.0,1371.0
0.6287766022080601,0.0,0.631766982,0.7544577425,0.0,1371.0
0.6535541581296003,0.0,0.66838962,0.749156887,0.0,1371.0
0.7313438241030706,0.0,0.676697542,0.764131157,0.0,1371.0
0.8376750376477632,0.0,0.654616711,0.783343796,0.0,1371.0
0.9101253409675616,0.0056672,0.630866511,0.813165937,0.0,1371.0
0.9301091241957923,0.032450874,0.614061058,0.836855152,0.0,1371.0
0.9367561945384393,0.064291509,0.615659563,0.869249144,0.0,1371.0
0.9301371181269718,0.090806826,0.597098797,0.843742426,0.0,1371.0
0.9215581124202525,0.13185538,0.611047807,0.84534587,0.0,1371.0
0.9182158401124312,0.178539345,0.602032084,0.827365867,0.0,1371.0
0.9124565244968845,0.172875264,0.602746134,0.790888786,0.0,1371.0
0.9065682402005896,0.183345499,0.613427116,0.757377742,0.0,1371.0
0.9093636928701173,0.183245535,0.614526726,0.715702142,0.0,1371.0
0.9248018248003761,0.178413267,0.615375414,0.686758288,0.0,1371.0
0.9295412866734298,0.119009842,0.578590914,0.663596329,0.0,1371.0
0.9314405774082493,0.094831513,0.51989071,0.677118665,0.0,1371.0
0.9192556381999304,0.018540646,0.481922478,0.682621087,0.0,1371.0
0.8640861437778645,0.0,0.435980213,0.670362056,0.0,1371.0
0.8120727131755872,0.0,0.395628218,0.639436473,0.0,1371.0
0.7298917646810563,0.0,0.3136928685,0.5343527,0.0,1371.0
0.6490622810847797,0.0,0.30108114399999997,0.505184033,0.0,1371.0
0.6359126486762483,0.0,0.2766876275,0.4435042,0.0,1371.0
0.6625445307798683,0.0,0.250196788,0.374957388,0.0,1371.0
0.7570043723138078,0.0,0.240062047,0.343482467,0.0,1371.0
0.8573201217983413,0.0,0.238871628,0.340153839,0.0,1371.0
0.9219868748801117,0.021184323,0.241976843,0.352011471,0.0,1371.0
0.9398777356091589,0.094713718,0.240469101,0.338065491,0.0,1371.0
0.9483234796934427,0.191164115,0.27596163,0.337532979,0.0,1371.0
0.9511920919920774,0.281095273,0.249292361,0.334879583,0.0,1371.0
0.9483748167227762,0.368499961,0.245551717,0.339061701,0.0,1371.0
0.944413638146811,0.469427325,0.252930225,0.355132028,0.0,1371.0
0.9414232122951589,0.490347745,0.271484365,0.382833613,0.0,1371.0
0.9385645275675615,0.455868051,0.278911012,0.40785941,0.0,1371.0
0.9398554656452128,0.427936777,0.288574206,0.410973737,0.0,1371.0
0.9510303893441931,0.362179061,0.294932128,0.395643501,0.0,1371.0
0.9523969020077745,0.253056807,0.269129633,0.368535402,0.0,1371.0
0.9552321541643831,0.139873934,0.221933692,0.339453691,0.0,1371.0
0.9300138734134568,0.01949772,0.193421846,0.328879813,0.0,1371.0
0.8702289666825082,0.0,0.185392348,0.319845542,0.0,1371.0
0.8190073245122222,0.0,0.183707714,0.302560865,0.0,1371.0
0.7748837851083884,0.0,0.190687345,0.309895539,0.0,1371.0
0.6838447417896998,0.0,0.188656497,0.29774702799999997,0.0,1371.0
0.6525364286584316,0.0,0.17533700800000002,0.3141889365,0.0,1371.0
0.6511011163783184,0.0,0.161916916,0.307231608,0.0,1371.0
0.6817090682120325,0.0,0.155321562,0.284624645,0.0,1371.0
0.7820625602531136,0.0,0.166778313,0.290826291,0.0,1371.0
0.8761950613059839,0.0,0.182448141,0.307942364,0.0,1371.0
0.9335060426783091,0.068787473,0.187582161,0.334241638,0.0,1371.0
0.9456166595155268,0.19070291,0.177085094,0.359761046,0.0,1371.0
0.9419434691627708,0.321995759,0.174922744,0.396564729,0.0,1371.0
0.9428337280496254,0.397261051,0.159465705,0.371632114,0.0,1371.0
0.9410594708102537,0.445901356,0.206272609,0.419531842,0.0,1371.0
0.9396059356262758,0.479057785,0.230800944,0.448569245,0.0,1371.0
0.9381367489040273,0.504762664,0.239481241,0.458572488,0.0,1371.0
0.9386787390335297,0.453814084,0.253885113,0.461027428,0.0,1371.0
0.9434961903143848,0.36931896,0.268206834,0.463548656,0.0,1371.0
0.9581776826016596,0.309691225,0.291475771,0.473722683,0.0,1371.0
0.9602545958061859,0.211284804,0.313359028,0.48386629,0.0,1371.0
0.9594991187702446,0.124833967,0.328596643,0.535842043,0.0,1371.0
0.9300138734134568,0.019117649,0.350268467,0.582968824,0.0,1371.0
0.8662139469174549,0.0,0.367172714,0.602258856,0.0,1371.0
0.8163164241561289,0.0,0.366078567,0.602567204,0.0,1371.0
0.772333569651062,0.0,0.335770559,0.563438021,0.0,1371.0
0.698020466073115,0.0,0.333405541,0.544910748,0.0,1371.0
0.6658919904878188,0.0,0.337772833,0.521184185,0.0,1371.0
0.644653066412829,0.0,0.3346425785,0.4823810895,0.0,1371.0
0.6432038017685918,0.0,0.324076514,0.438783978,0.0,1371.0
0.6689444859254495,0.0,0.312884023,0.387505574,0.0,1371.0
0.7712594274902602,0.0,0.298371074,0.341743633,0.0,1371.0
0.8687678292765297,0.0,0.282083733,0.310792804,0.0,1371.0
0.9275752757895097,0.043687579,0.271949885,0.292303415,0.0,1371.0
0.9394292969528939,0.13407797,0.277351227,0.293072927,0.0,1371.0
0.942719874474995,0.239357537,0.285331865,0.288454026,0.0,1371.0
0.9422746554912576,0.271163234,0.293526701,0.298775851,0.0,1371.0
0.9402946922432134,0.326028578,0.310359088,0.304941415,0.0,1371.0
0.9396059356262758,0.363212514,0.314845921,0.31822024,0.0,1371.0
0.9388923152778517,0.348065087,0.328125788,0.356305198,0.0,1371.0
0.9374264377009653,0.345243072,0.349013927,0.382337355,0.0,1371.0
0.9435244523941646,0.302946917,0.383821,0.418095448,0.0,1371.0
0.9574060174603435,0.234718162,0.414403535,0.467804646,0.0,1371.0
0.9609720618670762,0.183792974,0.423839917,0.513369108,0.0,1371.0
0.9600058706379051,0.109344915,0.428978772,0.554355222,0.0,1371.0
0.9303211800766851,0.02975229,0.456092263,0.595911101,0.0,1371.0
0.8410023292611454,0.0,0.4808645125,0.6382327975,0.0,1371.0
0.7276335397031278,0.0,0.472227961,0.662928459,0.0,1371.0
0.6363334736271427,0.0,0.4992073885,0.6704964085,0.0,1371.0
0.6149385484695554,0.0,0.4919682995,0.6818361365,0.0,1371.0
0.6168995733009618,0.0,0.482506487,0.674702374,0.0,1371.0
0.6316221172901463,0.0,0.471941261,0.669049612,0.0,1371.0
0.6598948610713538,0.0,0.461744966,0.661870885,0.0,1371.0
0.7080820740291995,0.025979304,0.463105959,0.655485839,0.0,1371.0
0.7533379791974447,0.112415922,0.492978072,0.654480021,0.0,1371.0
0.7873658349903948,0.201834871,0.520240888,0.658672598,0.0,1371.0
0.7908621183862168,0.263142272,0.419008183,0.619750516,0.0,1371.0
0.7886419265828589,0.35250472850000003,0.4033711365,0.5957106825,0.0,1371.0
0.7863737068955293,0.40386681,0.383520335,0.572852874,0.0,1371.0
0.7853243389933793,0.403977798,0.373810079,0.566442053,0.0,1371.0
0.7943002675163123,0.382255993,0.371945831,0.559237721,0.0,1371.0
0.8167610169649764,0.317476071,0.352655666,0.538261015,0.0,1371.0
0.8227674479125402,0.253015793,0.335184068,0.521409448,0.0,1371.0
0.8216120073335266,0.1689339,0.306856132,0.513640564,0.0,1371.0
0.793104848437073,0.023346493,0.289440679,0.4932035025,0.0,1371.0
0.7556867818576888,0.0,0.262650363,0.453044139,0.0,1371.0
0.6960848190708768,0.0,0.201062578,0.370260306,0.0,1371.0
0.6167780279640208,0.0,0.18100091899999998,0.317681107,0.0,670.0
0.5904108355869215,0.0,0.176901899,0.272252318,0.0,670.0
0.5884995602830557,0.0,0.188268629,0.252561345,0.0,670.0
0.5926149287577394,0.0,0.192662165,0.241226061,0.0,670.0
0.616405342771879,0.0,0.196997051,0.234906649,0.0,670.0
0.6584745070837331,0.082807814,0.19719096,0.226102522,0.0,670.0
0.7133749741011738,0.206835112,0.201190847,0.220346605,0.0,670.0
0.7624681870919306,0.313709637,0.196877163,0.195895779,0.0,670.0
0.7730583696504006,0.366583083,0.217994057,0.17589574,0.0,670.0
0.7730267088174728,0.391095099,0.223844124,0.160659366,0.0,670.0
0.7712209695558908,0.397754294,0.22706534,0.16798214,0.0,670.0
0.7674112977732206,0.392177934,0.249114392,0.186756152,0.0,670.0
0.7650737642367256,0.330403335,0.27350778,0.214268569,0.0,670.0
0.7736287113325175,0.286185523,0.29789445,0.247095101,0.0,670.0
0.7916272545746921,0.235762181,0.323161048,0.287295914,0.0,670.0
0.7971783601567635,0.146501744,0.33848911,0.332548855,0.0,670.0
0.7977894852572379,0.084121961,0.352844893,0.383809832,0.0,670.0
0.7858217893299411,0.018320489,0.386176219,0.441108213,0.0,670.0
0.7620080320826955,0.0,0.425422773,0.513344581,0.0,670.0
0.7409356627012794,0.0,0.447791775,0.573058299,0.0,670.0
0.6975242678839062,0.0,0.47530285549999995,0.6373084385000001,0.0,670.0
0.6374441732005516,0.0,0.5242834995,0.6956851664999999,0.0,670.0
0.6175744448945666,0.0,0.575653998,0.756230228,0.0,670.0
0.6272666991383421,0.0,0.598244265,0.803213793,0.0,670.0
0.6815880595096713,0.0,0.606436789,0.820873289,0.0,670.0
0.759430985436184,0.0,0.616290082,0.831436143,0.0,670.0
0.8167202335466187,0.018358492,0.618783028,0.840991422,0.0,670.0
0.859319761242791,0.052344405,0.621790545,0.847158756,0.0,670.0
0.8789420388623189,0.099416717,0.642525643,0.852318939,0.0,670.0
0.8807542176039073,0.119217011,0.643441558,0.838311689,0.0,670.0
0.8755479823634188,0.1539625,0.6410663095,0.8332551835,0.0,670.0
0.8694165181228344,0.186940421,0.644396591,0.831129302,0.0,670.0
0.864979980363536,0.171645278,0.633167772,0.822308723,0.0,670.0
0.864397206815676,0.166558139,0.617304681,0.816298025,0.0,670.0
0.8722955050867761,0.128990396,0.599835516,0.803476497,0.0,670.0
0.8722431842611175,0.089631952,0.586079414,0.798432381,0.0,670.0
0.8712605365080682,0.048592367,0.569484885,0.788344305,0.0,670.0
0.8595861055419928,0.010249862,0.565208376,0.783814974,0.0,670.0
0.8343388471985134,0.0,0.556867154,0.774974998,0.0,670.0
0.7942940068470234,0.0,0.54816641,0.767874014,0.0,670.0
0.753730519599137,0.0,0.502444805,0.733127817,0.0,670.0
0.6583634930907729,0.0,0.482218795,0.7261613575,0.0,670.0
0.6053004485023128,0.0,0.478247979,0.72417286,0.0,670.0
0.5972215762375788,0.0,0.46861396,0.706923109,0.0,670.0
0.5969866244877527,0.0,0.456200537,0.682794629,0.0,670.0
0.6046971044345565,0.0,0.453935776,0.675926095,0.0,670.0
0.6413764187179539,0.0,0.460677564,0.691647339,0.0,670.0
0.7294173445576311,0.0,0.469920184,0.707633645,0.0,670.0
0.7927479934589678,0.015623696,0.482045994,0.718114262,0.0,670.0
0.8401985113887388,0.046922286,0.514668523,0.733823017,0.0,670.0
0.8610255095511291,0.096673067,0.556620119,0.759000605,0.0,670.0
0.85854103058153,0.17215097,0.451631756,0.703341591,0.0,670.0
0.854469933616235,0.288588569,0.439109212,0.729166898,0.0,670.0
0.8498657008233154,0.350622998,0.462346297,0.753955851,0.0,670.0
0.847393832530177,0.393133562,0.484133123,0.773045247,0.0,670.0
0.848375317541232,0.423170358,0.488918596,0.763573827,0.0,670.0
0.8480478875873282,0.365009007,0.475189937,0.768973209,0.0,670.0
0.8579741768554927,0.271749366,0.442068744,0.763087869,0.0,670.0
0.8618098748417405,0.214674702,0.415819394,0.753913721,0.0,670.0
0.8664179533471262,0.117567352,0.382342034,0.735403575,0.0,670.0
0.8579644282301243,0.035495179,0.351024443,0.720290639,0.0,670.0
0.8142180907096813,0.0,0.32551946750000005,0.6954591075000001,0.0,670.0
0.719069805443822,0.0,0.304802328,0.671126908,0.0,670.0
0.627356538905938,0.0,0.306816774,0.638053631,0.0,670.0
0.6032691930288283,0.0,0.3792206615,0.64192958,0.0,670.0
0.6087556800612738,0.0,0.451166819,0.647136702,0.0,670.0
0.6471925270465154,0.0,0.477745034,0.650901298,0.0,670.0
0.7365360178439795,0.0,0.496105457,0.646200673,0.0,670.0
0.8023955961699732,0.040940438,0.507188397,0.642628352,0.0,670.0
0.8514559857207595,0.11912552,0.526823014,0.637901569,0.0,670.0
0.8709237156851827,0.194238849,0.572375872,0.625734846,0.0,670.0
0.8718203247141605,0.258273249,0.548190546,0.59914049,0.0,670.0
0.8700220087289101,0.342604563,0.574933113,0.629889798,0.0,670.0
0.8687615686072409,0.354727247,0.602779473,0.691561896,0.0,670.0
0.8665271563586342,0.426971692,0.637862602,0.77084261,0.0,670.0
0.8650269348433964,0.400855806,0.659758101,0.840498837,0.0,670.0
0.8659513589928363,0.381713387,0.672003206,0.875914068,0.0,670.0
0.8759762081886981,0.313412895,0.671719579,0.869860011,0.0,670.0
0.877291652106498,0.26014068,0.668349575,0.872489531,0.0,670.0
0.8836129918043392,0.170940079,0.637516987,0.859669702,0.0,670.0
0.8700802323325196,0.069332338,0.597896361,0.830350664,0.0,670.0
0.8318167150102493,0.0,0.557283297,0.800870504,0.0,670.0
0.7930298999585573,0.0,0.523921146,0.780936418,0.0,670.0
0.7580503417327128,0.0,0.459554127,0.776162797,0.0,670.0
0.6873971917911224,0.0,0.425536304,0.753996144,0.0,670.0
0.6485932047027789,0.0,0.407102103,0.748680536,0.0,670.0
0.6212224810327648,0.0,0.391722105,0.711546922,0.0,670.0
0.6177033463694754,0.0,0.354522522,0.614520845,0.0,670.0
0.6325718073264974,0.0,0.331362207,0.560461938,0.0,670.0
0.6873755031981734,0.0,0.319847687,0.509177983,0.0,670.0
0.7664861582459592,0.001704757,0.297291249,0.444432035,0.0,670.0
0.8269373730890848,0.163049499,0.273703778,0.394326386,0.0,670.0
0.8666804519338619,0.357707578,0.262487212,0.354891108,0.0,670.0
0.8811800286747911,0.539475829,0.275569629,0.314486398,0.0,670.0
0.8811018604562723,0.656796599,0.340268335,0.272970977,0.0,670.0
0.8777125441957561,0.717510188,0.361216317,0.253961497,0.0,670.0
0.8696732926073854,0.750903862,0.384118993,0.23458821,0.0,670.0
0.8657650610319689,0.723392672,0.409193184,0.239851366,0.0,670.0
0.8629383947587345,0.644843966,0.418331624,0.257966088,0.0,670.0
0.8626800999107542,0.561385574,0.423834228,0.290230827,0.0,670.0
0.8722955050867761,0.424521361,0.432716507,0.334487408,0.0,670.0
0.874006261984526,0.285082062,0.418211909,0.391009943,0.0,670.0
0.8758922265301116,0.134970056,0.418781866,0.469820354,0.0,670.0
0.8688081654656664,0.023798011,0.450164579,0.559737572,0.0,670.0
0.8324973329730339,0.0,0.489447824,0.646827809,0.0,670.0
0.7927987939211975,0.0,0.523015528,0.712517558,0.0,670.0
0.7560397015830176,0.0,0.573844125,0.779124007,0.0,670.0
0.6657169616507006,0.0,0.6077074265,0.8222887465,0.0,670.0
0.6134406523708302,0.0,0.6422990045,0.849085329,0.0,670.0
0.6093084920853041,0.0,0.67597563,0.875546882,0.0,670.0
0.6176508914020407,0.0,0.696138281,0.893080196,0.0,670.0
0.6706577023140122,0.0,0.72195401,0.904089364,0.0,670.0
0.7517755094204623,0.001967725,0.750582284,0.909759442,0.0,670.0
0.8114326998204427,0.036046222,0.767923804,0.915753286,0.0,670.0
0.853915780039493,0.08836793,0.758211786,0.919950144,0.0,670.0
0.8709237156851827,0.149804253,0.765797132,0.923129856,0.0,670.0
0.8679728210370595,0.221577804,0.771366106,0.912534143,0.0,670.0
0.8646139133946424,0.297590155,0.799631591,0.910933463,0.0,670.0
0.8568863508840219,0.354968547,0.804863558,0.904171251,0.0,670.0
0.8503887302691852,0.410804105,0.804247268,0.882876726,0.0,670.0
0.837959180023555,0.387851287,0.781849561,0.850800159,0.0,670.0
0.8340564041318198,0.354689113,0.760107312,0.819641745,0.0,670.0
0.837419783661593,0.269585941,0.736799444,0.795380665,0.0,670.0
0.839179015537584,0.181259081,0.713434541,0.774066688,0.0,670.0
0.84719537112207,0.111738925,0.688368357,0.752322234,0.0,670.0
0.8480835730783911,0.050248175,0.66089285,0.743736119,0.0,670.0
0.8333897383982077,0.0,0.64657582,0.72825487,0.0,670.0
0.7948835776312765,0.0,0.630364445,0.694963503,0.0,670.0
0.7536412612025382,0.0,0.563100738,0.630470682,0.0,670.0
0.6703331789451908,0.0,0.529135034,0.610439456,0.0,670.0
0.6214903009589785,0.0,0.48343511,0.57054836,0.0,670.0
0.5810378949098917,0.0,0.39802085099999995,0.4851520775,0.0,670.0
0.5729836626270819,0.0,0.2974072705,0.3945262595,0.0,670.0
0.5784570918213214,0.0,0.241127629,0.366304192,0.0,670.0
0.596908545607117,0.001545941,0.223840843,0.361140361,0.0,670.0
0.6344276763414289,0.053636025,0.198769171,0.345121672,0.0,670.0
0.684999287977747,0.107797575,0.174830462,0.313048551,0.0,670.0
0.7352344365475662,0.159250225,0.171974878,0.285497776,0.0,670.0
0.7473433094067441,0.191923581,0.146470263,0.276622986,0.0,670.0
0.7366511236334384,0.23103511,0.127123419,0.257601867,0.0,670.0
0.7279237861370101,0.253465029,0.114920776,0.255236549,0.0,670.0
0.7234440054685414,0.278549276,0.108474882,0.271454942,0.0,670.0
0.721027319782251,0.301984484,0.117837509,0.289772205,0.0,670.0
0.7235006192358872,0.251186889,0.108585816,0.297275901,0.0,670.0
0.7393346900510832,0.231083143,0.107364414,0.281131245,0.0,670.0
0.7504101594988752,0.180749083,0.101613052,0.252219753,0.0,670.0
0.7559907793755553,0.105022595,0.097562667,0.235119802,0.0,670.0
0.7512410767765434,0.0142531775,0.096654512,0.223709167,0.0,670.0
0.730600018751158,0.0,0.090546365,0.209433061,0.0,670.0
0.706163912083582,0.0,0.066391092,0.186237524,0.0,670.0
0.6703121611960735,0.0,0.063448111,0.146577309,0.0,670.0
0.6213896392968546,0.0,0.060416556,0.106636177,0.0,670.0
0.5874772023808086,0.0,0.062225555,0.099738183,0.0,670.0
0.5743672131180628,0.0,0.059939214,0.088003055,0.0,670.0
0.5747343756231111,0.0,0.055068429,0.0693614015,0.0,670.0
0.5827893010167474,0.0,0.049608014,0.056644456,0.0,670.0
0.5980929639136352,0.001836581,0.051025769,0.056655534,0.0,670.0
0.6377585900526666,0.041295179,0.053812943,0.053933386,0.0,670.0
0.6894259429699011,0.09765108,0.055176793,0.051947933,0.0,670.0
0.738877218282223,0.173112753,0.053405772,0.049346059,0.0,670.0
0.7497672840926384,0.256489072,0.03889437,0.041228712,0.0,670.0
0.7493743412656182,0.32505744,0.035366905,0.043322222,0.0,670.0
0.7490569282206349,0.350050954,0.036585087,0.046397973,0.0,670.0
0.74498712813911,0.353297026,0.040121004,0.047470356,0.0,670.0
0.7422049123209332,0.337227282,0.0412029,0.049451706,0.0,670.0
0.743915177185569,0.289236433,0.046174552,0.050795497,0.0,670.0
0.757892574270129,0.275774083,0.043344733,0.056373731,0.0,670.0
0.7639080383302881,0.209262111,0.044258569,0.064992781,0.0,670.0
0.7652256287864071,0.146870962,0.03952931,0.070723113,0.0,670.0
0.7523043969753415,0.03027739,0.045796291,0.09434021000000001,0.0,670.0
0.7333497688857508,0.0,0.052149553,0.11669627,0.0,670.0
0.6937436633015749,0.0,0.0633164515,0.14547513750000002,0.0,670.0
0.6389194416464199,0.0,0.062281762,0.151427855,0.0,670.0
0.6068008935646855,0.0,0.0662024645,0.140564511,0.0,670.0
0.6042720088764458,0.0,0.064747126,0.136561621,0.0,670.0
0.6141480791883293,0.0,0.061647636,0.145855917,0.0,670.0
0.6613172273205663,0.0,0.062224674,0.152693281,0.0,670.0
0.7461815633545485,0.002167014,0.068542274,0.156899047,0.0,670.0
0.8102560625466427,0.051824524,0.073382273,0.165002053,0.0,670.0
0.8524216403828265,0.10846509,0.07225049,0.168774581,0.0,670.0
0.8693780600535136,0.190001535,0.079377726,0.174033957,0.0,670.0
0.8685485289300231,0.265950487,0.086881532,0.17428954,0.0,670.0
0.8664762665585217,0.347100989,0.111497523,0.186419244,0.0,670.0
0.8643023137897269,0.355870214,0.154817185,0.203111104,0.0,670.0
0.8604963090437565,0.356903547,0.197243935,0.221762965,0.0,670.0
0.8601618135699078,0.322130333,0.237117634,0.247724841,0.0,670.0
0.8633584818623851,0.29231108,0.273997798,0.266972,0.0,670.0
0.8731380046431141,0.251298073,0.292855995,0.283737475,0.0,670.0
0.874006261984526,0.172753005,0.282757914,0.309450495,0.0,670.0
0.8734438801458448,0.098471632,0.29615576,0.35058256,0.0,670.0
0.8654342324598687,0.047793171,0.32086727,0.403425712,0.0,670.0
0.8347354121233891,0.0,0.35377442,0.454145445,0.0,670.0
0.7936649048592416,0.0,0.38097093,0.4912297,0.0,670.0
0.7544839395695936,0.0,0.377086827,0.535999893,0.0,670.0
0.6830851060213231,0.0,0.412826585,0.559918983,0.0,670.0
0.6207868541981489,0.0,0.4339130115,0.5820265295,0.0,670.0
0.5982415641218476,0.0,0.462448112,0.613865421,0.0,670.0
0.5984364032971475,0.0,0.481555684,0.634246377,0.0,670.0
0.6065090148925928,0.0,0.502905372,0.636741585,0.0,670.0
0.6437428851780603,0.0,0.514341293,0.631160612,0.0,670.0
0.7346959345090949,0.00189003,0.527671286,0.641291374,0.0,670.0
0.8023796763481506,0.019144186,0.531541101,0.645190322,0.0,670.0
0.8520909011486093,0.048809124,0.545817857,0.644956236,0.0,670.0
0.8739598440717696,0.074170881,0.559519584,0.636725902,0.0,670.0
0.8775107735073356,0.105631822,0.547961584,0.611001966,0.0,670.0
0.8717363877919911,0.1597814535,0.5188958735,0.5773489235,0.0,670.0
0.8665271563586342,0.191884724,0.470424071,0.51874956,0.0,670.0
0.8630614605265804,0.20845489,0.450589729,0.502505197,0.0,670.0
0.864646736834613,0.189019971,0.437859377,0.486797611,0.0,670.0
0.8731968542866622,0.149907977,0.433344354,0.497624071,0.0,670.0
0.873281998687243,0.096283904,0.432787056,0.51947985,0.0,670.0
0.87120168686452,0.051306236,0.42908766,0.533654922,0.0,670.0
0.846920664419153,0.0059207335,0.4182477915,0.527457881,0.0,670.0
0.7943793300583217,0.0,0.37945663,0.47317677,0.0,670.0
0.7538231766139323,0.0,0.306270868,0.404403963,0.0,670.0
0.6582579123120719,0.0,0.28704539100000004,0.3855207775,0.0,670.0
0.6013532892938838,0.0,0.259678659,0.36399068850000005,0.0,670.0
0.597752163101556,0.0,0.261541075,0.367881932,0.0,670.0
0.6068812529229892,0.0,0.265010182,0.393999645,0.0,670.0
0.6438806633567934,0.0,0.269224003,0.402463616,0.0,670.0
0.7345862844033172,0.002986749,0.27934566,0.402912961,0.0,670.0
0.8040401694857264,0.033529186,0.277698205,0.396058716,0.0,670.0
0.8541279253932202,0.082857488,0.278889126,0.392592682,0.0,670.0
0.8768924934140817,0.128124804,0.287378411,0.385731942,0.0,670.0
0.8807542176039073,0.19345779,0.243930373,0.34879983,0.0,670.0
0.8795869265976233,0.26019366050000003,0.2302468695,0.3521149565,0.0,670.0
0.8756898299367041,0.305282319,0.220458344,0.35769158,0.0,670.0
0.8745543338376481,0.304067277,0.22167641,0.360981874,0.0,670.0
0.871053220933035,0.250620752,0.226462298,0.367133353,0.0,670.0
0.880889715102545,0.209299479,0.235260023,0.374056557,0.0,670.0
0.8849485591477657,0.159383198,0.245100901,0.393074171,0.0,670.0
0.8845704182044671,0.094247563,0.251755325,0.4123957,0.0,670.0
0.8692396110309489,0.03045731,0.267909258,0.42316852,0.0,670.0
0.8343372372272981,0.0,0.282270716,0.433959682,0.0,670.0
0.7929508372815964,0.0,0.291670696,0.458833548,0.0,670.0
0.7192552089462472,0.0,0.2778341405,0.4209990125,0.0,670.0
0.6230277730651257,0.0,0.33307675449999996,0.46887700600000004,0.0,670.0
0.6023279771360217,0.0,0.338859757,0.4916660605,0.0,670.0
0.6131384214353772,0.0,0.336733942,0.501908634,0.0,670.0
0.6584301462364613,0.0,0.3391783,0.504474343,0.0,670.0
0.7458653130515593,0.003977413,0.337785112,0.494847708,0.0,670.0
0.8110851464409122,0.051716211,0.337349109,0.479338024,0.0,670.0
0.855446857402051,0.105251424,0.328494325,0.442594139,0.0,670.0
0.8774431588997929,0.166808719,0.32632495,0.402340187,0.0,670.0
0.8824554046870063,0.251351904,0.281522497,0.341457089,0.0,670.0
0.8799113604261344,0.3088563875,0.2805568535,0.327058452,0.0,670.0
0.8756043279146882,0.320640786,0.276386644,0.318395071,0.0,670.0
0.8722320046102029,0.293756415,0.263186597,0.306556498,0.0,670.0
0.8729106549803372,0.247927483,0.262618325,0.309064503,0.0,670.0
0.88550056632114,0.194756195,0.255255584,0.312473618,0.0,670.0
0.8861090977890255,0.133492028,0.255974224,0.317280951,0.0,670.0
0.886930221704908,0.072504297,0.244673497,0.316889248,0.0,670.0
0.8694213477665771,0.022479961,0.235672522,0.315219871,0.0,670.0
0.8123075755875302,0.0,0.23127354300000003,0.297495299,0.0,670.0
0.7555889374427642,0.0,0.203128627,0.246774082,0.0,670.0
0.664290123514132,0.0,0.1917951915,0.19893725,0.0,670.0
0.6094654769642267,0.0,0.15575532,0.148797275,0.0,670.0
0.6054399706590856,0.0,0.147275393,0.128214307,0.0,670.0
0.6144589184765786,0.0,0.135822071,0.122454385,0.0,670.0
0.6626924153403563,0.0,0.126828843,0.115466161,0.0,670.0
0.7486484233281784,0.002453065,0.119582348,0.108629275,0.0,670.0
0.8124873445955565,0.024910353,0.114867691,0.108575433,0.0,670.0
0.8575370967958112,0.065324857,0.104678634,0.099083626,0.0,670.0
0.8774431588997929,0.105883977,0.10436367,0.091332027,0.0,670.0
0.879113311324854,0.141507607,0.097909371,0.096710598,0.0,670.0
0.8734315825568291,0.16825047450000002,0.100587542,0.103158682,0.0,670.0
0.8665271563586342,0.19547411,0.109252154,0.120717272,0.0,670.0
0.8638189946280066,0.181588655,0.105279706,0.134997535,0.0,670.0
0.8632977539640696,0.177504424,0.106980501,0.147560485,0.0,670.0
0.8717392944445493,0.150451167,0.09987913,0.142622198,0.0,670.0
0.8696634545091826,0.121084077,0.089068424,0.128167676,0.0,670.0
0.8697338416949832,0.079905448,0.079537643,0.110916586,0.0,670.0
0.8579644282301243,0.027317296,0.078101001,0.09331457,0.0,670.0
0.8338306643053066,0.0,0.089820034,0.096126829,0.0,670.0
0.7943793300583217,0.0,0.108199937,0.113880327,0.0,670.0
0.7536412612025382,0.0,0.138713675,0.147811041,0.0,670.0
0.6455092721143065,0.0,0.1729474485,0.1989256455,0.0,670.0
0.5782358686860574,0.0,0.1943841685,0.2314883365,0.0,670.0
0.5708149643967801,0.0,0.180941688,0.24459438849999998,0.0,670.0
0.5816547440450751,0.0,0.174691853,0.2501727,0.0,670.0
0.5967666534323659,0.008236342,0.180851683,0.274405352,0.0,670.0
0.6305151070204323,0.086039615,0.191552137,0.288450179,0.0,670.0
0.6839069007810371,0.198529588,0.259523844,0.296763161,0.0,670.0
0.7342724489221992,0.316038092,0.287987734,0.310946691,0.0,670.0
0.7380002407807094,0.413755674,0.3019996,0.297637835,0.0,670.0
0.7292700859021302,0.388581473,0.336357362,0.301231066,0.0,670.0
0.723043415750579,0.391538907,0.36068917,0.306156935,0.0,670.0
0.7160165050205837,0.381869969,0.373022899,0.305933234,0.0,670.0
0.7096587644538578,0.391466172,0.386297577,0.31759779,0.0,670.0
0.70952326695522,0.348931279,0.384650592,0.323440653,0.0,670.0
0.714823992728854,0.306664219,0.383406171,0.346905107,0.0,670.0
0.72153469768985,0.248673667,0.371516631,0.373551787,0.0,670.0
0.7291858807638846,0.165943349,0.368609353,0.412098693,0.0,670.0
0.7415166921361481,0.081860401,0.401977973,0.456024267,0.0,670.0
0.7365285050948134,0.0,0.4408418035,0.513881728,0.0,670.0
0.6876432338539799,0.0,0.4700574515,0.622098594,0.0,670.0
0.6021463076062331,0.0,0.46417447850000004,0.6044179670000001,0.0,670.0
0.56851946635852,0.0,0.46456658500000003,0.5687996245,0.0,670.0
0.5675708718583234,0.0,0.467936893,0.566751726,0.0,670.0
0.5753543327584683,0.0,0.476066698,0.590112491,0.0,670.0
0.5857003513738965,0.014537922,0.493018408,0.619889257,0.0,670.0
0.626010104999042,0.103568029,0.501644386,0.649201344,0.0,670.0
0.6831033065232411,0.182037263,0.52461779,0.671971161,0.0,670.0
0.735171562245883,0.252346319,0.559864027,0.694509397,0.0,670.0
0.7473433094067441,0.329483622,0.548077487,0.680713713,0.0,670.0
0.7400106796502648,0.4152920015,0.5937696755,0.71097314,0.0,670.0
0.7336022504286147,0.478479404,0.625196877,0.723944008,0.0,670.0
0.7303892597540353,0.449421847,0.622285454,0.726036648,0.0,670.0
0.734462234839146,0.368050488,0.607982041,0.728083588,0.0,670.0
0.7534355553288173,0.310999638,0.611960205,0.739769003,0.0,670.0
0.7586428639059412,0.235757448,0.620143867,0.748547954,0.0,670.0
0.7588508951286989,0.139734588,0.622495751,0.771377824,0.0,670.0
0.7570759222416027,0.062327889,0.623853343,0.787513326,0.0,670.0
0.737899646054522,0.0,0.61447116,0.7949167260000001,0.0,670.0
0.7063084428297665,0.0,0.595844019,0.795690383,0.0,670.0
0.6575760646038808,0.0,0.5864316555,0.7879641690000001,0.0,670.0
0.6003374826789483,0.0,0.5630078815,0.8007719265,0.0,670.0
0.596854704418029,0.0,0.522838938,0.765422401,0.0,670.0
0.6052749588658393,0.0,0.499678963,0.744462676,0.0,670.0
0.6435897685485016,0.0,0.479523767,0.719128246,0.0,670.0
0.733918679677273,0.014795087,0.482141793,0.708326365,0.0,670.0
0.7946791239723843,0.109707432,0.505521686,0.710372934,0.0,670.0
0.8402079023926721,0.239190537,0.572161933,0.734359372,0.0,670.0
0.8562877469871736,0.300542,0.616457238,0.735298823,0.0,670.0
0.8557865402760289,0.384209667,0.58635926,0.686596034,0.0,670.0
0.8522052914927709,0.40792247299999995,0.6456138810000001,0.722245185,0.0,670.0
0.8463816704825191,0.372213969,0.68575632,0.732446221,0.0,670.0
0.841170068963708,0.386138482,0.707100045,0.744838419,0.0,670.0
0.8397274451470929,0.324690354,0.731030258,0.753883311,0.0,670.0
0.8489546924708955,0.231136524,0.736199249,0.761473045,0.0,670.0
0.8551770250118181,0.159394406,0.729746959,0.756191046,0.0,670.0
0.8575455038684678,0.086906804,0.735917451,0.76964613,0.0,670.0
0.8494237016470568,0.023114575,0.753470477,0.787257197,0.0,670.0
0.8333897383982077,0.0,0.77533789,0.815457404,0.0,670.0
0.7944959563461613,0.0,0.8026869,0.83509882,0.0,670.0
0.7541368332843326,0.0,0.806364219,0.855335094,0.0,670.0
0.6578440411412929,0.0,0.842503939,0.8614243765,0.0,670.0
0.5999235221028105,0.0,0.8820390250000001,0.883713265,0.0,670.0
0.5958826997487903,0.0,0.892974205,0.895260012,0.0,670.0
0.6034181061895343,0.0,0.898900328,0.913384716,0.0,670.0
0.6394883076340491,0.0,0.902154219,0.920639097,0.0,670.0
0.7265431871024804,0.010859373,0.903525769,0.923291834,0.0,670.0
0.7858588163737157,0.066289209,0.905076809,0.926862141,0.0,670.0
0.8291887785636254,0.159779425,0.895477989,0.92797996,0.0,670.0
0.8474696753996589,0.280517394,0.894069438,0.930158183,0.0,670.0
0.8398762688349644,0.369524905,0.876988956,0.92837497,0.0,670.0
0.8356092594252098,0.482991968,0.88015025,0.9267317180000001,0.0,670.0
0.8293362605638337,0.456332976,0.88222325,0.922966321,0.0,670.0
0.8257110980950494,0.418557272,0.881817473,0.919074163,0.0,670.0
0.8246610146801263,0.378694574,0.880318179,0.915276131,0.0,670.0
0.8268908657034938,0.312408169,0.872326269,0.909348866,0.0,670.0
0.8293992244733028,0.266869531,0.856969043,0.905160478,0.0,670.0
0.8316564433879112,0.170531226,0.845575112,0.895467726,0.0,670.0
0.8284728328661644,0.079588753,0.822054598,0.882479601,0.0,670.0
0.8194759760669484,0.002105636,0.7995532,0.870905552,0.0,670.0
0.7946474631394563,0.0,0.785808501,0.864438793,0.0,670.0
0.759017785041761,0.0,0.76063596,0.881001559,0.0,670.0
0.6810588143333571,0.0,0.761109626,0.886055846,0.0,670.0
0.6186859941900005,0.0,0.7345392275,0.8727342365,0.0,670.0
0.5954851061562206,0.0,0.7002371235,0.821561161,0.0,670.0
0.6036220232813225,0.0,0.6642743,0.784131893,0.0,670.0
0.6397577822678953,0.0,0.64793076,0.765191803,0.0,670.0
0.7230772676558161,0.02338934,0.6328894,0.740822011,0.0,670.0
0.7801757013840375,0.083232946,0.617853898,0.720641169,0.0,670.0
0.8147200575350649,0.167758202,0.62879257,0.706242868,0.0,670.0
0.8312341204080583,0.258697004,0.66796337,0.697468452,0.0,670.0
0.8262572918283558,0.314085662,0.605037127,0.67996638,0.0,670.0
0.8221492572921207,0.374112449,0.652761702,0.709216251,0.0,670.0
0.8200587494798569,0.436823058,0.666249576,0.721682047,0.0,670.0
0.8146447513676385,0.484903214,0.693838341,0.737698908,0.0,670.0
0.8097752475446768,0.517747443,0.705732383,0.731965572,0.0,670.0
0.8070240665194892,0.496794821,0.715616826,0.734850466,0.0,670.0
0.8076587136637868,0.473814119,0.706575908,0.747671786,0.0,670.0
0.8075748214780347,0.390267076,0.702967697,0.768168465,0.0,670.0
0.8073798480260074,0.252558665,0.732515161,0.806622338,0.0,670.0
0.808176734520245,0.10553266,0.770291346,0.835036215,0.0,670.0
0.799511824298706,0.0008273315,0.7864997885,0.8581889965,0.0,670.0
0.7598917664853577,0.0,0.750668791,0.831211886,0.0,670.0
0.6568071720408227,0.0,0.6739867735,0.7654782545,0.0,670.0
0.599663885634643,0.0,0.5629571245,0.6445231415,0.0,670.0
0.5954540266268141,0.0,0.475550137,0.561605389,0.0,670.0
0.6035976067790572,0.0,0.427516153,0.511946984,0.0,670.0
0.6395832901328327,0.0,0.381042085,0.464991881,0.0,670.0
0.7233378879877846,0.042817158,0.338316857,0.423709201,0.0,670.0
0.7785210216865294,0.157819077,0.296589475,0.376860195,0.0,670.0
0.8085917236966007,0.28057976,0.277366041,0.327399768,0.0,670.0
0.819273847757093,0.414235145,0.283962873,0.293069096,0.0,670.0
0.820098638574724,0.532117836,0.261711774,0.255701164,0.0,670.0
0.8181455066508166,0.641710361,0.264744721,0.248886303,0.0,670.0
0.8159974906802407,0.720854015,0.256562096,0.2370089345,0.0,670.0
0.8093095475138775,0.701777236,0.23569267,0.231044674,0.0,670.0
0.806859591293347,0.634418109,0.223482476,0.244686163,0.0,670.0
0.8071578647090286,0.545853069,0.200725618,0.250568104,0.0,670.0
0.8073929954045237,0.416601055,0.175075151,0.239785649,0.0,670.0
0.8058870499220525,0.266903034,0.152867671,0.220438621,0.0,670.0
0.8069846246538432,0.122016691,0.156725327,0.214572398,0.0,670.0
0.8074364619283046,0.003057416,0.158448675,0.208518543,0.0,670.0
0.7920092413654084,0.0,0.155783601,0.193721043,0.0,670.0
0.7599944405440249,0.0,0.166444815,0.176957885,0.0,670.0
0.6571595103276786,0.0,0.1623772985,0.177795286,0.0,670.0
0.5998056661370403,0.0,0.1860499095,0.201841527,0.0,670.0
0.5957153624715557,0.0,0.205302722,0.215350763,0.0,670.0
0.6029205217111966,0.0,0.206539553,0.213618498,0.0,670.0
0.6400154958798299,0.0,0.209971999,0.216110673,0.0,670.0
0.7272695074652483,0.039161728,0.215787927,0.221789169,0.0,670.0
0.7834386427313458,0.15259356,0.213467949,0.224559763,0.0,670.0
0.8204480702090218,0.303087028,0.2601615,0.228991122,0.0,670.0
0.835313713783893,0.450661955,0.26673831,0.234300498,0.0,670.0
0.8285002900952881,0.596516773,0.252451198,0.211902882,0.0,670.0
0.8231192942337577,0.700254862,0.275804617,0.219129277,0.0,670.0
0.821169829211599,0.753844587,0.292918204,0.230619113,0.0,670.0
0.8165968101573378,0.761744512,0.294800498,0.240773732,0.0,670.0
0.8103227828306949,0.719924039,0.288194974,0.239745952,0.0,670.0
0.8078196113260636,0.663759347,0.270924723,0.235503079,0.0,670.0
0.8084814474159331,0.578603503,0.248062472,0.225073802,0.0,670.0
0.8095019271983644,0.439571904,0.205968205,0.211561113,0.0,670.0
0.810417228627423,0.284062054,0.167990255,0.207806086,0.0,670.0
0.8123581971040906,0.133616115,0.152045677,0.205395414,0.0,670.0
0.8136600465491045,0.004517628,0.137722158,0.190988479,0.0,670.0
0.7948619338422205,0.0,0.123789655,0.171884073,0.0,670.0
0.7137524442681167,0.0,0.09595335099999999,0.147280515,0.0,670.0
0.6014449401778832,0.0,0.08810475200000001,0.127346554,0.0,670.0
0.5689459705402303,0.0,0.081811644,0.117341233,0.0,670.0
0.5687042885574238,0.0,0.081766092,0.1278332775,0.0,670.0
0.5768663598296075,0.0,0.087513816,0.152811604,0.0,670.0
0.5883359795153557,0.057997672,0.099763299,0.178017051,0.0,670.0
0.6231808450932186,0.184310572,0.106209141,0.205437141,0.0,670.0
0.6658953443021223,0.342390871,0.091810056,0.222481942,0.0,670.0
0.7020158096417625,0.497886726,0.109785501,0.240682763,0.0,670.0
0.7031953983045379,0.6582174,0.163389229,0.254323814,0.0,670.0
0.7005660755013092,0.7620431445,0.21989973899999998,0.292715557,0.0,670.0
0.6942902147237922,0.801864832,0.26017813,0.316301074,0.0,670.0
0.689744250338375,0.768012395,0.281782021,0.331457352,0.0,670.0
0.6887176441633822,0.680700085,0.283699387,0.33774214,0.0,670.0
0.6917100377426362,0.573198244,0.283583157,0.355848457,0.0,670.0
0.6950770841741578,0.448887488,0.27194652,0.372980878,0.0,670.0
0.6981260020479231,0.279493253,0.279666587,0.400276246,0.0,670.0
0.6998041143164199,0.130766062,0.332289912,0.445809769,0.0,670.0
0.7043826785946726,0.002070327,0.3866710335,0.4931622715,0.0,670.0
0.679721994775102,0.0,0.34385809599999995,0.46049369799999995,0.0,670.0
0.5996950768364032,0.0,0.3536670845,0.460509419,0.0,670.0
0.5654577812645715,0.0,0.34290577499999997,0.3761488795,0.0,670.0
0.5650920720520645,0.0,0.325749539,0.370200456,0.0,670.0
0.5720870088616867,0.0,0.33381995,0.410669514,0.0,670.0
0.5799348645618956,0.041605596,0.343406443,0.459863458,0.0,670.0
0.6153748460805272,0.148276136,0.334150615,0.485586709,0.0,670.0
0.6615183270302036,0.260225219,0.336623425,0.51081736,0.0,670.0
0.70165452764767,0.3819067,0.372026029,0.528595684,0.0,670.0
0.707730674937203,0.456580716,0.399409464,0.539843988,0.0,670.0
0.7032857523047671,0.5216308085,0.5035867915,0.5874105095,0.0,670.0
0.6994051345696727,0.510200454,0.559521984,0.62624169,0.0,670.0
0.6959214618503115,0.489991445,0.555432019,0.619613466,0.0,670.0
0.6995537793118752,0.459047939,0.573650137,0.653253179,0.0,670.0
0.7054636179243918,0.427419633,0.579609704,0.69456401,0.0,670.0
0.7114399978752913,0.356925392,0.582273623,0.729583555,0.0,670.0
0.7184743317466668,0.233145152,0.582812565,0.728329513,0.0,670.0
0.7255203819710122,0.104906175,0.600396167,0.74089988,0.0,670.0
0.7322037638446606,0.004433721,0.596947702,0.757693216,0.0,670.0
0.7305124148597644,0.0,0.613301495,0.776612585,0.0,670.0
0.7076214272567534,0.0,0.640537876,0.779610009,0.0,670.0
0.6577324680443308,0.0,0.635573016,0.7909370145,0.0,670.0
0.6010528917418293,0.0,0.628075342,0.783545018,0.0,670.0
0.597147432677195,0.0,0.611830888,0.755572529,0.0,670.0
0.6061865933931493,0.0,0.597065999,0.73124936,0.0,670.0
0.6427409637888849,0.0,0.577047146,0.705891821,0.0,670.0
0.7297993312133959,0.043053478,0.557294389,0.70159612,0.0,670.0
0.7926431729969329,0.113849632,0.555216414,0.66811009,0.0,670.0
0.838755708761406,0.213986036,0.613413028,0.673814907,0.0,670.0
0.8574179662132658,0.262526177,0.632951048,0.670076872,0.0,670.0
0.8571519796704505,0.285528171,0.670866867,0.638211797,0.0,670.0
0.8540809707784083,0.306014835,0.696405616,0.676992336,0.0,670.0
0.8457698298692715,0.269418048,0.724812836,0.723449186,0.0,670.0
0.8402304405052188,0.246467009,0.744205549,0.76280116,0.0,670.0
0.8345416910211418,0.221012687,0.743167039,0.791462883,0.0,670.0
0.8331695437282103,0.21197327,0.758643222,0.813767392,0.0,670.0
0.8369911105396167,0.156414408,0.744835335,0.826532865,0.0,670.0
0.8377748497902895,0.114066361,0.731338427,0.831275987,0.0,670.0
0.8434112784487078,0.079539401,0.697541151,0.83781858,0.0,670.0
0.8438510417487639,0.034383179,0.687645009,0.853024849,0.0,670.0
0.8128990244915988,0.001401854,0.7012723700000001,0.8550303515,0.0,670.0
0.7182092843312351,0.0,0.6943115854999999,0.8250497795,0.0,670.0
0.6112376847403805,0.0,0.6779868819999999,0.8149502213333334,0.0,670.0
0.5957239931588229,0.0,0.64039344,0.795334218,0.0,670.0
0.6034074184367824,0.0,0.604460744,0.771447394,0.0,670.0
0.6391894081784287,0.0,0.550150503,0.733264665,0.0,670.0
0.7272726377998928,0.04000936,0.500224495,0.688191562,0.0,670.0
0.7882763069106621,0.070135279,0.460429805,0.626450714,0.0,670.0
0.8347882696511034,0.123778304,0.456795136,0.590127951,0.0,670.0
0.8557545216867145,0.183008672,0.429669043,0.583447975,0.0,670.0
0.85854103058153,0.216411411,0.382712814,0.517792888,0.0,670.0
0.8573699384642456,0.238501196,0.381406856,0.515794255,0.0,670.0
0.8552754507977398,0.2047135475,0.3871605585,0.5078227275,0.0,670.0
0.8525389820484878,0.181362248,0.399657232,0.509224617,0.0,670.0
0.8533428445898358,0.157275732,0.402362675,0.51820907,0.0,670.0
0.8602726262827282,0.149392404,0.427838595,0.520159194,0.0,670.0
0.858830449695334,0.140881666,0.440883993,0.533757214,0.0,670.0
0.8571060088519636,0.108577939,0.448242237,0.558481123,0.0,670.0
0.8480083562488478,0.052609304,0.456725612,0.578991352,0.0,670.0
0.830923057370247,0.007729557,0.437019832,0.596390251,0.0,670.0
0.7946731315866473,0.0,0.434684954,0.641372534,0.0,670.0
0.753459435129027,0.0,0.44992136,0.672466735,0.0,670.0
0.6813909397892275,0.0,0.467725426,0.722849892,0.0,670.0
0.6344034387848325,0.0,0.472474975,0.745336555,0.0,670.0
0.6019817429747322,0.0,0.4872734635,0.757444638,0.0,670.0
0.5982609718997498,0.0,0.493420672,0.733918737,0.0,670.0
0.6075407636638219,0.0,0.492780972,0.715601614,0.0,670.0
0.6486787961976292,0.0,0.491539529,0.697930681,0.0,670.0
0.7358827676374843,0.063120797,0.504027249,0.694153774,0.0,670.0
0.7966809098202017,0.186028511,0.528055428,0.709735984,0.0,670.0
0.841223910152796,0.322553114,0.543982975,0.740912986,0.0,670.0
0.8613015131378163,0.429307345,0.554256022,0.752632846,0.0,670.0
0.8581839073873486,0.538166235,0.561833173,0.691390467,0.0,670.0
0.856944663960466,0.575605815,0.577077833,0.729288592,0.0,670.0
0.855281040623197,0.617835557,0.606785972,0.769464563,0.0,670.0
0.8554510608709036,0.624157069,0.630074278,0.794808313,0.0,670.0
0.8507615944744716,0.60881145,0.654490459,0.820621064,0.0,670.0
0.8503000084396904,0.511623279,0.680200263,0.829742017,0.0,670.0
0.8622766481416996,0.451647095,0.68864931,0.827643413,0.0,670.0
0.86252644657914,0.343202842,0.677412066,0.825850662,0.0,670.0
0.8655177668892343,0.232049839,0.66317958,0.848932797,0.0,670.0
0.8579644282301243,0.122943495,0.67828942,0.86086343,0.0,670.0
0.8144080108358798,0.0046066695,0.6602711975,0.8682619315,0.0,670.0
0.7187417493150282,0.0,0.6822825914999999,0.882241085,0.0,670.0
0.6168459407468696,0.0,0.711285915,0.8914408443333333,0.0,670.0
0.6046353926049645,0.0,0.70773341,0.880747557,0.0,670.0
0.6143293238908433,0.0,0.694713502,0.868137877,0.0,670.0
0.6626924153403563,0.0,0.682996417,0.857917901,0.0,670.0
0.7439966993533427,0.069538091,0.675497612,0.849570069,0.0,670.0
0.8019726471501818,0.204692688,0.658073018,0.840969685,0.0,670.0
0.8425115390850855,0.332110323,0.712991848,0.85439955,0.0,670.0
0.8630292631265485,0.44098647,0.716085397,0.847380284,0.0,670.0
0.8629468019663427,0.515432375,0.672091147,0.812627337,0.0,670.0
0.8585191183739703,0.619569077,0.648340407,0.808704124,0.0,670.0
0.8549266005344391,0.648466914,0.621456864,0.798024102,0.0,670.0
0.85037298925808,0.662187897,0.602789277,0.786179521,0.0,670.0
0.8459658764555071,0.608901586,0.570524443,0.766534485,0.0,670.0
0.8425486556016946,0.532918588,0.545069985,0.729426809,0.0,670.0
0.851530576375413,0.439376008,0.50879305,0.691132346,0.0,670.0
0.8554516870457937,0.342114991,0.435513913,0.624421571,0.0,670.0
0.8594930907708109,0.206312934,0.341192729,0.554852981,0.0,670.0
0.8546383440276778,0.088301316,0.272231892,0.47919171,0.0,670.0
0.8343021779111253,0.006733889,0.217315706,0.405047969,0.0,670.0
0.7933222704613367,0.0,0.182525215,0.337853991,0.0,670.0
0.7556030686176056,0.0,0.180572279,0.336696772,0.0,670.0
0.683822829649616,0.0,0.159901319,0.280915649,0.0,670.0
0.628249033871422,0.0,0.14402932950000003,0.223212766,0.0,670.0
0.6075606858767846,0.0,0.125129349,0.162540073,0.0,670.0
0.6151874748505003,0.0,0.129479241,0.160876679,0.0,670.0
0.6613172273205663,0.0,0.137497211,0.192981131,0.0,670.0
0.748624364717251,0.034173496,0.146426362,0.234755782,0.0,670.0
0.809483771365388,0.105638632,0.150832052,0.259521804,0.0,670.0
0.854650775893421,0.182198576,0.157369004,0.274364408,0.0,670.0
0.8750948929416045,0.256343483,0.17834644,0.295683385,0.0,670.0
0.8784345714818853,0.30260957,0.142383282,0.259134404,0.0,670.0
0.8774889509075621,0.360561988,0.151348186,0.267134164,0.0,670.0
0.8728252422962044,0.402258358,0.153637315,0.28897077,0.0,670.0
0.870596822298383,0.411277038,0.151832597,0.318124563,0.0,670.0
0.8666571981735907,0.406319314,0.158055049,0.323115187,0.0,670.0
0.8654088321612783,0.376180856,0.166734873,0.324382145,0.0,670.0
0.8742989009058089,0.350114761,0.178631123,0.339163134,0.0,670.0
0.874006261984526,0.271406488,0.182988805,0.349120516,0.0,670.0
0.8726648812010317,0.200749656,0.173016334,0.346632818,0.0,670.0
0.8618793675690991,0.095972931,0.169501554,0.341183177,0.0,670.0
0.8348523961676152,0.01357137,0.1718485,0.350742198,0.0,670.0
0.7937031839828933,0.0,0.168960417,0.354677655,0.0,670.0
0.7543944127544913,0.0,0.143197433,0.33331415,0.0,670.0
0.6487329505416379,0.0,0.1384193685,0.305354666,0.0,670.0
0.5827471164421055,0.0,0.12591915033333334,0.2663855423333334,0.0,670.0
0.579941751271123,0.0,0.123708046,0.244250847,0.0,670.0
0.5862379589539258,0.0,0.12298477,0.236110859,0.0,670.0
0.6026341434592025,0.044533756,0.119857499,0.227595265,0.0,670.0
0.6463451531774933,0.131253163,0.113156835,0.211232269,0.0,670.0
0.6979132307892086,0.249024429,0.117492553,0.196778366,0.0,670.0
0.7448601271859635,0.363847519,0.123759043,0.179008516,0.0,670.0
0.7567751445312152,0.43500979,0.0878545,0.138596912,0.0,670.0
0.7546868727301052,0.499199542,0.087797459,0.131826505,0.0,670.0
0.753089880204054,0.568904505,0.086438966,0.134383069,0.0,670.0
0.7497248013651826,0.521409737,0.088697575,0.140146616,0.0,670.0
0.7475072927347237,0.511897039,0.089270048,0.14504696,0.0,670.0
0.7507019039617161,0.430253999,0.094863265,0.152581754,0.0,670.0
0.7642761623646664,0.361371281,0.102226016,0.159242495,0.0,670.0
0.77129743833036,0.292493446,0.108864164,0.177919597,0.0,670.0
0.7756280823584637,0.187990427,0.107466631,0.195333888,0.0,670.0
0.7738316446279806,0.097511661,0.103200698,0.208579571,0.0,670.0
0.7451825039489899,0.006964681,0.113705175,0.226384263,0.0,670.0
0.7045386125389065,0.0,0.111326605,0.228452602,0.0,670.0
0.6513383711427104,0.0,0.10502718350000001,0.2182399325,0.0,670.0
0.5887129278473983,0.0,0.09997656066666667,0.241757395,0.0,670.0
0.583068703221631,0.0,0.10924915,0.280941908,0.0,670.0
0.5868724272875059,0.0,0.123478014,0.311872032,0.0,670.0
0.6051405793053029,0.056378373,0.145567679,0.339899405,0.0,670.0
0.644616732479881,0.143329905,0.175203793,0.366154661,0.0,670.0
0.6966705887441295,0.256478231,0.188101732,0.382990867,0.0,670.0
0.7463524780606973,0.347287657,0.215756437,0.408979376,0.0,670.0
0.7598874735436706,0.447543456,0.211865106,0.371877557,0.0,670.0
0.7593449468470641,0.490519823,0.239559309,0.387032497,0.0,670.0
0.7580559762271116,0.546792636,0.252940471,0.408426285,0.0,670.0
0.7555908156975315,0.523404948,0.252276041,0.424507659,0.0,670.0
0.7547573493887404,0.505512524,0.261007654,0.453028062,0.0,670.0
0.7605807915207989,0.4587782,0.271853826,0.491867963,0.0,670.0
0.7794837248246694,0.386531737,0.270363458,0.522737936,0.0,670.0
0.7837404042380585,0.304600384,0.284946309,0.540249634,0.0,670.0
0.7864152952994945,0.227907558,0.278517217,0.557624241,0.0,670.0
0.7797489065168286,0.135806202,0.27999175,0.562302673,0.0,670.0
0.7464429439357074,0.011917133,0.29074913999999996,0.56050445,0.0,670.0
0.6966087875766545,0.0,0.2850141595,0.548146777,0.0,670.0
0.6337984848133367,0.0,0.2970230775,0.5801197925,0.0,670.0
0.6145616820080804,0.0,0.312403037,0.585671652,0.0,670.0
0.6150004167079185,0.0,0.314458296,0.582405923,0.0,670.0
0.6258571671802009,0.0,0.321411528,0.599318394,0.0,670.0
0.6813243089780098,0.0,0.32708726,0.60506467,0.0,670.0
0.7595660358405522,0.07586608,0.334052286,0.612976865,0.0,670.0
0.816881399627399,0.159735714,0.346653051,0.621490727,0.0,670.0
0.8584203796355553,0.272229519,0.357864923,0.623827527,0.0,670.0
0.8774431588997929,0.384400294,0.354620478,0.610450875,0.0,670.0
0.8784345714818853,0.478829582,0.337750506,0.589382789,0.0,670.0
0.8708797125268218,0.570050081,0.3366548455,0.5746760975,0.0,670.0
0.8665271563586342,0.558596795,0.320403059,0.543609198,0.0,670.0
0.8630614605265804,0.512367139,0.30464267,0.526683315,0.0,670.0
0.8633584818623851,0.462176501,0.290124603,0.529551388,0.0,670.0
0.8714369963707326,0.427116296,0.282063213,0.537815522,0.0,670.0
0.8716980639319222,0.341317702,0.279445588,0.536635226,0.0,670.0
0.8703591873081822,0.258957841,0.260892894,0.515675234,0.0,670.0
0.8598733781174774,0.139665032,0.24514567,0.488008616,0.0,670.0
0.8344857926316177,0.026931679,0.240200189,0.459760019,0.0,670.0
0.7924869260327299,0.0,0.236857703,0.447135556,0.0,670.0
0.7559307668550614,0.0,0.246302184,0.424576387,0.0,670.0
0.6571965821078705,0.0,0.27540343850000004,0.457289798,0.0,517.5
0.6100868650576544,0.0,0.329112439,0.518315015,0.0,365.0
0.606018540738093,0.0,0.362407055,0.527592606,0.0,365.0
0.609857905491138,0.0,0.384224098,0.529348418,0.0,365.0
0.6449269905320849,0.001620731,0.403896338,0.527711644,0.0,365.0
0.7023051392827319,0.09473738,0.421219609,0.531529554,0.0,365.0
0.7582205409260883,0.201987201,0.42058611,0.541111746,0.0,365.0
0.803928462314464,0.320925649,0.467553005,0.569604773,0.0,365.0
0.8192672293314176,0.41482932,0.572173917,0.606676493,0.0,365.0
0.8202695532808726,0.470148488,0.644891619,0.626568194,0.0,365.0
0.8167916940015791,0.469147348,0.706503365,0.683734894,0.0,365.0
0.8149796047328253,0.425251016,0.762033461,0.743196998,0.0,365.0
0.8129733468627002,0.391168606,0.7862906,0.785472575,0.0,365.0
0.8103934383000477,0.322030392,0.796287209,0.815927813,0.0,365.0
0.8069743393264193,0.233495141,0.783258911,0.839301399,0.0,365.0
0.8102359391210159,0.169450652,0.754006101,0.842079293,0.0,365.0
0.8128467931387746,0.116632702,0.709876862,0.835977417,0.0,365.0
0.8133010452351074,0.069860003,0.666684274,0.835072204,0.0,365.0
0.8084794798232828,0.033974937,0.642953378,0.833428429,0.0,365.0
0.7797792704659863,0.0015486965,0.6317213850000001,0.8430995455,0.0,365.0
0.7030292014348267,0.0,0.623394258,0.8682216215,0.0,365.0
0.6095291563864691,0.0,0.6518238975,0.86920023,0.0,365.0
0.5834540438941265,0.0,0.6559953734999999,0.833826555,0.0,365.0
0.5880891324668905,0.0,0.633785315,0.81785382,0.0,365.0
0.6088833518582518,0.0,0.594870161,0.828803875,0.0,365.0
0.6699477488673367,0.02994263,0.569715102,0.842059433,0.0,365.0
0.7427853603848048,0.080186905,0.56690217,0.832350875,0.0,365.0
0.7964504298227805,0.16282027,0.613984531,0.822617888,0.0,365.0
0.8210979216623691,0.256581866,0.610811473,0.813941913,0.0,365.0
0.8246654865674824,0.338653897,0.587776823,0.786828974,0.0,365.0
0.8235250713518494,0.437551432,0.564803838,0.760837117,0.0,365.0
0.8225714013263046,0.521886112,0.569018827,0.718335257,0.0,365.0
0.8172897703780795,0.582894275,0.589637887,0.703727992,0.0,365.0
0.8112191234411693,0.619436938,0.617887349,0.720087842,0.0,365.0
0.8089454481376341,0.575152657,0.65016919,0.735011972,0.0,365.0
0.8102359391210159,0.549658898,0.667270704,0.744023688,0.0,365.0
0.8110559899026902,0.424473768,0.660454399,0.739950745,0.0,365.0
0.8113672317512192,0.282479053,0.618637828,0.702161471,0.0,365.0
0.8068540461368312,0.152188664,0.574939917,0.66439979,0.0,365.0
0.7943222690617548,0.024890109,0.511792951,0.643633046,0.0,365.0
0.7662330506631567,0.0,0.469948466,0.614373677,0.0,365.0
0.7363960484579857,0.0,0.441835382,0.587423432,0.0,365.0
0.6546188646175274,0.0,0.4380747545,0.5820823505,0.0,365.0
0.6014075107087806,0.0,0.42294220800000004,0.5830224445000001,0.0,365.0
0.5965717247842314,0.0,0.393397276,0.509803756,0.0,365.0
0.6005082185743793,0.0,0.365547873,0.456734618,0.0,365.0
0.6306696100065956,0.00224161,0.347960071,0.411871171,0.0,365.0
0.686120384753361,0.065859485,0.34803963,0.375366895,0.0,365.0
0.7457341979674432,0.11369038,0.342465991,0.333683925,0.0,365.0
0.7953051850983562,0.205354743,0.38561193,0.337340742,0.0,365.0
0.8176946530377289,0.318417391,0.447191703,0.357182474,0.0,365.0
0.818922001300924,0.387095465,0.519496321,0.373138546,0.0,365.0
0.8129477678208679,0.299426175,0.5508235859999999,0.3987243595,0.0,365.0
0.8061966819343178,0.265591851,0.559277162,0.467075586,0.0,365.0
0.800819531920205,0.245583891,0.533597408,0.497749347,0.0,365.0
0.7964295910193321,0.185043774,0.534627006,0.540629408,0.0,365.0
0.7930544057987057,0.143950927,0.491029914,0.571160926,0.0,365.0
0.7942934702799194,0.104125263,0.457778124,0.581664286,0.0,365.0
0.7956581046887334,0.062806032,0.400142289,0.577522756,0.0,365.0
0.799823736923591,0.027463495,0.359790025,0.551081183,0.0,365.0
0.7805949834346047,0.00297296,0.33482174249999996,0.5205293555,0.0,365.0
0.7047636815890638,0.0,0.316694674,0.4845773275,0.0,365.0
0.609051248104537,0.0,0.30631035650000005,0.422502076,0.0,365.0
0.5827243248456864,0.0,0.2968872605,0.355880735,0.0,365.0
0.5867610778726301,0.0,0.294404487,0.314928326,0.0,365.0
0.6060390665890478,0.001437117,0.294517492,0.287528236,0.0,365.0
0.6658524591493383,0.034275431,0.289167416,0.272683443,0.0,365.0
0.7339179193606068,0.083135062,0.273878239,0.254834048,0.0,365.0
0.7856980080493219,0.139058267,0.26366988,0.244026628,0.0,365.0
0.8061247742501365,0.215587088,0.266170354,0.231230683,0.0,365.0
0.8065105174154358,0.279360219,0.258645592,0.218372278,0.0,365.0
0.8034392401723657,0.332505,0.27725544599999996,0.23533947449999998,0.0,365.0
0.7989654070182649,0.347742119,0.305647487,0.253726245,0.0,365.0
0.7920908082021236,0.323218592,0.322421001,0.268731325,0.0,365.0
0.7876624090969783,0.317545596,0.336229407,0.273985114,0.0,365.0
0.7847969271329879,0.278798917,0.32867231,0.275312471,0.0,365.0
0.7841081703810988,0.201125439,0.300695854,0.280869553,0.0,365.0
0.782821167488748,0.137371465,0.275137654,0.277027201,0.0,365.0
0.7839491508386378,0.065608862,0.258391942,0.277919662,0.0,365.0
0.7775700346989323,0.008219375,0.248875723,0.278380815,0.0,365.0
0.699091053004522,0.0,0.21710463600000002,0.27389481299999996,0.0,365.0
0.5891866623947882,0.0,0.2276194365,0.28655048250000004,0.0,365.0
0.5510824329435148,0.0,0.25923709899999997,0.31162778966666665,0.0,365.0
0.5513244054993605,0.002404081,0.287145779,0.316239977,0.0,365.0
0.5493993568445155,0.068381619,0.300259921,0.320577418,0.0,365.0
0.5754914400933696,0.136703866,0.308715026,0.325814749,0.0,365.0
0.6246329492516502,0.252768948,0.341155258,0.3365125,0.0,365.0
0.6728117104678978,0.345348983,0.370971197,0.34868376,0.0,365.0
0.6821839356321546,0.455956279,0.373836319,0.338726096,0.0,365.0
0.6822134275922924,0.5534244655,0.42194452849999997,0.36236204650000003,0.0,365.0
0.6775633805920842,0.593861994,0.437586937,0.383650809,0.0,365.0
0.6710788178829293,0.578568874,0.433811558,0.385353871,0.0,365.0
0.6701166959808349,0.527000893,0.409579572,0.378951089,0.0,365.0
0.6692552357408644,0.444962751,0.380647863,0.372190209,0.0,365.0
0.6725442928995363,0.361534927,0.346744842,0.379935797,0.0,365.0
0.6739762289633996,0.23792544,0.302223682,0.389991868,0.0,365.0
0.6759434920621484,0.145769379,0.284299372,0.404214889,0.0,365.0
0.6811237457680008,0.0165489135,0.261060727,0.388218474,0.0,365.0
0.6671734929600711,0.0,0.194292166,0.327670413,0.0,365.0
0.6086242966936056,0.0,0.136910901,0.250563885,0.0,365.0
0.5610689806362703,0.0,0.0955182995,0.1751713375,0.0,365.0
0.5502628741499707,0.0,0.071465626,0.127560916,0.0,365.0
0.5494710409140863,0.0,0.062832897,0.120837175,0.0,365.0
0.5501557282039474,0.003159017,0.060835607,0.12618537,0.0,365.0
0.5474686288913787,0.088685222,0.064580139,0.141443641,0.0,365.0
0.5758554499967784,0.173573292,0.060113855,0.146756553,0.0,365.0
0.6233470196284591,0.304015485,0.061303438,0.15037323,0.0,365.0
0.6710168377697854,0.433615638,0.094160271,0.15938296,0.0,365.0
0.6816839363319455,0.571274621,0.129272079,0.161810191,0.0,365.0
0.6816599671938527,0.670509386,0.184602668,0.180154322,0.0,365.0
0.6799266049777167,0.6979749925000001,0.24897048700000002,0.201208314,0.0,365.0
0.6723285254479535,0.714854376,0.290616583,0.216927606,0.0,365.0
0.6710747037519599,0.630323281,0.298793019,0.224833592,0.0,365.0
0.6707711982672073,0.530824614,0.276817409,0.233236192,0.0,365.0
0.673008517235848,0.404935029,0.246072404,0.242046234,0.0,365.0
0.6728323257916872,0.273414688,0.22332831,0.252548387,0.0,365.0
0.6746943210642284,0.147156267,0.214725312,0.251396409,0.0,365.0
0.6768466523109622,0.015585338,0.180661346,0.21854464299999998,0.0,365.0
0.6726745583291033,0.0,0.118495569,0.162214803,0.0,365.0
0.6733517776736914,0.0,0.084757976,0.136081982,0.0,365.0
0.6251064303151677,0.0,0.061103467,0.113296578,0.0,365.0
0.5877345582363567,0.0,0.043466651499999995,0.0883782635,0.0,365.0
0.5818947937221958,0.0,0.040495968,0.078954453,0.0,365.0
0.5865610066282594,0.0,0.046187595,0.080649854,0.0,365.0
0.6052961555606258,0.003811581,0.057153448,0.091053525,0.0,365.0
0.6660725643465013,0.071136162,0.071898426,0.10668208,0.0,365.0
0.7319733286511321,0.17501133,0.081810669,0.120854724,0.0,365.0
0.7768462185633945,0.293337452,0.092553839,0.129212928,0.0,365.0
0.797095541240171,0.408954284,0.121668062,0.134898957,0.0,365.0
0.7997203473521507,0.519210193,0.122406249,0.123221853,0.0,365.0
0.7999751542440514,0.6357747715,0.1766757615,0.144249774,0.0,365.0
0.7984954139108269,0.708379372,0.215576773,0.162615183,0.0,365.0
0.7919902806817757,0.710500785,0.21652628,0.167491156,0.0,365.0
0.7871169310113963,0.675805145,0.215718454,0.174673821,0.0,365.0
0.7837052553140996,0.584807569,0.194334763,0.183538776,0.0,365.0
0.783360653458496,0.442932279,0.178783081,0.190107188,0.0,365.0
0.7796016926652207,0.28777629,0.165328937,0.197919696,0.0,365.0
0.7789912830775193,0.155977225,0.170408757,0.212072284,0.0,365.0
0.7736816581981149,0.0197819245,0.200715278,0.23519232299999998,0.0,365.0
0.7423724730778268,0.0,0.234851408,0.251006648,0.0,365.0
0.648882623816583,0.0,0.25889080600000003,0.26938704,0.0,365.0
0.5872380470271785,0.0,0.27210377750000003,0.29626083049999996,0.0,365.0
0.5821943640216476,0.0,0.271636004,0.314253353,0.0,365.0
0.5872795459583092,0.0,0.274307679,0.325330417,0.0,365.0
0.6063005365755655,0.00497602,0.279079389,0.34354558,0.0,365.0
0.665025521793388,0.081312898,0.273931,0.357319545,0.0,365.0
0.7318465513125961,0.165073269,0.260428905,0.371414519,0.0,365.0
0.7766729785082092,0.291062689,0.27857314,0.374732163,0.0,365.0
0.7982703897320383,0.404533235,0.320457548,0.383118028,0.0,365.0
0.8007722195490065,0.531619012,0.334162541,0.369303341,0.0,365.0
0.8006735702834258,0.59876615,0.375611181,0.407212699,0.0,365.0
0.7998653251926047,0.650364173,0.406298606,0.445098562,0.0,365.0
0.7959184567371499,0.608437406,0.44467852,0.485807617,0.0,365.0
0.7894617090135053,0.524763537,0.465232994,0.523832315,0.0,365.0
0.7856853080349782,0.464240909,0.460900525,0.536198205,0.0,365.0
0.7835711888410081,0.412933578,0.465859732,0.539548357,0.0,365.0
0.7839024646423294,0.335567614,0.440771712,0.529132949,0.0,365.0
0.7839015703188388,0.240543213,0.397653504,0.514438944,0.0,365.0
0.785423346150298,0.131569741,0.335785583,0.498615961,0.0,365.0
0.7870030773018146,0.048266798,0.288438708,0.468882094,0.0,365.0
0.7696483037893677,0.0,0.262367624,0.446506274,0.0,365.0
0.7375368659639954,0.0,0.241713025,0.406285674,0.0,365.0
0.6737587173988255,0.0,0.253234301,0.378638471,0.0,365.0
0.6093525177130872,0.0,0.2751912085,0.37577713150000003,0.0,365.0
0.5844465296779028,0.0,0.305312098,0.393809419,0.0,365.0
0.5840274265055289,0.0,0.33068907,0.376821279,0.0,365.0
0.5881029952232285,0.0,0.359387206,0.367825354,0.0,365.0
0.608324234495991,0.005471628,0.380265131,0.363671548,0.0,365.0
0.6657971869347041,0.068319154,0.401789518,0.365464813,0.0,365.0
0.73363279318849,0.131423753,0.418906021,0.380071643,0.0,365.0
0.7870230217817725,0.208566157,0.47216201,0.424761763,0.0,365.0
0.8053565971998513,0.29261297,0.536591908,0.466197942,0.0,365.0
0.8073219821787844,0.330810679,0.591540779,0.483546009,0.0,365.0
0.8057460967397336,0.337414999,0.622479108,0.528581053,0.0,365.0
0.8047357234740086,0.314737316,0.647071919,0.566031109,0.0,365.0
0.8010729077865595,0.3231671,0.659345966,0.596165272,0.0,365.0
0.7961303336723736,0.301246379,0.644145308,0.619528083,0.0,365.0
0.7928871579943056,0.274237829,0.629573395,0.641268578,0.0,365.0
0.7911823040094581,0.247461167,0.613488062,0.64821324,0.0,365.0
0.7939484210601432,0.198712695,0.599327698,0.635554601,0.0,365.0
0.7945298530552916,0.12530149,0.570818578,0.620602786,0.0,365.0
0.7998088903709278,0.068991028,0.540953553,0.598652853,0.0,365.0
0.7923456150940243,0.037784057,0.510918898,0.592982147,0.0,365.0
0.7675157606138205,0.0,0.490603254,0.600578293,0.0,365.0
0.733380937820516,0.0,0.5022686,0.63318768,0.0,365.0
0.6492789653292754,0.0,0.4805970665,0.6267240095,0.0,365.0
0.5883617374353811,0.0,0.4903381455,0.653760581,0.0,365.0
0.5837015169150545,0.0,0.493219632,0.66370748,0.0,365.0
0.5884945070247026,0.0,0.484821846,0.647995348,0.0,365.0
0.6081698657865553,0.005460021,0.470440028,0.646713053,0.0,365.0
0.6698521851325074,0.11809031,0.457806865,0.646797685,0.0,365.0
0.7378675605292709,0.244517981,0.480203342,0.640027099,0.0,365.0
0.7928347476958124,0.382639889,0.540607553,0.654106149,0.0,365.0
0.8159669031839482,0.510811755,0.532085845,0.642761427,0.0,365.0
0.8161659011591592,0.61329005,0.421315922,0.543841376,0.0,365.0
0.8093656246466434,0.6528033790000001,0.41448211749999997,0.4940700565,0.0,365.0
0.8045988842877076,0.644823187,0.412088194,0.447343759,0.0,365.0
0.7981179884803014,0.570556039,0.407379128,0.418713764,0.0,365.0
0.7933360438797916,0.520466501,0.378390743,0.387475784,0.0,365.0
0.7908451252952345,0.443682346,0.359917154,0.364243078,0.0,365.0
0.7912819370713639,0.353321416,0.328243566,0.348465484,0.0,365.0
0.7911220232054123,0.247793774,0.292534493,0.339532511,0.0,365.0
0.7915882599382671,0.136658669,0.277762329,0.344756297,0.0,365.0
0.7923863090395474,0.058418056,0.310648735,0.362016732,0.0,365.0
0.7661037243609734,0.0,0.363984686,0.39181519,0.0,365.0
0.7323050068777814,0.0,0.424542491,0.475150444,0.0,365.0
0.6734412150159593,0.0,0.460072506,0.503493675,0.0,365.0
0.6262400482944077,0.0,0.49174578,0.53985421,0.0,365.0
0.5952102652440519,0.0,0.521800464,0.582493843,0.0,365.0
0.5853320485288006,0.0,0.554519017,0.624269107,0.0,365.0
0.5869148205421274,0.0,0.58814871,0.666403429,0.0,365.0
0.5897371490697817,0.0,0.619561341,0.705372072,0.0,365.0
0.6082022419973048,0.00752158,0.658253938,0.750454505,0.0,365.0
0.6670580741506429,0.054423906,0.69699161,0.782743563,0.0,365.0
0.7347098867382673,0.127774253,0.693513285,0.808334119,0.0,365.0
0.7908998609427645,0.205598302,0.742935195,0.832611458,0.0,365.0
0.8126672924143002,0.270654529,0.792911636,0.840295078,0.0,365.0
0.8141383572563645,0.323784948,0.795981749,0.818045391,0.0,365.0
0.8081404229892434,0.348102498,0.792125017,0.811943222,0.0,365.0
0.8072692141239045,0.352658968,0.792227243,0.803759661,0.0,365.0
0.8046091696151316,0.322885593,0.767633295,0.790297111,0.0,365.0
0.7999177354910979,0.300768768,0.724118308,0.777790729,0.0,365.0
0.7961237153816498,0.304093821,0.681871226,0.736725193,0.0,365.0
0.7942795180507469,0.277290946,0.644435413,0.672367754,0.0,365.0
0.7939484210601432,0.20902788,0.594531589,0.611351898,0.0,365.0
0.7936178607715951,0.157844161,0.530917055,0.552912711,0.0,365.0
0.7946428124413827,0.083537399,0.431413158,0.49623507,0.0,365.0
0.7919569205397496,0.04046974,0.341624035,0.450887227,0.0,365.0
0.7686888203237551,0.0,0.277249139,0.428573437,0.0,365.0
0.7345501964869262,0.0,0.213833364,0.394650041,0.0,365.0
0.659295452188898,0.0,0.194799675,0.375800518,0.0,365.0
0.6088171236073137,0.0,0.170030859,0.335621498,0.0,365.0
0.5636642501191707,0.0,0.1254705585,0.2705091045,0.0,365.0
0.5549042457264944,0.0,0.079646389,0.168344655,0.0,365.0
0.5576967691390903,0.006527152,0.066767383,0.12142293,0.0,365.0
0.5580788454026411,0.107336623,0.056582598,0.110916992,0.0,365.0
0.5778795056735906,0.233196299,0.0406851,0.092511148,0.0,365.0
0.6348853717248996,0.370048834,0.039143898,0.079304334,0.0,365.0
0.6907230075750653,0.494707835,0.059706123,0.081591569,0.0,365.0
0.7006656640292249,0.55880437,0.055659644,0.065244449,0.0,365.0
0.6983544249798596,0.619172618,0.083638786,0.072232999,0.0,365.0
0.6952140126983417,0.595336682,0.1085488745,0.09262785700000001,0.0,365.0
0.6902144670604234,0.533654695,0.094359911,0.09721437,0.0,365.0
0.6907042257021502,0.49220957,0.083269594,0.102991244,0.0,365.0
0.6946286455178928,0.412242347,0.080981708,0.123662114,0.0,365.0
0.7088270421231064,0.315549749,0.084556188,0.155965809,0.0,365.0
0.7110972741395036,0.203656612,0.086544167,0.183980866,0.0,365.0
0.7114048490862841,0.10194957,0.084188957,0.178564868,0.0,365.0
0.702144331025814,0.0234018295,0.080331643,0.162139061,0.0,365.0
0.6682638455607184,0.0,0.0932020575,0.136597808,0.0,365.0
0.5785730622449442,0.0,0.092929125,0.16055188366666664,0.0,365.0
0.5530402156554634,0.0,0.1175861015,0.16785259,0.0,365.0
0.5564243893197435,0.003551308,0.112993823,0.174436584,0.0,365.0
0.5559014046777667,0.07682069,0.103577864,0.174693225,0.0,365.0
0.5778795056735906,0.176373525,0.083305632,0.152255188,0.0,365.0
0.6356535041062432,0.301621816,0.095072633,0.139473097,0.0,365.0
0.6910817406055104,0.40565073,0.114601171,0.138935447,0.0,365.0
0.6980178724405262,0.504174369,0.098556621,0.126583079,0.0,365.0
0.6935252574135102,0.548346533,0.115659389,0.1216431905,0.0,365.0
0.6871645653903332,0.546378046,0.143132529,0.149536191,0.0,365.0
0.679892283441312,0.504818851,0.163296075,0.177781349,0.0,365.0
0.6770933874846463,0.475890108,0.183652482,0.21347515,0.0,365.0
0.676812554389168,0.429336162,0.189875364,0.237665469,0.0,365.0
0.6801767387695973,0.36645748,0.207458514,0.256390705,0.0,365.0
0.681966111115087,0.276021045,0.196086974,0.258189067,0.0,365.0
0.6879427593495387,0.153460474,0.19095258,0.255420284,0.0,365.0
0.6982176305974517,0.0336308875,0.205227312,0.2535104835,0.0,365.0
0.6760151313278264,0.0,0.242593919,0.27699355449999996,0.0,365.0
0.625489400902209,0.0,0.255664424,0.33062515,0.0,365.0
0.5891359514728689,0.0,0.252701408,0.39197267449999995,0.0,365.0
0.5840274265055289,0.0,0.24251595,0.431663039,0.0,365.0
0.5881012959141302,0.0,0.228685502,0.432723938,0.0,365.0
0.6086088687699454,0.015125964,0.205054521,0.423833286,0.0,365.0
0.6667504992038624,0.117432046,0.179049134,0.412207263,0.0,365.0
0.7335020358607605,0.221897484,0.135380502,0.394313359,0.0,365.0
0.7855928298309004,0.341019047,0.119193518,0.385773166,0.0,365.0
0.8040955311731951,0.476639501,0.126396936,0.375065578,0.0,365.0
0.8046621164807289,0.564821045,0.118162997,0.335228529,0.0,365.0
0.8022124286112262,0.646490643,0.1318210775,0.3363727865,0.0,365.0
0.7975796653874989,0.652152436,0.136369569,0.344689285,0.0,365.0
0.7914828133013421,0.615207793,0.137488646,0.349509775,0.0,365.0
0.7867998757227996,0.56301152,0.135945726,0.353466709,0.0,365.0
0.7838327034964673,0.467899252,0.136042326,0.365029434,0.0,365.0
0.7834443666985791,0.362884613,0.131820026,0.370664853,0.0,365.0
0.7823012685124742,0.23929956,0.127207985,0.36195131,0.0,365.0
0.7836819122159453,0.135164977,0.13382204,0.351183029,0.0,365.0
0.7845633169358737,0.050193029,0.13552098,0.336627676,0.0,365.0
0.769206304613109,0.0,0.132900505,0.315141161,0.0,365.0
0.7395666010740507,0.0,0.125345875,0.307565234,0.0,365.0
0.6494891430228766,0.0,0.1291071405,0.3066415205,0.0,365.0
0.5873736563331214,0.0,0.1324423385,0.3281029735,0.0,365.0
0.5823283858257977,0.0,0.140721983,0.3356622,0.0,365.0
0.5865334599263011,0.0,0.149564456,0.337309529,0.0,365.0
0.6050066469739873,0.016372855,0.157117363,0.340445318,0.0,365.0
0.6659694431935644,0.112671933,0.150676584,0.342202478,0.0,365.0
0.7323390825325807,0.175071664,0.132434118,0.329880956,0.0,365.0
0.7793241687151043,0.290739707,0.149856115,0.317500271,0.0,365.0
0.8000746979680742,0.390757208,0.177581362,0.309628265,0.0,365.0
0.8012838903982926,0.472801943,0.167567072,0.265098703,0.0,365.0
0.8004346831458722,0.5144502655000001,0.203255783,0.2619415125,0.0,365.0
0.7962768320112085,0.488150928,0.242811792,0.297474754,0.0,365.0
0.7896634795669744,0.453876282,0.296668008,0.340454887,0.0,365.0
0.7853581462296749,0.394086068,0.361254519,0.377878864,0.0,365.0
0.7827844088634769,0.307736639,0.410853302,0.426955736,0.0,365.0
0.7827934419760721,0.22982832,0.455673993,0.497502104,0.0,365.0
0.7823012685124742,0.158297566,0.486355943,0.585300775,0.0,365.0
0.7836681389324419,0.084314413,0.511864138,0.660346795,0.0,365.0
0.776925594192849,0.014509364,0.518889021,0.721387862,0.0,365.0
0.7379272598273682,0.0,0.426880235,0.679293041,0.0,365.0
0.6495276904975562,0.0,0.4392595625,0.7017544760000001,0.0,365.0
0.5874129416550449,0.0,0.45976291199999997,0.7323545825,0.0,365.0
0.5823885771570091,0.0,0.470557853,0.741957463,0.0,365.0
0.5867595573742495,0.0,0.470618101,0.742876838,0.0,365.0
0.6051297127418332,0.012552263,0.466226195,0.745060214,0.0,365.0
0.6659670283716932,0.08304487,0.449269784,0.737095495,0.0,365.0
0.7339742648444006,0.144598662,0.46924622,0.718740941,0.0,365.0
0.7875744922530912,0.25468205,0.476607847,0.698780515,0.0,365.0
0.8122660766563994,0.34998126,0.439273501,0.661526436,0.0,365.0
0.8148461641647209,0.438849143,0.351374933,0.582094765,0.0,365.0
0.8109195084727759,0.543078699,0.337500589,0.536970426,0.0,365.0
0.8086672981475792,0.579592931,0.323528363,0.512039867,0.0,365.0
0.8056672130084418,0.60783985,0.311815957,0.509084059,0.0,365.0
0.8015572108795564,0.597177833,0.305746764,0.51812214,0.0,365.0
0.7992775431902844,0.570784264,0.30695928,0.538243042,0.0,365.0
0.8027179283315338,0.498326596,0.30591387,0.562453938,0.0,365.0
0.8073372759606685,0.391233009,0.298943923,0.565854159,0.0,365.0
0.8072594654985362,0.288614259,0.289452934,0.55990679,0.0,365.0
0.8046363585607034,0.178195862,0.27500573,0.556863683,0.0,365.0
0.7939326801839895,0.093784859,0.283641458,0.569700445,0.0,365.0
0.7656824746502802,0.0,0.287171151,0.573035549,0.0,365.0
0.733749330003495,0.0,0.219289497,0.502458625,0.0,365.0
0.6506676360820217,0.0,0.20801915250000003,0.48008981500000003,0.0,365.0
0.5968776897597967,0.0,0.1875135395,0.43783517699999996,0.0,365.0
0.5958183048137748,0.0,0.173951546,0.412896201,0.0,365.0
0.6005082185743793,0.0,0.165439245,0.394241346,0.0,365.0
0.6299100188396848,0.017552935,0.163415705,0.390985316,0.0,365.0
0.6809848049147494,0.104051525,0.151503614,0.381540825,0.0,365.0
0.7411923030440543,0.174350556,0.138919807,0.369209558,0.0,365.0
0.7936347643897429,0.300176628,0.124809192,0.344482875,0.0,365.0
0.8158394550015806,0.411385231,0.129319201,0.326589228,0.0,365.0
0.8161362079188816,0.539299919,0.087026615,0.233876466,0.0,365.0
0.8089061852176572,0.644394382,0.092448334,0.22039352899999998,0.0,365.0
0.8028232853606728,0.649937471,0.095782481,0.214858863,0.0,365.0
0.7966227755544751,0.600705769,0.094174035,0.219304842,0.0,365.0
0.7922576981151856,0.550804332,0.099087121,0.227021474,0.0,365.0
0.7902263979727595,0.446928758,0.108737972,0.22953774,0.0,365.0
0.7919729298344068,0.347809535,0.111363648,0.237764888,0.0,365.0
0.7945298530552916,0.243820183,0.107677819,0.243731234,0.0,365.0
0.8008041486654864,0.163738749,0.111397625,0.245446448,0.0,365.0
0.7940892849045792,0.074223764,0.119965469,0.245776739,0.0,365.0
0.765753845632406,0.0,0.127535981,0.243625816,0.0,365.0
0.7345297153049128,0.0,0.116992719,0.2173131,0.0,365.0
0.6532267729121138,0.0,0.1055728485,0.2001695735,0.0,365.0
0.6013198397464989,0.0,0.09307186149999999,0.20172108049999998,0.0,365.0
0.5960221324327286,0.0,0.09035753,0.199551972,0.0,365.0
0.599600698178039,0.0,0.090183662,0.190786707,0.0,365.0
0.6299100188396848,0.022688477,0.087696976,0.174559789,0.0,365.0
0.6796867118443186,0.101184161,0.084833182,0.156422327,0.0,365.0
0.7377139071976567,0.166428632,0.073571548,0.13966334,0.0,365.0
0.7911002004706872,0.278593708,0.077744025,0.124307658,0.0,365.0
0.8124905642680839,0.4182482,0.084443698,0.114065905,0.0,365.0
0.8088858829813129,0.511227872,0.082751338,0.092067626,0.0,365.0
0.8042999401631459,0.5964647905,0.081209315,0.08386154600000001,0.0,365.0
0.7990230940547703,0.57962974,0.087426937,0.084368047,0.0,365.0
0.7924498989889552,0.519688178,0.088503925,0.09008903,0.0,365.0
0.7876624090969783,0.460252711,0.091158946,0.096785073,0.0,365.0
0.785018195072145,0.342831368,0.088912346,0.102950057,0.0,365.0
0.7847833326602021,0.277625549,0.086390753,0.105415377,0.0,365.0
0.7847633881802444,0.19663478,0.078799106,0.100698756,0.0,365.0
0.7856904953001559,0.129183296,0.071310452,0.093156019,0.0,365.0
0.7869297387270385,0.067248293,0.067739875,0.087230408,0.0,365.0
0.7691428936093703,0.001035666,0.06540751,0.079939451,0.0,365.0
0.7358778486558586,0.0,0.07270081,0.088468263,0.0,365.0
0.6596036531756171,0.0,0.076046855,0.085519723,0.0,365.0
0.6101760340488945,0.0,0.077931556,0.082709386,0.0,365.0
0.5651393620213165,0.0,0.0917419835,0.086171233,0.0,365.0
0.5552071922421963,0.0,0.107404129,0.097623186,0.0,365.0
0.5540642728668089,0.0,0.11621101,0.114066444,0.0,365.0
0.5534294467768422,0.028224251,0.127311988,0.135855809,0.0,365.0
0.5516780407374622,0.15693143,0.135389178,0.150916321,0.0,365.0
0.5758070643564203,0.264542311,0.129598857,0.155649398,0.0,365.0
0.6246329492516502,0.4127527,0.153552124,0.164168315,0.0,365.0
0.6732956110006151,0.566974393,0.209291891,0.180489864,0.0,365.0
0.6827212302596903,0.700038683,0.254822043,0.195685355,0.0,365.0
0.6826514692487796,0.774946574,0.309161064,0.225211334,0.0,365.0
0.6823041393489081,0.7787725,0.362286686,0.261239824,0.0,365.0
0.6783907651772556,0.782973894,0.406649015,0.29102173,0.0,365.0
0.6719392941916233,0.755135447,0.440200025,0.309495348,0.0,365.0
0.6705932627100554,0.678315139,0.464064498,0.322087735,0.0,365.0
0.6706684794046472,0.558975174,0.46165428,0.326989029,0.0,365.0
0.6741186578402063,0.423176026,0.445710646,0.332555528,0.0,365.0
0.6749276631127421,0.291167278,0.429659946,0.343453404,0.0,365.0
0.6797525376699286,0.141006108,0.457449941,0.36438244,0.0,365.0
0.6865166367257431,0.052884669,0.476370926,0.382937993,0.0,365.0
0.6921079890241166,0.0,0.486107527,0.394331583,0.0,365.0
0.6777187332327967,0.0,0.503962847,0.419659679,0.0,365.0
0.6590612158168936,0.0,0.503601562,0.42522017,0.0,365.0
0.5888837158790863,0.0,0.4991388215,0.4328905805,0.0,365.0
0.5515826781478212,0.0,0.483175679,0.42724253700000003,0.0,365.0
0.5500933456654754,0.0,0.474678286,0.427402028,0.0,365.0
0.5513244054993605,0.016036668,0.466715044,0.423557977,0.0,365.0
0.5479900931699262,0.080784006,0.455364478,0.422650136,0.0,365.0
0.5757868515929104,0.155595534,0.435358737,0.41951528,0.0,365.0
0.6264500471098158,0.257466548,0.435653114,0.422504203,0.0,365.0
0.676461602391441,0.345281391,0.460760078,0.4371653,0.0,365.0
0.6852099129680451,0.422294945,0.447227097,0.414018876,0.0,365.0
0.6833425960186472,0.461893505,0.474776128,0.42474421,0.0,365.0
0.6823725142731171,0.497222977,0.482146571,0.417721258,0.0,365.0
0.6787563849169281,0.480069715,0.465329549,0.412090291,0.0,365.0
0.6728511970024853,0.451093607,0.43244487,0.408131697,0.0,365.0
0.6715401354992071,0.391930631,0.393741568,0.400824413,0.0,365.0
0.6714803019243824,0.337091761,0.356121974,0.382451232,0.0,365.0
0.6745204549691044,0.237704565,0.322431418,0.363740518,0.0,365.0
0.6760898562592071,0.143905336,0.300793169,0.345411362,0.0,365.0
0.6811940435484428,0.084002396,0.279816528,0.332427357,0.0,365.0
0.6863935933598437,0.013407841,0.250532756,0.3328149375,0.0,365.0
0.677449437409668,0.0,0.211929942,0.277907382,0.0,365.0
0.6495926890705638,0.0,0.1770633255,0.2633185065,0.0,365.0
0.5877438821019261,0.0,0.1653198985,0.24656370900000002,0.0,365.0
0.5831558150799104,0.0,0.157430999,0.237160966,0.0,365.0
0.5869901268445052,0.0,0.157162155,0.237916116,0.0,365.0
0.605432279099202,0.023628774,0.164287261,0.24060515,0.0,365.0
0.6654621099549068,0.084908758,0.167989677,0.238050027,0.0,365.0
0.7323390825325807,0.162880496,0.16514647,0.22390641,0.0,365.0
0.7789202698517801,0.259628519,0.173039416,0.203887972,0.0,365.0
0.7996119493262502,0.356885321,0.186898148,0.200666118,0.0,365.0
0.8011424006488697,0.446005017,0.177606205,0.199676969,0.0,365.0
0.8005461220335824,0.5047538565,0.20423444899999998,0.212997347,0.0,365.0
0.796588610561793,0.496686855,0.232299912,0.238947002,0.0,365.0
0.7898200842875639,0.46735926,0.239257925,0.292574805,0.0,365.0
0.786017925389011,0.402782911,0.243995085,0.376642543,0.0,365.0
0.7829394036128513,0.310645286,0.266385542,0.45149602,0.0,365.0
0.7831130014244233,0.236420138,0.295944984,0.489237762,0.0,365.0
0.7825643035313624,0.15448828,0.325109633,0.515918201,0.0,365.0
0.7837974652346253,0.092798324,0.344889422,0.546036121,0.0,365.0
0.7845633169358737,0.045073587,0.371881277,0.576885035,0.0,365.0
0.769206304613109,0.001183195,0.388007657,0.585246212,0.0,365.0
0.7390609224755498,0.0,0.360600986,0.559129845,0.0,365.0
0.673610072656623,0.0,0.377319254,0.535890933,0.0,365.0
0.6254500931783391,0.0,0.387400242,0.531311599,0.0,365.0
0.5871866652614276,0.0,0.41012555900000003,0.564623438,0.0,365.0
0.5817796879327369,0.0,0.436954328,0.598230945,0.0,365.0
0.5864321720892872,0.0,0.446977748,0.614388799,0.0,365.0
0.6053011640150859,0.019811431,0.450523662,0.62469568,0.0,365.0
0.6653937351656495,0.102073488,0.433501523,0.604515497,0.0,365.0
0.7324673803694974,0.172822244,0.412727522,0.566918522,0.0,365.0
0.7827158104596089,0.291588357,0.390925276,0.529621341,0.0,365.0
0.8025852032762024,0.422156271,0.345460716,0.473502639,0.0,365.0
0.8032202081768867,0.537057856,0.256530389,0.376423435,0.0,365.0
0.802191589740302,0.623822959,0.226643308,0.323810066,0.0,365.0
0.8005147295516825,0.695937819,0.200382832,0.300728246,0.0,365.0
0.7973826350049382,0.717046436,0.183149906,0.299038745,0.0,365.0
0.7905544541015533,0.667683362,0.178290224,0.328882054,0.0,365.0
0.7862238100734495,0.59489537,0.180387825,0.369103916,0.0,365.0
0.7835130545752816,0.512391167,0.194201393,0.410912818,0.0,365.0
0.7831130014244233,0.399378943,0.205180422,0.441880384,0.0,365.0
0.782506884778409,0.28522143,0.212733439,0.468304154,0.0,365.0
0.7842310573382272,0.155506813,0.22050279,0.487309035,0.0,365.0
0.7865722577764708,0.076794818,0.239406049,0.518411724,0.0,365.0
0.7691023784745646,0.001609199,0.23683547,0.527084715,0.0,365.0
0.7353183288682699,0.0,0.168993367,0.448324753,0.0,365.0
0.6731796555566071,0.0,0.17453495,0.445058596,0.0,365.0
0.6005289381706826,0.0,0.16989490966666665,0.429662888,0.0,365.0
0.5833019109934172,0.0,0.152862979,0.426091228,0.0,365.0
0.586959494476844,0.0,0.156426725,0.428854561,0.0,365.0
0.6056033726160682,0.022462859,0.165919033,0.42030349,0.0,365.0
0.6656563230902683,0.126640182,0.158707962,0.403706933,0.0,365.0
0.7332374803434913,0.225192966,0.13587862,0.377778009,0.0,365.0
0.787389088750666,0.364543086,0.125654774,0.358624962,0.0,365.0
0.8088150485662912,0.517892731,0.124129772,0.345517633,0.0,365.0
0.8074386083316725,0.660030802,0.095867948,0.286813173,0.0,365.0
0.8028285622336366,0.7898029,0.109935102,0.28419960899999996,0.0,365.0
0.7975796653874989,0.845611965,0.122697204,0.286538892,0.0,365.0
0.7911337395583824,0.799650794,0.130552971,0.296870451,0.0,365.0
0.7867857446829097,0.692894034,0.142814549,0.314836992,0.0,365.0
0.7839442318570121,0.566473677,0.153605277,0.331361625,0.0,365.0
0.7841489537994564,0.473352391,0.163234009,0.342221672,0.0,365.0
0.7847097258018738,0.337554504,0.173457489,0.351364008,0.0,365.0
0.7861464467055869,0.205617166,0.193503232,0.363807504,0.0,365.0
0.7870565608694676,0.113926657,0.234572635,0.399837578,0.0,365.0
0.7694189865339404,0.003016012,0.252724383,0.436207292,0.0,365.0
0.7047736985654599,0.0,0.2134013795,0.42664013300000003,0.0,365.0
0.6088445361000202,0.0,0.2037298315,0.456948527,0.0,365.0
0.5821653416252017,0.0,0.197053343,0.444090216,0.0,365.0
0.5822910010256365,0.0,0.197938862,0.427372631,0.0,365.0
0.5859217086509366,0.0,0.197020363,0.426322095,0.0,365.0
0.6052887322842943,0.032028306,0.201050706,0.423965203,0.0,365.0
0.6654621099549068,0.134716522,0.183063072,0.405153621,0.0,365.0
0.733173532637697,0.217815265,0.153641643,0.384034034,0.0,365.0
0.7863979444521256,0.358789396,0.143446211,0.353326927,0.0,365.0
0.8072878170511506,0.515032089,0.135331047,0.312795964,0.0,365.0
0.8055193731168954,0.631022324,0.118205728,0.256475785,0.0,365.0
0.8028074550116846,0.710423318,0.125889348,0.240542071,0.0,365.0
0.8009173763351295,0.754122651,0.130520265,0.238268067,0.0,365.0
0.7975488094052271,0.723032177,0.12892232,0.238596415,0.0,365.0
0.7915918373671812,0.679384739,0.126146655,0.235468217,0.0,365.0
0.7873688758522048,0.581665752,0.128948107,0.237935237,0.0,365.0
0.7848277829803082,0.466495445,0.126297704,0.220224547,0.0,365.0
0.7841654997961692,0.347078717,0.129425066,0.213647294,0.0,365.0
0.7834590344405246,0.237207807,0.129708971,0.223115976,0.0,365.0
0.7839017491295562,0.120394216,0.142488518,0.245420033,0.0,365.0
0.7842480504292095,0.068605351,0.159067669,0.273945624,0.0,365.0
0.7682101518601084,0.002780916,0.182237335,0.291447079,0.0,365.0
0.741255043338913,0.0,0.171578885,0.302950234,0.0,365.0
0.6492074601378979,0.0,0.199520441,0.29042324399999997,0.0,365.0
0.5870678254318565,0.0,0.221740203,0.2574954175,0.0,365.0
0.5811527324832743,0.0,0.248282803,0.287140347,0.0,365.0
0.5863858883183067,0.0,0.268003782,0.3187336,0.0,365.0
0.6059536092359736,0.026307615,0.29183187,0.34853509,0.0,365.0
0.6649651068475663,0.081462893,0.309071318,0.367282414,0.0,365.0
0.7323414078816175,0.171375668,0.291889291,0.374755522,0.0,365.0
0.7798375388734888,0.28145585,0.309070716,0.381772239,0.0,365.0
0.8036926161061959,0.385878672,0.335579751,0.385282153,0.0,365.0
0.8054827933023417,0.47067362,0.294832511,0.344564324,0.0,365.0
0.8031642204494794,0.5543841615,0.363608628,0.388037961,0.0,365.0
0.7989654070182649,0.578182671,0.398974195,0.424329905,0.0,365.0
0.7919240969648276,0.556630061,0.40960659,0.455542906,0.0,365.0
0.7876050798168595,0.489325898,0.419340544,0.480284887,0.0,365.0
0.7846221667143732,0.39305335,0.425124476,0.492928407,0.0,365.0
0.7840772251958955,0.314005906,0.425874749,0.494817839,0.0,365.0
0.782506884778409,0.229140202,0.410166868,0.493088757,0.0,365.0
0.783269964036351,0.14735362,0.411559492,0.498577259,0.0,365.0
0.7833670929385024,0.082908462,0.418788932,0.498324893,0.0,365.0
0.7681940530926168,0.003583416,0.426268609,0.493041006,0.0,365.0
0.7419385680217314,0.0,0.404587009,0.452577439,0.0,365.0
0.6576914834807849,0.0,0.401877813,0.458226325,0.0,365.0
0.5885458217870412,0.0,0.38957028299999996,0.46986652,0.0,365.0
0.5511247814842108,0.0,0.384513216,0.490949295,0.0,365.0
0.5481203585994933,0.0,0.392612107,0.510880047,0.0,365.0
0.5480802012210741,0.0,0.399230795,0.532243706,0.0,365.0
0.5498498525662652,0.025572284,0.400639308,0.560156175,0.0,365.0
0.5472195907706043,0.091932506,0.404505968,0.580091585,0.0,365.0
0.5746722837701375,0.153871078,0.401931963,0.596616801,0.0,365.0
0.6243456765412141,0.249715843,0.416112503,0.60908674,0.0,365.0
0.6757533930577566,0.35629157,0.417975565,0.616586971,0.0,365.0
0.6849763026359793,0.442982147,0.347840657,0.549366543,0.0,365.0
0.6822924902017775,0.5432766025,0.40434607499999997,0.6087606830000001,0.0,365.0
0.6777650616727187,0.604817874,0.438353508,0.662545534,0.0,365.0
0.6713525854584627,0.608704294,0.467765672,0.691587276,0.0,365.0
0.6701884693882889,0.578185795,0.482360698,0.71463138,0.0,365.0
0.6697478117647421,0.492054838,0.487129281,0.739122293,0.0,365.0
0.6722147164073133,0.395354402,0.501689655,0.764922635,0.0,365.0
0.6733842881611685,0.273162198,0.512161272,0.785846239,0.0,365.0
0.6755263564824248,0.189143532,0.545542793,0.804995435,0.0,365.0
0.6754208203726652,0.100636387,0.575925316,0.819722915,0.0,365.0
0.6747738756393519,0.004059603,0.601095735,0.831240569,0.0,365.0
0.667884161852044,0.0,0.567444116,0.790841854,0.0,365.0
0.632475394004595,0.0,0.5924893785,0.767422175,0.0,365.0
0.5597281588218266,0.0,0.597062293,0.7873093870000001,0.0,365.0
0.5481662846140871,0.0,0.590616501,0.793377402,0.0,365.0
0.5480802012210741,0.0,0.586854391,0.785418486,0.0,365.0
0.5497472679804326,0.04793805,0.570781521,0.76486996,0.0,365.0
0.5466277841101491,0.142228429,0.541848346,0.740318499,0.0,365.0
0.5742447733901553,0.232604548,0.46528796,0.701675304,0.0,365.0
0.6205837644939147,0.351418041,0.429218873,0.661852785,0.0,365.0
0.6689042837431375,0.476176598,0.413782778,0.609980439,0.0,365.0
0.6812285662975116,0.581860331,0.367596758,0.53459721,0.0,365.0
0.6814978620531645,0.6868623355,0.3749931515,0.5164702704999999,0.0,365.0
0.6776649813815917,0.69677851,0.37263523,0.484443686,0.0,365.0
0.6717255838055252,0.640568701,0.365821726,0.452962766,0.0,365.0
0.6710215779406935,0.601063652,0.363495965,0.424691867,0.0,365.0
0.6703394842834213,0.515601972,0.335291838,0.406298958,0.0,365.0
0.6723575030405066,0.410615261,0.278187438,0.401627008,0.0,365.0
0.6725570377177731,0.28851334,0.214011001,0.391658408,0.0,365.0
0.6746943210642284,0.164907568,0.194092207,0.376684472,0.0,365.0
0.6753212766486425,0.089790422,0.183200983,0.345078366,0.0,365.0
0.674438753990613,0.004151202,0.170000461,0.320781674,0.0,365.0
0.6703469076272285,0.0,0.14841425149999998,0.266073982,0.0,365.0
0.6242135776607728,0.0,0.126582397,0.23928039,0.0,365.0
0.5867463877962138,0.0,0.094132145,0.2091582485,0.0,365.0
0.5812099722905586,0.0,0.075657204,0.16461634,0.0,365.0
0.5866132379810837,0.0,0.077074071,0.169127076,0.0,365.0
0.6061409803310489,0.040488216,0.074477465,0.177508093,0.0,365.0
0.6647908383271142,0.111618688,0.072094013,0.15928977,0.0,365.0
0.7317082812357005,0.183053259,0.064895734,0.141896052,0.0,365.0
0.7770236622223841,0.299837091,0.058774844,0.124100767,0.0,365.0
0.7976210748457951,0.457943769,0.058202509,0.112254657,0.0,365.0
0.8007994084945783,0.567684515,0.042511649,0.084677986,0.0,365.0
0.8006735702834258,0.640152812,0.043093821,0.084330676,0.0,365.0
0.7994432706312553,0.686884486,0.041659382,0.086132057,0.0,365.0
0.7959336610461996,0.661581361,0.040774874,0.09585497,0.0,365.0
0.7899954708810686,0.652737708,0.045173356,0.112595456,0.0,365.0
0.7856548992819274,0.582174357,0.055064747,0.140814498,0.0,365.0
0.7819561298198635,0.485601101,0.064423369,0.171273618,0.0,365.0
0.7813727303670164,0.387311475,0.07669505,0.221286581,0.0,365.0
0.7787372810362748,0.290190277,0.092498992,0.268832443,0.0,365.0
0.7787221662000596,0.181650786,0.109305859,0.305227179,0.0,365.0
0.7790331396300851,0.108628789,0.135706777,0.33985834,0.0,365.0
0.7661153512411091,0.005225993,0.149259346,0.368241501,0.0,365.0
0.7424725087000121,0.0,0.147942329,0.392998991,0.0,365.0
0.6484686409059744,0.0,0.15455816249999998,0.384023861,0.0,365.0
0.5870036094425101,0.0,0.164806565,0.40907219250000004,0.0,365.0
0.5812393971123327,0.0,0.182405674,0.437589608,0.0,365.0
0.5866132379810837,0.0,0.197976093,0.448722726,0.0,365.0
0.6062495573026184,0.023752414,0.214912251,0.46798649,0.0,365.0
0.6647908383271142,0.102608691,0.235269249,0.486880614,0.0,365.0
0.7312556389756315,0.162665157,0.221491466,0.500318515,0.0,365.0
0.7774313174602914,0.271400712,0.221255464,0.499926504,0.0,365.0
0.798760327319434,0.375505396,0.241446222,0.493088008,0.0,365.0
0.8025619496508827,0.496504867,0.222992294,0.410826605,0.0,365.0
0.8014833356027248,0.60008603,0.244483858,0.443955211,0.0,365.0
0.8005147295516825,0.665895951,0.264262338,0.475565585,0.0,365.0
0.7973565191935745,0.677743071,0.281611657,0.499532599,0.0,365.0
0.7909257978084592,0.617332219,0.296413688,0.509731344,0.0,365.0
0.7865758353403361,0.552515575,0.312428238,0.519509166,0.0,365.0
0.7835711888410081,0.479614084,0.316539217,0.524022236,0.0,365.0
0.7831130014244233,0.383576806,0.318122834,0.542827554,0.0,365.0
0.7824760289310888,0.276409059,0.325877155,0.561021713,0.0,365.0
0.783269964036351,0.169728403,0.329432991,0.570378275,0.0,365.0
0.783429341200247,0.100200939,0.343489176,0.57901214,0.0,365.0
0.7681940530926168,0.006279741,0.338892907,0.574103162,0.0,365.0
0.7419385680217314,0.0,0.262434336,0.448747819,0.0,365.0
0.6487790106980078,0.0,0.248602732,0.37959244000000003,0.0,365.0
0.5870515478536472,0.0,0.216892586,0.3195674285,0.0,365.0
0.581266854476408,0.0,0.212985825,0.308576726,0.0,365.0
0.5865000103114405,0.0,0.210126614,0.304600129,0.0,365.0
0.6060677312291074,0.018564797,0.209850465,0.298294997,0.0,365.0
0.6648619408907365,0.089592946,0.195547921,0.280731343,0.0,365.0
0.7319387610981704,0.148295755,0.184701693,0.269825311,0.0,365.0
0.7793241687151043,0.247685368,0.176740864,0.255366568,0.0,365.0
0.8028554828956563,0.325756342,0.166393151,0.239988351,0.0,365.0
0.8044632079783524,0.39996958,0.102305332,0.153565827,0.0,365.0
0.8025568963925296,0.4749297345,0.119642423,0.12693630849999998,0.0,365.0
0.7989654070182649,0.496071102,0.125729477,0.138151867,0.0,365.0
0.7924212790178373,0.453819308,0.120289288,0.149034343,0.0,365.0
0.7876624090969783,0.390750066,0.115963931,0.157960732,0.0,365.0
0.7848277829803082,0.321745784,0.107522252,0.159695012,0.0,365.0
0.7841654997961692,0.253378134,0.10395675,0.162002392,0.0,365.0
0.782821167488748,0.180214087,0.095477018,0.1593623,0.0,365.0
0.7824297898290499,0.099632351,0.090216969,0.157129085,0.0,365.0
0.7821348255587302,0.048741728,0.090137218,0.158579264,0.0,365.0
0.7677865768003784,0.004472703,0.091104582,0.167638926,0.0,365.0
0.742304456044956,0.0,0.085831351,0.157303543,0.0,365.0
0.6726408852345837,0.0,0.07621633,0.160942474,0.0,365.0
0.6076090043113033,0.0,0.06707205050000001,0.1556100995,0.0,365.0
0.5806195966556496,0.0,0.061429772,0.138422117,0.0,365.0
0.5803268235925907,0.0,0.058291114,0.1221849,0.0,365.0
0.5860272894296377,0.0,0.055187623,0.109272331,0.0,365.0
0.6058185588316055,0.015285635,0.049417207,0.102227384,0.0,365.0
0.6647529616287905,0.057557512,0.042459618,0.10542501,0.0,365.0
0.7313818797470635,0.109372924,0.039806517,0.128164991,0.0,365.0
0.776998083113076,0.190345056,0.041560369,0.142333593,0.0,365.0
0.7970535056069846,0.261249803,0.043905974,0.134612713,0.0,365.0
0.8003215450165392,0.345618073,0.0450727,0.10496192,0.0,365.0
0.7994440754819114,0.41297694549999997,0.052325618000000004,0.0881660125,0.0,365.0
0.7967138227330068,0.423342274,0.052821482,0.066044084,0.0,365.0
0.7899954708810686,0.393255232,0.049251327,0.064438533,0.0,365.0
0.7845781634885367,0.405041197,0.045004531,0.069377142,0.0,365.0
0.7811537877768961,0.314032776,0.046447615,0.082555993,0.0,365.0
0.780367097137248,0.266101803,0.047160248,0.089174121,0.0,365.0
0.779907836586455,0.179468301,0.046984924,0.083383966,0.0,365.0
0.7800622054308424,0.107466077,0.043574643,0.066166056,0.0,365.0
0.779868126437257,0.056963754,0.044113341,0.057713515,0.0,365.0
0.7663056737251598,0.004637954,0.048593295,0.051821672,0.0,365.0
0.7425325210855545,0.0,0.048026565,0.039201596,0.0,365.0
0.6456091288582986,0.0,0.03661496,0.0365648455,0.0,326.5
0.5882111249655768,0.0,0.029648364,0.040257386,0.0,288.0
0.5772330528384397,0.0,0.024910251,0.051717379,0.0,288.0
0.5768780761825777,0.0,0.023873307,0.054237052,0.0,288.0
0.5823794545715792,0.0,0.023875514,0.049737489,0.0,288.0
0.6008510317830016,0.017286346,0.022565122,0.050966737,0.0,288.0
0.658162683864207,0.058445591,0.018012269,0.050812788,0.0,288.0
0.7252388333627607,0.095908045,0.01320593,0.05341868,0.0,288.0
0.771601614658944,0.176426402,0.011669227,0.056768273,0.0,288.0
0.7944088443529304,0.262118296,0.013926875,0.058450985,0.0,288.0
0.7988578139779721,0.325117524,0.016412592,0.06967139,0.0,288.0
0.7998912620582992,0.410951167,0.0273890665,0.072961944,0.0,288.0
0.797464201706702,0.436799009,0.03282237,0.100008786,0.0,288.0
0.7909442217900362,0.444296654,0.041450077,0.142543683,0.0,288.0
0.7861534228876489,0.405553334,0.054274069,0.177490007,0.0,288.0
0.7818850272562411,0.342358552,0.059889565,0.20196718,0.0,288.0
0.7801961824310993,0.278235572,0.061088896,0.204504302,0.0,288.0
0.7772594189578176,0.172027346,0.055708663,0.201879788,0.0,288.0
0.7760759844476246,0.099990688,0.050329465,0.195261868,0.0,288.0
0.7738203755042314,0.053211551,0.048793234,0.178074191,0.0,288.0
0.7596272109680886,0.005023354,0.045841082,0.146889618,0.0,288.0
0.735808713549935,0.0,0.046116675,0.148356245,0.0,288.0
0.6295016928254216,0.0,0.045906602500000004,0.1594386085,0.0,288.0
0.5550880169907093,0.0,0.047646865499999996,0.1646363605,0.0,288.0
0.5429384055170668,0.0,0.052147346,0.16367842,0.0,288.0
0.5435955462399211,0.0,0.05322598,0.151027303,0.0,288.0
0.5453531682796484,0.017074103,0.053193482,0.138855357,0.0,288.0
0.5423705681296559,0.049004824,0.053456054,0.133510596,0.0,288.0
0.5702687483964787,0.094336427,0.053478704,0.124810897,0.0,288.0
0.6164603018990682,0.165135131,0.049225499,0.112497258,0.0,288.0
0.66689878632463,0.225607998,0.048999406,0.103047574,0.0,288.0
0.6799304284231877,0.302332979,0.03870706,0.105214523,0.0,288.0
0.6810639569295933,0.376759134,0.039019638499999995,0.1112068735,0.0,288.0
0.677945009626414,0.431097045,0.046062824,0.124373535,0.0,288.0
0.672502033786691,0.398155352,0.056005867,0.132819529,0.0,288.0
0.6716179459613393,0.36175215,0.066099758,0.146633578,0.0,288.0
0.6710492587844278,0.317362448,0.066719489,0.152950963,0.0,288.0
0.673099653887214,0.262927301,0.061940391,0.146154321,0.0,288.0
0.6725318163648516,0.184771633,0.051060061,0.126705051,0.0,288.0
0.6726588173179981,0.112184273,0.048548402,0.104431234,0.0,288.0
0.6719321391988438,0.065753084,0.048799818,0.086471175,0.0,288.0
0.6713757497458994,0.004050919,0.05404579,0.079131355,0.0,288.0
0.6649004437639503,0.0,0.044317353,0.076878844,0.0,288.0
0.6291523059950168,0.0,0.040207038,0.07053322549999999,0.0,288.0
0.5557454259971156,0.0,0.0394949125,0.0634185765,0.0,288.0
0.5437179858328771,0.0,0.038156609,0.060754349,0.0,288.0
0.5442890431627184,0.0,0.035418656,0.063534541,0.0,288.0
0.5458440001905347,0.021806255,0.033335149,0.067414302,0.0,288.0
0.5428088109313314,0.081594809,0.027086128,0.0693587,0.0,288.0
0.5701665215670325,0.148441027,0.023724942,0.068701068,0.0,288.0
0.6164991177247755,0.251423794,0.022932623,0.065583198,0.0,288.0
0.6674297308100423,0.353072333,0.023420051,0.063390931,0.0,288.0
0.6805771496768421,0.435429644,0.022678995,0.060442635,0.0,288.0
0.6818053027906933,0.51793094,0.023608995,0.063584542,0.0,288.0
0.682230845578025,0.527924647,0.026653696,0.067228979,0.0,288.0
0.6792427002715168,0.508542807,0.030598949,0.077677139,0.0,288.0
0.6734764532778011,0.493712297,0.033354632,0.095336111,0.0,288.0
0.6727825985986172,0.487327581,0.035737765,0.119073912,0.0,288.0
0.6723498114806229,0.39611552,0.038971359,0.142931206,0.0,288.0
0.6734887956707098,0.334774472,0.048756959,0.164372911,0.0,288.0
0.6733926505648835,0.23299916,0.056510254,0.181411132,0.0,288.0
0.6732521891457757,0.141484888,0.059966525,0.182163077,0.0,288.0
0.6719804353663674,0.091470108,0.067941046,0.182368999,0.0,288.0
0.6668577345552444,0.003656721,0.074873003,0.1755817985,0.0,288.0
0.6450541703634247,0.0,0.067422922,0.171722195,0.0,288.0
0.5829621833155463,0.0,0.06477540849999999,0.182805553,0.0,288.0
0.5774063823664597,0.0,0.066618142,0.193486479,0.0,288.0
0.5828543666606428,0.0,0.068741574,0.202542218,0.0,288.0
0.6011986746353667,0.024880986,0.073552296,0.209549417,0.0,288.0
0.6584562171089805,0.096783428,0.074451187,0.210629076,0.0,288.0
0.7255395662692553,0.138586968,0.071320137,0.205374997,0.0,288.0
0.7716108267172083,0.216639479,0.078142824,0.212734131,0.0,288.0
0.794963087402507,0.308380687,0.087560003,0.223006376,0.0,288.0
0.7984807463038329,0.360838179,0.078245951,0.194128092,0.0,288.0
0.7986027388025192,0.420124909,0.102891107,0.217623419,0.0,288.0
0.7968412262464328,0.4386092,0.12263266450000002,0.2518374555,0.0,288.0
0.7888262568836001,0.397329203,0.135912568,0.283216246,0.0,288.0
0.7843799703639818,0.380769352,0.142565902,0.307897693,0.0,288.0
0.780403677086753,0.308096368,0.152026722,0.329962495,0.0,288.0
0.7787254753454216,0.285091556,0.165530131,0.360855436,0.0,288.0
0.7772146108813248,0.198725195,0.175310799,0.380627293,0.0,288.0
0.7771127418082653,0.116815668,0.186949993,0.39679206,0.0,288.0
0.7761059459714542,0.064895482,0.193726784,0.408734247,0.0,288.0
0.7611329775048906,0.00817593,0.20237825,0.416097273,0.0,288.0
0.7023903506867248,0.0,0.167191139,0.39552740799999997,0.0,288.0
0.5963046649722566,0.0,0.17699476166666664,0.3880158246666667,0.0,288.0
0.5774632644173576,0.0,0.170683098,0.371542724,0.0,288.0
0.5826475876527137,0.0,0.159379482,0.356187299,0.0,288.0
0.60095178291796,0.022745483,0.154072525,0.348244567,0.0,288.0
0.6585077777529247,0.077594406,0.142785329,0.337256215,0.0,288.0
0.7261330275698673,0.135292614,0.134889906,0.319805314,0.0,288.0
0.7787242232655445,0.213238927,0.134473727,0.310035277,0.0,288.0
0.8037210571316449,0.306430262,0.138856429,0.310688238,0.0,288.0
0.8050914156426437,0.395670146,0.098407931,0.228601697,0.0,288.0
0.8036356444475121,0.496466282,0.099344625,0.226676765,0.0,288.0
0.7992722664522722,0.5778315199999999,0.1063720225,0.2328849755,0.0,288.0
0.7904457876571493,0.612129997,0.103168388,0.240764063,0.0,288.0
0.7857844045297799,0.559816291,0.101429972,0.243196652,0.0,288.0
0.7814677127308485,0.490807455,0.100248888,0.246022148,0.0,288.0
0.7805628754399315,0.410353505,0.106121355,0.255239592,0.0,288.0
0.7786353224903807,0.283055558,0.10813612,0.262939785,0.0,288.0
0.7783162102712506,0.152566623,0.106403022,0.262344484,0.0,288.0
0.7777064265885364,0.092580779,0.114707663,0.263696705,0.0,288.0
0.7626623555583504,0.008640976,0.12067526,0.253417091,0.0,288.0
0.7003237451440931,0.0,0.0918487,0.21099667449999998,0.0,288.0
0.5976728321860268,0.0,0.08277478,0.20989258200000002,0.0,288.0
0.5801544331919544,0.0,0.080993347,0.224442742,0.0,288.0
0.5838735942282457,0.0,0.078537781,0.224206734,0.0,288.0
0.6009144427867404,0.041374168,0.07471623,0.218519834,0.0,288.0
0.6597929919982942,0.123771728,0.069149465,0.215772426,0.0,288.0
0.7255983713788134,0.210671842,0.059132997,0.204040498,0.0,288.0
0.7754909750235622,0.325676073,0.058718141,0.19427849,0.0,288.0
0.7986283177768758,0.470825025,0.056470925,0.174632516,0.0,288.0
0.7995003316278223,0.579293399,0.040564761,0.122342276,0.0,288.0
0.7984807463038329,0.689311583,0.043122788,0.125883779,0.0,288.0
0.7983321014266789,0.765029688,0.044595167,0.128289841,0.0,288.0
0.7959761437736554,0.776513668,0.047810479,0.12780995,0.0,288.0
0.789816864480085,0.730966455,0.050839155,0.131236227,0.0,288.0
0.7850812483194972,0.682332922,0.05305116,0.137903284,0.0,288.0
0.7808886955575715,0.581405108,0.052735466,0.140866866,0.0,288.0
0.7792297229183763,0.4538423,0.058271176,0.153526031,0.0,288.0
0.7768574876871436,0.318889653,0.063175236,0.159104486,0.0,288.0
0.7754041314488348,0.19613465,0.06792089,0.165555476,0.0,288.0
0.7748172437700052,0.125547015,0.079804883,0.17588516,0.0,288.0
0.7611891441779669,0.01224637,0.092913904,0.182838015,0.0,288.0
0.7021539007729889,0.0,0.070295653,0.146542923,0.0,288.0
0.6221241432526201,0.0,0.074493229,0.162599002,0.0,288.0
0.58400086353242,0.0,0.077718626,0.186481316,0.0,288.0
0.5783617070321612,0.0,0.082176844,0.203553879,0.0,288.0
0.5833376859573147,0.0,0.090027791,0.206202154,0.0,288.0
0.6013412823228909,0.057123509,0.094667286,0.208989539,0.0,288.0
0.6585077777529247,0.143716469,0.084508716,0.203206298,0.0,288.0
0.7259637675038754,0.241257669,0.067081591,0.186495618,0.0,288.0
0.7726963273396422,0.359679697,0.064001733,0.170645371,0.0,288.0
0.7952970463092516,0.489362779,0.065029547,0.160146056,0.0,288.0
0.7984807463038329,0.610020295,0.048084838,0.116963915,0.0,288.0
0.7988182379030743,0.7297891575,0.064564044,0.1217486945,0.0,288.0
0.7963174366188486,0.748263009,0.081519685,0.136157993,0.0,288.0
0.789816864480085,0.69697492,0.08954232,0.154922431,0.0,288.0
0.7852216649347121,0.615358864,0.094310481,0.175523365,0.0,288.0
0.7808886955575715,0.522578407,0.095653672,0.18780756,0.0,288.0
0.7792297229183763,0.41440131,0.095676773,0.198065245,0.0,288.0
0.7764816720928817,0.284956817,0.091751285,0.198965513,0.0,288.0
0.7752728374190497,0.17192646,0.088138819,0.195587639,0.0,288.0
0.773752403140302,0.097842777,0.096254719,0.192599566,0.0,288.0
0.7601645502645659,0.010284556,0.100710841,0.184458783,0.0,288.0
0.7024604919234444,0.0,0.080233159,0.163912044,0.0,288.0
0.6050861567452177,0.0,0.073983064,0.15793904,0.0,288.0
0.5778278109553462,0.0,0.0790622205,0.169620408,0.0,288.0
0.5827236093329133,0.0,0.080976666,0.176193231,0.0,288.0
0.6010278492671012,0.036839456,0.07598694,0.168771048,0.0,288.0
0.6584238855671726,0.097166344,0.070961477,0.159880496,0.0,288.0
0.7258021541938742,0.154361091,0.057149546,0.143676172,0.0,288.0
0.7724653107751168,0.253512872,0.051420363,0.133842036,0.0,288.0
0.7957284918745342,0.348585399,0.046119508,0.126313194,0.0,288.0
0.7985119599075398,0.429583712,0.039516627,0.12602737,0.0,288.0
0.7985547109185476,0.501079175,0.040899037,0.1244312705,0.0,288.0
0.7959761437736554,0.543768579,0.042536515,0.121234826,0.0,288.0
0.7895575858357796,0.503903663,0.043867566,0.121604368,0.0,288.0
0.7848219696751919,0.468835144,0.046038712,0.13245259,0.0,288.0
0.78069685257514,0.400680652,0.044351638,0.1421841,0.0,288.0
0.77875302204738,0.310711693,0.050323859,0.15175178,0.0,288.0
0.7764997384530237,0.232623391,0.054077586,0.158675385,0.0,288.0
0.7754041314488348,0.143605399,0.0536308,0.151722144,0.0,288.0
0.774725838835087,0.080464934,0.055870704,0.154305473,0.0,288.0
0.7607915953218145,0.011686731,0.056871237,0.148686434,0.0,288.0
0.6950043045684322,0.0,0.042872568,0.11934158950000001,0.0,288.0
0.5850023602292724,0.0,0.031771230500000004,0.11019035399999999,0.0,288.0
0.5451274508550817,0.0,0.028621435,0.131233827,0.0,288.0
0.5448916717177017,0.0,0.032236735,0.150444973,0.0,288.0
0.5457331426738214,0.043134318,0.033099154,0.153849904,0.0,288.0
0.5431183086668692,0.101096547,0.030122853,0.153316868,0.0,288.0
0.5701651352104278,0.183793972,0.028960594,0.152096298,0.0,288.0
0.618699812209921,0.251458115,0.029547646,0.151372616,0.0,288.0
0.6690963504751309,0.351338453,0.028521074,0.136951015,0.0,288.0
0.6805733486333175,0.428427771,0.023287426,0.10951537,0.0,288.0
0.6808240860631902,0.482501912,0.024210964,0.10714527,0.0,288.0
0.6808376805359762,0.554937055,0.024569649,0.108282082,0.0,288.0
0.6777635413092894,0.573468586,0.025406151,0.111675004,0.0,288.0
0.6721670910836212,0.541776833,0.026340923,0.114556684,0.0,288.0
0.67076864930356,0.495509437,0.029415955,0.117735433,0.0,288.0
0.6699463626456834,0.385493656,0.039283952,0.130917764,0.0,288.0
0.6720395534284191,0.309415367,0.048775489,0.139596834,0.0,288.0
0.6720848982069674,0.216787088,0.057945086,0.140276516,0.0,288.0
0.6725154941177008,0.121738811,0.059614198,0.137777491,0.0,288.0
0.6719860475262955,0.038849153,0.064574807,0.13784843,0.0,288.0
0.6603618579184476,0.0,0.0554427455,0.11772971,0.0,288.0
0.5722431366187449,0.0,0.04500294333333333,0.10579792133333334,0.0,288.0
0.5448773840666135,0.0,0.0493570285,0.1232016135,0.0,288.0
0.5457609576593317,0.041273483,0.052528164,0.121175048,0.0,288.0
0.5432576520129244,0.101799691,0.04811615,0.125015517,0.0,288.0
0.5701651352104278,0.149467885,0.051295309,0.13323013,0.0,288.0
0.6190659238477562,0.231890539,0.053411104,0.13940531,0.0,288.0
0.6689989531544761,0.334216117,0.050147653,0.137007575,0.0,288.0
0.6804941741490513,0.412130636,0.039223948999999994,0.106548921,0.0,288.0
0.6808758703217449,0.461754188,0.037487394,0.118164527,0.0,288.0
0.677945009626414,0.475572422,0.044495702,0.134465506,0.0,288.0
0.672502033786691,0.461504525,0.050039177,0.150325938,0.0,288.0
0.67140119457848,0.399434491,0.056351627,0.173026851,0.0,288.0
0.6703411389235779,0.344243906,0.065633357,0.191025054,0.0,288.0
0.6723009787459953,0.285790704,0.07430884,0.213342834,0.0,288.0
0.6722093948654081,0.210176169,0.083056837,0.236788021,0.0,288.0
0.6724961308737887,0.124145628,0.09516122,0.256767366,0.0,288.0
0.6721621719670441,0.075013034,0.10984421,0.272474493,0.0,288.0
0.673011960522986,0.008461921,0.121133802,0.282802479,0.0,288.0
0.6680325159087479,0.0,0.1171817245,0.264449259,0.0,288.0
0.6053470900971556,0.0,0.0969494045,0.2559413325,0.0,288.0
0.578068218456329,0.0,0.0919341615,0.294619245,0.0,288.0
0.583518125674221,0.0,0.092744159,0.318817641,0.0,288.0
0.6012492066790927,0.045320428,0.092641405,0.320445577,0.0,288.0
0.658373264050612,0.105133484,0.096865263,0.317929553,0.0,288.0
0.7257625335175106,0.18233103,0.104913774,0.312753836,0.0,288.0
0.771627193768252,0.300356918,0.117660873,0.321829153,0.0,288.0
0.7942170908433334,0.405510952,0.12657641,0.323054448,0.0,288.0
0.7989159482436985,0.487723897,0.119457046,0.28986432,0.0,288.0
0.7997571955852077,0.517378422,0.115897467,0.298929466,0.0,288.0
0.8004803856133311,0.540792156,0.118795573,0.322116643,0.0,288.0
0.7982915862918732,0.535330813,0.124091707,0.354211942,0.0,288.0
0.7918275047647317,0.500604204,0.144006241,0.397580767,0.0,288.0
0.7869359992613759,0.484400425,0.163462093,0.440560698,0.0,288.0
0.7824243341453687,0.417261305,0.197638767,0.487126831,0.0,288.0
0.7801965401874859,0.312358848,0.238916878,0.525964858,0.0,288.0
0.7772594189578176,0.213347319,0.253961159,0.543100889,0.0,288.0
0.7757312931191864,0.123911943,0.252056998,0.543028953,0.0,288.0
0.7737358572785408,0.076506393,0.253165452,0.536033899,0.0,288.0
0.7604940372839544,0.009173834,0.241849272,0.517251404,0.0,288.0
0.7359427801579781,0.0,0.205221384,0.461966249,0.0,288.0
0.6455407540690412,0.0,0.2016680505,0.42929041599999995,0.0,288.0
0.5886626939564863,0.0,0.205781955,0.399561946,0.0,288.0
0.5781765046749243,0.0,0.2067752095,0.41107324300000003,0.0,288.0
0.5834469783067058,0.0,0.194007928,0.433162118,0.0,288.0
0.6013049707918894,0.036752699,0.190842841,0.435535627,0.0,288.0
0.6585077777529247,0.093237827,0.184551729,0.417216682,0.0,288.0
0.7258319815759277,0.135656722,0.196779279,0.395807665,0.0,288.0
0.7737128718018217,0.211434399,0.193185231,0.368851241,0.0,288.0
0.7972813919718172,0.269302091,0.186320191,0.348576264,0.0,288.0
0.8001618994341396,0.299186169,0.16363482,0.286136331,0.0,288.0
0.7992667212957565,0.294771457,0.142676475,0.26984364,0.0,288.0
0.7987411876901324,0.33081201,0.122637869,0.269002852,0.0,288.0
0.7951624431341044,0.342693221,0.105522725,0.272378735,0.0,288.0
0.7888721382292525,0.351328663,0.102381358,0.275975292,0.0,288.0
0.7843895401786327,0.339285065,0.104170396,0.273100332,0.0,288.0
0.7804609168940374,0.292233846,0.101079855,0.278626595,0.0,288.0
0.7787254753454216,0.245684524,0.095910694,0.288754633,0.0,288.0
0.7767743110141646,0.197652507,0.091310871,0.279086889,0.0,288.0
0.7768912949234392,0.115434848,0.081939824,0.25402888,0.0,288.0
0.7761573724736224,0.076161114,0.076329942,0.231291183,0.0,288.0
0.76126981655624,0.011245099,0.07136569,0.202593744,0.0,288.0
0.7014234215428343,0.0,0.0494218955,0.13800827,0.0,288.0
0.6058111578897447,0.0,0.037414131,0.096244462,0.0,288.0
0.5788204309483743,0.0,0.0590213015,0.086033128,0.0,288.0
0.582879945769951,0.0,0.095261011,0.090333557,0.0,288.0
0.6008187449101352,0.046201417,0.117619299,0.112245249,0.0,288.0
0.6588298414959817,0.09691572,0.137479348,0.138274919,0.0,288.0
0.7259104180779985,0.172715195,0.164642247,0.165365717,0.0,288.0
0.7720348490061593,0.263092867,0.230814067,0.204681293,0.0,288.0
0.7947240213867599,0.317414543,0.324095514,0.251748412,0.0,288.0
0.7986027388025192,0.33399628,0.43031822,0.313091339,0.0,288.0
0.7990312328438749,0.324010506,0.475857821,0.35734274,0.0,288.0
0.7992747707469781,0.25969822,0.520706882,0.420706959,0.0,288.0
0.793228137684578,0.244460515,0.5965348525,0.509423247,0.0,288.0
0.7850812483194972,0.203144965,0.658860465,0.601698326,0.0,288.0
0.7805736079965765,0.157483492,0.684550043,0.654059611,0.0,288.0
0.7788679490261213,0.114517726,0.688183712,0.701126914,0.0,288.0
0.7764759481256484,0.073138109,0.710557214,0.742951537,0.0,288.0
0.7754212138777001,0.042184288,0.740780435,0.778879592,0.0,288.0
0.7748805653009095,0.014825975,0.770772209,0.804889117,0.0,288.0
0.760675237317527,0.001522855,0.798326842,0.8246687,0.0,288.0
0.7360838228131316,0.0,0.817696216,0.849139654,0.0,288.0
0.6451161504090931,0.0,0.857717162,0.8623410235,0.0,288.0
0.5825033252575571,0.0,0.8883833025,0.8807598889999999,0.0,288.0
0.5768780761825777,0.0,0.90243583,0.897949574,0.0,288.0
0.5823794545715792,0.0,0.909878437,0.907860827,0.0,288.0
0.6008948112592761,0.019875105,0.915402665,0.913508816,0.0,288.0
0.658485060694709,0.052387268,0.919224261,0.915189322,0.0,288.0
0.7255805286332819,0.104948378,0.916999692,0.913763633,0.0,288.0
0.7717921162236152,0.196056872,0.922238492,0.923599837,0.0,288.0
0.7957121248234904,0.3025505,0.923715494,0.928550199,0.0,288.0
0.7993960477328913,0.386263533,0.900000892,0.900247383,0.0,288.0
0.7984807463038329,0.486519184,0.885523798,0.88297863,0.0,288.0
0.7983617051941219,0.608637639,0.859191932,0.846542283,0.0,288.0
0.7959761437736554,0.66004338,0.832844637,0.822862441,0.0,288.0
0.789816864480085,0.646793762,0.81032228,0.810530136,0.0,288.0
0.7850812483194972,0.576875726,0.78994847,0.773946202,0.0,288.0
0.7808476438556619,0.518640401,0.758970983,0.729115372,0.0,288.0
0.7790242854631589,0.397795221,0.729505253,0.685229433,0.0,288.0
0.7766228042208696,0.301110512,0.678992872,0.647206642,0.0,288.0
0.7754041314488348,0.177650409,0.620256245,0.598376492,0.0,288.0
0.7750385117091623,0.112698754,0.590419032,0.55680402,0.0,288.0
0.7611723298977021,0.01678201,0.552926036,0.509040418,0.0,288.0
0.7021539007729889,0.0,0.5218653520000001,0.5129676519999999,0.0,288.0
0.605779072297018,0.0,0.489662333,0.52638169,0.0,288.0
0.578689852498838,0.0,0.4419681995,0.4941980535,0.0,288.0
0.5832196286439288,0.0,0.388546534,0.44947701,0.0,288.0
0.6010309796017456,0.039670308,0.371743015,0.40928879,0.0,288.0
0.6588298414959817,0.095807811,0.348912744,0.385739471,0.0,288.0
0.7259637675038754,0.166529962,0.354375331,0.375471839,0.0,288.0
0.7724653107751168,0.242841497,0.374921986,0.354480624,0.0,288.0
0.7952443677272063,0.297993122,0.385574498,0.3394301,0.0,288.0
0.7989878557929284,0.369621898,0.386057428,0.324395296,0.0,288.0
0.7984029805106422,0.3894357975,0.385364579,0.338880669,0.0,288.0
0.7953121611454667,0.410502603,0.388229555,0.386925665,0.0,288.0
0.7888218744690785,0.380686833,0.371273911,0.404160804,0.0,288.0
0.7843799703639818,0.358535366,0.344517896,0.408226183,0.0,288.0
0.780403677086753,0.35131689,0.330765385,0.41727401,0.0,288.0
0.7786374690287,0.271116352,0.307420947,0.409107015,0.0,288.0
0.77656395444237,0.199033064,0.287757882,0.406661336,0.0,288.0
0.7768000689341902,0.120108921,0.256576585,0.393496729,0.0,288.0
0.7761938628153414,0.060744671,0.245028754,0.388916824,0.0,288.0
0.7611723298977021,0.011170349,0.241006108,0.368813048,0.0,288.0
0.735045589758003,0.0,0.268413624,0.376113344,0.0,288.0
0.6543162087873241,0.0,0.291162863,0.364497222,0.0,288.0
0.5849643269872261,0.0,0.316380168,0.391338099,0.0,288.0
0.5451274508550817,0.0,0.342161523,0.436134522,0.0,288.0
0.5443718172754178,0.0,0.361436729,0.485062003,0.0,288.0
0.5457609576593317,0.027015649,0.375871187,0.521412357,0.0,288.0
0.5430836069721314,0.061245402,0.395329275,0.562031033,0.0,288.0
0.5706644636668052,0.100201821,0.398860903,0.588776286,0.0,288.0
0.6203196560709153,0.168777571,0.452970736,0.603265194,0.0,288.0
0.6738309380355005,0.248797884,0.489231534,0.611421021,0.0,288.0
0.6839551074757263,0.291984911,0.481272257,0.581779023,0.0,288.0
0.6833117848402684,0.301066394,0.528737555,0.593677481,0.0,288.0
0.6814655304438809,0.305359598,0.555171711,0.614807972,0.0,288.0
0.677550680442789,0.354012252,0.56376863,0.625443639,0.0,288.0
0.6715224268954517,0.360825648,0.555956466,0.649976342,0.0,288.0
0.6703935938910127,0.400688993,0.54273934,0.668940122,0.0,288.0
0.669690214201071,0.357326968,0.536055251,0.686685056,0.0,288.0
0.6721913285052661,0.293421651,0.543168778,0.699127613,0.0,288.0
0.6729682705195459,0.221037518,0.527803103,0.690182512,0.0,288.0
0.6763943455402848,0.116659894,0.494721709,0.682383335,0.0,288.0
0.6771940939506632,0.063491343,0.435852655,0.644355806,0.0,288.0
0.6759137093490364,0.009055039,0.39493552,0.601888743,0.0,288.0
0.6620076386451365,0.0,0.35561405300000004,0.576853266,0.0,288.0
0.5849643269872261,0.0,0.329660508,0.56706672,0.0,288.0
0.5451135432948508,0.0,0.305453748,0.5590736535,0.0,288.0
0.5442890431627184,0.0,0.294059618,0.561865764,0.0,288.0
0.5457331426738214,0.028108023,0.290994075,0.54955949,0.0,288.0
0.5430836069721314,0.050396164,0.293363514,0.517892904,0.0,288.0
0.5714973487395509,0.074141663,0.32009599,0.509171533,0.0,288.0
0.620360841914601,0.133816285,0.359729776,0.523544375,0.0,288.0
0.6730678142435687,0.181964567,0.404551739,0.548178341,0.0,288.0
0.6833074024257468,0.210771992,0.422354077,0.573905501,0.0,288.0
0.6833117848402684,0.210550643,0.479659594,0.593510684,0.0,288.0
0.6826744545905473,0.218444043,0.523777906,0.630004762,0.0,288.0
0.6776788889418226,0.200015158,0.572220666,0.663313504,0.0,288.0
0.6716143683974739,0.189060426,0.607834155,0.70600846,0.0,288.0
0.6703935938910127,0.156295619,0.629426855,0.732816777,0.0,288.0
0.6701030568391076,0.130961064,0.632394383,0.749504878,0.0,288.0
0.67349380412517,0.110941628,0.622741919,0.762888803,0.0,288.0
0.676309245943597,0.079118713,0.585461967,0.754178374,0.0,288.0
0.6770750528409523,0.034527288,0.552394199,0.737169385,0.0,288.0
0.6763805721218298,0.018736312,0.547078807,0.746695403,0.0,288.0
0.6692698811483393,0.00219073,0.5404018515,0.7574774230000001,0.0,288.0
0.6450266683978837,0.0,0.562821545,0.7705875005,0.0,288.0
0.5825344941923224,0.0,0.5907009944999999,0.7685668640000001,0.0,288.0
0.57719504199834,0.0,0.570938949,0.742554461,0.0,288.0
0.5825174563649228,0.0,0.552489944,0.726501668,0.0,288.0
0.6009344320705912,0.034382732,0.527965524,0.692492838,0.0,288.0
0.658510773945793,0.088735393,0.530179252,0.663782515,0.0,288.0
0.7256231455025138,0.144175471,0.600555629,0.656589738,0.0,288.0
0.7718569582529002,0.215117889,0.592716706,0.635915756,0.0,288.0
0.7948972615768968,0.280228554,0.599763662,0.630684688,0.0,288.0
0.7984498903215612,0.355344454,0.605549264,0.60579376,0.0,288.0
0.7987532616645375,0.407868668,0.632894637,0.637446205,0.0,288.0
0.7993685903688161,0.466791708,0.675583333,0.687459943,0.0,288.0
0.7969239110212493,0.432956931,0.711959775,0.729898654,0.0,288.0
0.7906558759453918,0.391075539,0.742807037,0.762555373,0.0,288.0
0.7859203492576387,0.318512963,0.754734658,0.773454511,0.0,288.0
0.7810468207765419,0.227030939,0.741058734,0.77746016,0.0,288.0
0.7794081503736909,0.158919239,0.728017084,0.794073234,0.0,288.0
0.7771464595717266,0.11422938,0.703916123,0.810228963,0.0,288.0
0.7755234407071463,0.068586597,0.660431322,0.820582133,0.0,288.0
0.7736055470450808,0.046721678,0.646061427,0.812874637,0.0,288.0
0.7596746126771703,0.014456002,0.632753611,0.800965809,0.0,288.0
0.702897415506879,0.0,0.566941805,0.7476846095,0.0,288.0
0.6049100099025226,0.0,0.5226455795,0.7105690165,0.0,288.0
0.5770996124052868,0.0,0.4319329765,0.620681308,0.0,288.0
0.5823244506404971,0.0,0.367010956,0.521745355,0.0,288.0
0.6008948112592761,0.041371328,0.326414033,0.441475826,0.0,288.0
0.6584464238146707,0.080657908,0.317803734,0.373627999,0.0,288.0
0.7253616307121032,0.12139709,0.314469355,0.330633773,0.0,288.0
0.7714497501092625,0.167632532,0.311134105,0.299316723,0.0,288.0
0.7942850630723113,0.220756144,0.317772141,0.287899442,0.0,288.0
0.7986027388025192,0.256622352,0.348717084,0.295348823,0.0,288.0
0.7985786800566405,0.259813117,0.389452956,0.312061159,0.0,288.0
0.797742530642426,0.25445185049999997,0.4380293625,0.359620372,0.0,288.0
0.7908890390482366,0.261419543,0.452577044,0.414373967,0.0,288.0
0.7873066275904602,0.23717092,0.455170697,0.453144195,0.0,288.0
0.7837885214599132,0.22478506,0.452589519,0.489900957,0.0,288.0
0.7817590100994197,0.169242191,0.447081822,0.537248207,0.0,288.0
0.7792244460454125,0.109787857,0.442005329,0.589290201,0.0,288.0
0.7769215247308209,0.07242641,0.436710003,0.620708723,0.0,288.0
0.7749723279922142,0.037945884,0.459749991,0.625476366,0.0,288.0
0.7598881890564437,0.004002046,0.496528643,0.620990662,0.0,288.0
0.7357271915171127,0.0,0.524042691,0.618221449,0.0,288.0
0.6462763312264906,0.0,0.542600296,0.632824696,0.0,288.0
0.5882867888893899,0.0,0.548695361,0.645759593,0.0,288.0
0.5771458961762672,0.0,0.559349031,0.666203903,0.0,288.0
0.5769289213137487,0.0,0.564384181,0.692399293,0.0,288.0
0.5822563888037332,0.0,0.558114855,0.715542009,0.0,288.0
0.6008071180299995,0.016204131,0.551692534,0.72811205,0.0,288.0
0.6582901768504676,0.037428875,0.543066279,0.727568534,0.0,288.0
0.7254242816690789,0.088486453,0.55454264,0.723039254,0.0,288.0
0.7714114709856107,0.146974628,0.55588106,0.7121272,0.0,288.0
0.7942335472322601,0.213100785,0.554314637,0.696631604,0.0,288.0
0.7986027388025192,0.290229239,0.519767364,0.636235279,0.0,288.0
0.7985786800566405,0.343250424,0.490567552,0.62960341,0.0,288.0
0.798611145875176,0.402792223,0.487666939,0.62542808,0.0,288.0
0.7963585777935926,0.439935113,0.473002682,0.621421868,0.0,288.0
0.7899572810952998,0.423809375,0.476882795,0.597404533,0.0,288.0
0.7851921506401036,0.377961754,0.471677521,0.576754435,0.0,288.0
0.78069685257514,0.336371939,0.464884188,0.547290261,0.0,288.0
0.7786613488289098,0.278626967,0.48315929,0.536349565,0.0,288.0
0.7764759481256484,0.188507331,0.494981176,0.526021711,0.0,288.0
0.7758505130396149,0.112320568,0.484950358,0.51317805,0.0,288.0
0.7758993457742427,0.06374988,0.474158244,0.505250655,0.0,288.0
0.76126981655624,0.015610492,0.492129353,0.530098022,0.0,288.0
0.7342414141292101,0.0,0.507766825,0.559870019,0.0,288.0
0.6697827817430319,0.0,0.551967496,0.630980931,0.0,288.0
0.6222697471330128,0.0,0.584976815,0.698803152,0.0,288.0
0.5892383571805083,0.0,0.60325083,0.774310663,0.0,288.0
0.5788119344703588,0.0,0.604776848,0.822690249,0.0,288.0
0.578943451979803,0.0,0.589035703,0.829528439,0.0,288.0
0.583214262433082,0.00100118,0.568989598,0.823304552,0.0,288.0
0.6004903758288479,0.072220826,0.551116703,0.79669072,0.0,288.0
0.6597820358270388,0.172185578,0.526446583,0.785645573,0.0,288.0
0.7255983713788134,0.286198799,0.609756192,0.784665929,0.0,288.0
0.777577636853457,0.41625242,0.645569279,0.759326295,0.0,288.0
0.8006648053194312,0.509595228,0.621454045,0.739203372,0.0,288.0
0.8014757335156757,0.58212118,0.550606827,0.657303191,0.0,288.0
0.7996428946464049,0.588782552,0.536436066,0.634587178,0.0,288.0
0.7987411876901324,0.602824944,0.541069166,0.626316819,0.0,288.0
0.7952406113526233,0.623881254,0.545252854,0.616097747,0.0,288.0
0.7888247363852194,0.601480416,0.534611501,0.58972429,0.0,288.0
0.7843799703639818,0.561487797,0.51382066,0.558497836,0.0,288.0
0.780403677086753,0.511283837,0.49033004,0.530172045,0.0,288.0
0.7786374690287,0.434472694,0.468080974,0.511164461,0.0,288.0
0.77656395444237,0.348089889,0.438079055,0.498006391,0.0,288.0
0.7768658947598003,0.196797087,0.406166579,0.497965197,0.0,288.0
0.7769196466110052,0.138066477,0.408001874,0.50250947,0.0,288.0
0.7622691891167196,0.027702881,0.41255622,0.507633156,0.0,288.0
0.730669466809575,0.0,0.382950908,0.459766982,0.0,288.0
0.6699703317837763,0.0,0.390037784,0.479796595,0.0,288.0
0.6061869511495358,0.0,0.37013560700000003,0.509417946,0.0,288.0
0.5804999518404708,0.0,0.3375635165,0.52647714,0.0,288.0
0.5849763563601655,0.0,0.289612645,0.49650147,0.0,288.0
0.6017083777570511,0.069067244,0.257361228,0.472336874,0.0,288.0
0.6597882070234931,0.170803039,0.224177513,0.433033545,0.0,288.0
0.7255448878111606,0.283239425,0.209180869,0.402734562,0.0,288.0
0.774142260436571,0.419144556,0.186355289,0.35834195,0.0,288.0
0.7972994581970078,0.532270209,0.1649209,0.32714978,0.0,288.0
0.799342385354521,0.634817198,0.140945868,0.252621159,0.0,288.0
0.7984807463038329,0.702925584,0.151982942,0.24318613,0.0,288.0
0.7982305006371714,0.757904776,0.156460222,0.250613916,0.0,288.0
0.7958128312895073,0.775646293,0.166899214,0.262750215,0.0,288.0
0.789816864480085,0.761516595,0.176532139,0.271609754,0.0,288.0
0.7852216649347121,0.7135634,0.180757963,0.281251951,0.0,288.0
0.7810291121727864,0.61596431,0.180800287,0.286525997,0.0,288.0
0.7794081503736909,0.490467768,0.174479446,0.282118816,0.0,288.0
0.777240279328516,0.350575404,0.168745709,0.27195651,0.0,288.0
0.7753554775249245,0.233930056,0.159422655,0.249409503,0.0,288.0
0.773752403140302,0.152334031,0.174771801,0.234581719,0.0,288.0
0.7610834292574898,0.027088325,0.191897679,0.218691192,0.0,288.0
0.7337402074180653,0.0,0.158887312,0.170325007,0.0,288.0
0.6301501804590621,0.0,0.1604980525,0.1591637055,0.0,288.0
0.5538856665557929,0.0,0.15475597333333335,0.14987282799999999,0.0,288.0
0.5463796849818068,0.0,0.155799621,0.152386471,0.0,288.0
0.5458863487762147,0.050759587,0.162379839,0.156912973,0.0,288.0
0.5431693327437092,0.136528228,0.148466626,0.149601838,0.0,288.0
0.5705205144265694,0.22606029,0.154948532,0.153407805,0.0,288.0
0.6181940889424786,0.364055386,0.149876712,0.147436454,0.0,288.0
0.6672784029624163,0.487687135,0.143485511,0.147487461,0.0,288.0
0.6800616329801384,0.609389731,0.117104358,0.114694499,0.0,288.0
0.6814828366223082,0.6956893015,0.127961514,0.123713596,0.0,288.0
0.6788324065971275,0.701144199,0.141143296,0.139257056,0.0,288.0
0.6733956466228004,0.669420243,0.149859199,0.148291084,0.0,288.0
0.6718918030097072,0.581413493,0.151280549,0.147863623,0.0,288.0
0.6710855703154293,0.47864458,0.14731552,0.139706333,0.0,288.0
0.6727542470460028,0.386247943,0.13076179,0.126430757,0.0,288.0
0.6722284450218753,0.27432377,0.115659046,0.119846492,0.0,288.0
0.6725343206595575,0.187711806,0.106199468,0.118207872,0.0,288.0
0.6717893525656505,0.110292222,0.103313781,0.116685111,0.0,288.0
0.6716246985287908,0.021811587,0.102474418,0.108644139,0.0,288.0
0.6598145686489865,0.0,0.081309512,0.07952699,0.0,288.0
0.5852964747775673,0.0,0.0743937065,0.072087771,0.0,288.0
0.5475561881138308,0.0,0.071599648,0.072937656,0.0,288.0
0.5459850652476347,0.0,0.07235279750000001,0.078935639,0.0,288.0
0.5456700892915177,0.053633822,0.070937321,0.083835276,0.0,288.0
0.5430836069721314,0.154237045,0.06161555,0.076188328,0.0,288.0
0.5699305412169884,0.267751582,0.05274358,0.066617421,0.0,288.0
0.6166603284744974,0.431455759,0.048337374,0.058030683,0.0,288.0
0.667286362805852,0.601739563,0.046916111,0.052608332,0.0,288.0
0.6806182908515862,0.742023052,0.044824335,0.038827593,0.0,288.0
0.6822901424507942,0.847102652,0.046539556,0.03621501,0.0,288.0
0.6816989394958068,0.9168171215,0.052232932999999995,0.0408360245,0.0,288.0
0.6761871193031346,0.893801263,0.056665577,0.053635676,0.0,288.0
0.6745161172235242,0.831229954,0.056490307,0.062605182,0.0,288.0
0.6735421002926937,0.719806991,0.055749769,0.070507874,0.0,288.0
0.6751293441933766,0.58219328,0.052631675,0.0779687,0.0,288.0
0.6748117075337826,0.427062363,0.05176022,0.08144398,0.0,288.0
0.6748223059486516,0.274673559,0.053658481,0.079813424,0.0,288.0
0.6728105030569621,0.173803673,0.061512983,0.079254974,0.0,288.0
0.6669693522536724,0.0174520155,0.0695726595,0.0824298435,0.0,288.0
0.645306160008126,0.0,0.0671277565,0.0796128525,0.0,288.0
0.5834032434993727,0.0,0.0688041985,0.0753799585,0.0,288.0
0.5805747214407933,0.000508072,0.072361692,0.0719571725,0.0,288.0
0.6010278492671012,0.084609881,0.07101408,0.069394721,0.0,288.0
0.6584054614506439,0.184331174,0.059738327,0.060842152,0.0,288.0
0.7253744203342329,0.321274181,0.039561024,0.049522163,0.0,288.0
0.7774858741621523,0.48399,0.036340731,0.044505904,0.0,288.0
0.7990170123311504,0.634576022,0.035373504,0.040926092,0.0,288.0
0.8065548782627073,0.753037635,0.026739611,0.035601035,0.0,288.0
0.8086943082824334,0.837946749,0.027380398,0.03885152,0.0,288.0
0.8102416630882492,0.8836065580000001,0.026890866,0.047079290499999996,0.0,288.0
0.802897786677443,0.830910958,0.027396399,0.059108288,0.0,288.0
0.7961263984870731,0.744896255,0.029982419,0.072509243,0.0,288.0
0.7919454724703315,0.62629181,0.032758822,0.086544935,0.0,288.0
0.789246075568747,0.486866421,0.035754636,0.099009991,0.0,288.0
0.7849025525806305,0.343920566,0.040917045,0.103334502,0.0,288.0
0.7810025492671532,0.189966888,0.050616593,0.104774508,0.0,288.0
0.7779276945276934,0.106695005,0.060643415,0.10394276,0.0,288.0
0.7610582079045684,0.015915567,0.066920766,0.097696765,0.0,288.0
0.7025873811367613,0.0,0.053160245,0.0798750375,0.0,288.0
0.6046791722161906,0.0,0.0483222285,0.07148926750000001,0.0,288.0
0.5778644802427343,0.0,0.047589708999999994,0.06939565349999999,0.0,288.0
0.5827236093329133,0.0,0.046941261,0.07923006,0.0,288.0
0.6011986746353667,0.060140538,0.048118017,0.09485408,0.0,288.0
0.6584054614506439,0.142846465,0.043224217,0.10008438,0.0,288.0
0.7253744203342329,0.267566473,0.033698763,0.096672329,0.0,288.0
0.7769287691964349,0.41649199,0.026635497,0.087419655,0.0,288.0
0.7977119430786577,0.573878278,0.030908462,0.088661212,0.0,288.0
0.8045390508478343,0.689884652,0.029249022,0.081537071,0.0,288.0
0.8066270542304408,0.792948685,0.039320136,0.09312022,0.0,288.0
0.8093328906120316,0.857745623,0.04549231,0.111892882,0.0,288.0
0.8089949965199864,0.881869799,0.053530769,0.132937684,0.0,288.0
0.8019460842445487,0.844915067,0.06364149,0.153435975,0.0,288.0
0.7955504221756061,0.755588034,0.072680706,0.176164406,0.0,288.0
0.7904398848791985,0.653887031,0.081411416,0.201907443,0.0,288.0
0.787313245881184,0.526172584,0.082500852,0.215110508,0.0,288.0
0.7826446182882005,0.381976615,0.081958245,0.22405406,0.0,288.0
0.7810746357620523,0.238520838,0.089561194,0.235622374,0.0,288.0
0.77598118089451,0.15071223,0.11022416,0.245970093,0.0,288.0
0.759915556812733,0.028915314,0.129938889,0.259347331,0.0,288.0
0.7025603039310191,0.0,0.1165100205,0.2523566105,0.0,288.0
0.604495535026276,0.0,0.091972418,0.255031294,0.0,288.0
0.5778166759733732,0.0,0.0740536175,0.248151102,0.0,288.0
0.5827236093329133,0.0,0.080844735,0.251660377,0.0,288.0
0.6010719419657722,0.075815729,0.090549909,0.269111635,0.0,288.0
0.6584562171089805,0.182712269,0.089959028,0.28041482,0.0,288.0
0.725338466559618,0.28938714,0.076222851,0.279211641,0.0,288.0
0.771601793604613,0.451390384,0.064529449,0.277623525,0.0,288.0
0.7959600451411152,0.614663438,0.071790701,0.277063812,0.0,288.0
0.8006594391085844,0.759388181,0.062363535,0.242271932,0.0,288.0
0.8048133550579475,0.89846825,0.080436362,0.23971577700000002,0.0,288.0
0.8052843318942349,0.941832305,0.096490558,0.236021376,0.0,288.0
0.7990467055714281,0.922290719,0.107008047,0.237826813,0.0,288.0
0.7929646107000513,0.849576504,0.110953926,0.244967593,0.0,288.0
0.7882233599101133,0.738116054,0.11218123,0.264906769,0.0,288.0
0.7857985355696698,0.598343414,0.111806378,0.284758078,0.0,288.0
0.7824433843018358,0.440139337,0.111708501,0.303998801,0.0,288.0
0.780241616682482,0.278294927,0.125912518,0.324458853,0.0,288.0
0.7755699480927372,0.175765551,0.155308157,0.349350094,0.0,288.0
0.7595875008188906,0.034414757,0.183753678,0.374166948,0.0,288.0
0.7360976855694695,0.0,0.165569185,0.36556594,0.0,288.0
0.6452937282098586,0.0,0.13999940249999998,0.35196524650000005,0.0,288.0
0.5834412543394725,0.0,0.105316005,0.311822501,0.0,288.0
0.5774632644173576,0.0,0.094592746,0.285918438,0.0,288.0
0.5827236093329133,0.0,0.095224637,0.27979752,0.0,288.0
0.6010278492671012,0.064316587,0.099026309,0.27890058,0.0,288.0
0.6585503946221566,0.177429933,0.096412654,0.2767579,0.0,288.0
0.7252967886828182,0.291233602,0.086601216,0.269811534,0.0,288.0
0.771601793604613,0.453653303,0.070781985,0.265390127,0.0,288.0
0.795673487943452,0.617153314,0.070958365,0.259429706,0.0,288.0
0.8007270537161272,0.76368242,0.056368277,0.223981451,0.0,288.0
0.8045390508478343,0.868310888,0.071263645,0.242866904,0.0,288.0
0.807580634783151,0.931577747,0.089693945,0.274154707,0.0,288.0
0.8062279850108592,0.942283994,0.107857482,0.306128487,0.0,288.0
0.80067911530499,0.899732634,0.122572629,0.330250116,0.0,288.0
0.7945462201063354,0.824542217,0.138997861,0.349887673,0.0,288.0
0.789871600127615,0.708693808,0.150817483,0.362868139,0.0,288.0
0.7866732325260396,0.571599966,0.161989684,0.38344259,0.0,288.0
0.7829125724236662,0.420313021,0.162489101,0.405846659,0.0,288.0
0.7809964675435335,0.272132318,0.163239017,0.42429741,0.0,288.0
0.7780466461645698,0.170517546,0.187244574,0.447664179,0.0,288.0
0.7612089991850902,0.03310376,0.208548848,0.460769647,0.0,288.0
0.7357271915171127,0.0,0.210979051,0.455093117,0.0,288.0
0.66944757075641,0.0,0.209289663,0.452530846,0.0,288.0
0.6217968026365994,0.0,0.198290147,0.43379994,0.0,288.0
0.5828358531387555,0.0,0.180208329,0.4041405485,0.0,288.0
0.5774358071882338,0.0,0.167920958,0.376129419,0.0,288.0
0.5827236093329133,0.0,0.159620995,0.365715572,0.0,288.0
0.6009750813471728,0.070932401,0.151217759,0.363614866,0.0,288.0
0.6584562171089805,0.185541163,0.129060517,0.354364982,0.0,288.0
0.7252388333627607,0.286874574,0.098791957,0.332774886,0.0,288.0
0.7721563049377416,0.454444214,0.090993293,0.315609043,0.0,288.0
0.7962192344475374,0.61138394,0.0949274,0.302342072,0.0,288.0
0.8013718072421798,0.745794836,0.074491875,0.246471667,0.0,288.0
0.8045390508478343,0.844491475,0.087298389,0.247106242,0.0,288.0
0.8064229583279352,0.9119532315,0.1085250895,0.2630415465,0.0,288.0
0.8003694834276763,0.898159476,0.129954832,0.293620662,0.0,288.0
0.7939282976345164,0.819057789,0.148469195,0.316486737,0.0,288.0
0.7892985753400749,0.714814934,0.164337362,0.330341436,0.0,288.0
0.7859332282176514,0.573735837,0.17602692,0.335009555,0.0,288.0
0.782286064068473,0.4216815,0.177089784,0.332965558,0.0,288.0
0.7808784102301476,0.266504573,0.18332446,0.341982817,0.0,288.0
0.7759216156032374,0.164879888,0.202296063,0.374536271,0.0,288.0
0.7597426745139341,0.03251643,0.221680983,0.409728789,0.0,288.0
0.7364281563851832,0.0,0.217630385,0.451906813,0.0,288.0
0.6290032140235933,0.0,0.207380522,0.479280979,0.0,288.0
0.5556237912548159,0.0,0.18948329600000002,0.469440507,0.0,288.0
0.5437665950878457,0.0,0.183604121,0.46181532,0.0,288.0
0.5442517477004403,0.0,0.179929855,0.459891417,0.0,288.0
0.545375706392195,0.059531855,0.174721761,0.45415526,0.0,288.0
0.5427459364946967,0.1667425,0.155860303,0.44000297,0.0,288.0
0.5702687483964787,0.275831722,0.138257851,0.422085793,0.0,288.0
0.6166770532819276,0.444003888,0.130151046,0.40284345,0.0,288.0
0.6678315279389403,0.622967241,0.135508215,0.394469296,0.0,288.0
0.6820268836823439,0.769086428,0.113508491,0.332943973,0.0,288.0
0.685498035198079,0.9019998815,0.148009891,0.3702696015,0.0,288.0
0.6846759274858714,0.935437668,0.170580773,0.38981995,0.0,288.0
0.6792935005987948,0.864459169,0.179614751,0.400454759,0.0,288.0
0.6768036554183487,0.782034524,0.191239483,0.409786844,0.0,288.0
0.6747318848100585,0.670819817,0.19582507,0.415432067,0.0,288.0
0.6754072258998793,0.548154183,0.195107401,0.426722009,0.0,288.0
0.6751165547061982,0.406820069,0.18894944,0.442582452,0.0,288.0
0.6745969685474664,0.250249287,0.192178452,0.467302825,0.0,288.0
0.6728264675477263,0.153604096,0.21298931,0.501332581,0.0,288.0
0.6701337337407588,0.027645452,0.236672746,0.535687044,0.0,288.0
0.6567195681494291,0.0,0.22044029799999998,0.5401048125,0.0,288.0
0.5800395509496302,0.0,0.2314759465,0.554606409,0.0,229.0
0.5416885191413252,0.0,0.240287068,0.528707581,0.0,229.0
0.5388015275300548,0.0,0.246675391,0.513748735,0.0,229.0
0.5393282685466145,0.0,0.26199716,0.498203469,0.0,229.0
0.5409105486617787,0.07092849,0.269650996,0.47710241,0.0,229.0
0.5381446550907526,0.16401258,0.250430184,0.444207763,0.0,229.0
0.5670499442818314,0.243449421,0.230586217,0.402739265,0.0,229.0
0.6185702622931272,0.385453142,0.238443277,0.369539972,0.0,229.0
0.6664596490645122,0.523133391,0.232332052,0.343594013,0.0,229.0
0.6847083485005138,0.609439,0.239709661,0.32115045,0.0,229.0
0.6897159434547022,0.710971912,0.245519353,0.352579912,0.0,229.0
0.6920160922585117,0.7390361795,0.249830319,0.3888437435,0.0,229.0
0.685946518658237,0.677783602,0.250044474,0.4615821,0.0,229.0
0.6822045062870025,0.588478566,0.267909189,0.515615475,0.0,229.0
0.6778158621349482,0.499365759,0.28729223,0.563131666,0.0,229.0
0.6779881183938083,0.373607046,0.301753428,0.604290493,0.0,229.0
0.6767159620541207,0.274971945,0.319828238,0.631440305,0.0,229.0
0.676784247505495,0.145196642,0.343257193,0.653111507,0.0,229.0
0.672867966478857,0.083472631,0.36456513,0.656407094,0.0,229.0
0.6703560749490756,0.013304284,0.374853208,0.645561802,0.0,229.0
0.6625266433653954,0.0,0.341214881,0.610603103,0.0,229.0
0.6420564105733242,0.0,0.33441629949999996,0.6023587125000001,0.0,229.0
0.5773022326133048,0.0,0.3199769095,0.5704729735,0.0,229.0
0.5711878955380031,0.0,0.335331148,0.53751454,0.0,229.0
0.5752665947252985,0.0,0.348555435,0.52201669,0.0,229.0
0.5939422678392267,0.056326824,0.345912394,0.511716677,0.0,229.0
0.6514738911107704,0.152054879,0.31448805,0.492825693,0.0,229.0
0.7198319007704873,0.259002677,0.277721222,0.477781995,0.0,229.0
0.7698154621209332,0.414149639,0.25839002,0.485382216,0.0,229.0
0.7936942402081811,0.560951014,0.254169374,0.495397833,0.0,229.0
0.8045596213677307,0.683156833,0.217109682,0.426776026,0.0,229.0
0.8067207845143958,0.785872168,0.238350766,0.455495491,0.0,229.0
0.8091459666112258,0.856602383,0.245860282,0.478448189,0.0,229.0
0.808734465525901,0.888660114,0.247055039,0.496397519,0.0,229.0
0.8005993372502076,0.873990748,0.253538794,0.509888252,0.0,229.0
0.7937457561831838,0.81414902,0.25232085,0.521186225,0.0,229.0
0.7874196763144342,0.709346972,0.261451131,0.544927537,0.0,229.0
0.7837756424999003,0.564968634,0.27120282,0.569427841,0.0,229.0
0.7793853438426408,0.413213274,0.276446406,0.5953181,0.0,229.0
0.7760060444910449,0.261906073,0.277973117,0.616014291,0.0,229.0
0.7700192004020038,0.164743154,0.308359476,0.646361721,0.0,229.0
0.7530761067855991,0.028190296,0.335898546,0.669480471,0.0,229.0
0.696547679520006,0.0,0.32897414950000003,0.647208776,0.0,229.0
0.5989148928151251,0.0,0.30795484100000003,0.5845159885,0.0,229.0
0.5716907568893046,0.0,0.283713924,0.524064623,0.0,229.0
0.575645361708536,0.0,0.265645863,0.486451091,0.0,229.0
0.5936172525722427,0.057724201,0.254017545,0.476719032,0.0,229.0
0.6516200316932186,0.17360504,0.234759982,0.464743523,0.0,229.0
0.719609112467901,0.296242524,0.203399292,0.45115521,0.0,229.0
0.7693533395190478,0.459416641,0.205705444,0.438333138,0.0,229.0
0.7910970701360428,0.612409156,0.211429054,0.425245069,0.0,229.0
0.797137845021958,0.74049768,0.170568898,0.384307016,0.0,229.0
0.8000670064081905,0.852393347,0.170458133,0.360216368,0.0,229.0
0.8020860536980182,0.8964532635,0.1760474665,0.3593690265,0.0,229.0
0.7945066887678548,0.860321649,0.16691601,0.353853491,0.0,229.0
0.7886751078466917,0.787501673,0.166441432,0.358061807,0.0,229.0
0.7840070168208123,0.674214507,0.158654107,0.352225076,0.0,229.0
0.7809912801434041,0.550552042,0.152078855,0.342773959,0.0,229.0
0.7738641103115645,0.406172887,0.146978058,0.334815261,0.0,229.0
0.7711248244500646,0.257987655,0.142935329,0.323378342,0.0,229.0
0.767707871879804,0.162888409,0.161737819,0.318781141,0.0,229.0
0.7525518252598522,0.028748654,0.181787008,0.318857933,0.0,229.0
0.729026950694258,0.0,0.152349006,0.310277182,0.0,229.0
0.663504595616478,0.0,0.136067803,0.311982238,0.0,229.0
0.5994939547248195,0.0,0.1127797465,0.30590986649999996,0.0,229.0
0.5721562557749156,0.0,0.092082109,0.28540273250000003,0.0,229.0
0.5762555030126851,0.0,0.082210108,0.276880984,0.0,229.0
0.5939795631665533,0.053284631,0.080483168,0.269938926,0.0,229.0
0.6513724244630389,0.160233156,0.066978361,0.24958918,0.0,229.0
0.718596055961801,0.236604596,0.052436765,0.222270509,0.0,229.0
0.7650297611458405,0.384757991,0.045089196,0.189332838,0.0,229.0
0.7899238316153907,0.521176335,0.045329942,0.162217701,0.0,229.0
0.796131943643589,0.640015891,0.042992769,0.129916672,0.0,229.0
0.7999500223639644,0.726468308,0.049358009,0.126672597,0.0,229.0
0.8035521100856222,0.7363103285,0.060087163,0.117849241,0.0,229.0
0.7953663602258927,0.668264526,0.072244297,0.114571552,0.0,229.0
0.7895845958356823,0.560886683,0.083439391,0.113331229,0.0,229.0
0.7842810528148492,0.456325852,0.095591299,0.105569269,0.0,229.0
0.7825807600552408,0.375176885,0.097109752,0.091432492,0.0,229.0
0.779817683731414,0.274930453,0.094394803,0.090205419,0.0,229.0
0.7775638635699537,0.192753689,0.088719903,0.099083797,0.0,229.0
0.7717511538595887,0.121463008,0.100771289,0.108716845,0.0,229.0
0.7561080317033334,0.022698404,0.127603083,0.112127382,0.0,229.0
0.7317633746396172,0.0,0.137963946,0.112341442,0.0,229.0
0.6428159792708128,0.0,0.152991441,0.119056033,0.0,229.0
0.5774676469668306,0.0,0.15691270899999998,0.151849497,0.0,229.0
0.5713809907352633,0.0,0.176137423,0.18263591,0.0,229.0
0.5754514168567266,0.0,0.190907881,0.194447452,0.0,229.0
0.5938054287878772,0.048600896,0.177554923,0.197173581,0.0,229.0
0.6516654210057569,0.124349945,0.16681194,0.194783731,0.0,229.0
0.720893879349098,0.200591592,0.149705933,0.176777913,0.0,229.0
0.7701571127225129,0.331564666,0.127591288,0.156363577,0.0,229.0
0.7936942402081811,0.45737382,0.095103005,0.138766749,0.0,229.0
0.8021688726820864,0.565226848,0.086584238,0.150526293,0.0,229.0
0.8051010747951776,0.67767719,0.06667194,0.145193812,0.0,229.0
0.8067524453473237,0.709130579,0.063012473,0.169372227,0.0,229.0
0.8051948050791325,0.700304259,0.066514082,0.207067129,0.0,229.0
0.7995981760427467,0.667747345,0.078205445,0.245602707,0.0,229.0
0.7936250157643745,0.591694691,0.092483708,0.278045309,0.0,229.0
0.7874196763144342,0.500081992,0.104227118,0.288907368,0.0,229.0
0.784193672538066,0.404770721,0.117998441,0.284974247,0.0,229.0
0.7803628936683954,0.297464139,0.122416655,0.26421287,0.0,229.0
0.777667521424946,0.176345914,0.130134599,0.244601413,0.0,229.0
0.7722362618032417,0.107638812,0.13363357,0.214107248,0.0,229.0
0.7544970868131584,0.014645112,0.12641713,0.179066413,0.0,229.0
0.7287941453478,0.0,0.08602033,0.1220046,0.0,229.0
0.6408578164904988,0.0,0.07122156,0.0891658325,0.0,229.0
0.5751865930109217,0.0,0.058094684666666674,0.07179489900000001,0.0,229.0
0.5752665947252985,0.0,0.057332137,0.068430236,0.0,229.0
0.5937308379982724,0.038312657,0.053870427,0.060152299,0.0,229.0
0.6513772093028886,0.119072702,0.042441064,0.050136252,0.0,229.0
0.7196003475039063,0.186088571,0.04093621,0.045625375,0.0,229.0
0.768908836183035,0.307126428,0.040840859,0.044366569,0.0,229.0
0.7910970701360428,0.418689144,0.039769758,0.041835584,0.0,229.0
0.7967957473261087,0.535619154,0.046389821,0.046030853,0.0,229.0
0.8043860235561587,0.6323765615,0.0592373455,0.060684511,0.0,229.0
0.8049364207583177,0.631096677,0.072770428,0.079894009,0.0,229.0
0.7982347935788584,0.589017887,0.077720257,0.096766136,0.0,229.0
0.792661239357075,0.502483336,0.081323805,0.11390798,0.0,229.0
0.7878210710180041,0.39948518,0.083966007,0.132269051,0.0,229.0
0.7840976169050743,0.307683204,0.086196126,0.141589918,0.0,229.0
0.7816535634624946,0.220845562,0.088367632,0.147764585,0.0,229.0
0.7776552685048718,0.143554477,0.091633211,0.156314372,0.0,229.0
0.7753806987428946,0.087169362,0.097867309,0.154039127,0.0,229.0
0.7595134467313415,0.014016952,0.100519903,0.141410999,0.0,229.0
0.7354377275994158,0.0,0.0966125,0.127109467,0.0,229.0
0.627328299093153,0.0,0.0798231885,0.10652362200000001,0.0,229.0
0.5510771784275137,0.0,0.0653709675,0.092936615,0.0,229.0
0.5388337920009748,0.0,0.054204791,0.075433804,0.0,229.0
0.5409480676037158,0.049511322,0.048045599,0.062512648,0.0,229.0
0.5384087635137521,0.131811761,0.03966462,0.060176983,0.0,229.0
0.5709948004756944,0.22380429,0.038112048,0.063896533,0.0,229.0
0.6186105984822636,0.363118184,0.042168034,0.065648906,0.0,229.0
0.6664596490645122,0.500398821,0.04807778,0.064923555,0.0,229.0
0.686402470063668,0.603981049,0.054316161,0.065659254,0.0,229.0
0.6901343312492544,0.637123424,0.071806032,0.076421884,0.0,229.0
0.6939385919497093,0.640390677,0.08330982549999999,0.090717487,0.0,229.0
0.6858772047415957,0.581584916,0.092978601,0.10617466,0.0,229.0
0.6832962674437737,0.52803623,0.098284285,0.123815308,0.0,229.0
0.681861648274487,0.44587334,0.104725309,0.139480014,0.0,229.0
0.6821298708284561,0.357217468,0.110566915,0.150888366,0.0,229.0
0.6827385811070592,0.266811262,0.119093245,0.160484308,0.0,229.0
0.6801970411408931,0.180607108,0.123150579,0.168615118,0.0,229.0
0.6766370783228288,0.112237001,0.12509578,0.170906468,0.0,229.0
0.6750981305896697,0.013393585,0.12695773,0.168888891,0.0,229.0
0.6585020091167498,0.0,0.115195411,0.154147874,0.0,229.0
0.6009048729720896,0.0,0.11566871,0.144810761,0.0,229.0
0.5509572206598414,0.0,0.122319486,0.14832975599999998,0.0,229.0
0.5386922350457123,0.0,0.127814893,0.149827246,0.0,229.0
0.5389753489562373,0.0,0.126620611,0.145265783,0.0,229.0
0.5409464130985105,0.039789644,0.116486347,0.141157602,0.0,229.0
0.5390070096542137,0.134094267,0.104763924,0.137293131,0.0,229.0
0.5725793612709539,0.205924613,0.097059905,0.123968837,0.0,229.0
0.6212592843944532,0.332561489,0.107459234,0.113150953,0.0,229.0
0.6716053352848786,0.450127804,0.112864496,0.100709404,0.0,229.0
0.6890634088959315,0.549466253,0.116955011,0.096490844,0.0,229.0
0.6944965913063932,0.5559948395000001,0.11216285,0.09991396699999999,0.0,229.0
0.6930182819987148,0.519671669,0.112072813,0.115665525,0.0,229.0
0.6885581327227588,0.481974477,0.113555282,0.130962664,0.0,229.0
0.6851240530546913,0.451482235,0.114068023,0.149817848,0.0,229.0
0.6831839789015143,0.41120587,0.117752107,0.16253481,0.0,229.0
0.6829646338860659,0.348611224,0.123846955,0.177553477,0.0,229.0
0.6820334574390778,0.275242385,0.124271482,0.18790924,0.0,229.0
0.6817329926811838,0.152711875,0.125505457,0.197631123,0.0,229.0
0.6766944524068407,0.096750266,0.133552611,0.208704006,0.0,229.0
0.6704885763223205,0.0051387815,0.13225957500000002,0.2069574015,0.0,229.0
0.6467832171684513,0.0,0.1072008435,0.172898546,0.0,229.0
0.5782295633478269,0.0,0.090653769,0.1531320345,0.0,229.0
0.5715058899539834,0.0,0.088289014,0.150089889,0.0,229.0
0.5756834620214701,0.0,0.092338085,0.161056236,0.0,229.0
0.5941244516691244,0.031894511,0.093980878,0.171191894,0.0,229.0
0.6530196360803224,0.109455229,0.086762867,0.176632731,0.0,229.0
0.7253935599635347,0.165344608,0.085180955,0.182660605,0.0,229.0
0.7713429620545772,0.257974901,0.082272703,0.185322067,0.0,229.0
0.7958421667733984,0.34315809,0.082741507,0.197913011,0.0,229.0
0.8050597548097158,0.414814516,0.082031498,0.168947425,0.0,229.0
0.8065036307062082,0.453669994,0.087895094,0.197946412,0.0,229.0
0.8062463196545533,0.45996361,0.097096898,0.238038249,0.0,229.0
0.8027991374118625,0.469863967,0.113235721,0.284221854,0.0,229.0
0.7950966173084943,0.488062461,0.128718251,0.326300262,0.0,229.0
0.7891622728558295,0.458311506,0.14325621,0.365217751,0.0,229.0
0.7837958553983616,0.430201975,0.156720974,0.394894898,0.0,229.0
0.7811875056753087,0.36456632,0.169716973,0.417128799,0.0,229.0
0.7758856618286224,0.277265541,0.176343546,0.439904764,0.0,229.0
0.7713642480872467,0.181001094,0.18055861,0.459369298,0.0,229.0
0.7679999742339828,0.116072163,0.186457987,0.467207091,0.0,229.0
0.7524049692995823,0.015540369,0.200238422,0.461264308,0.0,229.0
0.7290615629161614,0.0,0.18764641,0.399836037,0.0,229.0
0.6401766618931344,0.0,0.174595806,0.372488039,0.0,229.0
0.5770209970250226,0.0,0.15527252149999998,0.368924389,0.0,229.0
0.5713291171388256,0.0,0.138550827,0.351474161,0.0,229.0
0.575645361708536,0.0,0.131145865,0.336178519,0.0,229.0
0.5939290311228274,0.018426461,0.119212611,0.324337898,0.0,229.0
0.6514756797577517,0.093854929,0.110942462,0.314989641,0.0,229.0
0.718685895729397,0.146776353,0.102512731,0.297155672,0.0,229.0
0.7638677021411515,0.22883077,0.090545894,0.269180894,0.0,229.0
0.7876260975659768,0.297866094,0.079935394,0.244357585,0.0,229.0
0.7921067280239463,0.384705656,0.051224721,0.162540662,0.0,229.0
0.792712486913574,0.442007749,0.051578073,0.165339523,0.0,229.0
0.7936198283642454,0.49493429,0.056990489,0.180140636,0.0,229.0
0.7922462501807191,0.543235445,0.061823027,0.198549943,0.0,229.0
0.7874813880090747,0.525644388,0.067940492,0.218207686,0.0,229.0
0.783682806539436,0.476991277,0.070488011,0.230566679,0.0,229.0
0.7790139106629005,0.415599408,0.072943456,0.246793516,0.0,229.0
0.7758590095851061,0.327344908,0.082219094,0.270882793,0.0,229.0
0.7722108616396026,0.22906799,0.094895379,0.293340273,0.0,229.0
0.7692673009299279,0.151164769,0.105697946,0.306756009,0.0,229.0
0.7672100639218072,0.087984997,0.119038901,0.302953451,0.0,229.0
0.7525353688709253,0.008950104,0.132335313,0.293567033,0.0,229.0
0.6964338482123708,0.0,0.09481219499999999,0.230096105,0.0,229.0
0.5902236135007776,0.0,0.081939416,0.23482689233333334,0.0,229.0
0.5713585419605998,0.0,0.075277124,0.227181787,0.0,229.0
0.575645361708536,0.0,0.070841897,0.220950999,0.0,229.0
0.5939290311228274,0.016056629,0.072139349,0.222947044,0.0,229.0
0.6514756797577517,0.079837378,0.068389419,0.212835569,0.0,229.0
0.7187395134388259,0.109475121,0.064561735,0.198964887,0.0,229.0
0.7637697682533925,0.184471834,0.060400571,0.180858475,0.0,229.0
0.7876095517042155,0.251613725,0.060656329,0.171894391,0.0,229.0
0.792712486913574,0.332035999,0.064170559,0.151244983,0.0,229.0
0.7934722568912025,0.406342918,0.059501791,0.139627505,0.0,229.0
0.794420202949514,0.416279454,0.059357573,0.144427042,0.0,229.0
0.7929939461839424,0.361540847,0.060623459,0.155672375,0.0,229.0
0.7873904303033777,0.315788264,0.06646616,0.175247312,0.0,229.0
0.7823058297377132,0.25930968,0.078266413,0.197980951,0.0,229.0
0.7775714657919541,0.233420436,0.089971825,0.220315825,0.0,229.0
0.7760845704659504,0.190507119,0.101398813,0.246497454,0.0,229.0
0.7724231858040475,0.151021163,0.108322167,0.263698945,0.0,229.0
0.7700067685362606,0.081746718,0.113599047,0.266058425,0.0,229.0
0.7677102867016754,0.05146072,0.121073102,0.264932324,0.0,229.0
0.7524049692995823,0.005305519,0.126579774,0.255229689,0.0,229.0
0.7290615629161614,0.0,0.107380577,0.200666008,0.0,229.0
0.6401766618931344,0.0,0.1015663205,0.18371146900000002,0.0,229.0
0.5768600992952702,0.0,0.082272236,0.158743541,0.0,229.0
0.5712607870185097,0.0,0.075192665,0.149129183,0.0,229.0
0.5756629361705153,0.0,0.076620958,0.146170659,0.0,229.0
0.5936172525722427,0.015779189,0.071182044,0.145668411,0.0,229.0
0.6514474623469132,0.064796255,0.06695683,0.149245245,0.0,229.0
0.7187395134388259,0.096960076,0.069878179,0.150978275,0.0,229.0
0.763932365359719,0.16079433,0.060336005,0.141603815,0.0,229.0
0.787547929347458,0.244942304,0.053093502,0.134227189,0.0,229.0
0.7921067280239463,0.326071485,0.04913438,0.121398291,0.0,229.0
0.7931661576389097,0.4004812935,0.0488939545,0.1018329455,0.0,229.0
0.792426645228684,0.425931183,0.049405965,0.108420636,0.0,229.0
0.7874813880090747,0.414818777,0.050955772,0.128901583,0.0,229.0
0.7822925930213139,0.38996234,0.054538202,0.144665614,0.0,229.0
0.7778759997419733,0.349307586,0.060191575,0.158918381,0.0,229.0
0.7746346127108865,0.259757968,0.067420143,0.170707477,0.0,229.0
0.7718131339727327,0.205728044,0.067498704,0.169905579,0.0,229.0
0.7694203280866522,0.121292622,0.0670592,0.162272916,0.0,229.0
0.7672551402818519,0.083689116,0.075116335,0.156271902,0.0,229.0
0.7526198870966161,0.009796102,0.08117601,0.147208734,0.0,229.0
0.696787885808325,0.0,0.0525364595,0.1004052875,0.0,229.0
0.5995492717433466,0.0,0.0362586945,0.08546031800000001,0.0,229.0
0.5715936949905654,0.0,0.030074956,0.0766150825,0.0,229.0
0.5755331178352179,0.0,0.02648722,0.074834387,0.0,229.0
0.5939422678392267,0.0234115,0.024034276,0.074382322,0.0,229.0
0.6516173484528437,0.098100166,0.019085179,0.073087779,0.0,229.0
0.7184993742888707,0.168594166,0.017336978,0.064736304,0.0,229.0
0.7645734519840229,0.253683363,0.017631771,0.053635678,0.0,229.0
0.787801394686647,0.351830318,0.02123985,0.04815242,0.0,229.0
0.792712486913574,0.368993138,0.02830611,0.045752613,0.0,229.0
0.7941664692592971,0.406545289,0.0324887655,0.054985723,0.0,229.0
0.7936949557209542,0.44124032,0.043013969,0.076963348,0.0,229.0
0.7872140599135479,0.450794308,0.051441352,0.091925172,0.0,229.0
0.7825683283244491,0.413759681,0.059538018,0.107013987,0.0,229.0
0.7779706244843704,0.37919044,0.066451628,0.118929199,0.0,229.0
0.7762122869318699,0.329623244,0.073794592,0.130345455,0.0,229.0
0.7722108616396026,0.242843318,0.080875086,0.140731687,0.0,229.0
0.7695218394033251,0.141192386,0.079450818,0.136875184,0.0,229.0
0.767707871879804,0.100755662,0.084526757,0.127543984,0.0,229.0
0.7524049692995823,0.010088318,0.091272701,0.121968309,0.0,229.0
0.7293465548115508,0.0,0.096804785,0.110656441,0.0,229.0
0.6252102670483533,0.0,0.1083886485,0.11871129050000001,0.0,229.0
0.5505932778947964,0.0,0.1269147805,0.16053228749999998,0.0,229.0
0.5388143617536503,0.0,0.150693639,0.18239529999999998,0.0,229.0
0.5407502770394406,0.025261172,0.169951574,0.19254226,0.0,229.0
0.5383772368226002,0.123213344,0.172946223,0.192857482,0.0,229.0
0.5662215312313934,0.209792742,0.178286925,0.19040468,0.0,229.0
0.6153946564187089,0.337858033,0.228289893,0.202625524,0.0,229.0
0.6651306106739265,0.458940382,0.287798475,0.218716896,0.0,229.0
0.6800225042019374,0.529096985,0.296155359,0.217858147,0.0,229.0
0.6843877156480516,0.558073476,0.330652122,0.245138979,0.0,229.0
0.6879093098696296,0.572193731,0.352494822,0.27156491,0.0,229.0
0.6864829636312235,0.560435362,0.374080952,0.299971262,0.0,229.0
0.6809532335546561,0.498285833,0.380529962,0.323677534,0.0,229.0
0.6807958238484588,0.456200734,0.389755064,0.346864941,0.0,229.0
0.6814062782400532,0.379736206,0.385698359,0.367816868,0.0,229.0
0.6814571680401657,0.307208953,0.370690578,0.3782977,0.0,229.0
0.6813601286108488,0.222491159,0.336803946,0.389175003,0.0,229.0
0.6780043064991832,0.131635796,0.311323715,0.386609043,0.0,229.0
0.6753780246927159,0.083591709,0.298474689,0.384374996,0.0,229.0
0.668230105327835,0.002067473,0.28256647999999995,0.3793666035,0.0,229.0
0.626954607635264,0.0,0.275824821,0.346325992,0.0,229.0
0.5509572206598414,0.0,0.2522824105,0.3339214305,0.0,229.0
0.538774159638814,0.0,0.23699751,0.318674626,0.0,229.0
0.5390570051308357,0.0,0.228770133,0.296696156,0.0,229.0
0.5411259584919264,0.022385566,0.229454327,0.283673249,0.0,229.0
0.5384671660630306,0.091092775,0.220494962,0.275797047,0.0,229.0
0.5682044457334614,0.156384036,0.237979676,0.286131589,0.0,229.0
0.6181548260225017,0.239998871,0.26078189,0.288705667,0.0,229.0
0.6657818036799856,0.32055,0.289611291,0.294829804,0.0,229.0
0.6798558377685345,0.390914964,0.244166309,0.25656698,0.0,229.0
0.6843877156480516,0.436281682,0.271209436,0.272000256,0.0,229.0
0.6877355777813301,0.458185492,0.286069754,0.286924891,0.0,229.0
0.6865638149551657,0.447587514,0.284029327,0.302822433,0.0,229.0
0.6815082814548888,0.432378906,0.285262512,0.319130664,0.0,229.0
0.6797976140299734,0.36680507,0.278495961,0.328380044,0.0,229.0
0.677449437409668,0.307851829,0.277889718,0.343160406,0.0,229.0
0.6779881183938083,0.245692658,0.265908935,0.351661919,0.0,229.0
0.6770264883898766,0.179292058,0.248749285,0.352873906,0.0,229.0
0.6763430085109511,0.107505008,0.22860943,0.346188329,0.0,229.0
0.6733407321645528,0.060925711,0.208079562,0.338121354,0.0,229.0
0.665093337613595,0.001546019,0.188287664,0.336994057,0.0,229.0
0.6417994348086333,0.0,0.1623633045,0.31592320399999996,0.0,229.0
0.5772847923605771,0.0,0.153189693,0.260920704,0.0,229.0
0.5714080902080005,0.0,0.141428847,0.210453421,0.0,229.0
0.5755331178352179,0.0,0.128084667,0.182834229,0.0,229.0
0.5939833195411364,0.016572269,0.119465132,0.159936725,0.0,229.0
0.6516654210057569,0.100118404,0.107853049,0.138370421,0.0,229.0
0.7213882888238498,0.184711241,0.095009444,0.119811683,0.0,229.0
0.769950870281688,0.291388142,0.098480703,0.107582809,0.0,229.0
0.7921289085150578,0.372081192,0.109430077,0.098674863,0.0,229.0
0.7973490959172431,0.460757221,0.127989384,0.110474497,0.0,229.0
0.803369300215786,0.4973179405,0.14840217049999999,0.11925268050000001,0.0,229.0
0.8014167942643415,0.516936497,0.169676198,0.16894816,0.0,229.0
0.7944421150221219,0.459555147,0.199363925,0.215313183,0.0,229.0
0.7883982994093485,0.414985856,0.214403725,0.238329248,0.0,229.0
0.7836398767177106,0.328595556,0.227111199,0.254602329,0.0,229.0
0.7812436722134336,0.284890411,0.225335793,0.265599818,0.0,229.0
0.774834594617374,0.210680992,0.220545558,0.270499322,0.0,229.0
0.7715867681062809,0.130186981,0.203757247,0.272766628,0.0,229.0
0.7682688226929391,0.076308511,0.188223214,0.277089774,0.0,229.0
0.7527219351153447,0.006006599,0.176859616,0.291037693,0.0,229.0
0.6967693946209084,0.0,0.150335471,0.294890082,0.0,229.0
0.5993563106878624,0.0,0.1452498455,0.26404986649999995,0.0,229.0
0.5717871256097413,0.0,0.139803435,0.250166995,0.0,229.0
0.5712607870185097,0.0,0.130855449,0.252818354,0.0,229.0
0.575645361708536,0.0,0.126371952,0.262429295,0.0,229.0
0.5939290311228274,0.01725757,0.115489072,0.265838498,0.0,229.0
0.6514756797577517,0.108931454,0.096984939,0.256744289,0.0,229.0
0.7179838129232254,0.18261507,0.093907569,0.240645273,0.0,229.0
0.764504406350934,0.307351151,0.106412441,0.22666759,0.0,229.0
0.7881373213209935,0.401277926,0.112008087,0.218889011,0.0,229.0
0.7930216716966182,0.446601356,0.108849559,0.204835832,0.0,229.0
0.7934722568912025,0.431954013,0.118362657,0.186879323,0.0,229.0
0.7936198283642454,0.397771844,0.123822535,0.184258157,0.0,229.0
0.79062868699982,0.426597764,0.13436405,0.19170352,0.0,229.0
0.7853060938225198,0.417035165,0.142958351,0.212218843,0.0,229.0
0.7810760667875984,0.397644012,0.151997092,0.232530954,0.0,229.0
0.7761613076589229,0.334619394,0.154471958,0.242484405,0.0,229.0
0.7746346127108865,0.276006772,0.143310273,0.234886959,0.0,229.0
0.7720305560644722,0.202313881,0.119802347,0.214635201,0.0,229.0
0.7695218394033251,0.116086674,0.097269545,0.19294216,0.0,229.0
0.7671351153758159,0.067743997,0.078917696,0.174062799,0.0,229.0
0.7524049692995823,0.005823995,0.075087248,0.16203375,0.0,229.0
0.7291432638946527,0.0,0.074448872,0.165055754,0.0,229.0
0.6402569765824968,0.0,0.0684677345,0.1409464095,0.0,229.0
0.5769689892193333,0.0,0.0656251205,0.12510826249999998,0.0,229.0
0.5708741495297197,0.0,0.062948718,0.113698054,0.0,229.0
0.5752665947252985,0.0,0.059062278,0.109163145,0.0,229.0
0.5936758340671904,0.017306054,0.051896182,0.099771859,0.0,229.0
0.6508616479372432,0.088372674,0.039016629,0.083010321,0.0,229.0
0.718787585991739,0.167452901,0.029456277,0.068332071,0.0,229.0
0.7650297611458405,0.273364158,0.029597515,0.05328724,0.0,229.0
0.7892051133396719,0.361671016,0.032370556,0.04340018,0.0,229.0
0.7936797514119046,0.446206183,0.039114661,0.041218397,0.0,229.0
0.7941884708722154,0.511983937,0.043848356,0.032717588,0.0,229.0
0.7954382677751226,0.524033693,0.04689527,0.032915108,0.0,229.0
0.7939017348638348,0.480189138,0.049772389,0.04201247,0.0,229.0
0.7871329403060536,0.442435377,0.053672344,0.056200132,0.0,229.0
0.7839782180389768,0.374269991,0.055119489,0.069454263,0.0,229.0
0.7795765607851337,0.344295685,0.0556603,0.083738716,0.0,229.0
0.7774581486494765,0.273263231,0.058191247,0.09541148,0.0,229.0
0.773816261373262,0.201517964,0.055695277,0.098998231,0.0,229.0
0.7723115681056195,0.117848903,0.060830003,0.102760201,0.0,229.0
0.7684940259523482,0.067245106,0.068263703,0.101274598,0.0,229.0
0.7531161746911836,0.006586534,0.073682487,0.098411246,0.0,229.0
0.6965845724220046,0.0,0.072168022,0.0795894125,0.0,229.0
0.5992703167002082,0.0,0.055311419,0.07211386550000001,0.0,229.0
0.5722343121861291,0.0,0.046671341,0.067481112,0.0,229.0
0.5713585419605998,0.0,0.040862527,0.067229252,0.0,229.0
0.575645361708536,0.0,0.037680973,0.069800985,0.0,229.0
0.5939290311228274,0.019603318,0.037194931,0.076556367,0.0,229.0
0.6513744367246307,0.119645449,0.034130282,0.077114894,0.0,229.0
0.7186752974494796,0.195539162,0.027249295,0.074185966,0.0,229.0
0.7660048961497238,0.319929814,0.03652073,0.077512843,0.0,229.0
0.7902486679367056,0.470268802,0.046224239,0.085594099,0.0,229.0
0.7966835929256252,0.568084902,0.065080143,0.088433024,0.0,229.0
0.8007533036017911,0.5845828225,0.0922845545,0.112299961,0.0,229.0
0.8013834341223154,0.552196136,0.11989106,0.144931925,0.0,229.0
0.7950966173084943,0.528261655,0.13069891,0.169268159,0.0,229.0
0.7890049526224668,0.490856088,0.137449491,0.199084597,0.0,229.0
0.7843294383202558,0.433188362,0.139219746,0.224096287,0.0,229.0
0.7823414257559417,0.332832765,0.147604944,0.2438865,0.0,229.0
0.7801172988347589,0.254183731,0.154279978,0.268233545,0.0,229.0
0.7751184685746624,0.142615334,0.164685921,0.289545679,0.0,229.0
0.7696601096151722,0.079212034,0.181943802,0.310657078,0.0,229.0
0.7539770982290985,0.003255569,0.197549341,0.316563104,0.0,229.0
0.7290320486215528,0.0,0.18559809,0.303928106,0.0,229.0
0.6654252171878599,0.0,0.192530691,0.285359699,0.0,229.0
0.5903930376227912,0.0,0.19695454166666668,0.266251085,0.0,229.0
0.5714080902080005,0.0,0.191143016,0.230114769,0.0,229.0
0.5755331178352179,0.0,0.18226531,0.204472031,0.0,229.0
0.5938844018570522,0.006751566,0.172105188,0.183144985,0.0,229.0
0.6513772093028886,0.043767577,0.159355992,0.166265695,0.0,229.0
0.718787585991739,0.092889599,0.156156359,0.160087824,0.0,229.0
0.7652234823830393,0.151263414,0.157065474,0.16836662,0.0,229.0
0.7895142981227161,0.22643929,0.161869995,0.182200521,0.0,229.0
0.7936797514119046,0.266712776,0.166116393,0.205695374,0.0,229.0
0.7957104255143922,0.297433533,0.182860227,0.221220093,0.0,229.0
0.7967683794348678,0.299801235,0.189297872,0.248342527,0.0,229.0
0.7966921789439507,0.267044308,0.177533155,0.260740333,0.0,229.0
0.7910758735762079,0.243396844,0.169127535,0.257918044,0.0,229.0
0.7825873784809161,0.183640412,0.16208538,0.255483677,0.0,229.0
0.7763417921797223,0.159020996,0.156921127,0.239815794,0.0,229.0
0.7729301164824255,0.102730753,0.148939076,0.208179367,0.0,229.0
0.770038518842023,0.074339636,0.140657669,0.194829982,0.0,229.0
0.7686720061784417,0.048202092,0.140403088,0.192114869,0.0,229.0
0.7665488538718764,0.022342437,0.136766794,0.171816946,0.0,229.0
0.7525518252598522,0.001764973,0.120041855,0.163806403,0.0,229.0
0.7295433617144524,0.0,0.107174063,0.174129911,0.0,229.0
0.6254713792784843,0.0,0.102547646,0.1368113945,0.0,229.0
0.551073914018569,0.0,0.09422702399999999,0.107787907,0.0,229.0
0.5389155823848248,0.0,0.0881282375,0.1079770325,0.0,229.0
0.5410297685822072,0.007624908,0.073403334,0.105091288,0.0,229.0
0.5383772368226002,0.057307003,0.05906379,0.09446123,0.0,229.0
0.5662903979188134,0.108209228,0.05517307,0.084784568,0.0,229.0
0.6118529835753971,0.184753534,0.052075022,0.077314366,0.0,229.0
0.6632357918264633,0.253741992,0.050692533,0.077478877,0.0,229.0
0.6774751059918106,0.322196787,0.045560999,0.084700095,0.0,229.0
0.6806526347899375,0.3497051365,0.068772192,0.098827434,0.0,229.0
0.6778155938513961,0.37983842,0.091660209,0.119207998,0.0,229.0
0.6752562556736885,0.395907778,0.101995397,0.131316441,0.0,229.0
0.6742402479135646,0.371160166,0.119456214,0.141297315,0.0,229.0
0.6738183721629328,0.353289741,0.13871337,0.152942705,0.0,229.0
0.6754009653655421,0.275157301,0.144721628,0.155875427,0.0,229.0
0.6728223982206497,0.183356446,0.157177056,0.164356195,0.0,229.0
0.6733858085245976,0.112369004,0.16516303,0.174729827,0.0,229.0
0.6714674229643696,0.057204834,0.17942105,0.183890531,0.0,229.0
0.6685468922654041,0.001557821,0.18844068,0.183463196,0.0,229.0
0.6612399087565966,0.0,0.181685951,0.211388414,0.0,229.0
0.6274059083426213,0.0,0.2014920315,0.21527538000000002,0.0,229.0
0.5512644601847061,0.0,0.2090059805,0.233408379,0.0,229.0
0.5388907411902364,0.0,0.217696412,0.2371781215,0.0,229.0
0.5413038045762439,0.007662705,0.209206438,0.224342838,0.0,229.0
0.5384918955177895,0.04857543,0.186452101,0.207300869,0.0,229.0
0.568628289211695,0.094268468,0.184542962,0.189720127,0.0,229.0
0.6174852087649627,0.158611109,0.192499892,0.173886046,0.0,229.0
0.665198135808635,0.238425649,0.209067721,0.168527482,0.0,229.0
0.6799216635941445,0.314994748,0.181537814,0.153265268,0.0,229.0
0.6843877156480516,0.33808564,0.206028706,0.170598245,0.0,229.0
0.686137981549811,0.3669145625,0.2276315535,0.1897865575,0.0,229.0
0.6831029487668545,0.340823205,0.22663086,0.215592288,0.0,229.0
0.6829534542351514,0.301427786,0.217386724,0.232055569,0.0,229.0
0.6817832117724162,0.234765977,0.204859982,0.244651811,0.0,229.0
0.6818644208527449,0.170007402,0.202642496,0.254481924,0.0,229.0
0.6812595116176664,0.114739435,0.19227884,0.259760683,0.0,229.0
0.6784344553156471,0.088680997,0.186776351,0.271219449,0.0,229.0
0.6766884153521624,0.049064245,0.180198331,0.280645677,0.0,229.0
0.6725964348470017,0.000832716,0.1700241315,0.2854579055,0.0,229.0
0.6828259613838423,0.0,0.16843291,0.275391831,0.0,229.0
0.6279085012754193,0.0,0.169084108,0.26145384,0.0,229.0
0.5838782449937951,0.0,0.163539541,0.2316188595,0.0,229.0
0.5760714410629717,0.0,0.159540971,0.20929461,0.0,229.0
0.5793684580650793,0.0,0.162398872,0.200379713,0.0,229.0
0.5973442842490382,0.007319641,0.157785705,0.181509266,0.0,229.0
0.6576212751057017,0.068227007,0.171379442,0.178605379,0.0,229.0
0.7276108003104415,0.127552158,0.18926914,0.175368762,0.0,229.0
0.7729722414534949,0.214525569,0.208128095,0.182480029,0.0,229.0
0.7998707808762859,0.278165428,0.213823072,0.187857595,0.0,229.0
0.8071363102578557,0.371530955,0.200402,0.181304563,0.0,229.0
0.8128171893713315,0.402911811,0.2456287335,0.2223453895,0.0,229.0
0.8132246657985214,0.410717563,0.254105641,0.277235742,0.0,229.0
0.8054259111164924,0.401284812,0.248863378,0.316614601,0.0,229.0
0.7969921516687307,0.372661812,0.231772794,0.354451,0.0,229.0
0.7912957999626533,0.323341938,0.216746002,0.387738819,0.0,229.0
0.7873098472629876,0.284223032,0.199399408,0.41187199,0.0,229.0
0.7845081340591226,0.211350608,0.187006615,0.425621171,0.0,229.0
0.7784183476278622,0.111570854,0.176400843,0.426526169,0.0,229.0
0.7771310764519593,0.05899967,0.169559963,0.408673774,0.0,229.0
0.7605062008661456,0.002123077,0.165218254,0.371249079,0.0,229.0
0.7358029001098673,0.0,0.140349024,0.344575049,0.0,229.0
0.6460816038584959,0.0,0.137704134,0.294672372,0.0,229.0
0.5784822685053013,0.0,0.115760269,0.23218011500000002,0.0,229.0
0.5715058899539834,0.0,0.09064237,0.177607867,0.0,229.0
0.5756834620214701,0.0,0.087029101,0.15285861,0.0,229.0
0.5937622305476483,0.009417485,0.081483681,0.129305565,0.0,229.0
0.6522971615649721,0.085774846,0.06491468,0.115780753,0.0,229.0
0.7212618692417003,0.164123003,0.066832093,0.108121888,0.0,229.0
0.7698154621209332,0.273082667,0.086437018,0.104358893,0.0,229.0
0.7916965684913332,0.336870571,0.11099964,0.096098364,0.0,229.0
0.7968138136862506,0.415173456,0.130182039,0.095405131,0.0,229.0
0.8019163911392225,0.454988723,0.148436972,0.109626953,0.0,229.0
0.8046429769863787,0.466476674,0.166084496,0.129888321,0.0,229.0
0.8028125529389794,0.470196015,0.1776736,0.144648308,0.0,229.0
0.7956386967758797,0.424101849,0.196045817,0.159543843,0.0,229.0
0.7904457876571493,0.407416778,0.192853125,0.175361634,0.0,229.0
0.7858967377409809,0.366927149,0.185145489,0.190902031,0.0,229.0
0.783657585321466,0.318473963,0.17137932,0.190550089,0.0,229.0
0.7799835005102679,0.258005053,0.162810078,0.188264836,0.0,229.0
0.7777965794435773,0.171932248,0.14448147,0.188698917,0.0,229.0
0.7711808121774718,0.101031381,0.14039214,0.191372432,0.0,229.0
0.7545381385150681,0.003521355,0.140997608,0.191323313,0.0,229.0
0.7296226030671794,0.0,0.14836991,0.198218644,0.0,229.0
0.6411746034280678,0.0,0.132422049,0.1905494805,0.0,229.0
0.5772632603113507,0.0,0.142906335,0.173136965,0.0,229.0
0.5714080902080005,0.0,0.156033122,0.175552941,0.0,229.0
0.5755331178352179,0.0,0.161786446,0.189490701,0.0,229.0
0.5939422678392267,0.009369345,0.169578925,0.199020526,0.0,229.0
0.6514420961360665,0.122812861,0.167064359,0.189231095,0.0,229.0
0.7193750549066142,0.20308829,0.147656456,0.172486117,0.0,229.0
0.768908836183035,0.347799386,0.169783461,0.167814624,0.0,229.0
0.7910970701360428,0.499546156,0.210650954,0.168851194,0.0,229.0
0.7968138136862506,0.646080488,0.178890443,0.132364627,0.0,229.0
0.8044722411584233,0.696244741,0.2076602985,0.1456031325,0.0,229.0
0.805416162491124,0.648565916,0.217574604,0.162355593,0.0,229.0
0.8003973877510697,0.622907921,0.225524886,0.170429302,0.0,229.0
0.7950633466393028,0.562076844,0.231882406,0.187140571,0.0,229.0
0.7897366393310328,0.515127321,0.227243289,0.210861227,0.0,229.0
0.7873098472629876,0.430464955,0.220531109,0.235429951,0.0,229.0
0.7842939317748618,0.329399006,0.219374099,0.259027895,0.0,229.0
0.7785440965011315,0.210813368,0.228878078,0.281597479,0.0,229.0
0.7734459909355157,0.122215273,0.259921695,0.302897869,0.0,229.0
0.7553561322312575,0.003210309,0.282459365,0.311229521,0.0,229.0
0.7292704884624097,0.0,0.288812395,0.277805013,0.0,229.0
0.6412393113155768,0.0,0.3106909285,0.26274122749999995,0.0,229.0
0.5752985834453509,0.0,0.34335647533333336,0.270030716,0.0,229.0
0.5756293077449373,0.0,0.372522263,0.288425328,0.0,229.0
0.5938054287878772,0.009927009,0.384046776,0.295958236,0.0,229.0
0.6522971615649721,0.133433759,0.37893351,0.300246576,0.0,229.0
0.724748448546144,0.237825659,0.354991983,0.302268576,0.0,229.0
0.7727396150527057,0.370467462,0.400310841,0.315946359,0.0,229.0
0.8014057040862614,0.490081424,0.434803504,0.329801812,0.0,229.0
0.8097183654937788,0.566966969,0.408573854,0.321822998,0.0,229.0
0.8134248265157265,0.652149472,0.437340737,0.337093726,0.0,229.0
0.8196595461184993,0.662303366,0.45432540050000003,0.346103237,0.0,229.0
0.8123243897328435,0.592997437,0.454736452,0.356531673,0.0,229.0
0.8022594726313969,0.539892459,0.446392103,0.3657371,0.0,229.0
0.7962541149529928,0.438734091,0.426653834,0.373509463,0.0,229.0
0.7911680833617821,0.351489152,0.402106797,0.384082138,0.0,229.0
0.7891780138669348,0.240548023,0.36082211,0.389865903,0.0,229.0
0.7829311754858637,0.15307427,0.334118094,0.398567436,0.0,229.0
0.7788718842114218,0.079067043,0.325401251,0.409634975,0.0,229.0
0.7697093001061865,0.002062304,0.320325008,0.403598621,0.0,229.0
0.7465377922252393,0.0,0.305825139,0.451983406,0.0,229.0
0.6578633148448949,0.0,0.30500376949999997,0.4361900755,0.0,229.0
0.5866033551464636,0.0,0.26409109249999996,0.389889054,0.0,229.0
0.5769866530191957,0.0,0.243471724,0.403699593,0.0,229.0
0.5802426183193935,0.0,0.247687493,0.401054975,0.0,229.0
0.5973833683582975,0.00657547,0.243942334,0.408430105,0.0,229.0
0.6577960356592678,0.090593982,0.236160279,0.393997606,0.0,229.0
0.7271298511666995,0.149579179,0.237111059,0.356242954,0.0,229.0
0.7726215577393198,0.249529682,0.268916644,0.3343333,0.0,229.0
0.7989358927236563,0.340181058,0.316196958,0.349160579,0.0,229.0
0.8057280303795916,0.440097989,0.293300163,0.271446578,0.0,229.0
0.8087651425625038,0.50741314,0.336779795,0.294852259,0.0,229.0
0.8120231649281864,0.561758853,0.348076267,0.33419596,0.0,229.0
0.8099785385965264,0.518119276,0.350354253,0.388786032,0.0,229.0
0.8014606185445091,0.454926848,0.352578688,0.378747709,0.0,229.0
0.7936624005645356,0.373703817,0.351552865,0.374794424,0.0,229.0
0.7855940819107776,0.287127214,0.320577873,0.385368445,0.0,229.0
0.7818244781686433,0.198918951,0.280347896,0.376963173,0.0,229.0
0.7754107497395587,0.114747786,0.247683398,0.379514052,0.0,229.0
0.7713642480872467,0.080816871,0.226445338,0.394380128,0.0,229.0
0.7684940259523482,0.023422835,0.240068248,0.396275044,0.0,229.0
0.7539770982290985,0.0,0.27331094,0.403539927,0.0,229.0
0.7295937148125095,0.0,0.276215431,0.481632648,0.0,229.0
0.6524114623688234,0.0,0.32769358,0.523184568,0.0,229.0
0.6023188769525384,0.0,0.357208077,0.576979975,0.0,229.0
0.5614940090560173,0.0,0.395592992,0.607203287,0.0,229.0
0.5419304470732131,0.0,0.445523797,0.641732511,0.0,229.0
0.5390832549490238,0.0,0.471205359,0.678523579,0.0,229.0
0.5392644103136548,0.0,0.481405494,0.703933368,0.0,229.0
0.5411236331428897,0.00240262,0.492729386,0.728469786,0.0,229.0
0.5383772368226002,0.039573968,0.510340652,0.780961763,0.0,229.0
0.5661138933872075,0.092510479,0.528530022,0.816156765,0.0,229.0
0.6143434549307332,0.179303626,0.543336061,0.82388125,0.0,229.0
0.6665695674538419,0.275738326,0.579030414,0.8245978,0.0,229.0
0.6787479330403784,0.371507166,0.612230461,0.81761986,0.0,229.0
0.6778497588440783,0.467798316,0.682329912,0.833010893,0.0,229.0
0.6774975547664742,0.533026524,0.733067083,0.837289722,0.0,229.0
0.6744840539652683,0.540040971,0.765295719,0.838976793,0.0,229.0
0.6690703689404949,0.523136834,0.790982722,0.844334973,0.0,229.0
0.6684450678612861,0.506784037,0.800326721,0.854156993,0.0,229.0
0.6677357853933935,0.42992777,0.794616317,0.856824966,0.0,229.0
0.6698362653106847,0.339188511,0.777156517,0.859254582,0.0,229.0
0.670565716008097,0.262089815,0.750090457,0.858190194,0.0,229.0
0.6732175322549309,0.145811773,0.717340947,0.848453846,0.0,229.0
0.6738292833953439,0.077342183,0.677838616,0.843188955,0.0,229.0
0.6712178928104812,0.001459957,0.639710134,0.828021294,0.0,229.0
0.6559846618358114,0.0,0.6314055439999999,0.8102064984999999,0.0,229.0
0.6002998742641765,0.0,0.600705797,0.789604186,0.0,229.0
0.5505909078093423,0.0,0.580677809,0.7760877485,0.0,229.0
0.538867487497441,0.0,0.573011358,0.7822137364999999,0.0,229.0
0.5410297685822072,0.003079363,0.568655808,0.809387266,0.0,229.0
0.5384634096884476,0.041229436,0.574803998,0.823042748,0.0,229.0
0.5661315571870701,0.080391915,0.576905925,0.817240194,0.0,229.0
0.6126227705968974,0.12404617,0.586504838,0.802419477,0.0,229.0
0.6656378991086912,0.173040085,0.587441186,0.794578623,0.0,229.0
0.6797380488736522,0.217664354,0.565696467,0.783630801,0.0,229.0
0.6788753365538045,0.241778826,0.576025319,0.772521208,0.0,229.0
0.6778034304041565,0.263542651,0.562205131,0.753672353,0.0,229.0
0.6740809600875517,0.286314838,0.546779714,0.735077462,0.0,229.0
0.6692478124645329,0.303715618,0.535814954,0.710152089,0.0,229.0
0.668922842001442,0.306399281,0.515887247,0.702027708,0.0,229.0
0.6684753871415022,0.271368563,0.485986071,0.671957544,0.0,229.0
0.6702608689706329,0.229425064,0.458035366,0.635264818,0.0,229.0
0.6701837292173807,0.179683933,0.427156433,0.591131123,0.0,229.0
0.6702383753920762,0.081435802,0.406865424,0.574518073,0.0,229.0
0.6685340133728671,0.0237699245,0.38581407,0.5720992730000001,0.0,229.0
0.6626549411348364,0.0,0.418200711,0.6233223194999999,0.0,229.0
0.5902825228828495,0.0,0.397079021,0.6548057483333333,0.0,229.0
0.5713261656148987,0.0,0.370251149,0.627969547,0.0,229.0
0.5754514168567266,0.0,0.352150819,0.611931025,0.0,229.0
0.5938602091043489,0.004028679,0.347831766,0.597188327,0.0,229.0
0.6515531324634973,0.069779777,0.360051437,0.581676847,0.0,229.0
0.7193353447574162,0.12414952,0.370723451,0.573027888,0.0,229.0
0.7650297611458405,0.205224822,0.400276257,0.591857881,0.0,229.0
0.789002180044209,0.311158986,0.407872033,0.602782953,0.0,229.0
0.7924227100433835,0.417994352,0.385502122,0.522589914,0.0,229.0
0.7933254007959811,0.51909732,0.418265378,0.528399749,0.0,229.0
0.7936198283642454,0.55453653,0.44466219,0.524428495,0.0,229.0
0.7918491485537877,0.563348916,0.46496249,0.508348435,0.0,229.0
0.7856086601798886,0.544757434,0.463612153,0.501508202,0.0,229.0
0.7810760667875984,0.514844758,0.443441048,0.50033059,0.0,229.0
0.7763417921797223,0.450324939,0.41240787,0.493261882,0.0,229.0
0.7737962274204697,0.360571063,0.36340358,0.487985553,0.0,229.0
0.7705063654111416,0.249582397,0.298436116,0.49048909,0.0,229.0
0.7684997499195814,0.144104857,0.253388761,0.496387407,0.0,229.0
0.7665488538718764,0.075610911,0.233774374,0.482561363,0.0,229.0
0.7532574856298891,0.001282859,0.227742657,0.454231817,0.0,229.0
0.7293211099789703,0.0,0.218767528,0.405932537,0.0,229.0
0.6638973148288878,0.0,0.250447154,0.432998072,0.0,229.0
0.6161266560797686,0.0,0.277629805,0.445391956,0.0,229.0
0.5769689892193333,0.0,0.31399844499999996,0.4237332345,0.0,229.0
0.5708741495297197,0.0,0.332977593,0.430438347,0.0,229.0
0.5752665947252985,0.0,0.357917209,0.450050624,0.0,229.0
0.593749262114801,0.003070047,0.391028613,0.472503471,0.0,229.0
0.65138396187034,0.065490132,0.419145955,0.52125898,0.0,229.0
0.7187820856391163,0.141985952,0.448507831,0.561847371,0.0,229.0
0.7637697682533925,0.251700018,0.502072802,0.593776923,0.0,229.0
0.787801394686647,0.347037907,0.554406397,0.607371914,0.0,229.0
0.792712486913574,0.430985358,0.577427723,0.523595167,0.0,229.0
0.7944688120695311,0.48370899349999996,0.6663983175,0.551812658,0.0,229.0
0.7937600661687427,0.390511842,0.709586651,0.583311032,0.0,229.0
0.7874813880090747,0.313617635,0.725315525,0.606848863,0.0,229.0
0.7823058297377132,0.308795386,0.721411432,0.625304686,0.0,229.0
0.7775714657919541,0.249130901,0.700737198,0.640210216,0.0,229.0
0.7761892121172678,0.211483748,0.675543557,0.647952859,0.0,229.0
0.7724231858040475,0.156586988,0.620774482,0.638593972,0.0,229.0
0.7694203280866522,0.101761816,0.579141123,0.623835542,0.0,229.0
0.7672100639218072,0.051217327,0.554637444,0.612146018,0.0,229.0
0.7525353688709253,0.0,0.533108723,0.604278717,0.0,229.0
0.7293211099789703,0.0,0.565240921,0.618264294,0.0,229.0
0.6434891068189019,0.0,0.541064322,0.5913727854999999,0.0,306.5
0.5811293222467563,0.0,0.4767970545,0.531771209,0.0,384.0
0.5757135128831828,0.0,0.426941889,0.471319438,0.0,384.0
0.5806553268156541,0.0,0.394748881,0.433282822,0.0,384.0
0.5987285949892095,0.003245301,0.379987924,0.40879843,0.0,384.0
0.6557142033381642,0.080205583,0.372195824,0.388433599,0.0,384.0
0.7227673226910574,0.149375513,0.384953999,0.380870206,0.0,384.0
0.7697143085606467,0.244593593,0.440711366,0.404048893,0.0,384.0
0.794026589278662,0.34231514,0.468404866,0.424681461,0.0,384.0
0.7978283905557798,0.378576526,0.486591576,0.408259405,0.0,384.0
0.7978573682158085,0.32693582050000003,0.5275409575000001,0.438309874,0.0,384.0
0.7958591598643807,0.32815242,0.540036535,0.474080261,0.0,384.0
0.7903412354786663,0.283176206,0.538038606,0.48396455,0.0,384.0
0.785853986729973,0.257279136,0.533385797,0.489872143,0.0,384.0
0.7814084157231278,0.207847192,0.501579228,0.508125106,0.0,384.0
0.7796900567383289,0.163020516,0.484352239,0.52797898,0.0,384.0
0.7772613865504678,0.103563887,0.461398981,0.538407294,0.0,384.0
0.775387853735674,0.051575104,0.440941289,0.5507838,0.0,384.0
0.7658497223872046,0.008032556,0.442919988,0.5845035885000001,0.0,384.0
0.7346693269345201,0.0,0.421028498,0.585657303,0.0,384.0
0.6445280553868036,0.0,0.41025254899999997,0.5637392035,0.0,384.0
0.5809735894477108,0.0,0.351137516,0.522155498,0.0,384.0
0.5752398530089479,0.0,0.301615224,0.48108185,0.0,384.0
0.5800200983003593,0.0,0.280236714,0.449016871,0.0,384.0
0.5983172727146021,0.002098158,0.265095247,0.421247055,0.0,384.0
0.6557207322910051,0.041238471,0.240197232,0.388019565,0.0,384.0
0.723797014531753,0.088634831,0.268968701,0.357561086,0.0,384.0
0.7742573662260298,0.156169948,0.303133145,0.338640518,0.0,384.0
0.795788593732911,0.224969807,0.285673604,0.303903741,0.0,384.0
0.8006150782613128,0.280617152,0.240520883,0.244633068,0.0,384.0
0.8047762384738627,0.31845482,0.242587674,0.244559293,0.0,384.0
0.806469197429974,0.340042676,0.250062751,0.240340714,0.0,384.0
0.8066685531615716,0.34118317,0.254519446,0.255594258,0.0,384.0
0.8006458446357986,0.34544146,0.269121336,0.268765526,0.0,384.0
0.7941306048900408,0.292287505,0.271376786,0.274343558,0.0,384.0
0.7895822704866455,0.252164237,0.266209968,0.274009029,0.0,384.0
0.7875994453224606,0.180296709,0.246351725,0.270020146,0.0,384.0
0.7848605170823958,0.130973493,0.214181255,0.272596297,0.0,384.0
0.7813936586432992,0.078674232,0.19316297,0.266177073,0.0,384.0
0.7745462486377783,0.0112807915,0.1972565265,0.26033681900000005,0.0,384.0
0.7158560097836351,0.0,0.19307464000000002,0.2873331825,0.0,384.0
0.6306121017808077,0.0,0.188968514,0.284013869,0.0,384.0
0.5878417041823798,0.0,0.159549012,0.247048684,0.0,384.0
0.579796728626776,0.0,0.1109627745,0.1828842295,0.0,384.0
0.5995116185921576,0.00196228,0.083883391,0.147906044,0.0,384.0
0.6615674281833349,0.045594165,0.08050102,0.135215609,0.0,384.0
0.7312955280704986,0.09257268,0.086081685,0.124950683,0.0,384.0
0.7758019485885392,0.168210355,0.092034604,0.12121591,0.0,384.0
0.7977088128789648,0.252245606,0.091117348,0.10671444,0.0,384.0
0.805296316530757,0.361157881,0.094527512,0.095293002,0.0,384.0
0.8072523999785912,0.403667452,0.109328837,0.099820049,0.0,384.0
0.8082981456479342,0.4331603235,0.1227531515,0.102230896,0.0,384.0
0.8005468376138314,0.40295351,0.142214862,0.105669039,0.0,384.0
0.7937718718595959,0.397425712,0.153244417,0.109131445,0.0,384.0
0.7896716183560789,0.354322655,0.160577428,0.12068357,0.0,384.0
0.7866131306676628,0.295872146,0.169036125,0.138969323,0.0,384.0
0.7824399856836393,0.227931728,0.174140441,0.160359951,0.0,384.0
0.779259773780089,0.133076376,0.178042348,0.173965834,0.0,384.0
0.7738807903825776,0.0303635775,0.1795808235,0.18726142099999998,0.0,384.0
0.7449230909604813,0.0,0.177993283,0.193104184,0.0,384.0
0.6647043077048802,0.0,0.168622723,0.187717588,0.0,384.0
0.5884493859957163,0.0,0.1541782185,0.1881654915,0.0,384.0
0.544728560378742,0.0,0.14257642399999998,0.20272055849999998,0.0,384.0
0.5429272706700453,0.0,0.135767565,0.220550255,0.0,384.0
0.5443193176390416,0.001811861,0.131006215,0.220399614,0.0,384.0
0.540934338989154,0.049353441,0.128857518,0.226591082,0.0,384.0
0.5701928160541622,0.105027298,0.135750362,0.229339784,0.0,384.0
0.6191519177679345,0.175655679,0.148954706,0.226210257,0.0,384.0
0.6669679212956019,0.270231943,0.158598374,0.212634404,0.0,384.0
0.6807960027941279,0.37390226,0.153511701,0.172901754,0.0,384.0
0.6819467926750679,0.469729823,0.163038947,0.174924212,0.0,384.0
0.6839768407376168,0.529730607,0.185553493,0.198771294,0.0,384.0
0.6815851081206958,0.496951144,0.209389603,0.21316714,0.0,384.0
0.6770808662810202,0.502335007,0.211339623,0.223586617,0.0,384.0
0.6754140231362723,0.487668574,0.210153302,0.240533656,0.0,384.0
0.67458377663496,0.426321872,0.202725089,0.253890279,0.0,384.0
0.6750558714768243,0.370135121,0.203818066,0.264784211,0.0,384.0
0.674384063146976,0.277608137,0.203397301,0.262848515,0.0,384.0
0.6741725438331873,0.139528485,0.204923545,0.258501568,0.0,384.0
0.6702924849996678,0.0238455895,0.20995743900000002,0.2450096255,0.0,384.0
0.6623962437940524,0.0,0.166868038,0.192489554,0.0,384.0
0.6531074635863267,0.0,0.154529149,0.181679508,0.0,384.0
0.5833929581719487,0.0,0.13115741,0.163537724,0.0,384.0
0.5435082329665504,0.0,0.1121119295,0.134503429,0.0,384.0
0.5424900563336365,0.0,0.09377749,0.115936287,0.0,384.0
0.544101761405526,0.001608729,0.0791549,0.108613282,0.0,384.0
0.540471322063778,0.07567598,0.073090855,0.102539878,0.0,384.0
0.5685062967130087,0.15119065,0.073280909,0.103594269,0.0,384.0
0.6190667288333638,0.275170643,0.082695539,0.108961711,0.0,384.0
0.6680737689582732,0.419384897,0.108344507,0.112705029,0.0,384.0
0.6828882992533729,0.515754701,0.121448778,0.100007253,0.0,384.0
0.6864800121072966,0.556314498,0.141830278,0.108661213,0.0,384.0
0.6887980930619964,0.570683167,0.155972796,0.119524374,0.0,384.0
0.6916325850368904,0.545063143,0.163965519,0.135017268,0.0,384.0
0.6847288743514687,0.494684106,0.178605817,0.156918943,0.0,384.0
0.6817804839980514,0.465871033,0.185993273,0.181244193,0.0,384.0
0.6799268061903808,0.382863359,0.182476891,0.202222634,0.0,384.0
0.6805332359238401,0.290955349,0.176005109,0.215533009,0.0,384.0
0.6798836527540447,0.210445106,0.168996424,0.227001647,0.0,384.0
0.6752484746409705,0.112932603,0.173452473,0.23844816,0.0,384.0
0.671843014944021,0.0178988995,0.1940109345,0.273502335,0.0,384.0
0.6676642578675451,0.0,0.250554514,0.330186255,0.0,384.0
0.6036776531848674,0.0,0.2762875995,0.353655775,0.0,384.0
0.5753918069639881,0.0,0.2796763975,0.33389155000000004,0.0,384.0
0.5800200983003593,0.0,0.27107608,0.299321496,0.0,384.0
0.5983737523401719,0.001288359,0.270110925,0.289839548,0.0,384.0
0.6559680264337397,0.059517081,0.262966142,0.280531178,0.0,384.0
0.7251117876057211,0.115636696,0.262111344,0.25787929,0.0,384.0
0.774656972147667,0.203458034,0.273341022,0.23443075,0.0,384.0
0.7964659918882165,0.289384973,0.281916244,0.22058086,0.0,384.0
0.8008565589639797,0.364277609,0.248331935,0.196843806,0.0,384.0
0.8051195883845406,0.395898645,0.265797944,0.201148566,0.0,384.0
0.8074539915863911,0.429858686,0.280394347,0.2159721825,0.0,384.0
0.8009306130515289,0.435173312,0.281699608,0.222329353,0.0,384.0
0.794362694723726,0.399433891,0.260080489,0.228454891,0.0,384.0
0.7900502958664818,0.349863483,0.234858736,0.230611354,0.0,384.0
0.7872139704407134,0.252510792,0.203047858,0.218943783,0.0,384.0
0.7834933783788758,0.162566286,0.17432084,0.207929488,0.0,384.0
0.7792946544204958,0.092848456,0.147673797,0.193299969,0.0,384.0
0.7696636870440863,0.0157916585,0.13494572700000002,0.183488052,0.0,384.0
0.7372118061630214,0.0,0.113400743,0.170946129,0.0,384.0
0.6727672153438986,0.0,0.107708671,0.164601351,0.0,384.0
0.6047455570783269,0.0,0.111842614,0.169030173,0.0,384.0
0.5755035588716678,0.0,0.1280544895,0.183816515,0.0,384.0
0.5800200983003593,0.0,0.134864871,0.19232606,0.0,384.0
0.5983172727146021,0.001071222,0.137864622,0.198291403,0.0,384.0
0.655712504029066,0.045071664,0.143646406,0.203274022,0.0,384.0
0.7233759436317774,0.104103195,0.164870145,0.206701346,0.0,384.0
0.7740120396759455,0.201454015,0.223180894,0.215100733,0.0,384.0
0.7951887377561856,0.297864682,0.24850207,0.21969955,0.0,384.0
0.8003959568604749,0.37634965,0.274383707,0.243328662,0.0,384.0
0.8034364676615835,0.407456271,0.282437954,0.236989766,0.0,384.0
0.8046728490373739,0.468890557,0.292377395,0.239274041,0.0,384.0
0.8031628788967677,0.497657689,0.303981774,0.25815862,0.0,384.0
0.7958128312895073,0.459103678,0.321550884,0.277290931,0.0,384.0
0.7900532473904086,0.41208764,0.311368218,0.286494562,0.0,384.0
0.7852379425129213,0.338150864,0.292118629,0.274041107,0.0,384.0
0.7831367024139156,0.263562091,0.287252928,0.279455029,0.0,384.0
0.7768054351450369,0.171864031,0.283432605,0.320630822,0.0,384.0
0.7742017361200577,0.105390932,0.268025,0.367851035,0.0,384.0
0.7727119788779129,0.034505374,0.273150432,0.396119871,0.0,384.0
0.7580894258419721,0.0,0.275304076,0.438347765,0.0,384.0
0.7347792006549083,0.0,0.249192583,0.43721183,0.0,384.0
0.6438075707985742,0.0,0.264944791,0.46086300199999997,0.0,384.0
0.58077101397611,0.0,0.266671628,0.4520274745,0.0,384.0
0.5750404971423989,0.0,0.243797814,0.424303983,0.0,384.0
0.5803359461780204,0.0,0.224379133,0.405200281,0.0,384.0
0.5988428957930607,0.001037094,0.219680788,0.386259907,0.0,384.0
0.6550996796194933,0.081478219,0.210863582,0.365891342,0.0,384.0
0.7224494625518044,0.175688076,0.210583782,0.374667889,0.0,384.0
0.7689969318376396,0.298378068,0.250540255,0.405761452,0.0,384.0
0.7926818098769712,0.389596618,0.267339215,0.409394834,0.0,384.0
0.7969976968252466,0.462853139,0.24475832,0.353485962,0.0,384.0
0.7973932779537972,0.545026987,0.286778052,0.396234965,0.0,384.0
0.797540760088957,0.579031274,0.324133133,0.416387872,0.0,384.0
0.7945717992156434,0.589798153,0.367450468,0.431402726,0.0,384.0
0.7889935941608347,0.56774658,0.3933954,0.432387326,0.0,384.0
0.7843732626004234,0.561103069,0.405438288,0.413606479,0.0,384.0
0.7794515274246375,0.479402957,0.378920523,0.402480889,0.0,384.0
0.7775357803008912,0.407744583,0.3511027,0.40354709,0.0,384.0
0.7752138981677156,0.276945606,0.310874053,0.389764742,0.0,384.0
0.7738554349553559,0.153436233,0.266687782,0.355270812,0.0,384.0
0.772267743825452,0.062783588,0.252245893,0.319673604,0.0,384.0
0.7592574770974466,0.0,0.244311445,0.286080556,0.0,384.0
0.7347703016840891,0.0,0.212611794,0.248231768,0.0,384.0
0.6671650411509972,0.0,0.204425322,0.239332612,0.0,384.0
0.6196579094538804,0.0,0.206093742,0.241704176,0.0,384.0
0.5815429027320367,0.0,0.20486696799999998,0.2271149975,0.0,384.0
0.5757409254433651,0.0,0.204826026,0.209731088,0.0,384.0
0.5804661221347529,0.0,0.218274759,0.20060796,0.0,384.0
0.5986218067995727,0.0,0.225953222,0.203625853,0.0,384.0
0.6550257150047786,0.072507132,0.231852134,0.215707481,0.0,384.0
0.722450222733519,0.155933218,0.220729441,0.22844641,0.0,384.0
0.7696367663820665,0.272688428,0.254636545,0.250236603,0.0,384.0
0.7937232179356857,0.362227572,0.261955986,0.268000102,0.0,384.0
0.7975800231438854,0.427244589,0.242791913,0.246931854,0.0,384.0
0.7967766077642826,0.47173784900000004,0.2570097985,0.275112613,0.0,384.0
0.7937650746232029,0.455778148,0.26988117,0.319133549,0.0,384.0
0.7875793218968339,0.449945002,0.280641311,0.373160642,0.0,384.0
0.7829549658132389,0.410867019,0.276157883,0.412220617,0.0,384.0
0.7787371022255573,0.350557755,0.272522381,0.441567709,0.0,384.0
0.7770279551640711,0.293022692,0.252298951,0.440947595,0.0,384.0
0.7749249262831326,0.208509156,0.219874679,0.415848242,0.0,384.0
0.7755344415473433,0.121159698,0.190077986,0.371754143,0.0,384.0
0.7745858694490932,0.045758327,0.182274806,0.331859427,0.0,384.0
0.759420431825208,0.0,0.173330401,0.319963431,0.0,384.0
0.7323332690925128,0.0,0.18915015,0.354741197,0.0,384.0
0.667938316128577,0.0,0.17574302,0.370051254,0.0,384.0
0.6201557174118771,0.0,0.174337193,0.369280499,0.0,384.0
0.5822531914656766,0.0,0.17606452449999999,0.395453082,0.0,384.0
0.5766503240944728,0.0,0.174506436,0.412167219,0.0,384.0
0.5811276899410703,0.0,0.174306544,0.402514329,0.0,384.0
0.5987256882691756,0.0,0.173209905,0.378243612,0.0,384.0
0.656143368358303,0.06709389,0.171299812,0.370213542,0.0,384.0
0.7223403042092378,0.15778326,0.149521569,0.385714284,0.0,384.0
0.7698751168850404,0.275532123,0.173277305,0.419510356,0.0,384.0
0.7935799394043299,0.381154472,0.191227884,0.440829417,0.0,384.0
0.7982439162992396,0.456932367,0.187614948,0.439349186,0.0,384.0
0.7993053583107462,0.503655831,0.193854887,0.400326517,0.0,384.0
0.7993577684742881,0.527506724,0.205357893,0.410690582,0.0,384.0
0.7969900051304115,0.5133129,0.214548569,0.428276867,0.0,384.0
0.7893583194420651,0.513799874,0.229097258,0.418140356,0.0,384.0
0.7829810814896511,0.49918281,0.240349345,0.427529388,0.0,384.0
0.7788563221459857,0.437836659,0.242114324,0.436473918,0.0,384.0
0.7770753570081042,0.376173249,0.222821823,0.416761157,0.0,384.0
0.7752900093207495,0.278095722,0.185772658,0.380297523,0.0,384.0
0.7755819327292593,0.170622786,0.14937232,0.367528934,0.0,384.0
0.7752236469280354,0.057854156,0.131717692,0.346003277,0.0,384.0
0.7606766683430731,0.0,0.131549664,0.31794196,0.0,384.0
0.7285921958486621,0.0,0.117816463,0.28333476,0.0,384.0
0.6535790665300282,0.0,0.119332421,0.261246175,0.0,384.0
0.5845503664110885,0.0,0.128156657,0.2370559155,0.0,384.0
0.5465106435222005,0.0,0.1495808965,0.207009106,0.0,384.0
0.5458764658741188,0.0,0.170214711,0.192549141,0.0,384.0
0.5465577993496764,0.0,0.187136853,0.196687022,0.0,384.0
0.5440118321650956,0.085709298,0.191187182,0.213379991,0.0,384.0
0.5691997041629714,0.183524028,0.18174285,0.228501708,0.0,384.0
0.6172359470295777,0.293536722,0.183122074,0.249168555,0.0,384.0
0.6662020695943537,0.40254371,0.221393342,0.276717057,0.0,384.0
0.6789270313395246,0.451106502,0.254458764,0.301786601,0.0,384.0
0.6798895108630542,0.426753508,0.305613365,0.352181464,0.0,384.0
0.6800344440345667,0.349294373,0.351946647,0.394247671,0.0,384.0
0.6766876551704477,0.307800766,0.387566372,0.428154633,0.0,384.0
0.6709404136642577,0.273610765,0.412422047,0.465151007,0.0,384.0
0.669321195843202,0.220215926,0.420613123,0.505007181,0.0,384.0
0.6684472143996053,0.144006227,0.422605196,0.542355277,0.0,384.0
0.6705881647827606,0.084630147,0.404582056,0.576492225,0.0,384.0
0.6706564054302421,0.04735285,0.406405458,0.616573668,0.0,384.0
0.6712552776106423,0.026365172,0.410804456,0.655933112,0.0,384.0
0.6699858491802708,0.0023501515,0.4051271945,0.6765053605,0.0,384.0
0.6581723208172217,0.0,0.375191725,0.6683527585,0.0,384.0
0.5835551079815784,0.0,0.3395234005,0.652208252,0.0,384.0
0.5433914502699397,0.0,0.3108139485,0.6245242305,0.0,384.0
0.5426069509050281,0.0,0.290104173,0.606484085,0.0,384.0
0.5440994360564892,0.0,0.283978183,0.588595439,0.0,384.0
0.5409096096693465,0.019869701,0.284584488,0.572534212,0.0,384.0
0.5684294700472015,0.042724964,0.291939278,0.550949476,0.0,384.0
0.6148801235183303,0.084719832,0.307756603,0.52761561,0.0,384.0
0.6660561972954575,0.136146898,0.30715742,0.496631759,0.0,384.0
0.6794500606504429,0.200283075,0.240050044,0.413944551,0.0,384.0
0.6802524921662448,0.229317929,0.25855177,0.382329264,0.0,384.0
0.6800344440345667,0.266484142,0.243887438,0.371786727,0.0,384.0
0.6764040046928186,0.235784497,0.229733232,0.34349348,0.0,384.0
0.6709404136642577,0.238323675,0.21112237,0.320673063,0.0,384.0
0.6694138975269389,0.231873852,0.196549465,0.282851171,0.0,384.0
0.6686428137566198,0.186172987,0.184123891,0.247744692,0.0,384.0
0.6707999522451499,0.149413445,0.170036243,0.217138282,0.0,384.0
0.6708710549437237,0.100984968,0.160251056,0.205173344,0.0,384.0
0.6714104514406372,0.068922778,0.157257665,0.186154063,0.0,384.0
0.6699347581000186,0.0132323865,0.15803846500000002,0.163103564,0.0,384.0
0.665506336795354,0.0,0.128309866,0.1388293,0.0,384.0
0.620049197640744,0.0,0.122931511,0.155016676,0.0,384.0
0.5809488153240103,0.0,0.121722829,0.176441307,0.0,384.0
0.5753217327981568,0.0,0.119351662,0.192944697,0.0,384.0
0.5801979891885699,0.0,0.118060053,0.200210829,0.0,384.0
0.5985361258318879,0.0,0.121655614,0.200514252,0.0,384.0
0.6556498980109348,0.02049772,0.116783102,0.196583386,0.0,384.0
0.722500173406248,0.073320956,0.110073136,0.203388943,0.0,384.0
0.7689514977212083,0.143308166,0.121794515,0.225093353,0.0,384.0
0.79266526401521,0.209454414,0.132893526,0.243841956,0.0,384.0
0.7969976968252466,0.260965832,0.127506909,0.254474071,0.0,384.0
0.7976258150167033,0.313030784,0.141722167,0.296567385,0.0,384.0
0.7977238382423453,0.330776116,0.166269199,0.339057054,0.0,384.0
0.7952209351562175,0.340849627,0.194366064,0.35998703,0.0,384.0
0.7895937184211121,0.325388965,0.223702833,0.375410463,0.0,384.0
0.7846997982308365,0.296131137,0.246542937,0.373863198,0.0,384.0
0.7801897429510929,0.254194683,0.24578615,0.355216802,0.0,384.0
0.7781042437282408,0.213953629,0.222547189,0.339002642,0.0,384.0
0.7752740894989268,0.140757482,0.206226849,0.324247407,0.0,384.0
0.774294572080522,0.053522426,0.1931649,0.300476523,0.0,384.0
0.7651826989646817,0.0033785805,0.17648897149999998,0.2801672395,0.0,384.0
0.7347508491022938,0.0,0.164184212,0.322286717,0.0,384.0
0.6437793309183136,0.0,0.1984903985,0.3287234825,0.0,384.0
0.5808964944983517,0.0,0.231032758,0.357460538,0.0,384.0
0.575095501073481,0.0,0.24393345,0.353672347,0.0,384.0
0.5801979891885699,0.0,0.245855821,0.34527385,0.0,384.0
0.5985939918140624,0.0,0.251902257,0.341023361,0.0,384.0
0.6556498980109348,0.033674946,0.263640134,0.335177632,0.0,384.0
0.7226692994654152,0.080352425,0.30647322,0.349338891,0.0,384.0
0.7694916095959434,0.155293836,0.378321085,0.38467163,0.0,384.0
0.793222726737314,0.237321143,0.428854073,0.429962499,0.0,384.0
0.7976815344605585,0.230124424,0.432765991,0.448586766,0.0,384.0
0.7979704170072583,0.215063006,0.464637312,0.474454277,0.0,384.0
0.7987670350829924,0.210579228,0.493948144,0.519000834,0.0,384.0
0.7959267744719235,0.221469313,0.527082648,0.547625015,0.0,384.0
0.7905471201631048,0.206280779,0.56646868,0.573850737,0.0,384.0
0.7858568487810654,0.203357214,0.573234283,0.595559925,0.0,384.0
0.7814084157231278,0.186255321,0.555118434,0.598738318,0.0,384.0
0.7796865686472979,0.153527435,0.51504156,0.602048805,0.0,384.0
0.7772613865504678,0.112800709,0.479290669,0.608491115,0.0,384.0
0.7753222068557329,0.040406359,0.463870758,0.612702866,0.0,384.0
0.7658559829890177,0.0031975025,0.4627810965,0.6012373504999999,0.0,384.0
0.701916914292149,0.0,0.4667156315,0.5976855590000001,0.0,384.0
0.6206085386176152,0.0,0.494794023,0.61443017,0.0,384.0
0.5791707568836708,0.0,0.5026416586666667,0.6291553653333334,0.0,384.0
0.5803330394579865,0.0,0.499851513,0.650316808,0.0,384.0
0.5985321906465872,0.0,0.502177902,0.659138407,0.0,384.0
0.6562330739841229,0.019106309,0.514552799,0.67377374,0.0,384.0
0.7237368232005418,0.049095973,0.554555723,0.693310235,0.0,384.0
0.7739736710794591,0.108103461,0.629507171,0.699663976,0.0,384.0
0.7944617018806446,0.190576717,0.681233662,0.69637064,0.0,384.0
0.798832503152216,0.248221055,0.674818328,0.689411213,0.0,384.0
0.7999122798074166,0.323979367,0.710309864,0.71329043,0.0,384.0
0.8005095421515531,0.347275055,0.731295287,0.743008302,0.0,384.0
0.7992479395577928,0.353369074,0.757625732,0.771501588,0.0,384.0
0.7931686171297225,0.376022,0.763388863,0.792273354,0.0,384.0
0.786627977220326,0.323186309,0.743754112,0.807341036,0.0,384.0
0.7814084157231278,0.270357673,0.709966091,0.81814,0.0,384.0
0.7791735562453,0.20685897,0.693660261,0.819855866,0.0,384.0
0.7763747050925274,0.14677448,0.669898907,0.814715995,0.0,384.0
0.7743548528845678,0.058822215,0.670324969,0.810177658,0.0,384.0
0.7655721983696124,0.007167814,0.643543961,0.8089273025,0.0,384.0
0.7018013165370518,0.0,0.5814597024999999,0.8033486105,0.0,384.0
0.6206085386176152,0.0,0.592468643,0.804740493,0.0,384.0
0.5810983992610723,0.0,0.5872626975,0.7821983585,0.0,384.0
0.5753725779293277,0.0,0.573524742,0.764075081,0.0,384.0
0.5800200983003593,0.0,0.573212502,0.749455435,0.0,384.0
0.5977368246507304,0.0,0.561770842,0.729642007,0.0,384.0
0.6556089356469081,0.023901325,0.542917559,0.735860032,0.0,384.0
0.7225651049083675,0.082342818,0.532150781,0.751090543,0.0,384.0
0.7689472942523558,0.163224793,0.573564423,0.770975771,0.0,384.0
0.7935584744259914,0.23743964,0.552722595,0.760004014,0.0,384.0
0.7976720541187422,0.321359003,0.53006054,0.710878936,0.0,384.0
0.7974706413216599,0.397340302,0.543790672,0.692265802,0.0,384.0
0.7965526566522265,0.445799779,0.530011853,0.640221862,0.0,384.0
0.7936123157500308,0.527965155,0.540074072,0.630066538,0.0,384.0
0.7875793218968339,0.563199532,0.574919818,0.625286313,0.0,384.0
0.7828293957506871,0.512376643,0.586597744,0.622446094,0.0,384.0
0.7786453395342525,0.451100122,0.582349844,0.614241336,0.0,384.0
0.7771177502627254,0.33815203,0.553560086,0.590805242,0.0,384.0
0.7746964138783615,0.229047489,0.503489019,0.57507529,0.0,384.0
0.7738651835807242,0.122279406,0.480184178,0.567685684,0.0,384.0
0.76661128107929,0.0089316585,0.460024384,0.559504284,0.0,384.0
0.7338366656113365,0.0,0.477384568,0.568309369,0.0,384.0
0.643814792794766,0.0,0.458970373,0.569180508,0.0,384.0
0.5866181569627094,0.0,0.459672453,0.571643212,0.0,384.0
0.5767339479966729,0.0,0.4523191135,0.533944421,0.0,384.0
0.5814962610697182,0.0,0.446760787,0.495990589,0.0,384.0
0.5988017994222096,0.0,0.437131576,0.479716134,0.0,384.0
0.6553477787478356,0.046135222,0.43918014,0.47871625,0.0,384.0
0.722435644464408,0.093307418,0.464752165,0.490086631,0.0,384.0
0.7700477309002873,0.17225008,0.519047818,0.510448845,0.0,384.0
0.7936552455717563,0.243959058,0.55623061,0.536549749,0.0,384.0
0.7975800231438854,0.284297113,0.621682765,0.562541112,0.0,384.0
0.7968998524103219,0.281548835,0.677320536,0.597111126,0.0,384.0
0.7967751766712607,0.244204028,0.719973067,0.636753515,0.0,384.0
0.793639504560651,0.210538923,0.747859731,0.680979226,0.0,384.0
0.7875552632859065,0.173804449,0.759003752,0.719319948,0.0,384.0
0.7831722089593095,0.132818559,0.765869187,0.746043026,0.0,384.0
0.7787472980801466,0.100140951,0.760917102,0.759692884,0.0,384.0
0.7771177502627254,0.080706676,0.758362127,0.760750328,0.0,384.0
0.7747202936785713,0.055651734,0.730207912,0.74986096,0.0,384.0
0.7738316446279806,0.026924448,0.705529557,0.737548029,0.0,384.0
0.7655748815425116,0.0023191785,0.6839234685,0.7286846525,0.0,384.0
0.735370291937542,0.0,0.677608941,0.756582292,0.0,384.0
0.6283184595953684,0.0,0.6942530075,0.765863591,0.0,384.0
0.5542770888619406,0.0,0.7009861715000001,0.757797634,0.0,384.0
0.5422463396198157,0.0,0.680873277,0.74414908,0.0,384.0
0.5426069509050281,0.0,0.668955986,0.73554984,0.0,384.0
0.5440994360564892,0.0,0.649869363,0.723373645,0.0,384.0
0.5409785210257081,0.01938802,0.637050133,0.722316274,0.0,384.0
0.5684665865638107,0.063885143,0.642348859,0.719767815,0.0,384.0
0.6148801235183303,0.139443008,0.707025081,0.738990924,0.0,384.0
0.6662006833727004,0.202186305,0.725893515,0.743012742,0.0,384.0
0.6793809256794708,0.249801521,0.66558766,0.679401133,0.0,384.0
0.6803944739487819,0.292213152,0.658383891,0.693797987,0.0,384.0
0.6813792234362573,0.316280298,0.643270093,0.69991053,0.0,384.0
0.6785018463085793,0.344228215,0.651589493,0.710669225,0.0,384.0
0.6734944301651087,0.320699101,0.646217885,0.705393073,0.0,384.0
0.672168700919885,0.307095644,0.607248193,0.676086007,0.0,384.0
0.6718382747731128,0.229004078,0.556100859,0.649840554,0.0,384.0
0.6725404918560118,0.16704814,0.485953185,0.615044872,0.0,384.0
0.6725940200926062,0.102099608,0.423389206,0.580248936,0.0,384.0
0.6726639152452929,0.031358855,0.400236276,0.56315109,0.0,384.0
0.670337852045211,0.001534427,0.414212825,0.5710805205,0.0,384.0
0.6598327020800165,0.0,0.422113816,0.6370608305000001,0.0,384.0
0.5869500364694984,0.0,0.4198222995,0.6600640179999999,0.0,384.0
0.5448624406412762,0.0,0.44195606066666665,0.68981905,0.0,384.0
0.544376333966667,0.0,0.45567992,0.724187905,0.0,384.0
0.5408677529818292,0.010651585,0.45002274,0.745041685,0.0,384.0
0.5684912712146766,0.033807753,0.465477498,0.753766098,0.0,384.0
0.6160070784029534,0.071420644,0.464113224,0.748394857,0.0,384.0
0.6663440513768908,0.120335027,0.438640192,0.7352392,0.0,384.0
0.6794500606504429,0.173859305,0.364145743,0.671111465,0.0,384.0
0.6803944739487819,0.228740717,0.373179369,0.654066697,0.0,384.0
0.6799541070107336,0.2843579545,0.3610009825,0.6312102615,0.0,384.0
0.6733294630408038,0.304307573,0.329071018,0.583053779,0.0,384.0
0.672168700919885,0.283863208,0.288742052,0.540202328,0.0,384.0
0.6718821437222218,0.235325257,0.251773332,0.502745263,0.0,384.0
0.6726300185361627,0.19207396,0.209694359,0.458000016,0.0,384.0
0.6725940200926062,0.127302528,0.16392315,0.418480554,0.0,384.0
0.6723344282259043,0.04792527,0.142562818,0.372645746,0.0,384.0
0.6703297803269943,0.002178972,0.113722326,0.3138463635,0.0,384.0
0.6633753139832361,0.0,0.084642473,0.244958226,0.0,384.0
0.6489740734879184,0.0,0.083536004,0.2054884015,0.0,384.0
0.5841137111112058,0.0,0.07899192099999999,0.17570303650000002,0.0,384.0
0.5772942279659762,0.0,0.072825258,0.142846718,0.0,384.0
0.5824153188733597,0.0,0.072109569,0.129794232,0.0,384.0
0.5992905295986696,0.0,0.070454738,0.115193974,0.0,384.0
0.6563534118426525,0.020779283,0.070506886,0.106386427,0.0,384.0
0.7249726678742765,0.042466805,0.071312012,0.099732443,0.0,384.0
0.7739736710794591,0.082827349,0.070741809,0.093195003,0.0,384.0
0.7944617018806446,0.133079961,0.069785051,0.086687027,0.0,384.0
0.7991173610407808,0.190226019,0.065737075,0.086925329,0.0,384.0
0.7998276721088915,0.205559183,0.070833812,0.099368092,0.0,384.0
0.7984274862833148,0.2182149395,0.0809798875,0.127523292,0.0,384.0
0.7907774212148572,0.238900416,0.091314852,0.156635614,0.0,384.0
0.7860562939854975,0.212065615,0.091543001,0.168016309,0.0,384.0
0.781706778611644,0.189767749,0.085791442,0.176348318,0.0,384.0
0.7800622054308424,0.140878344,0.081821071,0.184459525,0.0,384.0
0.7774681656933484,0.087717018,0.079961138,0.186804667,0.0,384.0
0.775387853735674,0.040819405,0.07965594,0.183996013,0.0,384.0
0.766450741105924,0.001476364,0.0729422375,0.1665464435,0.0,384.0
0.7028138140066253,0.0,0.049332477,0.146641126,0.0,384.0
0.6047652556092034,0.0,0.0509448215,0.1171109685,0.0,384.0
0.5763792842933043,0.0,0.047827768,0.090050561,0.0,384.0
0.580655013728209,0.0,0.053178987,0.074602353,0.0,384.0
0.5987795742621566,0.0,0.068420815,0.076267187,0.0,384.0
0.6559680264337397,0.016128456,0.091602833,0.089683947,0.0,384.0
0.723102131252351,0.062126895,0.11385448,0.109665695,0.0,384.0
0.7697143085606467,0.119866257,0.135556692,0.141305003,0.0,384.0
0.7931930336319879,0.182553531,0.17604428,0.180226073,0.0,384.0
0.7977873387189186,0.214466337,0.209936011,0.212396338,0.0,384.0
0.7984791363326177,0.253904667,0.264370946,0.25113916,0.0,384.0
0.7994567756312068,0.3111376815,0.331990365,0.296204276,0.0,384.0
0.794000205318698,0.314357379,0.400604459,0.334236227,0.0,384.0
0.78880345035255,0.297344409,0.433534701,0.36030396,0.0,384.0
0.7844948973427233,0.260307587,0.42646271,0.394506111,0.0,384.0
0.7828701791690448,0.218881484,0.427304444,0.436191214,0.0,384.0
0.7807843221898061,0.143271605,0.444814567,0.476628007,0.0,384.0
0.7765625234168239,0.088869928,0.482191118,0.51044809,0.0,384.0
0.7668219506710539,0.00189848,0.5209240625,0.5458982795,0.0,384.0
0.7355569028509027,0.0,0.537318962,0.578399076,0.0,384.0
0.6720550260210207,0.0,0.545686496,0.563601238,0.0,384.0
0.6216049596541678,0.0,0.530440784,0.538166297,0.0,384.0
0.5874961183954996,0.0,0.510201732,0.515002783,0.0,384.0
0.5757871198764625,0.0,0.47558481,0.498026174,0.0,384.0
0.5753154721288679,0.0,0.443058973,0.481929315,0.0,384.0
0.5802520986612099,0.0,0.412255143,0.468914572,0.0,384.0
0.5984513393226452,0.0,0.381267891,0.466936396,0.0,384.0
0.6559680264337397,0.020621101,0.364673743,0.469210676,0.0,384.0
0.7234420377409395,0.044613605,0.349847363,0.459072323,0.0,384.0
0.7700461209290721,0.095536143,0.348566728,0.458638215,0.0,384.0
0.793363679919633,0.164663692,0.343892154,0.465404698,0.0,384.0
0.7969976968252466,0.218440576,0.324128079,0.427624919,0.0,384.0
0.7973550883029799,0.264524259,0.311457265,0.419811153,0.0,384.0
0.7977238382423453,0.296785238,0.295181075,0.405063248,0.0,384.0
0.7958207911329429,0.307237139,0.306813004,0.398105331,0.0,384.0
0.7903040296241742,0.304138799,0.306157417,0.39396903,0.0,384.0
0.7858310907260883,0.306479839,0.291735592,0.389462941,0.0,384.0
0.7809726772161582,0.300274889,0.286540937,0.384558628,0.0,384.0
0.7786363957595404,0.217675655,0.276710721,0.379495287,0.0,384.0
0.7755689642964121,0.144076847,0.250045848,0.369648632,0.0,384.0
0.774294572080522,0.052726764,0.231037889,0.355982381,0.0,384.0
0.765244231781129,0.001321898,0.213871462,0.3212055915,0.0,384.0
0.7348608569644581,0.0,0.203646332,0.302503706,0.0,384.0
0.66764514064019,0.0,0.212316759,0.288426834,0.0,384.0
0.620049197640744,0.0,0.23276734,0.289915836,0.0,384.0
0.5810338255153393,0.0,0.254970334,0.29851182649999997,0.0,384.0
0.575095501073481,0.0,0.286501825,0.324936743,0.0,384.0
0.5802655143232782,0.0,0.316196327,0.341947541,0.0,384.0
0.5985310725735347,0.0,0.322328508,0.368116111,0.0,384.0
0.6557633044912955,0.009666937,0.322559007,0.412410996,0.0,384.0
0.7229942251246131,0.066168043,0.318497926,0.439202576,0.0,384.0
0.7697935500483252,0.142091524,0.331122581,0.468050288,0.0,384.0
0.7946796605394882,0.206620696,0.369632832,0.490334976,0.0,384.0
0.7975677702238113,0.287231124,0.384136912,0.502842239,0.0,384.0
0.7969678246392999,0.35553763,0.434448932,0.550327547,0.0,384.0
0.7966531843075259,0.4377186,0.475095625,0.576387038,0.0,384.0
0.7937650746232029,0.497343425,0.517840561,0.600834385,0.0,384.0
0.7875552632859065,0.462109891,0.556969912,0.631522879,0.0,384.0
0.7831722089593095,0.403938698,0.586789576,0.651488385,0.0,384.0
0.7787655432510062,0.339808647,0.601654879,0.66628812,0.0,384.0
0.7769511284982641,0.262157028,0.602182334,0.681690618,0.0,384.0
0.7749948662397123,0.183529538,0.584084198,0.711147508,0.0,384.0
0.7760831394404041,0.096742817,0.585301124,0.743846173,0.0,384.0
0.7673354549712144,0.002059596,0.5632813240000001,0.7966280665,0.0,384.0
0.7316539928173915,0.0,0.586766249,0.800867989,0.0,384.0
0.667938316128577,0.0,0.580470803,0.81788031,0.0,384.0
0.6036760433486037,0.0,0.5950458085,0.820932674,0.0,384.0
0.5769561102593206,0.0,0.5784785895,0.820183334,0.0,384.0
0.5811640462759649,0.0,0.565395567,0.808619537,0.0,384.0
0.5987848510001688,0.0,0.547063194,0.794294227,0.0,384.0
0.6563109291151966,0.028367506,0.533428452,0.780078548,0.0,384.0
0.7221163084957158,0.146580128,0.515314788,0.762104709,0.0,384.0
0.7734019877096792,0.267883356,0.55635421,0.754705866,0.0,384.0
0.7977146261840811,0.386065698,0.565339874,0.745245319,0.0,384.0
0.7992435570083197,0.453653731,0.532919417,0.704567391,0.0,384.0
0.7981425837932842,0.51089127,0.552765853,0.732331607,0.0,384.0
0.7977185615043331,0.553590182,0.584703742,0.75432726,0.0,384.0
0.7950915193811996,0.542158202,0.586871388,0.771076657,0.0,384.0
0.789994665895461,0.550041629,0.590576046,0.799767381,0.0,384.0
0.7864421264886797,0.471239334,0.599020224,0.802578178,0.0,384.0
0.7870331282984788,0.404301371,0.600255421,0.790627004,0.0,384.0
0.7859713285305857,0.316402417,0.572543764,0.784867667,0.0,384.0
0.7889423464693842,0.208902962,0.504294249,0.758513742,0.0,384.0
0.7918697190736841,0.095769377,0.466267533,0.745555084,0.0,384.0
0.7692068413151647,0.0016676575,0.4271410315,0.7224773845,0.0,384.0
0.7248742868922479,0.0,0.435712724,0.699468893,0.0,384.0
0.6302375159319522,0.0,0.404474813,0.7014080665,0.0,384.0
0.5583705675310111,0.0,0.39594017800000003,0.6875718295,0.0,384.0
0.5464828732731073,0.0,0.377821333,0.660317466,0.0,384.0
0.5468461899982137,0.0,0.345587676,0.616185427,0.0,384.0
0.5470870893298836,0.028123822,0.311604172,0.578666011,0.0,384.0
0.5708412812858562,0.194676453,0.265509666,0.517598914,0.0,384.0
0.6232918814206495,0.36341005,0.257672179,0.462593818,0.0,384.0
0.6774672801551994,0.499628575,0.242191198,0.396564861,0.0,384.0
0.6857294541879324,0.610638532,0.181114416,0.29193293,0.0,384.0
0.6826986026743093,0.637558752,0.1685604,0.267842691,0.0,384.0
0.6820700372536314,0.628503625,0.151598217,0.251761431,0.0,384.0
0.6765640080316048,0.655093307,0.139193262,0.238560005,0.0,384.0
0.671111909606452,0.573327537,0.131759985,0.213114515,0.0,384.0
0.6695979148077108,0.54822444,0.122860221,0.186276806,0.0,384.0
0.6689729269508985,0.435784289,0.109668405,0.160019349,0.0,384.0
0.670993181584186,0.279710381,0.099052832,0.133111384,0.0,384.0
0.6752892133903865,0.173392513,0.076728476,0.104369168,0.0,384.0
0.6801666323878424,0.078299713,0.074097284,0.08783013,0.0,384.0
0.6873001970307469,0.0006630335,0.08660013,0.0807478125,0.0,384.0
0.6725507323795428,0.0,0.148204441,0.134573532,0.0,384.0
0.6535906932752124,0.0,0.1878935,0.172940773,0.0,384.0
0.6042590404435985,0.0,0.231387007,0.217998238,0.0,384.0
0.5645865277302912,0.0,0.263420174,0.266039331,0.0,384.0
0.5448641250157433,0.0,0.31483229700000004,0.3506643985,0.0,384.0
0.54376104993133,0.0,0.382846387,0.445935351,0.0,384.0
0.5443304972899562,0.0,0.429804357,0.534733736,0.0,384.0
0.5417368599777903,0.005082575,0.47471609,0.621381272,0.0,384.0
0.569262578599606,0.02377974,0.511126565,0.709287222,0.0,384.0
0.6205433388319437,0.053743847,0.536296079,0.79151659,0.0,384.0
0.6766131091847359,0.066868753,0.582701459,0.84443927,0.0,384.0
0.6898092266443875,0.064487825,0.606325563,0.836854997,0.0,384.0
0.6907878496043502,0.082593979,0.671889116,0.867744108,0.0,384.0
0.689574453705279,0.083384525,0.71223247,0.884190912,0.0,384.0
0.6842522181494138,0.088611535,0.721272978,0.887719545,0.0,384.0
0.6784513142648534,0.096164104,0.715602363,0.871507917,0.0,384.0
0.6747505772101391,0.089979374,0.676344341,0.835202159,0.0,384.0
0.6719078123043644,0.086879661,0.631720829,0.825634994,0.0,384.0
0.6711619498869669,0.063520437,0.589600011,0.837443926,0.0,384.0
0.6711629783522335,0.056183458,0.572797358,0.845517379,0.0,384.0
0.6720306991265413,0.024033058,0.568392252,0.838375778,0.0,384.0
0.6719537159844875,0.0,0.5654983745,0.84358905,0.0,384.0
0.6634781668526208,0.0,0.576432802,0.819160823,0.0,384.0
0.6671587358127669,0.0,0.616090049,0.82766304,0.0,384.0
0.6194687494419208,0.0,0.628531892,0.826413888,0.0,384.0
0.5858830717708983,0.0,0.630128436,0.830239049,0.0,384.0
0.5752851082471859,0.0,0.613105656,0.8418291179999999,0.0,384.0
0.5803359461780204,0.0,0.583479855,0.839073187,0.0,384.0
0.5988680276731477,0.0,0.562778702,0.820020395,0.0,384.0
0.6549339523134738,0.010739393,0.555289129,0.802055043,0.0,384.0
0.7226714458687831,0.088125775,0.554423964,0.786161073,0.0,384.0
0.770153892915034,0.185093206,0.613202683,0.791853198,0.0,384.0
0.7942559065340893,0.271965846,0.645223463,0.782648332,0.0,384.0
0.7978145276644903,0.289622811,0.597040936,0.72174916,0.0,384.0
0.7974829835796171,0.297740228,0.597825556,0.725548411,0.0,384.0
0.7966696406964527,0.289756066,0.567934329,0.705913232,0.0,384.0
0.7937650746232029,0.298085163,0.555383788,0.691433393,0.0,384.0
0.7875793218968339,0.304277019,0.524575018,0.665380457,0.0,384.0
0.7829549658132389,0.274879162,0.478407231,0.613914187,0.0,384.0
0.7787371022255573,0.227878878,0.406346162,0.545785871,0.0,384.0
0.7769708941675043,0.183264662,0.331066058,0.465063769,0.0,384.0
0.7747845096679177,0.127889415,0.25570225,0.389685519,0.0,384.0
0.7744813172706103,0.057327363,0.208548676,0.329004401,0.0,384.0
0.7665002893533249,0.0006094555,0.177974223,0.272853987,0.0,384.0
0.7348383187169599,0.0,0.19135683,0.268500019,0.0,384.0
0.643316895296459,0.0,0.20317737749999998,0.253283123,0.0,384.0
0.5813802832912395,0.0,0.20877556800000002,0.2222240485,0.0,384.0
0.5781844198494185,0.0,0.221468644,0.2095675165,0.0,384.0
0.5987285949892095,0.0,0.251693286,0.208083879,0.0,384.0
0.6548205458331132,0.010660278,0.280890401,0.226587638,0.0,384.0
0.7227448739163937,0.109768403,0.319006805,0.263662322,0.0,384.0
0.7695624440109652,0.222779977,0.350698621,0.29453755,0.0,384.0
0.7938675697362011,0.309152896,0.437775201,0.330271896,0.0,384.0
0.7975800231438854,0.371348165,0.472603252,0.38787124,0.0,384.0
0.7969309765411943,0.343608477,0.455117932,0.387194442,0.0,384.0
0.795193656805287,0.351215441,0.45603068150000003,0.3718557965,0.0,384.0
0.7875454251877037,0.311388696,0.423010107,0.352692009,0.0,384.0
0.7828293957506871,0.266055995,0.375492106,0.327438729,0.0,384.0
0.7785141349773019,0.206524842,0.33383859,0.296128813,0.0,384.0
0.7769708941675043,0.149481483,0.288616771,0.284893044,0.0,384.0
0.7747845096679177,0.074695477,0.253720713,0.289847343,0.0,384.0
0.7754302471252469,0.023860144,0.239797876,0.310653726,0.0,384.0
0.7663215936144583,0.0,0.22849313300000001,0.341302189,0.0,384.0
0.7009282519538437,0.0,0.21851139749999998,0.339525649,0.0,384.0
0.603151806559274,0.0,0.21577915199999997,0.3113661305,0.0,384.0
0.5760892167376153,0.0,0.2352976145,0.3113564775,0.0,384.0
0.5804661221347529,0.0,0.227040738,0.320017394,0.0,384.0
0.5985959594067126,0.0,0.231337796,0.342960776,0.0,384.0
0.6553477787478356,0.005984261,0.24281065,0.367085774,0.0,384.0
0.7219541586186105,0.099196912,0.25265405,0.375183106,0.0,384.0
0.7722335786978183,0.217676154,0.260981341,0.379235264,0.0,384.0
0.7969858909994418,0.339658287,0.334290211,0.397858416,0.0,384.0
0.7981510803387754,0.413627082,0.332774001,0.382908617,0.0,384.0
0.7975677702238113,0.504597212,0.331169547,0.399647085,0.0,384.0
0.7967175791075899,0.499865528,0.350630988,0.409204879,0.0,384.0
0.7936597174591123,0.496796469,0.372502752,0.412186005,0.0,384.0
0.7875793218968339,0.537096589,0.387691334,0.411561577,0.0,384.0
0.7828293957506871,0.501311178,0.393288566,0.398004037,0.0,384.0
0.7785141349773019,0.396256866,0.370478022,0.403318019,0.0,384.0
0.7769708941675043,0.323830907,0.343403591,0.400645759,0.0,384.0
0.7749948662397123,0.196736589,0.301517782,0.364899662,0.0,384.0
0.7765576937730811,0.071564544,0.271166011,0.342760955,0.0,384.0
0.7751361771784178,0.0,0.238560874,0.326059234,0.0,384.0
0.75902100484924,0.0,0.208540182,0.301503568,0.0,384.0
0.730839218908681,0.0,0.186942027,0.257373985,0.0,384.0
0.6680725167434446,0.0,0.163176495,0.225186157,0.0,384.0
0.620596285697541,0.0,0.140577282,0.193721529,0.0,384.0
0.5824974224121305,0.0,0.11930938999999999,0.16206746249999998,0.0,384.0
0.577296106085792,0.0,0.098733553,0.141335762,0.0,384.0
0.5812520972616281,0.0,0.089704577,0.126276777,0.0,384.0
0.5989588512370687,0.0,0.082039204,0.113722591,0.0,384.0
0.6570068408598653,0.010785003,0.071029612,0.094295214,0.0,384.0
0.7235775352395772,0.131718211,0.054074405,0.078223298,0.0,384.0
0.7772629963867316,0.25950193,0.037426615,0.064915893,0.0,384.0
0.7978972572431997,0.402066369,0.03253283,0.05131106,0.0,384.0
0.7980870431601466,0.52110668,0.037070203,0.039938452,0.0,384.0
0.7967107818711968,0.5749375605,0.0400617625,0.0331132145,0.0,384.0
0.7906623154253982,0.446437635,0.046143330999999996,0.034569644,0.0,384.0
0.7829309070673601,0.326557817,0.044848768,0.035045259,0.0,384.0
0.7786058081957721,0.262517362,0.044335639,0.037377559,0.0,384.0
0.7769708941675043,0.212937319,0.047797302,0.04334072,0.0,384.0
0.7760498687712125,0.133929392,0.05482595,0.051128408,0.0,384.0
0.7765256753187182,0.060641024,0.073324029,0.060932245,0.0,384.0
0.7678443979786599,0.0,0.1061324015,0.08017410750000001,0.0,384.0
0.7302062710734816,0.0,0.136398804,0.094040877,0.0,384.0
0.6442980672875448,0.0,0.1360976015,0.0991101175,0.0,384.0
0.5821668843905774,0.0,0.153343815,0.11946641499999999,0.0,384.0
0.5787089920606638,0.0,0.1956597225,0.161423822,0.0,384.0
0.598493822050101,0.0,0.232386559,0.20612732,0.0,384.0
0.6566052673455778,0.009518939,0.259181782,0.236343983,0.0,384.0
0.7223870352094393,0.14396359,0.274309763,0.264210532,0.0,384.0
0.7702487859409831,0.278210573,0.263796672,0.284905525,0.0,384.0
0.7938809853982695,0.426982489,0.309626108,0.309244702,0.0,384.0
0.7969309765411943,0.560116159,0.352737115,0.306537941,0.0,384.0
0.7970289550978948,0.6635221805,0.41441401600000005,0.32974860250000004,0.0,384.0
0.7945306580408992,0.578825276,0.435884724,0.327874442,0.0,384.0
0.7884848747005239,0.461399834,0.421916714,0.320568977,0.0,384.0
0.7835908650374138,0.394479668,0.401850542,0.326603899,0.0,384.0
0.7791567420999868,0.305312499,0.37204195,0.332080666,0.0,384.0
0.7773542225109321,0.221976619,0.354431188,0.330274582,0.0,384.0
0.7748909401011679,0.141478575,0.352650609,0.334230372,0.0,384.0
0.773848637718963,0.055194097,0.352158686,0.346254792,0.0,384.0
0.7742574555639129,0.0,0.353545654,0.363232901,0.0,384.0
0.7586047635930069,0.0,0.351086131,0.368452232,0.0,384.0
0.7333901498787804,0.0,0.3362889,0.372450845,0.0,384.0
0.6321628776067665,0.0,0.31805367900000003,0.3795891905,0.0,578.5
0.5597474549273751,0.0,0.26753322999999996,0.361705351,0.0,773.0
0.547931735357065,0.0,0.2113401795,0.312699779,0.0,773.0
0.5497664522786757,0.0,0.182743373,0.290981989,0.0,773.0
0.5470208162750524,0.005532501,0.17133342,0.285577101,0.0,773.0
0.574368196914388,0.063659361,0.151135324,0.270323064,0.0,773.0
0.6218437572514114,0.127204222,0.133486441,0.252279655,0.0,773.0
0.6704868769457466,0.195483368,0.129302117,0.243414839,0.0,773.0
0.6831229827196468,0.284284215,0.108641927,0.198253209,0.0,773.0
0.6841988017201247,0.351871057,0.1284511275,0.1991495375,0.0,773.0
0.6809752351000986,0.358369405,0.142682063,0.199710762,0.0,773.0
0.675244852543115,0.302360078,0.150167041,0.198311974,0.0,773.0
0.6741699948695399,0.256216982,0.151510081,0.198841457,0.0,773.0
0.6727233910637311,0.197007869,0.136007129,0.198902822,0.0,773.0
0.6755801081986783,0.136317085,0.114997845,0.205025246,0.0,773.0
0.6749986763384814,0.076612814,0.10887516,0.214617357,0.0,773.0
0.6764522115224593,0.033957882,0.122354397,0.231730294,0.0,773.0
0.676327580587291,0.0,0.1632790885,0.28362976949999996,0.0,773.0
0.6686453180513258,0.0,0.210922422,0.345554675,0.0,773.0
0.6317113980886916,0.0,0.236646902,0.372710619,0.0,773.0
0.5588635683146874,0.0,0.298801292,0.4341134365,0.0,773.0
0.5484418857304623,0.0,0.34707836233333333,0.473846885,0.0,773.0
0.5467272383613372,0.005356096,0.364541507,0.480604372,0.0,773.0
0.5743021474741674,0.083488915,0.380785327,0.47643967,0.0,773.0
0.6206563875559179,0.166706867,0.396948935,0.463782841,0.0,773.0
0.6701733545520737,0.258382675,0.427746451,0.456756279,0.0,773.0
0.6824222413312355,0.329136448,0.395519478,0.417118974,0.0,773.0
0.684651757000163,0.407560006,0.44967027849999996,0.4240409095,0.0,773.0
0.6818223853545101,0.445468165,0.436107001,0.432447592,0.0,773.0
0.6757759759741963,0.419575166,0.395405716,0.43146635,0.0,773.0
0.6744287817506341,0.343982147,0.365697904,0.422196272,0.0,773.0
0.6736759431511747,0.263188576,0.313223818,0.400913079,0.0,773.0
0.6747304984534539,0.180451731,0.290210477,0.384351092,0.0,773.0
0.6750046685892668,0.100946168,0.278838837,0.370505591,0.0,773.0
0.6768405483203475,0.021366377,0.272322878,0.348723623,0.0,773.0
0.6764944034969408,0.0,0.25193048149999997,0.3052538645,0.0,773.0
0.6688928358086709,0.0,0.195132854,0.226745023,0.0,773.0
0.647944202836505,0.0,0.194762249,0.2241522165,0.0,773.0
0.5874032601005645,0.0,0.203239554,0.22947294099999999,0.0,773.0
0.5815751448010101,0.0,0.198609774,0.25041026,0.0,773.0
0.5871847424051947,0.0,0.194257515,0.287905383,0.0,773.0
0.60681390673395,0.0,0.190340777,0.32331129,0.0,773.0
0.6656554734357192,0.003478158,0.183301438,0.340996756,0.0,773.0
0.7328577295639289,0.090193405,0.174975217,0.345680307,0.0,773.0
0.779401353137298,0.205061363,0.154753897,0.338328132,0.0,773.0
0.7998653251926047,0.323738627,0.192949723,0.348148591,0.0,773.0
0.8025843089527118,0.420481699,0.187900097,0.327256628,0.0,773.0
0.8022485612640344,0.464409574,0.187190815,0.329150032,0.0,773.0
0.801601303443276,0.47622811,0.192659698,0.339425161,0.0,773.0
0.7986603363661903,0.47420701,0.207568454,0.350470406,0.0,773.0
0.7921609269694208,0.421752272,0.21951461,0.360742994,0.0,773.0
0.7884371151001044,0.364973591,0.228303158,0.372538517,0.0,773.0
0.7854876514775273,0.297014597,0.236716359,0.381908372,0.0,773.0
0.7852926781604515,0.227399333,0.245727698,0.39039692,0.0,773.0
0.7845360385174673,0.139141439,0.246972136,0.391284797,0.0,773.0
0.7850452945448823,0.05520705,0.245761999,0.382786255,0.0,773.0
0.7773651338782948,0.0,0.233403739,0.366888079,0.0,773.0
0.7415325226200877,0.0,0.203786742,0.344994615,0.0,773.0
0.6487884240364119,0.0,0.19378629,0.362661924,0.0,773.0
0.5877894727620799,0.0,0.165091573,0.36377298150000004,0.0,773.0
0.5850059600601328,0.0,0.1368181785,0.336757879,0.0,773.0
0.6068892129013763,0.0,0.124750221,0.327011463,0.0,773.0
0.6666915152835867,0.002922038,0.126313688,0.330375394,0.0,773.0
0.7327585435962927,0.086297004,0.130277586,0.336382463,0.0,773.0
0.7855225321179341,0.173883695,0.120850744,0.331756918,0.0,773.0
0.8054488965932116,0.280536808,0.116213199,0.329888772,0.0,773.0
0.806053045511624,0.371043163,0.103445115,0.297143633,0.0,773.0
0.8037168535953165,0.461104274,0.1058082225,0.2766699655,0.0,773.0
0.7998199805490079,0.445895428,0.113126144,0.27927837,0.0,773.0
0.7937672211615222,0.397600051,0.113750066,0.28481406,0.0,773.0
0.7896532837123849,0.312733014,0.119309668,0.29305631,0.0,773.0
0.7868878820395213,0.254812222,0.123881237,0.300263871,0.0,773.0
0.7865075945579033,0.165464232,0.129151,0.319213678,0.0,773.0
0.7867034623334213,0.08800561,0.126274862,0.336758233,0.0,773.0
0.7865890272528425,0.018355499,0.1444435215,0.35718230149999997,0.0,773.0
0.7697710118008271,0.0,0.155119271,0.364232315,0.0,773.0
0.7428492634216577,0.0,0.136504657,0.355092835,0.0,773.0
0.648430808944068,0.0,0.14255692949999998,0.366910903,0.0,773.0
0.5855476818835913,0.0,0.13212594166666666,0.368798331,0.0,773.0
0.5869131660369221,0.0,0.138451738,0.35124796,0.0,773.0
0.60681390673395,0.0,0.140101285,0.346070805,0.0,773.0
0.6661412968921452,0.002431159,0.139471111,0.336019517,0.0,773.0
0.7325963937191873,0.086153672,0.138281174,0.337412202,0.0,773.0
0.7808698243467734,0.17565785,0.132070924,0.329461487,0.0,773.0
0.8027578172914493,0.292859321,0.138798284,0.322014319,0.0,773.0
0.8040912382315081,0.369370947,0.140989541,0.288638519,0.0,773.0
0.8025916875601018,0.40319713749999997,0.1926576775,0.287879948,0.0,773.0
0.7993581262306746,0.330084888,0.220464683,0.293376081,0.0,773.0
0.7928314385504505,0.257692062,0.236907038,0.294291971,0.0,773.0
0.7884803133403333,0.206044267,0.247264214,0.284426599,0.0,773.0
0.7857247497656726,0.157431723,0.251357916,0.276719585,0.0,773.0
0.7852926781604515,0.121471573,0.243912625,0.292318887,0.0,773.0
0.7844548294371386,0.080146958,0.237676637,0.31370833,0.0,773.0
0.78490416248437,0.010240602,0.2395552475,0.3285777355,0.0,773.0
0.7695595819598728,0.0,0.217924366,0.33014684,0.0,773.0
0.707578989198239,0.0,0.20104758849999999,0.34233725000000004,0.0,773.0
0.600109820018694,0.0,0.18529603666666664,0.2963144203333334,0.0,773.0
0.5851341460897443,0.0,0.1795042645,0.2849550335,0.0,773.0
0.6066950892388495,0.0,0.174575862,0.288932734,0.0,773.0
0.6666623140764233,0.002650908,0.172446066,0.277030888,0.0,773.0
0.7329571838151171,0.086647727,0.17228956,0.264033177,0.0,773.0
0.7845600077905117,0.18614624,0.181030293,0.264886819,0.0,773.0
0.8050728127153977,0.273419563,0.211384698,0.276011346,0.0,773.0
0.8043467605012303,0.35509447,0.200756241,0.240489026,0.0,773.0
0.8035130707127801,0.364070502,0.2193665365,0.252960575,0.0,773.0
0.7999319560038224,0.347606742,0.248986703,0.300815245,0.0,773.0
0.7954091112369006,0.314209237,0.272761765,0.354487822,0.0,773.0
0.7914978387996742,0.280753823,0.289055499,0.402006082,0.0,773.0
0.7898690959678607,0.246018183,0.300865186,0.434487362,0.0,773.0
0.7911760433401692,0.172380458,0.303506257,0.458788474,0.0,773.0
0.7926124064874956,0.109070227,0.295393048,0.471785663,0.0,773.0
0.7938872012636653,0.0167897765,0.288013422,0.4768251685,0.0,773.0
0.770114182765836,0.0,0.282315961,0.467857672,0.0,773.0
0.7039644696783136,0.0,0.28496558800000005,0.46219662100000003,0.0,773.0
0.6094046372586062,0.0,0.27461252550000004,0.465356518,0.0,773.0
0.584183360382287,0.0,0.294761586,0.497549933,0.0,773.0
0.5889603413322294,0.0,0.304738459,0.519156659,0.0,773.0
0.6092326493507736,0.0,0.298039638,0.52176116,0.0,773.0
0.6714338840116258,0.002724976,0.291076098,0.513192979,0.0,773.0
0.7372300513338809,0.121218388,0.270398236,0.490495028,0.0,773.0
0.7919935003543032,0.263045745,0.269111339,0.464153731,0.0,773.0
0.8128978618845561,0.368161874,0.305251117,0.459313141,0.0,773.0
0.8090808562983888,0.412789054,0.28071161,0.398967197,0.0,773.0
0.8062185045340914,0.428448084,0.302472311,0.435079384,0.0,773.0
0.8026759374347647,0.33360080599999997,0.3328349755,0.477478449,0.0,773.0
0.7948687310786133,0.299506656,0.340513711,0.514185156,0.0,773.0
0.7908578254445298,0.306239594,0.354677976,0.511806309,0.0,773.0
0.7881012780735439,0.24105575,0.337720699,0.483998038,0.0,773.0
0.7884089423582075,0.172321653,0.29280036,0.451717011,0.0,773.0
0.7892653046708833,0.103445154,0.259125588,0.416239423,0.0,773.0
0.7929433245999062,0.008024633,0.26819017,0.37825634799999996,0.0,773.0
0.7713762327237689,0.0,0.286170028,0.360544307,0.0,773.0
0.737824362289042,0.0,0.316478588,0.409947104,0.0,773.0
0.6327938579167915,0.0,0.317259062,0.38354369450000003,0.0,773.0
0.5604473913301787,0.0,0.34579763399999996,0.3694402495,0.0,773.0
0.5487995008677902,0.0,0.325894517,0.369307128,0.0,773.0
0.5500672746580048,0.0,0.299530781,0.415791327,0.0,773.0
0.5470614655516339,0.001632537,0.280031058,0.431069259,0.0,773.0
0.5752953040342996,0.041415756,0.266238292,0.455407678,0.0,773.0
0.6266880397214516,0.083132311,0.258795821,0.485149771,0.0,773.0
0.6813021284868983,0.145198831,0.282566101,0.513884814,0.0,773.0
0.688101421135613,0.194567779,0.27774417,0.506644388,0.0,773.0
0.6862080556481668,0.21566974249999998,0.312078674,0.523984346,0.0,773.0
0.6807752533285625,0.198040193,0.345744222,0.504261749,0.0,773.0
0.6748808426397062,0.177177278,0.369350839,0.511955606,0.0,773.0
0.6737671244714822,0.155628119,0.394564337,0.514225892,0.0,773.0
0.6743397916375874,0.135984608,0.391235395,0.50045467,0.0,773.0
0.6776328734543944,0.103663562,0.383002413,0.497584585,0.0,773.0
0.6787746300877876,0.061114562,0.37749768,0.505214634,0.0,773.0
0.6816392624647046,0.0041993675,0.3879957065,0.5466657285000001,0.0,773.0
0.6786919899819127,0.0,0.393262009,0.574164661,0.0,773.0
0.6632143715170664,0.0,0.3919611435,0.610529171,0.0,773.0
0.5873126377493075,0.0,0.43348361449999995,0.622058323,0.0,773.0
0.5481503051886919,0.0,0.47014501366666667,0.6307441203333334,0.0,773.0
0.5494778828194208,0.0,0.502873023,0.645163114,0.0,773.0
0.5466852028631025,0.0,0.517049249,0.663659183,0.0,773.0
0.5740662117930648,0.039714199,0.540631373,0.676944175,0.0,773.0
0.6218437572514114,0.111647216,0.579228904,0.701494405,0.0,773.0
0.6719900051810183,0.260137256,0.632686665,0.728878736,0.0,773.0
0.6838130362203547,0.335393632,0.61805301,0.718079439,0.0,773.0
0.6841689520036004,0.402416761,0.628814627,0.743715205,0.0,773.0
0.6818992567567346,0.464524836,0.68868763,0.7701128125000001,0.0,773.0
0.6739050367919913,0.478844763,0.724637066,0.781810112,0.0,773.0
0.6727793789260899,0.416648951,0.733797031,0.78504717,0.0,773.0
0.6730781889088756,0.331539031,0.722147541,0.780972177,0.0,773.0
0.6763571395508411,0.241065751,0.697886931,0.77297941,0.0,773.0
0.67760890418135,0.146668478,0.684141478,0.760267371,0.0,773.0
0.681889016098252,0.010687679,0.6525209605,0.7314100075,0.0,773.0
0.6810131566023153,0.0,0.649770827,0.702740078,0.0,773.0
0.6727912069514137,0.0,0.6582200039999999,0.683276065,0.0,773.0
0.5999511433879562,0.0,0.651501869,0.663850991,0.0,773.0
0.584253792304505,0.0,0.599011167,0.610215597,0.0,773.0
0.6065164828378659,0.0,0.580958162,0.594424656,0.0,773.0
0.6654389009985286,0.001305259,0.570836116,0.579144417,0.0,773.0
0.7329041474766853,0.058858714,0.562040231,0.596356222,0.0,773.0
0.7803332004281178,0.128837951,0.539435529,0.603334978,0.0,773.0
0.8032804889809325,0.173930342,0.582342201,0.62637909,0.0,773.0
0.8047559362375183,0.195593954,0.604687807,0.620581364,0.0,773.0
0.8037867041465374,0.184102527,0.626799999,0.656276023,0.0,773.0
0.8026669490585867,0.178083502,0.647564257,0.68999088,0.0,773.0
0.799639585501043,0.190248106,0.683623992,0.728147801,0.0,773.0
0.7936193812699758,0.157497115,0.689025157,0.757275973,0.0,773.0
0.7889274104438866,0.147428864,0.682019549,0.767084287,0.0,773.0
0.7860977929166282,0.120060917,0.67133316,0.759747704,0.0,773.0
0.7859470015011548,0.084218626,0.650300713,0.757948527,0.0,773.0
0.7845669838376221,0.041861634,0.660388784,0.7805029,0.0,773.0
0.7838448222747654,0.0010880975,0.6979528669999999,0.8261608444999999,0.0,773.0
0.7686894463636936,0.0,0.734434961,0.872524336,0.0,773.0
0.7436187372207615,0.0,0.751574345,0.887524916,0.0,773.0
0.6484706309005712,0.0,0.7647492025,0.8967969725,0.0,773.0
0.5922950114180501,0.0,0.771686412,0.901650665,0.0,773.0
0.5811360076083683,0.0,0.764136798,0.885933533,0.0,773.0
0.5864627149841138,0.0,0.752277006,0.865090514,0.0,773.0
0.6061615061820038,0.0,0.732686819,0.843428799,0.0,773.0
0.6649719488878522,0.0,0.709567708,0.821967364,0.0,773.0
0.7318961890328315,0.043373255,0.683963097,0.803022335,0.0,773.0
0.7776528536830004,0.115027565,0.674695967,0.790861199,0.0,773.0
0.7990348998805749,0.204283949,0.688090611,0.788165529,0.0,773.0
0.8028737280665158,0.290570196,0.678128308,0.731620578,0.0,773.0
0.8027241888658712,0.344892424,0.676382307,0.719906102,0.0,773.0
0.8009658513808464,0.3803995725,0.6988437485000001,0.7097062245,0.0,773.0
0.7928314385504505,0.369325936,0.698139198,0.697464952,0.0,773.0
0.7887174116284785,0.299140189,0.685472782,0.684737633,0.0,773.0
0.7858035441590815,0.24726888,0.656422674,0.669770063,0.0,773.0
0.7852665624840394,0.128595848,0.60757771,0.660183556,0.0,773.0
0.7845834403615004,0.059211452,0.585488202,0.651893599,0.0,773.0
0.7851607580907276,0.003985949,0.554675025,0.637013087,0.0,773.0
0.7769379812546993,0.0,0.517774884,0.6205216205,0.0,773.0
0.7433907168491045,0.0,0.535048883,0.611204953,0.0,773.0
0.6717569762199496,0.0,0.506686348,0.594853355,0.0,773.0
0.6086176336664644,0.0,0.4973606555,0.603169182,0.0,773.0
0.5823366141552127,0.0,0.49254320799999995,0.5906936275,0.0,773.0
0.5875794292102546,0.0,0.452969533,0.568160326,0.0,773.0
0.6063135496773543,0.0,0.427761636,0.528665471,0.0,773.0
0.666708105949241,0.0,0.409727644,0.498169009,0.0,773.0
0.7344862041121903,0.079132773,0.389545184,0.465645176,0.0,773.0
0.790346065122409,0.220353356,0.378846135,0.432787003,0.0,773.0
0.8141796773767778,0.362883184,0.40081924,0.423465505,0.0,773.0
0.8107415282466822,0.459631074,0.410639852,0.413365927,0.0,773.0
0.8080918585381677,0.561083263,0.412832512,0.407797911,0.0,773.0
0.8055203569132204,0.551596041,0.419799708,0.394738627,0.0,773.0
0.8016799188910159,0.550595434,0.430893466,0.382612946,0.0,773.0
0.7970304307923826,0.479134584,0.423113578,0.371117084,0.0,773.0
0.7922600235991739,0.420402299,0.417425326,0.354844104,0.0,773.0
0.7893415946346348,0.348081959,0.400603167,0.336365369,0.0,773.0
0.7898857313024564,0.255258047,0.366043351,0.327363505,0.0,773.0
0.7904922057048572,0.139196814,0.345210635,0.334679791,0.0,773.0
0.795588075326795,0.008084589,0.34186545150000003,0.374100782,0.0,773.0
0.7683643417588267,0.0,0.369313974,0.406076461,0.0,773.0
0.7338543294111991,0.0,0.419798753,0.433003641,0.0,773.0
0.6490114582880795,0.0,0.4543525565,0.43706133199999997,0.0,773.0
0.5898131931519277,0.0,0.4976681855,0.44022204,0.0,773.0
0.5868005420727468,0.0,0.5130613155,0.4704700325,0.0,773.0
0.6093977506168544,0.0,0.505162389,0.491718325,0.0,773.0
0.6719597753736365,0.0,0.48763469,0.494639455,0.0,773.0
0.7387173937541544,0.092199313,0.477572792,0.496121567,0.0,773.0
0.792234444489866,0.21939442,0.464211938,0.486799118,0.0,773.0
0.807148831461482,0.336534256,0.497548488,0.490490439,0.0,773.0
0.8059241664386617,0.425464289,0.563199727,0.473020379,0.0,773.0
0.8033438999846713,0.461959217,0.5821864475,0.4792929105,0.0,773.0
0.7996869872101245,0.4125978,0.584082824,0.484618064,0.0,773.0
0.7937362758413674,0.334152917,0.590976215,0.497263095,0.0,773.0
0.7896532837123849,0.284173769,0.584267079,0.512955295,0.0,773.0
0.7870773103350329,0.213850048,0.564129769,0.527672157,0.0,773.0
0.7880977005096784,0.137760646,0.518824919,0.525654659,0.0,773.0
0.7885732387736321,0.071248748,0.495670158,0.520996244,0.0,773.0
0.7888688290838904,0.0024559095,0.4582309085,0.5075301990000001,0.0,773.0
0.7706632384152833,0.0,0.440318983,0.4997018,0.0,773.0
0.7401981178837039,0.0,0.44741934,0.514354535,0.0,773.0
0.6726439260963937,0.0,0.490370723,0.526594655,0.0,773.0
0.6003641499020792,0.0,0.5319082869999999,0.5556173976666666,0.0,773.0
0.5852930538248999,0.0,0.5502411599999999,0.582423759,0.0,773.0
0.607012904709161,0.0,0.55973796,0.60701737,0.0,773.0
0.6664728857809115,0.0,0.549120098,0.622147498,0.0,773.0
0.7327585435962927,0.034206616,0.538464601,0.629042344,0.0,773.0
0.7863219227719261,0.096853022,0.523653218,0.629991783,0.0,773.0
0.8059933014096338,0.188870727,0.538831597,0.647314962,0.0,773.0
0.8070678013268222,0.240887662,0.491901737,0.608491215,0.0,773.0
0.8045785820513633,0.311696587,0.499135519,0.621229793,0.0,773.0
0.8035441501747109,0.355406165,0.534249277,0.645257611,0.0,773.0
0.8003745813549711,0.359328848,0.548175353,0.647613998,0.0,773.0
0.7943892576293592,0.362030996,0.5550138,0.648276066,0.0,773.0
0.7898174011821405,0.350742339,0.558875258,0.671276134,0.0,773.0
0.7871472502916126,0.314566795,0.542827262,0.673559108,0.0,773.0
0.7878781320145711,0.22949956,0.471744449,0.660622583,0.0,773.0
0.7883617194598435,0.129880696,0.436983318,0.659908559,0.0,773.0
0.788077934907914,0.004292239,0.3929838805,0.638212722,0.0,773.0
0.7706662792770932,0.0,0.360935313,0.642694454,0.0,773.0
0.7411207084473179,0.0,0.354764459,0.651189859,0.0,773.0
0.6322703589072298,0.0,0.3158540045,0.5662070705,0.0,773.0
0.5600522572958977,0.0,0.2850149165,0.450341679,0.0,773.0
0.5487233002419215,0.0,0.266314029,0.39506925,0.0,773.0
0.5494623430884553,0.0,0.25462197200000003,0.35564172299999997,0.0,773.0
0.5478754346096883,0.0,0.237077218,0.335924847,0.0,773.0
0.5753965023984791,0.071429717,0.221474427,0.318652553,0.0,773.0
0.6268804194059387,0.168161616,0.206198423,0.304692631,0.0,773.0
0.677880033455353,0.272066538,0.249139662,0.299954888,0.0,773.0
0.6866551304172492,0.370175595,0.217845341,0.23247937,0.0,773.0
0.6850423074072585,0.376426423,0.262708196,0.256873791,0.0,773.0
0.684065025865056,0.365720885,0.329336666,0.296458927,0.0,773.0
0.6806757542734811,0.281364799,0.369017359,0.340573238,0.0,773.0
0.674727904820865,0.253364118,0.41940992,0.37217443,0.0,773.0
0.6736403918018877,0.224544417,0.427052217,0.389977189,0.0,773.0
0.6734953244885992,0.153531703,0.417363073,0.422751001,0.0,773.0
0.6770298870080731,0.08480883,0.412778628,0.458326875,0.0,773.0
0.6787746300877876,0.032658275,0.440472462,0.494393696,0.0,773.0
0.6840128392486491,0.0011993615,0.51646719,0.558608796,0.0,773.0
0.6817695278267958,0.0,0.582872117,0.626721747,0.0,773.0
0.6720356182431186,0.0,0.636899037,0.653633239,0.0,773.0
0.6316355776211562,0.0,0.7210496485,0.713136904,0.0,773.0
0.559482519251773,0.0,0.793357009,0.738170395,0.0,773.0
0.5475869545557923,0.0,0.7724454415,0.769533515,0.0,773.0
0.5494303916375047,0.0,0.733201338,0.807225095,0.0,773.0
0.5467272383613372,0.0,0.717766726,0.818626595,0.0,773.0
0.5740115209494276,0.022464563,0.698941644,0.815751847,0.0,773.0
0.6230794679183216,0.077891384,0.673405501,0.804522618,0.0,773.0
0.6725451425540854,0.165033786,0.68867301,0.793131981,0.0,773.0
0.6840995487490762,0.291696236,0.683942872,0.747191323,0.0,773.0
0.6843163448008772,0.360451492,0.683205095,0.713746303,0.0,773.0
0.6836981540455063,0.350313591,0.671421793,0.67754889,0.0,773.0
0.6798407227973678,0.314118197,0.654431584,0.65496172,0.0,773.0
0.6738469026612163,0.308444283,0.646443548,0.623495426,0.0,773.0
0.6726491581654643,0.256149637,0.610046867,0.574280273,0.0,773.0
0.6722506255129868,0.21124221,0.550293105,0.533113982,0.0,773.0
0.6758057585523569,0.164705434,0.466507587,0.503589471,0.0,773.0
0.6767643923634203,0.094479264,0.400945208,0.474741254,0.0,773.0
0.6789825047668228,0.002083281,0.36046598750000003,0.475750794,0.0,773.0
0.6738226650371442,0.0,0.365980785,0.4994866235,0.0,773.0
0.6717506708817192,0.0,0.363602398,0.483475427,0.0,773.0
0.6079881291858786,0.0,0.34599911299999997,0.4471496315,0.0,773.0
0.5810988911592349,0.0,0.322639565,0.40937222,0.0,773.0
0.5808061180961759,0.0,0.320019841,0.374559568,0.0,773.0
0.586640605737373,0.0,0.320398833,0.356666885,0.0,773.0
0.6064382699504056,0.0,0.327155511,0.384607012,0.0,773.0
0.6651908466740794,0.0,0.361554521,0.44657488,0.0,773.0
0.731961120534951,0.025212851,0.405225564,0.500437564,0.0,773.0
0.7776073300937347,0.069826855,0.470446579,0.554597456,0.0,773.0
0.7987388623410956,0.105630777,0.53831116,0.600903041,0.0,773.0
0.8024856595521798,0.137001357,0.589053108,0.648271497,0.0,773.0
0.8018210508840523,0.180921275,0.638404564,0.693855937,0.0,773.0
0.8006245585356533,0.247550906,0.6941532465,0.7375796895,0.0,773.0
0.7931665600642377,0.273496356,0.707907154,0.755346253,0.0,773.0
0.7887988891273109,0.278145898,0.71991074,0.751753244,0.0,773.0
0.7849436937553748,0.256034314,0.729790564,0.758465637,0.0,773.0
0.7831612082540639,0.185141018,0.748305645,0.784866754,0.0,773.0
0.7820657800605926,0.088455055,0.777235969,0.825507756,0.0,773.0
0.7823451821305247,0.001305409,0.792187397,0.860008191,0.0,773.0
0.7822158558283413,0.0,0.789895703,0.883034253,0.0,773.0
0.7678411335022395,0.0,0.765104841,0.883822753,0.0,773.0
0.7433574461799128,0.0,0.717470476,0.855811542,0.0,773.0
0.6724279796991417,0.0,0.661093035,0.836392493,0.0,773.0
0.6087731204489528,0.0,0.6004556415,0.827914426,0.0,773.0
0.5811801449759808,0.0,0.555837463,0.8316167839999999,0.0,773.0
0.5876476698577361,0.0,0.546233388,0.817536735,0.0,773.0
0.6064333509687798,0.0,0.540909238,0.809702132,0.0,773.0
0.6649511994222869,0.0,0.531160529,0.79324806,0.0,773.0
0.7318287532360062,0.009791717,0.526159973,0.775956394,0.0,773.0
0.7776014271808324,0.042579776,0.520770171,0.777565299,0.0,773.0
0.7989030692836857,0.090289416,0.546918809,0.790811615,0.0,773.0
0.8025163365887824,0.174561633,0.558341555,0.791194774,0.0,773.0
0.8024856595521798,0.26740405,0.629704814,0.799786893,0.0,773.0
0.8016845695890895,0.365886161,0.680430287,0.814452839,0.0,773.0
0.7982906024955481,0.409561461,0.729814132,0.829270424,0.0,773.0
0.7916917388475905,0.399290682,0.772547974,0.828322959,0.0,773.0
0.7874293354669681,0.346340398,0.79360368,0.853658782,0.0,773.0
0.7835981988409109,0.299884498,0.800534972,0.871553405,0.0,773.0
0.7840759729810668,0.21400909,0.808358167,0.888680071,0.0,773.0
0.7834826459571823,0.126665211,0.819049413,0.897330237,0.0,773.0
0.782870358047238,0.0016549705,0.8268092595,0.8963944345,0.0,773.0
0.7678664443279954,0.0,0.844124023,0.89291365,0.0,773.0
0.7429992497165719,0.0,0.840774383,0.900783659,0.0,773.0
0.6484706309005712,0.0,0.8392747085,0.9010233304999999,0.0,773.0
0.5867525589251924,0.0,0.8216857150000001,0.8940908715,0.0,773.0
0.583734072071473,0.0,0.8095877065,0.898693513,0.0,773.0
0.606216286633427,0.0,0.823359048,0.898952511,0.0,773.0
0.6650263714479372,0.0,0.820792142,0.898376713,0.0,773.0
0.7320237265530821,0.04484418,0.80365412,0.871726865,0.0,773.0
0.7776076878501211,0.125050039,0.787495846,0.818073223,0.0,773.0
0.798745570104654,0.223254326,0.781457046,0.741363621,0.0,773.0
0.8027216845711653,0.268894347,0.839294897,0.802681955,0.0,773.0
0.8024856595521798,0.328841152,0.857918613,0.79419282,0.0,773.0
0.8018870556553315,0.391633864,0.871636913,0.793623646,0.0,773.0
0.7989788226803332,0.418415514,0.888888765,0.866185769,0.0,773.0
0.7924794132835639,0.429929012,0.912870529,0.88966278,0.0,773.0
0.7889535261202987,0.361363664,0.927307651,0.892403835,0.0,773.0
0.786661605645904,0.322550375,0.921520155,0.908466974,0.0,773.0
0.7865075945579033,0.200046266,0.909546956,0.916463365,0.0,773.0
0.7871300782549613,0.100569691,0.899515172,0.910977083,0.0,773.0
0.7866819526186656,0.0012126705,0.8577775480000001,0.8933146245,0.0,773.0
0.7706848822043393,0.0,0.816911749,0.874100379,0.0,773.0
0.742557921384145,0.0,0.770086094,0.859702503,0.0,773.0
0.64867327344306,0.0,0.7263063025000001,0.8460875555,0.0,773.0
0.5926183720448773,0.0,0.677436864,0.805278461,0.0,773.0
0.5819756674480845,0.0,0.6277735099999999,0.7446585815,0.0,773.0
0.5869847604987071,0.0,0.57179653,0.690982741,0.0,773.0
0.606561559332862,0.0,0.541007039,0.665062889,0.0,773.0
0.6653784413837653,0.0,0.518737242,0.641628837,0.0,773.0
0.7329041474766853,0.037234268,0.490848681,0.62319823,0.0,773.0
0.7830932358901346,0.110217854,0.464681054,0.597088385,0.0,773.0
0.8059805119224555,0.185535037,0.461812537,0.576603109,0.0,773.0
0.8091885388115162,0.214424201,0.454106018,0.560326165,0.0,773.0
0.8071356842179171,0.238340946,0.4566582615,0.545538588,0.0,773.0
0.7995094094768348,0.20671001849999998,0.4552261645,0.545475223,0.0,773.0
0.7915515906508791,0.147627684,0.423422681,0.59202689,0.0,773.0
0.7889150681859293,0.11449929,0.409506562,0.621114295,0.0,773.0
0.7891637933542102,0.065905326,0.418978304,0.623519328,0.0,773.0
0.7887977263853166,0.018097462,0.423698899,0.638397443,0.0,773.0
0.7875674267331462,0.0,0.430082364,0.669329695,0.0,773.0
0.7850660440104477,0.0,0.465418652,0.709126524,0.0,773.0
0.7695595819598728,0.0,0.510558144,0.732113191,0.0,773.0
0.7432050897320688,0.0,0.52349908,0.762450817,0.0,773.0
0.6481869357540004,0.0,0.561772077,0.8012879705,0.0,773.0
0.5879035947552137,0.0,0.6624256230000001,0.8268646900000001,0.0,773.0
0.58486210015778,0.0,0.730489205,0.8827019945,0.0,773.0
0.6058950724099675,0.0,0.752228553,0.893140726,0.0,773.0
0.6663236148638189,0.0,0.763684895,0.89524043,0.0,773.0
0.7371798322426484,0.060738691,0.775680711,0.894757556,0.0,773.0
0.7942965111417293,0.188148313,0.800233445,0.896332846,0.0,773.0
0.8176484140706415,0.307229537,0.816963247,0.907885993,0.0,773.0
0.8173661498146655,0.402113266,0.806552244,0.915649385,0.0,773.0
0.8130459700596546,0.471172271,0.806938922,0.920978556,0.0,773.0
0.8094083757251271,0.50646379,0.791525786,0.919364863,0.0,773.0
0.8067633567146861,0.499524303,0.78778679,0.912454757,0.0,773.0
0.8006672201413024,0.481113319,0.79538933,0.908666476,0.0,773.0
0.7945918331684356,0.433147516,0.793596404,0.907404984,0.0,773.0
0.792683598658904,0.369309054,0.777203148,0.903742636,0.0,773.0
0.7946015817938039,0.27282201,0.722172574,0.891986656,0.0,773.0
0.7981194195058475,0.147973068,0.683163185,0.878279123,0.0,773.0
0.7984989467382753,0.00072124,0.6292366119999999,0.8546009274999999,0.0,773.0
0.7690566760745814,0.0,0.599349331,0.838414982,0.0,773.0
0.7345541764761198,0.0,0.597680952,0.803938304,0.0,773.0
0.6326602608724403,0.0,0.554082368,0.7729908384999999,0.0,773.0
0.5615381016872127,0.0,0.4999601835,0.711543587,0.0,773.0
0.5497558764007047,0.0,0.43370208499999996,0.6292648825,0.0,773.0
0.5501861816259397,0.0,0.377620462,0.5299104925,0.0,773.0
0.5762779517873488,0.023175229,0.343371842,0.466850523,0.0,773.0
0.6366645034119068,0.08176066,0.316045584,0.442667868,0.0,773.0
0.6980364753677721,0.156610189,0.328705033,0.422220255,0.0,773.0
0.7092956488739397,0.183240894,0.347721009,0.393028206,0.0,773.0
0.7093551694962709,0.256680134,0.324611476,0.373967846,0.0,773.0
0.7074057490755778,0.281454329,0.2949913905,0.3806092145,0.0,773.0
0.7058127364712444,0.266209159,0.275025887,0.39014979,0.0,773.0
0.7082329995864488,0.231664149,0.273004768,0.385694859,0.0,773.0
0.7166440419759948,0.195994144,0.25327859,0.386896714,0.0,773.0
0.7218105223308682,0.156864405,0.229069282,0.366853925,0.0,773.0
0.7234811218501989,0.083566681,0.225343964,0.337855348,0.0,773.0
0.7143210867086109,0.0,0.224133157,0.3263985425,0.0,773.0
0.6871278960354694,0.0,0.2167369535,0.334720292,0.0,773.0
0.6334880255484688,0.0,0.20072902050000002,0.330470632,0.0,773.0
0.5587681238319872,0.0,0.2208756723333333,0.3332422563333333,0.0,773.0
0.5510733773839893,0.0,0.279049138,0.4455015855,0.0,773.0
0.5576927892848482,0.0,0.325399665,0.523519606,0.0,773.0
0.5878153648913572,0.019268418,0.340757338,0.556589,0.0,773.0
0.6421067190699152,0.148894706,0.346680436,0.612362546,0.0,773.0
0.7004175649008826,0.288265811,0.406762343,0.682828542,0.0,773.0
0.7156260218193278,0.42168421,0.441442626,0.749552144,0.0,773.0
0.7148308346341883,0.555169462,0.481100093,0.767760017,0.0,773.0
0.7112362597291723,0.558081867,0.524151466,0.794450346,0.0,773.0
0.706518441510223,0.561312439,0.565571329,0.814282302,0.0,773.0
0.7018973945719901,0.546977577,0.607126711,0.838049802,0.0,773.0
0.6957441076641564,0.499811032,0.611593724,0.848889861,0.0,773.0
0.7040509108277131,0.416488772,0.608096759,0.854595638,0.0,773.0
0.7131022797948,0.301864404,0.557966236,0.849199635,0.0,773.0
0.7208686579961765,0.150915553,0.524609719,0.836505427,0.0,773.0
0.7173133237441424,0.0,0.468405996,0.7921057730000001,0.0,773.0
0.7013628278537707,0.0,0.413953477,0.725722216,0.0,773.0
0.6770315863171713,0.0,0.394525905,0.63136116,0.0,773.0
0.6530232135767122,0.0,0.3596526885,0.585105285,0.0,773.0
0.6000483765851136,0.0,0.3269373135,0.5449079915,0.0,773.0
0.5999731374210995,0.0,0.29816789450000003,0.5196874745,0.0,773.0
0.6350570466127629,0.0,0.269515707,0.472499396,0.0,773.0
0.6945730155468722,0.0,0.261186863,0.443453722,0.0,773.0
0.7588000946664695,0.06786154,0.242089187,0.402885571,0.0,773.0
0.8061825507594764,0.28387085,0.203069375,0.359237733,0.0,773.0
0.8214858112310361,0.449986485,0.195472439,0.33915752,0.0,773.0
0.8193913683684233,0.601900101,0.182598806,0.270700844,0.0,773.0
0.8157564571393191,0.697512719,0.200728418,0.259793854,0.0,773.0
0.8100551863166645,0.700260451,0.221469481,0.264969572,0.0,773.0
0.8066973519434071,0.623726141,0.236222315,0.255280128,0.0,773.0
0.7989247130727417,0.501084091,0.233407747,0.248573824,0.0,773.0
0.796103591956023,0.445041751,0.221091936,0.240274385,0.0,773.0
0.7949765924024583,0.345227646,0.196620212,0.239723301,0.0,773.0
0.7976411087985874,0.229153117,0.173694058,0.220250284,0.0,773.0
0.8076607707292717,0.109600022,0.162918,0.206656772,0.0,773.0
0.8044006912306285,0.0,0.175523335,0.1941748415,0.0,773.0
0.7697661821570844,0.0,0.19847602,0.188442916,0.0,773.0
0.7381511662030071,0.0,0.231576908,0.19758649,0.0,773.0
0.674836258177824,0.0,0.257808322,0.209573924,0.0,773.0
0.6345591491819315,0.0,0.273233249,0.219059343,0.0,773.0
0.604451196513475,0.0,0.298834229,0.242711551,0.0,773.0
0.6037134728851821,0.0,0.351305018,0.281595003,0.0,773.0
0.6366221996301201,0.0,0.390329506,0.330065631,0.0,773.0
0.6938548338382574,0.0,0.430286582,0.364706305,0.0,773.0
0.7586557428659539,0.052668444,0.479500105,0.399352336,0.0,773.0
0.8048395601397184,0.177630042,0.521103893,0.428493896,0.0,773.0
0.8191041851308216,0.294802526,0.54307118,0.44607672,0.0,773.0
0.814417043948475,0.395731199,0.597783712,0.477907054,0.0,773.0
0.8090300558361593,0.43046743,0.643235147,0.514437909,0.0,773.0
0.8056246408081513,0.432880459,0.679306382,0.541103888,0.0,773.0
0.8018804372296561,0.425846748,0.709241166,0.563957497,0.0,773.0
0.7959888439229507,0.411122601,0.724490617,0.577423678,0.0,773.0
0.79165587454581,0.377262253,0.730960599,0.590223914,0.0,773.0
0.7890193520808603,0.268690868,0.722144323,0.597152846,0.0,773.0
0.7912193310532327,0.158969805,0.710280358,0.601128141,0.0,773.0
0.7959131799991377,0.048739703,0.727913113,0.617442707,0.0,773.0
0.802614181003707,0.0,0.742171688,0.632979484,0.0,773.0
0.7940256949551715,0.0,0.750447649,0.648481786,0.0,773.0
0.770664132738774,0.0,0.751093393,0.657544923,0.0,773.0
0.7363672048722573,0.0,0.749985117,0.666083084,0.0,773.0
0.6490165786173206,0.0,0.754286646,0.663000264,0.0,773.0
0.58646191004349,0.0,0.7427139356666667,0.6520603246666666,0.0,773.0
0.5871844293177496,0.0,0.717567591,0.645487095,0.0,773.0
0.605775986631315,0.0,0.706096401,0.645932636,0.0,773.0
0.6667008614836271,0.0,0.678114592,0.63885366,0.0,773.0
0.7344538277664894,0.035981223,0.639432843,0.627002083,0.0,773.0
0.7861938485496199,0.121523275,0.591532571,0.610456979,0.0,773.0
0.8042114419482616,0.207646342,0.566320146,0.595195659,0.0,773.0
0.803790818277507,0.287085531,0.507107481,0.540269707,0.0,773.0
0.8025163365887824,0.35243859,0.520811164,0.537996644,0.0,773.0
0.800038207626355,0.388032836,0.5124279135,0.5315816105,0.0,773.0
0.7917022029857319,0.352969297,0.471503529,0.514587289,0.0,773.0
0.7874293354669681,0.278241442,0.431537368,0.496930726,0.0,773.0
0.7838148160819942,0.219164845,0.372929309,0.472065919,0.0,773.0
0.783660626183276,0.130049657,0.3420867,0.451974861,0.0,773.0
0.7836913925577618,0.044652808,0.336766239,0.440556102,0.0,773.0
0.7846873665000448,0.0,0.35357894300000003,0.4308341565,0.0,773.0
0.7695235387124233,0.0,0.390889945,0.413189698,0.0,773.0
0.7431003586079169,0.0,0.378729818,0.401892909,0.0,773.0
0.6486002479557289,0.0,0.409743558,0.407493932,0.0,773.0
0.5926917106196534,0.0,0.431405618,0.419009215,0.0,773.0
0.5822997659896313,0.0,0.449313789,0.427957863,0.0,773.0
0.5818175646310606,0.0,0.447375194,0.418045462,0.0,773.0
0.587686709298054,0.0,0.456937217,0.416673299,0.0,773.0
0.606807377781109,0.0,0.465222615,0.421314168,0.0,773.0
0.666783769873054,0.0,0.47523495,0.431403915,0.0,773.0
0.7338916248734771,0.042939305,0.484417277,0.450169661,0.0,773.0
0.7862171021749397,0.21289745,0.467176646,0.459274674,0.0,773.0
0.8043538261561267,0.351880562,0.43768645,0.45332731,0.0,773.0
0.8034282393996444,0.442880262,0.411575089,0.433765603,0.0,773.0
0.8025973667234422,0.530807445,0.38862759,0.418979055,0.0,773.0
0.8001282262046685,0.5594987524999999,0.3885208765,0.40391461100000003,0.0,773.0
0.7917022029857319,0.514231536,0.393398391,0.393191517,0.0,773.0
0.7873484841430259,0.441593294,0.392921252,0.400774151,0.0,773.0
0.7844535773572615,0.32498215,0.389238145,0.420299383,0.0,773.0
0.7852926781604515,0.190090011,0.38489895,0.452768585,0.0,773.0
0.7868078357011867,0.04736825,0.395704727,0.492279499,0.0,773.0
0.7900969821977417,0.0,0.395568856,0.530549247,0.0,773.0
0.7800993666163929,0.0,0.392248887,0.572636594,0.0,773.0
0.7375916910843598,0.0,0.395355123,0.591448614,0.0,773.0
0.6489058328404369,0.0,0.371873476,0.5970888384999999,0.0,773.0
0.5879419634191758,0.0,0.3428191065,0.6066288525000001,0.0,773.0
0.5850039477310653,0.0,0.340241079,0.6036836075,0.0,773.0
0.6068383231012638,0.0,0.329055245,0.595458565,0.0,773.0
0.6681008237620689,0.0,0.320958672,0.585632115,0.0,773.0
0.7414168801285733,0.024190174,0.300521611,0.562948804,0.0,773.0
0.795651665208727,0.226370241,0.270954952,0.53527241,0.0,773.0
0.8183195515566581,0.404391241,0.248399588,0.505084405,0.0,773.0
0.8167443816303805,0.527825029,0.212803302,0.428393229,0.0,773.0
0.8108341852614775,0.610654624,0.216815682,0.396181136,0.0,773.0
0.8081839789858589,0.611298574,0.198222196,0.375184275,0.0,773.0
0.8057071021033088,0.585353665,0.186836701,0.368858665,0.0,773.0
0.7993365719144531,0.510018949,0.189496947,0.369655498,0.0,773.0
0.7954441706880249,0.43183221,0.188235537,0.370706472,0.0,773.0
0.7950411661481912,0.341319017,0.177263822,0.373140388,0.0,773.0
0.7977843873299433,0.241280158,0.166091863,0.373414641,0.0,773.0
0.8109515270620903,0.078843904,0.172477099,0.378190232,0.0,773.0
0.8113435307617269,0.0,0.188030392,0.378206848,0.0,773.0
0.7965048971867584,0.0,0.198423709,0.362198982,0.0,773.0
0.7683462753986847,0.0,0.19931783,0.340915058,0.0,773.0
0.7384239499822153,0.0,0.19660584,0.307083432,0.0,773.0
0.6604562589787584,0.0,0.194858879,0.299753327,0.0,773.0
0.6159362439879317,0.0,0.204241964,0.293874264,0.0,773.0
0.577525937708804,0.0,0.222794116,0.2887239285,0.0,773.0
0.568627171206118,0.0,0.268604187,0.30207776799999997,0.0,773.0
0.5612050371714344,0.0,0.324601068,0.322436464,0.0,773.0
0.5714202537901917,0.0,0.348894403,0.336064562,0.0,773.0
0.6035371919681867,0.028073698,0.360291492,0.343489514,0.0,773.0
0.6527367905883008,0.242405045,0.36357526,0.340632882,0.0,773.0
0.6983911837400822,0.412292668,0.363291085,0.334992814,0.0,773.0
0.7055480468121994,0.546404804,0.404250322,0.341723393,0.0,773.0
0.6974608568126917,0.625718752,0.445668352,0.349078229,0.0,773.0
0.6927894566414503,0.606787845,0.459025909,0.353623829,0.0,773.0
0.6853886087069119,0.58219886,0.466170839,0.360613727,0.0,773.0
0.6794860144250578,0.529098184,0.477788679,0.375384687,0.0,773.0
0.6789432194448993,0.421897081,0.477945929,0.383117141,0.0,773.0
0.6801767387695973,0.298586334,0.47545589,0.388510411,0.0,773.0
0.6891953288307038,0.178160407,0.450722037,0.384536112,0.0,773.0
0.7114682600900228,0.029954587,0.453069405,0.403304826,0.0,773.0
0.7120411954722041,0.0,0.480679578,0.4407097185,0.0,773.0
0.697228588168289,0.0,0.489476224,0.464450919,0.0,773.0
0.6758248981816586,0.0,0.501320533,0.495402335,0.0,773.0
0.6344340263486008,0.0,0.4679261235,0.48926148849999995,0.0,773.0
0.5644517009405334,0.0,0.4498642805,0.49387677350000003,0.0,773.0
0.5525436373079216,0.0,0.4386935335,0.4987999875,0.0,773.0
0.5584725260769052,0.0,0.434358746,0.514256338,0.0,773.0
0.5898889689505217,0.022458811,0.437863788,0.525387371,0.0,773.0
0.6376173685867955,0.142748262,0.436623896,0.539632976,0.0,773.0
0.6975442571002812,0.256495983,0.441443689,0.55257938,0.0,773.0
0.7079796683890359,0.347114729,0.554511478,0.569713585,0.0,773.0
0.7064412572229808,0.368268773,0.571540444,0.584201925,0.0,773.0
0.700738734320449,0.347364761,0.612433459,0.608438352,0.0,773.0
0.6973875182379154,0.286905644,0.645612554,0.63049072,0.0,773.0
0.6939073336095852,0.302596143,0.663232987,0.651465028,0.0,773.0
0.6948383312458558,0.291093508,0.670529068,0.674520335,0.0,773.0
0.7028078216883643,0.230575232,0.657862415,0.687125913,0.0,773.0
0.7117662652221525,0.17112226,0.642573012,0.71700193,0.0,773.0
0.7166437288885499,0.055211709,0.619934126,0.756781604,0.0,773.0
0.7178260901295832,0.0,0.601989366,0.79403896,0.0,773.0
0.7035343656657427,0.0,0.5749736735,0.8245438275000001,0.0,773.0
0.6759339669164391,0.0,0.532654051,0.803118458,0.0,773.0
0.6811938646027739,0.0,0.502257342,0.792249841,0.0,773.0
0.6309995442552052,0.0,0.465378693,0.764057382,0.0,1564.0
0.5954104930321451,0.0,0.415965747,0.7269700164999999,0.0,1564.0
0.5948728630501693,0.0,0.378139727,0.691975859,0.0,1564.0
0.602793610095933,0.0,0.352514983,0.68644621,0.0,1564.0
0.6451502260638923,0.0,0.326046053,0.658664541,0.0,1564.0
0.7216893348177894,0.0,0.298940196,0.634219044,0.0,1564.0
0.791311809122359,0.024091529,0.256105781,0.594210995,0.0,1564.0
0.8361681978418015,0.201203192,0.202380907,0.552930515,0.0,1564.0
0.8504615322768573,0.328613061,0.187840082,0.507997086,0.0,1564.0
0.8476803895928885,0.407949982,0.187794828,0.445251372,0.0,1564.0
0.8407579418384447,0.446895609,0.203663701,0.444307582,0.0,1564.0
0.8357712751605392,0.445200166,0.260417242,0.449943425,0.0,1564.0
0.827662620182693,0.337243154,0.335416023,0.455679096,0.0,1564.0
0.822096310291572,0.303412487,0.390974718,0.480203608,0.0,1564.0
0.8203207113645371,0.226688004,0.45025229,0.520683449,0.0,1564.0
0.8210395191130905,0.144002265,0.50056833,0.572245135,0.0,1564.0
0.8256165628254869,0.062840606,0.540525635,0.599240784,0.0,1564.0
0.8327658236756036,0.011481285,0.601802737,0.618456707,0.0,1564.0
0.8243414551642994,0.0,0.6829752124999999,0.6532460954999999,0.0,1564.0
0.7895683182574732,0.0,0.738786004,0.715565756,0.0,1564.0
0.7555131840461168,0.0,0.753755278,0.770280441,0.0,1564.0
0.6810212059185855,0.0,0.78328634,0.822137424,0.0,1564.0
0.6130673858076914,0.0,0.809250757,0.873251963,0.0,1564.0
0.586094546280794,0.0,0.822505906,0.9012993709999999,0.0,1564.0
0.5908626729288587,0.0,0.81376772,0.905813665,0.0,1564.0
0.6163849510627002,0.0,0.798791697,0.903359404,0.0,1564.0
0.68823906517257,0.0,0.794271967,0.899759833,0.0,1564.0
0.7569054547646752,0.005702755,0.776986263,0.894279018,0.0,1564.0
0.7990545760769807,0.079802096,0.768173863,0.890476247,0.0,1564.0
0.8194827733033414,0.168033028,0.7868732,0.880804956,0.0,1564.0
0.8201528375201985,0.248440755,0.782138426,0.837541932,0.0,1564.0
0.8175304462300902,0.289421593,0.816712882,0.839574549,0.0,1564.0
0.8154307264945136,0.302886261,0.809181178,0.819085568,0.0,1564.0
0.8123775155441099,0.299772191,0.817578482,0.809012952,0.0,1564.0
0.8074114193861007,0.318867701,0.804381231,0.801343719,0.0,1564.0
0.8043691199380109,0.273378614,0.77177007,0.78799574,0.0,1564.0
0.8034829750471745,0.192069553,0.720852837,0.77985313,0.0,1564.0
0.8048988571474391,0.128161433,0.670089291,0.763007172,0.0,1564.0
0.8082261932948113,0.016233703,0.616992822,0.7346307,0.0,1564.0
0.8068989436861584,0.0,0.55913514,0.6950568425,0.0,1564.0
0.7865465893292796,0.0,0.512453445,0.643250426,0.0,1564.0
0.7566454604726452,0.0,0.442256611,0.553760198,0.0,1564.0
0.6545922123065354,0.0,0.4395466225,0.588409985,0.0,1564.0
0.5907734816031479,0.0,0.3872884915,0.560458529,0.0,1564.0
0.5854945113583997,0.0,0.335043558,0.519636887,0.0,1564.0
0.5909176768599409,0.0,0.294682812,0.490662512,0.0,1564.0
0.6166379691726682,0.0,0.271603981,0.481264448,0.0,1564.0
0.688733742930874,0.0,0.25467774,0.461991086,0.0,1564.0
0.758877547372215,0.008690882,0.249664974,0.431219339,0.0,1564.0
0.8040131593508723,0.060311612,0.275368246,0.389098608,0.0,1564.0
0.8251451388274541,0.107687511,0.331818647,0.371469042,0.0,1564.0
0.8251659777658541,0.130390309,0.292643107,0.339240551,0.0,1564.0
0.8216974198827078,0.143553214,0.34958863,0.359530931,0.0,1564.0
0.815793528919511,0.162801811,0.4283071565,0.398418636,0.0,1564.0
0.807732052238563,0.143055295,0.466547323,0.435042791,0.0,1564.0
0.8041051903257289,0.117955596,0.475205098,0.447263598,0.0,1564.0
0.8024650890322833,0.082572982,0.449875411,0.456632835,0.0,1564.0
0.8041726261225542,0.048730557,0.413608413,0.457128579,0.0,1564.0
0.8087749806607065,0.0075843,0.407569841,0.468482767,0.0,1564.0
0.8090045662671616,0.0,0.4094191395,0.475676928,0.0,1564.0
0.7869790186908874,0.0,0.409988108,0.46459251,0.0,1564.0
0.7554417237261078,0.0,0.393122223,0.470784487,0.0,1564.0
0.6801797796314072,0.0,0.404092122,0.460434212,0.0,1564.0
0.6293633780121087,0.0,0.415040456,0.45936546,0.0,1564.0
0.5908651771560889,0.0,0.4130295475,0.46727133249999997,0.0,1564.0
0.5854945113583997,0.0,0.412133301,0.457559675,0.0,1564.0
0.5911600966899914,0.0,0.416841211,0.433634268,0.0,1564.0
0.6168803890027187,0.0,0.434139723,0.424849219,0.0,1564.0
0.689055806673931,0.0,0.459024782,0.446848904,0.0,1564.0
0.7599257526673224,0.007626039,0.486140574,0.487082602,0.0,1564.0
0.8085599733908383,0.063550677,0.533987309,0.534675824,0.0,1564.0
0.8271427212064191,0.109109433,0.603692995,0.58084583,0.0,1564.0
0.8287141347581137,0.169046363,0.615558849,0.592446649,0.0,1564.0
0.825733546869713,0.22235113,0.656672927,0.62035757,0.0,1564.0
0.8196165714928809,0.266591831,0.653263501,0.629920113,0.0,1564.0
0.8126994898143323,0.279143463,0.639131873,0.63477727,0.0,1564.0
0.8058786428493959,0.275157345,0.589608436,0.617238816,0.0,1564.0
0.8024574868102828,0.244724082,0.539731027,0.596969742,0.0,1564.0
0.8018775753135152,0.173578192,0.480645875,0.576040302,0.0,1564.0
0.8044319049018112,0.106692652,0.408715987,0.549425142,0.0,1564.0
0.8093350371503509,0.007592553,0.366119964,0.517426231,0.0,1564.0
0.8103208151030932,0.0,0.338054158,0.482026153,0.0,1564.0
0.807659697460112,0.0,0.314561944,0.446264479,0.0,1564.0
0.7871721138881476,0.0,0.294183647,0.413584859,0.0,1564.0
0.7556353554904721,0.0,0.255091952,0.368594346,0.0,1564.0
0.6804674995710644,0.0,0.252933054,0.3629526,0.0,1564.0
0.6128448657886572,0.0,0.246404768,0.34162547,0.0,1564.0
0.5864166547602683,0.0,0.232263624,0.30072483299999997,0.0,1564.0
0.5913863284146671,0.0,0.220381261,0.2803047,0.0,1564.0
0.616680004670903,0.0,0.212624655,0.272379954,0.0,1564.0
0.6900413611470142,0.0,0.208724668,0.265930328,0.0,1564.0
0.7615062888044467,0.004660024,0.204870464,0.25764408,0.0,1564.0
0.8139474087323753,0.088089872,0.196218175,0.251621502,0.0,1564.0
0.8374552007341524,0.18416882,0.182824485,0.254659188,0.0,1564.0
0.8360431644813053,0.272233839,0.185929323,0.235768498,0.0,1564.0
0.8284477903239605,0.328248016,0.188753796,0.240823022,0.0,1564.0
0.8207642757755937,0.34981184099999996,0.202114216,0.232737152,0.0,1564.0
0.8097383994465712,0.296526116,0.20466675,0.220416649,0.0,1564.0
0.8068762266279428,0.263657309,0.190036102,0.219415123,0.0,1564.0
0.8065786685900826,0.196382209,0.170354416,0.217609677,0.0,1564.0
0.8109361438073717,0.09442313,0.159414856,0.213289565,0.0,1564.0
0.8174881423133519,0.007764817,0.162162298,0.216225046,0.0,1564.0
0.8165768208734869,0.0,0.16937363249999998,0.225274898,0.0,1564.0
0.7888925299384313,0.0,0.185764501,0.232702836,0.0,1564.0
0.7555131840461168,0.0,0.186932531,0.241772317,0.0,1564.0
0.6678377438043361,0.0,0.195080836,0.250415294,0.0,1564.0
0.5953696872793167,0.0,0.2148496305,0.2720825845,0.0,1564.0
0.5598090995511276,0.0,0.226778231,0.30809643,0.0,1564.0
0.5575757605042048,0.0,0.2529055645,0.353454451,0.0,1564.0
0.5592713578293222,0.0,0.282914582,0.389770375,0.0,1564.0
0.5691330733517538,0.0,0.296897188,0.413567364,0.0,1564.0
0.6141496443556514,0.002192143,0.315046658,0.441301687,0.0,1564.0
0.6697754479395348,0.090551381,0.314856688,0.471049398,0.0,1564.0
0.725337706242952,0.2068422,0.29842434,0.510849009,0.0,1564.0
0.7372766928612478,0.316197317,0.309740933,0.54016846,0.0,1564.0
0.7371182993587255,0.384439823,0.338961288,0.578081112,0.0,1564.0
0.7363436381594924,0.410416485,0.355875529,0.600946073,0.0,1564.0
0.7340873583722678,0.420046121,0.379870964,0.648194931,0.0,1564.0
0.7321344499280193,0.402660896,0.387850105,0.685013666,0.0,1564.0
0.7341438379978374,0.372724751,0.38665932,0.696053734,0.0,1564.0
0.7437167159124135,0.304492985,0.368399947,0.695085382,0.0,1564.0
0.7479716064089185,0.208951184,0.341178031,0.680812931,0.0,1564.0
0.7526109433219038,0.025388488,0.32147413,0.658836793,0.0,1564.0
0.7582241183550023,0.0,0.313208392,0.645902889,0.0,1564.0
0.7342106029508313,0.0,0.29892017449999997,0.6071816325,0.0,1564.0
0.6846029466000061,0.0,0.2898612805,0.565503815,0.0,1564.0
0.608717535079398,0.0,0.327394774,0.5404090109999999,0.0,1564.0
0.5801245610734835,0.0,0.3834188,0.5296520515,0.0,1564.0
0.5786438146094632,0.0,0.423355152,0.50912818,0.0,1564.0
0.5921834830575052,0.0,0.480403164,0.513919833,0.0,1564.0
0.6312003756812905,0.006566564,0.522734947,0.52339134,0.0,1564.0
0.685683483504397,0.099463502,0.553437396,0.535804842,0.0,1564.0
0.7331694185067275,0.15691588,0.584556311,0.558335592,0.0,1564.0
0.7365313670109543,0.224871834,0.596054217,0.566164715,0.0,1564.0
0.7340976883686331,0.302681397,0.651954684,0.577960779,0.0,1564.0
0.7251231908712463,0.355629525,0.671076475,0.575973524,0.0,1564.0
0.7162592379380792,0.355254422,0.696437397,0.57730629,0.0,1564.0
0.7090720109168043,0.30768453,0.71547261,0.581453742,0.0,1564.0
0.7077144866968768,0.234621952,0.726189397,0.588586884,0.0,1564.0
0.7144001045816788,0.142402121,0.721496134,0.597633915,0.0,1564.0
0.729826073064698,0.070151815,0.719994999,0.599544511,0.0,1564.0
0.7382846961089946,0.008787467,0.732723975,0.606561746,0.0,1564.0
0.7405545703690052,0.0,0.749120809,0.616820451,0.0,1564.0
0.7319983263894431,0.0,0.764797788,0.63408258,0.0,1564.0
0.7197367394609862,0.0,0.768693646,0.651220946,0.0,1564.0
0.6990699234480995,0.0,0.774312325,0.681065039,0.0,1564.0
0.6805284062800974,0.0,0.760799203,0.68875067,0.0,1564.0
0.6293590850704217,0.0,0.740450766,0.683649808,0.0,1564.0
0.5959766088434628,0.0,0.724045739,0.688466087,0.0,1564.0
0.5865458021842583,0.0,0.706656383,0.681085117,0.0,1564.0
0.5862074608629921,0.0,0.679629783,0.662009682,0.0,1564.0
0.5907261916338958,0.0,0.657890619,0.64769217,0.0,1564.0
0.6159484969080059,0.0,0.636893937,0.635567912,0.0,1564.0
0.6916139821096444,0.0,0.620139193,0.624868179,0.0,1564.0
0.765521845136604,0.003872673,0.60668446,0.62115477,0.0,1564.0
0.8149218282234852,0.067223226,0.592898122,0.626910367,0.0,1564.0
0.8345530494827739,0.149303023,0.581184378,0.643091011,0.0,1564.0
0.8282633706178605,0.248080902,0.621713606,0.649340405,0.0,1564.0
0.822431476676728,0.28691973800000004,0.659043109,0.680851613,0.0,1564.0
0.8162014077045531,0.256287927,0.684491363,0.70808401,0.0,1564.0
0.8114868094280342,0.219463465,0.701239213,0.724774045,0.0,1564.0
0.8116804411923985,0.183109974,0.714476677,0.733701362,0.0,1564.0
0.8125690902429893,0.122534079,0.717563807,0.733065497,0.0,1564.0
0.8149953456089789,0.062055334,0.715758197,0.728813315,0.0,1564.0
0.8155627359021204,0.003693336,0.729448538,0.717497207,0.0,1564.0
0.8119869875389608,0.0,0.7432862345,0.7053583859999999,0.0,1564.0
0.7881489480661775,0.0,0.752894245,0.717381524,0.0,1564.0
0.7180239254977515,0.0,0.753747028,0.7208886055,0.0,1564.0
0.6036979107747621,0.0,0.7670759650000001,0.7338253096666666,0.0,1564.0
0.5858335235234975,0.0,0.758044306,0.713356949,0.0,1564.0
0.59140421582914,0.0,0.754956234,0.703442807,0.0,1564.0
0.6166967741472749,0.0,0.754742881,0.709459735,0.0,1564.0
0.6899474072484486,0.0,0.75774738,0.719229611,0.0,1564.0
0.7615193467101286,0.004492811,0.75392494,0.724198313,0.0,1564.0
0.8090720019965111,0.11456066,0.749476533,0.720219809,0.0,1564.0
0.8251451388274541,0.234046748,0.731726688,0.703572555,0.0,1564.0
0.8218725381926606,0.335973167,0.709951627,0.673565247,0.0,1564.0
0.8155169887657198,0.40679137200000004,0.6995694084999999,0.6566329824999999,0.0,1564.0
0.8102862923540244,0.452588388,0.682400506,0.619784804,0.0,1564.0
0.8033588360101688,0.406941101,0.653330701,0.596127726,0.0,1564.0
0.8005653510682429,0.341620337,0.618372206,0.582111684,0.0,1564.0
0.7998539667309726,0.260772774,0.581699243,0.575764304,0.0,1564.0
0.8025288577924087,0.146341749,0.568940805,0.571336093,0.0,1564.0
0.8127156779871827,0.0032816595,0.564668972,0.576864948,0.0,1564.0
0.8114529125839525,0.0,0.558821608,0.593939339,0.0,1564.0
0.7893705723621394,0.0,0.557733037,0.602190478,0.0,1564.0
0.7554562125223844,0.0,0.54500765,0.622495193,0.0,1564.0
0.6808231917396996,0.0,0.555251807,0.615150565,0.0,1564.0
0.6298735284979656,0.0,0.560414796,0.611823942,0.0,1564.0
0.596409127677905,0.0,0.553559186,0.613979076,0.0,1564.0
0.5864771591114488,0.0,0.5270331715000001,0.6048295475000001,0.0,1564.0
0.5912473874939398,0.0,0.516222828,0.59498316,0.0,1564.0
0.6163362524698485,0.0,0.52519482,0.605235636,0.0,1564.0
0.6913202699192018,0.0,0.536973264,0.626367553,0.0,1564.0
0.7634214993610888,0.004456627,0.551399734,0.666010377,0.0,1564.0
0.8068477854675423,0.195039241,0.555175563,0.703040841,0.0,1564.0
0.8191791335418614,0.377412642,0.552625729,0.732394523,0.0,1564.0
0.8141948816858274,0.540026148,0.532864708,0.72943894,0.0,1564.0
0.8111906824157203,0.664633143,0.553597991,0.756206634,0.0,1564.0
0.8105853707553137,0.751382699,0.584600771,0.7722582,0.0,1564.0
0.8075534458375793,0.771844841,0.6035505,0.78752117,0.0,1564.0
0.8015500558867769,0.737864788,0.610190825,0.802469627,0.0,1564.0
0.7979284708469065,0.62930985,0.61730972,0.815286852,0.0,1564.0
0.7953820117641633,0.470744207,0.673778386,0.840779772,0.0,1564.0
0.7972386408258578,0.261714058,0.711675687,0.86688864,0.0,1564.0
0.7985776962603153,0.0098432,0.737676906,0.882158834,0.0,1564.0
0.8001554598191817,0.0,0.749773379,0.889587801,0.0,1564.0
0.7984587446234389,0.0,0.748705153,0.893732386,0.0,1564.0
0.7812989445630192,0.0,0.744338694,0.893328699,0.0,1564.0
0.7565337533013827,0.0,0.733242994,0.880915642,0.0,1564.0
0.6792388097551577,0.0,0.712314589,0.876473026,0.0,1564.0
0.6030918090633789,0.0,0.7053021453333334,0.8858048786666667,0.0,1564.0
0.5877367495110931,0.0,0.707512452,0.893868491,0.0,1564.0
0.6160885557668343,0.0,0.715936897,0.906053548,0.0,1564.0
0.6878780067930882,0.0,0.722608705,0.908903907,0.0,1564.0
0.7550084893788925,0.001995099,0.718816868,0.915155267,0.0,1564.0
0.7960650445488192,0.076285481,0.690811172,0.914126693,0.0,1564.0
0.8141318284384751,0.153624816,0.699079544,0.90783916,0.0,1564.0
0.8170532981298728,0.204256042,0.650046135,0.872669628,0.0,1564.0
0.8157693360993319,0.227426359,0.638857612,0.866626291,0.0,1564.0
0.8153182143376435,0.249929132,0.631782305,0.840406771,0.0,1564.0
0.8142384376824429,0.252917945,0.629645083,0.811370983,0.0,1564.0
0.8066764236671241,0.281281767,0.617372674,0.761392297,0.0,1564.0
0.8031207539256984,0.266942343,0.608747149,0.673565792,0.0,1564.0
0.8028706872047059,0.232529264,0.571986681,0.590139568,0.0,1564.0
0.8050768373735326,0.143255268,0.519602929,0.542000743,0.0,1564.0
0.8109249641564571,0.003659877,0.5086459555,0.5941073965,0.0,1564.0
0.7978670274358182,0.0,0.5417081695,0.687546172,0.0,1564.0
0.7556353554904721,0.0,0.553728522,0.739469538,0.0,1564.0
0.6548879367585698,0.0,0.5727914395,0.8049120590000001,0.0,1564.0
0.5907964222084984,0.0,0.6346652660000001,0.8294339525000001,0.0,1564.0
0.5854120053943007,0.0,0.745274089,0.804172418,0.0,1564.0
0.5909673592491177,0.0,0.809064386,0.809426494,0.0,1564.0
0.6162121134328428,0.0,0.872458064,0.880937645,0.0,1564.0
0.6879427593495387,0.0,0.913519366,0.900582843,0.0,1564.0
0.7547524302721632,0.0,0.926877222,0.921724738,0.0,1564.0
0.7964446163827126,0.037582447,0.928513091,0.923941228,0.0,1564.0
0.8141712703041211,0.090779276,0.926722486,0.906147824,0.0,1564.0
0.8175304462300902,0.138173959,0.916982458,0.888474447,0.0,1564.0
0.8172116022270364,0.1494747615,0.9083123035,0.85690339,0.0,1564.0
0.8127710397421272,0.152933577,0.889075054,0.852027967,0.0,1564.0
0.8066764236671241,0.130021128,0.892955905,0.855946977,0.0,1564.0
0.8023434542899835,0.106598766,0.884224673,0.877538856,0.0,1564.0
0.8006299248139758,0.080594647,0.867385765,0.907573886,0.0,1564.0
0.8006286727340987,0.045922395,0.874777617,0.914256415,0.0,1564.0
0.7990275659421264,0.002676728,0.881696474,0.913305311,0.0,1564.0
0.7968806680446031,0.0,0.867957733,0.9024511325,0.0,1564.0
0.7797897794080207,0.0,0.830536598,0.907369832,0.0,1564.0
0.7097715672287507,0.0,0.7212796765,0.8652662365,0.0,1564.0
0.5931676289069887,0.0,0.6507616190000001,0.8149914315,0.0,1564.0
0.555598659374729,0.0,0.579345872,0.761688655,0.0,1564.0
0.5532619754253074,0.0,0.510524038,0.6889382589999999,0.0,1564.0
0.5574255505272043,0.0,0.4405025505,0.6140684380000001,0.0,1564.0
0.5931100536103127,0.0,0.389060767,0.54281896,0.0,1564.0
0.6390374094869713,0.024654324,0.357907657,0.525148529,0.0,1564.0
0.6818367400090106,0.047259487,0.340524774,0.541702052,0.0,1564.0
0.6928555955545055,0.089839725,0.336971898,0.57290795,0.0,1564.0
0.6931973802978612,0.12231914,0.354079067,0.611270467,0.0,1564.0
0.6915435054510091,0.172795986,0.381297347,0.684413428,0.0,1564.0
0.6876108575082789,0.202466554,0.441598056,0.758520086,0.0,1564.0
0.6818849020347583,0.204523141,0.530546173,0.783165233,0.0,1564.0
0.6804762195962147,0.154198816,0.587762967,0.806638012,0.0,1564.0
0.682381905142099,0.082451764,0.600548347,0.817158205,0.0,1564.0
0.6868329765015668,0.028901805,0.583999598,0.837519406,0.0,1564.0
0.6875797333774065,0.001333321,0.599272544,0.841871617,0.0,1564.0
0.6897130814710856,0.0,0.6203546975,0.8320829365,0.0,1564.0
0.6899550541393906,0.0,0.629934908,0.791604105,0.0,1564.0
0.6814818528259831,0.0,0.540953692,0.667860561,0.0,1564.0
0.6394996884976276,0.0,0.43432788899999997,0.5692428025,0.0,1564.0
0.5652267422980994,0.0,0.3527885565,0.537405004,0.0,1564.0
0.5545880624943933,0.0,0.273652987,0.454361577,0.0,1564.0
0.555527623747043,0.0,0.2023193755,0.3823729905,0.0,1564.0
0.5602917928078608,0.0,0.164647166,0.304847415,0.0,1564.0
0.602547210276689,0.0,0.158705945,0.279823152,0.0,1564.0
0.6622492087531621,0.047926651,0.16026679,0.29316494,0.0,1564.0
0.7198526502360527,0.133698523,0.148568426,0.319942677,0.0,1564.0
0.7325468454717864,0.207920049,0.103394082,0.277924079,0.0,1564.0
0.7295555698981094,0.2988915765,0.1438837235,0.30975472000000004,0.0,1564.0
0.727144474104752,0.362003905,0.176742829,0.313018826,0.0,1564.0
0.7257092735644683,0.36198669,0.177895645,0.305093335,0.0,1564.0
0.7282661969203045,0.334917915,0.168899613,0.303446786,0.0,1564.0
0.7414475571651761,0.278258676,0.153279775,0.326872361,0.0,1564.0
0.7474587729525896,0.160015879,0.154073641,0.352337428,0.0,1564.0
0.7504380639572201,0.002089655,0.15865839,0.374328198,0.0,1564.0
0.7471389898221521,0.0,0.1775798465,0.3989276855,0.0,1564.0
0.7236935354874783,0.0,0.194299576,0.421424352,0.0,1564.0
0.6967083313006772,0.0,0.2009448,0.433116727,0.0,1564.0
0.6816672116594668,0.0,0.202255368,0.439676856,0.0,1564.0
0.6303541198853211,0.0,0.205771421,0.433722236,0.0,1564.0
0.597172698699058,0.0,0.205998855,0.431753385,0.0,1564.0
0.5876982019689379,0.0,0.2117560915,0.404150974,0.0,1564.0
0.5917102256085983,0.0,0.227766723,0.364818878,0.0,1564.0
0.6170510800942568,0.0,0.22671081,0.361760102,0.0,1564.0
0.6932136578760704,0.0,0.22003899,0.366076175,0.0,1564.0
0.772705628870741,0.0,0.218201105,0.363043392,0.0,1564.0
0.8249178786375118,0.062785255,0.221921074,0.352243307,0.0,1564.0
0.84804922914004,0.187141584,0.221356228,0.339626663,0.0,1564.0
0.8448907504983801,0.288972029,0.194853098,0.302057615,0.0,1564.0
0.8407942533694461,0.390494567,0.198143595,0.292041036,0.0,1564.0
0.8387427403285588,0.443594261,0.185901712,0.278611227,0.0,1564.0
0.8361478061326227,0.468037454,0.186024342,0.272689965,0.0,1564.0
0.833077423280519,0.432434454,0.182471505,0.260833768,0.0,1564.0
0.8310537253600935,0.380132279,0.176445023,0.248148816,0.0,1564.0
0.8354346330134197,0.287318121,0.165819782,0.237292385,0.0,1564.0
0.8372879530647037,0.160584362,0.18158123,0.245245594,0.0,1564.0
0.8394789435259467,0.00133808,0.22769189950000002,0.252570003,0.0,1564.0
0.8226254214610615,0.0,0.255849984,0.262929999,0.0,1564.0
0.7894273650751541,0.0,0.286658199,0.276991946,0.0,1564.0
0.7539029548036663,0.0,0.311182672,0.291544753,0.0,1564.0
0.6553197848166562,0.0,0.349086005,0.326306494,0.0,1564.0
0.5915107356677489,0.0,0.407798355,0.3642001875,0.0,1564.0
0.5859435313856616,0.0,0.437868228,0.391339943,0.0,1564.0
0.5912151006210734,0.0,0.452719432,0.414104563,0.0,1564.0
0.6169353929338007,0.0,0.482650403,0.439328539,0.0,1564.0
0.689055806673931,0.0,0.513230425,0.460448525,0.0,1564.0
0.7599910419258283,0.0,0.539691434,0.486876366,0.0,1564.0
0.8097657672028605,0.039246195,0.558210288,0.507214736,0.0,1564.0
0.8271427212064191,0.082494883,0.568916133,0.529980453,0.0,1564.0
0.8282676636944991,0.130941296,0.583500794,0.572645002,0.0,1564.0
0.8217513059431645,0.213696516,0.6047081025000001,0.622018266,0.0,1564.0
0.8143964734285787,0.265235117,0.642800414,0.675494115,0.0,1564.0
0.8097383994465712,0.252211917,0.60798116,0.67810391,0.0,1564.0
0.8070342623740786,0.266435838,0.587405558,0.677204622,0.0,1564.0
0.807778291340602,0.200551298,0.550240869,0.671318494,0.0,1564.0
0.8105510268169624,0.126623301,0.530325666,0.664508833,0.0,1564.0
0.816382249981739,0.000912058,0.5267027120000001,0.653778143,0.0,1564.0
0.8027709646024899,0.0,0.5079162214999999,0.630302965,0.0,1564.0
0.7185172170344022,0.0,0.4376355365,0.5648623859999999,0.0,1564.0
0.6130496995384067,0.0,0.3865007195,0.4723796255,0.0,1564.0
0.5864764435986758,0.0,0.32274446,0.3894600425,0.0,1564.0
0.591088681038924,0.0,0.271739318,0.337879642,0.0,1564.0
0.6163362524698485,0.0,0.24208229,0.314413411,0.0,1564.0
0.6913990641776592,0.0,0.235509554,0.295899567,0.0,1564.0
0.7649121510616758,0.0,0.225914878,0.261254326,0.0,1564.0
0.8197194243622656,0.045268264,0.225161589,0.239947908,0.0,1564.0
0.83908206544615,0.164180457,0.213463462,0.227783727,0.0,1564.0
0.835158182332463,0.301146923,0.216479384,0.20167922,0.0,1564.0
0.829464513731809,0.387887241,0.239346674,0.196620058,0.0,1564.0
0.8278969460275318,0.421436844,0.234422025,0.19332469,0.0,1564.0
0.8247205798364475,0.419672093,0.229147533,0.19926067,0.0,1564.0
0.8191634820035908,0.386070359,0.233553691,0.215897029,0.0,1564.0
0.817304974687129,0.324931445,0.232301245,0.231829425,0.0,1564.0
0.8188697699480998,0.244600002,0.216530242,0.250785333,0.0,1564.0
0.8226002001081401,0.117772655,0.212636038,0.273268158,0.0,1564.0
0.8335629337844516,0.000724542,0.218751365,0.308274952,0.0,1564.0
0.8059867277878514,0.0,0.244105246,0.3285999695,0.0,1564.0
0.7520135915049329,0.0,0.235362595,0.342837169,0.0,1564.0
0.680775700422832,0.0,0.211605086,0.340153227,0.0,1564.0
0.6301636631245429,0.0,0.194208758,0.338380845,0.0,1564.0
0.5979063530002744,0.0,0.185055307,0.350086163,0.0,1564.0
0.5912556381578256,0.0,0.16883075600000003,0.34884442449999997,0.0,1564.0
0.600147607289167,0.0,0.154640422,0.340348289,0.0,1564.0
0.6379243173586859,0.0,0.144758585,0.323023115,0.0,1564.0
0.7099486307968829,0.0,0.145026244,0.320127181,0.0,1564.0
0.7872513552408745,0.0,0.142565728,0.326851035,0.0,1564.0
0.8385171794477145,0.125319697,0.133791243,0.33258881,0.0,1564.0
0.852156548163502,0.275813796,0.113010234,0.321458252,0.0,1564.0
0.8503748675128473,0.403045869,0.10470012,0.294657923,0.0,1564.0
0.8402396525634831,0.512246726,0.109690508,0.28547265,0.0,1564.0
0.8341343040667866,0.596216065,0.118723872,0.277695713,0.0,1564.0
0.8269799452893751,0.569965485,0.130383417,0.267383502,0.0,1564.0
0.8229200279749947,0.482852853,0.133491193,0.257419119,0.0,1564.0
0.8217255926246048,0.373959306,0.132066637,0.255347357,0.0,1564.0
0.8316128873912957,0.252878054,0.123515305,0.253881387,0.0,1564.0
0.8405039397972001,0.109868156,0.139607472,0.265562338,0.0,1564.0
0.8471375051398955,0.0,0.1742829585,0.28788484849999996,0.0,1564.0
0.823999983440913,0.0,0.214480508,0.310142292,0.0,1564.0
0.78790657304002,0.0,0.245105192,0.304901605,0.0,1564.0
0.7542536383828898,0.0,0.286083752,0.287237419,0.0,1564.0
0.6613587932551093,0.0,0.296224581,0.283359537,0.0,1564.0
0.6018741051305463,0.0,0.33943958949999997,0.29751937,0.0,1564.0
0.5978378440692409,0.0,0.37346068,0.310244134,0.0,1564.0
0.602793610095933,0.0,0.389559823,0.32807968,0.0,1564.0
0.6421060482260836,0.0,0.402902757,0.350853788,0.0,1564.0
0.7187355782535253,0.0,0.41339565,0.364752655,0.0,1564.0
0.7892560031397844,0.0,0.425107548,0.377048352,0.0,1564.0
0.8385141385859046,0.081776965,0.423335853,0.372669962,0.0,1564.0
0.8530162196215396,0.161562156,0.404260536,0.359443308,0.0,1564.0
0.8503892668362892,0.238125836,0.320605516,0.309991822,0.0,1564.0
0.8400080994318536,0.317537213,0.326261204,0.298152948,0.0,1564.0
0.8292842974945616,0.372813598,0.322177247,0.28597232,0.0,1564.0
0.8255836499126817,0.369057619,0.287727828,0.263164522,0.0,1564.0
0.8192136564258817,0.336285413,0.266731698,0.24582645,0.0,1564.0
0.8164932417751798,0.24795868,0.228256192,0.224739471,0.0,1564.0
0.818575342244884,0.169655863,0.194275828,0.184814682,0.0,1564.0
0.831650540475009,0.0628064,0.167790554,0.152264469,0.0,1564.0
0.8381969938919491,0.0,0.170317323,0.1508866865,0.0,1564.0
0.8243867104025374,0.0,0.189244537,0.167453679,0.0,1564.0
0.788749698501345,0.0,0.204388419,0.177035158,0.0,1564.0
0.7531612511861798,0.0,0.251265751,0.216267985,0.0,1564.0
0.6430886960466087,0.0,0.267784977,0.25433448599999997,0.0,1564.0
0.5703747315330321,0.0,0.2922907535,0.2774191935,0.0,1564.0
0.5599629764973524,0.0,0.30861709049999997,0.28692053949999996,0.0,1564.0
0.5663978792192768,0.0,0.3461990285,0.33467918900000004,0.0,1564.0
0.6096536307779147,0.0,0.404599141,0.366755484,0.0,1564.0
0.6647526932102868,0.060408081,0.433902559,0.383347123,0.0,1564.0
0.7196980131081133,0.159551022,0.446692173,0.399181195,0.0,1564.0
0.714140646856753,0.245617393,0.381912777,0.381785056,0.0,1564.0
0.7055978633431523,0.318863877,0.397229304,0.398321475,0.0,1564.0
0.6955372614503879,0.3440261815,0.41082770999999996,0.4128981275,0.0,1564.0
0.6867350874177008,0.320361424,0.407811418,0.409376791,0.0,1564.0
0.6860020591564231,0.229865822,0.409369565,0.411048319,0.0,1564.0
0.6902232765584082,0.150474861,0.406361669,0.408144647,0.0,1564.0
0.7007013495202878,0.051730009,0.417306811,0.413499647,0.0,1564.0
0.7112876860963889,0.0,0.41717417,0.410258302,0.0,1564.0
0.714789961810472,0.0,0.401775312,0.391946526,0.0,1564.0
0.7041749604593599,0.0,0.3824003535,0.3737255095,0.0,1564.0
0.6679675173357406,0.0,0.381598664,0.37628937,0.0,1564.0
0.6146577824449652,0.0,0.386780628,0.386225537,0.0,1564.0
0.5748145785051682,0.0,0.385685147,0.394249583,0.0,1564.0
0.5568857069360212,0.0,0.407447826,0.405806058,0.0,1564.0
0.556311049842795,0.0,0.4188552035,0.414443464,0.0,1564.0
0.5631066979242322,0.0,0.427350745,0.435792296,0.0,1564.0
0.6035832074556151,0.0,0.433869683,0.45040673,0.0,1564.0
0.6626131739876293,0.054832962,0.437090855,0.470419232,0.0,1564.0
0.7092591585322207,0.114397122,0.445845265,0.495891831,0.0,1564.0
0.7119784552448213,0.174715616,0.431068916,0.47624703,0.0,1564.0
0.7068460504097958,0.224386708,0.451402846,0.493875122,0.0,1564.0
0.6997778197618145,0.342009558,0.4842491605,0.4944264785,0.0,1564.0
0.6910127844452558,0.392476471,0.533776839,0.505551307,0.0,1564.0
0.6903185721446369,0.322426651,0.539871179,0.520482521,0.0,1564.0
0.6962405294005001,0.211920077,0.574525027,0.540363545,0.0,1564.0
0.7100237580186403,0.077839457,0.595772216,0.573606484,0.0,1564.0
0.7226337704505991,0.0,0.60524686,0.6564665265,0.0,1564.0
0.7219753777153434,0.0,0.61532651,0.747474492,0.0,1564.0
0.6900001304994354,0.0,0.604270005,0.809648602,0.0,1564.0
0.6299350613818887,0.0,0.569954836,0.802149659,0.0,1564.0
0.5934212507224245,0.0,0.5524530125,0.802530535,0.0,1564.0
0.5940514260468417,0.0,0.521847105,0.807725627,0.0,1564.0
0.602796964045188,0.0,0.496985622,0.793628279,0.0,1564.0
0.6452438668750127,0.0,0.475848728,0.774506585,0.0,1564.0
0.7219243760404499,0.0,0.469667442,0.756638934,0.0,1564.0
0.7922389163772221,0.0,0.450018056,0.722664556,0.0,1564.0
0.841284459240394,0.122603076,0.423963776,0.699376202,0.0,1564.0
0.8580388400740601,0.360206699,0.381888739,0.655520068,0.0,1564.0
0.8526089220050674,0.526322078,0.37902952,0.607768865,0.0,1564.0
0.8451229298048997,0.599909307,0.461921721,0.589165746,0.0,1564.0
0.8402696140873127,0.597989545,0.4972647,0.557016972,0.0,1564.0
0.8346264775303845,0.556238563,0.521679693,0.525037277,0.0,1564.0
0.8310316343418164,0.504920386,0.544386056,0.515479154,0.0,1564.0
0.829468717335613,0.429730775,0.553593269,0.509595921,0.0,1564.0
0.836443307104998,0.304087311,0.565812341,0.512094685,0.0,1564.0
0.8499058582017345,0.112851318,0.579832396,0.532584245,0.0,1564.0
0.8527615915403565,0.0,0.6186139035,0.5775892455,0.0,1564.0
0.8245468926869925,0.0,0.654324627,0.597514325,0.0,1564.0
0.7879554057746478,0.0,0.682274207,0.621114947,0.0,1564.0
0.7544922571694157,0.0,0.711049079,0.637469155,0.0,1564.0
0.6578224420886543,0.0,0.727532458,0.6748294189999999,0.0,1564.0
0.594524035188815,0.0,0.7650727255,0.7120663645,0.0,1564.0
0.5886831751384997,0.0,0.79133132,0.726746232,0.0,1564.0
0.5929553271444904,0.0,0.798921725,0.741799669,0.0,1564.0
0.6175777317729335,0.0,0.799723679,0.750088142,0.0,1564.0
0.6932136578760704,0.0,0.805047733,0.764242807,0.0,1564.0
0.7704624516581395,0.0,0.803718975,0.772024523,0.0,1564.0
0.8244361693120552,0.053328449,0.806118969,0.783144805,0.0,1564.0
0.8482377629771095,0.179510801,0.801205325,0.796498452,0.0,1564.0
0.8436757446280937,0.284561744,0.769156272,0.765008796,0.0,1564.0
0.8368464009827147,0.381537848,0.759940035,0.762806854,0.0,1564.0
0.82687016090687,0.3954344455,0.751422915,0.7614243745,0.0,1564.0
0.8199258457487596,0.348518231,0.724776404,0.767868437,0.0,1564.0
0.817973965769778,0.279439124,0.699560437,0.758365411,0.0,1564.0
0.8196582492347292,0.184663807,0.709646048,0.760796573,0.0,1564.0
0.8270098173403703,0.063403777,0.725984807,0.76032171,0.0,1564.0
0.8296619018707561,0.0,0.7393455360000001,0.7643599535,0.0,1564.0
0.8170883575809971,0.0,0.741639826,0.769513235,0.0,1564.0
0.7889024575094686,0.0,0.731448707,0.766314377,0.0,1564.0
0.7181951532238694,0.0,0.6593437165,0.7278396945000001,0.0,1564.0
0.6131545201353932,0.0,0.613284862,0.7142613215,0.0,1564.0
0.58645980826408,0.0,0.5574449345000001,0.6696205395,0.0,1564.0
0.591088681038924,0.0,0.517383627,0.615758448,0.0,1564.0
0.6163362524698485,0.0,0.499601961,0.589130553,0.0,1564.0
0.6918699516085878,0.0,0.486462323,0.574026618,0.0,1564.0
0.7656265762607559,0.0,0.474268332,0.561631429,0.0,1564.0
0.8207484900280713,0.058430542,0.472171146,0.548558193,0.0,1564.0
0.8445765572608758,0.154914268,0.463395314,0.521565049,0.0,1564.0
0.8415185166667292,0.247345098,0.396186533,0.418897026,0.0,1564.0
0.8334767162496627,0.3676267355,0.410463009,0.39847352150000004,0.0,1564.0
0.8256582407022865,0.419737311,0.424683643,0.398487681,0.0,1564.0
0.8218231687559773,0.382127602,0.443641211,0.394645144,0.0,1564.0
0.8200417563888746,0.312906196,0.459379288,0.398468698,0.0,1564.0
0.8229456964221857,0.20093691,0.485076697,0.417994457,0.0,1564.0
0.8383944714362551,0.053446041,0.489310499,0.460756389,0.0,1564.0
0.8441002140787901,0.0,0.4966819555,0.511421093,0.0,1564.0
0.8238107340910703,0.0,0.504659786,0.543396335,0.0,1564.0
0.788749698501345,0.0,0.49729528,0.552683561,0.0,1564.0
0.7534083663832455,0.0,0.447527282,0.527391545,0.0,1564.0
0.6557512080474681,0.0,0.448662322,0.525302864,0.0,1564.0
0.5934252977825061,0.0,0.4474284325,0.5061939735,0.0,1564.0
0.591964965429611,0.0,0.4174766695,0.5089032364999999,0.0,1564.0
0.6225137321303854,0.0,0.385450387,0.48972423,0.0,1564.0
0.7389170626406727,0.0,0.3576092875,0.4762063205,0.0,1564.0
0.833203708855844,0.069722249,0.306138375,0.450198486,0.0,1564.0
0.8515867430484892,0.173013357,0.275294263,0.414959616,0.0,1564.0
0.8512633377527206,0.263567338,0.288034671,0.360546085,0.0,1564.0
0.8433252845285293,0.2858027715,0.333721928,0.34887848,0.0,1564.0
0.8386043807788286,0.23383478,0.360915777,0.360116675,0.0,1564.0
0.8350684767066431,0.166403374,0.374362713,0.367284792,0.0,1564.0
0.834083235321005,0.115996502,0.37879192,0.380816226,0.0,1564.0
0.8404661972406523,0.064486005,0.400946787,0.397525813,0.0,1564.0
0.8427423768388933,0.014320197,0.433894383,0.422628891,0.0,1564.0
0.8408206373294103,0.0,0.4776404345,0.47541306250000004,0.0,1564.0
0.8227889128908786,0.0,0.517214204,0.540171074,0.0,1564.0
0.7890046843389148,0.0,0.541729863,0.577182645,0.0,1564.0
0.7532481842337418,0.0,0.54945591,0.63206481,0.0,1564.0
0.6804117353233163,0.0,0.555498401,0.679224812,0.0,1564.0
0.6129438058072121,0.0,0.5843670830000001,0.716348964,0.0,1564.0
0.5874488954971356,0.0,0.60273473,0.749536505,0.0,1564.0
0.5874662910134459,0.0,0.596566068,0.773491888,0.0,1564.0
0.5920444974678366,0.0,0.60870803,0.788345151,0.0,1564.0
0.6182789649245558,0.0,0.616859123,0.806352142,0.0,1564.0
0.6971059696296641,0.0,0.624703032,0.832853598,0.0,1564.0
0.7794145003808628,0.0,0.627432159,0.85271338,0.0,1564.0
0.8379326171179218,0.043598912,0.629911311,0.8606001,0.0,1564.0
0.8615855660407735,0.24344473,0.639134734,0.864222979,0.0,1564.0
0.8632351478109869,0.407087801,0.62965084,0.874066938,0.0,1564.0
0.8591770192785393,0.483905076,0.667139374,0.884260223,0.0,1564.0
0.8540058881581166,0.541758864,0.734410993,0.8861266795,0.0,1564.0
0.8507831487906932,0.51093111,0.773167475,0.890760644,0.0,1564.0
0.8514753936336134,0.427254526,0.776552558,0.90258455,0.0,1564.0
0.8627373397180387,0.272726491,0.787283648,0.905212019,0.0,1564.0
0.8702782465114055,0.070876608,0.770049268,0.910955876,0.0,1564.0
0.8642456552184881,0.0,0.754824283,0.9113830540000001,0.0,1564.0
0.8260240392526766,0.0,0.744365385,0.905994632,0.0,1564.0
0.7921001990711054,0.0,0.735892116,0.902919161,0.0,1564.0
0.7597220145212032,0.0,0.73416596,0.89129959,0.0,1564.0
0.6686496109930128,0.0,0.72274693,0.882943548,0.0,1564.0
0.6125082684454306,0.0,0.712308969,0.8788608435,0.0,1564.0
0.5848670192068813,0.0,0.684664249,0.875653542,0.0,1564.0
0.5811131788103231,0.0,0.6646900600000001,0.8789895135,0.0,1564.0
0.5879798400500238,0.0,0.658823527,0.878815948,0.0,1564.0
0.635952493034698,0.0,0.65856724,0.876714951,0.0,1564.0
0.70076744362945,0.070410711,0.652947159,0.870344193,0.0,1564.0
0.7584013832032743,0.317508786,0.612982712,0.853212752,0.0,1564.0
0.7670660697427268,0.504008139,0.557227313,0.805128445,0.0,1564.0
0.7625808780595182,0.599533572,0.598473854,0.79182406,0.0,1564.0
0.7597198679828839,0.627768311,0.632034344,0.778180526,0.0,1564.0
0.7576848114658749,0.598628605,0.670865897,0.781551989,0.0,1564.0
0.7576404504836517,0.513057049,0.694482958,0.799681449,0.0,1564.0
0.7655703202497967,0.425071916,0.681759127,0.818455897,0.0,1564.0
0.7805902433311722,0.291952207,0.688178225,0.837442376,0.0,1564.0
0.7895456011992575,0.074893796,0.704348622,0.858065943,0.0,1564.0
0.7854996808504668,0.0,0.6833220440000001,0.8778861204999999,0.0,1564.0
0.7460984314179868,0.0,0.6435538795,0.8737186105,0.0,1564.0
0.7044595946658385,0.0,0.57262503,0.81753528,0.0,1564.0
0.6481525246772855,0.0,0.5336996735,0.7791227315,0.0,1564.0
0.6124874295070308,0.0,0.532725595,0.7562593744999999,0.0,1564.0
0.5809042308621282,0.0,0.5276424580000001,0.764272981,0.0,1564.0
0.5753336279618444,0.0,0.4860076175,0.7417316709999999,0.0,1564.0
0.5884049356756101,0.0,0.439920767,0.712289837,0.0,1564.0
0.630273357899262,0.049971876,0.402649876,0.690514627,0.0,1564.0
0.6857014155878116,0.324166414,0.343998594,0.656937078,0.0,1564.0
0.7385424543898708,0.495824276,0.268462979,0.576098421,0.0,1564.0
0.746976884681464,0.601617654,0.270543978,0.552225378,0.0,1564.0
0.7417565630025512,0.642620263,0.26175814,0.533845515,0.0,1564.0
0.7389312384169799,0.619530907,0.244037537,0.513186422,0.0,1564.0
0.7358613921319803,0.558666517,0.235227832,0.490227992,0.0,1564.0
0.7358778486558586,0.45545811,0.206497668,0.473540033,0.0,1564.0
0.7476851834879827,0.328302512,0.185272849,0.475270215,0.0,1564.0
0.7744802440014505,0.070766909,0.189071594,0.485776209,0.0,1564.0
0.7849606868463571,0.0,0.202111906,0.497743196,0.0,1564.0
0.787091173091371,0.0,0.22939775499999998,0.5337721535,0.0,1564.0
0.7582673165952313,0.0,0.260625317,0.564269896,0.0,1564.0
0.7220749214393661,0.0,0.3016233075,0.5679967779999999,0.0,1564.0
0.6533999384965714,0.0,0.33159103733333334,0.5333341543333333,0.0,1564.0
0.6165855142052334,0.0,0.36108150549999996,0.5204563795,0.0,1564.0
0.6203885227583353,0.0,0.367378255,0.524991905,0.0,1564.0
0.6660446598881563,0.0,0.374115464,0.537786009,0.0,1564.0
0.7357801830516516,0.0,0.392514312,0.559394705,0.0,1564.0
0.8029159425104195,0.05778926,0.41101149,0.562198863,0.0,1564.0
0.850980626402475,0.250445479,0.411183775,0.557059684,0.0,1564.0
0.8699180825903657,0.386703653,0.398028976,0.520128658,0.0,1564.0
0.8687402825745716,0.49334552899999995,0.40215991799999995,0.5132254565000001,0.0,1564.0
0.8634322676663821,0.518805896,0.413975266,0.50370237,0.0,1564.0
0.8621953495885364,0.432188416,0.392260077,0.500196222,0.0,1564.0
0.8611448189443922,0.331409727,0.389816168,0.514857275,0.0,1564.0
0.8650528717090911,0.215006332,0.393591327,0.530536626,0.0,1564.0
0.878208205750385,0.020199184,0.418113879,0.565705474,0.0,1564.0
0.8859159131189309,0.0,0.44370278350000003,0.602575538,0.0,1564.0
0.8503108750706356,0.0,0.416870516,0.6116683905,0.0,1564.0
0.7971384710618964,0.0,0.370245773,0.599738494,0.0,1564.0
0.7633351030155824,0.0,0.34797552,0.55578719,0.0,1564.0
0.6661244827468319,0.0,0.327201093,0.5048222025,0.0,1564.0
0.6188332079741324,0.0,0.30048639850000003,0.4794708895,0.0,1564.0
0.6134055259162936,0.0,0.29638419,0.473155698,0.0,1564.0
0.6172650588988583,0.0,0.313510288,0.470205899,0.0,1564.0
0.6604484779460402,0.0,0.330253068,0.466865245,0.0,1564.0
0.7327363631051811,0.0,0.334946881,0.470256564,0.0,1564.0
0.7994915666638276,0.011307698,0.334103173,0.479310248,0.0,1564.0
0.8492349889992699,0.126677388,0.323177615,0.476222565,0.0,1564.0
0.8669752372585127,0.210382737,0.283735649,0.454644922,0.0,1564.0
0.8685496021991826,0.276271524,0.267311037,0.440086518,0.0,1564.0
0.8645807321982854,0.32229847,0.256147697,0.422425339,0.0,1564.0
0.8591170962983558,0.2840010255,0.23946293000000002,0.406851929,0.0,1564.0
0.8554025858926624,0.210098559,0.212384516,0.395958377,0.0,1564.0
0.8579383125537121,0.125110963,0.200976077,0.390363742,0.0,1564.0
0.8722106291046989,0.009956214,0.1886274825,0.3818929435,0.0,1564.0
0.8646299226892997,0.0,0.183896914,0.370470615,0.0,1564.0
0.8260289583692538,0.0,0.179712416,0.384614704,0.0,1564.0
0.7938087199577015,0.0,0.178769127,0.385754809,0.0,1564.0
0.7605691646406633,0.0,0.186373182,0.400762447,0.0,1564.0
0.6657245190688081,0.0,0.19825735049999998,0.41370082399999997,0.0,1564.0
0.6179233622287553,0.0,0.2205231025,0.419613625,0.0,1564.0
0.6136935140045513,0.0,0.246904182,0.445904899,0.0,1564.0
0.6207000776943095,0.0,0.262141659,0.473137324,0.0,1564.0
0.6664278987587499,0.0,0.275783265,0.504427661,0.0,1564.0
0.7348142601060327,0.0,0.299487142,0.534556442,0.0,1564.0
0.8024555192176325,0.038104468,0.315689434,0.550766595,0.0,1564.0
0.8488606044305541,0.193521397,0.322356934,0.569137378,0.0,1564.0
0.864332364786391,0.285569423,0.309244452,0.556413442,0.0,1564.0
0.8549140793308129,0.368998289,0.32509074,0.572750955,0.0,1564.0
0.8503892668362892,0.399869582,0.338789939,0.56669705,0.0,1564.0
0.846221667143733,0.35966698,0.366035235,0.555207436,0.0,1564.0
0.8425631445329226,0.330989449,0.360494637,0.53702872,0.0,1564.0
0.8412196172111089,0.25653799,0.331196263,0.525629118,0.0,1564.0
0.8452323116271253,0.148449713,0.317517407,0.520790332,0.0,1564.0
0.8543902450342871,0.027612558,0.317056682,0.515631178,0.0,1564.0
0.8579932270119597,0.0,0.31804304699999997,0.503042745,0.0,1564.0
0.8512974134075196,0.0,0.306707843,0.458908331,0.0,1564.0
0.8246121819454985,0.0,0.295124022,0.440045126,0.0,1564.0
0.7893413263510828,0.0,0.26210981,0.377518449,0.0,1564.0
0.7542328890522759,0.0,0.246844158,0.36034896,0.0,1564.0
0.6671657118598773,0.0,0.20788368000000002,0.36219945600000003,0.0,1831.0
0.6236444880585332,0.0,0.179321879,0.374820378,0.0,1831.0
0.6187751183773474,0.0,0.176480056,0.363645227,0.0,1831.0
0.6202058023613336,0.0,0.16886909,0.36037681,0.0,1831.0
0.6415479594640411,0.0,0.161305766,0.367023772,0.0,1831.0
0.7041871686430169,0.0,0.168334425,0.386126686,0.0,1831.0
0.7902120879872006,0.0,0.175368248,0.40040148,0.0,1831.0
0.8594200204795869,0.008098393,0.186859631,0.41487737,0.0,1831.0
0.8884843738820681,0.16228845,0.181119466,0.41151288,0.0,1831.0
0.9016583107156567,0.291946252,0.134359741,0.359858759,0.0,1831.0
0.8987702011662853,0.382921176,0.126565654,0.360187278,0.0,1831.0
0.8926295247999609,0.461547248,0.161431412,0.395461975,0.0,1831.0
0.8910617782849664,0.474684212,0.200783647,0.414345839,0.0,1831.0
0.8896350742901736,0.429708489,0.22219857,0.408401683,0.0,1831.0
0.8895962584644663,0.37603186,0.237206217,0.420956832,0.0,1831.0
0.894175627660851,0.249856084,0.249922948,0.448076735,0.0,1831.0
0.919213960458082,0.034221423,0.266589778,0.491953632,0.0,1831.0
0.9274008729923301,0.0,0.273377238,0.5417540304999999,0.0,1831.0
0.9078031906857851,0.0,0.274961333,0.570112049,0.0,1831.0
0.8479635481723551,0.0,0.275473238,0.555180331,0.0,1831.0
0.801206437692547,0.0,0.260614685,0.546871439,0.0,1831.0
0.7571966625254604,0.0,0.280554767,0.530260364,0.0,1831.0
0.6915886266149468,0.0,0.288124033,0.517166639,0.0,1831.0
0.6523538424032059,0.0,0.28065869099999996,0.48620045349999996,0.0,1831.0
0.6379914848719592,0.0,0.263657696,0.458085015,0.0,1831.0
0.6387324729766727,0.0,0.25274082,0.433856532,0.0,1831.0
0.6646019467336581,0.0,0.251429211,0.389126807,0.0,1831.0
0.7460967321763643,0.0,0.232412548,0.360739919,0.0,1831.0
0.8230010581096545,0.0,0.22449614,0.329174871,0.0,1831.0
0.8872564889168175,0.03494766,0.218198925,0.282592847,0.0,1831.0
0.9103725456374617,0.293742498,0.211109543,0.23738677,0.0,1831.0
0.9087768946641223,0.416501677,0.190583786,0.197083665,0.0,1831.0
0.9050828653729663,0.466152791,0.199900961,0.195047456,0.0,1831.0
0.8901865894304339,0.489525212,0.264775832,0.2402739735,0.0,1831.0
0.8863047866188747,0.370339551,0.328468471,0.325148413,0.0,1831.0
0.8850871869810479,0.238945443,0.37811788,0.374104767,0.0,1831.0
0.8913794596135017,0.116859305,0.42103083,0.423059364,0.0,1831.0
0.9181424120648206,0.003725334,0.473113147,0.455786163,0.0,1831.0
0.923232960144853,0.0,0.560513949,0.5034405015000001,0.0,1831.0
0.8988084802899371,0.0,0.650797803,0.574992644,0.0,1831.0
0.8390048810239564,0.0,0.708887409,0.619283038,0.0,1831.0
0.7943317494035712,0.0,0.761859427,0.67579265,0.0,1831.0
0.7111634577215002,0.0,0.8070638944999999,0.7265408295,0.0,1831.0
0.615473719028194,0.0,0.834432208,0.7861198065,0.0,1831.0
0.5857045995791663,0.0,0.858560843,0.8339641355,0.0,1831.0
0.5933639885131935,0.0,0.8717048359999999,0.8635470265,0.0,1831.0
0.6098886720005752,0.0,0.878406572,0.884628148,0.0,1831.0
0.6560741885834379,0.013890516,0.880850473,0.897076559,0.0,1831.0
0.7020040932887923,0.086677851,0.883524239,0.908582894,0.0,1831.0
0.7350448295762885,0.136485484,0.872571567,0.918645389,0.0,1831.0
0.7409204135883367,0.16284508,0.891754745,0.920399687,0.0,1831.0
0.7367533504628845,0.188881499,0.89421462,0.919848295,0.0,1831.0
0.7339443927934055,0.163205939,0.89278402,0.919299925,0.0,1831.0
0.7314381805619157,0.146000472,0.885955846,0.914543247,0.0,1831.0
0.730571443583933,0.120451231,0.884376486,0.910294663,0.0,1831.0
0.7395900336450394,0.078725154,0.879833671,0.911542257,0.0,1831.0
0.7586450104442604,0.009724023,0.873821306,0.913183379,0.0,1831.0
0.7691747332530157,0.0,0.8724386356666667,0.9170810333333334,0.0,1831.0
0.7465365177434156,0.0,0.871885468,0.9210371055,0.0,1831.0
0.7097657761231536,0.0,0.868965135,0.92468757,0.0,1831.0
0.6489688860877891,0.0,0.8654902245,0.9195643765,0.0,1831.0
0.5906443788480993,0.0,0.8383491875,0.8871033545,0.0,1831.0
0.584553228394705,0.0,0.775710031,0.831166802,0.0,1831.0
0.6043492156331102,0.0,0.704057714,0.766831756,0.0,1831.0
0.6563900364610991,0.004127942,0.662189932,0.732853503,0.0,1831.0
0.702186679544018,0.110407553,0.636820316,0.711495191,0.0,1831.0
0.7437853143162816,0.210835387,0.580008485,0.636604213,0.0,1831.0
0.7496659069177414,0.296499708,0.530522317,0.588330535,0.0,1831.0
0.7468535954339589,0.351849238,0.511960755,0.541785549,0.0,1831.0
0.7453693832133783,0.32608836,0.43938373,0.489834921,0.0,1831.0
0.7447849998292547,0.262993607,0.378184126,0.444363005,0.0,1831.0
0.7439346299023156,0.197243447,0.339109705,0.426931457,0.0,1831.0
0.7525342956017658,0.098907298,0.309595794,0.421844066,0.0,1831.0
0.7732991348402944,0.004094293,0.302221892,0.443917614,0.0,1831.0
0.7791508391870844,0.0,0.298980396,0.48111614,0.0,1831.0
0.7746092572836647,0.0,0.29456021,0.5404490829999999,0.0,1831.0
0.7558209379385663,0.0,0.290258446,0.551851427,0.0,1831.0
0.7377661832194224,0.0,0.247853407,0.494049048,0.0,1831.0
0.6970223233255175,0.0,0.2609461595,0.5301898305,0.0,1831.0
0.6304086989216529,0.0,0.275567217,0.5416911799999999,0.0,1831.0
0.6122292240644094,0.0,0.25535502,0.509314458,0.0,1831.0
0.6317624444325266,0.0,0.235525676,0.474075352,0.0,1831.0
0.6835669494885557,0.0,0.230049608,0.461061068,0.0,1831.0
0.7698710922269053,0.0,0.220850787,0.463734142,0.0,1831.0
0.8377716299828105,0.00760765,0.215325938,0.460140673,0.0,1831.0
0.8663392485615034,0.061093504,0.200933511,0.440998521,0.0,1831.0
0.880082990645056,0.102913322,0.179467061,0.39698562,0.0,1831.0
0.8695817534632155,0.13508160200000002,0.1609103495,0.3696276855,0.0,1831.0
0.8584360311738259,0.150854261,0.141702907,0.340098038,0.0,1831.0
0.852670276078273,0.134372425,0.138258833,0.313192555,0.0,1831.0
0.8517433477690789,0.104088764,0.157392972,0.335693363,0.0,1831.0
0.8616975416305396,0.067122647,0.177022611,0.380746991,0.0,1831.0
0.8772067761244208,0.005106223,0.226176856,0.452321099,0.0,1831.0
0.8810264648160114,0.0,0.2872970955,0.5226397815,0.0,1831.0
0.8528653835371248,0.0,0.34139009200000003,0.5804813775,0.0,1831.0
0.7966818041436924,0.0,0.357987517,0.585077384,0.0,1831.0
0.7164407956605625,0.0,0.39833036349999995,0.5908201995,0.0,1831.0
0.6298606942068945,0.0,0.4463937355,0.6182365995,0.0,1831.0
0.6112128360784768,0.0,0.498421149,0.6736017679999999,0.0,1831.0
0.6301486376262108,0.0,0.546996527,0.713538171,0.0,1831.0
0.6806689123681469,0.0,0.59654892,0.75107677,0.0,1831.0
0.766918498269684,0.0,0.638597731,0.776130652,0.0,1831.0
0.8237661049602467,0.006802044,0.671659203,0.805603417,0.0,1831.0
0.8502397277705961,0.075479103,0.694740392,0.813059952,0.0,1831.0
0.8655449558348061,0.11625709,0.69046973,0.82247137,0.0,1831.0
0.8619618287967807,0.1338413665,0.7402425079999999,0.8395554635,0.0,1831.0
0.8526498843690941,0.135987643,0.745961091,0.862031913,0.0,1831.0
0.8500612108424469,0.142092487,0.741316111,0.878668479,0.0,1831.0
0.8480199831289834,0.125178507,0.74739237,0.899130592,0.0,1831.0
0.8487030157786878,0.087863308,0.752697209,0.9128983,0.0,1831.0
0.8568179312908714,0.007227902,0.741684945,0.916309128,0.0,1831.0
0.8654301629978407,0.0,0.7241780019999999,0.9142771700000001,0.0,1831.0
0.8440943112333636,0.0,0.701001245,0.8868719435000001,0.0,1831.0
0.7978788331266712,0.0,0.667755679,0.840484091,0.0,1831.0
0.7502695640729429,0.0,0.635774033,0.819112273,0.0,1831.0
0.6632471726225662,0.0,0.5843114775,0.7805043895,0.0,1831.0
0.6140616380389298,0.0,0.537539071,0.787257007,0.0,1831.0
0.6113298647916444,0.0,0.523441718,0.78660413,0.0,1831.0
0.6299990089527315,0.0,0.541062068,0.780962996,0.0,1831.0
0.6805192836946676,0.0,0.569833263,0.777668818,0.0,1831.0
0.7651437041933052,0.0,0.6236678,0.788807434,0.0,1831.0
0.8237661049602467,0.002152701,0.666912162,0.823017749,0.0,1831.0
0.8537040819149867,0.034406891,0.695528901,0.838255159,0.0,1831.0
0.8723037333487152,0.080598657,0.691336785,0.766491787,0.0,1831.0
0.8711818764588626,0.129160458,0.7333093185,0.7755311014999999,0.0,1831.0
0.871154732249708,0.190837175,0.736886618,0.766229964,0.0,1831.0
0.8733110657526304,0.237388593,0.743125818,0.784669482,0.0,1831.0
0.8728196078018056,0.189878427,0.705560245,0.79484645,0.0,1831.0
0.8790941716955524,0.110530657,0.642363795,0.805988752,0.0,1831.0
0.8957761977507676,0.009268724,0.589493378,0.811738925,0.0,1831.0
0.9008976017455961,0.0,0.5398390645,0.805902117,0.0,1831.0
0.8883508439760808,0.0,0.508557162,0.756463562,0.0,1831.0
0.8404220152040982,0.0,0.506803387,0.708843238,0.0,1831.0
0.7948390378383358,0.0,0.493271275,0.669029286,0.0,1831.0
0.7482297672500741,0.0,0.484788876,0.650932017,0.0,1831.0
0.6671603903854478,0.0,0.5031065800000001,0.681015086,0.0,1831.0
0.6226749429475829,0.0,0.5160836865,0.7540047435,0.0,1831.0
0.6216088948394685,0.0,0.535645262,0.805560303,0.0,1831.0
0.6418399723453854,0.0,0.547684697,0.804218257,0.0,1831.0
0.7001531881943311,0.0,0.570254536,0.791493644,0.0,1831.0
0.7817902237031266,0.0,0.60323047,0.801261765,0.0,1831.0
0.8494959670876248,0.007402594,0.621202221,0.8256992,0.0,1831.0
0.8704586416943219,0.140505266,0.644130863,0.84372766,0.0,1831.0
0.8809381007429031,0.235002833,0.60943123,0.815410467,0.0,1831.0
0.8718800240797335,0.31345831550000003,0.643903948,0.843035797,0.0,1831.0
0.867958332240783,0.316198989,0.658845325,0.844533877,0.0,1831.0
0.8669778308911016,0.26896562,0.644450122,0.841979538,0.0,1831.0
0.8700775492270962,0.202987462,0.62911554,0.840201401,0.0,1831.0
0.8790941716955524,0.103686279,0.603472126,0.840750798,0.0,1831.0
0.896260232425261,0.005111599,0.610741381,0.855084535,0.0,1831.0
0.8999358823363055,0.0,0.674519383,0.876614217,0.0,1831.0
0.863266406151111,0.0,0.7172836105,0.8874954015000001,0.0,1831.0
0.7952985666726807,0.0,0.724638193,0.876982239,0.0,1831.0
0.7464598922902725,0.0,0.729202106,0.86718332,0.0,1831.0
0.6639398870291782,0.0,0.72184923,0.8338937995,0.0,1831.0
0.6163983442553462,0.0,0.7231474,0.8035047465,0.0,1831.0
0.614060117540549,0.0,0.732117902,0.815904121,0.0,1831.0
0.6346162996513329,0.0,0.74590927,0.833507461,0.0,1831.0
0.6865596113513617,0.0,0.764520087,0.846179245,0.0,1831.0
0.7756668981841711,0.0,0.782162633,0.854290915,0.0,1831.0
0.8409089119296841,0.006545197,0.796207681,0.858706806,0.0,1831.0
0.8673772580020213,0.106538611,0.817362695,0.880384911,0.0,1831.0
0.8814442264356736,0.139524404,0.815308801,0.881758886,0.0,1831.0
0.875616491361928,0.158123229,0.85827141,0.915507179,0.0,1831.0
0.8713965259723442,0.153399387,0.889965031,0.925195599,0.0,1831.0
0.871345680908649,0.111883766,0.906755558,0.912339261,0.0,1831.0
0.871161350540432,0.068948147,0.904970055,0.907201255,0.0,1831.0
0.8738890991295822,0.036649938,0.906721944,0.873972634,0.0,1831.0
0.8830481951437867,0.002561333,0.907061769,0.846457367,0.0,1831.0
0.8837931632376936,0.0,0.910346481,0.8777808225,0.0,1831.0
0.8737678221436691,0.0,0.911417217,0.890761529,0.0,1831.0
0.8389824322492928,0.0,0.908907087,0.909058545,0.0,1831.0
0.79611459279622,0.0,0.89013302,0.926024332,0.0,1831.0
0.7466046018471746,0.0,0.869586211,0.924225227,0.0,1831.0
0.649019194651856,0.0,0.8106354954999999,0.919384692,0.0,1831.0
0.5907222563136438,0.0,0.7314542085,0.9091663285,0.0,1831.0
0.5837566996568541,0.0,0.672470627,0.886815962,0.0,1831.0
0.5948175013627006,0.0,0.598067125,0.8422598729999999,0.0,1831.0
0.6212111671725985,0.0,0.549000513,0.794303241,0.0,1831.0
0.6701717893847516,0.00569506,0.520786918,0.768485684,0.0,1831.0
0.7078043264644727,0.153046529,0.495084271,0.751883571,0.0,1831.0
0.7452225271181571,0.284513039,0.451696869,0.718962517,0.0,1831.0
0.752461672472287,0.37365277799999996,0.4262022225,0.7036909179999999,0.0,1831.0
0.7497916109871179,0.348526564,0.414217703,0.6880762465,0.0,1831.0
0.7528017131701272,0.245756781,0.400118557,0.665224776,0.0,1831.0
0.7598874735436706,0.139489021,0.386903277,0.646017911,0.0,1831.0
0.7790105567136455,0.0024525895,0.37624656450000005,0.6199889755000001,0.0,1831.0
0.7751297078741332,0.0,0.3497899663333333,0.6161266896666667,0.0,1831.0
0.73934806104421,0.0,0.350293526,0.638719123,0.0,1831.0
0.6901369696182605,0.0,0.3387377095,0.6507147805,0.0,1831.0
0.6164451870628531,0.0,0.3547381355,0.6779712095,0.0,1831.0
0.5902833650700832,0.0,0.3618874915,0.6775108919999999,0.0,1831.0
0.5963966065417545,0.0,0.3480985505,0.6590927135,0.0,1831.0
0.6212115249289851,0.0,0.363573337,0.6323473,0.0,1831.0
0.667355542580717,0.002526655,0.393499579,0.648167261,0.0,1831.0
0.7078043264644727,0.10697037,0.421373984,0.663731177,0.0,1831.0
0.7464291259157867,0.249792724,0.401429174,0.628447049,0.0,1831.0
0.7557429485307651,0.3684990675,0.44527469350000004,0.67895993,0.0,1831.0
0.7497054829251635,0.391071587,0.520323901,0.754869785,0.0,1831.0
0.7453356653149656,0.336312388,0.5483085,0.783021271,0.0,1831.0
0.7469233564448695,0.231370387,0.56784053,0.803868836,0.0,1831.0
0.7559992759210464,0.134285899,0.556792969,0.801540202,0.0,1831.0
0.7745725432598594,0.002690187,0.564111711,0.813586467,0.0,1831.0
0.7810220019164242,0.0,0.5794055705,0.8256763970000001,0.0,1831.0
0.767388759660674,0.0,0.6227181230000001,0.821744763,0.0,1831.0
0.723825455557202,0.0,0.6548501195,0.8403588225,0.0,1831.0
0.6641457716461407,0.0,0.6317624785,0.8245713475,0.0,1831.0
0.6156381718523898,0.0,0.6245954445,0.8162458655,0.0,1831.0
0.6130344504929399,0.0,0.629017681,0.824763678,0.0,1831.0
0.6324440461916364,0.0,0.631900344,0.830923138,0.0,1831.0
0.6836269620090495,0.0,0.635706167,0.842958646,0.0,1831.0
0.7709845866455671,0.0,0.651481354,0.861920521,0.0,1831.0
0.8403141538802533,0.00228728,0.669152351,0.872036813,0.0,1831.0
0.8683780614530955,0.101113837,0.685803522,0.882570841,0.0,1831.0
0.8787345443416167,0.204760335,0.656476735,0.853934227,0.0,1831.0
0.8699951775397249,0.314989874,0.664363379,0.86658506,0.0,1831.0
0.8653018651609239,0.38320466799999997,0.6929026220000001,0.8877750945,0.0,1831.0
0.8631993728470895,0.3515104,0.713587243,0.89139906,0.0,1831.0
0.8653816432157065,0.244089278,0.696481499,0.887806066,0.0,1831.0
0.8730194107626241,0.128662453,0.676378857,0.882318404,0.0,1831.0
0.8909032953096093,0.003171611,0.668085433,0.88535651,0.0,1831.0
0.8954840954640646,0.0,0.6784783565,0.8880320545,0.0,1831.0
0.8829083152306274,0.0,0.67807839,0.883797851,0.0,1831.0
0.8402654999563431,0.0,0.67047794,0.876959868,0.0,1831.0
0.7958256207766856,0.0,0.664949138,0.874493493,0.0,1831.0
0.7473723764721316,0.0,0.654731597,0.856904728,0.0,1831.0
0.6640355401693661,0.0,0.62518017,0.8513278175000001,0.0,1831.0
0.6158147211204129,0.0,0.5918115355,0.8568161265,0.0,1831.0
0.6131425802352883,0.0,0.575285705,0.857240165,0.0,1831.0
0.634008394223386,0.0,0.559193572,0.855617003,0.0,1831.0
0.6868438430650364,0.0,0.555134029,0.84841215,0.0,1831.0
0.7773007389432793,0.0,0.564185541,0.837617498,0.0,1831.0
0.8507838643034662,0.003512046,0.559226762,0.824205637,0.0,1831.0
0.8754851973321428,0.175922857,0.558487975,0.813048919,0.0,1831.0
0.8843401171527147,0.304458074,0.574241738,0.798333231,0.0,1831.0
0.8765447612238336,0.414857227,0.609057909,0.792260547,0.0,1831.0
0.8674920507715108,0.428258707,0.62314588,0.798543153,0.0,1831.0
0.8644935307322198,0.365239968,0.631286653,0.800971627,0.0,1831.0
0.8651138678909585,0.262459001,0.629291443,0.791045782,0.0,1831.0
0.8717183661682664,0.124990378,0.633211259,0.780260526,0.0,1831.0
0.8867783571552265,0.001152319,0.650863001,0.798307097,0.0,1831.0
0.8909274433258956,0.0,0.6826088715,0.81876047,0.0,1831.0
0.8765114010818076,0.0,0.7234906,0.835246777,0.0,1831.0
0.8383143356250861,0.0,0.745170676,0.849249617,0.0,1831.0
0.7959943889445149,0.0,0.768546588,0.863439639,0.0,1831.0
0.7472775282500755,0.0,0.786194347,0.873066321,0.0,1831.0
0.6633869855997889,0.0,0.801980211,0.8855092984999999,0.0,1831.0
0.6139833580131057,0.0,0.7990318169999999,0.8975355205,0.0,1831.0
0.6110227817430265,0.0,0.790444084,0.894020948,0.0,1831.0
0.6299944477274924,0.0,0.781675948,0.885032284,0.0,1831.0
0.7212586494342214,0.0,0.770913686,0.8826033394999999,0.0,1831.0
0.81785125789327,0.00201794,0.760848532,0.878902072,0.0,1831.0
0.8456186806974118,0.067824722,0.76356944,0.877356908,0.0,1831.0
0.8615170571097401,0.128800712,0.751686258,0.86381662,0.0,1831.0
0.8566239417701206,0.167995842,0.785400759,0.850354004,0.0,1831.0
0.8524473088300176,0.19143006150000003,0.7925527125,0.81785474,0.0,1831.0
0.8500714066970363,0.168679659,0.781433012,0.798657407,0.0,1831.0
0.8487971039539808,0.138926627,0.767059136,0.792845124,0.0,1831.0
0.8609532442455128,0.073945499,0.756435663,0.789011781,0.0,1831.0
0.8780800420552443,0.0,0.759272126,0.795618847,0.0,1831.0
0.8853707032494254,0.0,0.76638837,0.7985509550000001,0.0,1831.0
0.8748342726096359,0.0,0.761154023,0.781016533,0.0,1831.0
0.8389824322492928,0.0,0.746307515,0.766648514,0.0,1831.0
0.7962613594186068,0.0,0.715774575,0.757266467,0.0,1831.0
0.7464150395448383,0.0,0.689401328,0.74286466,0.0,1831.0
0.6633554365066907,0.0,0.6429652324999999,0.7173214995,0.0,1831.0
0.6141166866389534,0.0,0.5922819825000001,0.662448235,0.0,1831.0
0.6114275303958514,0.0,0.57670282,0.615264501,0.0,1831.0
0.6300099651239871,0.0,0.572851127,0.59199965,0.0,1831.0
0.6806689123681469,0.0,0.583288732,0.597303885,0.0,1831.0
0.7661515732992761,0.0,0.599140237,0.624358589,0.0,1831.0
0.821275544132076,0.00146421,0.617267927,0.655504833,0.0,1831.0
0.8504795986369992,0.099013442,0.63811127,0.675731979,0.0,1831.0
0.8638275805113808,0.215526235,0.634945426,0.652817834,0.0,1831.0
0.861647277735414,0.255771279,0.667663783,0.683483314,0.0,1831.0
0.8546259570333032,0.2596608845,0.6962914600000001,0.7018787479999999,0.0,1831.0
0.8504692238367407,0.234602946,0.710666269,0.701355134,0.0,1831.0
0.8506873614412535,0.17416074,0.691398218,0.688333799,0.0,1831.0
0.8550234611530385,0.085880447,0.64580724,0.657262257,0.0,1831.0
0.8694949546249052,0.00185183,0.612824638,0.63772989,0.0,1831.0
0.8715051922817968,0.0,0.5657647545,0.6034806195,0.0,1831.0
0.8482028376677612,0.0,0.478309216,0.519709311,0.0,1831.0
0.7966082867581987,0.0,0.377147367,0.386664609,0.0,1831.0
0.7472775282500755,0.0,0.358364342,0.380958834,0.0,1831.0
0.6636898203081856,0.0,0.339399829,0.357691114,0.0,1831.0
0.6142953824452958,0.0,0.3222999645,0.3374231435,0.0,1831.0
0.6114166190284888,0.0,0.341805306,0.346058328,0.0,1831.0
0.6299122548508386,0.0,0.348486069,0.377070839,0.0,1831.0
0.7221916370650887,0.0,0.368250526,0.433076526,0.0,1831.0
0.8199838010688171,0.0,0.399651414,0.473288267,0.0,1831.0
0.8520548579011599,0.024973666,0.423706701,0.482039922,0.0,1831.0
0.8703384378426168,0.088918489,0.44183956,0.463946981,0.0,1831.0
0.8692387167074583,0.12443712,0.444296052,0.468560565,0.0,1831.0
0.8679323506386711,0.14755875200000002,0.4640314645,0.499192626,0.0,1831.0
0.8679269396914072,0.125247661,0.461529974,0.526671145,0.0,1831.0
0.8687482425529586,0.090749293,0.459525337,0.543005677,0.0,1831.0
0.8725999496989122,0.045068619,0.463639559,0.541500666,0.0,1831.0
0.8843452150800094,0.001074258,0.481345222,0.552417111,0.0,1831.0
0.8868430203063182,0.0,0.492912773,0.580300287,0.0,1831.0
0.855972927642255,0.0,0.500174492,0.6106133625000001,0.0,1831.0
0.7962045667055919,0.0,0.471531066,0.589831738,0.0,1831.0
0.7088286967632631,0.0,0.48120512299999996,0.6013708635,0.0,1831.0
0.6118911286247486,0.0,0.4959857995,0.6393977485,0.0,1831.0
0.5830352984106634,0.0,0.514820141,0.658445539,0.0,1831.0
0.5846005631003743,0.0,0.5247338075000001,0.686229312,0.0,1831.0
0.6070344590928582,0.0,0.5287167755,0.7096121765,0.0,1831.0
0.6607868192673065,0.001239659,0.53059986,0.699829175,0.0,1831.0
0.7066427594928977,0.067016342,0.526804833,0.680972253,0.0,1831.0
0.7479344452233677,0.175887405,0.496541415,0.693442583,0.0,1831.0
0.7578434732519492,0.254599348,0.49580141,0.700219208,0.0,1831.0
0.758702965764318,0.334129974,0.500528774,0.695003522,0.0,1831.0
0.7569556290520145,0.381166471,0.49553627,0.702536964,0.0,1831.0
0.7557933912366079,0.366568053,0.505849556,0.710346337,0.0,1831.0
0.7559311246114481,0.28274188,0.540563619,0.750191641,0.0,1831.0
0.7614177459206211,0.116398829,0.571463165,0.78812883,0.0,1831.0
0.7847201899400154,0.0,0.601339371,0.816801095,0.0,1831.0
0.7967229900548538,0.0,0.6264892295,0.843423932,0.0,1831.0
0.7788435325913317,0.0,0.645919852,0.858401951,0.0,1831.0
0.7234809653739521,0.0,0.6448825709999999,0.848811639,0.0,1831.0
0.6557103128218051,0.0,0.6048313599999999,0.8131468209999999,0.0,1831.0
0.6013861798722181,0.0,0.5707983285,0.7901212424999999,0.0,1831.0
0.5961906547864281,0.0,0.5826230115,0.7948314105000001,0.0,1831.0
0.6096831450725233,0.0,0.598819087,0.802396313,0.0,1831.0
0.626972987082851,0.0,0.595418047,0.792494988,0.0,1831.0
0.6750585545822477,0.001380521,0.591003641,0.794987053,0.0,1831.0
0.7227881616294571,0.149683808,0.575080412,0.781111437,0.0,1831.0
0.7542471989028834,0.38501957,0.502510223,0.737575312,0.0,1831.0
0.759401292330858,0.526781132,0.481346945,0.730905874,0.0,1831.0
0.7588460654849561,0.606964434,0.453553146,0.718215289,0.0,1831.0
0.7579797757361945,0.613009489,0.447289474,0.725132723,0.0,1831.0
0.7563968247771988,0.541009043,0.453644965,0.727699953,0.0,1831.0
0.7560550847027846,0.426024534,0.525125549,0.765415688,0.0,1831.0
0.7621070392396142,0.194353106,0.556205706,0.792180764,0.0,1831.0
0.7897951312181946,0.001684885,0.580669973,0.810800079,0.0,1831.0
0.8028745329846476,0.0,0.5893671119999999,0.8079443235,0.0,1831.0
0.7809319384667419,0.0,0.5751947234999999,0.813447688,0.0,1831.0
0.723447068664822,0.0,0.5552767535,0.7896883035,0.0,1831.0
0.6700240389660397,0.0,0.571804042,0.8130540985,0.0,1831.0
0.62229563926229,0.0,0.5943128934999999,0.834580969,0.0,1831.0
0.6177089361949326,0.0,0.589639811,0.820576943,0.0,1831.0
0.6371624903155727,0.0,0.583948512,0.813794941,0.0,1831.0
0.7385639641046264,0.0,0.590841494,0.8320344980000001,0.0,1831.0
0.8552961554594122,0.0,0.599050699,0.85130286,0.0,1831.0
0.8876552899877987,0.053164975,0.593456822,0.851586035,0.0,1831.0
0.9016531234504791,0.160871598,0.506799759,0.797265638,0.0,1831.0
0.9048572150192876,0.213264573,0.524604918,0.818229966,0.0,1831.0
0.9048353029466797,0.274575307,0.638005898,0.837984479,0.0,1831.0
0.9044866762979895,0.260436389,0.645468437,0.838671177,0.0,1831.0
0.9022730133799965,0.207712695,0.626412881,0.841832089,0.0,1831.0
0.9027043696073963,0.164911075,0.593731274,0.844464351,0.0,1831.0
0.9072631681489332,0.085582793,0.588884217,0.843782288,0.0,1831.0
0.9204605376884617,0.0,0.596982721,0.845703601,0.0,1831.0
0.9226197332424766,0.0,0.62776751,0.8615966385,0.0,1831.0
0.8988084802899371,0.0,0.655262272,0.87238582,0.0,1831.0
0.8392952840690371,0.0,0.666863666,0.873983465,0.0,1831.0
0.7944040147091878,0.0,0.657587549,0.874082728,0.0,1831.0
0.7195595641530244,0.0,0.6388444280000001,0.8665148435000001,0.0,1831.0
0.6347381430286284,0.0,0.657876323,0.8649093953333334,0.0,1831.0
0.6234270659667936,0.0,0.672526281,0.862924013,0.0,1831.0
0.6428602283782548,0.0,0.681874359,0.865920944,0.0,1831.0
0.71296459095395,0.0,0.689203688,0.875236294,0.0,1831.0
0.8002409619761491,0.0,0.697413147,0.880990884,0.0,1831.0
0.8679973268772079,0.0,0.705873263,0.883867284,0.0,1831.0
0.8975635128958209,0.068489393,0.711993609,0.885801501,0.0,1831.0
0.9144102824607305,0.226791465,0.64830695,0.844161323,0.0,1831.0
0.9169640754819222,0.302905182,0.694138377,0.848460004,0.0,1831.0
0.9171799772102326,0.327435321,0.757332159,0.857429935,0.0,1831.0
0.9177058685722432,0.285484706,0.767225054,0.853606691,0.0,1831.0
0.9172914160979431,0.241808958,0.757647682,0.847401015,0.0,1831.0
0.9189764149407158,0.176798857,0.740680677,0.844583912,0.0,1831.0
0.9255480896431018,0.074986648,0.725028298,0.847046913,0.0,1831.0
0.9386061158365752,0.0,0.717494688,0.843899027,0.0,1831.0
0.9397083413339153,0.0,0.6993924025,0.8242593954999999,0.0,1831.0
0.9115770873696066,0.0,0.673671088,0.786075323,0.0,1831.0
0.847507417821255,0.0,0.659783621,0.753190847,0.0,1831.0
0.7996681159993264,0.0,0.621665625,0.699066148,0.0,1831.0
0.7541293205351666,0.0,0.587295112,0.664012562,0.0,1831.0
0.6736198436164622,0.0,0.563191852,0.647153613,0.0,1831.0
0.6334753925375374,0.0,0.543767023,0.64551095,0.0,1831.0
0.6329358618988478,0.0,0.532352523,0.649718233,0.0,1831.0
0.6537315571196483,0.0,0.534551863,0.647111605,0.0,1831.0
0.7729322182843275,0.0,0.533433381,0.6597342305,0.0,1831.0
0.8801086590922471,0.0,0.532394942,0.683268933,0.0,1831.0
0.9094141354410088,0.059145427,0.530210472,0.692780704,0.0,1831.0
0.927226291384433,0.150391687,0.539670385,0.718367164,0.0,1831.0
0.9249433145497993,0.234173521,0.527686821,0.70866263,0.0,1831.0
0.9198951149879708,0.256786094,0.517302741,0.686086268,0.0,1831.0
0.9153394467810783,0.252487322,0.522043257,0.652553011,0.0,1831.0
0.9131468910850375,0.218892597,0.49737011,0.611773805,0.0,1831.0
0.913723046207222,0.156015073,0.502371033,0.594424469,0.0,1831.0
0.9209227497631817,0.058208658,0.50951337,0.600263084,0.0,1831.0
0.9376790981894982,0.0,0.53033068,0.619255103,0.0,1831.0
0.9426900023565241,0.0,0.53486723,0.6419946400000001,0.0,1831.0
0.9148512085027809,0.0,0.518670187,0.635909519,0.0,1831.0
0.8499102406162561,0.0,0.487213192,0.618965455,0.0,1831.0
0.8025243859050526,0.0,0.461314712,0.612260218,0.0,1831.0
0.7591226951115819,0.0,0.429491657,0.59253616,0.0,1831.0
0.6775292602683436,0.0,0.39173399750000004,0.561176821,0.0,1831.0
0.6409212274942375,0.0,0.365783463,0.5336184595,0.0,1831.0
0.6388360860277719,0.0,0.370931843,0.543761891,0.0,1831.0
0.6627461225226197,0.0,0.37783942,0.562209205,0.0,1831.0
0.7813098781973766,0.0,0.38394685100000003,0.5666380285,0.0,1831.0
0.8851649974431801,0.0,0.390780447,0.556291179,0.0,1831.0
0.9159039750231273,0.063958765,0.390177759,0.54151615,0.0,1831.0
0.9300144101155123,0.198534518,0.351327226,0.534047095,0.0,1831.0
0.9237936873433776,0.25854918250000003,0.3391970355,0.474523969,0.0,1831.0
0.916067824209331,0.254539805,0.338435703,0.43521556,0.0,1831.0
0.9152901668172295,0.215288227,0.334304535,0.428983034,0.0,1831.0
0.9162539432245291,0.14829047,0.351266488,0.437666559,0.0,1831.0
0.923406960449229,0.066671189,0.37248507,0.462055945,0.0,1831.0
0.940405639300237,0.0,0.3953617465,0.489671905,0.0,1831.0
0.9249692961519109,0.0,0.3945104545,0.49888373100000005,0.0,1831.0
0.8463594899914075,0.0,0.390287183,0.493958206,0.0,1831.0
0.7996681159993264,0.0,0.374476597,0.507089559,0.0,1831.0
0.7539894406220072,0.0,0.368227812,0.487080227,0.0,1831.0
0.6723561168188533,0.0,0.3580751015,0.461498654,0.0,1831.0
0.6300921803351117,0.0,0.364735669,0.4602515325,0.0,1831.0
0.6294187396995774,0.0,0.371051315,0.472162805,0.0,1831.0
0.6483838319273094,0.0,0.378879727,0.483244357,0.0,1831.0
0.7197620949556837,0.0,0.39532422,0.503577135,0.0,1831.0
0.8365530913525517,0.0,0.399297745,0.5329190635000001,0.0,1831.0
0.897606621798167,0.025395739,0.397204635,0.543840344,0.0,1831.0
0.9107502394864907,0.112910717,0.348351667,0.478766127,0.0,1831.0
0.9117557831084733,0.152003419,0.357203132,0.486140722,0.0,1831.0
0.9097439802842595,0.1721121725,0.3565168635,0.4959316335,0.0,1831.0
0.9080425248501327,0.140909747,0.348794528,0.50336102,0.0,1831.0
0.9067096406121296,0.098364856,0.334449206,0.507925035,0.0,1831.0
0.9092180888547731,0.028869762,0.348799941,0.52199691,0.0,1831.0
0.9201128948360969,0.0,0.361005007,0.533648221,0.0,1831.0
0.9192093096925328,0.0,0.37368260750000004,0.557937053,0.0,1831.0
0.8970116848030673,0.0,0.370567535,0.57221595,0.0,1831.0
0.8390741949405975,0.0,0.352855744,0.559886595,0.0,1831.0
0.794478516025958,0.0,0.309006647,0.513242274,0.0,1831.0
0.7114782323974774,0.0,0.312155163,0.500391858,0.0,1831.0
0.6185540964547473,0.0,0.3219732675,0.499054617,0.0,1831.0
0.5877637595784716,0.0,0.3443792375,0.5113434815,0.0,1831.0
0.5961545891370321,0.0,0.35281074,0.523272536,0.0,1831.0
0.6212304856126177,0.0,0.355391908,0.509725588,0.0,1831.0
0.6675613825962139,0.0,0.35314707,0.505655869,0.0,1831.0
0.7131832652605182,0.016259467,0.355477378,0.508897635,0.0,1831.0
0.7538870348468921,0.089836278,0.335377945,0.466439347,0.0,1831.0
0.7645481411582671,0.17157279250000002,0.34220963299999996,0.4630086335,0.0,1831.0
0.7643791047068856,0.205734543,0.32941865,0.437008918,0.0,1831.0
0.7630675065015519,0.160677401,0.320803101,0.398402536,0.0,1831.0
0.7628164559842343,0.113708231,0.31987567,0.381919401,0.0,1831.0
0.7743324935827387,0.036714315,0.330742861,0.381061916,0.0,1831.0
0.7963079562770322,0.0,0.344934517,0.396271528,0.0,1831.0
0.804571069369673,0.0,0.3555872875,0.426842577,0.0,1831.0
0.7807194354915796,0.0,0.3536351405,0.4411788655,0.0,1831.0
0.7401546066909814,0.0,0.313195452,0.388903796,0.0,1831.0
0.6915761053438448,0.0,0.3039721915,0.387309762,0.0,1831.0
0.6222233292202564,0.0,0.28850958250000003,0.4050850575,0.0,1831.0
0.5953342030683935,0.0,0.299665672,0.4564921985,0.0,1831.0
0.6032433008995509,0.0,0.32022746999999996,0.5018840555,0.0,1831.0
0.6292087408841693,0.0,0.323869036,0.555384478,0.0,1831.0
0.6764017688166163,0.0,0.33208318,0.576071062,0.0,1831.0
0.7267531411139955,0.035782039,0.360369515,0.582156005,0.0,1831.0
0.7670027482118226,0.176332977,0.309572857,0.545900659,0.0,1831.0
0.7770996839025835,0.255004631,0.318564134,0.525561813,0.0,1831.0
0.7753578028739614,0.301323714,0.305308037,0.505533067,0.0,1831.0
0.7730064959190116,0.323344202,0.316456395,0.510103151,0.0,1831.0
0.771789790739627,0.261393758,0.315437435,0.514119264,0.0,1831.0
0.773621556339738,0.182592024,0.317884933,0.523436722,0.0,1831.0
0.7857219773223663,0.059943452,0.334274973,0.546877486,0.0,1831.0
0.810361956345313,0.0,0.3505778345,0.595446323,0.0,1831.0
0.8056828645467123,0.0,0.3555584005,0.613621164,0.0,1831.0
0.7713878594689529,0.0,0.348418444,0.617796105,0.0,1831.0
0.7461359504273998,0.0,0.299459894,0.552198872,0.0,1831.0
0.6999712279115682,0.0,0.2972663635,0.5506833369999999,0.0,1831.0
0.6529524238981077,0.0,0.28078499,0.535502321,0.0,1831.0
0.627059472901192,0.0,0.269889408,0.48960388200000005,0.0,1831.0
0.6262622287855193,0.0,0.255679567,0.431193282,0.0,1831.0
0.6461085021185692,0.0,0.245211249,0.39227335,0.0,1831.0
0.7184313124521068,0.0,0.244701536,0.363692361,0.0,1831.0
0.8379339587381092,0.0,0.23907200750000002,0.325512839,0.0,1831.0
0.8994882039292309,0.047730666,0.242863592,0.304364225,0.0,1831.0
0.9089826898757262,0.198325394,0.210332398,0.284323463,0.0,1831.0
0.910415117837752,0.331516977,0.2054966655,0.2485083125,0.0,1831.0
0.9082525236655409,0.347541623,0.207561312,0.200613801,0.0,1831.0
0.9072092374870107,0.302626598,0.210128374,0.182822995,0.0,1831.0
0.9072912514179954,0.211229777,0.213404485,0.177984421,0.0,1831.0
0.9131443867903316,0.075491359,0.239088402,0.189704259,0.0,1831.0
0.9316517389656515,0.0,0.265097971,0.209031922,0.0,1831.0
0.9400514228260897,0.0,0.30305335899999997,0.2483100505,0.0,1831.0
0.9128698142291906,0.0,0.342656477,0.291695584,0.0,1831.0
0.8480495868964265,0.0,0.371266746,0.345924197,0.0,1831.0
0.8006036301918947,0.0,0.409440019,0.414651735,0.0,1831.0
0.7230938135850532,0.0,0.4423745315,0.4489259595,0.0,1831.0
0.6463086628357744,0.0,0.479732716,0.5152615345,0.0,1831.0
0.6301631264224873,0.0,0.5115419095,0.591536113,0.0,1831.0
0.6512581235242361,0.0,0.567087278,0.625586412,0.0,1831.0
0.7302017097132909,0.0,0.625784859,0.662919266,0.0,1831.0
0.8095366287581508,0.0,0.683503027,0.72515806,0.0,1831.0
0.8764826022999721,0.0,0.733205655,0.766729583,0.0,1831.0
0.9067228773285289,0.021855704,0.780885425,0.761069428,0.0,1831.0
0.9170155913219733,0.081583906,0.767821317,0.805826708,0.0,1831.0
0.9161891906680788,0.115516847,0.797343987,0.838931667,0.0,1831.0
0.9124130579731036,0.145253218,0.812860622,0.872851307,0.0,1831.0
0.9112733582702436,0.139282301,0.811087875,0.89203909,0.0,1831.0
0.9079648038608351,0.128162596,0.77874053,0.887556204,0.0,1831.0
0.9056751192626425,0.089712778,0.751160039,0.855301204,0.0,1831.0
0.9074470512879289,0.037174352,0.720785175,0.824602615,0.0,1831.0
0.9187855557546094,0.0,0.692440735,0.787238825,0.0,1831.0
0.9158931978650166,0.0,0.671769377,0.6991436565,0.0,1831.0
0.8674707199349483,0.0,0.6566582805,0.6361570009999999,0.0,1831.0
0.7951827453704488,0.0,0.633541393,0.662853178,0.0,1831.0
0.7466896567749207,0.0,0.621788017,0.725467126,0.0,1831.0
0.664599129418983,0.0,0.6291551074999999,0.8341302939999999,0.0,1831.0
0.6151780392451012,0.0,0.6712007165,0.8716474839999999,0.0,1831.0
0.611302049806134,0.0,0.717981121,0.87508187,0.0,1831.0
0.6302845375501765,0.0,0.767627547,0.885041218,0.0,1831.0
0.68057321435659,0.0,0.822262407,0.899337708,0.0,1831.0
0.7621477331851374,0.0,0.860019099,0.908558133,0.0,1831.0
0.8146374175641414,0.0,0.872205612,0.902293821,0.0,1831.0
0.8415880988669223,0.002277469,0.866772881,0.873234557,0.0,1831.0
0.8542200458409115,0.012128259,0.845117143,0.83483253,0.0,1831.0
0.8554583947418763,0.021989482999999997,0.87502513,0.8000329719999999,0.0,1831.0
0.855045194414929,0.027882671,0.888590507,0.738765858,0.0,1831.0
0.852670276078273,0.028078319,0.898958355,0.743326647,0.0,1831.0
0.8488098934411591,0.021113553,0.917555121,0.777281572,0.0,1831.0
0.8562574277069575,0.013981101,0.924716329,0.829886953,0.0,1831.0
0.8687249887926874,0.0,0.92580643,0.853800579,0.0,1831.0
0.8717791387355234,0.0,0.9236439685,0.920308064,0.0,1831.0
0.8477606148768921,0.0,0.9165739945,0.933900936,0.0,1831.0
0.7971148596801902,0.0,0.896623672,0.931375375,0.0,1831.0
0.7499478579513209,0.0,0.870914965,0.924800598,0.0,1831.0
0.6633792492360124,0.0,0.8168256705,0.9136021910000001,0.0,1831.0
0.614170192541077,0.0,0.740071897,0.900489713,0.0,1831.0
0.6114275303958514,0.0,0.681335788,0.867378387,0.0,1831.0
0.6300099651239871,0.0,0.66111184,0.845215838,0.0,1831.0
0.6803585648431084,0.0,0.653764878,0.822219862,0.0,1831.0
0.7964205577717853,0.0,0.6530459875,0.839952009,0.0,1831.0
0.8609620985473904,0.003064552,0.694667419,0.84959143,0.0,1831.0
0.8733615977963565,0.0283191,0.703549038,0.882761061,0.0,1831.0
0.8740930162213705,0.073743907,0.723210088,0.896802233,0.0,1831.0
0.8752762717858944,0.19863997049999998,0.762112883,0.9024707949999999,0.0,1831.0
0.8759828266143737,0.229245704,0.822016545,0.922351648,0.0,1831.0
0.8799174421497541,0.179223323,0.849337956,0.932624681,0.0,1831.0
0.8829120716052103,0.044467825,0.869300732,0.932514657,0.0,1831.0
0.8970944142468252,0.0,0.88611886,0.9355516119999999,0.0,1831.0
0.8623948842658029,0.0,0.896465026,0.936094278,0.0,1831.0
0.7952493761816665,0.0,0.899843986,0.934933001,0.0,1831.0
0.715707275568598,0.0,0.903283062,0.935170298,0.0,1831.0
0.6253257604409689,0.0,0.8969220973333334,0.9344310573333333,0.0,1831.0
0.615623660586691,0.0,0.88221553,0.931506012,0.0,1831.0
0.6369718994130185,0.0,0.87536125,0.928265545,0.0,1831.0
0.6950544117848837,0.0,0.866579349,0.922905523,0.0,1831.0
0.8216286426681224,0.0,0.854734631,0.911949662,0.0,1831.0
0.8892812602413543,0.05464464,0.843595896,0.901545121,0.0,1831.0
0.9012316947941167,0.244211624,0.813762817,0.869402573,0.0,1831.0
0.8935437530948112,0.353954274,0.798424224,0.865664138,0.0,1831.0
0.891009636270025,0.407832309,0.8321436769999999,0.886431382,0.0,1831.0
0.8901098969064029,0.341193441,0.843394857,0.900379884,0.0,1831.0
0.8906213889449716,0.226656,0.833084468,0.901798659,0.0,1831.0
0.8980371729050075,0.070460927,0.797608464,0.894777496,0.0,1831.0
0.9174010662037205,0.0,0.762745117,0.887381978,0.0,1831.0
0.9203031280497402,0.0,0.706524132,0.8648063644999999,0.0,1831.0
0.8688991232388392,0.0,0.6236000615,0.8222239015,0.0,1831.0
0.7942777292688142,0.0,0.552213068,0.780240192,0.0,1831.0
0.7128966186574964,0.0,0.5374578185000001,0.7719648315,0.0,1914.5
0.6215640196920877,0.0,0.5014526625,0.6927018195,0.0,1998.0
0.594430863806435,0.0,0.46036442099999997,0.6149347945,0.0,1998.0
0.6028234598124574,0.0,0.42475849499999996,0.6596469205,0.0,1998.0
0.6511080924929046,0.0,0.4219389265,0.6996787769999999,0.0,1998.0
0.7138179570737575,0.003263341,0.411640263,0.716852134,0.0,1998.0
0.7487578946232386,0.021514403,0.379779333,0.684501159,0.0,1998.0
0.7589718143582256,0.0437442265,0.3795513835,0.675304396,0.0,1998.0
0.7560625974519507,0.05462473,0.353405715,0.661321668,0.0,1998.0
0.753299879019462,0.052874374,0.319960281,0.619817914,0.0,1998.0
0.7510280818357427,0.029626283,0.286777708,0.581206247,0.0,1998.0
0.7550143921568434,0.007141353,0.256983934,0.559757326,0.0,1998.0
0.7782024012306104,0.0,0.24872513200000002,0.558463309,0.0,1998.0
0.7760654308366486,0.0,0.25387490199999996,0.5538792265000001,0.0,1998.0
0.7573081908860052,0.0,0.255169099,0.539734469,0.0,1998.0
0.7243603800318079,0.0,0.24350178349999999,0.5158605439999999,0.0,1998.0
0.6502592876658121,0.0,0.2950081875,0.5337022065,0.0,1998.0
0.5914000346272825,0.0,0.32978392349999996,0.5392061800000001,0.0,1998.0
0.5860281838206041,0.0,0.3680715685,0.5427406189999999,0.0,1998.0
0.6026301186661159,0.0,0.39655603,0.566691231,0.0,1998.0
0.6384913946318581,0.0,0.4159275525,0.5922542935,0.0,1998.0
0.6965276679691602,0.004912361,0.433269709,0.629069716,0.0,1998.0
0.7317395843122418,0.032453857,0.403782395,0.649993699,0.0,1998.0
0.7410856938000866,0.055775894,0.439550988,0.692629042,0.0,1998.0
0.7391076534757512,0.0628201285,0.494380296,0.7398303344999999,0.0,1998.0
0.7341547046287829,0.0642537245,0.5537964085,0.779615538,0.0,1998.0
0.7414877145435952,0.033207222,0.58268725,0.791650527,0.0,1998.0
0.7570809306960629,0.0,0.596349728,0.803841108,0.0,1998.0
0.763321284928186,0.0,0.6239739230000001,0.8260676865000001,0.0,1998.0
0.7517170174658251,0.0,0.6494596994999999,0.8552852264999999,0.0,1998.0
0.7349680029104814,0.0,0.63602518,0.873047869,0.0,1998.0
0.6972216567226444,0.0,0.5959832795,0.868220088,0.0,1998.0
0.6309032649401273,0.0,0.586770334,0.8516686575000001,0.0,1998.0
0.6137091655428221,0.0,0.575160313,0.810043342,0.0,1998.0
0.6142492775525087,0.0,0.550416978,0.771209389,0.0,1998.0
0.6355804338150192,0.0,0.513690644,0.721687717,0.0,1998.0
0.6894284025956654,0.0,0.466334225,0.688653026,0.0,1998.0
0.817840257053073,0.0,0.42427024199999996,0.6861321890000001,0.0,1998.0
0.8763910184193849,0.016264864,0.417304005,0.66162641,0.0,1998.0
0.8862880618114443,0.140766253,0.421295426,0.63939817,0.0,1998.0
0.88594131328257,0.248863045,0.402458303,0.621557884,0.0,1998.0
0.8866120484782101,0.33265889299999996,0.39980868049999996,0.658281186,0.0,1998.0
0.8906691484104395,0.331914853,0.391328772,0.68179391,0.0,1998.0
0.892760371600525,0.258991483,0.369186297,0.665811791,0.0,1998.0
0.9058874434270875,0.078430255,0.334002166,0.624834634,0.0,1998.0
0.9230440238149799,0.0,0.29915678,0.579268358,0.0,1998.0
0.9270438840074006,0.0,0.2547504055,0.5219805295,0.0,1998.0
0.9025593022941076,0.0,0.221754155,0.464467779,0.0,1998.0
0.8409768842936134,0.0,0.215082776,0.438498435,0.0,1998.0
0.7950619156137566,0.0,0.176584286,0.378354242,0.0,1998.0
0.7207089230084183,0.0,0.19054124249999999,0.35503249449999996,0.0,1998.0
0.6469676368745514,0.0,0.1901583225,0.3207499315,0.0,1998.0
0.6365333659933201,0.0,0.15678295949999999,0.26228413,0.0,1998.0
0.6655473884972637,0.0,0.134834009,0.213401589,0.0,1998.0
0.7533719653794094,0.0,0.127127822,0.182322478,0.0,1998.0
0.8759991488615243,0.0,0.10865193749999999,0.14441535700000002,0.0,1998.0
0.9284757305309538,0.040739281,0.104085457,0.120323097,0.0,1998.0
0.9351622427392464,0.172682515,0.099020099,0.116678996,0.0,1998.0
0.9292261096396003,0.233621351,0.115701295,0.13083012,0.0,1998.0
0.9207190114821111,0.24427161949999998,0.12399678449999998,0.135072988,0.0,1998.0
0.9182271092361802,0.139525019,0.137986304,0.140781329,0.0,1998.0
0.9208960079118795,0.065979269,0.149281454,0.148271661,0.0,1998.0
0.9270438392709834,0.0078402,0.167556945,0.160765592,0.0,1998.0
0.9413869007641573,0.0,0.190548383,0.186172601,0.0,1998.0
0.9405202979279508,0.0,0.2273903,0.2402524745,0.0,1998.0
0.9094849698560306,0.0,0.269641918,0.300644124,0.0,1998.0
0.8431002155458477,0.0,0.299001319,0.344578847,0.0,1998.0
0.7931010919950141,0.0,0.340337045,0.387077771,0.0,1998.0
0.7188559607809965,0.0,0.3627073295,0.4583086835,0.0,1998.0
0.6406916866916755,0.0,0.391355195,0.5197546230000001,0.0,1998.0
0.6238706750467917,0.0,0.402972914,0.596755062,0.0,1998.0
0.64474659548412,0.0,0.396870418,0.663043103,0.0,1998.0
0.7053464997383896,0.0,0.3962644,0.709480257,0.0,1998.0
0.7961024293489803,0.0,0.394714257,0.768075532,0.0,1998.0
0.8561912441249607,0.0,0.39902499,0.802777487,0.0,1998.0
0.8776232856642058,0.001564875,0.399988932,0.819660797,0.0,1998.0
0.8881328851822856,0.011842346,0.367951099,0.798110422,0.0,1998.0
0.88594131328257,0.028990719,0.370261315,0.792724165,0.0,1998.0
0.8810143907066548,0.037217336,0.362215699,0.773459304,0.0,1998.0
0.8775790142897686,0.042512252,0.347381983,0.732997889,0.0,1998.0
0.8766104975766092,0.040886812,0.330969844,0.681028992,0.0,1998.0
0.874893569482405,0.027670181,0.310898985,0.624970332,0.0,1998.0
0.8760909562217705,0.007595413,0.277620173,0.58892616,0.0,1998.0
0.885894805896979,0.0,0.252580134,0.571601866,0.0,1998.0
0.8864735547867039,0.0,0.2333991165,0.513813128,0.0,1998.0
0.8547670443573983,0.0,0.25212963099999997,0.4890777345,0.0,1998.0
0.794091341970064,0.0,0.260484837,0.445056655,0.0,1998.0
0.7149520222147429,0.0,0.295495614,0.42065052599999997,0.0,1998.0
0.6309084522727806,0.0,0.3971383155,0.500945782,0.0,1998.0
0.6137091655428221,0.0,0.45943367,0.597241056,0.0,1998.0
0.6143149244324497,0.0,0.497338026,0.652297872,0.0,1998.0
0.6354701575343514,0.0,0.550950816,0.66296806,0.0,1998.0
0.6894301019047636,0.0,0.605854232,0.734262403,0.0,1998.0
0.8085187428107354,0.0,0.6871384810000001,0.8086707285,0.0,1998.0
0.8592738798971387,0.002090586,0.752711035,0.865742391,0.0,1998.0
0.8729689680567811,0.007662152,0.753502843,0.885115706,0.0,1998.0
0.8719493827327918,0.015583765,0.766743336,0.905856925,0.0,1998.0
0.8697241824074979,0.022134615,0.766457393,0.910376267,0.0,1998.0
0.8671503555009896,0.0359917005,0.7377599025,0.908694567,0.0,1998.0
0.8652289738153689,0.025068757,0.697546307,0.87909916,0.0,1998.0
0.8667325043410171,0.00510207,0.674882649,0.857493451,0.0,1998.0
0.8761862964769407,0.0,0.637449669,0.826125283,0.0,1998.0
0.876420488045052,0.0,0.586160131,0.7763286275,0.0,1998.0
0.8609185425507749,0.0,0.599340608,0.751879381,0.0,1998.0
0.813083667879785,0.0,0.5982165605,0.7728868019999999,0.0,1998.0
0.747632281291327,0.0,0.618739099,0.829558678,0.0,1998.0
0.6638471852104898,0.0,0.71333035,0.899110882,0.0,1998.0
0.6158787805660368,0.0,0.831204253,0.9219275405,0.0,1998.0
0.6143262830290332,0.0,0.862502793,0.92927591,0.0,1998.0
0.635405673261453,0.0,0.874894225,0.930004244,0.0,1998.0
0.6892804732312845,0.0,0.890915016,0.923934077,0.0,1998.0
0.813699980312913,0.0,0.8992904475000001,0.9167435534999999,0.0,1998.0
0.8756549494312488,0.002600461,0.899054535,0.917667067,0.0,1998.0
0.8932224047295759,0.112413479,0.882525829,0.93110207,0.0,1998.0
0.9008021273486501,0.219330361,0.884292308,0.933177947,0.0,1998.0
0.900925640345717,0.308454274,0.888542072,0.923797085,0.0,1998.0
0.9038116034917207,0.341203836,0.897595448,0.923318755,0.0,1998.0
0.9066465873647773,0.329133534,0.908699999,0.917121882,0.0,1998.0
0.9079343057699013,0.215753267,0.912510955,0.915451565,0.0,1998.0
0.9116768100392983,0.053376384,0.915427081,0.928726553,0.0,1998.0
0.9254894188102711,0.0,0.918215853,0.933571259,0.0,1998.0
0.9251102493342299,0.0,0.9236540900000001,0.931489335,0.0,1998.0
0.8692155972239146,0.0,0.926356817,0.928660328,0.0,1998.0
0.7930592353074969,0.0,0.923507086,0.925053933,0.0,1998.0
0.7097363289669087,0.0,0.923574542,0.9295498675,0.0,1998.0
0.6151619405450852,0.0,0.9258917855,0.895498679,0.0,1998.0
0.5873423309221094,0.0,0.923630983,0.9265535315,0.0,1998.0
0.5996851269308952,0.0,0.9073494929999999,0.935008913,0.0,1998.0
0.6506986708075353,0.0,0.8632980925,0.9345282355,0.0,1998.0
0.7152718500141217,0.023512856,0.847012853,0.927521743,0.0,1998.0
0.7500094803080785,0.159741394,0.830765945,0.909752437,0.0,1998.0
0.7587335533280862,0.218567167,0.806286514,0.895163453,0.0,1998.0
0.7593063993049088,0.2556893295,0.7770056675,0.853775792,0.0,1998.0
0.7574866183413199,0.196361125,0.733670573,0.829731756,0.0,1998.0
0.7565197115993758,0.151217076,0.703620675,0.842445667,0.0,1998.0
0.761001325718719,0.044992499,0.701513866,0.838420945,0.0,1998.0
0.7777852208469938,0.0,0.709917324,0.842386697,0.0,1998.0
0.7836489098303059,0.0,0.7119913474999999,0.8411183195,0.0,1998.0
0.7686642251457236,0.0,0.709633144,0.8366741125,0.0,1998.0
0.72393099153201,0.0,0.688260226,0.8164976695,0.0,1998.0
0.6521032391151094,0.0,0.6934322934999999,0.8277118485,0.0,1998.0
0.6003738836827842,0.0,0.698916239,0.851177909,0.0,1998.0
0.5873749755513624,0.0,0.706347084,0.8584561305,0.0,1998.0
0.599717167922156,0.0,0.713269684,0.8695483955000001,0.0,1998.0
0.6507258374186362,0.0,0.6843908814999999,0.8601529459999999,0.0,1998.0
0.715508143451611,0.011779768,0.659301185,0.863780194,0.0,1998.0
0.7525244575035629,0.199540025,0.633385524,0.866901942,0.0,1998.0
0.7609666241589327,0.322240432,0.616213215,0.863070651,0.0,1998.0
0.7599637635074221,0.425375283,0.6072809215,0.8606262115000001,0.0,1998.0
0.7584883162508363,0.372243508,0.607267831,0.851621479,0.0,1998.0
0.7589572360891146,0.273079574,0.605687368,0.839992354,0.0,1998.0
0.7659103608801612,0.06156833,0.588078948,0.823014958,0.0,1998.0
0.789505622631556,0.0,0.566611938,0.795343186,0.0,1998.0
0.8021617176218312,0.0,0.54300112,0.770407678,0.0,1998.0
0.7816047753968084,0.0,0.5067420855,0.747816183,0.0,1998.0
0.740560786234401,0.0,0.473039482,0.705156882,0.0,1998.0
0.6972416459390194,0.0,0.4504298285,0.678214876,0.0,1998.0
0.6341345454769997,0.0,0.411359255,0.6909730806666667,0.0,1998.0
0.6248160274050385,0.0,0.341126629,0.656444489,0.0,1998.0
0.6460633809546314,0.0,0.321343255,0.618817166,0.0,1998.0
0.7214696767148961,0.0,0.289785341,0.569633326,0.0,1998.0
0.8461707772761446,0.0,0.243670794,0.5015686665,0.0,1998.0
0.9001264285024427,0.015613911,0.214062848,0.420666015,0.0,1998.0
0.9092763125933343,0.108954837,0.169962213,0.314684472,0.0,1998.0
0.9104610886562388,0.18596864,0.180235599,0.298990409,0.0,1998.0
0.9058064579613694,0.2134636565,0.18831601850000002,0.26576457200000003,0.0,1998.0
0.8996084076459846,0.163273652,0.201946251,0.248325911,0.0,1998.0
0.898233219491243,0.104408904,0.19813101,0.25534698,0.0,1998.0
0.9015094871627366,0.017568517,0.191425083,0.270008648,0.0,1998.0
0.9209878600760187,0.0,0.193881179,0.264903309,0.0,1998.0
0.922017999010984,0.0,0.2059465755,0.26656314449999996,0.0,1998.0
0.8997271803371919,0.0,0.215038092,0.282609325,0.0,1998.0
0.839106213529912,0.0,0.226412632,0.288607065,0.0,1998.0
0.7921242576820328,0.0,0.245292979,0.284450345,0.0,1998.0
0.7170432230703575,0.0,0.285769404,0.31556292900000005,0.0,1998.0
0.6347879298252708,0.0,0.30523829333333335,0.32023594333333333,0.0,1998.0
0.6245987841240165,0.0,0.317257363,0.30339673,0.0,1998.0
0.6465979478078023,0.0,0.329397213,0.307108886,0.0,1998.0
0.7225745405812422,0.0,0.351422692,0.34546475,0.0,1998.0
0.8499859940803792,0.0,0.39909200349999996,0.41111881699999997,0.0,1998.0
0.9056325470623524,0.007425508,0.438795405,0.468909549,0.0,1998.0
0.9112804237901886,0.055472568,0.418137068,0.47619624,0.0,1998.0
0.9104610886562388,0.106732574,0.438958318,0.487922083,0.0,1998.0
0.8990834106074643,0.144388784,0.4606548405,0.49840369149999997,0.0,1998.0
0.895099336162566,0.123828499,0.471752015,0.512943124,0.0,1998.0
0.898233219491243,0.077051863,0.480273903,0.533325628,0.0,1998.0
0.9080577291591824,0.010419364,0.49345405,0.552532222,0.0,1998.0
0.9225561432930688,0.0,0.50258046,0.572770631,0.0,1998.0
0.9239630816186213,0.0,0.50017108,0.6076045415,0.0,1998.0
0.8692758332240675,0.0,0.4976987475,0.6499364605,0.0,1998.0
0.7923696737049516,0.0,0.439233625,0.638800128,0.0,1998.0
0.7447210521234603,0.0,0.42498102,0.64631942,0.0,1998.0
0.6680082560851567,0.0,0.3945726435,0.6419430765,0.0,1998.0
0.6214350287443444,0.0,0.357552847,0.631755584,0.0,1998.0
0.621015970240912,0.0,0.352255988,0.614169131,0.0,1998.0
0.6439505139754901,0.0,0.358274498,0.595418253,0.0,1998.0
0.7084435796379025,0.0,0.362255306,0.589009452,0.0,1998.0
0.8408133481948548,0.0,0.3803222725,0.5918276085,0.0,1998.0
0.9006489212462567,0.009083592,0.42484176,0.61805375,0.0,1998.0
0.9112804237901886,0.079276845,0.443287316,0.647748937,0.0,1998.0
0.9120961814952244,0.126946904,0.482091704,0.6612407,0.0,1998.0
0.9097247065131818,0.1684747125,0.546848393,0.6837617364999999,0.0,1998.0
0.9089011230390108,0.14871815,0.662402204,0.749642796,0.0,1998.0
0.9103170051392755,0.095656178,0.710757926,0.783988963,0.0,1998.0
0.9164406882796658,0.016870029,0.7503773,0.813265811,0.0,1998.0
0.9332641147464212,0.0,0.782495915,0.839938201,0.0,1998.0
0.9379999992580367,0.0,0.809317834,0.8808660365000001,0.0,1998.0
0.9126579372939669,0.0,0.832744908,0.902881943,0.0,1998.0
0.847289548635246,0.0,0.84378584,0.907065637,0.0,1998.0
0.7970314145887076,0.0,0.832514618,0.913962881,0.0,1998.0
0.7207610202194664,0.0,0.848247847,0.92316274,0.0,1998.0
0.6461383741695643,0.0,0.860999699,0.9222186084999999,0.0,1998.0
0.631624509710071,0.0,0.8642644575,0.9259812144999999,0.0,1998.0
0.6556457838799653,0.0,0.860208404,0.926851221,0.0,1998.0
0.7416089915295083,0.0,0.86203758,0.926825765,0.0,1998.0
0.863264170207433,0.0,0.863407425,0.92727729,0.0,1998.0
0.9188274124421266,0.008056933,0.859055066,0.926579514,0.0,1998.0
0.9313239511204098,0.072078327,0.812701051,0.917461284,0.0,1998.0
0.9290233552898063,0.141323346,0.804484747,0.91549539,0.0,1998.0
0.9239920593461257,0.194782538,0.8129254515,0.9046854735000001,0.0,1998.0
0.9214631299214688,0.196532299,0.773899395,0.888726332,0.0,1998.0
0.9245493432575121,0.132115189,0.747276763,0.88987982,0.0,1998.0
0.9358383888146747,0.018176568,0.742202934,0.890642138,0.0,1998.0
0.9511256399915774,0.0,0.7380518,0.88789432,0.0,1998.0
0.9523764208257611,0.0,0.706121003,0.86718403,0.0,1998.0
0.9213223556848189,0.0,0.673193396,0.830784728,0.0,1998.0
0.8538016580463592,0.0,0.645197698,0.81266539,0.0,1998.0
0.803237201267869,0.0,0.603177576,0.776789176,0.0,1998.0
0.7246160366457335,0.0,0.5825745465000001,0.7559121065000001,0.0,1998.0
0.6488072132866748,0.0,0.559252524,0.6968938313333334,0.0,1998.0
0.6411500081825606,0.0,0.535391681,0.655798841,0.0,1998.0
0.6668901108334697,0.0,0.543339061,0.654481808,0.0,1998.0
0.7510945337012914,0.0,0.574087854,0.658230275,0.0,1998.0
0.8692811099620796,0.0,0.589767253,0.694705693,0.0,1998.0
0.9260957142670029,0.010426814,0.595574706,0.720287801,0.0,1998.0
0.9374739290178328,0.145937251,0.582504107,0.718943965,0.0,1998.0
0.9377036040296465,0.249196435,0.578313336,0.705424789,0.0,1998.0
0.9331732464460829,0.295539988,0.5866013800000001,0.6656597945,0.0,1998.0
0.9293910320949637,0.234433205,0.61224277,0.640494922,0.0,1998.0
0.9327048632423846,0.151447735,0.640361883,0.645388591,0.0,1998.0
0.940066627202615,0.013399313,0.663177185,0.655649872,0.0,1998.0
0.9567889894469668,0.0,0.692028283,0.684790345,0.0,1998.0
0.9559473396126537,0.0,0.7344021885,0.7279856495,0.0,1998.0
0.9210033326686203,0.0,0.743451128,0.757989392,0.0,1998.0
0.8533220951242705,0.0,0.752269146,0.77540119,0.0,1998.0
0.8006342177556629,0.0,0.753004822,0.756766169,0.0,1998.0
0.7148980915528205,0.0,0.7696418755000001,0.7790433255,0.0,1998.0
0.6212742205099184,0.0,0.7869128703333333,0.8134308303333334,0.0,1998.0
0.606721786218783,0.0,0.80148922,0.862753703,0.0,1998.0
0.6348940024121668,0.0,0.842381942,0.896258899,0.0,1998.0
0.6949531240828212,0.0,0.874463144,0.918025476,0.0,1998.0
0.7445100695117272,0.00352673,0.889238392,0.92380726,0.0,1998.0
0.7850787441597429,0.026518857,0.841759453,0.912859207,0.0,1998.0
0.7943414086910565,0.0368534,0.880117625,0.906275668,0.0,1998.0
0.7946363728939005,0.0347528655,0.8937945945,0.8994226895,0.0,1998.0
0.7910025350014317,0.02479282,0.897387632,0.877153548,0.0,1998.0
0.7885426512098639,0.019055445,0.901385835,0.865467488,0.0,1998.0
0.7926658005823141,0.009243404,0.901141443,0.879181543,0.0,1998.0
0.8113325300564814,0.0,0.900646652,0.891915703,0.0,1998.0
0.8185601826722517,0.0,0.9062226735000001,0.8682686635,0.0,1998.0
0.783800461360018,0.0,0.9049174775,0.873476362,0.0,1998.0
0.7402689074948328,0.0,0.826344654,0.880794884,0.0,1998.0
0.6914870928963275,0.0,0.803711336,0.882312655,0.0,1998.0
0.6223260926842823,0.0,0.745382974,0.88958706,0.0,1998.0
0.5990816039849455,0.0,0.6831665155,0.8512096364999999,0.0,1998.0
0.6095987833230794,0.0,0.6253414995,0.7633696675,0.0,1998.0
0.6692284269536257,0.0,0.570411884,0.6766110065,0.0,1998.0
0.7447573636544618,0.012117247,0.517014095,0.618943306,0.0,1998.0
0.7769438841676014,0.16483633,0.444947285,0.550901847,0.0,1998.0
0.7805088553051744,0.248093938,0.420115394,0.540517642,0.0,1998.0
0.7789355636336642,0.29421205,0.405858411,0.570632234,0.0,1998.0
0.7767954182361165,0.265210476,0.395087833,0.581331509,0.0,1998.0
0.7755745989257623,0.189485262,0.395260003,0.578024955,0.0,1998.0
0.7760883268405333,0.11443521,0.396665016,0.597573005,0.0,1998.0
0.7871505594369747,0.033502919,0.40685831,0.59990167,0.0,1998.0
0.8127783736130999,0.0,0.425562043,0.6224705589999999,0.0,1998.0
0.8147007390950457,0.0,0.419400215,0.649869402,0.0,1998.0
0.7837431768163163,0.0,0.4203907905,0.6490220120000001,0.0,1998.0
0.7406763839220225,0.0,0.402037088,0.617313061,0.0,1998.0
0.6969584650925578,0.0,0.396244253,0.6097851765,0.0,1998.0
0.6403376043593041,0.0,0.396275498,0.624317157,0.0,1998.0
0.6284554775923867,0.0,0.417751969,0.6090142165,0.0,1998.0
0.6537913012216385,0.0,0.445308354,0.610616023,0.0,1998.0
0.7396817068635095,0.0,0.453166596,0.616315752,0.0,1998.0
0.8613040621014636,0.0,0.46688695150000004,0.6138187610000001,0.0,1998.0
0.9162693264792477,0.011272895,0.504273552,0.631862017,0.0,1998.0
0.9182639573342859,0.162042814,0.509913913,0.634184244,0.0,1998.0
0.9118622135417235,0.250503547,0.534146736,0.677941806,0.0,1998.0
0.898440177512317,0.2815888455,0.5762399444999999,0.720454844,0.0,1998.0
0.8930056086777749,0.195202255,0.620172437,0.75059356,0.0,1998.0
0.8930156257216468,0.096995039,0.669585061,0.770667125,0.0,1998.0
0.8993195250992846,0.011051926,0.722209017,0.787915721,0.0,1998.0
0.9084160150953577,0.0,0.764108493,0.825022052,0.0,1998.0
0.9048073984883347,0.0,0.805839134,0.85463423,0.0,1998.0
0.8630264458118733,0.0,0.850558254,0.8853444109999999,0.0,1998.0
0.7939121095291418,0.0,0.848860679,0.903594728,0.0,1998.0
0.7145741271530497,0.0,0.8596174320000001,0.9069346735,0.0,1998.0
0.6309084522727806,0.0,0.870052619,0.8856217565,0.0,1998.0
0.6141593259101317,0.0,0.8840531325000001,0.8389142115,0.0,1998.0
0.6356087853676335,0.0,0.89327076,0.785754828,0.0,1998.0
0.6894301019047636,0.0,0.897379171,0.757236502,0.0,1998.0
0.7842340087272027,0.0,0.898370987,0.779694644,0.0,1998.0
0.8417319141003338,0.0,0.894516679,0.864410404,0.0,1998.0
0.872442718938384,0.001807096,0.888770791,0.921264286,0.0,1998.0
0.889562093471784,0.019136124,0.879844857,0.92192862,0.0,1998.0
0.8943311144433395,0.051725407,0.8473715385,0.9153053015,0.0,1998.0
0.894946398343725,0.075173028,0.824483999,0.918665803,0.0,1998.0
0.8945203189892892,0.087420411,0.799369957,0.900595623,0.0,1998.0
0.8960338666937607,0.061770158,0.7516948,0.867998766,0.0,1998.0
0.90088575125085,0.032656784,0.701744443,0.840757986,0.0,1998.0
0.9209343765758415,0.0,0.623352126,0.8170998805,0.0,1998.0
0.910904697736237,0.0,0.5588160205,0.8026227765,0.0,1998.0
0.8385259442767578,0.0,0.539148998,0.792259678,0.0,1998.0
0.792324418399238,0.0,0.482135548,0.744384503,0.0,1998.0
0.7452110791836905,0.0,0.505395666,0.760319838,0.0,1998.0
0.670873067340267,0.0,0.5267637255,0.7594301825,0.0,1998.0
0.6266687660853254,0.0,0.550177837,0.7378628094999999,0.0,1998.0
0.6241472152680586,0.0,0.550713558,0.733438377,0.0,1998.0
0.6461227226312937,0.0,0.55083695,0.748766494,0.0,1998.0
0.7158150922235014,0.0,0.559381109,0.765928044,0.0,1998.0
0.8407877244166053,0.0,0.569858658,0.7881209525,0.0,1998.0
0.9002554865210739,0.004645062,0.581643501,0.812493687,0.0,1998.0
0.9115450687802922,0.090757473,0.569333854,0.798497713,0.0,1998.0
0.9116308392208115,0.177255735,0.585411264,0.81995649,0.0,1998.0
0.9063660672217926,0.24162742450000002,0.6044582055000001,0.8327285625,0.0,1998.0
0.9040876069434564,0.205320539,0.621266218,0.827798237,0.0,1998.0
0.9080732913595699,0.138888816,0.624528251,0.828442267,0.0,1998.0
0.9124898846389107,0.023390794,0.641003331,0.841833763,0.0,1998.0
0.9276368980113158,0.0,0.646353876,0.847333653,0.0,1998.0
0.927928195379887,0.0,0.6434970664999999,0.847846328,0.0,1998.0
0.8705507620745374,0.0,0.621153648,0.823777792,0.0,1998.0
0.7923914964396767,0.0,0.571619751,0.786034455,0.0,1998.0
0.7168372042441431,0.0,0.5564702324999999,0.774761084,0.0,1998.0
0.6381633162360691,0.0,0.5503133505,0.757257747,0.0,1998.0
0.6226535673746032,0.0,0.5198792845,0.7372420325,0.0,1998.0
0.6452742756280634,0.0,0.51492031,0.734626659,0.0,1998.0
0.7103570462165048,0.0,0.516157584,0.742346115,0.0,1998.0
0.8394035926221031,0.0,0.5299937235000001,0.7942994130000001,0.0,1998.0
0.8997400592972047,0.00653702,0.553870904,0.814322885,0.0,1998.0
0.9092763125933343,0.108773145,0.530867082,0.802306531,0.0,1998.0
0.9084101121824555,0.202047011,0.559568493,0.827684719,0.0,1998.0
0.8982164947512885,0.2050313865,0.6144513555,0.853694035,0.0,1998.0
0.8949033790491651,0.167249566,0.640630399,0.863199908,0.0,1998.0
0.898233219491243,0.101542285,0.632034399,0.862188707,0.0,1998.0
0.9016266500176805,0.020497667,0.623704154,0.864758196,0.0,1998.0
0.918768115434406,0.0,0.612931199,0.864888427,0.0,1998.0
0.9200384830596368,0.0,0.5667881164999999,0.850052499,0.0,1998.0
0.8989839563562763,0.0,0.508262571,0.815013432,0.0,1998.0
0.8411679224253887,0.0,0.464805021,0.779680914,0.0,1998.0
0.7929789206856103,0.0,0.410364724,0.725031292,0.0,1998.0
0.7444787664351858,0.0,0.40156335,0.690392422,0.0,1998.0
0.6662364806710687,0.0,0.3602347285,0.639440139,0.0,1998.0
0.6185961544224045,0.0,0.3191388085,0.5352210805,0.0,1998.0
0.6166412783180302,0.0,0.292574416,0.506292014,0.0,1998.0
0.6384655919754153,0.0,0.294748648,0.50843649,0.0,1998.0
0.6925937678116012,0.0,0.308618065,0.514496655,0.0,1998.0
0.8150667165911047,0.0,0.3551874575,0.5111584044999999,0.0,1998.0
0.8749129773952588,0.001241522,0.398077316,0.517001492,0.0,1998.0
0.889788816959671,0.027645339,0.425570866,0.534027509,0.0,1998.0
0.8921431647764306,0.063087929,0.438083029,0.556100052,0.0,1998.0
0.8892889071322962,0.1200525925,0.465386815,0.5916015565,0.0,1998.0
0.8858804065060613,0.10370035450000001,0.4578413305,0.6249847035,0.0,1998.0
0.8897152101013428,0.02075644,0.42922351,0.631376795,0.0,1998.0
0.9037287845751282,0.0,0.426088728,0.640183009,0.0,1998.0
0.9056859411571707,0.0,0.4388302425,0.6620744305,0.0,1998.0
0.8917268340473632,0.0,0.459427909,0.699890845,0.0,1998.0
0.8408443381839511,0.0,0.47610775,0.715526055,0.0,1998.0
0.7939620155329291,0.0,0.477874642,0.718499028,0.0,1998.0
0.7081657650022877,0.0,0.5024801249999999,0.7383015635000001,0.0,1998.0
0.615098059910179,0.0,0.5500698555,0.7627034415,0.0,1998.0
0.5877041496182573,0.0,0.555931329,0.811615499,0.0,1998.0
0.5995507473703585,0.0,0.5389685989999999,0.8241248735,0.0,1998.0
0.6573889617923576,0.0,0.522279838,0.8185224289999999,0.0,1998.0
0.7242137028822557,0.007648611,0.528056666,0.821547889,0.0,1998.0
0.7548119060906014,0.143941369,0.485452717,0.774381352,0.0,1998.0
0.7614590659060827,0.262048605,0.485580765,0.776343138,0.0,1998.0
0.7595523518949319,0.3333853095,0.490526221,0.7859863844999999,0.0,1998.0
0.7578509860011152,0.274602757,0.474930273,0.784890711,0.0,1998.0
0.7574508433774225,0.176336318,0.438581664,0.75211553,0.0,1998.0
0.7659103608801612,0.029329643,0.42285267,0.736390026,0.0,1998.0
0.7941687052029752,0.0,0.409929667,0.722351411,0.0,1998.0
0.8037905499264792,0.0,0.38739021250000005,0.6899870515,0.0,1998.0
0.7808331102554924,0.0,0.3527550395,0.605820723,0.0,1998.0
0.7405810438018039,0.0,0.314562042,0.504529622,0.0,1998.0
0.6913773309832445,0.0,0.312174738,0.4938400495,0.0,1998.0
0.6200676217572725,0.0,0.28985264850000003,0.46177621999999996,0.0,1998.0
0.5924568706096569,0.0,0.247312358,0.4234598115,0.0,1998.0
0.6026921659176236,0.0,0.2276366465,0.42924803450000004,0.0,1998.0
0.6583379810523529,0.0,0.192515811,0.4197631925,0.0,1998.0
0.7229461079027585,0.0,0.181583416,0.405833966,0.0,1998.0
0.7556443886030674,0.016130358,0.161254719,0.395541764,0.0,1998.0
0.7647534892756013,0.052558892,0.15980705,0.382749522,0.0,1998.0
0.7607689676689576,0.0921759375,0.153413378,0.36485671399999997,0.0,1998.0
0.759267672952036,0.097540518,0.155922892,0.376342729,0.0,1998.0
0.7589572360891146,0.073442613,0.156819828,0.382170123,0.0,1998.0
0.7659103608801612,0.009919701,0.171472058,0.405103968,0.0,1998.0
0.7915883494111017,0.0,0.179017376,0.414461565,0.0,1998.0
0.8075205329247743,0.0,0.188481134,0.4174298705,0.0,1998.0
0.783914628089569,0.0,0.1832891465,0.38326910999999997,0.0,1998.0
0.7419840916109972,0.0,0.155601716,0.321366885,0.0,1998.0
0.6988230317981685,0.0,0.15835387750000002,0.301947133,0.0,1998.0
0.6524106575181673,0.0,0.160819168,0.274411665,0.0,1998.0
0.6275405785211807,0.0,0.1802327815,0.2647740435,0.0,1998.0
0.6278186168388818,0.0,0.184278995,0.243136076,0.0,1998.0
0.649520982666522,0.0,0.192541349,0.229000259,0.0,1998.0
0.7308600577121294,0.0,0.205383336,0.243101994,0.0,1998.0
0.856586914726346,0.0,0.2184264705,0.271333629,0.0,1998.0
0.9132416946381521,0.003913943,0.227240608,0.278885,0.0,1998.0
0.922683949231823,0.085201464,0.208595929,0.248518952,0.0,1998.0
0.9173032217887961,0.172396158,0.22153529,0.269619716,0.0,1998.0
0.9128486623382972,0.22021567749999998,0.22214512,0.285503211,0.0,1998.0
0.9092414320878788,0.193072032,0.231939055,0.295258296,0.0,1998.0
0.9110261536003434,0.135279636,0.238224473,0.308478773,0.0,1998.0
0.9235244810605591,0.013945747,0.252812238,0.333522065,0.0,1998.0
0.9448502711122229,0.0,0.26789338,0.343197259,0.0,1998.0
0.9467265765052746,0.0,0.2696512645,0.354599614,0.0,1998.0
0.9179554880640147,0.0,0.266413725,0.363121531,0.0,1998.0
0.8513051049674033,0.0,0.268170853,0.375584244,0.0,1998.0
0.7988735548541257,0.0,0.226856701,0.314740933,0.0,1998.0
0.7522435349352501,0.0,0.237705759,0.328472752,0.0,1998.0
0.6734456420994224,0.0,0.2602527125,0.3405703685,0.0,1998.0
0.6314343660367379,0.0,0.26658905499999996,0.3367016855,0.0,1998.0
0.6280065246360128,0.0,0.266104967,0.330270285,0.0,1998.0
0.649520982666522,0.0,0.273565878,0.327517977,0.0,1998.0
0.7265570945277599,0.0,0.284750207,0.333174212,0.0,1998.0
0.8487545317536904,0.0,0.31304113499999997,0.3744768855,0.0,1998.0
0.9017819131855583,0.004228923,0.345200045,0.417694826,0.0,1998.0
0.9105056284491795,0.039222502,0.3607882,0.412341903,0.0,1998.0
0.9104610886562388,0.071642498,0.376588207,0.437394181,0.0,1998.0
0.9006188703170683,0.10697282450000001,0.3804521915,0.440621134,0.0,1998.0
0.894233225224522,0.088549531,0.358999043,0.414007634,0.0,1998.0
0.8930967453291409,0.04410595,0.356785077,0.417394266,0.0,1998.0
0.8963437668546266,0.010599867,0.357921169,0.421309916,0.0,1998.0
0.9085933692815128,0.0,0.360353554,0.418225603,0.0,1998.0
0.9118056444433191,0.0,0.366314207,0.4261523015,0.0,1998.0
0.8674255541695448,0.0,0.378626149,0.4332753505,0.0,1998.0
0.793577614055293,0.0,0.358267343,0.411288064,0.0,1998.0
0.7150874303080219,0.0,0.37340820750000003,0.422106221,0.0,1998.0
0.6323820660784922,0.0,0.37212966049999996,0.4204992635,0.0,1998.0
0.616317895424208,0.0,0.3873889155,0.409620915,0.0,1998.0
0.6384655919754153,0.0,0.380914588,0.407512513,0.0,1998.0
0.6927876678595175,0.0,0.37972979,0.412666823,0.0,1998.0
0.7901081618486562,0.0,0.380104463,0.416195559,0.0,1998.0
0.8563280831763103,0.0,0.384514576,0.42200096,0.0,1998.0
0.8864453820448069,0.001389669,0.38749756,0.426798731,0.0,1998.0
0.8965686123576491,0.028240568,0.314159177,0.34796181,0.0,1998.0
0.8957883611980073,0.070480141,0.350604366,0.379774243,0.0,1998.0
0.894457712971158,0.094585013,0.369762508,0.402263706,0.0,1998.0
0.8919280680337279,0.095315605,0.364325381,0.416661267,0.0,1998.0
0.8906691484104395,0.070529525,0.324160508,0.386992742,0.0,1998.0
0.8908394370766496,0.039816585,0.310474703,0.37112474,0.0,1998.0
0.89421274417746,0.010884105,0.294758621,0.354724636,0.0,1998.0
0.9070842041265144,0.0,0.288426958,0.343208513,0.0,1998.0
0.9162097165190336,0.0,0.265133444,0.315685222,0.0,1998.0
0.8700292083906311,0.0,0.24365448,0.2813800955,0.0,1998.0
0.7934351403745934,0.0,0.244999754,0.241822241,0.0,1998.0
0.7163689998511621,0.0,0.25535778099999995,0.25510696899999996,0.0,1998.0
0.6318885808864608,0.0,0.2355408583333333,0.23362341633333336,0.0,1998.0
0.6225502672759975,0.0,0.201144759,0.192955953,0.0,1998.0
0.645987627557984,0.0,0.179710728,0.173721185,0.0,1998.0
0.7135126181381307,0.0,0.161272451,0.161726242,0.0,1998.0
0.8423892783703228,0.0,0.15222231149999998,0.144402477,0.0,1998.0
0.9001781232881627,0.001798533,0.14874415,0.130444581,0.0,1998.0
0.9105056284491795,0.026727129,0.129285112,0.12436131,0.0,1998.0
0.911594080460589,0.06805459,0.123853891,0.128647365,0.0,1998.0
0.9024125356042452,0.1287441715,0.134433638,0.127723169,0.0,1998.0
0.8949310152239578,0.146297408,0.123350548,0.11886137,0.0,1998.0
0.8948913049398084,0.095041401,0.127923316,0.122477285,0.0,1998.0
0.9042548547478564,0.043317531,0.126188866,0.120542381,0.0,1998.0
0.9209878600760187,0.0,0.130862499,0.116146462,0.0,1998.0
0.9222521459101538,0.0,0.135848338,0.12137993450000001,0.0,1998.0
0.869116276979551,0.0,0.16130465,0.1481492505,0.0,1998.0
0.7927349356882376,0.0,0.196529035,0.183816075,0.0,1998.0
0.7156671629265963,0.0,0.24938850299999998,0.22774755200000002,0.0,1998.0
0.6448685879828063,0.0,0.305853538,0.279663426,0.0,1998.0
0.6190471419748409,0.0,0.34929905699999997,0.3300046975,0.0,1998.0
0.6175813986746821,0.0,0.405271025,0.372995353,0.0,1998.0
0.6399283392176573,0.0,0.41976534,0.376369601,0.0,1998.0
0.6968030453809573,0.0,0.411307674,0.411463741,0.0,1998.0
0.8295430843756557,0.0,0.39640348400000003,0.4281621645,0.0,1998.0
0.8917837162332125,0.002455238,0.377409559,0.424193279,0.0,1998.0
0.9020192797572555,0.047774546,0.337779594,0.409348784,0.0,1998.0
0.8979619562104155,0.128524199,0.307155676,0.371614539,0.0,1998.0
0.8954300753967833,0.193633576,0.29200307,0.36102723,0.0,1998.0
0.8903638989476473,0.202114273,0.281735598,0.33560325,0.0,1998.0
0.8879017791449257,0.191562989,0.242670916,0.294108663,0.0,1998.0
0.8892127513103208,0.110341989,0.213266897,0.256923389,0.0,1998.0
0.8932404710897177,0.019227403,0.223695905,0.242322193,0.0,1998.0
0.9049531813143965,0.0,0.248768469,0.268053201,0.0,1998.0
0.90359122994353,0.0,0.3087446605,0.33044573450000003,0.0,1998.0
0.8850411268246781,0.0,0.367574058,0.392072394,0.0,1998.0
0.8403803374622499,0.0,0.412122984,0.456004311,0.0,1998.0
0.7938210623506101,0.0,0.449050553,0.52252286,0.0,1998.0
0.7427636271229144,0.0,0.492293801,0.580503513,0.0,1998.0
0.673496800183087,0.0,0.550702822,0.613626264,0.0,1998.0
0.628771347737043,0.0,0.607820286,0.65277296,0.0,1998.0
0.5979018364439768,0.0,0.66352756,0.674744705,0.0,1998.0
0.5838812635211342,0.0,0.7416023345,0.731715413,0.0,1998.0
0.5960568788638836,0.0,0.787835066,0.7804693309999999,0.0,1998.0
0.6441741295981547,0.0,0.786199514,0.819365353,0.0,1998.0
0.7094011401798062,0.001762198,0.745713871,0.838438886,0.0,1998.0
0.7460748647726978,0.025077131,0.646409074,0.791392303,0.0,1998.0
0.7542652652630254,0.061710129,0.603290978,0.77893188,0.0,1998.0
0.7514020192427131,0.11498402299999999,0.5626710535,0.7627120405000001,0.0,1998.0
0.7477497125647743,0.126583233,0.517387842,0.706779742,0.0,1998.0
0.7485081856586324,0.105879656,0.450453791,0.64119313,0.0,1998.0
0.7555085333480431,0.018398444,0.39706758,0.566459085,0.0,1998.0
0.7751340306400986,0.0,0.359982005,0.505899481,0.0,1998.0
0.7816060722805785,0.0,0.326029111,0.44532174,0.0,1998.0
0.7744986681179792,0.0,0.293283132,0.424932602,0.0,1998.0
0.7602405719447654,0.0,0.284431891,0.424300762,0.0,1998.0
0.7400954438250368,0.0,0.302418443,0.439304246,0.0,1998.0
0.691079638871084,0.0,0.33195100099999997,0.448923085,0.0,1998.0
0.6159806497065721,0.0,0.348382745,0.46691777700000003,0.0,1998.0
0.5881094347032348,0.0,0.356786586,0.472889913,0.0,1998.0
0.5870556843865632,0.0,0.386254133,0.463689428,0.0,1998.0
0.5997789466876846,0.0,0.41644608,0.45987682350000003,0.0,1998.0
0.6486021484774911,0.0,0.427759908,0.47314974499999995,0.0,1998.0
0.7131151587548128,0.001715149,0.442890445,0.498594356,0.0,1998.0
0.7475665001346584,0.026990874,0.438545545,0.507847054,0.0,1998.0
0.7589301364814258,0.069853643,0.45460205,0.525826885,0.0,1998.0
0.7586091013385869,0.0974666825,0.4885855825,0.5631536035,0.0,1998.0
0.7558617212219725,0.085807845,0.473487023,0.535126034,0.0,1998.0
0.7557312323127464,0.056504577,0.439469128,0.503703849,0.0,1998.0
0.7605553913571599,0.012680336,0.40865114,0.473840846,0.0,1998.0
0.776654464918846,0.0,0.403132318,0.453773109,0.0,1998.0
0.7812997942175683,0.0,0.4090676125,0.436490367,0.0,1998.0
0.7648778071233245,0.0,0.42779216200000003,0.4233612805,0.0,1998.0
0.7386653413469991,0.0,0.433318528,0.428250326,0.0,1998.0
0.6975947668095364,0.0,0.4688820045,0.4629027655,0.0,1998.0
0.6320318295935383,0.0,0.509325628,0.494755721,0.0,1998.0
0.6160537646667377,0.0,0.5159493205,0.4769464845,0.0,1998.0
0.6381098103339456,0.0,0.509585525,0.461430795,0.0,1998.0
0.6924900652876673,0.0,0.504691975,0.452949599,0.0,1998.0
0.7886658957884275,0.0,0.499713394,0.445808301,0.0,1998.0
0.8533054597896746,0.0,0.505851631,0.457500557,0.0,1998.0
0.8819379203976523,0.002419084,0.511311078,0.465946145,0.0,1998.0
0.894337956348674,0.058782784,0.526877781,0.471123182,0.0,1998.0
0.8957883611980073,0.113546155,0.532350962,0.466954594,0.0,1998.0
0.894615167278821,0.1903856625,0.5623435425000001,0.4959375305,0.0,1998.0
0.8930056086777749,0.12063093,0.573438748,0.517481173,0.0,1998.0
0.8917880091748996,0.08537018,0.558952923,0.523813958,0.0,1998.0
0.89421274417746,0.027594625,0.55983425,0.523504692,0.0,1998.0
0.9052085247734013,0.0,0.570317609,0.532741894,0.0,1998.0
0.904615913194814,0.0,0.589747188,0.5674394439999999,0.0,1998.0
0.8638583917572353,0.0,0.5994995755,0.613077348,0.0,1998.0
0.7932613636173523,0.0,0.577119697,0.627244367,0.0,1998.0
0.7429738942218744,0.0,0.57316019,0.625145752,0.0,1998.0
