Demand,Avail_Sol,Avail_Wind_On,Avail_Wind_Off,Hyd_In,HydRoR_In
0.663732840340054,0.0,0.56118977,0.749335745,0.0,0.0
0.6513563175098113,0.0,0.5407219925,0.770711126,0.0,0.0
0.6666859603735265,0.0,0.593450289,0.792469537,0.0,0.0
0.8290785307231756,0.0,0.686062891,0.8464493909999999,0.0,0.0
0.913978766040259,0.0,0.7192814240000001,0.8629939285,0.0,0.0
0.9248044345498442,0.011252827,0.754647757,0.882117271,0.0,0.0
0.9253313071478046,0.0667424525,0.7560060165,0.8299773859999999,0.0,0.0
0.9259540079848072,0.131156328,0.8320613115,0.882078715,0.0,0.0
0.9258598256459537,0.140704719,0.844140841,0.918281166,0.0,0.0
0.9290280106396149,0.020831159,0.799996033,0.918777616,0.0,0.0
0.9361153707104443,0.0,0.7100774615000001,0.9028489815,0.0,0.0
0.9195912119573806,0.0,0.6389412015,0.878820009,0.0,0.0
0.8151229903664976,0.0,0.614827341,0.860989699,0.0,0.0
0.7464947244509592,0.0,0.596075212,0.862912137,0.0,0.0
0.679302305264541,0.0,0.531285102,0.8213453,0.0,0.0
0.6568426002648995,0.0,0.47253568700000004,0.7799779090000001,0.0,0.0
0.6752682597170244,0.0,0.426203137,0.7458489429999999,0.0,0.0
0.8648298819563951,0.0,0.38162668050000004,0.6892874105,0.0,0.0
0.9286356450837685,0.0,0.384910559,0.689123793,0.0,0.0
0.939024142778631,0.068670349,0.38942958,0.674217454,0.0,0.0
0.9331604218742111,0.30930405,0.3696947905,0.6645712265,0.0,0.0
0.927706165723686,0.41519322599999997,0.327906146,0.6071107825,0.0,0.0
0.9305756188669583,0.14677510400000002,0.352848932,0.60260957,0.0,0.0
0.9420921104660807,0.0,0.3903426825,0.573142933,0.0,0.0
0.925358555989362,0.0,0.489931635,0.6596747224999999,0.0,0.0
0.8164106826677129,0.0,0.5498348005,0.7417617320000001,0.0,0.0
0.7483120782984992,0.0,0.611442718,0.768939762,0.0,0.0
0.6818886170507936,0.0,0.682873353,0.830946897,0.0,0.0
0.6608627242585681,0.0,0.8264258705,0.901097563,0.0,0.0
0.6796036660514138,0.0,0.8980492115,0.931479697,0.0,0.0
0.8674161480355848,0.0,0.9228580945,0.9372842945,0.0,0.0
0.9311853811120876,0.0,0.884621444,0.92336296,0.0,0.0
0.944397292377685,0.001660688,0.781354167,0.90547635,0.0,0.0
0.9449744564941632,0.008150088,0.707897508,0.87765289,0.0,0.0
0.9395569588555032,0.047088383,0.527192248,0.778188367,0.0,0.0
0.9361621418189497,0.09892946799999999,0.3224657595,0.6064547995,0.0,0.0
0.9373950621946723,0.01516031,0.210875082,0.428172708,0.0,0.0
0.9424694342362745,0.0,0.18907121799999999,0.40960014,0.0,0.0
0.9248739739442915,0.0,0.13606995,0.293367524,0.0,0.0
0.8164402175313015,0.0,0.153836967,0.27310260900000005,0.0,0.0
0.7227021560860816,0.0,0.245036912,0.3526428655,0.0,0.0
0.6709064275654922,0.0,0.3354287885,0.362844551,0.0,0.0
0.6635307368624301,0.0,0.4075390175,0.41675915799999996,0.0,0.0
0.7675591589250679,0.0,0.430999584,0.46343432500000004,0.0,0.0
0.905137145111092,0.0,0.440358464,0.489497456,0.0,0.0
0.932983852814522,0.0,0.42649412750000004,0.492679943,0.0,0.0
0.9438318323907785,0.045588345,0.404064348,0.479781114,0.0,0.0
0.9417247078040812,0.164448135,0.374686032,0.442270362,0.0,0.0
0.9388274571115347,0.2215468135,0.37058202949999997,0.40738664700000005,0.0,0.0
0.9374514801689944,0.18670381600000002,0.28886069000000003,0.3222405225,0.0,0.0
0.94242632065897,0.0111153195,0.217548078,0.257142889,0.0,0.0
0.9458703777286321,0.0,0.14178579149999998,0.167518204,0.0,0.0
0.8781455310125371,0.0,0.10973255500000001,0.1349489995,0.0,0.0
0.7946405662953068,0.0,0.098497719,0.125527557,0.0,0.0
0.7227977557898091,0.0,0.1036672965,0.13130615699999998,0.0,0.0
0.6708817389883435,0.0,0.137224866,0.15128438849999998,0.0,0.0
0.6640771089109674,0.0,0.1508702655,0.1822916585,0.0,0.0
0.7021168172487613,0.0,0.129705876,0.196906359,0.0,0.0
0.8691846276551605,0.0,0.122244155,0.1997829675,0.0,0.0
0.9334158115376604,0.0,0.1140765775,0.1836318565,0.0,0.0
0.9455507977348676,0.027171189,0.11588399,0.161580741,0.0,0.0
0.9443811076181772,0.111222077,0.1230963375,0.16400049249999998,0.0,0.0
0.9423610787689255,0.1556273575,0.12474033699999999,0.17480355250000001,0.0,0.0
0.9435724650980465,0.064213203,0.1249279705,0.193608625,0.0,0.0
0.9511298684289478,0.0,0.1202445825,0.1869230135,0.0,0.0
0.932892367861266,0.0,0.109028642,0.1598457265,0.0,0.0
0.8221347759268807,0.0,0.095296788,0.1351768075,0.0,0.0
0.75819263132189,0.0,0.106990424,0.158726679,0.0,0.0
0.6653325917793678,0.0,0.092310839,0.130379163,0.0,0.0
0.6439245517468799,0.0,0.0837096125,0.097490647,0.0,0.0
0.6448076256549604,0.0,0.0782963105,0.095052292,0.0,0.0
0.6998074748796226,0.0,0.0863456185,0.123185744,0.0,0.0
0.7758821367572173,0.0,0.110171504,0.168424661,0.0,0.0
0.8152764710421635,0.030215398,0.127218358,0.237620844,0.0,0.0
0.8159261464783458,0.134076759,0.121677302,0.302585457,0.0,0.0
0.8147447521577633,0.242703802,0.135470535,0.3299638285,0.0,0.0
0.8149207725840562,0.2744957695,0.1925484385,0.41039345299999996,0.0,0.0
0.8263834978130705,0.045299467,0.267831874,0.52540192,0.0,0.0
0.8419069916884546,0.0,0.3403140735,0.6079770225,0.0,0.0
0.8322299366168697,0.0,0.38852237850000004,0.6208370125,0.0,0.0
0.7732471107548808,0.0,0.35166314200000004,0.5176827005,0.0,0.0
0.7194317420808759,0.0,0.275154431,0.393370416,0.0,0.0
0.6879529097631458,0.0,0.22222041850000002,0.2815343465,0.0,0.0
0.6703363956831645,0.0,0.178838481,0.206993726,0.0,0.0
0.6673759604386489,0.0,0.1253804015,0.1508029775,0.0,0.0
0.669307338990072,0.0,0.083824498,0.100083123,0.0,0.0
0.7116000670157403,0.0,0.0739884255,0.0874469565,0.0,0.0
0.7796740284405477,0.0,0.0808422035,0.094847762,0.0,0.0
0.8159644594019531,0.125340452,0.102627451,0.151625038,0.0,0.0
0.8208388083433394,0.391759974,0.12622928,0.224755815,0.0,0.0
0.8218394273653152,0.505555842,0.139704948,0.292194944,0.0,0.0
0.8190891651618063,0.5184091989999999,0.17662624100000002,0.37482363900000004,0.0,0.0
0.8197587285957607,0.375082034,0.217222362,0.417721579,0.0,0.0
0.8306648635349743,0.074810703,0.25056196,0.429258097,0.0,0.0
0.842683173349764,0.0,0.2769338825,0.45148364750000003,0.0,0.0
0.8312298663026105,0.0,0.2996629085,0.48466353,0.0,0.0
0.771437049153372,0.0,0.301194654,0.487774027,0.0,0.0
0.7163547447587604,0.0,0.2803376485,0.474929553,0.0,0.0
0.6962829970130744,0.0,0.2623967955,0.4681644895,0.0,0.0
0.6911301929892276,0.0,0.22488646950000002,0.4058158795,0.0,0.0
0.7312277632128799,0.0,0.193898957,0.342054566,0.0,0.0
0.8854843031175332,0.0,0.164791467,0.27236662,0.0,0.0
0.9459213092946721,0.0,0.140313314,0.186979468,0.0,0.0
0.9541101458155313,0.065110019,0.125722369,0.16369957,0.0,0.0
0.9567891311616377,0.230573525,0.10088474,0.120843986,0.0,0.0
0.955139019680372,0.310318483,0.090312986,0.110109139,0.0,0.0
0.9516625016775682,0.314221921,0.0841148315,0.089417514,0.0,0.0
0.950725250035813,0.21286807,0.092069574,0.084832558,0.0,0.0
0.9543238391922297,0.042350739,0.110498141,0.093285109,0.0,0.0
0.9613634680832704,0.0,0.15934952000000002,0.1314220615,0.0,0.0
0.942631144412883,0.0,0.2560264725,0.23249343900000002,0.0,0.0
0.8297375787084764,0.0,0.36144272899999996,0.34237429750000004,0.0,0.0
0.7316044926426145,0.0,0.497185209,0.441708529,0.0,0.0
0.6764965166345589,0.0,0.623083327,0.571153437,0.0,0.0
0.6695498585850823,0.0,0.710260433,0.7099944810000001,0.0,0.0
0.711150460461157,0.0,0.760745703,0.7676725,0.0,0.0
0.8775159264766988,0.0,0.814773879,0.84343243,0.0,0.0
0.9417838688710639,0.0,0.8671294265,0.89507417,0.0,0.0
0.9482509969551735,0.124818827,0.88480288,0.904358684,0.0,0.0
0.9450711992460664,0.341163655,0.900837878,0.917555988,0.0,0.0
0.9402048512703083,0.448943734,0.9137237605,0.9286241295,0.0,0.0
0.9378685343019896,0.3118948425,0.9165066909999999,0.9356988635,0.0,0.0
0.9418063629889484,0.0193438725,0.910663027,0.936217458,0.0,0.0
0.9430525876873681,0.0,0.88681149,0.9334461405000001,0.0,0.0
0.8745582344734848,0.0,0.8312956975000001,0.923522241,0.0,0.0
0.791834846188759,0.0,0.791153835,0.916165141,0.0,0.0
0.7205160051023601,0.0,0.6950155035000001,0.8803105995,0.0,0.0
0.6686802033788368,0.0,0.664183553,0.8414342695,0.0,0.0
0.6613828759859446,0.0,0.5529039015,0.779099836,0.0,0.0
0.6995192585522075,0.0,0.460988115,0.706884531,0.0,0.0
0.8680803165497032,0.0,0.4393539905,0.6641771335,0.0,0.0
0.9320782847885568,0.0,0.406877561,0.6326895475000001,0.0,0.0
0.9430869688373965,0.004803391,0.344125752,0.605491528,0.0,0.0
0.9416189126754615,0.015837793,0.261115763,0.5097797025,0.0,0.0
0.9406253343248693,0.0303125705,0.2387971605,0.47813678049999997,0.0,0.0
0.9405658531598051,0.0179888325,0.262487194,0.4917068595,0.0,0.0
0.9469424564362623,0.0,0.3182729955,0.5110665485,0.0,0.0
0.9278024511819983,0.0,0.27578257,0.4823104185,0.0,0.0
0.817919977971449,0.0,0.2745789685,0.337133652,0.0,0.0
0.7214880494063509,0.0,0.17260037900000003,0.24749836549999998,0.0,0.0
0.6693829363912098,0.0,0.148840541,0.2101127225,0.0,0.0
0.6615908316026746,0.0,0.16712259499999998,0.231816056,0.0,0.0
0.7651697614155467,0.0,0.164829232,0.258948179,0.0,0.0
0.9038760158968493,0.0,0.126367818,0.237497517,0.0,0.0
0.9294579576574205,0.0,0.115746342,0.19798994050000002,0.0,0.0
0.9399818768329375,0.007760601,0.101657099,0.179147342,0.0,0.0
0.939839917532912,0.0225794245,0.099532205,0.178257225,0.0,0.0
0.9384940240130359,0.026683938499999997,0.137620576,0.2398694085,0.0,0.0
0.9395779899014509,0.009890570500000001,0.204245454,0.3268966005,0.0,0.0
0.947266288301687,0.0,0.247521661,0.41494197850000003,0.0,0.0
0.9296726568867852,0.0,0.290351895,0.45227968100000004,0.0,0.0
0.8191079101857229,0.0,0.323335442,0.48509635900000003,0.0,0.0
0.723427314544264,0.0,0.34022805850000004,0.456313835,0.0,0.0
0.671107045154808,0.0,0.383222829,0.49654028149999996,0.0,0.0
0.6651007020121489,0.0,0.4079095115,0.5348435915,0.0,0.0
0.7052260239293714,0.0,0.417523955,0.559671133,0.0,0.0
0.8722694201496399,0.0,0.42190079700000005,0.562652801,0.0,0.0
0.9355097689228493,0.0,0.43390389949999997,0.5832229065,0.0,0.0
0.9466875696991461,0.026773850000000002,0.42506116549999995,0.5755268265,0.0,0.0
0.9459122567693145,0.053496822,0.437728485,0.567524511,0.0,0.0
0.9449468875545244,0.114272065,0.4358319355,0.5652674175000001,0.0,0.0
0.9454337098402428,0.0616825095,0.4444316215,0.6200656204999999,0.0,0.0
0.951760798766893,0.0,0.4808629995,0.664402841,0.0,0.0
0.9324613235023478,0.0,0.48262512550000003,0.660857179,0.0,0.0
0.820461621620014,0.0,0.490665912,0.6791269200000001,0.0,0.0
0.754306694420895,0.0,0.43973886,0.646799247,0.0,0.0
0.6616273615792249,0.0,0.4829521035,0.690495683,0.0,0.0
0.640669750977094,0.0,0.495336346,0.7240270639999999,0.0,0.0
0.6404561947215844,0.0,0.49637337550000005,0.748610246,0.0,0.0
0.6946085626111635,0.0,0.5209657265000001,0.7695164265000001,0.0,0.0
0.771622510726538,0.0,0.525676398,0.7839263030000001,0.0,0.0
0.813669427208178,0.010740437,0.536127904,0.796489394,0.0,0.0
0.8180321737982508,0.0290176065,0.6037710885,0.831383448,0.0,0.0
0.8183486448942104,0.053237591,0.5525272695,0.768521076,0.0,0.0
0.8231629181814326,0.0246937145,0.515097938,0.727647028,0.0,0.0
0.8412525615285993,0.0,0.5416465805,0.755905901,0.0,0.0
0.8300124449318109,0.0,0.5971004259999999,0.7963942185,0.0,0.0
0.7704964828948685,0.0,0.5725189945,0.772013608,0.0,0.0
0.7182977589163209,0.0,0.492455823,0.704478786,0.0,0.0
0.676073084619753,0.0,0.4581869625,0.6742849525,0.0,0.0
0.6571520533572057,0.0,0.417175112,0.642878023,0.0,0.0
0.6529458049264779,0.0,0.4024811915,0.637292246,0.0,0.0
0.6701894071941268,0.0,0.4083433055,0.671258295,0.0,0.0
0.7412270956638267,0.0,0.41784080199999996,0.714633973,0.0,0.0
0.8055852885491461,0.0117342295,0.4411710045,0.7580455875000001,0.0,0.0
0.8202573464251767,0.056525877,0.437847803,0.738884077,0.0,0.0
0.8208910200787438,0.149481189,0.491922109,0.755211162,0.0,0.0
0.820252042993787,0.149412594,0.558343722,0.748761977,0.0,0.0
0.8249522002373209,0.1014481335,0.534601874,0.740059945,0.0,0.0
0.8433762366799489,0.0,0.627326032,0.8124584775,0.0,0.0
0.8326943563474705,0.0,0.7659584245,0.8738620850000001,0.0,0.0
0.7736592500780021,0.0,0.8038551110000001,0.8952379745000001,0.0,0.0
0.7200567746469724,0.0,0.786190815,0.894121204,0.0,0.0
0.7038549619453458,0.0,0.81359973,0.9043587855,0.0,0.0
0.6868165492367544,0.0,0.8168625725,0.9210990315,0.0,0.0
0.7035671113487547,0.0,0.875675835,0.930441508,0.0,0.0
0.8837297679424976,0.0,0.9005321515,0.9343134399999999,0.0,0.0
0.9440149851255424,0.0,0.9098084184999999,0.9364810809999999,0.0,0.0
0.9538658203827723,0.02060974,0.912757841,0.937064236,0.0,0.0
0.9530391185933101,0.039857497000000006,0.9135557795,0.9370971815,0.0,0.0
0.9522343623626567,0.039128661,0.9228718695,0.9372994085,0.0,0.0
0.9515631986612563,0.0151161535,0.9242059215,0.9363230425,0.0,0.0
0.9540918580852054,0.0,0.9267673795,0.89560639,0.0,0.0
0.9325744338420104,0.0,0.929026723,0.917740481,0.0,0.0
0.8199487392479767,0.0,0.9251074290000001,0.925522277,0.0,0.0
0.7240460379006248,0.0,0.9091578364999999,0.9374290535,0.0,0.0
0.6724649857187085,0.0,0.887196701,0.9275081789999999,0.0,0.0
0.6658128303900114,0.0,0.8136748414999999,0.918240357,0.0,0.0
0.7041147634923359,0.0,0.777491807,0.912459444,0.0,0.0
0.8683550913589118,0.0,0.7269384175,0.903934764,0.0,0.0
0.9312863299542674,0.0,0.6500937985,0.8793756475000001,0.0,0.0
0.944136324966148,0.056867141,0.61334323,0.862210177,0.0,0.0
0.9431947755227084,0.132199845,0.443959504,0.790388857,0.0,0.0
0.942772829470531,0.162234294,0.369953558,0.700268341,0.0,0.0
0.9424104102161601,0.155697884,0.361252239,0.6450728219999999,0.0,0.0
0.9445656318621108,0.075601237,0.377260277,0.615783568,0.0,0.0
0.9512753481389855,0.0,0.3692289395,0.585198722,0.0,0.0
0.9340757281801186,0.0,0.362312677,0.5225385165,0.0,0.0
0.8223486522061514,0.0,0.3632479125,0.507704879,0.0,0.0
0.7577258800108362,0.0,0.347516624,0.484289889,0.0,0.0
0.688227935998361,0.0,0.358886692,0.4604506345,0.0,0.0
0.6725880856899998,0.0,0.3326313275,0.41859167399999997,0.0,0.0
0.6934526569271323,0.0,0.3086178385,0.388316506,0.0,0.0
0.877528362142239,0.0,0.23343587500000001,0.3181539345,0.0,0.0
0.9416745076253689,0.0,0.207832956,0.318676175,0.0,0.0
0.9528442617289747,0.081852867,0.249035128,0.3512718,0.0,0.0
0.9509951327771984,0.2271122325,0.204290872,0.3386722365,0.0,0.0
0.9469378387594577,0.2803205655,0.1866557435,0.35035110999999997,0.0,0.0
0.947798875917565,0.1450936455,0.252548837,0.404431571,0.0,0.0
0.9565869592349001,0.0,0.2821307195,0.43582350049999996,0.0,0.0
0.9378084587221458,0.0,0.2443264275,0.4252794565,0.0,0.0
0.8245094973815732,0.0,0.27679389050000003,0.42037289349999996,0.0,0.0
0.7310281056948471,0.0,0.29016663249999997,0.4135255175,0.0,0.0
0.6795997341291942,0.0,0.36546427299999995,0.4777917015,0.0,0.0
0.6719586639824133,0.0,0.3838721195,0.487440389,0.0,0.0
0.7114864537497442,0.0,0.373462696,0.455476866,0.0,0.0
0.8762137409489068,0.0,0.3494724765,0.426781523,0.0,0.0
0.9374163217759346,0.0,0.28310683000000003,0.371916857,0.0,0.0
0.9482509969551735,0.02282842,0.211267852,0.316452216,0.0,0.0
0.9498053717601638,0.079970349,0.1345955055,0.241873828,0.0,0.0
0.9497838835692662,0.07980704150000001,0.167152185,0.256839181,0.0,0.0
0.9502709800973623,0.046272531500000005,0.15028880449999998,0.24080979149999998,0.0,0.0
0.9566686600525096,0.0,0.10284265000000001,0.20296972600000002,0.0,0.0
0.9375621215097335,0.0,0.0682620375,0.138167369,0.0,0.0
0.8236407793559195,0.0,0.062115703999999994,0.100294229,0.0,0.0
0.7611466657195827,0.0,0.058457185,0.088361002,0.0,0.0
0.6929306077992405,0.0,0.058511328,0.062498567,0.0,0.0
0.6799096673314625,0.0,0.036461115,0.047047015,0.0,0.0
0.696094632261047,0.0,0.038984682500000006,0.042468423,0.0,0.0
0.8805907520072804,0.0,0.042309102,0.056095739,0.0,0.0
0.9437363699568808,0.0,0.060081844,0.076083021,0.0,0.0
0.9537005897218309,0.08184791,0.080017198,0.094852696,0.0,0.0
0.9532695453629128,0.182861046,0.079645782,0.116881098,0.0,0.0
0.9509834285733063,0.2979441745,0.0807201695,0.132297145,0.0,0.0
0.94805147663265,0.25889216000000004,0.0968061115,0.161024188,0.0,0.0
0.9538121455011108,0.06400112100000001,0.126894298,0.2143051575,0.0,0.0
0.9560038514165488,0.0,0.176815653,0.270326569,0.0,0.0
0.9356412584812843,0.0,0.200499955,0.3167358645,0.0,0.0
0.8227009673754353,0.0,0.20328197399999998,0.3242547995,0.0,0.0
0.7579932938276184,0.0,0.215025893,0.318955803,0.0,0.0
0.6653197217109286,0.0,0.2052058575,0.30681506000000003,0.0,0.0
0.6437212824047089,0.0,0.204716605,0.313573472,0.0,0.0
0.6426091075291329,0.0,0.201128635,0.3202709735,0.0,0.0
0.6968078122729593,0.0,0.2317983575,0.325651169,0.0,0.0
0.7728834800032206,0.000620066,0.25381081,0.37004831800000004,0.0,0.0
0.8135338228992716,0.108196453,0.250696144,0.364392814,0.0,0.0
0.8167335545361748,0.198880391,0.237988694,0.349955103,0.0,0.0
0.8161071503122674,0.280945629,0.2554828375,0.33515943150000005,0.0,0.0
0.8141381445918222,0.190007288,0.27880619,0.324754355,0.0,0.0
0.8192179572603234,0.0975785605,0.21784331550000002,0.293375143,0.0,0.0
0.8388173072747926,0.0006912295,0.20466200099999998,0.29013469599999997,0.0,0.0
0.8271127253146613,0.0,0.19402608100000002,0.292417094,0.0,0.0
0.765817791025861,0.0,0.14792801900000002,0.23153500500000002,0.0,0.0
0.6937638931151364,0.0,0.0789797805,0.1046387725,0.0,0.0
0.6521446833363338,0.0,0.069482038,0.10400395200000001,0.0,0.0
0.6434672643247501,0.0,0.064117181,0.1029213225,0.0,0.0
0.6619235330908846,0.0,0.04585124,0.063225538,0.0,0.0
0.7389652101577786,0.0,0.035492425499999994,0.037609224999999996,0.0,0.0
0.795581109737439,0.001883862,0.032268124,0.025109781,0.0,0.0
0.8157454626681854,0.178867372,0.032308948,0.019269209,0.0,0.0
0.8190334330163895,0.296909604,0.030012521,0.029379187,0.0,0.0
0.8173574440540956,0.37809950999999997,0.0332683965,0.021346438000000002,0.0,0.0
0.8163528474771576,0.2879967865,0.045767737,0.025115698,0.0,0.0
0.8274632117555049,0.140786057,0.056699754,0.042230956,0.0,0.0
0.8430899405694203,0.0010556,0.0930826585,0.090750581,0.0,0.0
0.8422251543916657,0.0,0.146972922,0.172621513,0.0,0.0
0.8069813820990936,0.0,0.230920878,0.271980503,0.0,0.0
0.7362263550250925,0.0,0.303603734,0.3834865205,0.0,0.0
0.6970800724505017,0.0,0.357458291,0.4682827985,0.0,0.0
0.6813237971857296,0.0,0.4030319375,0.5347307615,0.0,0.0
0.7002967887576748,0.0,0.471017774,0.630806548,0.0,0.0
0.8811201850182904,0.0,0.520501193,0.701738872,0.0,0.0
0.9428455693255499,0.000556437,0.526330126,0.746360758,0.0,0.0
0.9529293002026653,0.017591552,0.515055652,0.768320887,0.0,0.0
0.953175088707361,0.044408643,0.512862591,0.74076495,0.0,0.0
0.9525119259715886,0.091304787,0.5239290575,0.739880103,0.0,0.0
0.9514191819488347,0.091864843,0.459563131,0.690874186,0.0,0.0
0.9517226686715377,0.064173226,0.3568865945,0.6451648105,0.0,0.0
0.9570345540098298,0.0008767985,0.326821774,0.585091421,0.0,0.0
0.9364125023677076,0.0,0.2357122245,0.4969840795,0.0,0.0
0.8228414179707815,0.0,0.2062255235,0.4654586015,0.0,0.0
0.7274280990992362,0.0,0.1293338665,0.311310339,0.0,0.0
0.6758082081766879,0.0,0.13285186999999998,0.2999122105,0.0,0.0
0.6701102665666054,0.0,0.187598247,0.3301304425,0.0,0.0
0.715023595965788,0.0,0.244295951,0.399998295,0.0,0.0
0.8777550856735774,0.0,0.302812389,0.5298212275,0.0,0.0
0.9420665074503912,0.0006587965,0.44007376649999996,0.6664948165,0.0,0.0
0.9526977761662705,0.029403846,0.526626626,0.750207818,0.0,0.0
0.949725499596674,0.056108621,0.5438615805,0.7657074275,0.0,0.0
0.9469556694191542,0.0682004955,0.584494846,0.7992646805000001,0.0,0.0
0.944271243446149,0.0436719505,0.6695711735000001,0.8506659385,0.0,0.0
0.9454934653220048,0.000831642,0.7941986225,0.9075410985000001,0.0,0.0
0.9244232244901733,0.0,0.8720078065,0.9318025375,0.0,0.0
0.8154844036938815,0.0,0.898542583,0.9368133160000001,0.0,0.0
0.7443986639463115,0.0,0.912728226,0.937461093,0.0,0.0
0.6748723280441029,0.0,0.9153531065,0.9374584095,0.0,0.0
0.6515284746859596,0.0,0.9045769985000001,0.937373351,0.0,0.0
0.6666971159440224,0.0,0.8532851275,0.935830193,0.0,0.0
0.8273025531386256,0.0,0.757247758,0.920584255,0.0,0.0
0.912308812193964,0.0008914025,0.8060724895,0.9205555475,0.0,0.0
0.9214678185089903,0.024106207,0.85745572,0.931541457,0.0,0.0
0.9197316625527269,0.030150594,0.879656752,0.923630084,0.0,0.0
0.9089010564168963,0.0329023745,0.8917845415,0.896039403,0.0,0.0
0.8979321027308582,0.029030135,0.893978996,0.8003330815,0.0,0.0
0.8963375862738204,0.017184067,0.900351999,0.880004469,0.0,0.0
0.9034252205870273,0.001212389,0.905312339,0.924321972,0.0,0.0
0.9059114521882571,0.0,0.908510919,0.935515315,0.0,0.0
0.8976998472328153,0.0,0.904241663,0.937375449,0.0,0.0
0.8162169230701697,0.0,0.8920685015,0.93691525,0.0,0.0
0.741639029193684,0.0,0.876634151,0.934753315,0.0,0.0
0.6743090854814728,0.0,0.8585833775,0.930620172,0.0,0.0
0.652500153184806,0.0,0.8555274775,0.9203882975,0.0,0.0
0.6680798593155688,0.0,0.837253026,0.9274566015000001,0.0,0.0
0.8363320816005497,0.0,0.8301817739999999,0.9319575904999999,0.0,0.0
0.914269725534655,0.0013812855,0.814328099,0.932071179,0.0,0.0
0.9248562804801042,0.17567228,0.783239821,0.927113665,0.0,0.0
0.9239582104934339,0.3879372515,0.7535385025,0.913995799,0.0,0.0
0.9216660586621492,0.404165473,0.713363108,0.8897686125,0.0,0.0
0.9217467079943498,0.239348364,0.6459743645,0.8372441535,0.0,0.0
0.9297236342342086,0.002438861,0.5944185799999999,0.7898192765000001,0.0,0.0
0.9146929518305176,0.0,0.547232749,0.753901031,0.0,0.0
0.8143074442218516,0.0,0.48294568449999997,0.7143691080000001,0.0,0.0
0.7443986639463115,0.0,0.413968962,0.664653362,0.0,0.0
0.678290827879459,0.0,0.3350485565,0.580361611,0.0,0.0
0.6576012255088899,0.0,0.254572244,0.46625567749999997,0.0,0.0
0.6783597273007047,0.0,0.2229991185,0.399207679,0.0,0.0
0.865974883495937,0.0,0.189252235,0.332703847,0.0,0.0
0.9287329363204271,0.0014908125,0.19845287550000001,0.3492750515,0.0,0.0
0.9384830056380493,0.144387958,0.177825952,0.352268434,0.0,0.0
0.9391671535640655,0.212514215,0.162790405,0.356172948,0.0,0.0
0.9369132690236454,0.274309012,0.173055657,0.344024303,0.0,0.0
0.9340093433162189,0.245250587,0.2174797165,0.336840436,0.0,0.0
0.9324732563158749,0.1540165665,0.17290082899999998,0.319833579,0.0,0.0
0.9390510258150441,0.0030371845,0.18125724999999998,0.3190637145,0.0,0.0
0.920916303040944,0.0,0.21706985299999998,0.37117134549999997,0.0,0.0
0.8159417825301372,0.0,0.254586883,0.435813876,0.0,0.0
0.7083726293923296,0.0,0.29677752749999997,0.4846779795,0.0,0.0
0.6425002035027083,0.0,0.2646167345,0.44679249099999996,0.0,0.0
0.6310095664196022,0.0,0.2337160855,0.38700654700000003,0.0,0.0
0.6504055785684664,0.0,0.21043814500000002,0.35021064999999996,0.0,0.0
0.7286460005056774,0.0,0.184619814,0.2859331165,0.0,0.0
0.7856354521681538,0.00294566,0.208136808,0.299747894,0.0,0.0
0.8068309646141697,0.117105714,0.24960939,0.360581187,0.0,0.0
0.8074826517556851,0.173618887,0.329033291,0.47720068,0.0,0.0
0.8061670247096866,0.210661295,0.416886491,0.529830744,0.0,0.0
0.80239716985065,0.241098156,0.541751678,0.648732495,0.0,0.0
0.8006148372006605,0.169588698,0.63872861,0.768752099,0.0,0.0
0.8087737731271072,0.068425405,0.696288109,0.815452573,0.0,0.0
0.8260517107634011,0.001516909,0.7863145005000001,0.8773522085000001,0.0,0.0
0.8184392611159887,0.0,0.88757592,0.9143044485,0.0,0.0
0.7607189132353618,0.0,0.922595337,0.936890487,0.0,0.0
0.7036379995846416,0.0,0.921791587,0.937499315,0.0,0.0
0.6576936476427373,0.0,0.918654159,0.9373472945,0.0,0.0
0.6270251722687609,0.0,0.9127943555,0.9369447675,0.0,0.0
0.6253010863958542,0.0,0.9105232679999999,0.936122538,0.0,0.0
0.6709601938612797,0.0,0.923103329,0.9366629485,0.0,0.0
0.7528742766133407,0.0027644205,0.9304206445000001,0.9300186015,0.0,0.0
0.7919710906938283,0.132006216,0.932203833,0.910461732,0.0,0.0
0.7956276523106299,0.246190268,0.919221049,0.923690054,0.0,0.0
0.7932901008800095,0.342790354,0.9128908655,0.918585142,0.0,0.0
0.7908387534294619,0.401325743,0.9164354945,0.919985877,0.0,0.0
0.8007082880035457,0.257560672,0.906805481,0.932507315,0.0,0.0
0.8195988014405293,0.0040347925,0.8562433885,0.9250054345000001,0.0,0.0
0.8130239580109133,0.0,0.7437174965,0.9005445624999999,0.0,0.0
0.7569932235133592,0.0,0.6234756015,0.8767184205,0.0,0.0
0.7005321761185346,0.0,0.555494443,0.84976057,0.0,0.0
0.6763096835522229,0.0,0.51185138,0.8167672269999999,0.0,0.0
0.6519349446982263,0.0,0.653774926,0.777269722,0.0,0.0
0.6665796166115106,0.0,0.822103577,0.74750606,0.0,0.0
0.8227917207927229,0.0,0.8980818665,0.882235171,0.0,0.0
0.908296094751144,0.0,0.9267383985,0.9289923545000001,0.0,0.0
0.919759734418699,0.006973391,0.931649124,0.9333491,0.0,0.0
0.9194187577224833,0.059602338,0.9223524805,0.9367043315000001,0.0,0.0
0.9198898981007065,0.16369973300000001,0.8926002685000001,0.934813592,0.0,0.0
0.9223248322564316,0.1144848145,0.8904300025,0.932665337,0.0,0.0
0.9317614022547103,0.004427628,0.896053244,0.9352935490000001,0.0,0.0
0.9189439139573551,0.0,0.912156909,0.9371887555,0.0,0.0
0.815049290365875,0.0,0.9237562509999999,0.9374699049999999,0.0,0.0
0.7464947244509592,0.0,0.925657838,0.937492832,0.0,0.0
0.6789522989336594,0.0,0.9222934325000001,0.937388017,0.0,0.0
0.6568426002648995,0.0,0.9096064269999999,0.9371515495,0.0,0.0
0.6729460700958177,0.0,0.8848456455,0.9347343015,0.0,0.0
0.8548890248921663,0.0,0.8687941955,0.9328651029999999,0.0,0.0
0.9256883771894024,0.0039408765,0.8294533,0.9346217815,0.0,0.0
0.9344108528115486,0.195269862,0.792492103,0.930658333,0.0,0.0
0.9299804868952743,0.311624369,0.774698527,0.9270564640000001,0.0,0.0
0.925468008649183,0.45922727750000003,0.7623001629999999,0.9166966005,0.0,0.0
0.9244105144336147,0.309735114,0.694612251,0.898680903,0.0,0.0
0.9290280106396149,0.198919868,0.606146737,0.875571704,0.0,0.0
0.9387719534271124,0.006358256,0.5729069965,0.8514072845,0.0,0.0
0.9234744057657149,0.0,0.5584015415,0.8279085344999999,0.0,0.0
0.8406816609147938,0.0,0.575187241,0.840905612,0.0,0.0
0.7702986769959678,0.0,0.6177316605000001,0.856831699,0.0,0.0
0.6822707871817475,0.0,0.6531750789999999,0.8686054750000001,0.0,0.0
0.6620615148359481,0.0,0.685224287,0.8588806075,0.0,0.0
0.6802669201269915,0.0,0.73532184,0.8734191275000001,0.0,0.0
0.8682063654812393,0.0,0.78413127,0.9019710350000001,0.0,0.0
0.932338520738446,0.0008512685,0.8436730345,0.9234230985,0.0,0.0
0.9440734148051974,0.010545036,0.863412543,0.934511772,0.0,0.0
0.9388662729614752,0.016445181,0.839304994,0.934341522,0.0,0.0
0.9290219755979364,0.0351628575,0.8388865565000001,0.9276977475,0.0,0.0
0.9243093826888625,0.0362780045,0.858991736,0.9194124845,0.0,0.0
0.937106937281383,0.0031601285,0.807039652,0.919030011,0.0,0.0
0.924600067940881,0.0,0.7808841950000001,0.9104173065000001,0.0,0.0
0.8175342874304828,0.0,0.813029777,0.917260186,0.0,0.0
0.734882770417939,0.0,0.7787863880000001,0.9017604785,0.0,0.0
0.6943839879063469,0.0,0.8444315495,0.9212715695,0.0,0.0
0.6874804206178033,0.0,0.8306938385,0.9201028149999999,0.0,0.0
0.7272369912545481,0.0,0.824246489,0.919443461,0.0,0.0
0.8924164909054453,0.0,0.8171462615,0.9193712085,0.0,0.0
0.9692171343399574,0.0065713065,0.8033415294999999,0.9186244960000001,0.0,0.0
0.9723324216949882,0.243207065,0.778948146,0.918011804,0.0,0.0
0.96978693761265,0.350736186,0.748950164,0.898912394,0.0,0.0
0.967022639476155,0.37320404900000004,0.681445334,0.8743472075000001,0.0,0.0
0.9673420365673472,0.2565370645,0.781313394,0.8517660275,0.0,0.0
0.9763029399247238,0.0124149855,0.763553836,0.7963144775,0.0,0.0
0.9583643541100034,0.0,0.670596118,0.7369483514999999,0.0,0.0
0.8519398367065931,0.0,0.569468059,0.7320650885,0.0,0.0
0.7515583066528895,0.0,0.5124308385,0.8115689145,0.0,0.0
0.6910908056151994,0.0,0.47382410649999995,0.7880797390000001,0.0,0.0
0.6844376901408987,0.0,0.4579334705,0.7432237655,0.0,0.0
0.7894851334092967,0.0,0.44463483400000003,0.6791996315,0.0,0.0
0.9301287556279968,0.0,0.468895546,0.634660573,0.0,0.0
0.9699216274830158,0.001819525,0.5119882035,0.6363202795,0.0,0.0
0.974357708342887,0.041695017,0.526299249,0.653813821,0.0,0.0
0.9741975069452781,0.09905429,0.504620011,0.635118974,0.0,0.0
0.9738311100616247,0.142996234,0.476892379,0.649680327,0.0,0.0
0.9744959643303281,0.1368738665,0.4437643975,0.6409719345,0.0,0.0
0.9771105765178676,0.084849672,0.443271211,0.625721689,0.0,0.0
0.9826872698501111,0.058480494,0.450922063,0.633136299,0.0,0.0
0.9904500454940011,0.0041016745,0.4292445265,0.611826765,0.0,0.0
0.9740229495166015,0.0,0.4032588745,0.5806306815,0.0,0.0
0.8674399221741931,0.0,0.359772341,0.5691310995000001,0.0,0.0
0.7671635929829703,0.0,0.32555618350000004,0.561137922,0.0,0.0
0.706701989717129,0.0,0.276549389,0.5186971875,0.0,0.0
0.7017341213751029,0.0,0.285746547,0.530338108,0.0,0.0
0.7168821431737458,0.0,0.237502861,0.4960451505,0.0,0.0
0.7898474611752211,0.0,0.221704824,0.49228100399999997,0.0,0.0
0.8431892892184748,0.005926077,0.261767073,0.532925872,0.0,0.0
0.8572461442967976,0.054895542,0.305984452,0.572702151,0.0,0.0
0.8579692454169043,0.12783735799999998,0.338862494,0.6031991925,0.0,0.0
0.8584919575573304,0.117171864,0.37866946300000004,0.6018575175,0.0,0.0
0.863034244909388,0.066123197,0.39568270149999996,0.6290152099999999,0.0,0.0
0.879509849383928,0.014448044,0.408545891,0.654838113,0.0,0.0
0.8783950228298173,0.0,0.455486597,0.678689982,0.0,0.0
0.8408820041874114,0.0,0.535259437,0.716163698,0.0,0.0
0.7963268878780024,0.0,0.586809584,0.729725485,0.0,0.0
0.7428310761584294,0.0,0.626761345,0.7369320340000001,0.0,0.0
0.6988436142951913,0.0,0.6753291625,0.7645974185,0.0,0.0
0.68258654955811,0.0,0.695947512,0.7995833864999999,0.0,0.0
0.6971990119642588,0.0,0.7296554955000001,0.8335808,0.0,0.0
0.7793575574189084,0.0,0.7503416395,0.875674013,0.0,0.0
0.8380599164187833,0.015878426,0.744226281,0.898933049,0.0,0.0
0.854020992695418,0.14039715,0.729218236,0.898159157,0.0,0.0
0.8562186420897677,0.230778073,0.705596849,0.863274312,0.0,0.0
0.8564536409034323,0.295096764,0.66952147,0.833185132,0.0,0.0
0.8553619026590246,0.28565751,0.606419838,0.7980242495000001,0.0,0.0
0.8608484368401191,0.16131664950000002,0.5395430025,0.7636190275,0.0,0.0
0.8783867933288745,0.0134619485,0.4995438085,0.765211844,0.0,0.0
0.8655357468315851,0.0,0.4760245765,0.735027453,0.0,0.0
0.8121407926887068,0.0,0.41009340250000004,0.6242293635,0.0,0.0
0.7638121180590361,0.0,0.325214299,0.495059065,0.0,0.0
0.7401721617869876,0.0,0.291140415,0.42498163600000005,0.0,0.0
0.7277743335940992,0.0,0.256056241,0.3523241135,0.0,0.0
0.7514192048246624,0.0,0.24049067400000002,0.3116549165,0.0,0.0
0.8922380016288695,0.0,0.205820249,0.261836488,0.0,0.0
0.9771535072669203,0.0,0.171415451,0.205227006,0.0,0.0
0.9981930701869876,0.031558726,0.154040446,0.171303252,0.0,0.0
0.9921118156207367,0.207528504,0.124258791,0.137086582,0.0,0.0
0.9909959831396393,0.306277805,0.094975509,0.089302919,0.0,0.0
0.989213513368461,0.35140423649999997,0.08479569849999999,0.065825345,0.0,0.0
0.9889725252945012,0.32610038750000003,0.060084434500000006,0.043839497500000005,0.0,0.0
0.989941140676926,0.176893605,0.040204024,0.04543163,0.0,0.0
0.99802212473109,0.0217854395,0.0478506085,0.0460629315,0.0,0.0
0.9790355543711086,0.0,0.059163011,0.0301434805,0.0,0.0
0.8716530742294362,0.0,0.0558785985,0.018133145,0.0,0.0
0.7823877149604433,0.0,0.051130783,0.016342331,0.0,0.0
0.7354296225021177,0.0,0.04873256199999999,0.0203657995,0.0,0.0
0.7327617242030733,0.0,0.048173195,0.0288265905,0.0,0.0
0.7756027442712041,0.0,0.049922654,0.037172938,0.0,0.0
0.9254629795344914,0.0,0.0518501055,0.042240067,0.0,0.0
0.9962500789201187,0.0114283095,0.052408503499999995,0.036241735,0.0,0.0
0.9931641891588467,0.187108211,0.049259558,0.051922415,0.0,0.0
0.9902562401150747,0.2885369755,0.0704400405,0.100830642,0.0,0.0
0.9885282223199484,0.2981978305,0.060564412,0.0912248255,0.0,0.0
0.9897034444776638,0.148368418,0.049531471,0.0803145455,0.0,0.0
0.9978708385146885,0.023160802,0.0573874685,0.075631726,0.0,0.0
0.978790405913935,0.0,0.07692573750000001,0.0896821475,0.0,0.0
0.8706093873372189,0.0,0.115813607,0.123024213,0.0,0.0
0.8102997103353012,0.0,0.130479531,0.131776506,0.0,0.0
0.7434074402155051,0.0,0.147256641,0.20466182849999998,0.0,0.0
0.7319153859161659,0.0,0.166638022,0.270193219,0.0,0.0
0.7549889678370876,0.0,0.1893712055,0.3038292265,0.0,0.0
0.8928138856503035,0.0,0.209592221,0.298335972,0.0,0.0
0.9766487629073795,0.0,0.2249290455,0.30513675650000005,0.0,0.0
0.9975609511681239,0.049745642,0.241169744,0.340528574,0.0,0.0
0.9908807696805175,0.331618784,0.247379323,0.372908881,0.0,0.0
0.989026108613396,0.498013813,0.222708435,0.442935081,0.0,0.0
0.988751699609332,0.581572542,0.256849158,0.484455865,0.0,0.0
0.985161705684682,0.6154706105000001,0.3164588355,0.4477342285,0.0,0.0
0.9832642511383376,0.498199572,0.288552583,0.386311651,0.0,0.0
0.9861134962600768,0.341520624,0.27623489,0.355089897,0.0,0.0
0.9941825474263931,0.094554751,0.311769957,0.382108908,0.0,0.0
0.9949382923822139,0.0,0.328416519,0.421018676,0.0,0.0
0.975947927295522,0.0,0.32535112,0.470198369,0.0,0.0
0.8669774227347995,0.0,0.2994539525,0.458136022,0.0,0.0
0.7765097296620429,0.0,0.3014249305,0.4468516545,0.0,0.0
0.7280089437119277,0.0,0.31254862299999997,0.432767117,0.0,0.0
0.7248529429578001,0.0,0.341220996,0.4469731465,0.0,0.0
0.8279334834765709,0.0,0.37183714349999997,0.47028450450000003,0.0,0.0
0.9734683707834928,0.0,0.3966348495,0.5044382075,0.0,0.0
0.9940417310259025,0.050137163,0.413341805,0.538894785,0.0,0.0
0.9902547770431379,0.290443366,0.416763895,0.562178581,0.0,0.0
0.9838646865414111,0.4999447745,0.405597395,0.607265037,0.0,0.0
0.9767380532527303,0.585207035,0.418750881,0.593256965,0.0,0.0
0.9759825826879281,0.485874376,0.403551634,0.590114999,0.0,0.0
0.9811816320775759,0.331461258,0.436534632,0.608108891,0.0,0.0
0.9906945995363953,0.136554355,0.451784418,0.620246458,0.0,0.0
0.9947032935685491,0.0,0.471744149,0.633231755,0.0,0.0
0.9759532764339747,0.0,0.5178198695,0.654980933,0.0,0.0
0.8672119185478103,0.0,0.5654242505,0.69707705,0.0,0.0
0.7771662172342944,0.0,0.5441583999999999,0.7097051894999999,0.0,0.0
0.7294707591875613,0.0,0.596478831,0.7508215899999999,0.0,0.0
0.7267047693694944,0.0,0.6110646150000001,0.760594277,0.0,0.0
0.8294170843504918,0.0,0.6302848525,0.769896496,0.0,0.0
0.9758548878562034,0.0,0.6243002165,0.7611270765,0.0,0.0
0.9949176269927696,0.045390548,0.622029812,0.765561704,0.0,0.0
0.9902180184569526,0.217599169,0.615727586,0.774486927,0.0,0.0
0.9873858268261988,0.31649358699999997,0.55193903,0.7882283779999999,0.0,0.0
0.9847720375887536,0.3240321705,0.536122519,0.7850810115,0.0,0.0
0.9852686895685405,0.304076098,0.494834958,0.761469958,0.0,0.0
0.9892908251932214,0.166389287,0.487008652,0.743729407,0.0,0.0
0.9954821268340727,0.0282359685,0.5254288185,0.745952446,0.0,0.0
0.9756778616515644,0.0,0.5371514855,0.7589747675,0.0,0.0
0.8676398540089238,0.0,0.4716981475,0.7166841205000001,0.0,0.0
0.8073550941194697,0.0,0.373727742,0.643830394,0.0,0.0
0.7175409167680282,0.0,0.32192778850000003,0.556810238,0.0,0.0
0.7015271945760515,0.0,0.3239099385,0.5021937535000001,0.0,0.0
0.7005217520840071,0.0,0.321527037,0.489237789,0.0,0.0
0.7156950567259373,0.0,0.34608453250000004,0.5070858155,0.0,0.0
0.7868601428942926,0.0,0.3853869725,0.562481805,0.0,0.0
0.8415282049206445,0.054556573,0.402523086,0.608648114,0.0,0.0
0.8547078837884152,0.155281845,0.37995232,0.611117009,0.0,0.0
0.8546633072134944,0.220484156,0.3437109315,0.5847785670000001,0.0,0.0
0.8536822104584665,0.1904052295,0.32623296749999997,0.5289166265,0.0,0.0
0.8587437353223213,0.162842251,0.336592341,0.534366771,0.0,0.0
0.8761455272822462,0.060154404,0.380909482,0.569807973,0.0,0.0
0.8757534818244813,0.0,0.4505019595,0.62037835,0.0,0.0
0.8381932348542996,0.0,0.518131405,0.67758148,0.0,0.0
0.7917980877512145,0.0,0.560322025,0.696852094,0.0,0.0
0.7344913878240675,0.0,0.5655753065,0.692811371,0.0,0.0
0.6862083415520082,0.0,0.6454903185,0.7511832574999999,0.0,0.0
0.6731577518415036,0.0,0.7243851370000001,0.812249515,0.0,0.0
0.6862854018764419,0.0,0.8043829335,0.869253112,0.0,0.0
0.7703377901276183,0.0,0.8654965889999999,0.9040604995,0.0,0.0
0.8296109355108017,0.014741278,0.885392042,0.925981584,0.0,0.0
0.8494940212970703,0.033114429,0.889920737,0.93232169,0.0,0.0
0.8529987482870351,0.0393094905,0.8757884125,0.9350547235,0.0,0.0
0.8530866213418327,0.0576577845,0.8981736389999999,0.9356184009999999,0.0,0.0
0.8528063144915992,0.087996245,0.9046454955000001,0.9344401375,0.0,0.0
0.866445475389405,0.048326161,0.905461804,0.927030929,0.0,0.0
0.8661536928705942,0.0,0.914271917,0.8943697055,0.0,0.0
0.8297660163052727,0.0,0.913134058,0.8670320565,0.0,0.0
0.7647607997366259,0.0,0.911778583,0.8584668934999999,0.0,0.0
0.7044384583108922,0.0,0.914883703,0.8953970315,0.0,0.0
0.686382556066232,0.0,0.9105529205,0.8980841775,0.0,0.0
0.7076698277822022,0.0,0.9022231315,0.9075970904999999,0.0,0.0
0.8580355388666783,0.0,0.897918204,0.926291927,0.0,0.0
0.9506124597199113,0.0,0.898556107,0.9306686125,0.0,0.0
0.9750499945043611,0.039129974,0.898009292,0.932086627,0.0,0.0
0.9751247002090092,0.097031934,0.89816348,0.935528939,0.0,0.0
0.9741975069452781,0.15557673,0.879800139,0.936785406,0.0,0.0
0.972464368547014,0.221379453,0.868747294,0.936368383,0.0,0.0
0.9699520767851451,0.336647241,0.848597235,0.9354962495,0.0,0.0
0.9699489678130198,0.316182597,0.823324659,0.934535683,0.0,0.0
0.9803181718505692,0.139745278,0.772807938,0.930103424,0.0,0.0
0.9821315024360842,0.001525005,0.729221352,0.920244028,0.0,0.0
0.9645785156738835,0.0,0.664307127,0.8971948475,0.0,0.0
0.8576320633730785,0.0,0.6141412305,0.869773739,0.0,0.0
0.7587458841042508,0.0,0.610354034,0.8600765925,0.0,0.0
0.7004078188685703,0.0,0.5409892665,0.8038986035,0.0,0.0
0.6988223090068659,0.0,0.4380177115,0.6798617735000001,0.0,0.0
0.8098507667189319,0.0,0.41285716,0.6055308335,0.0,0.0
0.9629047670265576,0.0,0.4025626115,0.5770827005,0.0,0.0
0.985024089744763,0.110960644,0.380054534,0.579426635,0.0,0.0
0.9826461221967563,0.278839925,0.33897984,0.555355639,0.0,0.0
0.9788219981899193,0.4439401675,0.313557442,0.5209610845,0.0,0.0
0.9742544735529963,0.49857240300000005,0.29866444999999997,0.4763163355,0.0,0.0
0.9738553414195033,0.365438346,0.268111675,0.424271227,0.0,0.0
0.9823773823549058,0.174828176,0.276608579,0.414824352,0.0,0.0
0.9861230058560638,0.001293157,0.315756854,0.439865686,0.0,0.0
0.96917292342154,0.0,0.36175657299999997,0.49422512,0.0,0.0
0.860616044146567,0.0,0.397084354,0.5260205405,0.0,0.0
0.7999926848484132,0.0,0.380917575,0.471421605,0.0,0.0
0.7276178812161376,0.0,0.36101762849999997,0.44851086250000005,0.0,0.0
0.7190901023721259,0.0,0.323410657,0.41443381349999997,0.0,0.0
0.7459587536205783,0.0,0.2898306915,0.3847118255,0.0,0.0
0.885270518326709,0.0,0.321234161,0.409546672,0.0,0.0
0.9719717856106356,0.0,0.3901091135,0.46438345150000004,0.0,0.0
0.9914595798458251,0.198524262,0.389147378,0.513799243,0.0,0.0
0.9820368628036399,0.457607134,0.391986321,0.53200592,0.0,0.0
0.9739714691685247,0.6704509665,0.36869765899999996,0.5512199275,0.0,0.0
0.9693885370894455,0.744767849,0.49691428849999997,0.5884247525,0.0,0.0
0.9689732202707647,0.645960694,0.543478424,0.641933551,0.0,0.0
0.9730593633231888,0.484205126,0.578095897,0.672523745,0.0,0.0
0.9824555628368237,0.25192021,0.639597945,0.708545281,0.0,0.0
0.9866047990270906,0.002006854,0.714488943,0.762967399,0.0,0.0
0.9672794921372208,0.0,0.806853611,0.8362954055,0.0,0.0
0.8574509680507107,0.0,0.8549964459999999,0.8791782619999999,0.0,0.0
0.7579027005708521,0.0,0.8581671755,0.8861215445,0.0,0.0
0.6993078968302826,0.0,0.8705921155,0.896599469,0.0,0.0
0.6958145540947692,0.0,0.8813298695,0.90859471,0.0,0.0
0.7442796558347998,0.0,0.885340105,0.914458554,0.0,0.0
0.9093304091685632,0.0,0.8977982170000001,0.9202084850000001,0.0,0.0
0.9834139370129726,0.0092659525,0.909785757,0.9266706295,0.0,0.0
0.9840654412519158,0.054293572,0.912588922,0.929570912,0.0,0.0
0.9828374129440165,0.09768523500000001,0.8832364495,0.932031914,0.0,0.0
0.9832140966666882,0.0768106855,0.889152018,0.9342579520000001,0.0,0.0
0.9844311065996008,0.0534438575,0.8713533035000001,0.934956535,0.0,0.0
0.990632512325539,0.013235793000000001,0.8443325345,0.932915044,0.0,0.0
0.970241070281271,0.0,0.744470518,0.9064880040000001,0.0,0.0
0.8603719472491227,0.0,0.591365661,0.864609454,0.0,0.0
0.7598197002005158,0.0,0.508101679,0.7788981925,0.0,0.0
0.6993660750096109,0.0,0.5089406545,0.7177108864999999,0.0,0.0
0.6942026411579727,0.0,0.4966886665,0.6650612385000001,0.0,0.0
0.8040161235331506,0.0,0.520533385,0.6766550965,0.0,0.0
0.958015056498719,0.0,0.5354893095,0.6810721099999999,0.0,0.0
0.9766014430911574,0.146231983,0.558108097,0.6835705,0.0,0.0
0.9736764864121035,0.23830631,0.58269337,0.680421283,0.0,0.0
0.9702890301450152,0.324342922,0.637256265,0.667256983,0.0,0.0
0.9674514893014885,0.385995895,0.670886947,0.697046572,0.0,0.0
0.9647206579508016,0.38293666299999995,0.673271492,0.717194289,0.0,0.0
0.9630409200431808,0.317243134,0.615284452,0.709246714,0.0,0.0
0.9642474601601826,0.251268114,0.569858559,0.700656621,0.0,0.0
0.9733467567005096,0.133796308,0.491526032,0.66964129,0.0,0.0
0.9743061366550047,0.003047089,0.412220313,0.630382391,0.0,0.0
0.9567495380686659,0.0,0.3439219605,0.562366792,0.0,0.0
0.8518165767234214,0.0,0.333182393,0.5233844165,0.0,0.0
0.7874854497770872,0.0,0.294573003,0.451471947,0.0,0.0
0.6824911327569547,0.0,0.242830803,0.371568437,0.0,0.0
0.6622050286220363,0.0,0.16382949000000002,0.235779611,0.0,0.0
0.6652137436797365,0.0,0.0965641835,0.1268850185,0.0,0.0
0.7216841178422962,0.0,0.06257138400000001,0.081365571,0.0,0.0
0.8115065704017435,0.044986065,0.0353193525,0.047532405,0.0,0.0
0.8435448048483303,0.128678679,0.030714861,0.038219911,0.0,0.0
0.8424733203325184,0.242809849,0.029196502,0.048751472000000004,0.0,0.0
0.8382340167025101,0.3118322445,0.0465382595,0.061657845,0.0,0.0
0.8427653771680272,0.22431739750000002,0.0445454105,0.0674546745,0.0,0.0
0.864530555765547,0.150268252,0.055344925,0.075133357,0.0,0.0
0.865362469572273,0.00257497,0.070246959,0.08941078499999999,0.0,0.0
0.831563985081374,0.0,0.1038760815,0.138085349,0.0,0.0
0.7865273499176363,0.0,0.135659367,0.190975427,0.0,0.0
0.7252987090042895,0.0,0.158632962,0.2499268345,0.0,0.0
0.6756159115024407,0.0,0.2026311985,0.30994192099999995,0.0,0.0
0.6729479217149499,0.0,0.2276433715,0.345321606,0.0,0.0
0.6924528837459425,0.0,0.275790239,0.4039874975,0.0,0.0
0.7739281727481044,0.0,0.331643119,0.49177593750000004,0.0,0.0
0.8299346301063968,0.045818207,0.366195308,0.570298988,0.0,0.0
0.8458185316051391,0.111290742,0.418346123,0.603658542,0.0,0.0
0.8466184874050565,0.18129269250000002,0.408794691,0.6105401515,0.0,0.0
0.8438383245328147,0.240254488,0.4390833315,0.6468194254999999,0.0,0.0
0.8427939061789494,0.212638247,0.368795151,0.628531554,0.0,0.0
0.85094607567639,0.151608413,0.34505236,0.605584275,0.0,0.0
0.8653916386307172,0.099004085,0.363185908,0.599913832,0.0,0.0
0.8676697546033364,0.0029793375,0.3774004405,0.591258039,0.0,0.0
0.8320277189830692,0.0,0.37880176600000004,0.5772886285000001,0.0,0.0
0.7865273499176363,0.0,0.353832496,0.547721933,0.0,0.0
0.7373765456912063,0.0,0.30058013250000004,0.4621370285,0.0,0.0
0.70080978550885,0.0,0.232184213,0.33354956049999995,0.0,0.0
0.6985975742901687,0.0,0.1580240085,0.208406701,0.0,0.0
0.8102803251152216,0.0,0.1216900275,0.139921189,0.0,0.0
0.9639586951250507,0.0,0.1111155365,0.1255140125,0.0,0.0
0.9855012194576018,0.067958217,0.099981423,0.126927528,0.0,0.0
0.9821613116163709,0.146771737,0.086790311,0.124218988,0.0,0.0
0.9752891993339821,0.245100992,0.093844297,0.127273452,0.0,0.0
0.970651860837273,0.24316847749999998,0.09571447050000001,0.1267116975,0.0,0.0
0.9698731646929383,0.138091496,0.095238183,0.127577983,0.0,0.0
0.97340966686146,0.094859916,0.095749456,0.136316422,0.0,0.0
0.9815627963558634,0.02175293,0.1130567155,0.1847150705,0.0,0.0
0.96476217126066,0.0,0.130726893,0.30125764850000003,0.0,0.0
0.8576320633730785,0.0,0.14682082200000002,0.39085989499999996,0.0,0.0
0.7600734439637767,0.0,0.1648248935,0.40138696250000006,0.0,0.0
0.699660463425573,0.0,0.21865551049999998,0.424499972,0.0,0.0
0.6948682956347195,0.0,0.2479355855,0.45383924600000003,0.0,0.0
0.8044716506759538,0.0,0.27658713300000004,0.4767614155,0.0,0.0
0.9606576489894639,0.0008820235,0.3049083375,0.47596984099999995,0.0,0.0
0.9837009646594695,0.130863128,0.320730249,0.465239937,0.0,0.0
0.9793418756749183,0.252034915,0.336912811,0.438762819,0.0,0.0
0.9768385450242809,0.289939274,0.361053773,0.469569764,0.0,0.0
0.9744107431027063,0.348744858,0.306170931,0.384829852,0.0,0.0
0.9725394857638694,0.44721515749999996,0.2144184275,0.2636175435,0.0,0.0
0.9723886568410586,0.420818538,0.174936289,0.194582055,0.0,0.0
0.9744511591457722,0.340319632,0.163080082,0.174284925,0.0,0.0
0.98279032181175,0.216155033,0.159902769,0.173063208,0.0,0.0
0.9866095538250841,0.0044994255,0.169426018,0.18599076,0.0,0.0
0.9198070085278581,0.0,0.13966222350000002,0.165663659,0.0,0.0
0.8372842378324482,0.0,0.09589422,0.119836375,0.0,0.0
0.768328436813221,0.0,0.0560009385,0.069448766,0.0,0.0
0.7152993307719593,0.0,0.03297343,0.04695266,0.0,0.0
0.7188800437102574,0.0,0.028529325,0.045912154499999996,0.0,0.0
0.8241891858518404,0.0,0.0329149745,0.0666990455,0.0,0.0
0.9727693181930128,0.000911492,0.045098639499999996,0.08659158049999999,0.0,0.0
0.9935990739515383,0.079006197,0.060335928,0.094568522,0.0,0.0
0.9885366347234635,0.169991162,0.058038034,0.090482509,0.0,0.0
0.9803350880717252,0.274203578,0.055006816,0.086087082,0.0,0.0
0.9760591172696574,0.415225738,0.0753822,0.10201404,0.0,0.0
0.9726472925978222,0.375048586,0.10978595399999999,0.1256382015,0.0,0.0
0.9712016846980678,0.240787647,0.122364188,0.135511795,0.0,0.0
0.9744592972325891,0.1502663,0.138839491,0.140318698,0.0,0.0
0.9818500526119954,0.08668681,0.140964962,0.118003718,0.0,0.0
0.9860023062116211,0.005459959,0.140664855,0.097361439,0.0,0.0
0.9697106315662354,0.0,0.13750243550000002,0.0860178415,0.0,0.0
0.8609700966301653,0.0,0.141642796,0.0905143595,0.0,0.0
0.7580358359551553,0.0,0.125990746,0.12754235149999998,0.0,0.0
0.702222909584771,0.0,0.127708431,0.1730338555,0.0,0.0
0.7018059011588388,0.0,0.129816959,0.1738813495,0.0,0.0
0.8105677184925424,0.0,0.13510907900000002,0.18991027900000002,0.0,0.0
0.963998791218676,0.001040077,0.160364945,0.19630905599999998,0.0,0.0
0.9875103211973518,0.104407431,0.185359725,0.186391857,0.0,0.0
0.985496464585288,0.21609126,0.19361392,0.172975838,0.0,0.0
0.9851868514811011,0.297534357,0.165437475,0.136153512,0.0,0.0
0.9831361905014684,0.3649632525,0.1453791855,0.101657261,0.0,0.0
0.980904754223229,0.403518585,0.120860354,0.088498655,0.0,0.0
0.9831270923433684,0.314764791,0.106696567,0.087855143,0.0,0.0
0.9905522287984827,0.204117405,0.119543031,0.099527587,0.0,0.0
0.9949176269927696,0.008496163,0.150406073,0.119025021,0.0,0.0
0.9922444023716438,0.0,0.169426292,0.137325701,0.0,0.0
0.9255047672353683,0.0,0.1657152335,0.14784331950000001,0.0,0.0
0.825154920871775,0.0,0.1220828495,0.13875952000000003,0.0,0.0
0.7401088401138297,0.0,0.071649325,0.1124793335,0.0,0.0
0.7278443302821371,0.0,0.045779794,0.08351821549999999,0.0,0.0
0.7520874195658179,0.0,0.051188803000000005,0.062239826,0.0,0.0
0.8919119295227971,0.0,0.062343826,0.054828837,0.0,0.0
0.9770243951446422,0.001777855,0.06859418449999999,0.0510081395,0.0,0.0
0.9939987546441073,0.101932594,0.072112507,0.052756166,0.0,0.0
0.9896556674421714,0.199701888,0.066992717,0.059392521,0.0,0.0
0.9855605177200939,0.34308030700000003,0.0641696235,0.061825451000000003,0.0,0.0
0.98182344381796,0.413208539,0.062966202,0.051795462,0.0,0.0
0.9801732407739276,0.42084335,0.063427023,0.048951221,0.0,0.0
0.9830555868763307,0.358649548,0.06344487,0.050496285,0.0,0.0
0.9921695136901031,0.217131723,0.067417564,0.057074297,0.0,0.0
0.9955196627376098,0.01048888,0.080822528,0.076428507,0.0,0.0
0.9922444023716438,0.0,0.102797858,0.109924846,0.0,0.0
0.9252716887872312,0.0,0.1537981515,0.184512931,0.0,0.0
0.8244170066499712,0.0,0.201311235,0.27232017649999996,0.0,0.0
0.7126711170543327,0.0,0.20208744950000002,0.3267658065,0.0,0.0
0.697851682018202,0.0,0.2440195133333333,0.4275446256666666,0.0,0.0
0.7148724012378327,0.0,0.3083865295,0.5049813625,0.0,0.0
0.7898475069566044,0.001528393,0.3682959115,0.5803338094999999,0.0,0.0
0.8434713790900855,0.057788737,0.398504137,0.597476074,0.0,0.0
0.8556663494530106,0.149793632,0.397937585,0.578170541,0.0,0.0
0.8576257083819594,0.288773812,0.372089457,0.512810356,0.0,0.0
0.858784608658978,0.388146603,0.342594865,0.456552643,0.0,0.0
0.8571895434199033,0.5419032005,0.280490895,0.355568313,0.0,0.0
0.8586543992699075,0.453901693,0.240823107,0.293873105,0.0,0.0
0.8666377719150112,0.383941213,0.234181923,0.277525889,0.0,0.0
0.8792591231786665,0.207928178,0.227447948,0.282828361,0.0,0.0
0.8799632048838381,0.0123081,0.235865086,0.299771304,0.0,0.0
0.8778966793170994,0.0,0.236434071,0.310177792,0.0,0.0
0.8432095887284541,0.0,0.2147012875,0.28689160449999995,0.0,0.0
0.7990688747991853,0.0,0.175263578,0.242527523,0.0,0.0
0.7477851371771046,0.0,0.1287468795,0.20427655849999998,0.0,0.0
0.7088620119424567,0.0,0.1115768135,0.168144308,0.0,0.0
0.7036608822497212,0.0,0.0926342375,0.156304797,0.0,0.0
0.7187172362668564,0.0,0.1096052435,0.2264397515,0.0,0.0
0.7908534751913534,0.0021012775,0.167503256,0.36073503949999997,0.0,0.0
0.8457049641948469,0.077069872,0.240012766,0.47643823,0.0,0.0
0.8593835352830518,0.22083367,0.300100211,0.533225325,0.0,0.0
0.8595622075365202,0.390670918,0.326317996,0.520809473,0.0,0.0
0.8609045347906802,0.464133969,0.380035142,0.522757317,0.0,0.0
0.8600413945874346,0.412601007,0.428953788,0.573123013,0.0,0.0
0.8608805777494998,0.437919442,0.440218139,0.609560546,0.0,0.0
0.8684929816155288,0.336844685,0.45453576,0.64439802,0.0,0.0
0.8815288266734502,0.166012594,0.456791307,0.690556408,0.0,0.0
0.8831048724975898,0.013875078,0.472588143,0.759657199,0.0,0.0
0.8806680181992985,0.0,0.508383434,0.798273975,0.0,0.0
0.8442095677029078,0.0,0.5080260635,0.7851357905,0.0,0.0
0.7838219386800667,0.0,0.46734492,0.7528280985,0.0,0.0
0.7446594485295969,0.0,0.508026946,0.8056143315,0.0,0.0
0.7320293191316026,0.0,0.5211479825,0.808673505,0.0,0.0
0.754678531857127,0.0,0.47416326200000003,0.7584450155,0.0,0.0
0.8914624144566602,0.0,0.471630175,0.75063194,0.0,0.0
0.9763190331957856,0.0048543445,0.490802611,0.7636139525000001,0.0,0.0
0.9978332570527293,0.28289336,0.495748623,0.749316532,0.0,0.0
0.9928291559415426,0.449542598,0.567274502,0.734832134,0.0,0.0
0.990380414536787,0.560215558,0.477980913,0.672844332,0.0,0.0
0.9887578718465196,0.5468122255000001,0.46581444250000004,0.6447221925,0.0,0.0
0.9884098086232164,0.4468471605,0.4840737235,0.6719660190000001,0.0,0.0
0.9907193796019904,0.396629689,0.492852096,0.697993998,0.0,0.0
0.9977465726788501,0.227997223,0.450224124,0.717493673,0.0,0.0
0.9985161248837015,0.02393787,0.470974009,0.764180492,0.0,0.0
0.9786545272140099,0.0,0.49970037900000003,0.809959453,0.0,0.0
0.8712257332574227,0.0,0.508051802,0.8247706255,0.0,0.0
0.8115361510467155,0.0,0.490755617,0.820132905,0.0,0.0
0.7447756676927442,0.0,0.47184802049999996,0.8187740125,0.0,0.0
0.7324136380147579,0.0,0.4747393365,0.8329369555,0.0,0.0
0.7545035172835005,0.0,0.532204407,0.865862423,0.0,0.0
0.924760223631427,0.0,0.617676727,0.904330809,0.0,0.0
0.9941753237781169,0.010834867,0.667887652,0.918910663,0.0,0.0
0.9971778208915665,0.209481347,0.71773772,0.924602608,0.0,0.0
0.9935734710101695,0.383238145,0.784574161,0.928030768,0.0,0.0
0.991689183591013,0.487934922,0.73973399,0.911740162,0.0,0.0
0.991471832608793,0.57720169,0.770754911,0.909696424,0.0,0.0
0.9910716947712743,0.5157179245,0.7811288245,0.9112193740000001,0.0,0.0
0.9903750196169511,0.400423849,0.805305186,0.916983883,0.0,0.0
0.9930480614098254,0.283574126,0.83394237,0.920018772,0.0,0.0
0.9995574343397616,0.14029513,0.852847467,0.92221382,0.0,0.0
1.0,0.015255371,0.865507115,0.924275437,0.0,0.0
0.981358887040491,0.0,0.8733079020000001,0.928174167,0.0,0.0
0.897541657466219,0.0,0.876694234,0.924761376,0.0,0.0
0.8317193401925431,0.0,0.8641886335,0.9061442715,0.0,0.0
0.7511261651014991,0.0,0.843740727,0.8852667055,0.0,0.0
0.7390754858420141,0.0,0.822638237,0.8854971235,0.0,0.0
0.7615941233733236,0.0,0.7883068049999999,0.8775425135,0.0,0.0
0.9288346166985754,0.0,0.775552825,0.888544656,0.0,0.0
0.9998233396005054,0.013429816,0.777750093,0.90177219,0.0,0.0
0.9999226425424969,0.238097447,0.781757455,0.911175577,0.0,0.0
0.9952768916422727,0.404608067,0.833551821,0.917438923,0.0,0.0
0.9927797330801822,0.506603151,0.7958991835,0.9282154345,0.0,0.0
0.991361556998878,0.5046530355,0.8283399575,0.9240823105,0.0,0.0
0.9910863251190399,0.436630374,0.844918812,0.917254098,0.0,0.0
0.9935753911527356,0.308489674,0.833871035,0.919162724,0.0,0.0
0.9995574343397616,0.166551869,0.811094245,0.924035713,0.0,0.0
0.9995994964316571,0.023189489,0.811910073,0.927162369,0.0,0.0
0.9811229738626062,0.0,0.8227902125,0.928131665,0.0,0.0
0.8731008766627752,0.0,0.8370639805,0.925754277,0.0,0.0
0.8129378222704304,0.0,0.850882162,0.928257617,0.0,0.0
0.7342791346286142,0.0,0.8187818685,0.918080378,0.0,0.0
0.7207144967558459,0.0,0.779217334,0.9016379645,0.0,0.0
0.7421229711169122,0.0,0.7799269630000001,0.9009072225,0.0,0.0
0.9143167710341792,0.0,0.786128639,0.9122425555,0.0,0.0
0.9833458148347584,0.011933504,0.785889866,0.909361332,0.0,0.0
0.986749272884462,0.16478227,0.791433775,0.9092106,0.0,0.0
0.9857442647953166,0.302223166,0.839824801,0.908728025,0.0,0.0
0.9851702095766433,0.355538874,0.7957815530000001,0.878474948,0.0,0.0
0.9844536920572908,0.335678045,0.744934853,0.8477285175,0.0,0.0
0.9845756719454185,0.221735703,0.763592719,0.854124779,0.0,0.0
0.9854868634265342,0.14836001,0.763781548,0.86918448,0.0,0.0
0.9916386177557972,0.062198031,0.725341835,0.889655867,0.0,0.0
0.9908046009039326,0.0065715645,0.7655443655,0.915386259,0.0,0.0
0.9218057777215269,0.0,0.756376204,0.9161833655,0.0,0.0
0.8402195272805445,0.0,0.747643102,0.904726194,0.0,0.0
0.7728774450358624,0.0,0.7055158655,0.876697111,0.0,0.0
0.7240820648765214,0.0,0.6838788735,0.8127373285,0.0,0.0
0.721100438648498,0.0,0.6449003099999999,0.780402955,0.0,0.0
0.8221820956687824,0.0,0.6308499245,0.780683713,0.0,0.0
0.9653972164977177,0.0065064695,0.693140898,0.8267793564999999,0.0,0.0
0.9881044930977528,0.096829322,0.712315077,0.84034722,0.0,0.0
0.9863965919843541,0.143307134,0.75686203,0.837232559,0.0,0.0
0.9847074815276146,0.2055362805,0.768823585,0.8265973975,0.0,0.0
0.9840668128354063,0.215862667,0.7131504559999999,0.8225524905,0.0,0.0
0.9844772832933267,0.156154992,0.685381047,0.836748,0.0,0.0
0.9856608722218146,0.115960028,0.624546892,0.84430597,0.0,0.0
0.9914652490080389,0.065863483,0.588180821,0.843901163,0.0,0.0
0.9902602177443572,0.008443266,0.6019642574999999,0.8512635935,0.0,0.0
0.9211803793502861,0.0,0.6225095015,0.8428521765,0.0,0.0
0.8211586168724185,0.0,0.5989901344999999,0.805910087,0.0,0.0
0.7119129490296126,0.0,0.5257099304999999,0.726362324,0.0,0.0
0.6949095804092633,0.0,0.437129744,0.649082995,0.0,0.0
0.7040764353082677,0.0,0.37305444266666665,0.5648439033333333,0.0,0.0
0.7775226472283701,0.006814972,0.381817634,0.576076492,0.0,0.0
0.8315036352591526,0.128669033,0.375114229,0.609880809,0.0,0.0
0.8460710866874817,0.209664807,0.398669003,0.615220838,0.0,0.0
0.8471993549084397,0.298662804,0.533614869,0.618109586,0.0,0.0
0.8485165363661805,0.270401422,0.5277546545,0.5843349635,0.0,0.0
0.8481912872102024,0.225539944,0.514101457,0.5609183280000001,0.0,0.0
0.8557874149025976,0.18911107,0.478138291,0.555635478,0.0,0.0
0.8695748900915478,0.088326686,0.43189809,0.560213126,0.0,0.0
0.8713031822033721,0.032961489,0.435595677,0.586497269,0.0,0.0
0.8584760928215835,0.0,0.4418690595,0.576077443,0.0,0.0
0.8052579362737091,0.0,0.450367015,0.5728709009999999,0.0,0.0
0.7561814263140403,0.0,0.427980929,0.544139454,0.0,0.0
0.7115048330428368,0.0,0.40589732349999996,0.5197395954999999,0.0,0.0
0.6944909717902055,0.0,0.4056610905,0.523595966,0.0,0.0
0.695609387352083,0.0,0.407537197,0.5169540765,0.0,0.0
0.7379013380603994,0.0,0.428175273,0.5633486249999999,0.0,0.0
0.8003979434377109,0.03630516,0.461189124,0.619305407,0.0,0.0
0.8316347589381229,0.237657291,0.493709804,0.661464562,0.0,0.0
0.8465746423661041,0.432653269,0.61011289,0.706890836,0.0,0.0
0.8477680151329565,0.479948953,0.645156888,0.722869255,0.0,0.0
0.8479336572317848,0.5385529075,0.6118599965,0.7134982775,0.0,0.0
0.8478933783099077,0.5605768495000001,0.6005771725,0.696046084,0.0,0.0
0.8550072556863262,0.44376344,0.625807717,0.731434898,0.0,0.0
0.8694741240776196,0.282821984,0.621771793,0.76959601,0.0,0.0
0.8713122347287295,0.076608324,0.628436525,0.799858427,0.0,0.0
0.8694895773754796,0.0,0.636272043,0.817667492,0.0,0.0
0.8338150350406873,0.0,0.6572976724999999,0.8246352925,0.0,0.0
0.7895205204119916,0.0,0.648267764,0.831689805,0.0,0.0
0.7443903429569223,0.0,0.63897339,0.823142324,0.0,0.0
0.7117973013162326,0.0,0.6973180815,0.8545873165,0.0,0.0
0.7083301558625472,0.0,0.7533382,0.88477257,0.0,0.0
0.8136491277725192,0.0,0.8063645325,0.9045549024999999,0.0,0.0
0.962858133039241,0.002390488,0.814508809,0.9066000505,0.0,0.0
0.987311075265847,0.01868481,0.787918468,0.894102531,0.0,0.0
0.9859353726400047,0.030475259,0.76985953,0.879793361,0.0,0.0
0.9851189121311387,0.0646405145,0.6556124995,0.8202950314999999,0.0,0.0
0.9824849148721604,0.1239941275,0.619280243,0.806305959,0.0,0.0
0.979718788007225,0.107398183,0.630005621,0.813009666,0.0,0.0
0.9802790359025475,0.08588517,0.632367433,0.810214294,0.0,0.0
0.9849099735524336,0.044251438,0.618995997,0.807064804,0.0,0.0
0.9830209314096042,0.005932189,0.5416502705,0.791752444,0.0,0.0
0.9118563252768905,0.0,0.4453170535,0.7515226660000001,0.0,0.0
0.8092984054100995,0.0,0.34355445949999996,0.6139838280000001,0.0,0.0
0.7067969264083223,0.0,0.2189872215,0.4069141115,0.0,0.0
0.6934772311994636,0.0,0.117323042,0.23199714500000002,0.0,0.0
0.7215726534771425,0.0,0.07974178300000001,0.1406493385,0.0,0.0
0.9068958865250455,0.0,0.09712819049999999,0.145413998,0.0,0.0
0.9744890149987498,0.038455276,0.121914,0.17492744,0.0,0.0
0.9761370235091975,0.108177403,0.129210141,0.190625399,0.0,0.0
0.9718433134615592,0.170789277,0.111874509,0.182830421,0.0,0.0
0.9685921016995402,0.23023706,0.10979034,0.189511468,0.0,0.0
0.9623346894371669,0.36570690699999997,0.142540593,0.22319886649999998,0.0,0.0
0.9595083955782621,0.4308804305,0.2209455575,0.316653729,0.0,0.0
0.965382220419128,0.311372605,0.29025118,0.40838388,0.0,0.0
0.9768776809723027,0.19532794,0.370908183,0.472881314,0.0,0.0
0.9841844951448109,0.053005286,0.437493311,0.522270297,0.0,0.0
0.966683765899398,0.000780724,0.48726637250000004,0.5735831874999999,0.0,0.0
0.8570775761284162,0.0,0.5078925005,0.6275553414999999,0.0,0.0
0.7958613708806094,0.0,0.509724881,0.668289232,0.0,0.0
0.7163240897376877,0.0,0.41969601700000003,0.5986572665,0.0,0.0
0.7030857754713186,0.0,0.394113995,0.5772439899999999,0.0,0.0
0.7252495147525642,0.0,0.4027428595,0.5997043755,0.0,0.0
0.9078862642664252,0.0,0.4054016375,0.5986864715,0.0,0.0
0.9754862508062228,0.015380127,0.365685626,0.597941053,0.0,0.0
0.9795238395801229,0.061518835,0.333320768,0.575838451,0.0,0.0
0.9780505714752444,0.137125284,0.277427319,0.531735663,0.0,0.0
0.9749530689242063,0.2146001005,0.23075225300000002,0.3997566895,0.0,0.0
0.9739319217082955,0.244322586,0.18602280399999999,0.30792935499999996,0.0,0.0
0.9765275602622832,0.183219764,0.163478394,0.248250093,0.0,0.0
0.9794980538105021,0.114726295,0.157251935,0.226191187,0.0,0.0
0.986749912931984,0.058045155,0.159330633,0.228140167,0.0,0.0
0.9884550708784018,0.018357207,0.171808613,0.237224237,0.0,0.0
0.986023337108928,0.0,0.177858003,0.249085004,0.0,0.0
0.9174610904007858,0.0,0.163075886,0.235869494,0.0,0.0
0.8182601317175705,0.0,0.1422230015,0.22281672749999998,0.0,0.0
0.7265611184622173,0.0,0.136192116,0.19875134,0.0,0.0
0.7072612317597848,0.0,0.13360919100000002,0.20251077099999998,0.0,0.0
0.7063746145510004,0.0,0.1183379105,0.1970699605,0.0,0.0
0.749561274773535,0.0,0.111565366,0.182647222,0.0,0.0
0.9089561942961744,0.0,0.1088440175,0.1661200655,0.0,0.0
0.9790929781980972,0.01092737,0.111190403,0.160776023,0.0,0.0
0.9823926526758731,0.034326416,0.107652713,0.155463713,0.0,0.0
0.9815175797334207,0.079931405,0.108758385,0.148488624,0.0,0.0
0.9807056911942962,0.11894388750000001,0.1145408975,0.14051160899999998,0.0,0.0
0.9793960076272095,0.14780838400000001,0.14260066,0.1634740385,0.0,0.0
0.9773812365022844,0.155173668,0.159351444,0.177561398,0.0,0.0
0.9788999500622021,0.130505842,0.140704209,0.171435469,0.0,0.0
0.9849767241471575,0.101700668,0.117039414,0.156838162,0.0,0.0
0.986807702564117,0.047343202,0.149988447,0.175959608,0.0,0.0
0.9842889186156197,0.0,0.220816075,0.222427379,0.0,0.0
0.9142432082290659,0.0,0.27185746499999996,0.28307557149999996,0.0,0.0
0.8109524032551626,0.0,0.225332251,0.27676534399999997,0.0,0.0
0.707029159089994,0.0,0.20973480249999998,0.293122996,0.0,0.0
0.6894533811511598,0.0,0.1939534185,0.3024713155,0.0,0.0
0.7129805929630102,0.0,0.19055474449999998,0.2947207045,0.0,0.0
0.8993761104374869,0.0,0.199705332,0.345798953,0.0,0.0
0.9717230710363868,0.03227917,0.195046667,0.378121495,0.0,0.0
0.9791610088878652,0.088398422,0.177937914,0.367500846,0.0,0.0
0.9792047168799491,0.151130599,0.176844731,0.36256687,0.0,0.0
0.9795584036327234,0.192971331,0.174250298,0.379340188,0.0,0.0
0.9769771211098035,0.22157220049999998,0.16996079349999998,0.3532290315,0.0,0.0
0.9778065659176056,0.177139085,0.1543809855,0.3053840935,0.0,0.0
0.9802790359025475,0.135725784,0.11257285,0.230475356,0.0,0.0
0.986749912931984,0.12505456,0.088523281,0.175486884,0.0,0.0
0.9881118539415383,0.025055344,0.0776233105,0.1170982335,0.0,0.0
0.9215360321756508,0.0,0.0685558585,0.072735838,0.0,0.0
0.8212674752661007,0.0,0.07167003350000001,0.07436272899999999,0.0,0.0
0.7104164094894978,0.0,0.08138241900000001,0.08978348350000001,0.0,0.0
0.6927385626253202,0.0,0.09150932,0.09376543300000001,0.0,0.0
0.6934477192265667,0.0,0.12485090199999999,0.124168527,0.0,0.0
0.7327876699845746,0.0,0.2174083495,0.2209962015,0.0,0.0
0.7958687775057784,0.019751884,0.304366708,0.316051094,0.0,0.0
0.8270158912229527,0.068845516,0.33987219,0.379738601,0.0,0.0
0.8423549981242326,0.117835526,0.385653605,0.43520438,0.0,0.0
0.8440041038271522,0.160599079,0.431151155,0.47162404150000004,0.0,0.0
0.8410643796791438,0.1988009875,0.5025185945,0.5154396705,0.0,0.0
0.846921974053439,0.126937474,0.554429348,0.5849759665,0.0,0.0
0.866697664666603,0.051874134,0.632154095,0.65278445,0.0,0.0
0.8687094182335285,0.009739455999999999,0.694813322,0.747677102,0.0,0.0
0.8329660221102333,0.0,0.7353427185,0.8099892905,0.0,0.0
0.768543867504234,0.0,0.7015876860000001,0.8031601965,0.0,0.0
0.7001358330077261,0.0,0.616872419,0.753733058,0.0,0.0
0.672320923299224,0.0,0.5401724365,0.705038515,0.0,0.0
0.661464096842233,0.0,0.486047382,0.672071538,0.0,0.0
0.6795524600943553,0.0,0.489002194,0.700084785,0.0,0.0
0.7581997864467321,0.002343329,0.5185813459999999,0.725681469,0.0,0.0
0.8145445002992714,0.019077645,0.519827709,0.739571688,0.0,0.0
0.835184519722279,0.029838174,0.504719936,0.737339304,0.0,0.0
0.8375629444895559,0.049549691,0.448063949,0.699377801,0.0,0.0
0.8344861529607044,0.1021024115,0.4269953495,0.7036183345,0.0,0.0
0.8310468506890356,0.0991427,0.38033441450000005,0.689017727,0.0,0.0
0.8374838495690976,0.07580832,0.396493201,0.694233115,0.0,0.0
0.8543156097210152,0.041164037,0.445243509,0.731965868,0.0,0.0
0.8580254804886543,0.0054265335,0.587249067,0.8286458594999999,0.0,0.0
0.8226596368195083,0.0,0.7076669154999999,0.873890913,0.0,0.0
0.7568265526711727,0.0,0.682489552,0.845523988,0.0,0.0
0.6981031397346583,0.0,0.5716033460000001,0.7656423065,0.0,0.0
0.6797700853932733,0.0,0.4370067725,0.6552703335000001,0.0,0.0
0.7004416056038192,0.0,0.29149087900000004,0.499171829,0.0,0.0
0.8881039902011477,0.0,0.208913597,0.373980572,0.0,0.0
0.9589441699793366,0.023593943,0.161720192,0.279691065,0.0,0.0
0.9639030086123767,0.054718756,0.1253624,0.209913211,0.0,0.0
0.9597133565276844,0.102628794,0.092334717,0.149617203,0.0,0.0
0.9559794371560981,0.147009455,0.077274434,0.079342371,0.0,0.0
0.9519401110678835,0.17629341599999998,0.06869960150000001,0.053378236499999995,0.0,0.0
0.9488635937814096,0.1234189665,0.059714696,0.026323108499999998,0.0,0.0
0.9544817547164485,0.06345159,0.056522455,0.029437348999999998,0.0,0.0
0.9638261540068863,0.008592262,0.07330512,0.0668583735,0.0,0.0
0.9032200311022903,0.0,0.0976623295,0.1024931375,0.0,0.0
0.8240422888512492,0.0,0.099656717,0.131567219,0.0,0.0
0.7460661032352607,0.0,0.1136033135,0.1588731725,0.0,0.0
0.6860393390550481,0.0,0.17351393850000002,0.313872975,0.0,0.0
0.6804212238270722,0.0,0.2214448885,0.416019568,0.0,0.0
0.723353980348786,0.0,0.236059377,0.424434135,0.0,0.0
0.8530396672564345,0.0,0.236046528,0.420575831,0.0,0.0
0.9290958585011311,0.0,0.260418431,0.435515394,0.0,0.0
0.9631017270846725,0.007832058,0.28484765,0.451407573,0.0,0.0
0.9711586169021468,0.023452451,0.315182213,0.470003064,0.0,0.0
0.9714658524958563,0.047515174,0.32527284,0.493090889,0.0,0.0
0.9713710300351601,0.083534074,0.294306539,0.519408234,0.0,0.0
0.970193659050923,0.112269558,0.2957720765,0.5233948335,0.0,0.0
0.9700131582176552,0.131032502,0.3273283645,0.544745452,0.0,0.0
0.9750041376857552,0.078815868,0.3246665445,0.5618495370000001,0.0,0.0
0.9794168557705848,0.028279666,0.33154403,0.553422493,0.0,0.0
0.9774606058137613,0.0,0.32166609,0.510666175,0.0,0.0
0.9107114609328579,0.0,0.295784127,0.45247658300000004,0.0,0.0
0.8288559220166289,0.0,0.298017971,0.432586911,0.0,0.0
0.7531071951239178,0.0,0.23176011349999998,0.3563609295,0.0,0.0
0.6954792922678301,0.0,0.22341556499999998,0.319930711,0.0,0.0
0.6946647519758506,0.0,0.211698265,0.28942206400000003,0.0,0.0
0.8034220659375673,0.0,0.190748424,0.241455222,0.0,0.0
0.9384769706706911,0.0,0.173334864,0.203608834,0.0,0.0
0.9706145537663323,0.161622849,0.148691391,0.182383867,0.0,0.0
0.974375264611565,0.332462156,0.106854363,0.153511238,0.0,0.0
0.9728635006061868,0.477050449,0.100913392,0.129914118,0.0,0.0
0.9694151001764181,0.582010811,0.101595996,0.0944454005,0.0,0.0
0.9671800977811034,0.411124055,0.0696797715,0.0406913575,0.0,0.0
0.9668849320477897,0.268781397,0.067290899,0.040784058,0.0,0.0
0.9696142089867341,0.21466449,0.081840248,0.056441607,0.0,0.0
0.9788436235020058,0.15015368,0.106417329,0.094963636,0.0,0.0
0.9821794165184451,0.071632258,0.179914392,0.199930267,0.0,0.0
0.9652964047767265,0.0005068065,0.32863768250000003,0.358627224,0.0,0.0
0.8560224593490048,0.0,0.3150625165,0.46366962700000003,0.0,0.0
0.7923021005004665,0.0,0.286315882,0.445786065,0.0,0.0
0.7071907778524766,0.0,0.340760168,0.5089709335,0.0,0.0
0.693384466225484,0.0,0.4697798615,0.611424487,0.0,0.0
0.718667310404842,0.0,0.638165589,0.7580636835,0.0,0.0
0.8705243032307857,0.0,0.725172553,0.84058637,0.0,0.0
0.9404978681027797,0.0,0.74703145,0.861604361,0.0,0.0
0.9747467820240358,0.056829755,0.722125708,0.875549047,0.0,0.0
0.9811927877223923,0.146431759,0.794334972,0.890738452,0.0,0.0
0.9806519248241883,0.232428483,0.822068779,0.890956615,0.0,0.0
0.9798532492679557,0.2233190585,0.850186078,0.8712535085,0.0,0.0
0.978819392069807,0.2577073465,0.888617157,0.895944468,0.0,0.0
0.9789763018156795,0.232257106,0.906321971,0.90806383,0.0,0.0
0.9811134184109155,0.237619784,0.910886692,0.91914602,0.0,0.0
0.9877325184660117,0.152820595,0.91664802,0.928272223,0.0,0.0
0.988636577712977,0.076444599,0.924032254,0.932590653,0.0,0.0
0.9870553197972531,0.001803863,0.925959015,0.934095516,0.0,0.0
0.9207684916018122,0.0,0.926190618,0.935981426,0.0,0.0
0.8212271962699031,0.0,0.9230617055000001,0.9338352270000001,0.0,0.0
0.733165039610472,0.0,0.925380626,0.934070681,0.0,0.0
0.7140536090741931,0.0,0.9287502409999999,0.9358690270000001,0.0,0.0
0.7136248049559225,0.0,0.927279237,0.935451386,0.0,0.0
0.8182193041622972,0.0,0.924867937,0.9361177169999999,0.0,0.0
0.9460104625931545,0.001721495,0.920296599,0.936191355,0.0,0.0
0.981145422124787,0.097916892,0.919075741,0.936502962,0.0,0.0
0.9863322187514668,0.213658367,0.930802754,0.936915822,0.0,0.0
0.9859353726400047,0.309854616,0.931593531,0.936716444,0.0,0.0
0.9847515094691393,0.33385402799999997,0.927649795,0.9347617715000001,0.0,0.0
0.9846066698066234,0.2562912315,0.9251127379999999,0.9315352355,0.0,0.0
0.9840968963323911,0.191059432,0.921814791,0.931114812,0.0,0.0
0.985460894680021,0.172078242,0.92077516,0.932613007,0.0,0.0
0.9905281801945356,0.117759929,0.912739395,0.932847843,0.0,0.0
0.9915241359069642,0.075757386,0.903251079,0.934333833,0.0,0.0
0.9892677824419409,0.003237579,0.900652569,0.934850884,0.0,0.0
0.9211630059098599,0.0,0.903755013,0.935212191,0.0,0.0
0.8217631671002841,0.0,0.899337279,0.934777183,0.0,0.0
0.7216509711545696,0.0,0.900868946,0.935328019,0.0,0.0
0.6999675848631057,0.0,0.9023957570000001,0.9348969810000001,0.0,0.0
0.694886263415605,0.0,0.9000791475000001,0.9350564765,0.0,0.0
0.7089795569820316,0.0,0.9039096689999999,0.936227278,0.0,0.0
0.7541479103138395,0.003042683,0.904834282,0.935979192,0.0,0.0
0.8003933713936487,0.171677414,0.920793254,0.935240589,0.0,0.0
0.832365906805241,0.333229253,0.930163321,0.933978377,0.0,0.0
0.8463838087637938,0.441164438,0.930513468,0.933646026,0.0,0.0
0.847765729185246,0.5696788325,0.927144183,0.9314004220000001,0.0,0.0
0.847713563082584,0.607893461,0.9294815034999999,0.931416932,0.0,0.0
0.8488155425332676,0.442575826,0.9249578,0.928491328,0.0,0.0
0.8552715150468813,0.280224353,0.918020346,0.928697926,0.0,0.0
0.8693106308796336,0.195565594,0.908245959,0.927459251,0.0,0.0
0.8719979371408086,0.101675431,0.889062928,0.92726533,0.0,0.0
0.8700603407194554,0.002937163,0.880670359,0.924425222,0.0,0.0
0.8344794778715038,0.0,0.8775288315,0.9204645650000001,0.0,0.0
0.7899138917461839,0.0,0.864854949,0.909082477,0.0,0.0
0.7385128605105348,0.0,0.853399784,0.8979423565,0.0,0.0
0.7001305980254502,0.0,0.810045895,0.861417184,0.0,0.0
0.6942734836867965,0.0,0.7576353010000001,0.826218353,0.0,0.0
0.7086111027603028,0.0,0.714193707,0.7846504345,0.0,0.0
0.7541495104326448,0.003757901,0.682909351,0.746952461,0.0,0.0
0.8008483727937475,0.175076582,0.619166775,0.702239931,0.0,0.0
0.8301266525382661,0.377103406,0.691104078,0.656009711,0.0,0.0
0.8460454837461127,0.477859032,0.643448497,0.596211665,0.0,0.0
0.8461352769434763,0.647123567,0.622782998,0.571700506,0.0,0.0
0.8444208379363863,0.7430320619999999,0.5532905255,0.501951549,0.0,0.0
0.8430934151980493,0.6716399875,0.510510837,0.4541377035,0.0,0.0
0.8512075917213234,0.619326653,0.454975888,0.408507421,0.0,0.0
0.866547612912503,0.455678767,0.392721631,0.385650675,0.0,0.0
0.8718002456953663,0.245417194,0.357603512,0.374655871,0.0,0.0
0.8693732666495655,0.006770509,0.350453515,0.364947145,0.0,0.0
0.8344794778715038,0.0,0.29203260750000004,0.3200472915,0.0,0.0
0.7905771916031451,0.0,0.214505943,0.246745782,0.0,0.0
0.7561086407519584,0.0,0.158042389,0.177409906,0.0,0.0
0.7342356781368571,0.0,0.10280908,0.1185251745,0.0,0.0
0.7205494032160933,0.0,0.09467359,0.11099355899999999,0.0,0.0
0.7423097813828771,0.0,0.12281025,0.1689233765,0.0,0.0
0.880749764872612,0.0,0.156340222,0.231441295,0.0,0.0
0.9481032312974251,0.005476874,0.186984281,0.28900408,0.0,0.0
0.9836328424069348,0.244151745,0.204108245,0.326985365,0.0,0.0
0.9867897804902948,0.437130344,0.185795918,0.340100714,0.0,0.0
0.9817500180597152,0.612836445,0.212655296,0.341800209,0.0,0.0
0.9773788591404479,0.726450467,0.237114095,0.325015757,0.0,0.0
0.9695841711968123,0.780061758,0.315266559,0.42290581,0.0,0.0
0.964720109243085,0.6633755594999999,0.386445531,0.5772837980000001,0.0,0.0
0.9657735801966283,0.433206589,0.447655862,0.673233192,0.0,0.0
0.9742486214138901,0.256576175,0.492732121,0.707410698,0.0,0.0
0.9796555120411302,0.117152478,0.571109799,0.733180566,0.0,0.0
0.9639973739281227,0.0023940265,0.6446415544999999,0.748740812,0.0,0.0
0.853853476086766,0.0,0.6245895955,0.7608873395,0.0,0.0
0.7547774690682943,0.0,0.6516408005000001,0.7961944045,0.0,0.0
0.7022060619613697,0.0,0.7057756445,0.808304653,0.0,0.0
0.7044485623216588,0.0,0.743066529,0.8240189755,0.0,0.0
0.8131337764758786,0.0,0.7074335485,0.865521575,0.0,0.0
0.9446789250300256,0.007058705,0.677211615,0.867563341,0.0,0.0
0.9740876884059924,0.258934659,0.626899257,0.841501603,0.0,0.0
0.9748958279254692,0.471193585,0.510649062,0.795810112,0.0,0.0
0.9716853065975349,0.650181128,0.505100772,0.732639855,0.0,0.0
0.9679982956042839,0.784768485,0.363253291,0.562712059,0.0,0.0
0.9629889368430911,0.875037395,0.3202542,0.4684231995,0.0,0.0
0.9595083955782621,0.788378,0.266533131,0.4321446925,0.0,0.0
0.9625555608293991,0.624618776,0.235299116,0.41966448,0.0,0.0
0.9739127651721715,0.452311104,0.218821404,0.406152102,0.0,0.0
0.981316230533816,0.245775252,0.224406491,0.38946943,0.0,0.0
0.986023337108928,0.006595512,0.218546085,0.355621877,0.0,0.0
0.955983369152638,0.0,0.188653059,0.306052153,0.0,0.0
0.8629751295494682,0.0,0.1500611345,0.2454905965,0.0,0.0
0.8024813853742463,0.0,0.143984143,0.228693537,0.0,0.0
0.7318923888719482,0.0,0.1707530115,0.231014611,0.0,0.0
0.7187914620101832,0.0,0.216555466,0.296631391,0.0,0.0
0.7389792003837017,0.0,0.3073161365,0.4458787445,0.0,0.0
0.8772772701318331,0.0,0.360126171,0.527994778,0.0,0.0
0.9445971783567121,0.00448159,0.390569891,0.569081062,0.0,0.0
0.9740876884059924,0.08921534,0.404348817,0.600311769,0.0,0.0
0.9724685746372909,0.223579416,0.399284436,0.613826646,0.0,0.0
0.9694011556575579,0.383690958,0.491597357,0.638730918,0.0,0.0
0.9649372773970533,0.518857107,0.524897196,0.689757727,0.0,0.0
0.9588928269754098,0.5368417815,0.5864993455,0.7287313435,0.0,0.0
0.9541665637898535,0.3605358775,0.616593517,0.7677048335,0.0,0.0
0.9576338464390481,0.212337924,0.594454367,0.814082163,0.0,0.0
0.9670253826431359,0.102358325,0.598252906,0.84401367,0.0,0.0
0.9721022693164042,0.033642208,0.60960525,0.852319489,0.0,0.0
0.9728641406537089,0.005591579,0.64030676,0.854524749,0.0,0.0
0.9089384093435408,0.0,0.6730719735,0.860437211,0.0,0.0
0.8278335404870574,0.0,0.694352592,0.849904819,0.0,0.0
0.7519110791157639,0.0,0.7087898625,0.8389192175,0.0,0.0
0.6949502022455931,0.0,0.6882358945,0.7769111135,0.0,0.0
0.6894466146478334,0.0,0.581070487,0.664064962,0.0,0.0
0.7299192684010317,0.0,0.505894339,0.542712194,0.0,0.0
0.8557733332625485,0.0,0.456383098,0.458933303,0.0,0.0
0.9290958585011311,0.002138211,0.39889672,0.418653347,0.0,0.0
0.9627343243483526,0.025143697,0.337525965,0.406405733,0.0,0.0
0.9699463160601646,0.067795536,0.276147034,0.364241649,0.0,0.0
0.9714658524958563,0.119329463,0.228508865,0.283966749,0.0,0.0
0.9704416422378443,0.180328617,0.155723078,0.170277124,0.0,0.0
0.9678997241982608,0.252365864,0.1294606855,0.14829246499999998,0.0,0.0
0.9661996410735976,0.276633144,0.1140994585,0.12324083549999999,0.0,0.0
0.9670641529346542,0.219509853,0.082553474,0.093269592,0.0,0.0
0.9745763394201511,0.185992816,0.066508817,0.092583719,0.0,0.0
0.9773358827586527,0.084066376,0.059318321,0.086503599,0.0,0.0
0.9619766136172231,0.002412495,0.0571499875,0.077360337,0.0,0.0
0.854419621753937,0.0,0.0540220785,0.062409424000000005,0.0,0.0
0.7927331448593847,0.0,0.029379081,0.035302773,0.0,0.0
0.707615307134075,0.0,0.033448406,0.044769355,0.0,0.0
0.6922127644034604,0.0,0.036369988,0.056480330999999995,0.0,0.0
0.7170332007061917,0.0,0.040912975,0.078915773,0.0,0.0
0.8670691820790738,0.0,0.060014005,0.128975614,0.0,0.0
0.9356666786687221,0.005511384,0.086348486,0.18171689,0.0,0.0
0.968738221605741,0.055379163,0.093641459,0.230960254,0.0,0.0
0.974944382203993,0.104162638,0.098503142,0.269221943,0.0,0.0
0.9750007087641893,0.166166048,0.110666286,0.304548002,0.0,0.0
0.9745773452728176,0.147219342,0.122061157,0.331855001,0.0,0.0
0.9707817959839659,0.2062172515,0.163603885,0.395976562,0.0,0.0
0.9671797777573423,0.171059167,0.2407392585,0.46158149049999997,0.0,0.0
0.9684333632252273,0.130967729,0.309166333,0.517188935,0.0,0.0
0.9772698636255769,0.078292384,0.342229815,0.566061759,0.0,0.0
0.9792619578043655,0.03526028,0.39482138,0.62318586,0.0,0.0
0.9114992095282297,0.0,0.442965954,0.7001338185,0.0,0.0
0.8086189665006933,0.0,0.43740846850000004,0.7132893565,0.0,0.0
0.6893515407611309,0.0,0.413005524,0.706438905,0.0,0.0
0.6644516209907458,0.0,0.39133596400000004,0.695956256,0.0,0.0
0.6561554347808838,0.0,0.358116761,0.6735752785,0.0,0.0
0.6736529864564167,0.0,0.3235439725,0.6302487225,0.0,0.0
0.730223212194364,0.005479528,0.282345717,0.570682088,0.0,0.0
0.7778214248601424,0.043485269,0.253791215,0.532078227,0.0,0.0
0.8106281598032101,0.086603547,0.213396311,0.504505481,0.0,0.0
0.8279163844271632,0.111318691,0.181150217,0.467577363,0.0,0.0
0.8286051958113676,0.17021543,0.1484119705,0.375368218,0.0,0.0
0.8237219773215163,0.1729556415,0.1476108155,0.35630314399999996,0.0,0.0
0.8254133280189035,0.124659535,0.1367397125,0.339788133,0.0,0.0
0.8452465795802451,0.081384767,0.113781521,0.310657701,0.0,0.0
0.8514186333451668,0.05899961,0.114276059,0.296145028,0.0,0.0
0.8530045545704378,0.006781431,0.12483133,0.300501716,0.0,0.0
0.8214494392456257,0.0,0.15067207,0.32267429,0.0,0.0
0.7750610584972263,0.0,0.169501125,0.34841832,0.0,0.0
0.7134798280978976,0.0,0.1265943585,0.255429491,0.0,0.0
0.6579434366674073,0.0,0.11718898950000001,0.236461944,0.0,0.0
0.6524486500946782,0.0,0.106865492,0.2117338615,0.0,0.0
0.7043230392071476,0.0,0.09929293850000001,0.166664365,0.0,0.0
0.7772809277670828,0.008252036,0.094671883,0.14793828,0.0,0.0
0.8078543519964078,0.075680571,0.080306947,0.131777848,0.0,0.0
0.8242507701363634,0.118993445,0.071688778,0.118835881,0.0,0.0
0.8237210630316166,0.165345825,0.065861125,0.110545226,0.0,0.0
0.8231534999252512,0.227446805,0.052490688,0.100619598,0.0,0.0
0.8177560274798722,0.2860043175,0.0599533745,0.0954594045,0.0,0.0
0.8178539588383732,0.24571617150000002,0.0683180175,0.084605389,0.0,0.0
0.837437855629303,0.177953684,0.078876225,0.100562346,0.0,0.0
0.8415007731021943,0.150705079,0.090566093,0.122370839,0.0,0.0
0.8446375945781471,0.105203329,0.108643402,0.145860575,0.0,0.0
0.817694260292777,0.0063685555,0.1440993305,0.177078706,0.0,0.0
0.7569370798557351,0.0,0.17343468,0.253315191,0.0,0.0
0.7003800442099879,0.0,0.166220266,0.316863103,0.0,0.0
0.6843494513552772,0.0,0.196479985,0.36946747550000003,0.0,0.0
0.7063570810986937,0.0,0.221809395,0.36447588399999997,0.0,0.0
0.8961739100989417,0.0,0.2011303425,0.331918621,0.0,0.0
0.965839782157956,0.012589809,0.185720566,0.277533437,0.0,0.0
0.9712467641993218,0.096083668,0.163742113,0.252505589,0.0,0.0
0.9697241189401458,0.189723093,0.172878691,0.243275648,0.0,0.0
0.9651727332813473,0.27485162,0.168501493,0.229081568,0.0,0.0
0.9597897996952878,0.348641607,0.144117087,0.185470357,0.0,0.0
0.9533626762163572,0.4198162665,0.156728869,0.144084006,0.0,0.0
0.9511047226325287,0.5155341375,0.1752941495,0.1449115465,0.0,0.0
0.9581075015232581,0.447108532,0.173597407,0.16594636,0.0,0.0
0.960165066127406,0.338741828,0.157824351,0.168623362,0.0,0.0
0.9635965958944409,0.190732331,0.151538913,0.174844384,0.0,0.0
0.9371593319193596,0.01705791,0.167704716,0.185910923,0.0,0.0
0.8500261974007408,0.0,0.166421561,0.18657898750000002,0.0,0.0
0.7864176229411174,0.0,0.144942222,0.167111466,0.0,0.0
0.7128058755967736,0.0,0.13525957,0.177857021,0.0,0.0
0.6924828529381097,0.0,0.115076444,0.16471859300000002,0.0,0.0
0.6899129316303085,0.0,0.09619536249999999,0.15936338900000002,0.0,0.0
0.7975741641361518,0.0,0.08792341349999999,0.16248227650000002,0.0,0.0
0.9349165114609891,0.0,0.093189098,0.182597162,0.0,0.0
0.9721220201186669,0.013261778,0.102851248,0.203802372,0.0,0.0
0.9791610088878652,0.047659109,0.104513177,0.217447128,0.0,0.0
0.9768741147809071,0.094380657,0.102532813,0.225044185,0.0,0.0
0.9741643144018475,0.128572802,0.107565926,0.236092497,0.0,0.0
0.9715266595373478,0.210317404,0.119423406,0.246318805,0.0,0.0
0.9675047525966224,0.2408550165,0.1509176175,0.28438595,0.0,0.0
0.9676035526122806,0.30479899099999996,0.209195253,0.357693405,0.0,0.0
0.978244056681769,0.236211935,0.254026499,0.426273226,0.0,0.0
0.9798510091016285,0.165559942,0.300269378,0.488276173,0.0,0.0
0.9811016228672178,0.072024102,0.350067094,0.574602046,0.0,0.0
0.9480782684035781,0.010221527,0.402760943,0.653194915,0.0,0.0
0.8565597103487501,0.0,0.46586182649999996,0.7343369245,0.0,0.0
0.7952554948506368,0.0,0.526770491,0.789640398,0.0,0.0
0.7146710978196114,0.0,0.5930136484999999,0.809343422,0.0,0.0
0.704439372600792,0.0,0.7024632485,0.865385657,0.0,0.0
0.73090749739021,0.0,0.7484708815000001,0.880958299,0.0,0.0
0.9094726884923499,0.0,0.792239097,0.896124743,0.0,0.0
0.9800066386038163,0.030363712,0.803677594,0.904106756,0.0,0.0
0.9848546528449039,0.114375445,0.862197086,0.908826019,0.0,0.0
0.9831834189035646,0.173852554,0.884149865,0.913803957,0.0,0.0
0.9818242666937339,0.235102533,0.898428433,0.91910399,0.0,0.0
0.9797580154436933,0.30773810850000005,0.8926292364999999,0.9146556535,0.0,0.0
0.9785138937904119,0.2734452715,0.8965401225,0.920724134,0.0,0.0
0.9794548944518143,0.225787742,0.893658391,0.924667598,0.0,0.0
0.9850646887647216,0.194319402,0.882949358,0.924657106,0.0,0.0
0.9864805330426114,0.133468392,0.875591985,0.924706658,0.0,0.0
0.9851608827345878,0.073874455,0.872907014,0.924182369,0.0,0.0
0.9528491994295404,0.008138737,0.888261572,0.92477518,0.0,0.0
0.886246174454838,0.0,0.894348574,0.923650313,0.0,0.0
0.8197678724609236,0.0,0.8953276495,0.927152184,0.0,0.0
0.7261783997721876,0.0,0.869124419,0.923604052,0.0,0.0
0.7049390421385783,0.0,0.8572153025,0.9274757835,0.0,0.0
0.7005987895177491,0.0,0.833392583,0.9256994015,0.0,0.0
0.806256132152465,0.0,0.7874148355,0.912686654,0.0,0.0
0.9400334485208199,0.0,0.766074243,0.907359291,0.0,0.0
0.9754862508062228,0.009745979,0.743265767,0.89884118,0.0,0.0
0.981968740699746,0.07620219,0.691271965,0.893434104,0.0,0.0
0.9816346219209826,0.132655352,0.748483318,0.88516381,0.0,0.0
0.9807304711112506,0.159559879,0.790535141,0.884239533,0.0,0.0
0.9803639829621121,0.205262364,0.761699002,0.852594169,0.0,0.0
0.9791520479252744,0.331954388,0.745264444,0.842387562,0.0,0.0
0.9788449493784334,0.3196695165,0.6841927315,0.7866939975,0.0,0.0
0.9796332009001383,0.209861228,0.586053307,0.698754826,0.0,0.0
0.9848688258990789,0.162575626,0.501303021,0.643079527,0.0,0.0
0.9858620384445266,0.118161789,0.393279559,0.594545626,0.0,0.0
0.9832512667650809,0.068371901,0.334708281,0.603885065,0.0,0.0
0.9492557308019411,0.015494354,0.308395525,0.598102646,0.0,0.0
0.8812064121728993,0.001932541,0.300744731,0.58391179,0.0,0.0
0.8139427847268331,0.0,0.27972535200000004,0.52906842,0.0,0.0
0.7261783997721876,0.0,0.247076614,0.497008148,0.0,0.0
0.7122665214775693,0.0,0.2020784525,0.41126788400000003,0.0,0.0
0.7167829316458803,0.0,0.15903849450000002,0.296245322,0.0,0.0
0.8207038211912633,0.0,0.1527265665,0.28243847499999997,0.0,0.0
0.9483600838841705,0.0,0.142851321,0.271676197,0.0,0.0
0.9827099466476066,0.085889652,0.142338832,0.259944771,0.0,0.0
0.9853774106923929,0.313817705,0.117001985,0.257481315,0.0,0.0
0.980403118910134,0.500885795,0.11965939,0.251543779,0.0,0.0
0.9759043107918844,0.61742708,0.140127016,0.231026038,0.0,0.0
0.9707817959839659,0.6840757415000001,0.164101633,0.1815468955,0.0,0.0
0.9651472216797838,0.6387483894999999,0.168391864,0.177855281,0.0,0.0
0.965382220419128,0.563079296,0.183133018,0.21059234,0.0,0.0
0.9725120998011231,0.514134702,0.22776467,0.265579968,0.0,0.0
0.9747295001463764,0.413357263,0.276040314,0.330840941,0.0,0.0
0.9759984016422916,0.273023166,0.306908584,0.383075875,0.0,0.0
0.9469391189288223,0.046873094,0.347690659,0.42025303,0.0,0.0
0.8812064121728993,0.002034427,0.396726515,0.458118319,0.0,0.0
0.8163882800382746,0.0,0.4295556495,0.5116525255,0.0,0.0
0.6982895842697993,0.0,0.46967439899999996,0.523753373,0.0,0.0
0.6852620830919587,0.0,0.45344855250000005,0.49595427599999997,0.0,0.0
0.6858698108153836,0.0,0.511403228,0.553947854,0.0,0.0
0.7301489635603453,0.0,0.558619388,0.6403207895,0.0,0.0
0.7929224239756324,0.03311091,0.577671452,0.652769898,0.0,0.0
0.8245106404297491,0.108918561,0.628661183,0.65876756,0.0,0.0
0.8406044862855424,0.190783256,0.5987579,0.651059134,0.0,0.0
0.8424906024331391,0.244622238,0.571285149,0.637877297,0.0,0.0
0.8401932841430126,0.350864198,0.508339653,0.593209751,0.0,0.0
0.838359196976889,0.4302086315,0.4873773215,0.5602405775,0.0,0.0
0.8414613628374745,0.3718656425,0.4491142535,0.528082172,0.0,0.0
0.8595450169243458,0.246847257,0.40743297,0.530831915,0.0,0.0
0.8612719373783593,0.141703338,0.377075525,0.542853878,0.0,0.0
0.8599208319898602,0.063086722,0.339868924,0.545719911,0.0,0.0
0.8391526147344743,0.015651852,0.308825411,0.543469316,0.0,0.0
0.796709469372523,0.0010483625,0.26822711850000003,0.486250077,0.0,0.0
0.7455664337717949,0.0,0.228464271,0.418299023,0.0,0.0
0.6587419979931427,0.0,0.173886111,0.350826305,0.0,0.0
0.6232881898550735,0.0,0.1857029705,0.3555298195,0.0,0.0
0.6086607542610265,0.0,0.23551440750000002,0.3909634615,0.0,0.0
0.6149094340961239,0.0,0.307278221,0.4855522175,0.0,0.0
0.6396711664025021,0.0,0.355183877,0.553447688,0.0,0.0
0.6756557790607515,0.030490499,0.347622492,0.565957203,0.0,0.0
0.732804814889686,0.079843066,0.34216328,0.573526728,0.0,0.0
0.7693344049736496,0.152548522,0.346459385,0.564496897,0.0,0.0
0.775252897952203,0.267212573,0.356602994,0.556729821,0.0,0.0
0.7759869717402335,0.39508397900000003,0.40360336750000003,0.583493983,0.0,0.0
0.7735647476410671,0.4815846545,0.4503924465,0.678204331,0.0,0.0
0.7766566724440176,0.450712937,0.437639119,0.654731531,0.0,0.0
0.7840088403601575,0.439386351,0.432489207,0.634422245,0.0,0.0
0.7874335122840604,0.356226757,0.406445027,0.617240336,0.0,0.0
0.7880591392649365,0.245716755,0.392231558,0.599712763,0.0,0.0
0.7718692822675289,0.065223668,0.391759941,0.566187186,0.0,0.0
0.7516507974588119,0.002769465,0.37838174,0.514641266,0.0,0.0
0.7148808136413478,0.0,0.3463268195,0.442710445,0.0,0.0
0.6782295179116342,0.0,0.319584416,0.4145075575,0.0,0.0
0.654014477603234,0.0,0.29571532300000003,0.471283248,0.0,0.0
0.6636496306691242,0.0,0.28532505799999996,0.48815957249999997,0.0,0.0
0.7797439337144596,0.0,0.257722604,0.435973336,0.0,0.0
0.8757916577012201,0.136887573,0.225726452,0.372778454,0.0,0.0
0.9019822187330652,0.307821139,0.166801165,0.314522043,0.0,0.0
0.9086762074697019,0.458419006,0.126713506,0.251692043,0.0,0.0
0.9056208584246851,0.606176972,0.122024247,0.21038822,0.0,0.0
0.9010959901457962,0.718299401,0.117012446,0.200405245,0.0,0.0
0.897117013879803,0.789360693,0.0993141505,0.1719369535,0.0,0.0
0.8929656747187179,0.6332023259999999,0.075143387,0.119760229,0.0,0.0
0.8950639297569505,0.442042041,0.053327684,0.07416557,0.0,0.0
0.895144304772453,0.23640758,0.043655622,0.056195838,0.0,0.0
0.8973502752305124,0.105776844,0.043762805,0.053673693,0.0,0.0
0.8558448844366492,0.012303479499999999,0.065986642,0.0795786475,0.0,0.0
0.7657356786217235,0.0,0.1567914,0.19447159,0.0,0.0
0.6687775861039417,0.0,0.287148631,0.372885483,0.0,0.0
0.6393301668155946,0.0,0.465796,0.501157762,0.0,0.0
0.6468512229981973,0.0,0.6323836110000001,0.707579513,0.0,0.0
0.7657999602918442,0.0,0.6524550075,0.804443672,0.0,0.0
0.8650682182774998,0.006222726,0.607754545,0.794376192,0.0,0.0
0.900973004405002,0.025037387,0.556431573,0.770367389,0.0,0.0
0.9119477188160207,0.052038777,0.513185741,0.749477473,0.0,0.0
0.9110722799197829,0.071289799,0.472864385,0.733822089,0.0,0.0
0.906963917289134,0.089490351,0.393871559,0.689549401,0.0,0.0
0.9047211882448892,0.110672511,0.371971229,0.673047907,0.0,0.0
0.8988148567638186,0.10506905750000001,0.34676690600000004,0.6608510354999999,0.0,0.0
0.893174247417958,0.104978068,0.356487545,0.663962326,0.0,0.0
0.8956417339209507,0.134133117,0.376312404,0.671612321,0.0,0.0
0.8942979437434947,0.092677183,0.422920989,0.706502232,0.0,0.0
0.8933845575801534,0.051874561,0.454773999,0.746455506,0.0,0.0
0.8723390967395965,0.021394937,0.469724613,0.782231409,0.0,0.0
0.8287863368407983,0.003579079,0.459912493,0.801126221,0.0,0.0
0.7580975802515588,0.0,0.47107902700000004,0.8255262375000001,0.0,0.0
0.662567813607231,0.0,0.501745367,0.8356454879999999,0.0,0.0
0.6263930989569602,0.0,0.482414133,0.8019699865000001,0.0,0.0
0.6298902821262471,0.0,0.44870752550000004,0.7952632895,0.0,0.0
0.6902818429969874,0.0,0.492376256,0.841862697,0.0,0.0
0.7835221096372058,0.0,0.548832725,0.86333915,0.0,0.0
0.8458169772677172,0.038913039,0.563026128,0.877014318,0.0,0.0
0.8767532321892999,0.119961336,0.500715334,0.842786462,0.0,0.0
0.8840263967477481,0.368504073,0.4827925,0.772897023,0.0,0.0
0.8827440535106651,0.489991527,0.468270782,0.691103102,0.0,0.0
0.8799385163810097,0.505486341,0.374325329,0.590048043,0.0,0.0
0.874942644770766,0.463337917,0.307648599,0.510507324,0.0,0.0
0.8693025842069426,0.3603276525,0.2086408135,0.3739382095,0.0,0.0
0.8688930280389218,0.297894946,0.16900427899999998,0.28042402899999996,0.0,0.0
0.8740435232243663,0.229190087,0.157424324,0.250401353,0.0,0.0
0.877767109975551,0.129286144,0.168566229,0.257622478,0.0,0.0
0.8665942468998198,0.036828715,0.233602736,0.301354095,0.0,0.0
0.8328063693460205,0.002330081,0.3264507,0.375070005,0.0,0.0
0.7590889639199254,0.0,0.415127766,0.5261532165,0.0,0.0
0.6772173318069551,0.0,0.452261855,0.602908355,0.0,0.0
0.6386964704199767,0.0,0.411519436,0.6381678470000001,0.0,0.0
0.6242637088620135,0.0,0.3983492005,0.674568607,0.0,0.0
0.6679475010999765,0.0,0.3846121685,0.6837161375,0.0,0.0
0.7906194365232924,0.0,0.353905216,0.649262847,0.0,0.0
0.8495519023433292,0.053624976,0.348252383,0.621282368,0.0,0.0
0.8813664307422565,0.15521234,0.311916553,0.563423486,0.0,0.0
0.8904593265100811,0.247428581,0.344498822,0.531006669,0.0,0.0
0.885764381432452,0.322980403,0.340206811,0.515632604,0.0,0.0
0.8872039999975908,0.23840836650000002,0.394723461,0.573255851,0.0,0.0
0.8875439709154604,0.265601616,0.571636486,0.786667834,0.0,0.0
0.8844418049805547,0.205166427,0.745709112,0.86144416,0.0,0.0
0.8906037089533265,0.170014776,0.850369105,0.895620752,0.0,0.0
0.8937385187239463,0.164338647,0.88694946,0.929741765,0.0,0.0
0.8945422691762538,0.202180215,0.888512499,0.93443003,0.0,0.0
0.8745370205249647,0.112239238,0.889180226,0.936334789,0.0,0.0
0.8298853445148658,0.00385829,0.876538974,0.936475459,0.0,0.0
0.7613789441083172,0.0,0.8535868904999999,0.935150624,0.0,0.0
0.6794885440064179,0.0,0.821783927,0.930836413,0.0,0.0
0.6452298690631686,0.0,0.81356205,0.9296905790000001,0.0,0.0
0.6326428303517869,0.0,0.811261464,0.9288947795,0.0,0.0
0.6854001790675193,0.0,0.788710225,0.9255624920000001,0.0,0.0
0.8032769977397368,0.001195116,0.762489411,0.913764459,0.0,0.0
0.8593810665070895,0.149949593,0.700859512,0.887564216,0.0,0.0
0.8893158795309224,0.273949008,0.631046999,0.839756264,0.0,0.0
0.8965695673808447,0.514316477,0.622550428,0.804017946,0.0,0.0
0.8954948827017428,0.655238817,0.568097631,0.767785157,0.0,0.0
0.8929398888004563,0.775889058,0.475276318,0.695397896,0.0,0.0
0.8902154581479516,0.881403943,0.402817402,0.643628233,0.0,0.0
0.884051268227469,0.850400969,0.324240726,0.56145676,0.0,0.0
0.8807124576530305,0.814707323,0.251743901,0.45962805,0.0,0.0
0.8788967497056791,0.734521882,0.177151155,0.336294368,0.0,0.0
0.8809360264308601,0.552183074,0.120078936,0.222753841,0.0,0.0
0.8813611272365464,0.379894912,0.090560556,0.155413382,0.0,0.0
0.8843138815391948,0.210053142,0.076319949,0.127269144,0.0,0.0
0.8719187508062243,0.054696326,0.108572077,0.132748694,0.0,0.0
0.8044249252001907,0.0,0.239598586,0.2182298975,0.0,0.0
0.741182839112667,0.0,0.432830775,0.378621628,0.0,0.0
0.6585605825726933,0.0,0.611565655,0.586251291,0.0,0.0
0.6172285377102174,0.0,0.7144724855,0.7573471595,0.0,0.0
0.5985567924716865,0.0,0.7746326965,0.8514041195,0.0,0.0
0.6030633957623002,0.0,0.806735202,0.894829919,0.0,0.0
0.6289127972696777,0.001600776,0.83303878,0.91900574,0.0,0.0
0.6624332150766706,0.08969938,0.836743393,0.924808353,0.0,0.0
0.7129420741718188,0.217950924,0.837945593,0.928272538,0.0,0.0
0.7466898557063132,0.406884828,0.76542185,0.92551453,0.0,0.0
0.7457276411707112,0.542926036,0.744394001,0.915811087,0.0,0.0
0.7409829529849993,0.632111271,0.623868368,0.873239187,0.0,0.0
0.7386812915577275,0.709598483,0.525366097,0.831791159,0.0,0.0
0.7355681985876403,0.661369748,0.3794848045,0.7445273545,0.0,0.0
0.7328419391323748,0.526822469,0.286841127,0.654306371,0.0,0.0
0.7384403491908306,0.445577215,0.24043927,0.576929745,0.0,0.0
0.7438148704476957,0.326401833,0.229095721,0.529836079,0.0,0.0
0.7460703552555619,0.22495617,0.25989742,0.528342584,0.0,0.0
0.7441018523871296,0.075794155,0.323816823,0.534580878,0.0,0.0
0.7273261901857732,0.0013981435,0.3285109005,0.54530173,0.0,0.0
0.6724358394766357,0.0,0.287663086,0.49485777200000003,0.0,0.0
0.6157175965062925,0.0,0.23587939800000002,0.3587909335,0.0,0.0
0.5969202138484329,0.0,0.230408806,0.337199962,0.0,0.0
0.6030290145379514,0.0,0.2329877465,0.34185966300000004,0.0,0.0
0.6274218811847138,0.002106884,0.229459816,0.36093215,0.0,0.0
0.6608700164302785,0.134460595,0.215257336,0.380195534,0.0,0.0
0.6968370270384666,0.309410897,0.182025252,0.361652859,0.0,0.0
0.7282825983636522,0.457783604,0.136269379,0.337910668,0.0,0.0
0.7249202879673035,0.604530826,0.123608569,0.323951136,0.0,0.0
0.7199298112768957,0.698097748,0.110476444,0.30367215,0.0,0.0
0.7111434654225158,0.7857582505,0.09583704400000001,0.2793540095,0.0,0.0
0.7004087561234822,0.7555691204999999,0.08117956700000001,0.21659065,0.0,0.0
0.7023193551292842,0.600464273,0.076700892,0.188555066,0.0,0.0
0.7077121183350918,0.442582258,0.081690391,0.179997847,0.0,0.0
0.7171997114621772,0.267186681,0.107387935,0.199298852,0.0,0.0
0.725327649527419,0.096673322,0.139167217,0.235918143,0.0,0.0
0.7188869473347727,0.0,0.1509158895,0.269047011,0.0,0.0
0.6888503168116024,0.0,0.142149365,0.249953599,0.0,0.0
0.6605191642586109,0.0,0.1397425525,0.265084941,0.0,0.0
0.625489954074215,0.0,0.153394027,0.287854382,0.0,0.0
0.620806827430975,0.0,0.20115860600000002,0.2559768855,0.0,0.0
0.6657674308649963,0.0,0.1690491335,0.190058322,0.0,0.0
0.7856275883237145,0.002599517,0.151942288,0.140332762,0.0,0.0
0.8443043900892834,0.147580385,0.149638229,0.130437787,0.0,0.0
0.8713802654184976,0.284260916,0.122097387,0.127753581,0.0,0.0
0.8736626790441603,0.408550322,0.103897279,0.120752373,0.0,0.0
0.8677794815798553,0.485153978,0.092127008,0.130501219,0.0,0.0
0.8589746192368736,0.589597231,0.092512712,0.16189632,0.0,0.0
0.8545458536623659,0.725156855,0.103051626,0.177103127,0.0,0.0
0.847818855359191,0.6584067385,0.113078998,0.227244764,0.0,0.0
0.8452214337095055,0.647428281,0.134275141,0.309292895,0.0,0.0
0.8504138994983991,0.567894699,0.144112378,0.356859138,0.0,0.0
0.8556862832321659,0.403655322,0.148435765,0.37974834,0.0,0.0
0.8680591940896296,0.206170174,0.176615376,0.384249991,0.0,0.0
0.8636363720683539,0.069428235,0.227843278,0.399791223,0.0,0.0
0.8323467959018596,0.001984609,0.277184497,0.435570918,0.0,0.0
0.7584264870130584,0.0,0.346566821,0.524311884,0.0,0.0
0.6638987338648887,0.0,0.428689375,0.6443569499999999,0.0,0.0
0.6297144446025262,0.0,0.539569507,0.731043771,0.0,0.0
0.6343708709632844,0.0,0.6310126645,0.8104225345,0.0,0.0
0.7052213606198242,0.0,0.696082006,0.874044218,0.0,0.0
0.793439421098141,0.002307287,0.73880146,0.901558396,0.0,0.0
0.8510045966215303,0.051214598,0.770528948,0.908841105,0.0,0.0
0.8829541808446086,0.105935029,0.757616659,0.900709885,0.0,0.0
0.8920510998744583,0.192477905,0.762308817,0.892038449,0.0,0.0
0.8929089823533773,0.273982655,0.774046778,0.890812646,0.0,0.0
0.8921752742961708,0.34195276,0.771719599,0.89037978,0.0,0.0
0.888158396470137,0.406197397,0.764985799,0.8811232325,0.0,0.0
0.8799274979317027,0.4317309405,0.774588614,0.8779579955,0.0,0.0
0.8809360264308601,0.355407605,0.782333459,0.88546116,0.0,0.0
0.8813611272365464,0.280480136,0.765621062,0.893813664,0.0,0.0
0.8829527177726718,0.174569697,0.798493554,0.909613538,0.0,0.0
0.8718080179770388,0.073498701,0.821632527,0.921587537,0.0,0.0
0.8039865200718073,0.0006783015,0.8349036320000001,0.928637767,0.0,0.0
0.7090020052442122,0.0,0.8399481225000001,0.928335982,0.0,0.0
0.6438467827028489,0.0,0.8420671485,0.92455097,0.0,0.0
0.6310753797594141,0.0,0.8172349480000001,0.909154723,0.0,0.0
0.6840824032693192,0.0,0.792074044,0.9051409374999999,0.0,0.0
0.8025705385240878,0.00430643,0.785847653,0.897239451,0.0,0.0
0.858890861006868,0.151990596,0.753349502,0.885695816,0.0,0.0
0.88958535068578,0.341597194,0.759307118,0.87848121,0.0,0.0
0.8970478857746018,0.530446057,0.753408553,0.857553527,0.0,0.0
0.8954948827017428,0.689237428,0.733609236,0.832680102,0.0,0.0
0.892542494055598,0.80796909,0.651180519,0.760782196,0.0,0.0
0.8856637068326496,0.8895714994999999,0.6952025964999999,0.7920490815,0.0,0.0
0.8766820010389603,0.8239144585,0.7434268245,0.8280520014999999,0.0,0.0
0.8769571415789928,0.663291635,0.741784804,0.855373458,0.0,0.0
0.8783193111981823,0.504533858,0.715388139,0.866473543,0.0,0.0
0.8808801570899343,0.322526131,0.728526303,0.8791546,0.0,0.0
0.8719187508062243,0.136306265,0.773558181,0.897831892,0.0,0.0
0.80404097212218,0.000748561,0.7956694225000001,0.9082964535,0.0,0.0
0.7387028710884305,0.0,0.778243982,0.893577719,0.0,0.0
0.6663960066574764,0.0,0.7773241504999999,0.8899940749999999,0.0,0.0
0.6330588557414238,0.0,0.7694459155,0.8978391095,0.0,0.0
0.6390980256223693,0.0,0.7764209035,0.9062109165,0.0,0.0
0.7585147943964345,0.0020681875,0.7850771495,0.9155107945000001,0.0,0.0
0.8560640184402465,0.078831603,0.809493304,0.920977704,0.0,0.0
0.8847961317808511,0.274138065,0.786489227,0.926332253,0.0,0.0
0.8918607234914183,0.458944603,0.808068195,0.926662959,0.0,0.0
0.8862079529453566,0.581214343,0.80864502,0.921971424,0.0,0.0
0.8821550022877225,0.642873222,0.805796334,0.908198183,0.0,0.0
0.8743124916015315,0.7383284715,0.8263716720000001,0.91901186,0.0,0.0
0.8641510374617686,0.725240503,0.851528455,0.9262858805,0.0,0.0
0.8658713286822852,0.54607138,0.848787835,0.931025553,0.0,0.0
0.8696336855763475,0.40847302,0.85726134,0.933865266,0.0,0.0
0.8761608891659802,0.225879403,0.886222251,0.936122865,0.0,0.0
0.8655681163506009,0.082907655,0.890291242,0.937110864,0.0,0.0
0.8329945511954757,0.002511222,0.891900094,0.937258648,0.0,0.0
0.75787099399005,0.0,0.891616007,0.9365245255,0.0,0.0
0.6768795554226701,0.0,0.884304053,0.935173541,0.0,0.0
0.6355691586886516,0.0,0.88170635,0.93490503,0.0,0.0
0.6210714067409708,0.0,0.8801256565,0.9362873734999999,0.0,0.0
0.6622445303008822,0.0,0.871141092,0.936486446,0.0,0.0
0.7846576013577993,0.004728537,0.874701514,0.936462178,0.0,0.0
0.8455511634210994,0.06082456,0.87606728,0.936685452,0.0,0.0
0.8747102064444713,0.148940385,0.865804732,0.936043157,0.0,0.0
0.8813847186212233,0.30768842,0.82084236,0.934647847,0.0,0.0
0.879264152293358,0.507762324,0.806324365,0.931035436,0.0,0.0
0.8718498056779157,0.579974033,0.699305112,0.907854264,0.0,0.0
0.8636452416168188,0.7016696565,0.6674893245,0.8834887375,0.0,0.0
0.8534742777324281,0.620235297,0.6325521055,0.850100238,0.0,0.0
0.8543881210407193,0.466020061,0.597148447,0.833081211,0.0,0.0
0.8560567947919703,0.355716748,0.569000181,0.845975114,0.0,0.0
0.8639832008293555,0.201362332,0.60311183,0.856451061,0.0,0.0
0.8562071207884479,0.074012579,0.64370016,0.848698407,0.0,0.0
0.8063330325393387,0.0007573075,0.659791521,0.8417545145,0.0,0.0
0.6963917182112473,0.0,0.5679882265,0.7835225290000001,0.0,0.0
0.6095702770255825,0.0,0.4922536825,0.7469387765,0.0,0.0
0.5883503958775379,0.0,0.46315472700000004,0.726065375,0.0,0.0
0.5966664472688008,0.0,0.38853370200000004,0.6556118980000001,0.0,0.0
0.6196345084521212,0.007325451,0.341440519,0.602910064,0.0,0.0
0.650371608856325,0.10827756,0.314414119,0.586949509,0.0,0.0
0.6930043077255424,0.296632462,0.260935094,0.580880532,0.0,0.0
0.7289116999731572,0.441344723,0.253710435,0.553179147,0.0,0.0
0.7370046625479113,0.54691532,0.236729148,0.498777769,0.0,0.0
0.7340705161479908,0.54974146,0.192748341,0.363354575,0.0,0.0
0.7316451372953157,0.4887135775,0.1787505995,0.287383597,0.0,0.0
0.7277572573610627,0.337823505,0.16006655250000001,0.21167045750000002,0.0,0.0
0.7365763155745906,0.19592046,0.143538434,0.201078615,0.0,0.0
0.7420195991315124,0.172471673,0.130190684,0.189538971,0.0,0.0
0.7453767889990437,0.100563591,0.110491877,0.167426217,0.0,0.0
0.7383957726902303,0.058723319,0.098901553,0.158029296,0.0,0.0
0.729322261919524,0.003267458,0.099722567,0.15148031,0.0,0.0
0.7012218104528332,0.0,0.103107228,0.149705869,0.0,0.0
0.6395999124357912,0.0,0.11680932399999999,0.17307346,0.0,0.0
0.5946315595364686,0.0,0.101358931,0.1514013435,0.0,0.0
0.5903738309063047,0.0,0.084997816,0.12344370399999999,0.0,0.0
0.6125288605766455,0.00232125,0.07413747500000001,0.11006433900000001,0.0,0.0
0.6576321090652774,0.052711631,0.066473355,0.096774991,0.0,0.0
0.7036796958713925,0.093145894,0.061045515,0.093590427,0.0,0.0
0.7404356894629336,0.141742768,0.058611044,0.084729468,0.0,0.0
0.7465001193707952,0.187825019,0.053048996,0.06171292,0.0,0.0
0.7442579389599466,0.229450777,0.045521288,0.045784533,0.0,0.0
0.7407053207783125,0.271126173,0.038171911,0.0502080955,0.0,0.0
0.737249170957563,0.19355512,0.046995118,0.091592904,0.0,0.0
0.746115434756816,0.139758774,0.063688838,0.15811222,0.0,0.0
0.7489801330277742,0.097277803,0.071510297,0.170806597,0.0,0.0
0.7504708661358457,0.062748209,0.07974584,0.154559647,0.0,0.0
0.7381403830267809,0.016561168,0.101452446,0.138225677,0.0,0.0
0.7006462693458517,0.0,0.103700756,0.1380175035,0.0,0.0
0.6625564523177918,0.0,0.07642679499999999,0.1094020775,0.0,0.0
0.6266921050497269,0.0,0.0900375915,0.0995781955,0.0,0.0
0.6331522609115665,0.0,0.0984234765,0.11026857100000001,0.0,0.0
0.7020753039389029,0.0,0.114659495,0.106763788,0.0,0.0
0.793425430872218,0.006061046,0.122489877,0.123037473,0.0,0.0
0.8508747530376042,0.042834518,0.114873894,0.124166278,0.0,0.0
0.8833523070511149,0.109990434,0.101520967,0.129994136,0.0,0.0
0.8920510998744583,0.22184449,0.103001891,0.132151675,0.0,0.0
0.8835236183864773,0.402409393,0.1101408245,0.1172002835,0.0,0.0
0.8698508992887376,0.399750285,0.09175401550000001,0.0994320105,0.0,0.0
0.8597116190944571,0.378604577,0.088742011,0.093020779,0.0,0.0
0.8594875473902943,0.2686885625,0.09239820500000001,0.088171551,0.0,0.0
0.8608651244516399,0.249809287,0.097822088,0.076772251,0.0,0.0
0.8625614128495926,0.158405967,0.105595175,0.070060906,0.0,0.0
0.8562071207884479,0.059851633,0.113455813,0.080022651,0.0,0.0
0.8323780681540831,0.002703895,0.126548169,0.096767957,0.0,0.0
0.7588982675131243,0.0,0.146646343,0.12662839650000002,0.0,0.0
0.6765666047367228,0.0,0.191203437,0.186230473,0.0,0.0
0.6354150836725266,0.0,0.18330603150000002,0.2197224395,0.0,0.0
0.621475819415162,0.0,0.18177684700000002,0.260587103,0.0,0.0
0.6655122241041191,0.0,0.1623139695,0.259669024,0.0,0.0
0.7875227569966687,0.005881863,0.186618781,0.26006189,0.0,0.0
0.8475507557135035,0.064301229,0.169221869,0.299319993,0.0,0.0
0.8810999768481165,0.173878821,0.156332571,0.265632736,0.0,0.0
0.8875279690585247,0.242045536,0.179176197,0.254643452,0.0,0.0
0.8828428078192603,0.404962257,0.201914091,0.285683225,0.0,0.0
0.8743873345760094,0.485598903,0.223722595,0.269469452,0.0,0.0
0.8634562368172691,0.5647264715,0.2484463815,0.2844098315,0.0,0.0
0.8525670180992115,0.46227617249999997,0.2436621885,0.2675806985,0.0,0.0
0.8494135548674419,0.369918949,0.214768576,0.27675977,0.0,0.0
0.8488990265208955,0.220486476,0.203190382,0.298417942,0.0,0.0
0.8522532902445533,0.101873759,0.213854725,0.323291595,0.0,0.0
0.8496238648809964,0.035606817,0.269018484,0.348171105,0.0,0.0
0.829149167533056,0.004408732,0.340824668,0.41065668,0.0,0.0
0.7592256198628817,0.0,0.44358009649999997,0.531806355,0.0,0.0
0.6605131978890075,0.0,0.52030427,0.6408059495,0.0,0.0
0.6224984296286891,0.0,0.5704923260000001,0.742452603,0.0,0.0
0.626881978580754,0.0,0.547282272,0.7806218075,0.0,0.0
0.687741388103661,0.0,0.503495589,0.755281267,0.0,0.0
0.780079789881858,0.016282149,0.450784479,0.72336201,0.0,0.0
0.8323176269177358,0.103865452,0.415612201,0.685025498,0.0,0.0
0.8544516712491919,0.145170639,0.339231789,0.606451369,0.0,0.0
0.8558113719437781,0.24507422,0.248482306,0.50992988,0.0,0.0
0.8499473767969804,0.502714713,0.211741365,0.437040479,0.0,0.0
0.8465482164003204,0.746999864,0.18139548,0.301984339,0.0,0.0
0.8426545528503955,0.8100917485,0.2780238175,0.312026904,0.0,0.0
0.8352673179553218,0.6675918985,0.3274644885,0.33974490999999996,0.0,0.0
0.8331965402939616,0.593064617,0.276864119,0.327919389,0.0,0.0
0.8319034987799734,0.482857124,0.228587706,0.305691176,0.0,0.0
0.8330942199426116,0.322574734,0.191641012,0.276451602,0.0,0.0
0.8290775706518925,0.152931227,0.186020334,0.269463283,0.0,0.0
0.8212422380555557,0.00570354,0.180409139,0.263647021,0.0,0.0
0.7640242113169293,0.0,0.159819757,0.2444809605,0.0,0.0
0.6766299264842011,0.0,0.137105675,0.181931684,0.0,0.0
0.6347918113114361,0.0,0.1213882875,0.1469043425,0.0,0.0
0.6202024372893107,0.0,0.11364762049999999,0.120081153,0.0,0.0
0.6627605217193652,0.0,0.1132442615,0.107614426,0.0,0.0
0.7811194534377298,0.033202743,0.11601453,0.099044023,0.0,0.0
0.8332372307280461,0.216942812,0.115605888,0.102382805,0.0,0.0
0.8498590465229128,0.386892968,0.103852087,0.10919044,0.0,0.0
0.8472557728827619,0.558657532,0.088624884,0.119262875,0.0,0.0
0.8450647069405254,0.711649563,0.093685584,0.128483041,0.0,0.0
0.8432909696709435,0.81850181,0.09733029,0.133958683,0.0,0.0
0.8411464463018979,0.883319776,0.105970671,0.142129836,0.0,0.0
0.8359301606673332,0.890211657,0.11624641150000001,0.16543512,0.0,0.0
0.8316213174942367,0.791280863,0.140558535,0.206535998,0.0,0.0
0.8305545879250591,0.668108966,0.164821005,0.240517788,0.0,0.0
0.8296535460874525,0.514173233,0.187444926,0.278899189,0.0,0.0
0.8311747284233326,0.338665981,0.229993084,0.31545828,0.0,0.0
0.8283110360050406,0.16366434,0.306914001,0.361412458,0.0,0.0
0.8198344403017161,0.008410388,0.38567861,0.413157903,0.0,0.0
0.765212326359455,0.0,0.446898156,0.4919932945,0.0,0.0
0.6609523575183716,0.0,0.45586807149999997,0.5466337244999999,0.0,0.0
0.6226902232279621,0.0,0.4284498545,0.5402441025,0.0,0.0
0.6263351264965753,0.0,0.3948082725,0.5265078215,0.0,0.0
0.733571166708286,0.021817963,0.374055907,0.5469770185,0.0,0.0
0.829116889576807,0.227252749,0.362558138,0.594470868,0.0,0.0
0.8451950993064885,0.411854782,0.320225862,0.611119012,0.0,0.0
0.844623604352224,0.582770412,0.289326532,0.618526447,0.0,0.0
0.842440219426175,0.726800152,0.29498481,0.61791411,0.0,0.0
0.8412191404498539,0.835102123,0.279246058,0.558635434,0.0,0.0
0.8394657025416106,0.9068202009999999,0.31280169950000003,0.5653075544999999,0.0,0.0
0.8314596529503706,0.838599426,0.391261657,0.68440365,0.0,0.0
0.8298005802835529,0.680813438,0.473331361,0.744854543,0.0,0.0
0.8287771929013149,0.528426287,0.486109187,0.771003537,0.0,0.0
0.8289754331287942,0.350134122,0.494145289,0.80774102,0.0,0.0
0.8271142798750443,0.169147643,0.523119969,0.836271916,0.0,0.0
0.8182092001515306,0.009712206,0.543625841,0.852886198,0.0,0.0
0.7644131478768892,0.000548794,0.5554074090000001,0.854987206,0.0,0.0
0.6555064222085947,0.0,0.52747452,0.843304926,0.0,0.0
0.6083990552392006,0.0,0.4703091355,0.8068336460000001,0.0,0.0
0.5876064238720048,0.0,0.42241381349999996,0.7613730775,0.0,0.0
0.5962335741814422,0.0,0.41078903099999997,0.730310986,0.0,0.0
0.6175684857373953,0.051491552,0.408620549,0.716038611,0.0,0.0
0.6482869326061287,0.219894578,0.361201566,0.69448522,0.0,0.0
0.6913057790126216,0.416421832,0.305733503,0.669917129,0.0,0.0
0.7203542720350598,0.594506434,0.309383573,0.650543391,0.0,0.0
0.7207662970533634,0.739754,0.327725289,0.629291744,0.0,0.0
0.7171756172254876,0.843321901,0.248091482,0.518221019,0.0,0.0
0.7119262305359386,0.8883759419999999,0.32349255450000003,0.5534884225000001,0.0,0.0
0.7039178949226674,0.760840392,0.37309764349999996,0.5717820140000001,0.0,0.0
0.7078711768331659,0.61503402,0.346286873,0.560215125,0.0,0.0
0.7108340809279642,0.450597156,0.307818319,0.536358865,0.0,0.0
0.7183910726723376,0.313165879,0.269209702,0.502860507,0.0,0.0
0.7208156742076609,0.15459623,0.263529859,0.484816328,0.0,0.0
0.7256182889237336,0.00764622,0.257881382,0.452730269,0.0,0.0
0.7005339592142323,0.0,0.24919574949999998,0.42318584049999997,0.0,0.0
0.6413894002106227,0.0,0.2183093485,0.366016885,0.0,0.0
0.6005235351351126,0.0,0.1769371885,0.2926465795,0.0,0.0
0.5978172551660654,0.0,0.1180257145,0.1830952625,0.0,0.0
0.6185189046549793,0.0254756915,0.0764195285,0.10631138949999999,0.0,0.0
0.6608253941482948,0.178104462,0.050104927,0.051052456,0.0,0.0
0.7074422813750898,0.337051084,0.041764921,0.036526923,0.0,0.0
0.7331475289745365,0.437289486,0.041964588,0.04582999,0.0,0.0
0.7379126536427759,0.599268027,0.042256394,0.059146778,0.0,0.0
0.7329586155147925,0.724429786,0.045598056,0.060593493,0.0,0.0
0.7235915622432305,0.7547789604999999,0.0583508185,0.0808898225,0.0,0.0
0.7157112414854452,0.5829773425,0.094733137,0.121262543,0.0,0.0
0.7198078771701513,0.404787954,0.152393737,0.185375065,0.0,0.0
0.7216931246605908,0.323758025,0.207196812,0.26742474,0.0,0.0
0.726060351731959,0.232292984,0.271418009,0.365826938,0.0,0.0
0.7302926145419427,0.125532316,0.375289959,0.457955851,0.0,0.0
0.7262800344432729,0.009343154,0.471331399,0.562677746,0.0,0.0
0.7005944919390259,0.0,0.5654030655,0.7047968275000001,0.0,0.0
0.6765666047367228,0.0,0.631227135,0.820403634,0.0,0.0
0.6346994805173942,0.0,0.658095216,0.8503758674999999,0.0,0.0
0.6195759188349059,0.0,0.536345254,0.7771144955,0.0,0.0
0.660178073331898,0.0,0.4568024425,0.7482711975,0.0,0.0
0.7802145713149906,0.037735094,0.464490276,0.778303668,0.0,0.0
0.8362018721371588,0.136225663,0.474718457,0.778488647,0.0,0.0
0.8628548411942716,0.214836864,0.46100748,0.771214514,0.0,0.0
0.865986541992766,0.399876495,0.487677862,0.79428008,0.0,0.0
0.8615777100487728,0.625954673,0.587649295,0.830303086,0.0,0.0
0.858506084830122,0.7752335685,0.6683777915,0.7799233919999999,0.0,0.0
0.8536191174692642,0.844016411,0.768334318,0.813160813,0.0,0.0
0.8506562591558493,0.6899945185,0.7944407465,0.8377322155,0.0,0.0
0.8548875618945501,0.571668134,0.82129483,0.878139119,0.0,0.0
0.8608675019621171,0.428239007,0.806885402,0.900636704,0.0,0.0
0.8647870426957889,0.239995823,0.772756943,0.903342756,0.0,0.0
0.84560694142222,0.0561170015,0.6966350745000001,0.8916209820000001,0.0,0.0
0.7592264885200389,0.0,0.634499726,0.8676806515,0.0,0.0
0.6768475974901821,0.0,0.636312617,0.875883898,0.0,0.0
0.6353027963572786,0.0,0.555022517,0.83847284,0.0,0.0
0.6206889165862559,0.0,0.540969303,0.787967047,0.0,0.0
0.6612311098082219,0.0,0.5451812380000001,0.8078597185,0.0,0.0
0.780287722533576,0.007612191,0.626069135,0.771426105,0.0,0.0
0.8410728377154013,0.025088456,0.698616239,0.824461362,0.0,0.0
0.8724671115950824,0.043163693,0.741044093,0.876183198,0.0,0.0
0.8808840889378333,0.076092583,0.792222635,0.911846427,0.0,0.0
0.8806119660301207,0.203355551,0.85392391,0.927480768,0.0,0.0
0.8735812066875449,0.3556756065,0.8472835830000001,0.9268344055,0.0,0.0
0.8664045105643017,0.391226667,0.870932971,0.9349381704999999,0.0,0.0
0.8664155289392885,0.465845442,0.8442619855,0.9315327505,0.0,0.0
0.8705370132130238,0.382996562,0.789119732,0.920623498,0.0,0.0
0.8743541421812195,0.266950174,0.728773263,0.905959949,0.0,0.0
0.8636363720683539,0.124555695,0.633422473,0.883066048,0.0,0.0
0.8329945511954757,0.012176667,0.602771274,0.86441191,0.0,0.0
0.7585326022397597,0.0006644765,0.5876659915,0.8671945475,0.0,0.0
0.6770568102369441,0.0,0.526541483,0.830425491,0.0,0.0
0.6352951611224744,0.0,0.382643717,0.7102967215,0.0,0.0
0.622826764866101,0.0,0.207624741,0.47802492249999995,0.0,0.0
0.667755387402622,0.0,0.129611372,0.36673492750000003,0.0,0.0
0.7888674616126653,0.019259457,0.111270871,0.26855272,0.0,0.0
0.8495519023433292,0.053702352,0.10229988,0.222866294,0.0,0.0
0.883336853753255,0.070040538,0.120722361,0.222643712,0.0,0.0
0.8926250637533262,0.114970526,0.146083983,0.244999065,0.0,0.0
0.8934388724350167,0.214023543,0.164867917,0.304241626,0.0,0.0
0.8918148211143905,0.348323294,0.237055361,0.385191278,0.0,0.0
0.8840545600278462,0.540960408,0.339968342,0.478878893,0.0,0.0
0.8744204813380565,0.6165324050000001,0.445164998,0.5885594114999999,0.0,0.0
0.8690124476626406,0.59858838,0.564597817,0.701293602,0.0,0.0
0.8761053854815579,0.482324274,0.657115464,0.739595239,0.0,0.0
0.8763524542299386,0.371930343,0.684677312,0.81637201,0.0,0.0
0.8784262950077204,0.223820452,0.631503323,0.837336023,0.0,0.0
0.8663834795183541,0.111743758,0.541818765,0.82144568,0.0,0.0
0.8317982522847498,0.007980664,0.488039071,0.78323521,0.0,0.0
0.7586762074399738,0.0,0.4565655995,0.743487891,0.0,0.0
0.6772108852530692,0.0,0.41832154,0.657013515,0.0,0.0
0.6364958491746903,0.0,0.396862638,0.6500481629999999,0.0,0.0
0.6241940779047994,0.0,0.3897668685,0.6533249615000001,0.0,0.0
0.6682316941653665,0.0,0.34134467749999997,0.6174941005,0.0,0.0
0.7875227569966687,0.040059332,0.3234391,0.593737926,0.0,0.0
0.8462153777166012,0.093956073,0.350262062,0.589534736,0.0,0.0
0.8766046435071368,0.207373156,0.33559468,0.58328462,0.0,0.0
0.8835316192034645,0.322945353,0.321389856,0.573377111,0.0,0.0
0.8813144932492297,0.456929486,0.333672174,0.55471404,0.0,0.0
0.8787939262793549,0.6190940185,0.479563387,0.5852554875,0.0,0.0
0.873052276751509,0.653023367,0.5675355965,0.690894361,0.0,0.0
0.8701611067333835,0.567895022,0.610263513,0.700064661,0.0,0.0
0.8771163372725762,0.544329162,0.627858118,0.763276639,0.0,0.0
0.877402541820338,0.381181621,0.620636182,0.752833501,0.0,0.0
0.879142995429645,0.239283403,0.619187591,0.759880527,0.0,0.0
0.8665942468998198,0.145397323,0.625177559,0.784301518,0.0,0.0
0.8323467959018596,0.019188449,0.574980058,0.812634292,0.0,0.0
0.7592051374503301,0.001580322,0.5591498260000001,0.8161744184999999,0.0,0.0
0.6622936789941855,0.0,0.5929410749999999,0.8456946065,0.0,0.0
0.6262518254115197,0.0,0.5596165295,0.829652896,0.0,0.0
0.6315351359575063,0.0,0.5608484229999999,0.816982184,0.0,0.0
0.6964799570711893,0.0,0.55817507,0.803337822,0.0,0.0
0.7856275883237145,0.108099388,0.52248524,0.779028743,0.0,0.0
0.8454213198371733,0.225681154,0.471647126,0.758258334,0.0,0.0
0.8737425968403926,0.39828012,0.538712172,0.750290196,0.0,0.0
0.8807151094058855,0.509341013,0.461048618,0.707814758,0.0,0.0
0.8747519027312224,0.636812125,0.396498568,0.639582959,0.0,0.0
0.86893088396622,0.7578810970000001,0.2751122065,0.472170148,0.0,0.0
0.8609274860535145,0.7386097315,0.28014789,0.3967491555,0.0,0.0
0.8563674137488235,0.587507428,0.244874515,0.344297176,0.0,0.0
0.8573901609348986,0.505122486,0.196029235,0.296920088,0.0,0.0
0.8624363241379805,0.302944663,0.144161563,0.243751302,0.0,0.0
0.8639832008293555,0.149536972,0.096789216,0.199497381,0.0,0.0
0.8566142081061857,0.062051525,0.075507345,0.17138817,0.0,0.0
0.8326222107585902,0.010033815,0.066810106,0.156901684,0.0,0.0
0.7580549467842165,0.001263139,0.046864641,0.1340953915,0.0,0.0
0.6570687521978297,0.0,0.034964814,0.109975755,0.0,0.0
0.6108637071610865,0.0,0.038303062,0.0857727435,0.0,0.0
0.591252790063914,0.0,0.039812217999999996,0.0653007185,0.0,0.0
0.5992796192750951,0.0,0.0575354515,0.058749077,0.0,0.0
0.6221157107900186,0.069649422,0.067344098,0.064591967,0.0,0.0
0.6507057276350884,0.152686477,0.055592087,0.070304872,0.0,0.0
0.6930043077255424,0.330570721,0.041025145,0.066472928,0.0,0.0
0.7282991031469211,0.488317892,0.040150453,0.06097028,0.0,0.0
0.7319951208841464,0.561213237,0.040549463,0.063568231,0.0,0.0
0.7266228398679291,0.455787202,0.0522011945,0.08696504299999999,0.0,0.0
0.7188644533655291,0.37586323499999996,0.063875854,0.157602414,0.0,0.0
0.721861921364287,0.271256974,0.083466548,0.200895429,0.0,0.0
0.7311017599140862,0.236258595,0.094240742,0.231389642,0.0,0.0
0.737597737032879,0.190553581,0.105099612,0.250444837,0.0,0.0
0.7420711250380114,0.115754448,0.114575122,0.261633579,0.0,0.0
0.7372551601435375,0.056400971,0.131150961,0.270171289,0.0,0.0
0.7262056028323617,0.012414337,0.140334204,0.287969814,0.0,0.0
0.7005587391311867,0.0017689375,0.1146623465,0.25079413,0.0,0.0
0.656464567849429,0.0,0.081377182,0.177587517,0.0,0.0
0.6098184657828065,0.0,0.062087739,0.13001152,0.0,0.0
0.5888608551806757,0.0,0.0486099895,0.1455086385,0.0,0.0
0.5965041655681043,0.0,0.0507529905,0.15198760449999998,0.0,0.0
0.6214780596558097,0.081805959,0.045988187,0.141506791,0.0,0.0
0.6507057276350884,0.181461621,0.028924171,0.112166859,0.0,0.0
0.6946707411618254,0.259874268,0.027809341,0.08687187,0.0,0.0
0.7280684477676834,0.407352367,0.032376033,0.085178447,0.0,0.0
0.7370461758577699,0.528763387,0.027632237,0.077790841,0.0,0.0
0.732289143494964,0.6296789565,0.02139739,0.0415865525,0.0,0.0
0.7214742420829999,0.5027552325,0.0290063265,0.050341335,0.0,0.0
0.725427066774228,0.354067865,0.0475557945,0.071651721,0.0,0.0
0.7373043544695835,0.217734015,0.059776505,0.098024776,0.0,0.0
0.7436279686932844,0.136539776,0.097328494,0.140912887,0.0,0.0
0.737949275033452,0.071928068,0.161712264,0.212896948,0.0,0.0
0.725849127279864,0.008782264,0.230618362,0.299099261,0.0,0.0
0.7010507734341689,0.0011849155,0.27073400999999997,0.3919632085,0.0,0.0
0.6605408811334641,0.0,0.43413168150000003,0.5997033625,0.0,0.0
0.6225831479299778,0.0,0.45780935700000003,0.6153410385,0.0,0.0
0.6270213090186163,0.0,0.5819952305,0.6998292675,0.0,0.0
0.6879537098225486,0.0,0.705073438,0.814178248,0.0,0.0
0.77987185723014,0.01590608,0.767185085,0.866696443,0.0,0.0
0.8381234667758969,0.064101015,0.801128275,0.890438986,0.0,0.0
0.8683690815848348,0.089522125,0.834632594,0.906130313,0.0,0.0
0.871763487109181,0.148845635,0.871939058,0.92171662,0.0,0.0
0.8686827179510468,0.197266893,0.874265942,0.930595309,0.0,0.0
0.8647685719885704,0.231942719,0.818218367,0.915429246,0.0,0.0
0.8641863787574005,0.27809249599999997,0.794693517,0.8741943385,0.0,0.0
0.8643313098340422,0.2750806625,0.7056541515,0.764633645,0.0,0.0
0.8679885116470065,0.091699873,0.520437879,0.742918477,0.0,0.0
0.8691753922272306,0.058150504,0.45937489,0.726527688,0.0,0.0
0.8694208150754228,0.057359573,0.406794473,0.694465143,0.0,0.0
0.8602520247733909,0.044568841,0.366362784,0.671095175,0.0,0.0
0.8319816792618911,0.007395538,0.351193436,0.63316155,0.0,0.0
0.7590455303931803,0.0,0.3831064065,0.61020672,0.0,0.0
0.6620135091908205,0.0,0.387865312,0.586075935,0.0,0.0
0.6134837142684619,0.0,0.400892873,0.583071909,0.0,0.0
0.5937235226602207,0.0,0.42386664949999997,0.608521356,0.0,0.0
0.6124120012916557,0.0,0.445966586,0.635530849,0.0,0.0
0.6964264650920997,0.072674563,0.399820373,0.623120133,0.0,0.0
0.7684517425777764,0.108911273,0.406432943,0.61076747,0.0,0.0
0.8186111667918102,0.162558386,0.443449247,0.630721133,0.0,0.0
0.8387907898948831,0.244860856,0.472596223,0.639544532,0.0,0.0
0.8408723116888522,0.286023933,0.487917057,0.633058033,0.0,0.0
0.8416141578328757,0.318387875,0.371167914,0.558236327,0.0,0.0
0.8441034524762066,0.4430333305,0.330064609,0.5255899175000001,0.0,0.0
0.8390568779838785,0.3100698685,0.3735310275,0.5268968825,0.0,0.0
0.8329454482835559,0.283024791,0.45081086000000004,0.5274958919999999,0.0,0.0
0.8339117776439496,0.142880935,0.520736654,0.58502868,0.0,0.0
0.8119010390770487,0.044404806000000005,0.555295061,0.6694164060000001,0.0,0.0
0.739574949512216,0.0016136685,0.5791767815,0.7684072694999999,0.0,0.0
0.6459540902664389,0.0,0.5547402715,0.7877187155,0.0,0.0
0.6027275167042102,0.0,0.443465789,0.748741025,0.0,0.0
0.6068466236161091,0.0,0.368934263,0.660855746,0.0,0.0
0.6486453284498336,0.001493954,0.353712208,0.59051447,0.0,0.0
0.7127643165055318,0.139476033,0.363904165,0.57941575,0.0,0.0
0.7736841671904655,0.280764296,0.33892502,0.546172893,0.0,0.0
0.820133263566231,0.431010989,0.341913491,0.551306792,0.0,0.0
0.8362038838424919,0.572172203,0.396416354,0.575174928,0.0,0.0
0.8350949093531671,0.699905128,0.459098814,0.60714578,0.0,0.0
0.834354251890062,0.720669821,0.50322914,0.636346335,0.0,0.0
0.8287832735757359,0.7378313445,0.543120222,0.6604227505,0.0,0.0
0.8210039018087715,0.584521259,0.4888911165,0.644648374,0.0,0.0
0.8204971001111552,0.413399109,0.417119391,0.633064463,0.0,0.0
0.8215855007738025,0.340636578,0.380457144,0.61755769,0.0,0.0
0.821978872107995,0.252200528,0.363864152,0.619149908,0.0,0.0
0.8155945878896708,0.128599061,0.400812368,0.651938519,0.0,0.0
0.7987573414037913,0.0344384,0.465150908,0.698341458,0.0,0.0
0.7380293986229483,0.0015389405,0.5845845185,0.7692660265,0.0,0.0
0.6449086660599073,0.0,0.6649762455,0.7846831240000001,0.0,0.0
0.5976030359723421,0.0,0.5755515685,0.7230973089999999,0.0,0.0
0.5974319532466148,0.0,0.437917726,0.6585965975,0.0,0.0
0.6278503195721603,0.001364664,0.380188329,0.615224031,0.0,0.0
0.6996765339545837,0.052548194,0.385072969,0.601626077,0.0,0.0
0.7712440210917971,0.11529773,0.352762895,0.564156011,0.0,0.0
0.8196415035799469,0.209819527,0.33332382,0.524401647,0.0,0.0
0.83671237722168,0.387247212,0.355375308,0.543952066,0.0,0.0
0.8355325373128397,0.61251641,0.400315899,0.622419411,0.0,0.0
0.8355701187747988,0.792491649,0.406736548,0.611102618,0.0,0.0
0.8334342364932239,0.8302519635000001,0.49571005199999996,0.63296559,0.0,0.0
0.8264119811912501,0.759677256,0.49683577749999996,0.5805544229999999,0.0,0.0
0.8237170396209507,0.647457347,0.464313174,0.567177282,0.0,0.0
0.8223534070784652,0.547701064,0.422326887,0.555729684,0.0,0.0
0.8225980069022426,0.387633409,0.370702297,0.547483697,0.0,0.0
0.8154515771042362,0.217487913,0.317066409,0.53335851,0.0,0.0
0.7986358187349338,0.072553246,0.293156169,0.519718401,0.0,0.0
0.7396379282709212,0.000891123,0.2542594815,0.467430281,0.0,0.0
0.6640233426895003,0.0,0.22561984,0.415965733,0.0,0.0
0.6280315977227799,0.0,0.190294991,0.35484680199999996,0.0,0.0
0.6144986434658015,0.0,0.165813074,0.2515037325,0.0,0.0
0.6444843424229318,0.0011942285,0.1487237575,0.205255405,0.0,0.0
0.7228088655789215,0.125815509,0.121459882,0.220100744,0.0,0.0
0.7782616130099033,0.250963002,0.101160497,0.197048325,0.0,0.0
0.8249697565059988,0.219667333,0.088634311,0.171890107,0.0,0.0
0.8389498026115738,0.319497352,0.079055666,0.151433316,0.0,0.0
0.8382801019821101,0.583186072,0.073585229,0.128415774,0.0,0.0
0.8356285484544539,0.721718649,0.064644886,0.10800219,0.0,0.0
0.8328727999169832,0.8434322035,0.078784314,0.1297654715,0.0,0.0
0.8203959682920825,0.812801733,0.10663900949999999,0.1624797495,0.0,0.0
0.8163794105641302,0.653226262,0.118325434,0.175798607,0.0,0.0
0.8151734190805247,0.527830606,0.116470238,0.180601627,0.0,0.0
0.8152556228244676,0.371689672,0.1118609,0.171794216,0.0,0.0
0.8138143584334605,0.197038246,0.115915792,0.15905907,0.0,0.0
0.798947260716202,0.069092873,0.128821442,0.156389828,0.0,0.0
0.7389741254876268,0.0006441505,0.1443904875,0.187198179,0.0,0.0
0.6267021405370592,0.0,0.1572409585,0.2125972875,0.0,0.0
0.5827723997081995,0.0,0.16731902799999998,0.2182068625,0.0,0.0
0.5782334726799532,0.0,0.15649030149999998,0.20817865549999998,0.0,0.0
0.5796036202997586,0.0397507025,0.1151864015,0.1798836785,0.0,0.0
0.6056090170401478,0.167792097,0.081868626,0.162167321,0.0,0.0
0.6465443302446201,0.345154808,0.061191246,0.156113876,0.0,0.0
0.688815249906989,0.549746513,0.066366994,0.158093235,0.0,0.0
0.695227331600267,0.701900253,0.075918568,0.159815329,0.0,0.0
0.6944418232455429,0.829216992,0.087414987,0.141375867,0.0,0.0
0.6907789521960445,0.901794793,0.09323308,0.151625261,0.0,0.0
0.6837450611392925,0.8456804905,0.088800448,0.150106264,0.0,0.0
0.6824555171446248,0.691844153,0.08227861,0.133500635,0.0,0.0
0.6827451508369138,0.544553613,0.077041592,0.115085138,0.0,0.0
0.6841866896189392,0.378991107,0.076731633,0.10454559,0.0,0.0
0.6855152096240686,0.211616002,0.083013187,0.105187142,0.0,0.0
0.6872365979627368,0.089577051,0.091854917,0.110225848,0.0,0.0
0.6721115046105572,0.0019508885,0.1028548365,0.12473451899999999,0.0,0.0
0.6234498543246192,0.0,0.105573044,0.1369930465,0.0,0.0
0.5739263439304795,0.0,0.115671836,0.136283792,0.0,0.0
0.5679094624484753,0.0,0.11748871699999999,0.1204760025,0.0,0.0
0.571713744164603,0.001805271,0.12388520049999999,0.10800715799999999,0.0,0.0
0.5756534015800022,0.141253849,0.12063403,0.112510906,0.0,0.0
0.6025939469913284,0.283003788,0.09919278,0.12355192,0.0,0.0
0.6420380698684591,0.452663177,0.065876121,0.118732947,0.0,0.0
0.6821689010103352,0.613054763,0.060095057,0.12392616,0.0,0.0
0.6900737275170176,0.733393695,0.060804053,0.129104846,0.0,0.0
0.6909826786831651,0.815835147,0.050858886,0.10783349,0.0,0.0
0.6911172315066626,0.880860547,0.05160683,0.108537196,0.0,0.0
0.686893129599867,0.870836632,0.057738146000000004,0.09800903250000001,0.0,0.0
0.6836011130246256,0.796766273,0.064868278,0.09631682,0.0,0.0
0.6828427164645907,0.683527891,0.066336412,0.105253781,0.0,0.0
0.6827635301300065,0.54308478,0.071801417,0.119402419,0.0,0.0
0.6828220510751466,0.377270288,0.082166359,0.137380059,0.0,0.0
0.6820019330350794,0.209797909,0.106270262,0.16078752,0.0,0.0
0.682760421157881,0.092492824,0.134968094,0.183432834,0.0,0.0
0.6727420235849361,0.0010067605,0.19684013649999998,0.24544617949999997,0.0,0.0
0.6442557444560901,0.0,0.2742740105,0.3178608235,0.0,0.0
0.5997124237646991,0.0,0.317607879,0.36369601,0.0,0.0
0.5936237167918961,0.0,0.33667326249999996,0.41177500899999997,0.0,0.0
0.6123522915169565,0.0022122385,0.3475712615,0.475004373,0.0,0.0
0.6956925742066414,0.148021335,0.290242843,0.448153793,0.0,0.0
0.7643015920976096,0.288914605,0.226001822,0.399729553,0.0,0.0
0.8042524708909731,0.463073383,0.128058765,0.322416244,0.0,0.0
0.8220514748418251,0.624724685,0.106444324,0.296531991,0.0,0.0
0.8240665202834481,0.761094189,0.098783024,0.296583,0.0,0.0
0.8240076333845228,0.860242747,0.087289281,0.276347005,0.0,0.0
0.8233978254323305,0.9267994275,0.101682947,0.306589335,0.0,0.0
0.8164500930067532,0.8632674825,0.127369765,0.31425493250000003,0.0,0.0
0.8113746694054216,0.70589241,0.134970665,0.294132029,0.0,0.0
0.8091259968079447,0.557677055,0.148510697,0.28679752,0.0,0.0
0.807461254904593,0.390605954,0.173633566,0.284896787,0.0,0.0
0.8042151638200324,0.216243361,0.203523232,0.281244143,0.0,0.0
0.7977217012585853,0.100752578,0.227094668,0.267560636,0.0,0.0
0.746256022473351,0.0,0.2338295715,0.24666919599999998,0.0,0.0
0.6621351234224446,0.0,0.245641463,0.245434846,0.0,0.0
0.6132909604492649,0.0,0.25621397300000004,0.26178051999999996,0.0,0.0
0.5936793346324952,0.0,0.27223032150000004,0.304737895,0.0,0.0
0.6120965817554256,0.0025536285,0.3199782075,0.38501061049999996,0.0,0.0
0.6948661924409404,0.141393195,0.331998017,0.440429516,0.0,0.0
0.7640083465811823,0.283390719,0.30556459,0.445682304,0.0,0.0
0.8042524708909731,0.457634022,0.226094076,0.423285435,0.0,0.0
0.8221553496792376,0.616698745,0.214624111,0.410634802,0.0,0.0
0.8241084908125768,0.756313573,0.228190712,0.416910854,0.0,0.0
0.8243080111351002,0.857084518,0.243609563,0.410511906,0.0,0.0
0.8239526784821374,0.9215499570000001,0.355342541,0.5009207215,0.0,0.0
0.8185663615329339,0.89507405,0.463703407,0.57875242,0.0,0.0
0.8150196183067772,0.817212851,0.485027385,0.597038233,0.0,0.0
0.8120840546163033,0.700431665,0.490748797,0.616247416,0.0,0.0
0.8094511546241174,0.562989339,0.492311563,0.635299455,0.0,0.0
0.8071560310162166,0.397576519,0.553086496,0.674856654,0.0,0.0
0.8042151638200324,0.226413834,0.594279595,0.721516677,0.0,0.0
0.7972592018191919,0.109450966,0.638546608,0.76753886,0.0,0.0
0.7493427122940256,0.0015907595,0.669774766,0.808705703,0.0,0.0
0.6623232594905165,0.0,0.712439205,0.854122339,0.0,0.0
0.6138267026700106,0.0,0.664380311,0.844706893,0.0,0.0
0.5937926964724849,0.0,0.5746010975,0.8030353125,0.0,0.0
0.6122622238542539,0.0031734675,0.5127682575,0.7508531085,0.0,0.0
0.6945498129077474,0.151798038,0.462917538,0.722745614,0.0,0.0
0.7637297313382005,0.288623803,0.441170811,0.703867079,0.0,0.0
0.8043340347360348,0.45786359,0.356190855,0.667228037,0.0,0.0
0.8224039729136811,0.616585342,0.34827853,0.646604386,0.0,0.0
0.824184293932658,0.75053422,0.362606669,0.646255948,0.0,0.0
0.8246403925995492,0.849332375,0.398453828,0.678121401,0.0,0.0
0.8251412964509962,0.9138001495,0.5360146605,0.7703617705000001,0.0,0.0
0.8199906184372999,0.883992588,0.645453717,0.832293988,0.0,0.0
0.8164753301429778,0.804632082,0.677078832,0.848763796,0.0,0.0
0.812769848591149,0.675441345,0.68017904,0.857413213,0.0,0.0
0.8101230497871658,0.527346906,0.651250416,0.855619478,0.0,0.0
0.80745650018092,0.350999266,0.690960263,0.860795263,0.0,0.0
0.8043082488177732,0.199193662,0.703390602,0.873944583,0.0,0.0
0.7974124538109022,0.102782346,0.70865375,0.879268112,0.0,0.0
0.750190582176304,0.0,0.707543201,0.886883608,0.0,0.0
0.662422882456269,0.0,0.726818901,0.891989109,0.0,0.0
0.6138033856763523,0.0,0.6648433954999999,0.835519876,0.0,0.0
0.5938271689623187,0.0,0.586592328,0.755511798,0.0,0.0
0.5990241610138911,0.0,0.54424532,0.688733704,0.0,0.0
0.6255823076103079,0.006852004,0.501485857,0.651597387,0.0,0.0
0.6944875885757024,0.134830699,0.445108882,0.638879044,0.0,0.0
0.7637330232872185,0.257842506,0.37826623,0.629437626,0.0,0.0
0.8042524708909731,0.353699183,0.335744367,0.618495121,0.0,0.0
0.8219719227020963,0.480566516,0.322265238,0.589581993,0.0,0.0
0.8237045124669642,0.554720951,0.32634623,0.563330753,0.0,0.0
0.8240076333845228,0.627218153,0.272206676,0.523709423,0.0,0.0
0.824128790322556,0.653779003,0.2887561165,0.540184074,0.0,0.0
0.8190305068725161,0.601847419,0.273573091,0.591571612,0.0,0.0
0.8153096634369531,0.543806258,0.288309263,0.633584902,0.0,0.0
0.8117782819458897,0.37324488,0.316409431,0.636668757,0.0,0.0
0.8087957184629547,0.270105916,0.317682152,0.598997857,0.0,0.0
0.8074152611134392,0.150204802,0.334883464,0.511808154,0.0,0.0
0.8038297475957643,0.064568988,0.375892912,0.455735996,0.0,0.0
0.7976556821255096,0.031186549,0.389489827,0.419276359,0.0,0.0
0.7500112470589422,0.002347031,0.4134885645,0.47666966,0.0,0.0
0.6447586371221785,0.0,0.401902147,0.586534185,0.0,0.0
0.5970019833381176,0.0,0.47970138399999995,0.6688532995,0.0,0.0
0.5963914895570199,0.0,0.4312315675,0.6321333659999999,0.0,0.0
0.6255649341698816,0.004787561,0.378786746,0.580799739,0.0,0.0
0.6961067937585298,0.101198096,0.352741845,0.53322145,0.0,0.0
0.7655819692621021,0.227749452,0.279798265,0.479263847,0.0,0.0
0.8144457459906761,0.307318906,0.205771771,0.402248059,0.0,0.0
0.8295442763302038,0.565962195,0.173630245,0.332895236,0.0,0.0
0.8268674855176822,0.734089622,0.162171789,0.261705325,0.0,0.0
0.8254031782267536,0.836637674,0.168384931,0.217913954,0.0,0.0
0.822753316306349,0.9054755275,0.14878215849999998,0.172947271,0.0,0.0
0.8150262933959778,0.826650184,0.112132182,0.114032175,0.0,0.0
0.810500419338743,0.65416397,0.091552691,0.091003638,0.0,0.0
0.8084185318882702,0.549547019,0.079830161,0.076239954,0.0,0.0
0.8078747429948333,0.3948068,0.07531478,0.062378259,0.0,0.0
0.804544527726482,0.225180074,0.075839089,0.053634684,0.0,0.0
0.7991187091727531,0.108387149,0.081498389,0.049973488,0.0,0.0
0.7394263380136816,0.0005525,0.0813710575,0.048516094499999995,0.0,0.0
0.6420608382287213,0.0,0.069089864,0.035106935,0.0,0.0
0.5894321215253051,0.0,0.06366016699999999,0.024919233,0.0,0.0
0.5618155890911508,0.0,0.0633056325,0.0239267925,0.0,0.0
0.5629089275286843,0.0035846315,0.07776785850000001,0.048886910500000005,0.0,0.0
0.5722680485810137,0.076200162,0.098432762,0.078893232,0.0,0.0
0.6025939469913284,0.163383157,0.079579262,0.073042696,0.0,0.0
0.6421277260189543,0.315777638,0.064152628,0.057435537,0.0,0.0
0.6837609487657309,0.381660904,0.057333954,0.048694455,0.0,0.0
0.6916770221827148,0.503354959,0.046900789,0.048357433,0.0,0.0
0.6911696032539476,0.622256252,0.0528171605,0.045925486,0.0,0.0
0.6862385392051698,0.653913302,0.0697303265,0.0855033885,0.0,0.0
0.6826980824466979,0.5175961725,0.08466649600000001,0.1899048165,0.0,0.0
0.6827332637304493,0.423189567,0.08903782,0.264800859,0.0,0.0
0.6834367510208414,0.322377537,0.104633415,0.29831224,0.0,0.0
0.684521997078621,0.191758112,0.141513352,0.324624334,0.0,0.0
0.6847243519822512,0.091389645,0.188392798,0.368945546,0.0,0.0
0.6724385597529248,0.002756383,0.2144928815,0.369790422,0.0,0.0
0.6421796633633403,0.0,0.227219781,0.371274415,0.0,0.0
0.5878664082472468,0.0,0.198921022,0.323701884,0.0,0.0
0.5593346381792599,0.0,0.182996405,0.30248703200000004,0.0,0.0
0.5610755718242086,0.004556071,0.204172618,0.325756786,0.0,0.0
0.571232316873041,0.110636626,0.226986047,0.3541233,0.0,0.0
0.6024641032587614,0.228180237,0.216657666,0.356277772,0.0,0.0
0.6412989668914166,0.349046287,0.207871452,0.345474529,0.0,0.0
0.6812662134211808,0.498709568,0.232314335,0.349764853,0.0,0.0
0.6898672577885954,0.62447725,0.259574243,0.358256527,0.0,0.0
0.6915624031383726,0.739714629,0.291179271,0.357853816,0.0,0.0
0.6905273573336258,0.821450529,0.33792848799999997,0.419496975,0.0,0.0
0.6859253143511651,0.823405174,0.399754212,0.497536657,0.0,0.0
0.6848323416444557,0.703841167,0.442584332,0.558117947,0.0,0.0
0.6838947241975563,0.527727436,0.453314216,0.595208086,0.0,0.0
0.683233436045928,0.377222786,0.497716335,0.633682475,0.0,0.0
0.6826165873480318,0.21888595,0.526720217,0.667234825,0.0,0.0
0.6808662583375933,0.119988407,0.5480077,0.694674584,0.0,0.0
0.6707360306686705,0.000644418,0.549635141,0.701194855,0.0,0.0
0.6450348064055691,0.0,0.5581302505000001,0.7002874245,0.0,0.0
0.6005795415972274,0.0,0.554285386,0.699458813,0.0,0.0
0.593732392283006,0.0,0.523722629,0.666702384,0.0,0.0
0.6121895525226692,0.007403913,0.4645263595,0.6144101245,0.0,0.0
0.6944416860500338,0.165988035,0.389499998,0.561557957,0.0,0.0
0.7639328178521196,0.303653324,0.322997714,0.507398195,0.0,0.0
0.80584241552691,0.470223642,0.221348288,0.429278298,0.0,0.0
0.8227522647466194,0.62759108,0.195808396,0.361836751,0.0,0.0
0.8255920002723718,0.761672613,0.19278996,0.328783426,0.0,0.0
0.8282696139606673,0.857007547,0.189212076,0.298401902,0.0,0.0
0.830527110399546,0.9106220894999999,0.212333245,0.311792891,0.0,0.0
0.8216225793094285,0.8335268444999999,0.2269246335,0.31305299799999997,0.0,0.0
0.8161525498372825,0.681674952,0.205183103,0.303273785,0.0,0.0
0.8131033271737493,0.53898464,0.178259345,0.298599753,0.0,0.0
0.8110352471209481,0.380993507,0.162283481,0.318276577,0.0,0.0
0.8062303920899073,0.219104037,0.164598502,0.346945214,0.0,0.0
0.7988751152016421,0.121372668,0.185276043,0.38730208,0.0,0.0
0.7513475850528071,0.0007229005,0.222737198,0.37568207200000003,0.0,0.0
0.6627390791612101,0.0,0.241707174,0.388654221,0.0,0.0
0.6139686162629732,0.0,0.196501801,0.3633581,0.0,0.0
0.5936990169113237,0.0,0.14747345750000002,0.26677151450000003,0.0,0.0
0.6122619952446187,0.0067423905,0.116199151,0.16503970299999998,0.0,0.0
0.6944911546184571,0.114407858,0.108462908,0.137958034,0.0,0.0
0.7639244053742841,0.208315871,0.097123593,0.122146497,0.0,0.0
0.80584241552691,0.460924937,0.085787944,0.113029538,0.0,0.0
0.8227522647466194,0.608839185,0.080075392,0.095809328,0.0,0.0
0.824684283419885,0.740051648,0.075026287,0.074431527,0.0,0.0
0.8253911997061635,0.836823046,0.06839743,0.070743328,0.0,0.0
0.8270787099697773,0.8964976659999999,0.053280180499999996,0.056454973000000006,0.0,0.0
0.8213700699341488,0.83974502,0.039134506,0.082404025,0.0,0.0
0.8168507795519886,0.740607853,0.04007007,0.126369312,0.0,0.0
0.8139036944115539,0.641114022,0.054050049,0.166454365,0.0,0.0
0.8113657997083158,0.502544687,0.092095014,0.21692976,0.0,0.0
0.8087595085101654,0.347525096,0.120536089,0.264430406,0.0,0.0
0.8051444602032224,0.206229604,0.132262697,0.289874184,0.0,0.0
0.7985333154066913,0.108856261,0.140705702,0.293050831,0.0,0.0
0.7514988254878253,0.000881183,0.1469230345,0.2535111965,0.0,0.0
0.6627390791612101,0.0,0.161937785,0.263905172,0.0,0.0
0.6140223367773774,0.0,0.1906960735,0.2543368285,0.0,0.0
0.5937392273840871,0.0,0.259601553,0.3086045835,0.0,0.0
0.612342393150813,0.008638642,0.30776778400000004,0.354480873,0.0,0.0
0.6945211009942531,0.144200221,0.31494655,0.355858522,0.0,0.0
0.7638739309531942,0.24338915,0.260618943,0.337043833,0.0,0.0
0.807183279857774,0.420215127,0.212158436,0.344486515,0.0,0.0
0.8231370409233656,0.51403098,0.213253312,0.384781104,0.0,0.0
0.8266479400018775,0.617929906,0.236146455,0.427230675,0.0,0.0
0.8296732055499096,0.769803745,0.2720015285,0.46994100699999997,0.0,0.0
0.8253741006567558,0.817236226,0.33869538099999996,0.49683542150000004,0.0,0.0
0.818218344091014,0.746613735,0.405979566,0.510395004,0.0,0.0
0.8149279962323325,0.663157756,0.433720934,0.514768682,0.0,0.0
0.8110314066871748,0.533616578,0.427522835,0.510609893,0.0,0.0
0.8078343268031265,0.39080061,0.410710683,0.516700759,0.0,0.0
0.8047714798674556,0.226269395,0.402392711,0.549771816,0.0,0.0
0.797617826272532,0.126411622,0.405820822,0.574866985,0.0,0.0
0.7503778038801556,0.0013464115,0.3989973835,0.5607329475,0.0,0.0
0.6447412636817522,0.0,0.38294673850000005,0.526991208,0.0,0.0
0.5969061093920125,0.0,0.29408365049999996,0.46042853,0.0,0.0
0.5958876825267114,0.0,0.25356887699999997,0.495022889,0.0,0.0
0.6251391019025474,0.020671346,0.210566387,0.484022607,0.0,0.0
0.6956751549848319,0.150040595,0.178663482,0.452411275,0.0,0.0
0.7643984262636385,0.281669735,0.178186409,0.422135402,0.0,0.0
0.8062293862372408,0.375240103,0.195345899,0.407139107,0.0,0.0
0.8220741517879613,0.552661864,0.210718447,0.418219402,0.0,0.0
0.8234523231897661,0.714888703,0.226508901,0.45830563,0.0,0.0
0.8235872874511504,0.842866548,0.225394669,0.516078527,0.0,0.0
0.8226931036053164,0.911233967,0.2320992305,0.5229348705,0.0,0.0
0.8151187384205169,0.8205937395,0.2594631465,0.5536554725,0.0,0.0
0.8105087402538116,0.637301738,0.270452476,0.604366911,0.0,0.0
0.8088698756828473,0.54863847,0.295631978,0.607963981,0.0,0.0
0.8071529220440913,0.378357356,0.320760516,0.544022843,0.0,0.0
0.8037047501496372,0.220196818,0.320164833,0.472374921,0.0,0.0
0.7976869543777331,0.127253781,0.325868669,0.46104508,0.0,0.0
0.7493081711321167,0.001974041,0.33636898800000004,0.48464489,0.0,0.0
0.6621596290970212,0.0,0.281032318,0.428065644,0.0,0.0
0.6137508766592377,0.0,0.271437288,0.3855747515,0.0,0.0
0.5933555714391455,0.0,0.2677313065,0.363742891,0.0,0.0
0.6121180471299519,0.0091731045,0.267585299,0.38273603349999996,0.0,0.0
0.6948661924409404,0.108633881,0.245999306,0.420900555,0.0,0.0
0.7641863786384878,0.217890862,0.221246192,0.437331973,0.0,0.0
0.805055124225129,0.359404877,0.228762428,0.413537598,0.0,0.0
0.8220553152755984,0.484940748,0.22573553,0.362264888,0.0,0.0
0.82337295402693,0.54513035,0.222188691,0.312746995,0.0,0.0
0.8234077923219083,0.5371062865,0.202651736,0.261917604,0.0,0.0
0.8190058182953672,0.524522709,0.168344812,0.25788376,0.0,0.0
0.8119695270604075,0.509081179,0.1527556135,0.30584373750000005,0.0,0.0
0.8082463518214302,0.395409994,0.122221212,0.314449149,0.0,0.0
0.8067028583445581,0.271837532,0.101143567,0.27131942,0.0,0.0
0.8042601519071605,0.164052393,0.088461588,0.218576282,0.0,0.0
0.7975198949883513,0.088883514,0.088605245,0.181034362,0.0,0.0
0.7467965423827818,0.00173854,0.0885632445,0.170670306,0.0,0.0
0.642204397647552,0.0,0.077969704,0.157933697,0.0,0.0
0.5879154424870916,0.0,0.06374068499999999,0.1167493665,0.0,0.0
0.5594935366654534,0.0,0.062633474,0.08399365449999999,0.0,0.0
0.560945773873025,0.0120751265,0.055232574,0.0614509295,0.0,0.0
0.571232316873041,0.13464182,0.047823478,0.047731517,0.0,0.0
0.6027229219180973,0.239756543,0.03901302,0.04041399,0.0,0.0
0.6419139410794892,0.356604723,0.039758089,0.035864433,0.0,0.0
0.6823145636972656,0.511998161,0.043688473,0.031836988,0.0,0.0
0.69009059795679,0.660705442,0.050219118,0.027487459,0.0,0.0
0.6910865078878353,0.743239116,0.051167025,0.028648741,0.0,0.0
0.6900010104783698,0.755038129,0.060107794000000006,0.0360526115,0.0,0.0
0.6839008964347439,0.6288520965,0.069214233,0.0521505745,0.0,0.0
0.682641367264986,0.537123979,0.073521123,0.04912638,0.0,0.0
0.6830088614154318,0.414780856,0.072151595,0.04464118,0.0,0.0
0.6828111698213487,0.325701611,0.072116066,0.051211621,0.0,0.0
0.6821802852647867,0.189339039,0.074961669,0.05745851,0.0,0.0
0.6822089513968977,0.117709363,0.082738891,0.060659033,0.0,0.0
0.6717478967495886,0.001587619,0.092599471,0.06474651000000001,0.0,0.0
0.641946813450518,0.0,0.095428792,0.079637797,0.0,0.0
0.5876902049927021,0.0,0.089707165,0.09337469649999999,0.0,0.0
0.5606417614076176,0.0,0.076520583,0.09606962050000001,0.0,0.0
0.5630691747076766,0.0163119555,0.065369334,0.07658875600000001,0.0,0.0
0.571232316873041,0.168043659,0.063661753,0.054089971,0.0,0.0
0.6022008498995137,0.303982522,0.061108726,0.048412389,0.0,0.0
0.6399348769810201,0.451147229,0.05849866,0.051263926,0.0,0.0
0.6810802261053102,0.616875776,0.063313094,0.054334993,0.0,0.0
0.6907132073796667,0.7534603,0.066365631,0.052424762,0.0,0.0
0.6916801767875825,0.859480837,0.068525267,0.056578553,0.0,0.0
0.6904789401762909,0.8562128410000001,0.0729931785,0.065922354,0.0,0.0
0.6847791013143341,0.7073260134999999,0.0934333835,0.09347956900000001,0.0,0.0
0.682884321188575,0.647829428,0.12924579,0.11602763,0.0,0.0
0.6828376415685158,0.525727019,0.149997529,0.12432312,0.0,0.0
0.6829644219616999,0.401679617,0.148838202,0.130291128,0.0,0.0
0.6820531390664581,0.249849887,0.135837105,0.137307027,0.0,0.0
0.6819037731412637,0.146749681,0.143457977,0.162101976,0.0,0.0
0.6723230949421172,0.005881595,0.194265941,0.221301114,0.0,0.0
0.6620885350678704,0.0,0.269969717,0.275713604,0.0,0.0
0.613314368857049,0.0,0.2727611555,0.30906826649999997,0.0,0.0
0.5939111101692169,0.0,0.2322343855,0.293363606,0.0,0.0
0.6128617906001703,0.0193837905,0.2212851205,0.2581349095,0.0,0.0
0.6956737834756618,0.170297756,0.22515565,0.267069591,0.0,0.0
0.7642210798865977,0.288188923,0.187723168,0.279222034,0.0,0.0
0.8048845900584775,0.415212443,0.205685435,0.300616553,0.0,0.0
0.8219732943599072,0.490030827,0.222659294,0.3231151,0.0,0.0
0.8234523231897661,0.544021593,0.238711487,0.35029579,0.0,0.0
0.8238360020997197,0.572737282,0.25858569,0.363982748,0.0,0.0
0.8227184780113707,0.598888392,0.307707907,0.386976253,0.0,0.0
0.8170104323162013,0.587514314,0.341115007,0.385679292,0.0,0.0
0.8136064256331016,0.514911319,0.355903668,0.376417426,0.0,0.0
0.8109502086472574,0.46671899,0.378080998,0.379080991,0.0,0.0
0.8087537479338259,0.362840332,0.393861186,0.390936511,0.0,0.0
0.8071529220440913,0.231207389,0.377006785,0.413327787,0.0,0.0
0.8038297475957643,0.147633987,0.378599946,0.44171402,0.0,0.0
0.7975695463850266,0.081341499,0.381700653,0.463266275,0.0,0.0
0.7493018846644318,0.005331549,0.3820553765,0.475104005,0.0,0.0
0.6623232594905165,0.0,0.433437068,0.524617987,0.0,0.0
0.6138256968173441,0.0,0.343129014,0.43352134,0.0,0.0
0.5937348383169176,0.0,0.269132453,0.34257640349999996,0.0,0.0
0.612170807573073,0.017535433,0.2715002285,0.3252880125,0.0,0.0
0.6944911546184571,0.150312652,0.238179333,0.308299515,0.0,0.0
0.7636878522231977,0.271466491,0.151457989,0.265995361,0.0,0.0
0.8043792970655406,0.437120213,0.116887125,0.210534384,0.0,0.0
0.8224039729136811,0.582121113,0.101144148,0.159290724,0.0,0.0
0.8241084908125768,0.723928608,0.094327529,0.131997844,0.0,0.0
0.8242272703144533,0.8169340675000001,0.095339971,0.1194437095,0.0,0.0
0.8232134840909691,0.801823651,0.086776688,0.099623896,0.0,0.0
0.8185109494112782,0.681973704,0.066421139,0.091691371,0.0,0.0
0.8150258362510279,0.621584357,0.053002804,0.102755897,0.0,0.0
0.8120840546163033,0.574970984,0.049010465,0.128992667,0.0,0.0
0.8097664368905179,0.462052795,0.049975627,0.159491919,0.0,0.0
0.8075874410316384,0.305505144,0.055074813,0.183256863,0.0,0.0
0.8046939394330599,0.208694053,0.061534259,0.196474003,0.0,0.0
0.7977763819185931,0.127794736,0.071601612,0.188112271,0.0,0.0
0.7499028001774675,0.0028732925,0.0762410945,0.1395952395,0.0,0.0
0.6447866175740249,0.0,0.0707254625,0.079302242,0.0,0.0
0.5967220194023369,0.0,0.061366809,0.048080261,0.0,0.0
0.5958374367152566,0.0,0.050293359499999996,0.0369453565,0.0,0.0
0.6255078303666539,0.049458158,0.047336528,0.047042504,0.0,0.0
0.6944366111539587,0.180785883,0.048245205,0.055386008,0.0,0.0
0.7641250229636,0.316321171,0.047157314,0.047747619,0.0,0.0
0.8072178439103747,0.463019499,0.045169111,0.038568374,0.0,0.0
0.8230128665016532,0.616534324,0.046542468,0.038565404,0.0,0.0
0.825659939548014,0.744602576,0.047979294,0.038305831,0.0,0.0
0.8275635205501627,0.8479486,0.041070845,0.034826073,0.0,0.0
0.8276018336224107,0.8963169,0.046780317,0.050020217,0.0,0.0
0.8202076035400551,0.7194615955,0.062743208,0.105804437,0.0,0.0
0.8149479300114878,0.576420015,0.083872432,0.15737734,0.0,0.0
0.8130622710831613,0.481743433,0.089776901,0.178549666,0.0,0.0
0.8096104417318266,0.374399584,0.09333055,0.197681239,0.0,0.0
0.8060246538231332,0.235835318,0.103738625,0.217378729,0.0,0.0
0.7985333154066913,0.139143069,0.11614263,0.235738593,0.0,0.0
0.7511383722317244,0.0039174505,0.138261272,0.2502517225,0.0,0.0
0.6450027112032515,0.0,0.12963625,0.2345978915,0.0,0.0
0.5970187167310217,0.0,0.146561222,0.1947021025,0.0,0.0
0.5963975017823272,0.0,0.1777123525,0.180893004,0.0,0.0
0.6255252495884635,0.054690433,0.200033749,0.201618914,0.0,0.0
0.6944908345946962,0.18215935,0.190602972,0.214384204,0.0,0.0
0.7639685705856385,0.318115224,0.154540336,0.215780495,0.0,0.0
0.8070847997915565,0.481387717,0.151911614,0.215251016,0.0,0.0
0.8228760733631876,0.638873447,0.181533997,0.220961566,0.0,0.0
0.8255920002723718,0.773277386,0.223005818,0.229590719,0.0,0.0
0.8272616797276484,0.871396434,0.244297315,0.233753723,0.0,0.0
0.8275531422226983,0.936264843,0.298987695,0.25994556199999996,0.0,0.0
0.8201375154378912,0.8717478105,0.3414532305,0.287843454,0.0,0.0
0.8143294352647621,0.722815585,0.342454938,0.292636547,0.0,0.0
0.8113657997083158,0.57911927,0.334625339,0.309708955,0.0,0.0
0.808527618817267,0.419581413,0.305839645,0.326480029,0.0,0.0
0.8046897331941422,0.256737861,0.300430934,0.351088092,0.0,0.0
0.7981750567584956,0.15084205,0.326913698,0.381002134,0.0,0.0
0.7512425214601557,0.004507897,0.385312901,0.42269477,0.0,0.0
0.6625560636219556,0.0,0.501885791,0.538948321,0.0,0.0
0.6139686162629732,0.0,0.451075848,0.5179076844999999,0.0,0.0
0.593670899412609,0.0,0.42906769,0.46181117250000003,0.0,0.0
0.6122443931945574,0.0296944555,0.3836591585,0.41901493300000003,0.0,0.0
0.6944908345946962,0.184887081,0.348385097,0.392221219,0.0,0.0
0.7639328178521196,0.317556431,0.278914538,0.366144491,0.0,0.0
0.80584241552691,0.471573103,0.266569084,0.346899134,0.0,0.0
0.8227522647466194,0.610775704,0.259638234,0.32909532,0.0,0.0
0.8246403925995492,0.747477738,0.241709044,0.293653073,0.0,0.0
0.8261110091002135,0.82857433,0.23227555,0.276693877,0.0,0.0
0.8270852935705315,0.8895247955,0.21571562,0.28289014749999997,0.0,0.0
0.8200046085889028,0.816536443,0.225954626,0.35354186200000004,0.0,0.0
0.8141159248649563,0.679301913,0.223752463,0.412638289,0.0,0.0
0.8120246190839816,0.533555619,0.211933228,0.425579287,0.0,0.0
0.8089096516783914,0.374372008,0.188505557,0.421599343,0.0,0.0
0.8048231429694638,0.230830008,0.169688166,0.397495616,0.0,0.0
0.798265581566148,0.120776376,0.179894432,0.372257669,0.0,0.0
0.7511256621751659,0.007366762,0.1948982025,0.35194793,0.0,0.0
0.6421671362093538,0.0,0.225557296,0.378813048,0.0,0.0
0.5881802046996596,0.0,0.17355561549999998,0.3067278845,0.0,0.0
0.5591799002249211,0.0,0.1443607415,0.20844141700000002,0.0,0.0
0.5611939398138777,0.025488119,0.1116483805,0.148687133,0.0,0.0
0.5713162580799392,0.158318591,0.097520701,0.149413875,0.0,0.0
0.6026596917333857,0.294279209,0.079201238,0.147610082,0.0,0.0
0.6439617674780151,0.464414508,0.081529227,0.156867122,0.0,0.0
0.6824362691943748,0.616391506,0.095750263,0.169505557,0.0,0.0
0.6914132201900707,0.73698933,0.119714996,0.189811089,0.0,0.0
0.6932366090049688,0.82722403,0.130566384,0.184270264,0.0,0.0
0.692902673054457,0.888984553,0.1636600755,0.2271492515,0.0,0.0
0.6861176795488466,0.806876037,0.1619740125,0.2750443295,0.0,0.0
0.6832298700031733,0.62791292,0.14991364,0.322187061,0.0,0.0
0.6831187713688434,0.506963618,0.165416157,0.291867377,0.0,0.0
0.6830960944227071,0.370042666,0.161605632,0.22802212,0.0,0.0
0.6823822285818892,0.235918771,0.131698823,0.171776522,0.0,0.0
0.6809815632108408,0.112220834,0.118204986,0.185108916,0.0,0.0
0.6709842194258944,0.005887064500000001,0.1222134775,0.196494059,0.0,0.0
0.6427411457209643,0.0,0.118653963,0.163883239,0.0,0.0
0.5884839885554318,0.0,0.130967173,0.18779023350000001,0.0,0.0
0.5599601279646267,0.0,0.161052114,0.25201927599999996,0.0,0.0
0.5616066962938292,0.02311962,0.180454008,0.259148799,0.0,0.0
0.571402896672435,0.132575122,0.194643145,0.291972661,0.0,0.0
0.602810840754278,0.210239961,0.182223317,0.27616528,0.0,0.0
0.640590953189705,0.199963835,0.187350592,0.273810468,0.0,0.0
0.6813248259290876,0.329925466,0.200739348,0.278119684,0.0,0.0
0.6904974566648927,0.493456934,0.232303839,0.292172348,0.0,0.0
0.6915624031383726,0.541411053,0.315634126,0.363534705,0.0,0.0
0.6902751679821072,0.562527499,0.3706312415,0.467918608,0.0,0.0
0.6839898209749504,0.47180297550000005,0.423158362,0.577340741,0.0,0.0
0.6827296975390538,0.357998719,0.434683405,0.633864373,0.0,0.0
0.6827923334576266,0.348524107,0.489130808,0.655649193,0.0,0.0
0.6828220510751466,0.272831337,0.47677418,0.694855552,0.0,0.0
0.6822117859780045,0.155759504,0.441012472,0.68401469,0.0,0.0
0.6805166862609698,0.0777759,0.452418648,0.700700924,0.0,0.0
0.6710391972932919,0.00780855,0.48309629249999997,0.717321279,0.0,0.0
0.6632440979117694,0.0,0.505135583,0.77793515,0.0,0.0
0.6145503067164506,0.0,0.554254156,0.78859778,0.0,0.0
0.5941507722924287,0.0,0.5654409535,0.757244242,0.0,0.0
0.6124462223554832,0.0157646615,0.5113199035,0.6274715385,0.0,0.0
0.6944489554796934,0.096758641,0.477548904,0.584737644,0.0,0.0
0.7637685930438447,0.163725806,0.442182161,0.565508927,0.0,0.0
0.8042989220500381,0.259458235,0.435097582,0.551062705,0.0,0.0
0.8218651217208102,0.378117551,0.408430652,0.509209118,0.0,0.0
0.8234523231897661,0.420191301,0.362468494,0.463380092,0.0,0.0
0.8238091188403454,0.4944226915,0.222085606,0.28936700849999997,0.0,0.0
0.8199735192392514,0.44574937150000005,0.1974862195,0.33233704799999997,0.0,0.0
0.8150099257338976,0.447030096,0.190889,0.329169237,0.0,0.0
0.8127542124650372,0.418394369,0.195721558,0.32322117,0.0,0.0
0.8112256235039881,0.310155999,0.202476823,0.329179015,0.0,0.0
0.8087285106489605,0.2359423,0.198429432,0.337184414,0.0,0.0
0.804766542018249,0.13281246,0.205875994,0.367245931,0.0,0.0
0.79839414505503,0.119053485,0.237816641,0.424017024,0.0,0.0
0.7519380537149439,0.00810063,0.27851570150000005,0.505180199,0.0,0.0
0.6637697817544912,0.0,0.260089509,0.454010996,0.0,0.0
0.6148387515791804,0.0,0.18542382000000002,0.41673726050000004,0.0,0.0
0.5943865710911755,0.0,0.1685825665,0.42008771850000004,0.0,0.0
0.6126246202179331,0.025740789,0.1931214865,0.44709624849999996,0.0,0.0
0.6945729012917707,0.13288353,0.216758508,0.474665627,0.0,0.0
0.766436148502757,0.227907378,0.201020735,0.482789515,0.0,0.0
0.8075965849711219,0.331086204,0.209479516,0.442715141,0.0,0.0
0.82315697455388,0.379455103,0.2288618,0.400748353,0.0,0.0
0.8261548999205492,0.374583892,0.245176198,0.390436507,0.0,0.0
0.8288580251360878,0.391883802,0.20234637,0.325645662,0.0,0.0
0.8302763841942846,0.4471177435,0.25859071499999997,0.38671003000000004,0.0,0.0
0.8244148121163866,0.479416921,0.318954748,0.418754454,0.0,0.0
0.8196333654188095,0.5216752259999999,0.3654909415,0.4884229065,0.0,0.0
0.8153275855107756,0.437457643,0.398544315,0.548171641,0.0,0.0
0.8127767978484067,0.352026309,0.448498708,0.603768708,0.0,0.0
0.8085483754721963,0.22417387,0.524630356,0.684423068,0.0,0.0
0.8005650028270925,0.148887464,0.572848406,0.721961725,0.0,0.0
0.7535361820704403,0.0066061025,0.5650190225,0.7002888795,0.0,0.0
0.6650897064535334,0.0,0.565151617,0.67408788,0.0,0.0
0.6151367061865382,0.0,0.560745409,0.685202707,0.0,0.0
0.5945287590008361,0.0,0.5437352394999999,0.6832826295000001,0.0,0.0
0.6129468976716155,0.0376923165,0.5198825810000001,0.7015354035,0.0,0.0
0.6979489275230241,0.186009273,0.502289594,0.719050748,0.0,0.0
0.7712010447100021,0.319551023,0.454729323,0.71425915,0.0,0.0
0.8082002664675096,0.483482882,0.41738401,0.691926684,0.0,0.0
0.8265550376837477,0.635343391,0.42888967,0.680404166,0.0,0.0
0.8307023535828076,0.768852787,0.448946783,0.678537567,0.0,0.0
0.8330693484628906,0.862027802,0.432736085,0.646586741,0.0,0.0
0.8355092203191814,0.9219434645,0.4656557355,0.644452252,0.0,0.0
0.8273236755243787,0.8605584745,0.4514066165,0.5931201895,0.0,0.0
0.8220715000351062,0.713125434,0.440865818,0.589463483,0.0,0.0
0.817974201337866,0.573850653,0.425898901,0.591238956,0.0,0.0
0.8150605831318803,0.417392486,0.414049557,0.585506441,0.0,0.0
0.8093641044450939,0.258114933,0.422290169,0.58307201,0.0,0.0
0.8017287493905509,0.156129734,0.444630625,0.588206815,0.0,0.0
0.7549416480951858,0.009196477000000002,0.461363845,0.6148981010000001,0.0,0.0
0.6490447119350128,0.0,0.47304658499999996,0.6573098075,0.0,0.0
0.5983321949504985,0.0,0.5266004945,0.705681977,0.0,0.0
0.5971583672669654,0.0,0.503742075,0.704452567,0.0,0.0
0.6268498833784363,0.08202462,0.500233018,0.730360392,0.0,0.0
0.696370824360809,0.186137929,0.497255896,0.742571052,0.0,0.0
0.7694280387534274,0.311610814,0.463094717,0.749591792,0.0,0.0
0.8079708455505736,0.451065553,0.478938048,0.728199073,0.0,0.0
0.82315697455388,0.606872746,0.485141965,0.695203317,0.0,0.0
0.8255487494995581,0.723536051,0.478095748,0.643954355,0.0,0.0
0.8279921417658611,0.8083293069999999,0.4188891515,0.4979013945,0.0,0.0
0.8249672876557159,0.8358521455,0.393024988,0.45268128750000003,0.0,0.0
0.8185268597797677,0.730644795,0.386450148,0.426638676,0.0,0.0
0.8155547204800009,0.597537745,0.380295073,0.41632033,0.0,0.0
0.8133180264031143,0.500298151,0.372155676,0.412521728,0.0,0.0
0.8099440118771939,0.36683946,0.353139285,0.430724277,0.0,0.0
0.8053488268121856,0.223143024,0.357047222,0.451640944,0.0,0.0
0.7988751152016421,0.117128298,0.395456977,0.498687,0.0,0.0
0.7521042214821563,0.00821191,0.42270461400000003,0.5780089724999999,0.0,0.0
0.6448313998678891,0.0,0.457017106,0.671399509,0.0,0.0
0.5962435409966993,0.0,0.41107386349999997,0.607783233,0.0,0.0
0.5955440540776407,0.0,0.3366653525,0.4365265515,0.0,0.0
0.6237686113682893,0.069537748,0.297103558,0.360398688,0.0,0.0
0.6920647243546935,0.136228812,0.263516287,0.315317563,0.0,0.0
0.7628071557512741,0.25025955,0.183292183,0.269848752,0.0,0.0
0.8057154979382166,0.413859334,0.153971145,0.246343888,0.0,0.0
0.8232988882211631,0.57358912,0.148502012,0.227202203,0.0,0.0
0.8286347763076987,0.7435033325,0.16178409,0.1970344045,0.0,0.0
0.8323300625832759,0.895383928,0.16276607399999998,0.167723455,0.0,0.0
0.824900308451357,0.846282191,0.1194705175,0.143355599,0.0,0.0
0.819871564544405,0.701915483,0.08793294,0.151691552,0.0,0.0
0.8169230164806743,0.567372374,0.07348689,0.174022618,0.0,0.0
0.8131757470793278,0.412761026,0.069379557,0.206114676,0.0,0.0
0.8085375856325243,0.256728894,0.085954657,0.252874022,0.0,0.0
0.7989320818093605,0.155634042,0.103744213,0.274146555,0.0,0.0
0.7504112935566556,0.0087268775,0.101568006,0.22991143349999998,0.0,0.0
0.642044287664069,0.0,0.105606105,0.169327276,0.0,0.0
0.5875793806750703,0.0,0.0822711835,0.1038218885,0.0,0.0
0.5588925982617261,0.0,0.0558075245,0.07566711500000001,0.0,0.0
0.5601193464745813,0.0441487715,0.059796236,0.086787274,0.0,0.0
0.5713593258758604,0.180747123,0.049395934,0.089917724,0.0,0.0
0.613444944051264,0.314975729,0.034034529,0.081241318,0.0,0.0
0.6465606520509964,0.464187548,0.025981618,0.062459475,0.0,0.0
0.6869457757381705,0.61611786,0.023600684,0.046513516,0.0,0.0
0.7012748909197153,0.7890102050000001,0.015096772,0.033058223,0.0,0.0
0.7047475227073625,0.9026965330000001,0.008115397,0.0437978065,0.0,0.0
0.6982369839128791,0.84163549,0.011528966,0.057386333,0.0,0.0
0.6929262186577505,0.6061932545,0.022557656000000002,0.066902122,0.0,0.0
0.6906471883952318,0.37911947,0.033796391,0.070889432,0.0,0.0
0.6847581845732039,0.232950202,0.045903457,0.077806527,0.0,0.0
0.680981151624313,0.144566412,0.063448015,0.086779465,0.0,0.0
0.6704230342756602,0.0089793145,0.07900465549999999,0.107225457,0.0,0.0
0.6441248036053716,0.0,0.116252897,0.195608096,0.0,0.0
0.588278181839544,0.0,0.1324185285,0.23390067949999999,0.0,0.0
0.5592563662088958,0.0,0.1848375925,0.250824376,0.0,0.0
0.5604581286372123,0.042445755,0.190489272,0.2514184615,0.0,0.0
0.5722952974225711,0.163705353,0.158725116,0.254667176,0.0,0.0
0.610727371390532,0.280175538,0.127282745,0.254469648,0.0,0.0
0.6452906531396481,0.384657922,0.123516641,0.251648939,0.0,0.0
0.6830438826873027,0.515038027,0.131097185,0.256265165,0.0,0.0
0.693684478170917,0.618940762,0.152356523,0.280006219,0.0,0.0
0.6979225931200072,0.714823691,0.171164218,0.317304128,0.0,0.0
0.700269791416444,0.80972859,0.194951003,0.347337422,0.0,0.0
0.694871998947304,0.802958112,0.233648955,0.393567921,0.0,0.0
0.6928914717768982,0.682757852,0.260229911,0.428737607,0.0,0.0
0.6888044600673171,0.609046872,0.293331084,0.468395772,0.0,0.0
0.6857530885772622,0.4467911245,0.340634737,0.5494419150000001,0.0,0.0
0.6818192147032147,0.179674391,0.349889361,0.611327614,0.0,0.0
0.6708658285455336,0.0107412125,0.37601728599999995,0.646607897,0.0,0.0
0.6465571774223675,0.0,0.4045091645,0.6806384805,0.0,0.0
0.5969851128240247,0.0,0.4144763265,0.6999667275,0.0,0.0
0.5958762755302092,0.0,0.4278493265,0.7072222,0.0,0.0
0.6241274186498812,0.053404534,0.41547686,0.691152754,0.0,0.0
0.6920731368325289,0.116461452,0.430643014,0.688189938,0.0,0.0
0.7628071557512741,0.201401756,0.441171509,0.668769551,0.0,0.0
0.8040231415368039,0.295476787,0.408754232,0.625670579,0.0,0.0
0.8225847481379676,0.430144372,0.384043678,0.590059057,0.0,0.0
0.8249115098032362,0.607248186,0.386288877,0.583301236,0.0,0.0
0.8267251146311287,0.800525061,0.391692991,0.5269940175,0.0,0.0
0.8240093707731576,0.8741281329999999,0.4050903785,0.5003846519999999,0.0,0.0
0.8162432575475072,0.769413048,0.4050785695,0.5149125545,0.0,0.0
0.810924239900744,0.580540635,0.365397866,0.5084943,0.0,0.0
0.8077650160183144,0.426626016,0.338989391,0.498586361,0.0,0.0
0.803953098993062,0.266568704,0.309515868,0.489407804,0.0,0.0
0.7967890215122517,0.155112146,0.299577721,0.493452344,0.0,0.0
0.7496969705708878,0.0115945545,0.28890972800000003,0.470550431,0.0,0.0
0.6444227582127293,0.0,0.196196578,0.3593765125,0.0,0.0
0.596100072917674,0.0,0.142295357,0.2859411385,0.0,0.0
0.5955196626335613,0.0,0.1556807315,0.38270845350000005,0.0,0.0
0.6238690115770732,0.092074073,0.210046482,0.487295958,0.0,0.0
0.6919003167181668,0.183805134,0.259487851,0.525261844,0.0,0.0
0.7628071557512741,0.310372366,0.299093569,0.529443807,0.0,0.0
0.8056337514135441,0.472015788,0.330900475,0.491163526,0.0,0.0
0.822733702625275,0.62186958,0.320805326,0.433079962,0.0,0.0
0.8252746147378717,0.738562664,0.284315858,0.365212835,0.0,0.0
0.8259936925959535,0.859315938,0.2252871655,0.287755943,0.0,0.0
0.8218573037320747,0.891615534,0.1354676265,0.217575158,0.0,0.0
0.8135292510038503,0.7582651915,0.0891960695,0.1931652585,0.0,0.0
0.808200632272654,0.578147335,0.078802822,0.204667437,0.0,0.0
0.8060574805614192,0.42467336,0.088878658,0.209449796,0.0,0.0
0.8027815801479311,0.265748476,0.102040932,0.199493595,0.0,0.0
0.7958501239703081,0.16390714,0.121512361,0.187631211,0.0,0.0
0.7477078253523439,0.0132797065,0.158875608,0.2139502295,0.0,0.0
0.6440790610915834,0.0,0.16471368050000001,0.301090739,0.0,0.0
0.5961518732151916,0.0,0.1558814835,0.31698314800000005,0.0,0.0
0.595406826684917,0.0,0.15846292299999998,0.3126508095,0.0,0.0
0.623699574677214,0.09591025,0.153520365,0.320560395,0.0,0.0
0.691908912024254,0.183292754,0.139595025,0.318998037,0.0,0.0
0.762213486702886,0.312639661,0.116594943,0.299667287,0.0,0.0
0.8041143063919783,0.46493356,0.108623438,0.259593111,0.0,0.0
0.8225835594570493,0.612122263,0.097424094,0.223308829,0.0,0.0
0.8248549088520214,0.730100074,0.085181887,0.188946341,0.0,0.0
0.8258195008981009,0.824023388,0.071861441,0.167159038,0.0,0.0
0.825456350182082,0.8895725210000001,0.065430552,0.1431228215,0.0,0.0
0.8173832756050998,0.7511339955,0.0839241345,0.167561458,0.0,0.0
0.8115946721404966,0.60449811,0.104863333,0.189126393,0.0,0.0
0.8090276083044939,0.54159915,0.118234887,0.196668331,0.0,0.0
0.806423054420658,0.372656646,0.125592851,0.201472465,0.0,0.0
0.8031835467882108,0.251910809,0.139049737,0.215232423,0.0,0.0
0.7965603320569635,0.160520094,0.172010468,0.26138142,0.0,0.0
0.7489333847356399,0.0133551215,0.226595299,0.3523518025,0.0,0.0
0.6442530241054805,0.0,0.24581386500000002,0.388289651,0.0,0.0
0.5996341518686554,0.0,0.220875122,0.351200744,0.0,0.0
0.5928120568624069,0.0,0.177044229,0.270280655,0.0,0.0
0.6110179422634124,0.0452923235,0.1605231995,0.221917857,0.0,0.0
0.6920731368325289,0.169461474,0.150872711,0.223821665,0.0,0.0
0.7666279421763506,0.290246339,0.111262856,0.21687008,0.0,0.0
0.8067094419453124,0.451238729,0.110145719,0.21256345,0.0,0.0
0.8245594689506505,0.584514655,0.114626227,0.214750723,0.0,0.0
0.8270627081871619,0.725895165,0.128213602,0.220990638,0.0,0.0
0.8285242721624687,0.832948151,0.085312493,0.145871532,0.0,0.0
0.8289664263104997,0.911579613,0.081068046,0.1567029375,0.0,0.0
0.821358822949527,0.8670460689999999,0.07859089999999999,0.1802996395,0.0,0.0
0.8155928505753562,0.719152907,0.076892282,0.184583513,0.0,0.0
0.8127161737838077,0.578525355,0.077843726,0.185585109,0.0,0.0
0.8090510167122782,0.421211973,0.080896737,0.187015677,0.0,0.0
0.8050720404462849,0.261788902,0.084160474,0.182148029,0.0,0.0
0.7972002235061406,0.163946455,0.094970313,0.184921859,0.0,0.0
0.7492091425068234,0.014641751,0.108322298,0.2127418115,0.0,0.0
0.6442530241054805,0.0,0.0631701095,0.180151393,0.0,0.0
0.5960696693969283,0.0,0.033010959,0.119025995,0.0,0.0
0.5955502718732505,0.0,0.0179925805,0.0627751575,0.0,0.0
0.623699574677214,0.104840222,0.014218046,0.034160046,0.0,0.0
0.6920731368325289,0.195189701,0.015119369,0.028600672,0.0,0.0
0.769932143065446,0.318516495,0.014529232,0.030061512,0.0,0.0
0.8080574385103269,0.487972753,0.015808099,0.034694208,0.0,0.0
0.8284823928988251,0.636347241,0.01749529,0.034438326,0.0,0.0
0.8340493479511261,0.810164742,0.0127751215,0.02361235,0.0,0.0
0.8370203900584208,0.8965219435,0.0129047175,0.030843054,0.0,0.0
0.8277211159763,0.796588941,0.030674171,0.0884064185,0.0,0.0
0.8202247026637831,0.632290077,0.04744752,0.124652021,0.0,0.0
0.8169700162731355,0.47768847,0.057864656,0.132417681,0.0,0.0
0.8126877361126911,0.333833186,0.060832371,0.128243309,0.0,0.0
0.803832307860173,0.13888492,0.0705349705,0.13304862,0.0,0.0
0.7506017156467586,0.0109308815,0.078231331,0.12174485600000001,0.0,0.0
0.6425593646440114,0.0,0.089036096,0.121809925,0.0,0.0
0.5878568986512598,0.0,0.0956927395,0.101792143,0.0,0.0
0.5589860491389318,0.0,0.0886107805,0.078949221,0.0,0.0
0.5604255991806364,0.020518769,0.0865292735,0.09659705299999999,0.0,0.0
0.5750859300364035,0.093859442,0.083647014,0.132704522,0.0,0.0
0.6144098103397211,0.176915595,0.055726521,0.130634998,0.0,0.0
0.6457430029355327,0.329127219,0.050516039,0.120908774,0.0,0.0
0.685804020291943,0.44422188,0.045092306,0.100248095,0.0,0.0
0.6969710768613103,0.512053436,0.041095123,0.08067725,0.0,0.0
0.6991531816923151,0.5423042505,0.0379599055,0.0544673775,0.0,0.0
0.6944103681650677,0.6131368145,0.0530667725,0.077364704,0.0,0.0
0.6909060755036813,0.522915965,0.043815320000000005,0.110677491,0.0,0.0
0.6873261626991062,0.430825736,0.045385893,0.126162026,0.0,0.0
0.6859767032107957,0.313733152,0.051549281,0.131047124,0.0,0.0
0.6837504331684366,0.217097405,0.058107065,0.133241593,0.0,0.0
0.6794838806968708,0.08848307600000001,0.06790608749999999,0.1205091375,0.0,0.0
0.6547299434885365,0.000836396,0.060500958,0.10552093100000001,0.0,0.0
0.5895795900499843,0.0,0.0494020615,0.108145656,0.0,0.0
0.5592572349403735,0.0,0.047700638000000004,0.110737112,0.0,0.0
0.560795973619252,0.0365448945,0.056887661,0.115174954,0.0,0.0
0.573216455867585,0.151610108,0.050759895,0.094985155,0.0,0.0
0.6105479676754156,0.247097985,0.033703127,0.073361474,0.0,0.0
0.6451160958596123,0.299924679,0.027219584,0.063762658,0.0,0.0
0.6874679619872512,0.321566201,0.027022238,0.076587247,0.0,0.0
0.6925116561914094,0.308737469,0.0780033645,0.1430075475,0.0,0.0
0.6899203381811571,0.284688162,0.097718268,0.195383206,0.0,0.0
0.684232112034646,0.1906638815,0.108447918,0.2552817375,0.0,0.0
0.6814905137349789,0.149651804,0.146265566,0.26206969049999995,0.0,0.0
0.6807315455765357,0.14919182,0.153105981,0.245798315,0.0,0.0
0.6781989772696995,0.088792379,0.165842406,0.268658709,0.0,0.0
0.6688679051183303,0.0113847085,0.2252481705,0.38042376349999996,0.0,0.0
0.6445522360658315,0.0,0.386602435,0.6451894055,0.0,0.0
0.5960944950952659,0.0,0.456527725,0.7025309744999999,0.0,0.0
0.5955296295231389,0.0,0.54202679,0.7482610590000001,0.0,0.0
0.6237686113682893,0.038694162,0.545571104,0.76194478,0.0,0.0
0.6918700503186098,0.082805419,0.56067415,0.765036461,0.0,0.0
0.7817615394204915,0.199005444,0.592245036,0.784923421,0.0,0.0
0.8212317224582615,0.381307672,0.616906128,0.791561852,0.0,0.0
0.8234177592114859,0.5135330825,0.649873637,0.8098456725000001,0.0,0.0
0.8233329036403675,0.537103793,0.684263072,0.847149928,0.0,0.0
0.8183940444192255,0.5266312545,0.7621033735,0.8877722475000001,0.0,0.0
0.8122565089255209,0.459933768,0.821462327,0.914606615,0.0,0.0
0.8075891327132103,0.3472202845,0.821815105,0.916998932,0.0,0.0
0.8057392721511453,0.198294717,0.796302931,0.910519057,0.0,0.0
0.7990346764774086,0.0985684235,0.7481450494999999,0.895827838,0.0,0.0
0.7473481264485827,0.0103095045,0.6866996535,0.8736069369999999,0.0,0.0
0.6617980784998077,0.0,0.586332925,0.848784517,0.0,0.0
0.6131335707420711,0.0,0.542157667,0.8044883485000001,0.0,0.0
0.5927883740636042,0.0,0.446864249,0.6913723675000001,0.0,0.0
0.6109862813896734,0.0345365725,0.4168935125,0.627550185,0.0,0.0
0.6919319546268938,0.133695294,0.349879968,0.566444313,0.0,0.0
0.7615094964118404,0.233422814,0.335898683,0.481169311,0.0,0.0
0.8023457810653397,0.182181707,0.266507659,0.376264373,0.0,0.0
0.8213150236176375,0.246805871,0.194561282,0.297136496,0.0,0.0
0.8234520489473883,0.293700991,0.141307654,0.243987656,0.0,0.0
0.8234863843160334,0.3469133475,0.163975878,0.2701976525,0.0,0.0
0.8190710144783488,0.4199449915,0.1656877025,0.262115828,0.0,0.0
0.8110718685116242,0.3742256095,0.1905019375,0.2690586625,0.0,0.0
0.8056875175606908,0.2744244515,0.224755865,0.2914134605,0.0,0.0
0.8017952255942561,0.170380577,0.222444722,0.315880653,0.0,0.0
0.795784287665484,0.081148044,0.223970007,0.33097107,0.0,0.0
0.7478715700506569,0.012800767,0.2562370365,0.3614156785,0.0,0.0
0.6442530241054805,0.0,0.326010924,0.454182596,0.0,0.0
0.5960436549433519,0.0,0.3107155545,0.461973476,0.0,0.0
0.5954755203872191,0.0,0.3309567865,0.4309732755,0.0,0.0
0.6235456826379817,0.069556287,0.340292392,0.447773242,0.0,0.0
0.6917929671034843,0.123927971,0.338139205,0.432137732,0.0,0.0
0.7620780653708722,0.227790774,0.364710117,0.409671158,0.0,0.0
0.8026250362072028,0.391183543,0.374401108,0.39451218,0.0,0.0
0.822389342640236,0.5739047595,0.406722711,0.407861151,0.0,0.0
0.8237856190927555,0.739530696,0.47872488700000004,0.46982766600000003,0.0,0.0
0.821976128941014,0.79048203,0.549548282,0.54425174,0.0,0.0
0.8144928371972631,0.732528635,0.5815281205,0.6089421015,0.0,0.0
0.8090517481739261,0.630250178,0.593318705,0.642009099,0.0,0.0
0.8053343336599292,0.3982186335,0.5676434785,0.65783961,0.0,0.0
0.8023722982966085,0.185907218,0.56961004,0.665149702,0.0,0.0
0.7955288065879086,0.093603557,0.495580964,0.666357005,0.0,0.0
0.7469752601946724,0.011687393,0.3630305315,0.548706227,0.0,0.0
0.6616727611785603,0.0,0.369135213,0.602398261,0.0,0.0
0.6129998637593596,0.0,0.372756175,0.6366402215,0.0,0.0
0.5928190061939851,0.0,0.3151255905,0.6016479105,0.0,0.0
0.6108399101317865,0.0103471515,0.336649646,0.547185053,0.0,0.0
0.6919865438727756,0.057568338,0.415866364,0.571641787,0.0,0.0
0.7614336476590166,0.125367846,0.477196749,0.631735399,0.0,0.0
0.8020297671886505,0.165636758,0.602710075,0.681408781,0.0,0.0
0.8212134347279355,0.243353752,0.659875783,0.731227765,0.0,0.0
0.8243815739402134,0.344206801,0.6588520265,0.7684132785,0.0,0.0
0.8242209153233342,0.4992756305,0.7410972535,0.783142722,0.0,0.0
0.8162699578299889,0.45165878,0.813380846,0.8120673270000001,0.0,0.0
0.8081021979878199,0.13893554,0.8203164345,0.8289112445,0.0,0.0
0.8049033351567146,0.062428904,0.814790043,0.834986218,0.0,0.0
0.8017507861405243,0.043731059,0.804737331,0.841516887,0.0,0.0
0.7958640226334646,0.030705546,0.757027431,0.855459386,0.0,0.0
0.7656569037250262,0.021364763,0.659691368,0.845678446,0.0,0.0
0.7318674716851642,0.0,0.581186694,0.808232914,0.0,0.0
0.6442943318450363,0.0,0.46723982350000004,0.716836093,0.0,0.0
0.596100072917674,0.0,0.4074731275,0.6618028615,0.0,0.0
0.5954552208772398,0.0005480425,0.342924877,0.509949062,0.0,0.0
0.6235456826379817,0.102723867,0.288575127,0.451014295,0.0,0.0
0.6919319546268938,0.18522088,0.247975967,0.432387833,0.0,0.0
0.7613900768624418,0.314292775,0.283583956,0.429212817,0.0,0.0
0.8020297671886505,0.419712902,0.315619978,0.41163942,0.0,0.0
0.8212303509490914,0.520515448,0.316590929,0.391999648,0.0,0.0
0.8239551015510368,0.6735172515,0.2961192895,0.34064263,0.0,0.0
0.8232958707374841,0.7477740895,0.27181166700000003,0.266683923,0.0,0.0
0.8149876603742892,0.6112122965,0.256197041,0.2362736725,0.0,0.0
0.8082403626354555,0.3920161805,0.2132436505,0.21149224249999998,0.0,0.0
0.8054812307348409,0.27111285,0.167049789,0.16791411,0.0,0.0
0.8026057426242105,0.194583981,0.128509571,0.145498911,0.0,0.0
0.7956969632440828,0.093778783,0.103074322,0.135831999,0.0,0.0
0.7471625276799074,0.0104705345,0.093114535,0.135405891,0.0,0.0
0.6223548471705258,0.0,0.0947960195,0.140073416,0.0,0.0
0.5652030224675474,0.0,0.0840733375,0.13788371900000002,0.0,0.0
0.5584443633649538,0.0,0.0658880205,0.11479980849999999,0.0,0.0
0.5655154015550864,0.07504182699999999,0.0590764945,0.0819071205,0.0,0.0
0.6008562365490022,0.121790094,0.062852842,0.068715907,0.0,0.0
0.6385436297918328,0.221594081,0.061510342,0.070706742,0.0,0.0
0.6802003067277771,0.330720926,0.07385129,0.080523772,0.0,0.0
0.6903179386449589,0.47769954849999996,0.1047689685,0.1042983005,0.0,0.0
0.6896282814199686,0.455088637,0.182053199,0.1837749185,0.0,0.0
0.6830493232398812,0.292308289,0.2215643555,0.229283237,0.0,0.0
0.6811771515368242,0.154476179,0.218266411,0.253226668,0.0,0.0
0.6811064690942013,0.098013116,0.227390392,0.281683895,0.0,0.0
0.6810247224208879,0.083746322,0.241467966,0.316981632,0.0,0.0
0.6812056806220668,0.061806456,0.251533226,0.369031958,0.0,0.0
0.6799620162623762,0.037469643,0.267542619,0.447641861,0.0,0.0
0.6768609018871997,0.014881877,0.257282641,0.497335437,0.0,0.0
0.6516826640069022,0.0010670285,0.21525778099999998,0.503295491,0.0,0.0
0.5876577898409436,0.0,0.179825666,0.4430530735,0.0,0.0
0.5590494165191526,0.0,0.14741678149999998,0.371345036,0.0,0.0
0.5603860746110989,0.024235827,0.1612375695,0.309967342,0.0,0.0
0.569632085249445,0.118105818,0.192520807,0.325812975,0.0,0.0
0.6005698033916054,0.205032734,0.214609548,0.366256507,0.0,0.0
0.6383048363257782,0.26992211,0.272298816,0.384506295,0.0,0.0
0.6802972323079319,0.369805016,0.324095681,0.411004874,0.0,0.0
0.6894171026749365,0.448983823,0.378289764,0.47736773,0.0,0.0
0.6902209445413697,0.584883596,0.458750117,0.519115167,0.0,0.0
0.6894994436143886,0.6577348765,0.594278823,0.7044692075000001,0.0,0.0
0.6828687765509096,0.6423903445,0.683074508,0.798933427,0.0,0.0
0.6810497767288606,0.556275539,0.640592536,0.773929273,0.0,0.0
0.6810904671629452,0.437123107,0.602007501,0.73317272,0.0,0.0
0.6806309852815511,0.291814447,0.582857046,0.712599784,0.0,0.0
0.6801788642439425,0.15120041,0.53852926,0.689042026,0.0,0.0
0.6801298985275317,0.093749342,0.479893283,0.670302423,0.0,0.0
0.6768069526888401,0.030475097,0.413658425,0.636870677,0.0,0.0
0.6619777794223137,0.0,0.38214025149999997,0.621486737,0.0,0.0
0.6129939202804479,0.0,0.3610288995,0.620185597,0.0,0.0
0.5928517414438249,0.0,0.3141354905,0.5709444445,0.0,0.0
0.6109501858160221,0.041214127499999996,0.29898888349999997,0.5356011095,0.0,0.0
0.6920333150556016,0.133021871,0.304218887,0.545579046,0.0,0.0
0.761428938568086,0.222669284,0.429593047,0.577849691,0.0,0.0
0.8020297671886505,0.264984278,0.478600604,0.5915573,0.0,0.0
0.8212134347279355,0.313555794,0.52556341,0.617034567,0.0,0.0
0.8237747378389577,0.255991458,0.583651965,0.659944868,0.0,0.0
0.823790099574051,0.196521012,0.6256744110000001,0.664629735,0.0,0.0
0.8184984222572917,0.125961253,0.664426818,0.7167280195,0.0,0.0
0.8123717222360017,0.145920387,0.623541269,0.75012513,0.0,0.0
0.8072763191484519,0.204575651,0.5726661664999999,0.7738620645000001,0.0,0.0
0.8033339642731347,0.1645384905,0.5333816520000001,0.735832254,0.0,0.0
0.7956969632440828,0.088467026,0.508075871,0.721155831,0.0,0.0
0.7495056798236275,0.013797497,0.548352325,0.765984208,0.0,0.0
0.644615786274304,0.0,0.630143557,0.8495903985,0.0,0.0
0.596180173690799,0.0,0.6274450285,0.8575120615,0.0,0.0
0.5955577470961742,0.0,0.6118542995,0.8536837285000001,0.0,0.0
0.6237686113682893,0.036413703,0.636732265,0.870776533,0.0,0.0
0.691908912024254,0.063046205,0.659619174,0.881287395,0.0,0.0
0.761593163376361,0.083347085,0.749929301,0.890876885,0.0,0.0
0.8022348652592617,0.156182774,0.735390284,0.900074068,0.0,0.0
0.8214095716873151,0.271347735,0.688332166,0.890404417,0.0,0.0
0.824163537277729,0.550401992,0.694388409,0.867164328,0.0,0.0
0.8242350883775091,0.7200908025,0.657413389,0.7965337155000001,0.0,0.0
0.8194740783854207,0.761335239,0.674346314,0.8331015135,0.0,0.0
0.8110718685116242,0.6645635795,0.671731088,0.8358489835,0.0,0.0
0.8064086069754645,0.548687634,0.640851112,0.826621641,0.0,0.0
0.8047784291247134,0.385834517,0.621700316,0.82511418,0.0,0.0
0.8019027581858312,0.243854996,0.609221841,0.814110877,0.0,0.0
0.7955953743543808,0.145985798,0.554212105,0.79634288,0.0,0.0
0.7465801286554739,0.020771841,0.485469596,0.7633206210000001,0.0,0.0
0.64409643460633,0.0,0.41303468249999997,0.7105456305,0.0,0.0
0.5959901172571995,0.0,0.341287938,0.6306264045000001,0.0,0.0
0.5954755203872191,0.0,0.2188607615,0.45102514650000003,0.0,0.0
0.6237334986822926,0.024105118,0.18271546,0.359482257,0.0,0.0
0.6918171069729165,0.045898409,0.216744112,0.352410445,0.0,0.0
0.7620780653708722,0.077699999,0.297999949,0.391719477,0.0,0.0
0.8027859692151006,0.068163237,0.43034246,0.480782328,0.0,0.0
0.8212976501772115,0.169946193,0.620628986,0.637266807,0.0,0.0
0.8237747378389577,0.265115555,0.759647306,0.783080522,0.0,0.0
0.8253052011611897,0.44065328449999996,0.833923277,0.872715849,0.0,0.0
0.8218925077578769,0.6216225230000001,0.858073743,0.88236602,0.0,0.0
0.8135937155765431,0.35559319450000004,0.8201346345,0.889337377,0.0,0.0
0.8078315836361456,0.183980984,0.807855248,0.893705382,0.0,0.0
0.8055045477284992,0.111932807,0.793591867,0.892821293,0.0,0.0
0.8026325342464977,0.063348953,0.794504341,0.89185826,0.0,0.0
0.7964413697268354,0.043181103,0.781148789,0.88736457,0.0,0.0
0.7501077840175814,0.008737946,0.781088696,0.8723233415,0.0,0.0
0.6449735421448073,0.0,0.6882961415,0.8410742365,0.0,0.0
0.5963474616154953,0.0,0.640756256,0.836161989,0.0,0.0
0.5955196626335613,0.0,0.5692726260000001,0.8141691415000001,0.0,0.0
0.6237334986822926,0.018641672,0.514997109,0.775821683,0.0,0.0
0.6921651245634772,0.050433118,0.499290963,0.757464995,0.0,0.0
0.7625139560162304,0.117154084,0.494483326,0.712441957,0.0,0.0
0.806766865772301,0.223221334,0.511691604,0.702957705,0.0,0.0
0.8253899196111192,0.349950119,0.531948018,0.733154729,0.0,0.0
0.8264015113010188,0.505444658,0.569224629,0.762504693,0.0,0.0
0.8253468518151983,0.6799805125,0.793080031,0.8481563285,0.0,0.0
0.8195771303470596,0.6938849389999999,0.8208337255,0.838723579,0.0,0.0
0.8123614811040465,0.5407196295,0.868332023,0.8959383345,0.0,0.0
0.8092769630005853,0.438444349,0.892678506,0.917280809,0.0,0.0
0.8102482300615448,0.320461556,0.884202824,0.925228495,0.0,0.0
0.8071754160133348,0.198961138,0.865168428,0.927872798,0.0,0.0
0.7971679455498913,0.134773317,0.841802418,0.924025095,0.0,0.0
0.7394525810768932,0.02606182,0.804209413,0.915677296,0.0,0.0
0.6438978743550898,0.0,0.7408202015,0.918856429,0.0,0.0
0.5958560217272928,0.0,0.6567024205,0.8913716955,0.0,0.0
0.5947448984114463,0.0005093805,0.5824435644999999,0.8605473804999999,0.0,0.0
0.6234144673962447,0.093018441,0.54214949,0.818345478,0.0,0.0
0.6926697775088921,0.170719267,0.508413264,0.801477727,0.0,0.0
0.762466499004499,0.289216975,0.496648558,0.773832071,0.0,0.0
0.8040273476270807,0.403295007,0.486105217,0.729302817,0.0,0.0
0.8214995478615714,0.569799136,0.471869306,0.67500999,0.0,0.0
0.8236108786871864,0.707759126,0.471888047,0.630446279,0.0,0.0
0.8233765658510681,0.8124727350000001,0.612234002,0.625268027,0.0,0.0
0.8183782710976044,0.8089045655,0.7389603245,0.731925677,0.0,0.0
0.8105743478746801,0.6052587629999999,0.8361098285,0.7908741365,0.0,0.0
0.8068413886486973,0.408358492,0.861270009,0.821903883,0.0,0.0
0.807031307961108,0.298063572,0.850738881,0.835349082,0.0,0.0
0.8040752618580824,0.228706933,0.841043232,0.848747168,0.0,0.0
0.7968032859805525,0.137775859,0.845686333,0.860527047,0.0,0.0
0.7403997081197795,0.0243906775,0.8516509505000001,0.8600139175,0.0,0.0
0.6417137350767012,0.0,0.861165375,0.87220019,0.0,0.0
0.5873505998056563,0.0,0.847908873,0.855696046,0.0,0.0
0.5586281333308685,0.0,0.830475523,0.839469622,0.0,0.0
0.5601654318285019,0.044574741,0.7882026215,0.7928980535000001,0.0,0.0
0.5694981726221104,0.146398663,0.737645765,0.731146709,0.0,0.0
0.6009660550882879,0.260614955,0.719955629,0.686386145,0.0,0.0
0.6398369456968396,0.363790729,0.667809144,0.644656939,0.0,0.0
0.6813675279198643,0.434030343,0.646714209,0.622056259,0.0,0.0
0.6901591316472117,0.542688056,0.642128606,0.613228667,0.0,0.0
0.6905522745204097,0.523583253,0.641778518,0.602804236,0.0,0.0
0.6890425677787866,0.4960054555,0.6399382845,0.593126866,0.0,0.0
0.6824348061967584,0.446776308,0.6295046040000001,0.5971540115,0.0,0.0
0.6808638351943734,0.382685056,0.639310527,0.60520358,0.0,0.0
0.6810326776794529,0.282222047,0.657821802,0.608053906,0.0,0.0
0.6832678629030194,0.213213375,0.637436105,0.617216523,0.0,0.0
0.6831061526520903,0.138618572,0.620093224,0.625831418,0.0,0.0
0.6817042984514827,0.074726835,0.600094037,0.654466474,0.0,0.0
0.6702342123786829,0.0116130025,0.607901703,0.6970315524999999,0.0,0.0
0.6221848388952198,0.0,0.6428780355,0.6951780265,0.0,0.0
0.5650288536603865,0.0,0.601773524,0.6109906355000001,0.0,0.0
0.5584970781010119,0.0,0.489857416,0.507962205,0.0,0.0
0.5655490512434669,0.0743680065,0.403194226,0.4312874845,0.0,0.0
0.6009660550882879,0.167138071,0.366740408,0.370437396,0.0,0.0
0.6399384889537991,0.205573282,0.298332092,0.314113364,0.0,0.0
0.6813333754537916,0.296093968,0.253143548,0.270232802,0.0,0.0
0.6895186001505127,0.400318388,0.221808202,0.24350463,0.0,0.0
0.6904388897897284,0.541725572,0.2143279885,0.231293758,0.0,0.0
0.6865938262253901,0.650446182,0.1575819185,0.211611065,0.0,0.0
0.6830901736858461,0.594717828,0.1764730555,0.24553272,0.0,0.0
0.6822873147070674,0.455200958,0.181296723,0.276438342,0.0,0.0
0.6823646723132113,0.315830018,0.184597376,0.301222658,0.0,0.0
0.6811054632415349,0.19004011,0.20127945,0.329585926,0.0,0.0
0.6774009873937317,0.0758946685,0.22650419,0.362865557,0.0,0.0
0.6617723383629295,0.0,0.26908092250000004,0.36343301100000003,0.0,0.0
0.6131335707420711,0.0,0.2740636265,0.37271571000000003,0.0,0.0
0.5927694462114357,0.0,0.271606259,0.370724818,0.0,0.0
0.611023771511827,0.0130244725,0.2899062265,0.368811605,0.0,0.0
0.6919370295229688,0.051654504,0.265269396,0.346369393,0.0,0.0
0.761428938568086,0.132361607,0.247295942,0.319113495,0.0,0.0
0.8019832246154597,0.333865089,0.229089176,0.291006469,0.0,0.0
0.8212938097434381,0.458564965,0.219200044,0.279859363,0.0,0.0
0.824167560539754,0.548437828,0.215019728,0.278123359,0.0,0.0
0.8251471028087192,0.678421816,0.1950348955,0.258255803,0.0,0.0
0.822176929432902,0.791399325,0.20935633850000002,0.28870588750000004,0.0,0.0
0.8164339996613712,0.68946608,0.2201075,0.2935695765,0.0,0.0
0.8127552183177037,0.52067132,0.188075076,0.281219824,0.0,0.0
0.8092574864407003,0.396435897,0.186796268,0.293032754,0.0,0.0
0.8052358080352895,0.255996544,0.211321044,0.312334579,0.0,0.0
0.7972568243087145,0.156395357,0.229853994,0.315505375,0.0,0.0
0.7666701414637551,0.054168063,0.224668223,0.300897322,0.0,0.0
0.7329299951640649,0.00336418,0.196412591,0.281452317,0.0,0.0
0.6442943318450363,0.0,0.1423573015,0.2351147085,0.0,0.0
0.596100072917674,0.0,0.1214133515,0.187145605,0.0,0.0
0.595557152755715,0.0,0.10910105449999999,0.155477832,0.0,0.0
0.6238690115770732,0.100629169,0.090214268,0.123030039,0.0,0.0
0.6918700503186098,0.186844021,0.068400184,0.091819497,0.0,0.0
0.761593163376361,0.30708654,0.055881528,0.068587437,0.0,0.0
0.8061218537943067,0.446256838,0.050217736,0.055839369,0.0,0.0
0.8242380601541253,0.595167249,0.049657135,0.05094948,0.0,0.0
0.8292541397859019,0.725054355,0.049729854,0.048796715,0.0,0.0
0.8319197749536071,0.82960805,0.039809679,0.040565887,0.0,0.0
0.833461256873787,0.885049439,0.037640514,0.045533233,0.0,0.0
0.829017952291319,0.8555360759999999,0.038958124,0.0670088255,0.0,0.0
0.8214609605469456,0.760614047,0.037719968,0.092905177,0.0,0.0
0.8171349725430582,0.586743514,0.037764576,0.094229361,0.0,0.0
0.8143191026443605,0.519322681,0.038648864,0.084929607,0.0,0.0
0.8114777213670604,0.392761024,0.043181459,0.0710922,0.0,0.0
0.807504231435029,0.255673478,0.052367686,0.060287845,0.0,0.0
0.7996834375493709,0.165836302,0.068241264,0.063649983,0.0,0.0
0.7676649083466247,0.053108167,0.080030532,0.080068384,0.0,0.0
0.7334317219656062,0.0,0.083631389,0.104134687,0.0,0.0
0.6449455616929609,0.0,0.065440025,0.1132642975,0.0,0.0
0.5961525818604683,0.0,0.0491102085,0.092037273,0.0,0.0
0.5955196626335613,0.0,0.0529887815,0.0668823785,0.0,0.0
0.6238690115770732,0.089836706,0.051212283,0.05525329,0.0,0.0
0.6918834919111368,0.159899845,0.042880081,0.050483928,0.0,0.0
0.7636381550451391,0.268372187,0.038260256,0.053084353,0.0,0.0
0.8067094419453124,0.421982432,0.03966251,0.056786799,0.0,0.0
0.8246966277456196,0.576573798,0.044225013,0.058309579,0.0,0.0
0.828899538594587,0.704672955,0.049963297,0.055930968,0.0,0.0
0.8321395947117894,0.785862996,0.055063466,0.059396935,0.0,0.0
0.8319656774792759,0.831198647,0.0611299055,0.064682856,0.0,0.0
0.8225721295698551,0.711563714,0.071327152,0.0726755875,0.0,0.0
0.8164498186157346,0.58901287,0.077835454,0.084304181,0.0,0.0
0.8134823426255151,0.482778876,0.086084885,0.099963998,0.0,0.0
0.8114474549675034,0.352453098,0.095418382,0.109681368,0.0,0.0
0.8068092935206999,0.24610694,0.090318759,0.10487783,0.0,0.0
0.798430537836071,0.148486417,0.081481104,0.098380076,0.0,0.0
0.7668287883753014,0.042066397,0.077442066,0.097377243,0.0,0.0
0.6973380223783598,0.0,0.059414064,0.090687929,0.0,0.0
0.6131710607899044,0.0,0.0415580965,0.0750042765,0.0,0.0
0.5927897457214151,0.0,0.049888718,0.067963226,0.0,0.0
0.6110015746013323,0.0507931535,0.054005647000000004,0.080267621,0.0,0.0
0.6920731368325289,0.191431663,0.049158704,0.076890877,0.0,0.0
0.7700300743496266,0.316460188,0.033930874,0.079268685,0.0,0.0
0.8081565586240664,0.471446729,0.033082129,0.092519764,0.0,0.0
0.8282631217740389,0.621362974,0.038784105,0.104152675,0.0,0.0
0.832641230099205,0.751481886,0.042500636,0.117749974,0.0,0.0
0.8349322390309549,0.853420972,0.033292801,0.104245098,0.0,0.0
0.8365991754678913,0.915653073,0.042697602,0.134252283,0.0,0.0
0.832908598357565,0.919441365,0.0702493955,0.18188042999999998,0.0,0.0
0.8264476880690652,0.828687927,0.102302704,0.226347623,0.0,0.0
0.8224223522067738,0.716391747,0.146211898,0.272633999,0.0,0.0
0.8199016481157102,0.583693318,0.185882376,0.313945191,0.0,0.0
0.8165342170419032,0.438271119,0.203350522,0.365509199,0.0,0.0
0.8117993129918374,0.281758565,0.227760558,0.419926158,0.0,0.0
0.8034212887688564,0.180760663,0.28915999,0.496870868,0.0,0.0
0.7696621231285513,0.058549444,0.348563694,0.573975149,0.0,0.0
0.7364838248429886,0.002503145,0.37278156,0.612117611,0.0,0.0
0.6654434846204337,0.0,0.440747048,0.690559446,0.0,0.0
0.6138378125334436,0.0,0.4492706415,0.7208824695,0.0,0.0
0.5930880660595967,0.0,0.4212806535,0.707558676,0.0,0.0
0.6109233255216598,0.0452404745,0.403549575,0.712597863,0.0,0.0
0.6947475045018305,0.173875324,0.37335935,0.681501577,0.0,0.0
0.7702082893838247,0.297788586,0.384118882,0.66952817,0.0,0.0
0.8072619175589623,0.447077298,0.394936388,0.645334806,0.0,0.0
0.8240143083994028,0.572993039,0.385124573,0.618836952,0.0,0.0
0.826525777136857,0.675613431,0.376467859,0.59608747,0.0,0.0
0.8272419289253856,0.8398654045,0.30205609850000004,0.5231421425,0.0,0.0
0.8229441042015964,0.9192707455,0.28071161099999997,0.5398371485,0.0,0.0
0.8141015688338887,0.799915643,0.27471551650000003,0.588938331,0.0,0.0
0.8090276083044939,0.611759547,0.254846984,0.573737226,0.0,0.0
0.8064860559957344,0.460478135,0.247102675,0.556273897,0.0,0.0
0.8032041206148883,0.298747783,0.222707967,0.527426484,0.0,0.0
0.7965516453367505,0.187751538,0.209879322,0.501393104,0.0,0.0
0.7664991500778334,0.060296687,0.207635705,0.478123962,0.0,0.0
0.7316188028179782,0.0,0.20830382,0.436979489,0.0,0.0
0.6415768505241097,0.0,0.195297104,0.365813739,0.0,0.0
0.5873233052570359,0.0,0.1754293255,0.218708066,0.0,0.0
0.5587666408186363,0.0,0.1630582695,0.1324601055,0.0,0.0
0.5599177687396619,0.0502999455,0.1643447215,0.1226580865,0.0,0.0
0.5696246787729169,0.193783764,0.139179576,0.118794794,0.0,0.0
0.6023888487720763,0.315385024,0.092194867,0.103658952,0.0,0.0
0.6431538107867899,0.458299631,0.085587995,0.087550346,0.0,0.0
0.6821587055854429,0.615275386,0.087787063,0.075548697,0.0,0.0
0.6916695699248031,0.7294629,0.096678306,0.073135501,0.0,0.0
0.6918311886129657,0.818906638,0.102663505,0.073104754,0.0,0.0
0.6920158043453457,0.899582141,0.1158526745,0.127826944,0.0,0.0
0.6860657192394486,0.8581136515000001,0.1338122155,0.248366414,0.0,0.0
0.6837211726215462,0.727152727,0.159470917,0.346040072,0.0,0.0
0.682873211325142,0.604369408,0.183451007,0.386308523,0.0,0.0
0.6825682158977597,0.453069341,0.200467084,0.411236663,0.0,0.0
0.6819222438484822,0.300972228,0.196412865,0.42594357,0.0,0.0
0.6793091404399425,0.190730726,0.186884668,0.436521959,0.0,0.0
0.6757591052647679,0.06035125,0.195845816,0.450247806,0.0,0.0
0.6616205950758983,0.001545893,0.223344812,0.464517761,0.0,0.0
0.6213027249841019,0.0,0.2448561585,0.4393986095,0.0,0.0
0.5637465790953786,0.0,0.214831314,0.35283359550000004,0.0,0.0
0.5566119678060817,0.0,0.17751156299999998,0.260752139,0.0,0.0
0.5594775804412603,0.096882797,0.156543405,0.216881081,0.0,0.0
0.5673377388845754,0.190719854,0.127947731,0.185105403,0.0,0.0
0.6018998321014141,0.311506942,0.106406317,0.155772122,0.0,0.0
0.6412325819531963,0.461070874,0.102304325,0.13628901,0.0,0.0
0.6800823501016745,0.603693671,0.103129839,0.130203918,0.0,0.0
0.6912699348649768,0.732639469,0.105497326,0.130656994,0.0,0.0
0.6924503234072132,0.796343681,0.10450145,0.126594339,0.0,0.0
0.6912494525267456,0.822735621,0.11155632,0.1344460275,0.0,0.0
0.6864658342605962,0.8031950415,0.10481124950000001,0.195643049,0.0,0.0
0.6841714649307143,0.671373773,0.108680367,0.275067873,0.0,0.0
0.6841588005812187,0.554517451,0.114098642,0.312622295,0.0,0.0
0.6842707678727059,0.41843696,0.116354473,0.331984523,0.0,0.0
0.682906449501315,0.287991032,0.109249089,0.333490958,0.0,0.0
0.6800035295722345,0.185035312,0.099703862,0.331117307,0.0,0.0
0.6696245873290628,0.029200748999999998,0.11277330299999999,0.31241082249999996,0.0,0.0
0.6418951504228301,0.0,0.1018080365,0.2406558245,0.0,0.0
0.5938641789745105,0.0,0.0898856415,0.145273963,0.0,0.0
0.5918983964566878,0.0,0.09365155750000001,0.131002578,0.0,0.0
0.6189759176860905,0.096112011,0.105560905,0.156639023,0.0,0.0
0.6873216822178109,0.19510117,0.109374044,0.157400689,0.0,0.0
0.7603483559684945,0.319450887,0.097845876,0.14524249,0.0,0.0
0.8026269564984099,0.480205541,0.104732572,0.146599361,0.0,0.0
0.8225583221721838,0.631162277,0.119054962,0.154269354,0.0,0.0
0.8257490012837296,0.760363799,0.132307495,0.175029198,0.0,0.0
0.828779753240044,0.860444525,0.1374278,0.193302827,0.0,0.0
0.8292189356114589,0.9288483885000001,0.14543744549999998,0.251908311,0.0,0.0
0.8231802001334125,0.912823069,0.179155819,0.353827882,0.0,0.0
0.8190251119526801,0.838096776,0.20655944,0.410082863,0.0,0.0
0.8148036389823682,0.735851507,0.246348936,0.45167001,0.0,0.0
0.8129984464836703,0.605399346,0.281561289,0.473832611,0.0,0.0
0.810993002200801,0.452290967,0.300648454,0.485331754,0.0,0.0
0.805894170191685,0.293423669,0.29411722,0.485021848,0.0,0.0
0.7974841422548326,0.183660213,0.281131603,0.473162097,0.0,0.0
0.7650739788835675,0.053696299,0.27184667,0.468698878,0.0,0.0
0.7315281865961999,0.0,0.276862872,0.486066874,0.0,0.0
0.6421809664233965,0.0,0.285008643,0.519921955,0.0,0.0
0.5939653336099544,0.0,0.235905366,0.4351175545,0.0,0.0
0.5922121243113461,0.0,0.218639372,0.3480278395,0.0,0.0
0.6192586476052234,0.089987669,0.226308055,0.321490802,0.0,0.0
0.687238198230183,0.192037966,0.206459705,0.303430997,0.0,0.0
0.7571580882948357,0.313550792,0.162155866,0.270226301,0.0,0.0
0.8016921736326172,0.451433656,0.132045677,0.231430897,0.0,0.0
0.8208890083734108,0.624151576,0.114969008,0.224470844,0.0,0.0
0.8253985149172064,0.750641328,0.104936206,0.223200014,0.0,0.0
0.8292302283774641,0.8763870295,0.087483231,0.1832767545,0.0,0.0
0.8275819913317017,0.922902678,0.12389399000000001,0.2291829745,0.0,0.0
0.8192109621473618,0.794558114,0.1499672765,0.241761271,0.0,0.0
0.8144513237387638,0.606219866,0.154729485,0.228209548,0.0,0.0
0.811469217475099,0.450564527,0.143565951,0.223644681,0.0,0.0
0.8061446221545688,0.291391936,0.135802732,0.221485288,0.0,0.0
0.7967857297118746,0.180170693,0.141684016,0.235709652,0.0,0.0
0.7645696461105546,0.051826907,0.157932753,0.25562529,0.0,0.0
0.6952882529465761,0.0,0.16236240000000002,0.2860704355,0.0,0.0
0.6109209252691317,0.0,0.117995161,0.227344324,0.0,0.0
0.5902219961308274,0.0,0.100617844,0.16810083650000002,0.0,0.0
0.6066067556996334,0.0388535635,0.07787134949999999,0.1174333025,0.0,0.0
0.6869307338781974,0.139956194,0.06692843,0.087050235,0.0,0.0
0.7571580882948357,0.246436938,0.060508663,0.087040378,0.0,0.0
0.7993263675820934,0.28496467,0.059952254,0.086619022,0.0,0.0
0.8201402128234887,0.428434403,0.064803388,0.086722233,0.0,0.0
0.8231102491524375,0.53811419,0.065004703,0.082732439,0.0,0.0
0.8245313056705523,0.618147019,0.057841408,0.055365066,0.0,0.0
0.8252432511458427,0.7231898185000001,0.07634957149999999,0.0819357545,0.0,0.0
0.818264109346853,0.6988058349999999,0.1128884475,0.132224261,0.0,0.0
0.8120173040215795,0.582159462,0.139678672,0.152534096,0.0,0.0
0.80912380227436,0.476344776,0.157074302,0.179250866,0.0,0.0
0.8064896221871299,0.326967245,0.175280328,0.208400284,0.0,0.0
0.8018049181671357,0.198929095,0.191689986,0.23145071,0.0,0.0
0.7943006867915631,0.090832949,0.205467563,0.275953187,0.0,0.0
0.7474252553707712,0.0114173375,0.192640681,0.326693758,0.0,0.0
0.6428287444590636,0.0,0.164571245,0.32228626250000003,0.0,0.0
0.5945128257416552,0.0,0.18493931349999998,0.30407097299999997,0.0,0.0
0.5926748066533118,0.0,0.2161238,0.28178893299999996,0.0,0.0
0.6195679406856492,0.018255174,0.210721319,0.277862791,0.0,0.0
0.6873216822178109,0.049930592,0.219111724,0.270066682,0.0,0.0
0.7568209521067136,0.089427052,0.23442582,0.261496657,0.0,0.0
0.7980892868231572,0.122658694,0.244974184,0.263305835,0.0,0.0
0.8189140133183502,0.184470058,0.2466993,0.274899811,0.0,0.0
0.8217475308998519,0.242357828,0.250229651,0.28458054,0.0,0.0
0.8220304895029403,0.342387536,0.28735506050000004,0.32090919549999997,0.0,0.0
0.8174711486598971,0.44824127599999997,0.34993846,0.38274068699999997,0.0,0.0
0.8110194281665846,0.461640596,0.380402528,0.410144569,0.0,0.0
0.8062386215908501,0.41005654049999996,0.41685766,0.441215016,0.0,0.0
0.8037883257000319,0.279798224,0.433987796,0.470890669,0.0,0.0
0.7999879301247402,0.176143646,0.430264922,0.485384154,0.0,0.0
0.7934664871114468,0.047673293,0.423598022,0.51027313,0.0,0.0
0.7463480788763743,0.0098825115,0.45249551,0.5474644795,0.0,0.0
0.6603940755469987,0.0,0.546538635,0.602981611,0.0,0.0
0.6113757208759665,0.0,0.6221487205,0.6080936725,0.0,0.0
0.5906281690100247,0.0,0.6460717615,0.565572081,0.0,0.0
0.6068642027754787,0.0245340035,0.6452646639999999,0.5735997515,0.0,0.0
0.687238198230183,0.118045959,0.635324236,0.590489711,0.0,0.0
0.75682954726416,0.23668439,0.638184165,0.609378562,0.0,0.0
0.7980892868231572,0.370462848,0.661626674,0.610036271,0.0,0.0
0.8193154314738744,0.535449431,0.676971407,0.610817293,0.0,0.0
0.8222881194070374,0.666992852,0.657325206,0.599637718,0.0,0.0
0.8227089225596799,0.797504043,0.591446264,0.516604117,0.0,0.0
0.82257766161088,0.9007684495,0.633268719,0.5526857430000001,0.0,0.0
0.8148732241581989,0.8373899625000001,0.6858309265,0.6022867199999999,0.0,0.0
0.8088591772573013,0.707275321,0.715134876,0.6696649,0.0,0.0
0.8059153840658845,0.552867899,0.73703388,0.702563894,0.0,0.0
0.8035855135771314,0.400129265,0.750443877,0.737881735,0.0,0.0
0.8001464856221606,0.252545109,0.713773567,0.780303157,0.0,0.0
0.7934664871114468,0.129219605,0.680687795,0.757301994,0.0,0.0
0.7453069522485658,0.020724931999999998,0.6933223205,0.710351028,0.0,0.0
0.6403116978992011,0.0,0.727275699,0.757431945,0.0,0.0
0.5861019519640167,0.0,0.7309750415,0.7473420495,0.0,0.0
0.5571782964501455,0.0,0.7260785525,0.752033586,0.0,0.0
0.558270194557793,0.0340571105,0.726678206,0.7393507610000001,0.0,0.0
0.567362884755315,0.166720054,0.695762142,0.717849902,0.0,0.0
0.5982943848045837,0.292596545,0.684046225,0.685946585,0.0,0.0
0.6368377402351262,0.448875214,0.64917396,0.63881386,0.0,0.0
0.6787072876719951,0.602242615,0.619345814,0.593835826,0.0,0.0
0.6896115023200017,0.728266427,0.585466558,0.560524273,0.0,0.0
0.6922284691273268,0.8476965125,0.505714714,0.5172556070000001,0.0,0.0
0.6914104769487693,0.8812391515,0.5154149459999999,0.5406310409999999,0.0,0.0
0.6897303732360038,0.724842081,0.48324115700000003,0.5768881834999999,0.0,0.0
0.6880187688843413,0.49367803,0.472464077,0.63113565,0.0,0.0
0.6867850713399078,0.370778828,0.461339519,0.661025697,0.0,0.0
0.6842520685558521,0.240907957,0.438560885,0.66113915,0.0,0.0
0.6822785365727283,0.144832395,0.404548523,0.632733643,0.0,0.0
0.6710394715356696,0.018624809,0.41383959150000005,0.6126413315,0.0,0.0
0.622335873536974,0.0,0.3866774215,0.611300724,0.0,0.0
0.5702680906321062,0.0,0.340263859,0.536785653,0.0,0.0
0.5575980936758012,0.0,0.27934973350000003,0.44903246799999996,0.0,0.0
0.5584992497439051,0.0329037565,0.253276051,0.35134907800000004,0.0,0.0
0.5673936082255014,0.165456416,0.197554299,0.26975081,0.0,0.0
0.5989947632714913,0.270846539,0.162629808,0.216522683,0.0,0.0
0.6379855764300952,0.376883551,0.141543889,0.184033274,0.0,0.0
0.679937236196781,0.503174983,0.124151178,0.17045298,0.0,0.0
0.6910229576793627,0.637739173,0.112008455,0.166926633,0.0,0.0
0.6942458233330318,0.764145329,0.106085768,0.169199131,0.0,0.0
0.6960855798100098,0.8339700210000001,0.15153666,0.213868263,0.0,0.0
0.6924838130837132,0.752601791,0.21573625600000002,0.26296380750000004,0.0,0.0
0.6890562835393709,0.63912292,0.279215601,0.287422103,0.0,0.0
0.6880050072680531,0.517791677,0.313575214,0.316417437,0.0,0.0
0.6860803038058307,0.410600983,0.356962628,0.381306637,0.0,0.0
0.6837412893775942,0.277804686,0.418736046,0.485129342,0.0,0.0
0.6811858382570374,0.174373389,0.45462067,0.602317025,0.0,0.0
0.6765135701255444,0.041446952,0.498014093,0.689482571,0.0,0.0
0.6615091535271158,0.0010208915,0.5398602965,0.7249595790000001,0.0,0.0
0.610904031864347,0.0,0.580815014,0.7328985029999999,0.0,0.0
0.5902864378871489,0.0,0.6509691365,0.7725498774999999,0.0,0.0
0.6068141854993386,0.0167595725,0.731342256,0.824320693,0.0,0.0
0.687238198230183,0.087853596,0.760016866,0.857353272,0.0,0.0
0.75682954726416,0.156228583,0.756140771,0.852576439,0.0,0.0
0.7981214733652804,0.253962762,0.758309967,0.834480096,0.0,0.0
0.8187966054742847,0.360879377,0.738192303,0.803851527,0.0,0.0
0.8218565264147228,0.4702487,0.723348683,0.776646553,0.0,0.0
0.822153155145653,0.591296552,0.680804539,0.709991349,0.0,0.0
0.8209303389293379,0.73565059,0.6289192625,0.592608486,0.0,0.0
0.8133955212047677,0.7840099684999999,0.5955830365,0.5224576155,0.0,0.0
0.8064935083279663,0.5396558305,0.578510454,0.508635855,0.0,0.0
0.8033439311627124,0.294551358,0.514903042,0.508554813,0.0,0.0
0.8003910854459381,0.171103667,0.426711817,0.492062775,0.0,0.0
0.793449570890291,0.071877713,0.319007353,0.477020226,0.0,0.0
0.7451517113678938,0.009088233,0.25917245850000004,0.4809286195,0.0,0.0
0.6597537726599348,0.0,0.235746293,0.497522738,0.0,0.0
0.6109209252691317,0.0,0.24042404699999997,0.471641677,0.0,0.0
0.5902864378871489,0.0,0.264496194,0.4611440015,0.0,0.0
0.6067367593697605,0.0181979265,0.27203460300000004,0.4755013615,0.0,0.0
0.687238198230183,0.108039949,0.264331505,0.46894996,0.0,0.0
0.7575888584113764,0.211550327,0.259167635,0.456245459,0.0,0.0
0.7993263675820934,0.306033917,0.269373331,0.441589305,0.0,0.0
0.8203144960097877,0.450937976,0.324367798,0.443456772,0.0,0.0
0.8230682786233089,0.549778073,0.404454016,0.439263882,0.0,0.0
0.8234034032547387,0.5842735045,0.38747850949999996,0.3565611325,0.0,0.0
0.8195058077825941,0.6201034085,0.309083039,0.27960135399999997,0.0,0.0
0.811091116461874,0.54997536,0.199922661,0.238267327,0.0,0.0
0.8068285872523332,0.41054258,0.12601064,0.228967322,0.0,0.0
0.8046134728547906,0.260130926,0.100350932,0.23832981,0.0,0.0
0.8009303938580795,0.164887759,0.092689048,0.236895182,0.0,0.0
0.7941147910384592,0.07427583,0.104062766,0.238274317,0.0,0.0
0.7480078601884688,0.011907272,0.1473799935,0.263396998,0.0,0.0
0.6435457649047494,0.0,0.228261235,0.300967977,0.0,0.0
0.5949035453973129,0.0,0.210359515,0.26663874600000004,0.0,0.0
0.5927308131154266,0.0,0.1828700815,0.288645554,0.0,0.0
0.6208081761980944,0.026834514,0.167546985,0.309063903,0.0,0.0
0.691469866774028,0.090388826,0.157666951,0.309400806,0.0,0.0
0.7662462293389872,0.202915724,0.131888293,0.298194117,0.0,0.0
0.8028869180572806,0.356045588,0.127085744,0.272843642,0.0,0.0
0.8279446390470668,0.5316197764999999,0.15806700299999998,0.23508308,0.0,0.0
0.8337297223246191,0.646114763,0.130888443,0.134423586,0.0,0.0
0.8350487782921837,0.6488473610000001,0.14820663099999998,0.17976443250000002,0.0,0.0
0.8264144956742755,0.626299757,0.1355527125,0.2914637125,0.0,0.0
0.8150646521009683,0.464585563,0.1121770595,0.31580253599999997,0.0,0.0
0.8112280008658247,0.289691059,0.104107619,0.294521564,0.0,0.0
0.8018586844629234,0.158946575,0.082206733,0.248022574,0.0,0.0
0.7660051041438387,0.026804515,0.068679391,0.199377064,0.0,0.0
0.6981627124624892,0.0,0.052050552,0.1527289195,0.0,0.0
0.6118956441423488,0.0,0.0432833335,0.10906764199999999,0.0,0.0
0.5907812838805462,0.0,0.037764711500000006,0.085285726,0.0,0.0
0.6070726841349133,0.023631821,0.0511843115,0.0997272525,0.0,0.0
0.6925812642579318,0.135152371,0.075650198,0.14076093,0.0,0.0
0.7681714814346059,0.259539129,0.055778991,0.131660558,0.0,0.0
0.8087020848318176,0.449800662,0.049855682,0.116692783,0.0,0.0
0.8313733343073154,0.591280443,0.057596728,0.112777019,0.0,0.0
0.8392507747026104,0.7670957700000001,0.0595118605,0.105857882,0.0,0.0
0.8427955520791379,0.7457932495,0.038596559,0.096627194,0.0,0.0
0.835150138646571,0.648994365,0.044384611,0.141476442,0.0,0.0
0.8257684321365517,0.5873086765,0.0860582555,0.2103588025,0.0,0.0
0.8189924681912866,0.470255182,0.124619213,0.249384314,0.0,0.0
0.8165072424427232,0.365311438,0.145217436,0.28042578,0.0,0.0
0.8097806099446928,0.249784166,0.15269692,0.310446399,0.0,0.0
0.8011517681023245,0.147998722,0.146339058,0.315862658,0.0,0.0
0.7522962209490136,0.0140447075,0.132535568,0.3043839745,0.0,0.0
0.6750686479803751,0.0,0.101828616,0.262799327,0.0,0.0
0.6169744053254408,0.0,0.1284125475,0.270638163,0.0,0.0
0.5913110596573681,0.0,0.21157595,0.374699966,0.0,0.0
0.6071921493913748,0.022971823,0.267317678,0.4317284145,0.0,0.0
0.6891110556135044,0.166928922,0.227096154,0.406105769,0.0,0.0
0.7626351586613267,0.274255961,0.205510034,0.357046981,0.0,0.0
0.8033124760822372,0.414536152,0.189899759,0.303172815,0.0,0.0
0.8248755742414657,0.565050539,0.17228104,0.2584448,0.0,0.0
0.8329944597070295,0.7697400885,0.1753164825,0.2774454395,0.0,0.0
0.8370784997143149,0.899585592,0.244721841,0.361337519,0.0,0.0
0.827102758499404,0.85204892,0.325559598,0.4626286975,0.0,0.0
0.8181614688974215,0.718192508,0.41181353,0.529438156,0.0,0.0
0.8137549229011389,0.581389547,0.424112549,0.574938138,0.0,0.0
0.8096515892365406,0.42692837,0.425698091,0.61128777,0.0,0.0
0.8037356565967163,0.268427319,0.428050038,0.627374184,0.0,0.0
0.7948608432727595,0.151158143,0.430279822,0.638932039,0.0,0.0
0.7477307993572291,0.0119496435,0.418684616,0.6249912559999999,0.0,0.0
0.6408696598468128,0.0,0.405598505,0.618146414,0.0,0.0
0.5861593072675712,0.0,0.39874594350000003,0.5834091084999999,0.0,0.0
0.557659037912802,0.0,0.40116552699999997,0.5706435695000001,0.0,0.0
0.5584992497439051,0.0195793045,0.3820880765,0.564677724,0.0,0.0
0.5673026261985787,0.126164246,0.388245938,0.498825498,0.0,0.0
0.5983106609782176,0.192853629,0.381319557,0.453658735,0.0,0.0
0.6367894603476211,0.244583469,0.370377118,0.428997987,0.0,0.0
0.6792069113540775,0.287847439,0.355219922,0.412326677,0.0,0.0
0.6885625119963946,0.330585936,0.347964308,0.420783033,0.0,0.0
0.6897916374967659,0.461110265,0.294301378,0.393780567,0.0,0.0
0.688838681205465,0.618158719,0.317167207,0.375337688,0.0,0.0
0.6841868724471911,0.730561461,0.3566682885,0.395760943,0.0,0.0
0.683369314745853,0.659989243,0.405305241,0.425951682,0.0,0.0
0.6832575760640011,0.577634317,0.438718542,0.435063617,0.0,0.0
0.6822551739463274,0.424576645,0.443683349,0.453535546,0.0,0.0
0.6814531608083344,0.257140661,0.420161847,0.44813873,0.0,0.0
0.6795498998299466,0.107467804,0.390941674,0.450726901,0.0,0.0
0.676878275327626,0.016845554,0.344113448,0.459581179,0.0,0.0
0.6515313549741294,0.0,0.325876216,0.47304672049999996,0.0,0.0
0.5861019519640167,0.0,0.34193824650000004,0.46158196900000004,0.0,0.0
0.5575980936758012,0.0,0.28704474199999996,0.43604308950000004,0.0,0.0
0.5584992497439051,0.0143929515,0.26579522,0.4181514595,0.0,0.0
0.5673936082255014,0.12126123,0.248663077,0.368680457,0.0,0.0
0.5987390535842808,0.192444611,0.243187912,0.328706554,0.0,0.0
0.6369550568137068,0.313433869,0.233641047,0.293114561,0.0,0.0
0.6795184903822139,0.432625344,0.210217674,0.259744166,0.0,0.0
0.6897566620062784,0.567912467,0.163638067,0.208993874,0.0,0.0
0.6924503234072132,0.645919036,0.104497224,0.129633761,0.0,0.0
0.6934686816747597,0.813250712,0.105743011,0.1248538595,0.0,0.0
0.6905807806406401,0.7833131680000001,0.1086843855,0.11877422900000001,0.0,0.0
0.6889207707932311,0.695517591,0.106695898,0.112804038,0.0,0.0
0.688553550885163,0.577261966,0.098531078,0.107852018,0.0,0.0
0.6878547726857015,0.43334165,0.090891668,0.095453956,0.0,0.0
0.6853784622669864,0.28169471,0.09141759,0.086297841,0.0,0.0
0.6819425890655245,0.169617157,0.089623739,0.081374055,0.0,0.0
0.6777412325539789,0.026593984,0.088215439,0.077743401,0.0,0.0
0.6622428386936307,0.001250564,0.06639461399999999,0.069591929,0.0,0.0
0.6111669423834625,0.0,0.057156176,0.07834704349999999,0.0,0.0
0.5902864378871489,0.0,0.0704998335,0.096078643,0.0,0.0
0.6066923885137832,0.0185594775,0.0723998285,0.101025498,0.0,0.0
0.6888360979760442,0.172845277,0.065927449,0.091738782,0.0,0.0
0.7660852049169636,0.292983162,0.057660194,0.090914434,0.0,0.0
0.8039892175317254,0.453450894,0.059351138,0.09599758,0.0,0.0
0.8279290029952755,0.609834905,0.06309072,0.101960525,0.0,0.0
0.8334625369688312,0.746803499,0.067153673,0.108401147,0.0,0.0
0.8366749785879727,0.847801104,0.060413,0.099810338,0.0,0.0
0.8391073981120315,0.9097618525,0.0585571785,0.105417592,0.0,0.0
0.8301502437743021,0.850058419,0.06845564400000001,0.1306917465,0.0,0.0
0.8234468368558041,0.708830456,0.078966819,0.171029281,0.0,0.0
0.8197108145133998,0.559405881,0.086676489,0.195524969,0.0,0.0
0.8173032206133583,0.412256422,0.096735058,0.213600137,0.0,0.0
0.8102693525216182,0.255982809,0.109784113,0.233556426,0.0,0.0
0.8014851554194399,0.160047758,0.125783893,0.253266743,0.0,0.0
0.7663042932134979,0.022674984,0.139861294,0.267399706,0.0,0.0
0.6978474758288313,0.000937822,0.1409680395,0.262066517,0.0,0.0
0.6117867172252324,0.0,0.119654046,0.2206490625,0.0,0.0
0.5907812838805462,0.0,0.1003168945,0.151891775,0.0,0.0
0.6071229299463683,0.0096587035,0.088953959,0.09816604300000001,0.0,0.0
0.6908527893178557,0.107007445,0.07689798,0.076973356,0.0,0.0
0.7679312706779979,0.206964552,0.056196262,0.057570421,0.0,0.0
0.8094246372442078,0.36426433,0.044419584,0.044572442,0.0,0.0
0.8313733343073154,0.473421453,0.040323387,0.038633052,0.0,0.0
0.8396974552619609,0.597564377,0.031162996,0.028223122000000003,0.0,0.0
0.8412760613505094,0.649100204,0.0321363,0.0484059315,0.0,0.0
0.829411872333228,0.5286346745,0.038402463,0.0559047065,0.0,0.0
0.8180137030910323,0.383431555,0.033111588,0.040764446,0.0,0.0
0.8141471055544129,0.312398433,0.024090711,0.035444534,0.0,0.0
0.8113718348243147,0.232815172,0.022682976,0.040925191,0.0,0.0
0.8071945269167163,0.158313207,0.030593397,0.053084811,0.0,0.0
0.7988118392355472,0.11728225,0.052079808,0.076508558,0.0,0.0
0.7517148277772465,0.009640313499999999,0.0751663045,0.0921325295,0.0,0.0
0.6786608822943134,0.0,0.091211822,0.172362966,0.0,0.0
0.6291497847493428,0.0,0.0930405645,0.1648846335,0.0,0.0
0.6018424082744255,0.0,0.09653532449999999,0.16729968099999998,0.0,0.0
0.6127308953821943,0.0057893675,0.10962263750000001,0.171786455,0.0,0.0
0.6930968898712704,0.077040208,0.13135808,0.205498541,0.0,0.0
0.764018359177823,0.149760539,0.128163003,0.213470899,0.0,0.0
0.8025147605972878,0.223538269,0.124671474,0.220732025,0.0,0.0
0.8221648594238655,0.366947022,0.13239101,0.260956344,0.0,0.0
0.8260177411255801,0.479816075,0.141994042,0.293718038,0.0,0.0
0.8290379774846003,0.58896608,0.153939029,0.280933173,0.0,0.0
0.831776261167519,0.670924148,0.1920441265,0.2984782245,0.0,0.0
0.8246021252343642,0.6627785395,0.24989523750000003,0.3324288575,0.0,0.0
0.817328274921331,0.612152994,0.322923221,0.397942576,0.0,0.0
0.8144513237387638,0.50717701,0.383830951,0.465740494,0.0,0.0
0.8111056553211933,0.397121146,0.404199528,0.514670854,0.0,0.0
0.8060178873941272,0.262558011,0.404810662,0.567422086,0.0,0.0
0.7973254037805194,0.161135604,0.369109144,0.580161035,0.0,0.0
0.7489863508977044,0.0109094445,0.3567088315,0.574261241,0.0,0.0
0.6435425873348694,0.0,0.397443198,0.599034292,0.0,0.0
0.5944089051228592,0.0,0.35387586400000004,0.5752414505,0.0,0.0
0.592290624817025,0.0,0.3449205755,0.5676991825,0.0,0.0
0.619386113827313,0.025096803,0.340139246,0.574928357,0.0,0.0
0.6872553430609739,0.147196634,0.335161675,0.583839045,0.0,0.0
0.7580485231210223,0.248308604,0.304532827,0.538891647,0.0,0.0
0.8016921736326172,0.392247755,0.27526437,0.470778454,0.0,0.0
0.8213573599519106,0.552695697,0.257048509,0.410005463,0.0,0.0
0.8246750480662757,0.691579857,0.256939681,0.377579798,0.0,0.0
0.8257490012837296,0.799909399,0.212490668,0.288353821,0.0,0.0
0.8282815010671316,0.8835984564999999,0.2125989835,0.2739463935,0.0,0.0
0.8211249215512956,0.8612688435,0.24813665,0.289979824,0.0,0.0
0.8147602053813028,0.729064473,0.288242694,0.315686128,0.0,0.0
0.8129836333819731,0.593561013,0.318961111,0.334723228,0.0,0.0
0.8086880031917686,0.443168677,0.337554494,0.363661047,0.0,0.0
0.8037356565967163,0.280514262,0.34207204,0.39584142,0.0,0.0
0.7951846294311212,0.166320895,0.325580008,0.426618471,0.0,0.0
0.7469493830109256,0.007572272,0.315231841,0.45779791049999996,0.0,0.0
0.6421473854070912,0.0,0.3102439255,0.48442446000000006,0.0,0.0
0.5940028236577877,0.0,0.272647865,0.390735821,0.0,0.0
0.5921023515534437,0.0,0.29616847749999997,0.38934970199999996,0.0,0.0
0.6191231804918261,0.021996901,0.29079491,0.393609122,0.0,0.0
0.6869307338781974,0.164587049,0.26327997,0.362962689,0.0,0.0
0.7575888584113764,0.28021995,0.229761901,0.3329316,0.0,0.0
0.8000160934048384,0.43906351,0.225556942,0.302474911,0.0,0.0
0.8208890083734108,0.588624602,0.2312968,0.28957509,0.0,0.0
0.8247269855593025,0.730274103,0.247533327,0.302726995,0.0,0.0
0.8265266915753978,0.816432019,0.259948022,0.326822295,0.0,0.0
0.8297441623092306,0.8868291375,0.2453588705,0.332687249,0.0,0.0
0.8223332903967377,0.839824678,0.2128562695,0.332198444,0.0,0.0
0.8165023047421576,0.692354765,0.224270349,0.347668216,0.0,0.0
0.8138997625636547,0.564253778,0.236825339,0.34686748,0.0,0.0
0.8113283096604825,0.423738075,0.232599047,0.335174736,0.0,0.0
0.8068514470267213,0.275492413,0.212312732,0.321629314,0.0,0.0
0.797723347158774,0.159231987,0.198823493,0.31832404,0.0,0.0
0.7482693533427105,0.006729743,0.19768321049999998,0.3422655905,0.0,0.0
0.6408679225324984,0.0,0.133529029,0.284219305,0.0,0.0
0.586156426905081,0.0,0.15915583300000002,0.3244528725,0.0,0.0
0.5574073515619371,0.0,0.16152614250000003,0.3244190605,0.0,0.0
0.5583085304464123,0.009838487,0.1304936,0.28096833050000003,0.0,0.0
0.5673936082255014,0.163448446,0.117839269,0.261463761,0.0,0.0
0.6018998321014141,0.274573342,0.118618226,0.243841491,0.0,0.0
0.6432922496768032,0.382665011,0.120451062,0.227536049,0.0,0.0
0.6820418462261326,0.557223525,0.127123782,0.217323861,0.0,0.0
0.6960374142273222,0.7574511374999999,0.13257007999999998,0.1974398375,0.0,0.0
0.7010144492508825,0.8379548045,0.15036487250000002,0.1906273365,0.0,0.0
0.6983489969114292,0.7544531825,0.211289181,0.207368385,0.0,0.0
0.6936620526507872,0.5508795345,0.22507548049999998,0.2267416985,0.0,0.0
0.6896937976267112,0.34722228,0.192674067,0.217196459,0.0,0.0
0.6846285694502721,0.1639747815,0.17775256550000001,0.229883054,0.0,0.0
0.6722031495756937,0.0040846595,0.18517459549999998,0.261327607,0.0,0.0
0.6232465620917566,0.0,0.174059593,0.262374872,0.0,0.0
0.5621349709962024,0.0,0.13089927433333334,0.26139127666666667,0.0,0.0
0.5585945751309342,0.0066783385,0.133105856,0.2834430995,0.0,0.0
0.5687068579096635,0.11365076,0.146741,0.311327543,0.0,0.0
0.6078381215149729,0.206142669,0.167156514,0.311662513,0.0,0.0
0.6428883628939573,0.35205224,0.18455986,0.306785727,0.0,0.0
0.6819293303012492,0.483090878,0.19195937,0.295431924,0.0,0.0
0.6940691627848963,0.622929822,0.188459171,0.2721623,0.0,0.0
0.6990793902775667,0.7010040710000001,0.226145522,0.27785957149999996,0.0,0.0
0.6996714132771255,0.682144246,0.2464221315,0.252266665,0.0,0.0
0.6961593255176953,0.557260211,0.22766627,0.235384331,0.0,0.0
0.6931074511013072,0.460341923,0.245358638,0.248309257,0.0,0.0
0.6893326586160256,0.366069578,0.277214981,0.266784272,0.0,0.0
0.6845191167904512,0.1909058115,0.278931755,0.2904464965,0.0,0.0
0.6788807478338793,0.010018297,0.277646419,0.323361549,0.0,0.0
0.664316999569494,0.0005818235,0.26494903449999996,0.3723801445,0.0,0.0
0.6117867172252324,0.0,0.24239875049999998,0.37796483599999997,0.0,0.0
0.5909131849511886,0.0,0.23271659,0.3902008305,0.0,0.0
0.6070726841349133,0.0052370935,0.2458630095,0.42660643249999997,0.0,0.0
0.6904473480489473,0.105594322,0.269385061,0.451417278,0.0,0.0
0.7649464212473521,0.187476744,0.292411165,0.444163405,0.0,0.0
0.803198177061656,0.254519924,0.302201561,0.427114721,0.0,0.0
0.8236898821935189,0.343149311,0.2967745,0.418700318,0.0,0.0
0.8284331073072941,0.441872535,0.289937217,0.404940349,0.0,0.0
0.8311813120240867,0.522996957,0.262629512,0.376167735,0.0,0.0
0.8321982072940168,0.5430789680000001,0.2482409035,0.301342889,0.0,0.0
0.8273027359668774,0.5014976305,0.25817809199999997,0.286337308,0.0,0.0
0.8207607192012271,0.4381215005,0.29249318950000003,0.3381401585,0.0,0.0
0.817474943460928,0.306162587,0.276435342,0.35848919,0.0,0.0
0.8121409298098957,0.210359129,0.25670728,0.359548833,0.0,0.0
0.8025182353745575,0.124409322,0.228408612,0.354796335,0.0,0.0
0.7568145969669537,0.006790844999999999,0.21194145450000001,0.340110693,0.0,0.0
0.6754213746618662,0.0,0.182004976,0.317336911,0.0,0.0
0.6181143090782159,0.0,0.14569493249999999,0.255390911,0.0,0.0
0.5937267002301008,0.0,0.1218186365,0.20282554,0.0,0.0
0.610532651573065,0.005884499,0.122210711,0.203564151,0.0,0.0
0.6972506979569587,0.141908525,0.10851871,0.173801433,0.0,0.0
0.7679312706779979,0.244988033,0.089903288,0.138223465,0.0,0.0
0.8043556144153787,0.295268121,0.086066218,0.119705543,0.0,0.0
0.8300352132920732,0.474594615,0.077712405,0.107295939,0.0,0.0
0.8356653984547652,0.653126993,0.066963934,0.09345124,0.0,0.0
0.8432275108022764,0.8139335745,0.062164206,0.0724876705,0.0,0.0
0.8454455511950518,0.863956738,0.074975491,0.07793786,0.0,0.0
0.8363588275900946,0.7520420525,0.07248309550000001,0.0766145295,0.0,0.0
0.8300193029235837,0.556080001,0.064246059,0.077220002,0.0,0.0
0.8264959681052113,0.408353533,0.061919797,0.07496921,0.0,0.0
0.8186506685449766,0.262858556,0.059239023,0.068494568,0.0,0.0
0.8068206319937681,0.144041874,0.057601763,0.056101538,0.0,0.0
0.7583606051498123,0.006137324499999999,0.0571835995,0.049902553,0.0,0.0
0.6819361425116387,0.0,0.048016714,0.053482997,0.0,0.0
0.6226182606159746,0.0,0.047073568499999996,0.057606601,0.0,0.0
0.594318517510716,0.0,0.06271818600000001,0.079058451,0.0,0.0
0.6094071723004713,0.0049733535,0.0753929465,0.08279953649999999,0.0,0.0
0.7014836923772313,0.133649943,0.060395144,0.057057388,0.0,0.0
0.7794834234478725,0.231243824,0.041892937,0.037363703,0.0,0.0
0.8224859938293723,0.352751822,0.03646238,0.032655846,0.0,0.0
0.8426536384118549,0.455352795,0.037158355,0.032897675,0.0,0.0
0.8500664306898755,0.62747821,0.039643478,0.035697299,0.0,0.0
0.8571127345214758,0.720056003,0.026291627,0.031293072,0.0,0.0
0.8554031417265052,0.8020805095,0.028350592,0.0542639325,0.0,0.0
0.8429168918454231,0.7846152065,0.061601689,0.0977789795,0.0,0.0
0.8322710843445451,0.575818801,0.1041100945,0.1595561335,0.0,0.0
0.8278690188295578,0.38162837,0.140758466,0.217826154,0.0,0.0
0.8205463857026861,0.252670691,0.141037625,0.246590325,0.0,0.0
0.8082147139127032,0.144552095,0.159865855,0.274817039,0.0,0.0
0.7603178152522394,0.0055601209999999995,0.184650166,0.29648010599999997,0.0,0.0
0.68620731280865,0.0,0.174389769,0.267463672,0.0,0.0
0.6376098070716437,0.0,0.1729614855,0.2402423945,0.0,0.0
0.6048481972625726,0.0,0.1738483085,0.21798303349999998,0.0,0.0
0.6153266253503079,0.004861272,0.186773338,0.231690908,0.0,0.0
0.7022642172500063,0.15106437,0.181484983,0.223379137,0.0,0.0
0.7765510601436496,0.260456964,0.142776016,0.200179296,0.0,0.0
0.8165669522174226,0.416826737,0.126252468,0.175050104,0.0,0.0
0.8384548423876793,0.566467704,0.117333152,0.145073964,0.0,0.0
0.84486985007619,0.706658138,0.109350676,0.122063572,0.0,0.0
0.8524186580266835,0.8288699235,0.0847207395,0.078832022,0.0,0.0
0.8500131215390377,0.8900059185,0.078465641,0.07694753500000001,0.0,0.0
0.8373947878333818,0.753567054,0.0858762855,0.10529761,0.0,0.0
0.8311458336815863,0.527396241,0.102766579,0.134373017,0.0,0.0
0.8274555308879582,0.378159773,0.126414914,0.159247567,0.0,0.0
0.8185126867255926,0.240350815,0.162644129,0.186878014,0.0,0.0
0.8067988694861724,0.146073272,0.215206635,0.226714379,0.0,0.0
0.772962529216616,0.009595593,0.259158529,0.273703735,0.0,0.0
0.7159783810598497,0.0011363245,0.28256838650000005,0.34030360550000005,0.0,0.0
0.6370190412764376,0.0,0.25589286499999997,0.337107187,0.0,0.0
0.6081664569010254,0.0,0.23038430199999999,0.295703225,0.0,0.0
0.6219261117243302,0.0042310305,0.2638237565,0.291785211,0.0,0.0
0.7032019261110317,0.152589152,0.181624163,0.296679202,0.0,0.0
0.7808270309457174,0.275366308,0.146513347,0.286153139,0.0,0.0
0.8212363859164494,0.428893915,0.142355585,0.260786653,0.0,0.0
0.8402134923131865,0.585553681,0.151563134,0.246000935,0.0,0.0
0.8478910008737507,0.720549275,0.162652413,0.241213023,0.0,0.0
0.8536620024369336,0.821866854,0.205948799,0.282632073,0.0,0.0
0.8559900441972463,0.884959377,0.265436962,0.308834196,0.0,0.0
0.850118962449041,0.844894555,0.3175977585,0.31277085,0.0,0.0
0.8399572796253223,0.741273182,0.354735734,0.333965787,0.0,0.0
0.8346979718275791,0.643393351,0.381288536,0.364831765,0.0,0.0
0.8311458336815863,0.53192299,0.415827588,0.411235637,0.0,0.0
0.8270989179913102,0.39069577,0.439899801,0.487102317,0.0,0.0
0.8182156009240331,0.230877712,0.440346077,0.546818122,0.0,0.0
0.8065876450340773,0.141258136,0.480208231,0.592498449,0.0,0.0
0.7623485424527168,0.002630162,0.5090612155,0.6314759475,0.0,0.0
0.6527107605543911,0.0,0.56507777,0.6884765205000001,0.0,0.0
0.6036309587943451,0.0,0.486127297,0.591656563,0.0,0.0
0.5890874186258133,0.0,0.438256712,0.525256194,0.0,0.0
0.5873260026426335,0.003527389,0.4852010945,0.642463235,0.0,0.0
0.5919953220368428,0.145850183,0.545012885,0.710788291,0.0,0.0
0.6289360228492102,0.261083118,0.56848139,0.725958876,0.0,0.0
0.6584148286202779,0.406108318,0.599352626,0.725247028,0.0,0.0
0.6984764860242103,0.554460283,0.609529867,0.689457177,0.0,0.0
0.7083462034265459,0.65372538,0.611893913,0.64815963,0.0,0.0
0.7111404478645165,0.758883708,0.523266787,0.590506567,0.0,0.0
0.7108010484707346,0.818707255,0.5815418560000001,0.5606808755,0.0,0.0
0.7034654309706063,0.7436212824999999,0.642186944,0.654841389,0.0,0.0
0.6985222055729864,0.595231534,0.620101264,0.683612303,0.0,0.0
0.6971809298042354,0.372456318,0.486539532,0.60792074,0.0,0.0
0.6933771510144409,0.231793016,0.341550076,0.505235311,0.0,0.0
0.6857224108141388,0.106060741,0.252363618,0.419977888,0.0,0.0
0.6826452076987594,0.038842485,0.230196449,0.364314543,0.0,0.0
0.6765852584208338,0.003929092,0.1992400965,0.36039753,0.0,0.0
0.6400085084582083,0.0,0.21167428900000002,0.3538620875,0.0,0.0
0.5903290256474284,0.0,0.247583592,0.327485446,0.0,0.0
0.5725161001427284,0.0,0.248899539,0.4177028065,0.0,0.0
0.5625574809422372,0.0024987675,0.1944526405,0.34156211999999997,0.0,0.0
0.5715077773625142,0.12830572,0.160191722,0.263220113,0.0,0.0
0.6087585027169553,0.257376329,0.129426678,0.223003223,0.0,0.0
0.6430245614690026,0.374020069,0.147927976,0.213589189,0.0,0.0
0.6818673803602228,0.490225432,0.142635766,0.196074837,0.0,0.0
0.6925528267354559,0.582943859,0.133744341,0.174162208,0.0,0.0
0.696057279408723,0.674208541,0.118225462,0.1427793665,0.0,0.0
0.6936726824785786,0.7527715095,0.108102217,0.13440849500000002,0.0,0.0
0.6914147746018129,0.6971725395,0.102995558,0.1005550965,0.0,0.0
0.6888422701389113,0.503167625,0.159504422,0.115577026,0.0,0.0
0.6878409652880302,0.340157792,0.20500154,0.147679388,0.0,0.0
0.6857973909098053,0.173377883,0.243876128,0.188005538,0.0,0.0
0.68201967228065,0.063611115,0.306650495,0.242336247,0.0,0.0
0.6772251269793192,0.0028141445,0.3579099195,0.32964900799999997,0.0,0.0
0.6653899013015387,0.0,0.399290288,0.40417314400000004,0.0,0.0
0.6206013406645279,0.0,0.414134448,0.463336508,0.0,0.0
0.6173231086705865,0.0,0.3892803,0.5104524605,0.0,0.0
0.6335008042448318,0.001342939,0.3390422145,0.520268057,0.0,0.0
0.705689712198324,0.057309872,0.271965572,0.485501817,0.0,0.0
0.7794834234478725,0.109168906,0.188998187,0.415092404,0.0,0.0
0.8165105342431004,0.318723274,0.140016341,0.338223666,0.0,0.0
0.8353900750121604,0.426285079,0.110456197,0.297047202,0.0,0.0
0.8406954681638243,0.582335902,0.105655103,0.295211239,0.0,0.0
0.8474789759297676,0.687397271,0.1033402105,0.2485104745,0.0,0.0
0.8470543323433517,0.6640564675,0.14243963450000002,0.265285394,0.0,0.0
0.8378216259533824,0.535441475,0.117372778,0.230345803,0.0,0.0
0.832691704520295,0.455906573,0.089353955,0.182521164,0.0,0.0
0.8301082732451734,0.378394835,0.073414206,0.143209633,0.0,0.0
0.8256816106414837,0.291385445,0.067098569,0.113254789,0.0,0.0
0.8185126867255926,0.178144721,0.071578423,0.118568027,0.0,0.0
0.8074874066279991,0.078273298,0.087675818,0.153469185,0.0,0.0
0.7627194655247285,0.0026487855,0.13403671350000002,0.247065689,0.0,0.0
0.6945767417255438,0.0,0.191029531,0.291639756,0.0,0.0
0.6453099925783443,0.0,0.2731660105,0.391289211,0.0,0.0
0.6238713661225384,0.0,0.352031286,0.4876954435,0.0,0.0
0.6363527011194261,0.002113424,0.3878988075,0.4828935865,0.0,0.0
0.7122905242258127,0.118464402,0.368946607,0.531795092,0.0,0.0
0.784465944879715,0.193164215,0.350171923,0.561769633,0.0,0.0
0.8244566912313893,0.29823425,0.304153321,0.5546162,0.0,0.0
0.8430477413563362,0.333930176,0.317947861,0.554487303,0.0,0.0
0.8485993802319659,0.427972452,0.327939371,0.557066959,0.0,0.0
0.855818047107299,0.435072578,0.238397214,0.453231214,0.0,0.0
0.8557432040585009,0.4503269485,0.308301441,0.49359891,0.0,0.0
0.8444233982751155,0.403607457,0.3484815275,0.5718309115,0.0,0.0
0.8339294254753943,0.338708087,0.395539396,0.640135086,0.0,0.0
0.8310370209949671,0.299517094,0.343376533,0.609922815,0.0,0.0
0.8192369766009382,0.215720292,0.244013322,0.528220258,0.0,0.0
0.8139851668424897,0.131717538,0.184787094,0.39671327,0.0,0.0
0.8037855825330509,0.09830618,0.167214683,0.296145416,0.0,0.0
0.7602835712977203,0.0022945685,0.1619558875,0.2894874685,0.0,0.0
0.6865335678916151,0.0,0.161973287,0.282381092,0.0,0.0
0.6351092195879873,0.0,0.145092484,0.238979414,0.0,0.0
0.6008769247548177,0.0,0.140839189,0.239496369,0.0,0.0
0.6129446573566474,0.0014086115,0.13201135549999998,0.236332192,0.0,0.0
0.695615490991516,0.082806893,0.108704789,0.235565137,0.0,0.0
0.7677391569806434,0.181173965,0.097725097,0.191559539,0.0,0.0
0.8050125134998375,0.333577436,0.090070962,0.16008689,0.0,0.0
0.8238252122600478,0.417226053,0.079601179,0.136154017,0.0,0.0
0.8280920391226322,0.53521534,0.070148543,0.104797671,0.0,0.0
0.8303119082438479,0.600540421,0.079119714,0.115036218,0.0,0.0
0.8314288379174173,0.725963922,0.06536299400000001,0.06868112900000001,0.0,0.0
0.827368846514079,0.703263841,0.066681613,0.072846522,0.0,0.0
0.8218354954430955,0.5814867555,0.07481367650000001,0.0779059035,0.0,0.0
0.8164921549500077,0.418345826,0.089087648,0.083886342,0.0,0.0
0.8126403706637263,0.331418783,0.087647898,0.078854275,0.0,0.0
0.807229731016839,0.160062804,0.086271194,0.072688786,0.0,0.0
0.7997802717153999,0.058395426,0.080097539,0.064771355,0.0,0.0
0.75278953534704,0.002336812,0.0662697215,0.052887819,0.0,0.0
0.6506619740845822,0.0,0.0388209385,0.034703215,0.0,0.0
0.5997780770926306,0.0,0.035539259,0.040046717,0.0,0.0
0.5924342758729428,0.0,0.03344038,0.040140738,0.0,0.0
0.6092596580687293,0.00158666,0.025614624500000002,0.034937051999999996,0.0,0.0
0.689735676741714,0.090555855,0.017934958,0.03380086,0.0,0.0
0.767353283537105,0.168765153,0.016255768,0.037224838,0.0,0.0
0.8058803627940136,0.254352866,0.01868734,0.04285954,0.0,0.0
0.8281750658909897,0.340771933,0.026893154,0.047203163,0.0,0.0
0.8323343603106399,0.481275154,0.035618185,0.053355455,0.0,0.0
0.8365914031118984,0.7471514109999999,0.0551245495,0.0595247245,0.0,0.0
0.8364280013280383,0.8816979730000001,0.06858401950000001,0.06678975749999999,0.0,0.0
0.8263957506503589,0.7614323665,0.0747025425,0.072812072,0.0,0.0
0.820578755221702,0.570997336,0.066818365,0.069618975,0.0,0.0
0.8159565042920288,0.406990045,0.065199521,0.069038162,0.0,0.0
0.8115136569288309,0.233522941,0.061762228,0.064582408,0.0,0.0
0.8018937056604737,0.12474355,0.05863786,0.058288819,0.0,0.0
0.7526655209372081,0.0022822835,0.0512866065,0.060117996,0.0,0.0
0.6704293892667793,0.0,0.054865822,0.067998304,0.0,0.0
0.6135988590555086,0.0,0.059193052499999996,0.085322813,0.0,0.0
0.5920754913334019,0.0,0.0497681955,0.091198082,0.0,0.0
0.6093073207994041,0.0013823605,0.0405485425,0.0686233145,0.0,0.0
0.689735676741714,0.135223716,0.037711485,0.055284226,0.0,0.0
0.769793612612666,0.249013719,0.02335223,0.053117241,0.0,0.0
0.8110086383269126,0.413288145,0.028417916,0.067173033,0.0,0.0
0.8313845813662576,0.54795459,0.037422215,0.076095158,0.0,0.0
0.8369524050013953,0.662628243,0.044313165,0.082638829,0.0,0.0
0.8409461944434061,0.7927101795,0.05253290149999999,0.085737773,0.0,0.0
0.8408795352628082,0.741108824,0.0877218795,0.11835419550000001,0.0,0.0
0.8340696930938478,0.665364503,0.106131545,0.14576649,0.0,0.0
0.8300781896738683,0.575683126,0.140378428,0.170662281,0.0,0.0
0.8245686127414931,0.447716367,0.164073592,0.175313233,0.0,0.0
0.8200132952347954,0.320176141,0.159109059,0.163356342,0.0,0.0
0.8141140959878752,0.188687775,0.139652685,0.155364815,0.0,0.0
0.8041282964692607,0.08783234,0.148314341,0.174425942,0.0,0.0
0.7584398371171392,0.0005946585,0.16863265100000002,0.2227060215,0.0,0.0
0.6413060076371209,0.0,0.2007517505,0.2964224865,0.0,0.0
0.5827207364575503,0.0,0.2254125205,0.362171897,0.0,0.0
0.5689656765689993,0.0,0.223895946,0.380382727,0.0,0.0
0.5742374429229744,0.0303166135,0.1831278565,0.357271629,0.0,0.0
0.612519122296703,0.139268346,0.193775395,0.358942225,0.0,0.0
0.643996148553723,0.229611182,0.230565851,0.381984858,0.0,0.0
0.6817985722787826,0.379980991,0.282114795,0.416469989,0.0,0.0
0.693450302381667,0.504731749,0.301911986,0.453519319,0.0,0.0
0.6977610200645872,0.6269636949999999,0.39850388049999996,0.5145021945,0.0,0.0
0.6965863465402682,0.6592531564999999,0.393155203,0.5088543905,0.0,0.0
0.6920145699573644,0.631899228,0.42361838,0.495659887,0.0,0.0
0.6884577227204414,0.477648436,0.431678586,0.512026453,0.0,0.0
0.685547944799588,0.312516043,0.43395253,0.553112872,0.0,0.0
0.6840707446981695,0.185423357,0.441955068,0.596510876,0.0,0.0
0.6818103679711212,0.07862673,0.465701612,0.63506261,0.0,0.0
0.6796656617738237,0.037994884,0.475765087,0.671390237,0.0,0.0
0.67249714937014,0.002287607,0.526092172,0.7274362544999999,0.0,0.0
0.6322906065223085,0.0,0.6502137800000001,0.821400133,0.0,0.0
0.5680634231597828,0.0,0.6856448534999999,0.8795082935,0.0,0.0
0.5594792264157693,0.0,0.6550380339999999,0.8819930705,0.0,0.0
0.5656901876677185,0.046613462,0.6392941555,0.8806546065,0.0,0.0
0.6028607207605885,0.200096766,0.603912917,0.866103342,0.0,0.0
0.6410767238413736,0.352931282,0.681463511,0.853829627,0.0,0.0
0.6802585534305395,0.38066008,0.675265783,0.853145131,0.0,0.0
0.6905386043182477,0.364198405,0.67503658,0.85778523,0.0,0.0
0.6914754445221157,0.383088664,0.595455504,0.800019867,0.0,0.0
0.6904049659332907,0.4943969115,0.607215098,0.8110588905,0.0,0.0
0.6843495885507866,0.6079751485,0.6640083155000001,0.8412719824999999,0.0,0.0
0.6815511378738984,0.439131219,0.688794354,0.863968662,0.0,0.0
0.6814105500830429,0.301275641,0.702409855,0.873420462,0.0,0.0
0.6815295125618119,0.202106677,0.678858347,0.870957909,0.0,0.0
0.6802910143636812,0.112254966,0.627622638,0.863781726,0.0,0.0
0.6781073551952547,0.073622045,0.555265726,0.830658232,0.0,0.0
0.668420104624457,0.0,0.49797684350000004,0.7687691805,0.0,0.0
0.6442896226797853,0.0,0.410841535,0.6978342005,0.0,0.0
0.5956869964139615,0.0,0.386719653,0.667895784,0.0,0.0
0.5944177747456443,0.0,0.340447004,0.6400056814999999,0.0,0.0
0.6217972281373669,0.00132219,0.27366626,0.591136571,0.0,0.0
0.6894241434949611,0.046817683,0.236761632,0.542701304,0.0,0.0
0.7605672156553938,0.101545981,0.200914402,0.50855561,0.0,0.0
0.803638913993454,0.176635164,0.220097952,0.48211471,0.0,0.0
0.8216014111422919,0.259579501,0.256670421,0.448950334,0.0,0.0
0.825038244415037,0.330878958,0.249185499,0.429462719,0.0,0.0
0.8274315281397149,0.406590271,0.2592304875,0.37854381849999996,0.0,0.0
0.8253858505677107,0.4576353265,0.355538377,0.351512873,0.0,0.0
0.8173728515705723,0.4647227665,0.36911115299999997,0.327275475,0.0,0.0
0.8123642243453477,0.341610604,0.30883243,0.283166474,0.0,0.0
0.8097724718578759,0.218267753,0.231919345,0.255699982,0.0,0.0
0.8061811063497356,0.135578224,0.174411868,0.232059101,0.0,0.0
0.7983932306164895,0.036168978,0.143858985,0.215443638,0.0,0.0
0.7521890085298405,0.0,0.11632279449999999,0.17757226250000002,0.0,0.0
0.6705206456847206,0.0,0.081060636,0.114113565,0.0,0.0
0.6147696235482998,0.0,0.0742626985,0.0864551955,0.0,0.0
0.5924756292452411,0.0,0.0897642015,0.06996475699999999,0.0,0.0
0.6098110592319579,0.000550851,0.0941218545,0.06261911649999999,0.0,0.0
0.6942313758878383,0.085857573,0.08469392,0.064551135,0.0,0.0
0.7699194329345669,0.183343585,0.074535671,0.064944308,0.0,0.0
0.8107779371662915,0.290815478,0.066694088,0.067845822,0.0,0.0
0.8325019683334178,0.434182082,0.06992503,0.075593677,0.0,0.0
0.8380899085759627,0.595168568,0.079552762,0.087415616,0.0,0.0
0.8430610915347372,0.742004457,0.066777606,0.083754316,0.0,0.0
0.8495753107511135,0.8415322329999999,0.1074381955,0.132213007,0.0,0.0
0.8444826051234815,0.827316347,0.157016943,0.172940276,0.0,0.0
0.8370793225900888,0.745714844,0.183047184,0.197947986,0.0,0.0
0.832201773411092,0.639821249,0.189165937,0.223405493,0.0,0.0
0.8290098142045021,0.498593393,0.208836831,0.279267781,0.0,0.0
0.8262457903847052,0.343814986,0.236549327,0.363237666,0.0,0.0
0.8196975557491246,0.195626748,0.279183165,0.453298646,0.0,0.0
0.8066999323493255,0.101573078,0.332775667,0.557747036,0.0,0.0
0.7620930613751414,0.00122361,0.375683194,0.6427754434999999,0.0,0.0
0.6980000421402769,0.0,0.467385227,0.721071269,0.0,0.0
0.6528551429976366,0.0,0.5045068994999999,0.746720618,0.0,0.0
0.6339142465536888,0.0,0.5059883629999999,0.751581786,0.0,0.0
0.64789150378522,0.0,0.40473103,0.6549736865,0.0,0.0
0.7182420725522876,0.077072648,0.31340745,0.668641063,0.0,0.0
0.7868431809660738,0.168661075,0.26855379,0.624681338,0.0,0.0
0.8238912312444827,0.132443786,0.216529049,0.529570992,0.0,0.0
0.8378199800531939,0.212122698,0.200107247,0.462447585,0.0,0.0
0.8432586001519278,0.293817687,0.169753511,0.43115398,0.0,0.0
0.8512661128151043,0.407707386,0.121146479,0.361127598,0.0,0.0
0.8520304987097549,0.4401646955,0.186052725,0.3088489335,0.0,0.0
0.8391236742856653,0.339007877,0.261446848,0.294520672,0.0,0.0
0.827740272512424,0.252423927,0.405264848,0.333891993,0.0,0.0
0.8216372552899367,0.189696388,0.461345721,0.416647721,0.0,0.0
0.8145412084988942,0.132784539,0.43496464,0.496544815,0.0,0.0
0.807859564087992,0.094965799,0.426973019,0.530153847,0.0,0.0
0.8013326347407368,0.070354538,0.498154361,0.558239042,0.0,0.0
0.7570096368825021,0.0017107615,0.49702367950000004,0.634642332,0.0,0.0
0.6836350370297041,0.0,0.439437313,0.673741712,0.0,0.0
0.6293496936190615,0.0,0.2993585175,0.578899181,0.0,0.0
0.5959735439504963,0.0,0.1602749855,0.3657155785,0.0,0.0
0.609467065052063,0.0,0.0975878715,0.23363264849999998,0.0,0.0
0.689735676741714,0.104372641,0.061952166,0.133590333,0.0,0.0
0.7653450960872547,0.209960712,0.049046,0.109371189,0.0,0.0
0.8046725425819676,0.393699562,0.050595469,0.090219249,0.0,0.0
0.8228202955850283,0.519162721,0.053794487,0.083989708,0.0,0.0
0.82689519157851,0.646596208,0.053120958,0.079145184,0.0,0.0
0.8302897799311078,0.666426826,0.036342376,0.034186101,0.0,0.0
0.8312906733441022,0.5631644915,0.040103286,0.027722925000000002,0.0,0.0
0.8249678363634325,0.51470603,0.053372853,0.042346937,0.0,0.0
0.820888185497637,0.407819491,0.06345709,0.074412213,0.0,0.0
0.8161651685540355,0.309509402,0.0993929,0.124698845,0.0,0.0
0.8123004911599826,0.253429303,0.187059657,0.236765711,0.0,0.0
0.809685604655745,0.198327066,0.257678557,0.349998756,0.0,0.0
0.8060096578931844,0.093506165,0.374630783,0.473828193,0.0,0.0
0.7986106730128353,0.025688918,0.517111726,0.589592903,0.0,0.0
0.7531459196340529,0.0019244165,0.6957059775,0.7084305865,0.0,0.0
0.6836350370297041,0.0,0.581323262,0.56293463,0.0,0.0
0.6418108434851078,0.0,0.7213596,0.7863292155,0.0,0.0
0.622958048631272,0.0,0.798534058,0.8887619959999999,0.0,0.0
0.630096523245034,0.0,0.871021809,0.8956233015,0.0,0.0
0.699641741292348,0.075342548,0.890754694,0.889353111,0.0,0.0
0.7673708399544237,0.143506192,0.892905919,0.890815415,0.0,0.0
0.8039077452494303,0.249863675,0.887332263,0.895089387,0.0,0.0
0.8212883234094762,0.395715459,0.889274953,0.833299743,0.0,0.0
0.8235433966308147,0.395010313,0.890477829,0.866746449,0.0,0.0
0.823501426101686,0.48143925,0.856978347,0.928939004,0.0,0.0
0.8222181227189994,0.540440309,0.8378717185,0.9235742905,0.0,0.0
0.8145222348653425,0.5996847075,0.790943121,0.9052717435,0.0,0.0
0.8088663094914518,0.547088985,0.752403392,0.887500809,0.0,0.0
0.8056725215564214,0.439622199,0.697437061,0.864650471,0.0,0.0
0.8040476472113804,0.319225927,0.595369162,0.825556553,0.0,0.0
0.8008652890149033,0.184130704,0.492002258,0.776211636,0.0,0.0
0.7945439151061705,0.08008402,0.426903468,0.712434237,0.0,0.0
0.7479973446654948,0.0013523925,0.314186626,0.6123527129999999,0.0,0.0
0.6223469148026524,0.0,0.2380824235,0.473733598,0.0,0.0
0.5649081539416234,0.0,0.2222001885,0.41692874550000003,0.0,0.0
0.5582076959090498,0.0,0.278717525,0.382404968,0.0,0.0
0.5646728351785182,0.018072492,0.336429388,0.37348595149999997,0.0,0.0
0.5991378199869501,0.088735663,0.33997571,0.456106516,0.0,0.0
0.6369031649534226,0.130632386,0.347911364,0.506701399,0.0,0.0
0.6787623339885064,0.219614634,0.344748774,0.537994178,0.0,0.0
0.6881898059030056,0.349127778,0.345586149,0.594685872,0.0,0.0
0.6890745257112747,0.452430939,0.2900770925,0.574519351,0.0,0.0
0.6846679568986207,0.4442769,0.4834591505,0.6114803845000001,0.0,0.0
0.6818552417534316,0.337958535,0.646354162,0.6281851595000001,0.0,0.0
0.6821265646760621,0.346313487,0.730607764,0.711705466,0.0,0.0
0.6822058882061558,0.238739419,0.751893361,0.815375225,0.0,0.0
0.6814547609271396,0.147149832,0.730900672,0.865870679,0.0,0.0
0.6804244241390031,0.079047395,0.687344036,0.882191515,0.0,0.0
0.6684387353435561,0.0018642955,0.6613485210000001,0.878908323,0.0,0.0
0.6223390053254707,0.0,0.6307346659999999,0.8685211895,0.0,0.0
0.5649081539416234,0.0,0.550986377,0.838159762,0.0,0.0
0.5581804469931719,0.0,0.463599714,0.804070519,0.0,0.0
0.5647499412843353,0.032560381,0.37879351949999995,0.746864026,0.0,0.0
0.5991932321086058,0.108817508,0.303756549,0.679204356,0.0,0.0
0.6371795856628196,0.11983719,0.276573193,0.627542952,0.0,0.0
0.6788190719865894,0.213449329,0.255699306,0.583321204,0.0,0.0
0.6883557222442116,0.341699031,0.235548023,0.535944036,0.0,0.0
0.6891226684032706,0.2809023175,0.2079686335,0.48522544749999996,0.0,0.0
0.684658195802307,0.1665347405,0.2084902315,0.49898969000000004,0.0,0.0
0.6841853179611284,0.083386229,0.14635767,0.428492023,0.0,0.0
0.6848841877233567,0.05885788,0.118025504,0.344579426,0.0,0.0
0.6851825995499846,0.042896219,0.115753054,0.263133845,0.0,0.0
0.685766347267217,0.025960679,0.122764839,0.212380231,0.0,0.0
0.6824273767552183,0.0090330485,0.159286622,0.153836013,0.0,0.0
0.66843167163284,0.0,0.19623671450000002,0.149317733,0.0,0.0
0.6434841120224717,0.0,0.15781339500000002,0.1388146025,0.0,0.0
0.5987651137449201,0.0,0.169549251,0.16405353,0.0,0.0
0.5922651133641024,0.0,0.168731007,0.2058972395,0.0,0.0
0.6092790889215514,0.0,0.20597332200000001,0.281185849,0.0,0.0
0.6894224061806465,0.0059895,0.228241483,0.341719434,0.0,0.0
0.7591320774972299,0.016443273,0.234347111,0.372504555,0.0,0.0
0.8004069044003016,0.071233995,0.226827499,0.377316169,0.0,0.0
0.8213451985287483,0.1354981015,0.223768097,0.35724881249999996,0.0,0.0
0.8232717307937314,0.142432941,0.164414776,0.274498159,0.0,0.0
0.8222899025027353,0.110332565,0.18214467,0.2851441825,0.0,0.0
0.8144187713914963,0.13741685,0.17751478650000002,0.281244924,0.0,0.0
0.8069940921556522,0.069683811,0.21181428949999997,0.2848809485,0.0,0.0
0.8041288451026569,0.02766352,0.273522263,0.321330962,0.0,0.0
0.801199133551289,0.012243388,0.290868726,0.34412044,0.0,0.0
0.7953904591120213,0.004065586,0.322703921,0.350852798,0.0,0.0
0.7490779272650865,0.0,0.334843414,0.359183979,0.0,0.0
0.6643511521098872,0.0,0.234661016,0.29412334,0.0,0.0
0.6145233550079624,0.0,0.188850555,0.277227914,0.0,0.0
0.5936692078053575,0.0,0.12383545800000001,0.2352642345,0.0,0.0
0.6109328808990302,0.0,0.1085785395,0.20235202949999997,0.0,0.0
0.6904907816500127,0.013139677,0.111469243,0.213605989,0.0,0.0
0.7605672156553938,0.049010152,0.098840191,0.20399661,0.0,0.0
0.8007893946293371,0.201074452,0.099772067,0.184292317,0.0,0.0
0.8209982782793004,0.229227105,0.103566846,0.17089087,0.0,0.0
0.82332247960584,0.365194884,0.110400023,0.172300632,0.0,0.0
0.8236886020984748,0.514749384,0.136454367,0.207997972,0.0,0.0
0.8231308687604982,0.5810329535000001,0.138204151,0.19498599649999998,0.0,0.0
0.8166793310954374,0.636256047,0.159221192,0.236159307,0.0,0.0
0.8112054154081347,0.4725602455,0.2024100805,0.352669652,0.0,0.0
0.8067593677330062,0.329257519,0.246945004,0.411361112,0.0,0.0
0.8041484132253086,0.209557865,0.258727303,0.392990554,0.0,0.0
0.8012384524762036,0.118361109,0.232885218,0.363144251,0.0,0.0
0.7953904591120213,0.020788773,0.237152381,0.369619995,0.0,0.0
0.7491298418674215,0.0,0.2693557795,0.39292912950000003,0.0,0.0
0.6456652795242442,0.0,0.3054212735,0.509487104,0.0,0.0
0.5949097785277043,0.0,0.23015661366666665,0.43279211133333334,0.0,0.0
0.609335986931515,0.0,0.221716087,0.4319103995,0.0,0.0
0.6894224061806465,0.06318253,0.178924978,0.390821614,0.0,0.0
0.759990417195419,0.144922249,0.137588574,0.317231102,0.0,0.0
0.802091397105916,0.273050729,0.141126088,0.264828849,0.0,0.0
0.8210586281015217,0.368669838,0.188073981,0.253934446,0.0,0.0
0.8236886020984748,0.486609831,0.212779536,0.265204906,0.0,0.0
0.8248142641993204,0.5274645345,0.2321806735,0.24349121299999998,0.0,0.0
0.8234605526907087,0.520819371,0.225437045,0.261252643,0.0,0.0
0.8167703587551026,0.575701735,0.27840767050000004,0.30781563300000003,0.0,0.0
0.8096680026056837,0.396732429,0.3026134495,0.311854751,0.0,0.0
0.806202320223935,0.16880976,0.255961153,0.307312846,0.0,0.0
0.8026349117569751,0.071586281,0.22671742,0.316337125,0.0,0.0
0.7955392306224363,0.019336003,0.221189917,0.335826225,0.0,0.0
0.7499697793818264,0.0,0.24732894649999998,0.3913441505,0.0,0.0
0.6475171517916423,0.0,0.30325015850000003,0.45234458499999997,0.0,0.0
0.6034650880858817,0.0,0.317686472,0.463732677,0.0,0.0
0.600078591964397,0.0,0.3388813135,0.517955527,0.0,0.0
0.6186711508683436,0.0,0.383803223,0.620050175,0.0,0.0
0.6976921663504045,0.031447269,0.434832908,0.68881817,0.0,0.0
0.7674480145836752,0.091271868,0.475384079,0.713042951,0.0,0.0
0.8046516945129127,0.234058684,0.574654866,0.727263791,0.0,0.0
0.8225966352444318,0.328412691,0.628273002,0.743736089,0.0,0.0
0.8258986872326851,0.400483328,0.648436472,0.755775746,0.0,0.0
0.8280833066953561,0.5474513089999999,0.7089243355,0.793657939,0.0,0.0
0.8273927121411336,0.541126233,0.723302215,0.810280129,0.0,0.0
0.8198934642475099,0.47545816949999997,0.7063473185,0.7925908025,0.0,0.0
0.8139750170503398,0.430352665,0.657824118,0.752987601,0.0,0.0
0.8106144439683055,0.299443169,0.595573568,0.715157985,0.0,0.0
0.8076320633136221,0.1952851,0.509953998,0.690459894,0.0,0.0
0.803741143079319,0.095701508,0.513474728,0.659580876,0.0,0.0
0.7963504791140386,0.017749545,0.482353553,0.611979176,0.0,0.0
0.7505377996331416,0.0,0.37677612699999996,0.5816307275,0.0,0.0
0.6488872994114476,0.0,0.3044327405,0.5328418965,0.0,0.0
0.5967893872282115,0.0,0.250811696,0.4512487115,0.0,0.0
0.5946180951275704,0.0,0.2324704535,0.392001068,0.0,0.0
0.6218360898430111,0.0,0.241790386,0.384580519,0.0,0.0
0.6896036386242033,0.031558516,0.219594244,0.389455803,0.0,0.0
0.7609927278989668,0.090338425,0.185582936,0.393185155,0.0,0.0
0.8031370957777867,0.140158041,0.176457817,0.376258348,0.0,0.0
0.8212883234094762,0.225317884,0.176611167,0.343799123,0.0,0.0
0.8241569535283338,0.300642207,0.174051371,0.320291045,0.0,0.0
0.8245249048980499,0.382291035,0.194538321,0.319288867,0.0,0.0
0.8233227538482175,0.4744836705,0.2684880865,0.34891817049999996,0.0,0.0
0.814429058304835,0.508099262,0.341433335,0.3853437795,0.0,0.0
0.8085190235111799,0.45846004,0.32248344,0.370028923,0.0,0.0
0.8058758823127183,0.381931103,0.297369647,0.345283774,0.0,0.0
0.8041484132253086,0.253952342,0.262495528,0.322669715,0.0,0.0
0.8012450360769579,0.150338908,0.222878182,0.324301916,0.0,0.0
0.7945076137392555,0.022885528,0.215756384,0.326337517,0.0,0.0
0.747153909557449,0.0,0.247684395,0.36635639799999997,0.0,0.0
0.6412152542941536,0.0,0.268470877,0.399280479,0.0,0.0
0.5871252479321287,0.0,0.28141835,0.4251740345,0.0,0.0
0.5580213428623553,0.0,0.287215061,0.443264367,0.0,0.0
0.5592046802161958,0.0,0.345513567,0.4991295175,0.0,0.0
0.568240975255767,0.036408429,0.389648498,0.5855298,0.0,0.0
0.599193780742002,0.103712162,0.425179923,0.632642221,0.0,0.0
0.6372278199175824,0.151180162,0.453072254,0.673925395,0.0,0.0
0.6787423087952251,0.176290715,0.526716962,0.720138523,0.0,0.0
0.688984778220974,0.202342057,0.636624532,0.764298336,0.0,0.0
0.6900209670738964,0.2890046675,0.7506772115,0.7832280815,0.0,0.0
0.6863611820315112,0.31851944499999996,0.7976345045,0.822026208,0.0,0.0
0.6821781363639445,0.248206291,0.8053671695,0.827541051,0.0,0.0
0.6809454446721777,0.145617786,0.798440779,0.828298409,0.0,0.0
0.680266874494249,0.10396051,0.775155315,0.827367193,0.0,0.0
0.6795494426106764,0.051319726,0.701587347,0.825167757,0.0,0.0
0.6780741626518241,0.012970613,0.647937421,0.819660357,0.0,0.0
0.6685976337554291,0.0014232605,0.5912806740000001,0.8104067319999999,0.0,0.0
0.6447095571752707,0.0,0.493743607,0.737891996,0.0,0.0
0.5899752245155161,0.0,0.47951850500000004,0.7301923975,0.0,0.0
0.5613945573288731,0.0,0.450533462,0.723058899,0.0,0.0
0.5623608181658326,0.0,0.4035473,0.6798716490000001,0.0,0.0
0.5706675883477824,0.014839394,0.333097345,0.605643155,0.0,0.0
0.6033306724578935,0.051385361,0.301630528,0.55232168,0.0,0.0
0.6410767238413736,0.086062265,0.337621996,0.514759224,0.0,0.0
0.6801133481115202,0.136412111,0.369696789,0.495480263,0.0,0.0
0.6901912725565924,0.175239148,0.353319909,0.460608256,0.0,0.0
0.6913480011907178,0.1582413945,0.303050253,0.40524685299999996,0.0,0.0
0.6867367913780822,0.15843007850000002,0.31936186050000004,0.375901592,0.0,0.0
0.6815950515106053,0.11499675200000001,0.33965229100000005,0.366540333,0.0,0.0
0.6801660170661951,0.093690297,0.358828711,0.376045828,0.0,0.0
0.680266874494249,0.058570423,0.383399547,0.395457256,0.0,0.0
0.6795494426106764,0.031960947,0.411743785,0.43939212,0.0,0.0
0.6781750200798783,0.003864896,0.440998154,0.456560599,0.0,0.0
0.6691988006944711,0.0,0.45439822350000003,0.502527658,0.0,0.0
0.6715883811065645,0.0,0.406524261,0.595539528,0.0,0.0
0.6265663762162721,0.0,0.3831393255,0.6476494930000001,0.0,0.0
0.6025628118602937,0.0,0.424018344,0.7053578325000001,0.0,0.0
0.6147324993056109,0.0,0.4005097055,0.69365135,0.0,0.0
0.692102031574275,0.021268797,0.403285894,0.678346474,0.0,0.0
0.7609927278989668,0.123086791,0.418339836,0.671525527,0.0,0.0
0.8007893946293371,0.263778242,0.488828113,0.706659764,0.0,0.0
0.8205056038544757,0.435636143,0.503767712,0.719514197,0.0,0.0
0.82321138097151,0.595881416,0.477969872,0.67843782,0.0,0.0
0.8232717307937314,0.723986862,0.511365163,0.677805673,0.0,0.0
0.8222537840383923,0.8067345245,0.5828545805,0.7358600255,0.0,0.0
0.8138683075575,0.7409020485,0.631866084,0.7943215985000001,0.0,0.0
0.8081721031874115,0.619071328,0.644636696,0.818025417,0.0,0.0
0.8054476725349067,0.417053184,0.637254029,0.820376971,0.0,0.0
0.8038216095089474,0.242403958,0.585334995,0.808131834,0.0,0.0
0.8005190088872979,0.117114993,0.539918002,0.79353427,0.0,0.0
0.7946882975494158,0.015651282,0.506599726,0.769950117,0.0,0.0
0.747097400169001,0.0007223285,0.4674022605,0.7286491055,0.0,0.0
0.6434093833528116,0.0,0.43482270749999996,0.6884717659999999,0.0,0.0
0.5952770974058084,0.0,0.37805643099999997,0.630119637,0.0,0.0
0.5943312503836458,0.0,0.281133656,0.518850848,0.0,0.0
0.6216710877917048,0.0,0.238950525,0.465555084,0.0,0.0
0.688879485944367,0.038091579,0.222450539,0.449400987,0.0,0.0
0.7595590985941231,0.187957982,0.176860574,0.390897274,0.0,0.0
0.799980797741949,0.362469017,0.161590494,0.338650223,0.0,0.0
0.8199715990966853,0.52028294,0.169418283,0.279034617,0.0,0.0
0.8227187979608113,0.598003906,0.157210809,0.233102385,0.0,0.0
0.8233626213322078,0.6232263945000001,0.12247106999999999,0.169335072,0.0,0.0
0.818557171960708,0.5898949925,0.095971845,0.11190677800000001,0.0,0.0
0.8125260716431453,0.567515596,0.083547356,0.092068031,0.0,0.0
0.8088663094914518,0.468885928,0.072003664,0.083613192,0.0,0.0
0.8058758823127183,0.435642493,0.053693634,0.071378312,0.0,0.0
0.8041484132253086,0.276433021,0.03908,0.059358644,0.0,0.0
0.8008652890149033,0.131850005,0.027107586,0.049505024,0.0,0.0
0.7947542252683658,0.005116256,0.022334477,0.047715774,0.0,0.0
0.7463569713155309,0.0,0.042090301499999996,0.0706250325,0.0,0.0
0.643417270013622,0.0,0.1150604815,0.179924902,0.0,0.0
0.5953197308731508,0.0,0.2690612115,0.38258632000000004,0.0,0.0
0.5945620657747639,0.0,0.410185569,0.5784604360000001,0.0,0.0
0.6218360898430111,0.0,0.472008513,0.657644941,0.0,0.0
0.6896036386242033,0.021534175,0.487007302,0.684179128,0.0,0.0
0.7605672156553938,0.141178776,0.487567046,0.70254465,0.0,0.0
0.803638913993454,0.251859287,0.429718784,0.704579015,0.0,0.0
0.8219645162255682,0.369448849,0.436855698,0.719268515,0.0,0.0
0.8259536421350705,0.477570684,0.452872185,0.72603147,0.0,0.0
0.828956047983035,0.617063762,0.454726951,0.710387217,0.0,0.0
0.8303766472818795,0.667919653,0.503959802,0.718189566,0.0,0.0
0.8268310012481949,0.6609083385000001,0.5524973335000001,0.7208615625,0.0,0.0
0.8172010830159395,0.5407438005,0.5192745755,0.7182183685,0.0,0.0
0.8116285045828083,0.405470465,0.458363869,0.713156776,0.0,0.0
0.8089422955884257,0.278973532,0.417140395,0.702978099,0.0,0.0
0.8037782673220079,0.143343748,0.398220507,0.68872751,0.0,0.0
0.7959420202871305,0.010180439,0.382011926,0.674192048,0.0,0.0
0.750126163310674,0.000528942,0.362548682,0.6577160725,0.0,0.0
0.6696228956474909,0.0,0.316242066,0.62662105,0.0,0.0
0.6175462660105294,0.0,0.289724329,0.5710841675,0.0,0.0
0.5947963786852026,0.0,0.2370797595,0.439725061,0.0,0.0
0.6101289933255338,0.0,0.15543894749999998,0.2623349825,0.0,0.0
0.6902141323309805,0.012260164,0.124761631,0.186750996,0.0,0.0
0.7621738021214681,0.069555013,0.142564552,0.163550461,0.0,0.0
0.8039077452494303,0.139021026,0.149876715,0.152257688,0.0,0.0
0.8219439423988908,0.24132008,0.149443629,0.148525762,0.0,0.0
0.8253972346735214,0.294946184,0.152025663,0.163543642,0.0,0.0
0.827325138670636,0.341199256,0.187968931,0.214715089,0.0,0.0
0.8288817993490164,0.379470344,0.197806255,0.24551565,0.0,0.0
0.8251213626718409,0.383636781,0.263467544,0.27672886750000003,0.0,0.0
0.8177645313718336,0.362621649,0.329039593,0.342056962,0.0,0.0
0.8138616324682993,0.316048991,0.371508297,0.364693518,0.0,0.0
0.8095027263119998,0.23239826,0.374070411,0.341055921,0.0,0.0
0.8065285753069,0.130076179,0.350589852,0.342198184,0.0,0.0
0.8025048851961564,0.073948452,0.335288699,0.354134933,0.0,0.0
0.7958371395970514,0.007037835,0.307139568,0.386317568,0.0,0.0
0.7501178195049137,0.000601564,0.27719999250000005,0.4312921395,0.0,0.0
0.6478632262003042,0.0,0.254910282,0.4601999055,0.0,0.0
0.5976347882602071,0.0,0.244988255,0.4483440185,0.0,0.0
0.5951175587977724,0.0,0.2378975415,0.412751445,0.0,0.0
0.6557478675018247,0.004969966,0.23488951800000002,0.397528005,0.0,0.0
0.7589424327244786,0.06147515,0.258648597,0.4152944,0.0,0.0
0.8001359701735072,0.121750761,0.277418201,0.469288621,0.0,0.0
0.81994014401621,0.225847397,0.305959599,0.515753602,0.0,0.0
0.822562894216246,0.347099463,0.365143484,0.610464254,0.0,0.0
0.8225266842634569,0.426589127,0.4478319965,0.6684210845,0.0,0.0
0.8174953800920961,0.5255402155,0.5010423575,0.688428042,0.0,0.0
0.8093875586342614,0.47748443949999997,0.596408348,0.7629945499999999,0.0,0.0
0.8047822695584868,0.335198297,0.563450777,0.787229763,0.0,0.0
0.8045042030975418,0.27001374,0.502345259,0.74487709,0.0,0.0
0.8015312407733605,0.132934791,0.445352899,0.720309921,0.0,0.0
0.7936436048788525,0.008185732,0.444367745,0.717943487,0.0,0.0
0.7419027855535856,0.0,0.40328984349999997,0.669914493,0.0,0.0
0.6405568463563747,0.0,0.352443,0.6246431,0.0,0.0
0.5867740986273919,0.0,0.345995268,0.5773862695,0.0,0.0
0.5583885626217825,0.0,0.3685690565,0.5273426625,0.0,0.0
0.5595309581898525,0.0,0.3733956075,0.5194147245,0.0,0.0
0.5683688071343601,0.010928869,0.296650006,0.482616227,0.0,0.0
0.599909338115751,0.115951851,0.250912704,0.410643061,0.0,0.0
0.638503213600126,0.224838698,0.246863082,0.364937455,0.0,0.0
0.6821096940876488,0.348545729,0.232848035,0.330856692,0.0,0.0
0.6905559777586738,0.401725372,0.21672882,0.318795845,0.0,0.0
0.6909417368230741,0.4880913025,0.138715053,0.26221348499999997,0.0,0.0
0.687993760209111,0.4873266425,0.12469297800000001,0.2502888395,0.0,0.0
0.6847261808593323,0.45106174200000004,0.11255205400000001,0.2293056185,0.0,0.0
0.6884144719476277,0.289264103,0.15060646,0.28664617,0.0,0.0
0.68842329586335,0.197977236,0.176735023,0.295355362,0.0,0.0
0.687526048826774,0.116771979,0.174652613,0.296967475,0.0,0.0
0.684619471292172,0.00513799,0.205208495,0.339906903,0.0,0.0
0.6695859085259909,0.0,0.283834428,0.4193737715,0.0,0.0
0.6220951141469699,0.0,0.358409258,0.5455568955000001,0.0,0.0
0.5645621937634586,0.0,0.35890531800000003,0.5738969565,0.0,0.0
0.557846442519226,0.0,0.3484401245,0.6175103955000001,0.0,0.0
0.5641648676906754,0.006480159,0.35244692600000005,0.6289273525,0.0,0.0
0.5993773449146527,0.123859231,0.348837502,0.63276907,0.0,0.0
0.6384376060535778,0.302688105,0.357534476,0.639646198,0.0,0.0
0.6819191806577404,0.499313907,0.434812472,0.634824908,0.0,0.0
0.6898485584717418,0.602887379,0.469720125,0.646818015,0.0,0.0
0.6896891114264725,0.641020696,0.39563343,0.6117921405,0.0,0.0
0.6844843470189071,0.7157232975000001,0.389641467,0.57746575,0.0,0.0
0.6808328373331685,0.649804465,0.332943102,0.533875285,0.0,0.0
0.6796535004249816,0.52304944,0.301576586,0.490480895,0.0,0.0
0.6795821321534533,0.368181227,0.273065594,0.442695659,0.0,0.0
0.6811378327605507,0.188942103,0.212874457,0.40542302,0.0,0.0
0.6832273096644441,0.050536224,0.177314006,0.368836735,0.0,0.0
0.6817255123256822,0.004522171,0.162792027,0.337278488,0.0,0.0
0.6691911427176163,0.0,0.201739275,0.3176312075,0.0,0.0
0.6608707480405673,0.0,0.323042256,0.383860184,0.0,0.0
0.6122483023004057,0.0,0.47557924349999997,0.548485164,0.0,0.0
0.5918962934115495,0.0,0.6461981365,0.7512758770000001,0.0,0.0
0.6092192876584057,0.0,0.7615995945,0.8657752035,0.0,0.0
0.6893510835418606,0.003400394,0.794086159,0.90496808,0.0,0.0
0.7588744018860698,0.02401276,0.798971749,0.916646138,0.0,0.0
0.8012190673304446,0.033556135,0.810214712,0.920753477,0.0,0.0
0.8223901655160096,0.066430451,0.796864831,0.914074334,0.0,0.0
0.8242546105701367,0.081632547,0.741017906,0.905765957,0.0,0.0
0.8239955633754861,0.1059135785,0.6522504735,0.883747658,0.0,0.0
0.8177135997314733,0.2885854835,0.5765966849999999,0.8863435580000001,0.0,0.0
0.8117178407095426,0.340160241,0.531076837,0.841374971,0.0,0.0
0.8075571746320814,0.31508808,0.520517381,0.808905843,0.0,0.0
0.8049090043189283,0.303618875,0.51771536,0.805324244,0.0,0.0
0.8043528712483977,0.176384848,0.561387348,0.793738465,0.0,0.0
0.80126780443722,0.096179964,0.558713501,0.802316182,0.0,0.0
0.7945056020339225,0.005080498,0.528457443,0.790454742,0.0,0.0
0.7466201561513446,0.0,0.50142369,0.782871439,0.0,0.0
0.6609960653618147,0.0,0.520028267,0.795028309,0.0,0.0
0.6122483023004057,0.0,0.459154328,0.731794348,0.0,0.0
0.5919018711596371,0.0,0.42887480850000004,0.664970536,0.0,0.0
0.6093016743792412,0.0,0.4044433635,0.616867767,0.0,0.0
0.6895026897820232,0.007259306,0.344876771,0.538203797,0.0,0.0
0.7589146808822674,0.109645035,0.304562248,0.486659071,0.0,0.0
0.8000451709748363,0.233800216,0.29389409,0.444955337,0.0,0.0
0.8200350578910318,0.326589858,0.329925694,0.424190793,0.0,0.0
0.8226875258572287,0.405796215,0.308971167,0.376393255,0.0,0.0
0.8228600715062518,0.4701942215,0.32348913199999996,0.356915784,0.0,0.0
0.8180922950851575,0.4362050945,0.297653948,0.314811983,0.0,0.0
0.811745821012748,0.401395571,0.245804842,0.246145504,0.0,0.0
0.8079771549089502,0.303044792,0.192364728,0.191714492,0.0,0.0
0.8055732186144301,0.248331827,0.135192282,0.130576291,0.0,0.0
0.8037178260856607,0.204081484,0.0953964,0.082757939,0.0,0.0
0.8005190088872979,0.102824155,0.079576405,0.055593956,0.0,0.0
0.7947542252683658,0.006009775,0.068708413,0.041136156,0.0,0.0
0.7466969422334007,0.0,0.06771353299999999,0.038751213,0.0,0.0
0.6434133152750312,0.0,0.0715672525,0.0611590515,0.0,0.0
0.5952770974058084,0.0,0.084971614,0.06593123000000001,0.0,0.0
0.5944270558063166,0.0,0.0938649375,0.0609680965,0.0,0.0
0.6552213605603678,0.0030910155,0.1195270205,0.08385382,0.0,0.0
0.7589146808822674,0.090633896,0.139398179,0.123338057,0.0,0.0
0.799980797741949,0.159061509,0.131130431,0.137187908,0.0,0.0
0.8200032370054123,0.30546151,0.139778162,0.158925235,0.0,0.0
0.8230671813565164,0.488116215,0.164884641,0.192131926,0.0,0.0
0.8234502200703071,0.566487385,0.133540463,0.161296326,0.0,0.0
0.8223729749781556,0.6442783475,0.14249884000000002,0.16090998550000002,0.0,0.0
0.8147084050094648,0.543096871,0.19593716849999998,0.233635854,0.0,0.0
0.8088663094914518,0.428383319,0.23041309,0.291055384,0.0,0.0
0.8056725215564214,0.292231958,0.229927083,0.284196532,0.0,0.0
0.8040355772766643,0.164413991,0.267621317,0.289651027,0.0,0.0
0.8007615055916165,0.059011038,0.312052594,0.314680694,0.0,0.0
0.7945269988850147,0.004259664,0.347176933,0.375287496,0.0,0.0
0.7489098391323465,0.0,0.304225918,0.4223289235,0.0,0.0
0.6444037616141653,0.0,0.16826171899999998,0.343228992,0.0,0.0
0.5994493990150865,0.0,0.098483344,0.236794085,0.0,0.0
0.5923614902365406,0.0,0.08819230750000001,0.135551234,0.0,0.0
0.6095163279015432,0.0,0.133808101,0.171296532,0.0,0.0
0.6894224061806465,0.001297001,0.181195344,0.242863678,0.0,0.0
0.7589424327244786,0.014053525,0.20260768,0.26131019,0.0,0.0
0.799980797741949,0.063944074,0.228055405,0.283165097,0.0,0.0
0.8199089631781125,0.087993357,0.252899032,0.304197744,0.0,0.0
0.8225350967412922,0.141985733,0.267550251,0.318668093,0.0,0.0
0.8224338735080937,0.219527006,0.267586468,0.302290713,0.0,0.0
0.8211111599350076,0.275626594,0.27220199450000004,0.32852934050000004,0.0,0.0
0.8130896570459077,0.3979239455,0.274745157,0.34423304050000003,0.0,0.0
0.8062415476604032,0.327757727,0.3170615175,0.386576483,0.0,0.0
0.8036595792342572,0.210478864,0.325269957,0.420920961,0.0,0.0
0.8010777022965577,0.095186163,0.338043456,0.457544802,0.0,0.0
0.7944064819201829,0.00467735,0.345919547,0.489344713,0.0,0.0
0.7465393011002004,0.0,0.34327701099999997,0.508477211,0.0,0.0
0.6609960653618147,0.0,0.335293046,0.536033522,0.0,0.0
0.6122483023004057,0.0,0.33381392249999997,0.5600315785000001,0.0,0.0
0.5919018711596371,0.0,0.3567705135,0.572313201,0.0,0.0
0.609244456271196,0.0,0.37006553649999996,0.582258501,0.0,0.0
0.6885409323170508,0.005005035,0.372039597,0.628273014,0.0,0.0
0.7594577381654153,0.13842059,0.358882726,0.630225595,0.0,0.0
0.8002807184218971,0.215769301,0.358568209,0.601385967,0.0,0.0
0.8198978990960627,0.34145279,0.339645566,0.545983106,0.0,0.0
0.8224998926411696,0.48395217,0.30776996,0.500670274,0.0,0.0
0.8226875258572287,0.488323463,0.267650235,0.498782872,0.0,0.0
0.8216556802900923,0.5645618265,0.263327203,0.4602848745,0.0,0.0
0.8131979668061937,0.45140274849999995,0.2573751085,0.435474894,0.0,0.0
0.8061564176982663,0.33304488200000004,0.2525780305,0.4364705915,0.0,0.0
0.8036912172916252,0.163001529,0.229463401,0.429497945,0.0,0.0
0.8010777022965577,0.064586113,0.216437321,0.40191401,0.0,0.0
0.7943165973086933,0.0,0.196530177,0.355211547,0.0,0.0
0.746850262897186,0.0,0.162854326,0.2915658085,0.0,0.0
0.6425655368068788,0.0,0.12862001,0.272251346,0.0,0.0
0.5887143239109085,0.0,0.142399838,0.2462956135,0.0,0.0
0.5605404924673563,0.0,0.1449925895,0.260809048,0.0,0.0
0.5621644982295604,0.0,0.1434139065,0.2818663055,0.0,0.0
0.5724543559206453,0.004472142,0.131859578,0.292672407,0.0,0.0
0.6036886568637114,0.146497706,0.11096187,0.273247875,0.0,0.0
0.6428527929886902,0.198608615,0.11090906,0.249565785,0.0,0.0
0.6831996492363588,0.335134058,0.107925589,0.215697304,0.0,0.0
0.690950400726916,0.43722089,0.095440883,0.162896203,0.0,0.0
0.691937898180126,0.491322313,0.068950896,0.111212174,0.0,0.0
0.6900844029775515,0.5065943755,0.06567218999999999,0.0999222455,0.0,0.0
0.6837393691607074,0.4862822285,0.082449634,0.11571406449999999,0.0,0.0
0.6834031243717935,0.3493306195,0.0906684725,0.1117372645,0.0,0.0
0.6842227165948358,0.222997132,0.07809929,0.091297449,0.0,0.0
0.6845359415231608,0.111109809,0.066462264,0.070964146,0.0,0.0
0.6854917096535177,0.001185974,0.059944711,0.05608697,0.0,0.0
0.6747361293947373,0.0,0.0576043255,0.0412264065,0.0,0.0
0.6424402193369906,0.0,0.043202336,0.038097656,0.0,0.0
0.5882269301011022,0.0,0.0424677845,0.037817453,0.0,0.0
0.5603709185206287,0.0,0.0534104365,0.049799159999999995,0.0,0.0
0.5618642576744921,0.0,0.064601614,0.058588736,0.0,0.0
0.5881817134786593,0.060199394,0.078482232,0.064179314,0.0,0.0
0.6418761310078948,0.199153495,0.074032482,0.055911255,0.0,0.0
0.6817913486305064,0.31125712,0.073214751,0.05586158,0.0,0.0
0.6902168297165779,0.47389147,0.0743973,0.056042899,0.0,0.0
0.691178312790532,0.681882731,0.078475617,0.058119687,0.0,0.0
0.6894125307051948,0.7065826365,0.08647736,0.061914620000000004,0.0,0.0
0.683385819529122,0.49172969200000005,0.093733836,0.072598596,0.0,0.0
0.6819446006222167,0.362006148,0.096854974,0.089984925,0.0,0.0
0.6822756105774956,0.245828028,0.105105162,0.109425324,0.0,0.0
0.6830714971853639,0.167449335,0.122897643,0.137755003,0.0,0.0
0.6838773051243876,0.072429348,0.152532304,0.163843445,0.0,0.0
0.6835590967141135,0.002049352,0.175585361,0.185934891,0.0,0.0
0.6739667829831499,0.0,0.19648211799999998,0.212095306,0.0,0.0
0.6639351038295583,0.0,0.236114925,0.26855621,0.0,0.0
0.6154605837590258,0.0,0.224238942,0.2679598205,0.0,0.0
0.5954630160496039,0.0,0.21518115300000001,0.2617014985,0.0,0.0
0.615074847585317,0.0,0.231930895,0.2970210425,0.0,0.0
0.6988124793127976,0.002785529,0.263719434,0.348693997,0.0,0.0
0.768227259361406,0.119711059,0.27589174,0.377596325,0.0,0.0
0.8086172291863789,0.179647448,0.349017,0.393945069,0.0,0.0
0.8251958856225576,0.261015505,0.350232347,0.376748324,0.0,0.0
0.8267704685234013,0.273960964,0.331818098,0.346644981,0.0,0.0
0.8264362581818712,0.377605882,0.328852581,0.329552199,0.0,0.0
0.8249103210479976,0.4265249495,0.30138090100000003,0.27916792749999997,0.0,0.0
0.8166417494848374,0.4235661815,0.253850101,0.241250809,0.0,0.0
0.8124381985883479,0.359035284,0.2205107,0.239967504,0.0,0.0
0.8109049463177517,0.250713879,0.217728972,0.239882711,0.0,0.0
0.810303276378056,0.187149582,0.223994544,0.249065406,0.0,0.0
0.8052671259202555,0.037308140000000004,0.2229039155,0.251538877,0.0,0.0
0.7562168590237981,0.0,0.1883007485,0.2275076395,0.0,0.0
0.6641919565649447,0.0,0.183514718,0.2172741,0.0,0.0
0.6153304657840812,0.0,0.162427357,0.161630353,0.0,0.0
0.5950738508800089,0.0,0.119856537,0.11275566000000001,0.0,0.0
0.6148970440633263,0.0,0.100858632,0.087160534,0.0,0.0
0.6985272804690614,0.002443738,0.107492396,0.089723425,0.0,0.0
0.7679586110823221,0.124031398,0.110986834,0.098488316,0.0,0.0
0.8086013188178894,0.189807158,0.105654666,0.093250427,0.0,0.0
0.8254914170866954,0.307441347,0.100522654,0.088976521,0.0,0.0
0.8268993976687868,0.432630206,0.096666005,0.07809799,0.0,0.0
0.8267704685234013,0.535538024,0.107362302,0.069490162,0.0,0.0
0.8251304151971984,0.6829326305000001,0.08913376949999999,0.0562733595,0.0,0.0
0.8167651924449019,0.640953428,0.07668117299999999,0.051898799999999995,0.0,0.0
0.8124381985883479,0.506673161,0.06931178,0.054173662,0.0,0.0
0.8109049463177517,0.384561198,0.067897739,0.059461229,0.0,0.0
0.8099535214731808,0.23687152,0.07219865,0.06697938,0.0,0.0
0.8082957289757278,0.090072246,0.083244036,0.076426808,0.0,0.0
0.8027872494587857,0.0,0.090048813,0.08409335,0.0,0.0
0.7557226302615516,0.0,0.071806907,0.067556632,0.0,0.0
0.6636748678796692,0.0,0.061068439,0.056291585,0.0,0.0
0.6151842316473832,0.0,0.048202918,0.030452606,0.0,0.0
0.5951113410021626,0.0,0.03230922,0.016560046000000002,0.0,0.0
0.6148791905129382,0.0,0.030849618,0.015036188,0.0,0.0
0.6985890019490937,0.002080799,0.036308018,0.017895931,0.0,0.0
0.7685154756145006,0.105375594,0.034498049,0.020435214,0.0,0.0
0.8085367627567503,0.178089738,0.028093864,0.020392581,0.0,0.0
0.8252443484869555,0.31906908,0.022704907,0.018780489,0.0,0.0
0.8264362581818712,0.502569022,0.020085109,0.016274641,0.0,0.0
0.8263967565773458,0.685972973,0.017540707,0.016965948,0.0,0.0
0.8259826284395833,0.7109448575,0.0230855875,0.017211485,0.0,0.0
0.8179028787734006,0.5260061005,0.0194003605,0.0235680085,0.0,0.0
0.8119843401621045,0.342157998,0.0172751155,0.039930328,0.0,0.0
0.8093692251225523,0.193191505,0.030160093,0.056350466,0.0,0.0
0.8051054613763893,0.034035194,0.0648305585,0.079380563,0.0,0.0
0.7562111897872641,0.0,0.09759274600000001,0.08937848000000001,0.0,0.0
0.6641919565649447,0.0,0.105433558,0.098719271,0.0,0.0
0.6153304657840812,0.0,0.1186379375,0.1116438505,0.0,0.0
0.5950738508800089,0.0,0.12040951,0.117890891,0.0,0.0
0.6149638403651131,0.0,0.121400856,0.1122841715,0.0,0.0
0.6986421737557812,0.001608273,0.14619553,0.131889843,0.0,0.0
0.7679907062103194,0.107872491,0.169932983,0.173639946,0.0,0.0
0.8086074451993733,0.277492645,0.186589976,0.217331753,0.0,0.0
0.8252443484869555,0.37388115,0.210319611,0.253927735,0.0,0.0
0.8268437113047535,0.497989129,0.255264193,0.287690895,0.0,0.0
0.8263613695003305,0.632260056,0.287472955,0.28342102,0.0,0.0
0.8249399474000324,0.700611417,0.3252540005,0.311177754,0.0,0.0
0.8168886353306459,0.535695559,0.363165344,0.3376672585,0.0,0.0
0.8125682251491666,0.387746028,0.371489244,0.365275888,0.0,0.0
0.8106251423938515,0.269677673,0.371104876,0.413403055,0.0,0.0
0.8106577861552451,0.137561618,0.413862673,0.490768606,0.0,0.0
0.8081788697650584,0.031731512,0.474239543,0.564229759,0.0,0.0
0.8022172174278169,0.002097242,0.529574139,0.62472645,0.0,0.0
0.7563546122335467,0.0,0.598444604,0.7081339,0.0,0.0
0.6473135623513899,0.0,0.555274482,0.7133865815,0.0,0.0
0.5998674589264277,0.0,0.6206457249999999,0.75066188,0.0,0.0
0.5997503939224944,0.0,0.5871531864999999,0.738271162,0.0,0.0
0.6641889618976369,0.0,0.531043986,0.7030826475,0.0,0.0
0.768096044119669,0.025416199,0.501810219,0.662539419,0.0,0.0
0.8085585252643461,0.04512796,0.479845653,0.649518451,0.0,0.0
0.8254011666700616,0.073003825,0.443348318,0.62535332,0.0,0.0
0.8269857163861625,0.1140068,0.406471471,0.594322291,0.0,0.0
0.8268810184500146,0.15453119850000002,0.290669352,0.488032865,0.0,0.0
0.8217694306029568,0.235572222,0.26815232450000004,0.435372174,0.0,0.0
0.8152860264195338,0.2542795675,0.2232589605,0.45193199900000003,0.0,0.0
0.8127583271411882,0.186116964,0.308102222,0.533942374,0.0,0.0
0.8124863870617273,0.113748067,0.386088919,0.562419883,0.0,0.0
0.8092556575636191,0.026621943,0.401958735,0.574105312,0.0,0.0
0.7872937018105568,0.0,0.40271322249999997,0.5944427445,0.0,0.0
0.7314560868630235,0.0,0.400356926,0.55703276,0.0,0.0
0.6234540833799082,0.0,0.4068586885,0.6372609730000001,0.0,0.0
0.572362368041056,0.0,0.422100592,0.600049695,0.0,0.0
0.5601371771342778,0.0,0.4010737985,0.617160032,0.0,0.0
0.5616159773545015,0.0,0.4890997025,0.7074041995,0.0,0.0
0.5880245523811006,0.049924225,0.5400522194999999,0.785331266,0.0,0.0
0.6448568657623897,0.151172738,0.538262656,0.793987535,0.0,0.0
0.6880524641311438,0.220052969,0.539959666,0.807015032,0.0,0.0
0.6953686050713871,0.212254086,0.561913538,0.830818641,0.0,0.0
0.6944722266919683,0.299319062,0.622657966,0.830172736,0.0,0.0
0.6911148082891223,0.3533205545,0.659674709,0.8383316940000001,0.0,0.0
0.6843010113815711,0.427752774,0.7108227245000001,0.8634494315000001,0.0,0.0
0.6838395864669191,0.364978922,0.73287306,0.876849242,0.0,0.0
0.6846995720652969,0.301749722,0.688550019,0.865855311,0.0,0.0
0.687072053130701,0.203401839,0.605119334,0.827092234,0.0,0.0
0.6873507597878087,0.030438607,0.54165501,0.773435568,0.0,0.0
0.6843687907196532,0.0,0.506768005,0.7353156915,0.0,0.0
0.6670885671356486,0.0,0.48229784,0.708898572,0.0,0.0
0.6236817669825296,0.0,0.5393488425,0.7410633245,0.0,0.0
0.5668514195251904,0.0,0.607440258,0.7757577265,0.0,0.0
0.5602398632907722,0.0,0.599193934,0.7432177955,0.0,0.0
0.5680957926787984,0.0,0.5938038075000001,0.710145025,0.0,0.0
0.6034589617043978,0.025390209,0.540637755,0.688930932,0.0,0.0
0.6423478658008978,0.067879769,0.47683451,0.672451002,0.0,0.0
0.6831996492363588,0.12528435,0.448542099,0.676786545,0.0,0.0
0.6908402163824859,0.244129074,0.436245407,0.686793773,0.0,0.0
0.6914644717798715,0.40411470699999996,0.316010523,0.6369653515,0.0,0.0
0.6858839381624957,0.5483394895,0.2847585575,0.515268061,0.0,0.0
0.6829291722288348,0.503035726,0.330877377,0.495818627,0.0,0.0
0.6820684093874256,0.321727342,0.337419143,0.504407165,0.0,0.0
0.6831067012854865,0.17913691,0.314996541,0.507985818,0.0,0.0
0.6841959249725486,0.098129068,0.326941392,0.533672583,0.0,0.0
0.6845665279464788,0.0109293545,0.3692949265,0.5697533340000001,0.0,0.0
0.6737878135966122,0.0,0.4348147235,0.6222165075,0.0,0.0
0.6468619899471776,0.0,0.57071406,0.7407211844999999,0.0,0.0
0.5983314634640771,0.0,0.5602288613333334,0.7865629283333333,0.0,0.0
0.6156079380532078,0.0,0.475301025,0.782336871,0.0,0.0
0.6989682916432369,0.0,0.438822556,0.797230067,0.0,0.0
0.7682356716906006,0.042578788,0.409628073,0.776029725,0.0,0.0
0.8086519760672313,0.157300886,0.386693046,0.743590509,0.0,0.0
0.8254011666700616,0.302189646,0.39247689,0.71020024,0.0,0.0
0.8271129082172334,0.453116913,0.419969349,0.66881625,0.0,0.0
0.8265371156842457,0.599938875,0.404170096,0.5214799560000001,0.0,0.0
0.8210330250858323,0.5430696205000001,0.4994447425,0.5603073695,0.0,0.0
0.8163232668321857,0.363071374,0.513239381,0.579790538,0.0,0.0
0.8141743543959705,0.19786759,0.517947879,0.610220441,0.0,0.0
0.8123920218203015,0.107350362,0.434758068,0.620855883,0.0,0.0
0.811633442283374,0.052970194,0.404384733,0.624614068,0.0,0.0
0.8091596464220048,0.010419729,0.359983071,0.600827559,0.0,0.0
0.7875884560316632,0.000560727,0.3357077275,0.587717865,0.0,0.0
0.7375197395278538,0.0,0.338836743,0.575373952,0.0,0.0
0.6636669584024875,0.0,0.386822399,0.640342659,0.0,0.0
0.6151842316473832,0.0,0.3615510045,0.6319333155,0.0,0.0
0.5948944929462758,0.0,0.323529502,0.605573489,0.0,0.0
0.5983089922616578,0.0,0.3325867675,0.6042747015,0.0,0.0
0.6636393209394142,0.0,0.4000231815,0.673629846,0.0,0.0
0.7684866722868804,0.006432713,0.525851052,0.788104347,0.0,0.0
0.8099280099459377,0.01300692,0.646424144,0.83710537,0.0,0.0
0.827643346932269,0.020239734,0.735189994,0.869597881,0.0,0.0
0.8288415661342021,0.031287912,0.804482443,0.894240521,0.0,0.0
0.8272021529298417,0.038302195,0.8490834535,0.9243936155,0.0,0.0
0.8220028292234958,0.0381436575,0.878431084,0.9362138575000001,0.0,0.0
0.8156457482139866,0.154974234,0.8605868210000001,0.93620308,0.0,0.0
0.812582764008486,0.118152999,0.853852387,0.934628984,0.0,0.0
0.8122181958532729,0.097149696,0.832535835,0.932882612,0.0,0.0
0.8061003198220257,0.0084393395,0.7724497125,0.9250708569999999,0.0,0.0
0.7548792865676315,0.0,0.6751309759999999,0.8954724414999999,0.0,0.0
0.6461134230068906,0.0,0.6488890835000001,0.8701575415,0.0,0.0
0.5983515343148743,0.0,0.6120038969999999,0.8503060570000001,0.0,0.0
0.5982968079478037,0.0,0.6150388529999999,0.8346924505,0.0,0.0
0.6636147237020709,0.0,0.639338398,0.8308712145,0.0,0.0
0.7684258652453888,0.014812339,0.680232635,0.869876339,0.0,0.0
0.8102861773286484,0.026896865,0.703869031,0.875599348,0.0,0.0
0.8280056289911307,0.054527422,0.722584235,0.883085262,0.0,0.0
0.8298955855725006,0.118667844,0.705526997,0.891054152,0.0,0.0
0.8292349831754575,0.25810539600000004,0.713626866,0.886506084,0.0,0.0
0.8229905552863409,0.4244846455,0.7443192435,0.863015651,0.0,0.0
0.8181515933476494,0.423392072,0.721005016,0.857927216,0.0,0.0
0.815870917184942,0.351995709,0.717324616,0.867366799,0.0,0.0
0.814149848721394,0.258135113,0.647037523,0.855894262,0.0,0.0
0.8145322473876627,0.133956937,0.596676438,0.838101964,0.0,0.0
0.8122907071729771,0.014806015,0.548267043,0.808992685,0.0,0.0
0.7851511444397811,0.0,0.5169814070000001,0.7745970200000001,0.0,0.0
0.7277472219480509,0.0,0.468721332,0.74109621,0.0,0.0
0.6634350685609481,0.0,0.399956434,0.694703462,0.0,0.0
0.6145325217638171,0.0,0.352563507,0.674659133,0.0,0.0
0.5939142419577135,0.0,0.298851491,0.6244537084999999,0.0,0.0
0.613720861834328,0.0,0.254984001,0.5569377609999999,0.0,0.0
0.6992452609860303,0.0,0.249443605,0.512593345,0.0,0.0
0.7691598476936138,0.097189805,0.245084253,0.509055834,0.0,0.0
0.8152884495627536,0.219309993,0.243556527,0.515733903,0.0,0.0
0.8280025201676462,0.297292503,0.256333172,0.532798342,0.0,0.0
0.827674344793474,0.407747716,0.341466769,0.545594471,0.0,0.0
0.8275870203720728,0.467733167,0.28330029,0.494817455,0.0,0.0
0.8259384633025495,0.55744422,0.34261399000000003,0.5213619334999999,0.0,0.0
0.8183259222410112,0.4760808625,0.370895043,0.5588060145,0.0,0.0
0.8150598515215914,0.328019475,0.357847875,0.564079939,0.0,0.0
0.813687532258893,0.249888322,0.3366083,0.559201993,0.0,0.0
0.8138969279825479,0.137568302,0.342262459,0.576387824,0.0,0.0
0.8122907071729771,0.013232844,0.345275571,0.603238453,0.0,0.0
0.7851511444397811,0.0,0.3651416795,0.6435286955,0.0,0.0
0.6958163828232095,0.0,0.405709384,0.6862962705,0.0,0.0
0.6147277444332969,0.0,0.43870032449999996,0.7108955075000001,0.0,0.0
0.5945186549900697,0.0,0.425562126,0.7179581024999999,0.0,0.0
0.6143123133097986,0.0,0.4251912725,0.7274955665,0.0,0.0
0.699127670165072,0.0,0.413695321,0.711719252,0.0,0.0
0.7683313171757112,0.060862846,0.393703881,0.70637443,0.0,0.0
0.8108255770062748,0.143080346,0.366883197,0.691607811,0.0,0.0
0.826753277911227,0.222027884,0.363517876,0.673327154,0.0,0.0
0.8273354712910377,0.356778842,0.410698485,0.671830998,0.0,0.0
0.8270447861133396,0.333403191,0.416426327,0.687620038,0.0,0.0
0.8256859082202068,0.298405776,0.417305704,0.664734675,0.0,0.0
0.8189037264050114,0.19686601199999998,0.5044713525,0.713755308,0.0,0.0
0.8154299974248923,0.113935051,0.55488737,0.764165871,0.0,0.0
0.814096722547449,0.066392354,0.591852281,0.776956372,0.0,0.0
0.8135273307126433,0.036965381,0.585177414,0.767940304,0.0,0.0
0.8102297593543262,0.006332309,0.578212617,0.760731237,0.0,0.0
0.7871699846081146,0.0,0.5722874585,0.7679395985,0.0,0.0
0.6894057642018684,0.0,0.539659706,0.7732508025,0.0,0.0
0.5887143239109085,0.0,0.43897877350000003,0.7188355465,0.0,0.0
0.5605404924673563,0.0,0.38003655999999997,0.6746999895,0.0,0.0
0.5617524275041939,0.0,0.38626493250000005,0.7034367045,0.0,0.0
0.5881363825513989,0.028462374,0.35598539100000004,0.6875618455,0.0,0.0
0.6440768437416275,0.195046281,0.368371464,0.684385129,0.0,0.0
0.6876810839141821,0.354306546,0.373011956,0.694316232,0.0,0.0
0.6953643989811102,0.46656524,0.418707788,0.713410458,0.0,0.0
0.6963110688047263,0.605301981,0.370476999,0.64729871,0.0,0.0
0.6927043871942352,0.637785325,0.3430019595,0.608779187,0.0,0.0
0.6874865470736078,0.48158975800000003,0.33237655,0.5823217425,0.0,0.0
0.6895261896039333,0.277324595,0.34073341,0.604056321,0.0,0.0
0.6911818789819275,0.135884311,0.324251421,0.620070116,0.0,0.0
0.6951268399773572,0.084720847,0.297219779,0.608480592,0.0,0.0
0.6981172671560907,0.007885714,0.266737627,0.574750188,0.0,0.0
0.6874942965389089,0.0,0.2523274515,0.5374110599999999,0.0,0.0
0.6523989757329909,0.0,0.23554399650000002,0.4799367835,0.0,0.0
0.5891862643485344,0.0,0.219073047,0.43269937,0.0,0.0
0.562162806622309,0.0,0.18425376049999997,0.345551325,0.0,0.0
0.5640936365403357,0.0,0.178055281,0.2822548735,0.0,0.0
0.5924545067108471,0.034900553,0.23987942699999998,0.312115358,0.0,0.0
0.6461780247750926,0.143726221,0.283035101,0.398588345,0.0,0.0
0.6884842401003509,0.157898278,0.329470763,0.49083534,0.0,0.0
0.6960960953329838,0.206444122,0.367236266,0.57611461,0.0,0.0
0.6949450587517636,0.223630385,0.492229653,0.644513512,0.0,0.0
0.6934521311101075,0.308096814,0.558543402,0.711052691,0.0,0.0
0.6869570684298553,0.30467860550000003,0.6951316755000001,0.7793871065,0.0,0.0
0.6839390722371622,0.240365209,0.753078567,0.810336231,0.0,0.0
0.6836705611535879,0.150692009,0.765049538,0.825475004,0.0,0.0
0.6845081898295903,0.089527156,0.760992787,0.828288295,0.0,0.0
0.684765499635606,0.057773846,0.757562409,0.827825266,0.0,0.0
0.685645190403504,0.007291267,0.760115896,0.828177528,0.0,0.0
0.683009410048828,0.0,0.780998098,0.8483887525,0.0,0.0
0.6652984164226032,0.0,0.7736995259999999,0.8875168250000001,0.0,0.0
0.6292839488770041,0.0,0.748151924,0.897868127,0.0,0.0
0.5990483009576437,0.0,0.7267255045000001,0.8856498605,0.0,0.0
0.5987561984893923,0.0,0.5465688285,0.77867383,0.0,0.0
0.6637658041995291,0.0,0.387188748,0.618683479,0.0,0.0
0.7680050620927462,0.046293654,0.315426816,0.560210866,0.0,0.0
0.8085367627567503,0.103424593,0.284282091,0.528007702,0.0,0.0
0.8254725805743325,0.169290687,0.25594639,0.49443789,0.0,0.0
0.8267925968361415,0.260136958,0.253346171,0.439997469,0.0,0.0
0.8265158103215999,0.4382259515,0.214190757,0.3053690705,0.0,0.0
0.8210390144204478,0.4905060725,0.23504357850000002,0.2488684785,0.0,0.0
0.8142268405223936,0.29782899,0.254807794,0.22402159449999998,0.0,0.0
0.8115707149506753,0.182482011,0.230201558,0.218529847,0.0,0.0
0.8105303199331555,0.091326846,0.221977865,0.281080978,0.0,0.0
0.8081148623373154,0.004012189,0.243960897,0.367235687,0.0,0.0
0.8023455980884472,0.0,0.269245629,0.431514111,0.0,0.0
0.7559641897109584,0.0,0.29945046200000003,0.504530531,0.0,0.0
0.6640621128323776,0.0,0.365698436,0.578352993,0.0,0.0
0.6154605837590258,0.0,0.378786316,0.578844563,0.0,0.0
0.5952806177415002,0.0,0.419073067,0.6426907820000001,0.0,0.0
0.6149638403651131,0.0,0.4345843815,0.670750826,0.0,0.0
0.6986967172202796,0.0,0.456232448,0.678159633,0.0,0.0
0.7682340257904119,0.069898397,0.498997159,0.719942644,0.0,0.0
0.8086920264537937,0.300389506,0.503883297,0.760518156,0.0,0.0
0.82514650846826,0.494391954,0.519740444,0.786184035,0.0,0.0
0.8266514146305064,0.653191831,0.462755043,0.801045382,0.0,0.0
0.8277773967551129,0.764475198,0.466506518,0.799004239,0.0,0.0
0.8294695704769147,0.828799295,0.544936723,0.842626127,0.0,0.0
0.8266717599218691,0.8150352295000001,0.6391730575,0.880164123,0.0,0.0
0.8212768019595155,0.697818634,0.728322831,0.903032773,0.0,0.0
0.817911565567934,0.560229226,0.791979167,0.909345136,0.0,0.0
0.815348799384975,0.371082192,0.803198181,0.9107745,0.0,0.0
0.8102335083739737,0.138242998,0.798843305,0.907352676,0.0,0.0
0.8073050767690091,0.00216877,0.77395714,0.907408862,0.0,0.0
0.787464693122158,0.0,0.7401897465,0.8924696285,0.0,0.0
0.7394514380287174,0.0,0.681171615,0.868594856,0.0,0.0
0.6650335627215889,0.0,0.642828031,0.844957345,0.0,0.0
0.6160818673797953,0.0,0.59261613,0.81313478,0.0,0.0
0.5957277096644172,0.0,0.5477998755,0.7817996895,0.0,0.0
0.6151346488484627,0.0,0.560578251,0.769193345,0.0,0.0
0.7335155716840582,0.025250376,0.517767834,0.7611687285,0.0,0.0
0.8085811106477157,0.219689978,0.557114113,0.737284831,0.0,0.0
0.8251958856225576,0.295431601,0.669236527,0.76326513,0.0,0.0
0.8270709376881048,0.458578456,0.722896978,0.79142205,0.0,0.0
0.8264802405649736,0.510450644,0.663258902,0.776828395,0.0,0.0
0.8248650587184918,0.5372836985,0.644011659,0.7800081910000001,0.0,0.0
0.8174778694561606,0.47883643099999995,0.7076337595,0.783301631,0.0,0.0
0.812902983975452,0.381126011,0.748287715,0.796498521,0.0,0.0
0.810579697087453,0.269990515,0.770166489,0.816448834,0.0,0.0
0.8093692251225523,0.100261368,0.769436673,0.829914016,0.0,0.0
0.8074757023497865,0.003393651,0.778262326,0.849010601,0.0,0.0
0.7873826721321464,0.0,0.801211637,0.872775112,0.0,0.0
0.7405104867303484,0.0,0.822429633,0.889219289,0.0,0.0
0.6553897001191141,0.0,0.843642911,0.9011933405,0.0,0.0
0.6013681589240767,0.0,0.7880540495,0.9010593525,0.0,0.0
0.5995977133062311,0.0,0.6090969575,0.8422894865,0.0,0.0
0.6640078894659607,0.0,0.6067529155,0.8111727154999999,0.0,0.0
0.7682356716906006,0.02764799,0.622568114,0.828548411,0.0,0.0
0.8086172291863789,0.114926188,0.619429462,0.835578727,0.0,0.0
0.8254011666700616,0.132393756,0.618946368,0.855890668,0.0,0.0
0.8270636224770618,0.143533157,0.599697293,0.848240716,0.0,0.0
0.8270636224770618,0.122781006,0.545237952,0.829208216,0.0,0.0
0.8257084936778969,0.14122202,0.4981613835,0.7840673235,0.0,0.0
0.8183680756727121,0.0842401855,0.42649247199999996,0.71837826,0.0,0.0
0.8144345903458599,0.062196025,0.380697305,0.617223599,0.0,0.0
0.8126414679305188,0.060832694,0.367204061,0.520837932,0.0,0.0
0.811633442283374,0.06023173,0.333792605,0.442728153,0.0,0.0
0.8058884094667046,0.002281115,0.28506271650000004,0.34076194,0.0,0.0
0.7564323126055027,0.0,0.4382332325,0.44486413199999997,0.0,0.0
0.647192634097312,0.0,0.706458787,0.7570662455,0.0,0.0
0.5996214875191598,0.0,0.7741547895,0.876000207,0.0,0.0
0.5996071315624126,0.0,0.815122951,0.9192629405,0.0,0.0
0.6645280869747205,0.0,0.870451807,0.9332282575,0.0,0.0
0.7685394328043219,0.01251078,0.90518549,0.93689925,0.0,0.0
0.8092303290132686,0.049108065,0.920115178,0.936622345,0.0,0.0
0.8247900785485047,0.106622065,0.929044695,0.906204074,0.0,0.0
0.8263831320079261,0.15532956,0.932206513,0.908255853,0.0,0.0
0.8264856811175522,0.14575058349999997,0.9221270614999999,0.932833144,0.0,0.0
0.8226659004708219,0.285059304,0.9259911285,0.889056324,0.0,0.0
0.8199232277207336,0.33785413,0.926756234,0.807232061,0.0,0.0
0.8190630592197837,0.245152904,0.917218994,0.726025327,0.0,0.0
0.8205121874552298,0.117474774,0.924901537,0.757842242,0.0,0.0
0.816588806287785,0.003561246,0.923421254,0.837000861,0.0,0.0
0.7823436870189188,0.0,0.9090741245,0.860366172,0.0,0.0
0.684029094192802,0.0,0.8927033805,0.860338882,0.0,0.0
0.5880764441670645,0.0,0.889369965,0.891494276,0.0,0.0
0.560043634768626,0.0,0.884962928,0.8974299674999999,0.0,0.0
0.5616445292561153,0.0,0.8539107969999999,0.9268875305,0.0,0.0
0.5876894963474254,0.0158764825,0.81865875,0.9288886734999999,0.0,0.0
0.6464759793824503,0.223211658,0.811905026,0.928846335,0.0,0.0
0.6922861900130644,0.379549486,0.84591925,0.934327342,0.0,0.0
0.7000532176772555,0.489857748,0.867807171,0.936199423,0.0,0.0
0.6999936221330532,0.59113605,0.8992413800000001,0.9364114815,0.0,0.0
0.696583329056589,0.591827756,0.907971355,0.936459011,0.0,0.0
0.6944185518846271,0.506987807,0.902164171,0.93624871,0.0,0.0
0.6958038556692231,0.404641807,0.892518793,0.93597047,0.0,0.0
0.6995495705845071,0.245599846,0.883413342,0.935627421,0.0,0.0
0.7033183282510715,0.121759608,0.874804751,0.934907476,0.0,0.0
0.7004155453688595,0.004352874,0.850948555,0.933955633,0.0,0.0
0.6877707400646774,0.0,0.8011690444999999,0.932001725,0.0,0.0
0.652809674874867,0.0,0.7526132480000001,0.928046036,0.0,0.0
0.5881475152312031,0.0,0.7198591735,0.9208450985000001,0.0,0.0
0.5599711463396134,0.0,0.7007489250000001,0.9127597985,0.0,0.0
0.5617070965026131,0.0,0.673037759,0.9006594720000001,0.0,0.0
0.58849169231367,0.0154462655,0.622840548,0.8787525385,0.0,0.0
0.6488944545362897,0.207060989,0.576452175,0.861623372,0.0,0.0
0.6941134194103765,0.352036685,0.572866595,0.851494495,0.0,0.0
0.7021354707842318,0.457612197,0.596293708,0.831836697,0.0,0.0
0.7012623179843455,0.574816387,0.506773628,0.768013571,0.0,0.0
0.6987181368877431,0.612295059,0.4354826885,0.7095364945,0.0,0.0
0.6955135591130408,0.42838860749999996,0.5105817885,0.718673098,0.0,0.0
0.7004102876445327,0.296027894,0.561681969,0.737270694,0.0,0.0
0.7044713306076006,0.190177905,0.566075504,0.774577053,0.0,0.0
0.7073208043389749,0.099383321,0.598779031,0.797203304,0.0,0.0
0.7046168560990217,0.004614967,0.664395678,0.825080171,0.0,0.0
0.6882135800416138,0.0,0.761407028,0.871676605,0.0,0.0
0.661272988997545,0.0,0.8153163615,0.9075294505,0.0,0.0
0.6144258350873484,0.0,0.8370124815,0.922804107,0.0,0.0
0.5947266563138628,0.0,0.8218149975,0.910021143,0.0,0.0
0.6155849868646939,0.0,0.8036503875000001,0.8812899999999999,0.0,0.0
0.7388008939353776,0.013070382,0.8028557375,0.8561376535,0.0,0.0
0.8220659222870185,0.23025412,0.805352319,0.837561988,0.0,0.0
0.8371777112421804,0.383829971,0.809497378,0.829272244,0.0,0.0
0.8373967995387148,0.547939574,0.813867371,0.817305172,0.0,0.0
0.8365069133459244,0.636161021,0.781590594,0.815797601,0.0,0.0
0.834548651683768,0.7325428995000001,0.784226549,0.792495757,0.0,0.0
0.8300197143614707,0.6417424565000001,0.8119352615,0.8321650235,0.0,0.0
0.8283787923037901,0.470129616,0.839693085,0.881894185,0.0,0.0
0.8288695464374077,0.321207051,0.819282662,0.891694132,0.0,0.0
0.829980807023084,0.160236279,0.802113701,0.887764739,0.0,0.0
0.8224634998601287,0.0,0.789260353,0.871242474,0.0,0.0
0.7816109848143789,0.0,0.7508267135,0.8295200885,0.0,0.0
0.6933559599566126,0.0,0.670861084,0.7799689745,0.0,0.0
0.6207445802082383,0.0,0.5641280200000001,0.6961240335,0.0,0.0
0.6043362977781896,0.0,0.46734524749999995,0.5988496365,0.0,0.0
0.6317994181344329,0.0,0.4441513525,0.596754729,0.0,0.0
0.7202036716475636,0.0,0.351466095,0.540050171,0.0,0.0
0.7841438960356676,0.022788577,0.295002984,0.482983228,0.0,0.0
0.8272933177850164,0.183531571,0.247854288,0.443147797,0.0,0.0
0.8381084706973072,0.353571303,0.206983469,0.441312593,0.0,0.0
0.8360528262357255,0.582412983,0.240187241,0.4653586,0.0,0.0
0.8353079626823434,0.629341816,0.243403066,0.372832887,0.0,0.0
0.8320600427207017,0.583014733,0.278960143,0.406866129,0.0,0.0
0.826334806413358,0.5044794995,0.33037284499999997,0.468109844,0.0,0.0
0.8224250953737547,0.36478667,0.442672707,0.617221425,0.0,0.0
0.8212826540986217,0.23305224,0.456795372,0.695352674,0.0,0.0
0.8244552281594525,0.159811587,0.477533223,0.735297649,0.0,0.0
0.8247017482744371,0.052708136,0.486860991,0.754502872,0.0,0.0
0.8183450787028148,0.0,0.524233217,0.776538286,0.0,0.0
0.7810140469306257,0.0,0.5991340215000001,0.8231034705,0.0,0.0
0.7213422724889234,0.0,0.703857585,0.86524912,0.0,0.0
0.6627895993636835,0.0,0.783356046,0.895439184,0.0,0.0
0.6144894538935757,0.0,0.8517687304999999,0.9142758205,0.0,0.0
0.5947090771544932,0.0,0.903145043,0.927078988,0.0,0.0
0.614507810370297,0.0,0.9245232835,0.9345234474999999,0.0,0.0
0.7337062681651797,0.000995561,0.9329174474999999,0.9244873929999999,0.0,0.0
0.8115460264478468,0.041047034,0.935730448,0.909732432,0.0,0.0
0.8288251069836757,0.063481485,0.935059074,0.91128429,0.0,0.0
0.8300948316526464,0.08157972,0.935430897,0.910633153,0.0,0.0
0.8287886227885088,0.112807769,0.9350007185,0.9285236605,0.0,0.0
0.8236640048611314,0.0925853145,0.932510594,0.9369086305000001,0.0,0.0
0.8190484289463384,0.083043269,0.92266742,0.937481686,0.0,0.0
0.8167308113691939,0.076815052,0.909246846,0.937382285,0.0,0.0
0.814612713965932,0.059236589,0.899876609,0.937265583,0.0,0.0
0.8135273307126433,0.027315065,0.874246667,0.93639909,0.0,0.0
0.8093695907790558,0.0,0.832064476,0.933513721,0.0,0.0
0.7875532062244774,0.0,0.7763944595000001,0.9248207035,0.0,0.0
0.70107852527638,0.0,0.7212195564999999,0.9099399914999999,0.0,0.0
0.6152670984781808,0.0,0.6626854385000001,0.8930663365,0.0,0.0
0.5950738508800089,0.0,0.595976964,0.8751089295,0.0,0.0
0.614879121989504,0.0,0.578027496,0.879322681,0.0,0.0
0.6985272804690614,0.0,0.608827743,0.874999193,0.0,0.0
0.7684518339919022,0.005639995,0.652116252,0.877504508,0.0,0.0
0.8094761175179642,0.044106512,0.731900643,0.886992151,0.0,0.0
0.8260901608825176,0.089443751,0.816165173,0.909520998,0.0,0.0
0.8274013988613467,0.146415976,0.881232868,0.920679795,0.0,0.0
0.8270636224770618,0.208198675,0.888262825,0.921184732,0.0,0.0
0.8264890186993126,0.316652825,0.899274459,0.930311196,0.0,0.0
0.8217904616489046,0.466362238,0.9106013235,0.936332502,0.0,0.0
0.8166657065260178,0.40755653,0.905652094,0.937029987,0.0,0.0
0.8141476541878093,0.34298693,0.898996809,0.936818861,0.0,0.0
0.812551217365244,0.181954761,0.902645441,0.936660144,0.0,0.0
0.811633442283374,0.044048095,0.895993082,0.936647888,0.0,0.0
0.8059473877797559,0.001318479,0.8786719975,0.936170027,0.0,0.0
0.7540862574315619,0.0,0.8588331245,0.9352460825,0.0,0.0
0.6457498608529849,0.0,0.8190462334999999,0.9300618435000001,0.0,0.0
0.5978292565773473,0.0,0.8365422805,0.9295995705,0.0,0.0
0.5974092991911701,0.0,0.832434193,0.930721333,0.0,0.0
0.6632807650095085,0.0,0.819065893,0.9321639355,0.0,0.0
0.7714738992280035,0.011352732,0.789984587,0.921878646,0.0,0.0
0.820911045272025,0.222700902,0.752692821,0.901550086,0.0,0.0
0.8354760279243917,0.444669006,0.746405969,0.8747446,0.0,0.0
0.8355043740327416,0.624530782,0.735104201,0.83897882,0.0,0.0
0.8350597966671703,0.703825826,0.676079528,0.766632499,0.0,0.0
0.8303183090163504,0.749272224,0.68716119,0.77253208,0.0,0.0
0.826308517717404,0.667412607,0.696216574,0.783046278,0.0,0.0
0.8242324824060375,0.562846062,0.69593222,0.78849714,0.0,0.0
0.8261366120415824,0.445578332,0.732985385,0.820465157,0.0,0.0
0.8252392278094972,0.296137482,0.725158887,0.853553168,0.0,0.0
0.8281159047496867,0.102737936,0.686942041,0.857500034,0.0,0.0
0.8220823812889041,0.0,0.622898548,0.820735784,0.0,0.0
0.7818991554347309,0.0,0.525486942,0.7213185625,0.0,0.0
0.7226176663201077,0.0,0.445357031,0.624496249,0.0,0.0
0.6437472510769019,0.0,0.413397744,0.662397661,0.0,0.0
0.5963642864225254,0.0,0.3362040505,0.620684505,0.0,0.0
0.5722985435158854,0.0,0.2728579905,0.51705183,0.0,0.0
0.5731011281036458,0.0,0.2604875235,0.4982378115,0.0,0.0
0.6014359381878382,0.004143082,0.294176872,0.558631333,0.0,0.0
0.6552519469836859,0.108708132,0.324457118,0.611802224,0.0,0.0
0.6964380778075455,0.154609622,0.339753197,0.638748424,0.0,0.0
0.7046936650717694,0.29860976,0.44517047,0.678000573,0.0,0.0
0.7039345369014458,0.376187055,0.583587329,0.699101558,0.0,0.0
0.7008608085633362,0.392079402,0.611242378,0.728030918,0.0,0.0
0.6965708933167285,0.3165130695,0.7220999035,0.8056511825,0.0,0.0
0.6947386805861082,0.20613604,0.770673105,0.857637993,0.0,0.0
0.6970506290010391,0.122509565,0.767874915,0.872639863,0.0,0.0
0.7012293085664484,0.088471065,0.741537415,0.874826967,0.0,0.0
0.7030576350819121,0.035931035,0.734101205,0.881681826,0.0,0.0
0.7004155453688595,0.00114043,0.749808253,0.886554662,0.0,0.0
0.688496904375526,0.0,0.7790815485,0.8971824935,0.0,0.0
0.6651507878860435,0.0,0.792723127,0.906400076,0.0,0.0
0.6233203535808254,0.0,0.773719943,0.9081123975000001,0.0,0.0
0.5665874575206657,0.0,0.7645958644999999,0.9094140715,0.0,0.0
0.5599546416306649,0.0,0.739743328,0.8957970230000001,0.0,0.0
0.5680982386383896,0.0,0.720954355,0.886968544,0.0,0.0
0.6040781421313881,0.003514892,0.697400227,0.875246716,0.0,0.0
0.6465821403162145,0.078411295,0.68215925,0.873186231,0.0,0.0
0.6922861900130644,0.182137745,0.659588197,0.866800621,0.0,0.0
0.6989553072699802,0.263969603,0.725008005,0.866220332,0.0,0.0
0.698952747079892,0.340429019,0.655046104,0.837621498,0.0,0.0
0.6963853403294367,0.348008389,0.6075476015000001,0.7938119425000001,0.0,0.0
0.6921201821834121,0.32534333449999997,0.505669893,0.697992274,0.0,0.0
0.6941661797791772,0.199982127,0.391732533,0.613534554,0.0,0.0
0.6974917315893405,0.117552048,0.328583907,0.560934904,0.0,0.0
0.7027736249190942,0.030695498,0.284003378,0.510732516,0.0,0.0
0.7006517328634424,0.00118445,0.270474336,0.490874872,0.0,0.0
0.6877169966595815,0.0,0.2592132895,0.4863441755,0.0,0.0
0.6671927849618344,0.0,0.26798057200000003,0.4908725305,0.0,0.0
0.6252766949517747,0.0,0.2634013895,0.4810474295,0.0,0.0
0.6091458847908526,0.0,0.2425603285,0.46454535799999996,0.0,0.0
0.6426277611389237,0.0,0.21671167200000002,0.422937312,0.0,0.0
0.7862717546095638,0.0024089115,0.218308315,0.44531820099999997,0.0,0.0
0.8601567450934247,0.168352205,0.244329516,0.470867058,0.0,0.0
0.8657888505473239,0.330874731,0.253502781,0.475400485,0.0,0.0
0.8612483461423233,0.472576514,0.290268797,0.472131505,0.0,0.0
0.859623654625534,0.490406389,0.321830433,0.490046589,0.0,0.0
0.856518196890251,0.5671700655,0.3822228565,0.4975485335,0.0,0.0
0.8510871663192584,0.4883771495,0.47519904,0.540847149,0.0,0.0
0.8512924472181214,0.347678794,0.53180943,0.567267191,0.0,0.0
0.8547108099322887,0.239471837,0.551388159,0.55998002,0.0,0.0
0.8584471980798375,0.043041499,0.571790358,0.571536303,0.0,0.0
0.8525385805024152,0.0,0.544013437,0.567213107,0.0,0.0
0.7995784653708453,0.0,0.5366569235,0.5628199085000001,0.0,0.0
0.7347825531117276,0.0,0.486545374,0.553218546,0.0,0.0
0.6583117308772557,0.0,0.5350218195,0.6184675989999999,0.0,0.0
0.6148532675478082,0.0,0.513013156,0.753120018,0.0,0.0
0.6155188306104291,0.0,0.49610113599999994,0.818246292,0.0,0.0
0.7013349207181756,0.0,0.471462045,0.8052904865,0.0,0.0
0.8166812512380036,0.001401185,0.539273122,0.816632139,0.0,0.0
0.8601326052239925,0.010478313,0.662606888,0.867660004,0.0,0.0
0.8717085322067957,0.024254564,0.79281116,0.917586254,0.0,0.0
0.8698171125534888,0.031430457,0.845968265,0.933836236,0.0,0.0
0.8676960890806737,0.1297293655,0.883177346,0.937144304,0.0,0.0
0.8577093751978391,0.3427302555,0.9132169754999999,0.9368227554999999,0.0,0.0
0.8520354821173834,0.30746517,0.91544844,0.9354478515,0.0,0.0
0.8557100572964537,0.195055647,0.916324566,0.932852478,0.0,0.0
0.8571491273025167,0.028634102,0.912109841,0.921082169,0.0,0.0
0.8467669388917104,0.0,0.908614779,0.922032138,0.0,0.0
0.7994415809668948,0.0,0.9061476535,0.9254425895,0.0,0.0
0.7342138013244439,0.0,0.900515798,0.930509989,0.0,0.0
0.672919964302436,0.0,0.894877816,0.932337263,0.0,0.0
0.6244695383942727,0.0,0.884797881,0.936158545,0.0,0.0
0.605965972776928,0.0,0.859172034,0.9335936535,0.0,0.0
0.632609775078186,0.0,0.834989049,0.934582095,0.0,0.0
0.7777710189624867,0.002057707,0.7975873765,0.9294203114999999,0.0,0.0
0.8540420237413656,0.228466918,0.76530746,0.917604841,0.0,0.0
0.8652696587425895,0.404216238,0.736991069,0.902718218,0.0,0.0
0.8633578482394979,0.494629157,0.750817896,0.877495166,0.0,0.0
0.8579150676089093,0.6396634825,0.729131491,0.838463109,0.0,0.0
0.8507989499175228,0.6274505695,0.7631092625,0.819639585,0.0,0.0
0.8477266846513499,0.500675764,0.78005009,0.844584005,0.0,0.0
0.848803929669181,0.345114981,0.797950276,0.891243206,0.0,0.0
0.8513038771053153,0.231400701,0.782741125,0.909020864,0.0,0.0
0.855674761782205,0.022479791,0.742592051,0.908114172,0.0,0.0
0.8473413598412076,0.0,0.701550001,0.898501153,0.0,0.0
0.799512080581266,0.0,0.615415241,0.8728948755,0.0,0.0
0.7037322962283127,0.0,0.481625186,0.7857471765,0.0,0.0
0.6269779211246138,0.0,0.33208751000000003,0.592203163,0.0,0.0
0.6116440034985466,0.0,0.240476775,0.437673204,0.0,0.0
0.6419085919410366,0.0,0.1665428425,0.31877662949999996,0.0,0.0
0.7841162356819028,0.001134283,0.1570164235,0.238444567,0.0,0.0
0.8546422304604837,0.019935472,0.206886444,0.280068606,0.0,0.0
0.865246433163057,0.060481798,0.264503918,0.335374248,0.0,0.0
0.8607234851753753,0.138995409,0.332575013,0.432625152,0.0,0.0
0.8549021007538694,0.313956838,0.331765977,0.439024549,0.0,0.0
0.847860551645942,0.353634539,0.420006004,0.577198321,0.0,0.0
0.8412688833349755,0.353169476,0.530565222,0.688332031,0.0,0.0
0.8350704950927164,0.256212885,0.613674218,0.755249762,0.0,0.0
0.8335195949906754,0.222287294,0.591407197,0.783436093,0.0,0.0
0.8341094692380328,0.168732117,0.581447214,0.798279086,0.0,0.0
0.8352835484218928,0.0176707,0.595311659,0.810667401,0.0,0.0
0.8306332256262473,0.0,0.617642793,0.834243496,0.0,0.0
0.7992518446313768,0.0,0.649399325,0.8576432469999999,0.0,0.0
0.7422612729600572,0.0,0.684304844,0.871759149,0.0,0.0
0.6730072429424538,0.0,0.670524456,0.865326818,0.0,0.0
0.6253751064202377,0.0,0.7239425145,0.8926746335,0.0,0.0
0.6064346443048685,0.0,0.7281250065,0.8990869185,0.0,0.0
0.6327633700586696,0.0,0.6397868835,0.861668915,0.0,0.0
0.7686002854785561,0.0,0.5476095160000001,0.770717683,0.0,0.0
0.8336549250572043,0.028494639,0.453910847,0.680946071,0.0,0.0
0.8459310933114057,0.074360978,0.460767783,0.634928957,0.0,0.0
0.8461367400154131,0.113960195,0.47619544,0.608404453,0.0,0.0
0.8441585445741011,0.160937772,0.464428616,0.576377452,0.0,0.0
0.839994906868665,0.215743199,0.429659634,0.5570736300000001,0.0,0.0
0.8312099782305181,0.237258535,0.36757621900000004,0.5000713999999999,0.0,0.0
0.8276081428321465,0.200548127,0.341655518,0.464250746,0.0,0.0
0.8290319425172422,0.125672313,0.325331623,0.457918625,0.0,0.0
0.8319013956605145,0.014854332,0.315097934,0.445331621,0.0,0.0
0.8297064894331457,0.0,0.310011409,0.434376571,0.0,0.0
0.7991349853463869,0.0,0.3111742485,0.45253255950000004,0.0,0.0
0.7419308116381743,0.0,0.300392221,0.470226063,0.0,0.0
0.6333008953007927,0.0,0.25176448,0.41726544649999997,0.0,0.0
0.5795091635698866,0.0,0.184279927,0.33495505049999996,0.0,0.0
0.5735018831723154,0.0,0.128759526,0.262570744,0.0,0.0
0.5766537005782171,0.0,0.09260384599999999,0.183023859,0.0,0.0
0.6102423322005115,0.000813855,0.07129081300000001,0.1484268085,0.0,0.0
0.676899854858329,0.039130439,0.063017709,0.148359797,0.0,0.0
0.713168020460126,0.079124527,0.053178236,0.145272414,0.0,0.0
0.7182415239188914,0.132036065,0.060592819,0.158457607,0.0,0.0
0.7171125698690278,0.138999782,0.094757599,0.22595667,0.0,0.0
0.713803065622863,0.14895620399999998,0.1117986325,0.2491323975,0.0,0.0
0.7127223001950198,0.138062678,0.118487776,0.224818997,0.0,0.0
0.7147223495580531,0.086589098,0.133544606,0.236958717,0.0,0.0
0.7203841269967298,0.072526515,0.158698261,0.252884662,0.0,0.0
0.7241820994288015,0.036173864,0.190181895,0.258189956,0.0,0.0
0.7277258250969588,0.003863551,0.230165573,0.273503272,0.0,0.0
0.7242128228989879,0.0,0.268959871,0.2928509,0.0,0.0
0.7081473231515445,0.0,0.319580624,0.336427542,0.0,0.0
0.6667362976734277,0.0,0.3792721835,0.4309724105,0.0,0.0
0.601330028754401,0.0,0.388979973,0.5049539949999999,0.0,0.0
0.5787472694162106,0.0,0.4382309055,0.5744808955,0.0,0.0
0.5854050482000585,0.0,0.441610115,0.60123057,0.0,0.0
0.6261964589969269,0.0008444675,0.397360225,0.52557292,0.0,0.0
0.6960960039188578,0.208008193,0.337902693,0.457102735,0.0,0.0
0.7262719419891986,0.40359626,0.262004557,0.404503946,0.0,0.0
0.7264470480512712,0.572429442,0.20521386,0.342298201,0.0,0.0
0.7238257608488516,0.6494685885,0.1631202255,0.2619883495,0.0,0.0
0.7162981667725576,0.43499620149999996,0.130402868,0.18548169949999999,0.0,0.0
0.7153685502169659,0.417649854,0.092254979,0.110173145,0.0,0.0
0.7212505590003526,0.349879124,0.061050582,0.076510171,0.0,0.0
0.7287394284921913,0.213757937,0.054341442,0.063598822,0.0,0.0
0.7389602724572129,0.0056699655,0.1328426555,0.1657063985,0.0,0.0
0.718482328941638,0.0,0.240555281,0.3938057155,0.0,0.0
0.6764782974276672,0.0,0.3669655,0.5406170685,0.0,0.0
0.6255654142798435,0.0,0.5179557695,0.6680366584999999,0.0,0.0
0.6064426681611883,0.0,0.655175871,0.769594459,0.0,0.0
0.6326215021727699,0.0,0.7564285545,0.848473375,0.0,0.0
0.7742724413190176,0.0,0.790180981,0.8821967045000001,0.0,0.0
0.8524488787191775,0.023253611,0.808615922,0.898970881,0.0,0.0
0.8630257411660675,0.075357157,0.806262506,0.898942565,0.0,0.0
0.8599642655909258,0.126721579,0.79689333,0.894653552,0.0,0.0
0.8560404272042105,0.142376374,0.799906462,0.888082394,0.0,0.0
0.8495431698417327,0.18077783749999998,0.814623745,0.892647593,0.0,0.0
0.8422637417806118,0.102040434,0.766365446,0.876689056,0.0,0.0
0.8424062040069706,0.041897352,0.714614685,0.861937714,0.0,0.0
0.8429264015157305,0.010920008,0.6949761285,0.8546963734999999,0.0,0.0
0.8273375285547926,0.0,0.678210416,0.8485762109999999,0.0,0.0
0.7590821517095361,0.0,0.6521063284999999,0.839428708,0.0,0.0
0.65557804198045,0.0,0.6284105965,0.841052141,0.0,0.0
0.6095159392800276,0.0,0.6090619845,0.8344449885,0.0,0.0
0.6104988191307532,0.0,0.6000714875,0.8224979715,0.0,0.0
0.6515167932984387,0.0,0.600872167,0.81635406,0.0,0.0
0.7704394019080122,0.0,0.652425956,0.829355061,0.0,0.0
0.8418833547453557,0.068288402,0.671371134,0.844161224,0.0,0.0
0.850849332924487,0.189016789,0.696907744,0.850996401,0.0,0.0
0.8479276680458102,0.308811098,0.786181851,0.862713951,0.0,0.0
0.8454897163320858,0.27339968800000003,0.785229363,0.8590320005000001,0.0,0.0
0.838387451671113,0.27871653949999997,0.7783091855,0.861831287,0.0,0.0
0.8331365104955013,0.2111451205,0.7174320335,0.8382395925,0.0,0.0
0.8332807558918783,0.108326279,0.660339601,0.822111317,0.0,0.0
0.8349981667499049,0.007229948,0.664197168,0.830573851,0.0,0.0
0.824128516005858,0.0,0.6669528849999999,0.8264311705,0.0,0.0
0.7589471646317804,0.0,0.6186990345000001,0.7869721169999999,0.0,0.0
0.6557064911645143,0.0,0.553995936,0.7496102255,0.0,0.0
0.6093871700722022,0.0,0.405424678,0.6205939895,0.0,0.0
0.6099325819008155,0.0,0.290165191,0.4525376465,0.0,0.0
0.6950935332034296,0.0,0.2345500985,0.3671504705,0.0,0.0
0.8107249025551132,0.0,0.204840896,0.317154719,0.0,0.0
0.851734007174334,0.206085257,0.19909439,0.308443868,0.0,0.0
0.8573739763240315,0.405132048,0.161822791,0.299866395,0.0,0.0
0.8494588171969475,0.577203904,0.100006072,0.269514517,0.0,0.0
0.8450466020384512,0.683647136,0.055080403,0.156393732,0.0,0.0
0.8391320409077969,0.747301082,0.042377593,0.123734914,0.0,0.0
0.8326855781388111,0.7381745435,0.0446993195,0.10353203550000001,0.0,0.0
0.8278753281879343,0.614920304,0.077931421,0.13157996,0.0,0.0
0.8278435988650814,0.453194546,0.121409672,0.175985878,0.0,0.0
0.8341094692380328,0.253664562,0.195281262,0.245389457,0.0,0.0
0.8407737402085088,0.004524841,0.312316871,0.340910887,0.0,0.0
0.8376962628507518,0.0,0.412614742,0.460341041,0.0,0.0
0.7987510321940556,0.0,0.5145866530000001,0.6021881554999999,0.0,0.0
0.7388019455694277,0.0,0.598184283,0.708729111,0.0,0.0
0.6729186384260085,0.0,0.682964487,0.810052294,0.0,0.0
0.6253413653920519,0.0,0.717734542,0.8416622874999999,0.0,0.0
0.6065203457167728,0.0,0.713963195,0.844313444,0.0,0.0
0.6329333326269126,0.0,0.7401963545,0.8808996105,0.0,0.0
0.769462557098965,0.0,0.780645085,0.9063519145,0.0,0.0
0.8348385138370512,0.201182729,0.79273477,0.916887098,0.0,0.0
0.8449173070879215,0.403526433,0.792338302,0.91522455,0.0,0.0
0.8422216797630369,0.580710276,0.717662199,0.909491573,0.0,0.0
0.8381531843934167,0.704767844,0.68614455,0.890059677,0.0,0.0
0.8368766018813141,0.772131007,0.67097915,0.878601695,0.0,0.0
0.8315344959248483,0.7581607715,0.6007449570000001,0.8628256839999999,0.0,0.0
0.8262080260944942,0.624095635,0.543059923,0.843339901,0.0,0.0
0.824425967612562,0.45982104,0.558650028,0.842996979,0.0,0.0
0.8252006404948715,0.258715615,0.567527046,0.844741424,0.0,0.0
0.8303921918452246,0.003519435,0.604770536,0.849695663,0.0,0.0
0.8223308672535179,0.0,0.6031365195,0.830832837,0.0,0.0
0.7623452506523396,0.0,0.5565216175000001,0.8080082225,0.0,0.0
0.6730072429424538,0.0,0.602088415,0.827527512,0.0,0.0
0.6253751064202377,0.0,0.5385078194999999,0.7845174735,0.0,0.0
0.6065203228260811,0.0,0.45934473600000003,0.7464918115000001,0.0,0.0
0.6329750975114183,0.0,0.4767659045,0.7760610135,0.0,0.0
0.7700771198491505,0.0,0.5386418105,0.809960672,0.0,0.0
0.8365968895201806,0.175756341,0.535380714,0.823071329,0.0,0.0
0.8445781590458256,0.366774041,0.543870709,0.813213907,0.0,0.0
0.8393477459898283,0.541594088,0.48840566,0.794500968,0.0,0.0
0.8370493305815503,0.652725879,0.395884956,0.71146372,0.0,0.0
0.8338073998058833,0.702369969,0.3917648485,0.668659631,0.0,0.0
0.824562486360009,0.5440877854999999,0.35696248399999997,0.622888984,0.0,0.0
0.8225657287973528,0.357072825,0.372084079,0.610128712,0.0,0.0
0.823154871583062,0.168466318,0.400415848,0.623126974,0.0,0.0
0.8287365938813562,0.004884288,0.472081922,0.645654923,0.0,0.0
0.8215183385925511,0.0,0.613745729,0.7283571805,0.0,0.0
0.7625739400333074,0.0,0.7015720955,0.8103271965,0.0,0.0
0.6329992602715422,0.0,0.7741030984999999,0.8536516359999999,0.0,0.0
0.5790507103575302,0.0,0.7249264255,0.8452248655,0.0,0.0
0.5730888294849741,0.0,0.6674130555,0.8406224365,0.0,0.0
0.5840287055266941,0.0,0.637372933,0.8253678785,0.0,0.0
0.6239129938115348,0.0,0.65000366,0.798991255,0.0,0.0
0.6623452506077474,0.092643192,0.6783572,0.811965429,0.0,0.0
0.6922821667510394,0.203212819,0.673816398,0.834264226,0.0,0.0
0.6982090720587874,0.38204494,0.633686157,0.83474069,0.0,0.0
0.6978576256209812,0.545887285,0.561216004,0.80192535,0.0,0.0
0.6959491982580721,0.6222480395000001,0.544310061,0.8037741949999999,0.0,0.0
0.6888927903413848,0.5678560260000001,0.55940866,0.8248482800000001,0.0,0.0
0.6882380857905108,0.370253323,0.59464306,0.859703515,0.0,0.0
0.689831962274347,0.206535201,0.620461514,0.875884533,0.0,0.0
0.6925961232153326,0.0022917955,0.6893441499999999,0.8920387645,0.0,0.0
0.6908875361987081,0.0,0.7404465575,0.9104773589999999,0.0,0.0
0.6634037734923535,0.0,0.749729985,0.9164051934999999,0.0,0.0
0.599125681380159,0.0,0.7241028734999999,0.9109367675,0.0,0.0
0.5732996197571314,0.0,0.6975739585,0.8934645210000001,0.0,0.0
0.5732565061055066,0.0,0.684201264,0.879059047,0.0,0.0
0.5843312092131017,0.0,0.669976393,0.886602356,0.0,0.0
0.6255742153048742,0.0,0.657622618,0.888345294,0.0,0.0
0.665408189106185,0.172896659,0.630572527,0.888244516,0.0,0.0
0.6979660267210726,0.391487897,0.600135567,0.886606893,0.0,0.0
0.7023610512673946,0.566421834,0.520979662,0.873573104,0.0,0.0
0.7010628434432054,0.68896687,0.462862605,0.838041671,0.0,0.0
0.6985663250029572,0.7573629275,0.48872521700000005,0.830051188,0.0,0.0
0.6924016777145636,0.6580030939999999,0.5566832214999999,0.8516810969999999,0.0,0.0
0.692885848247427,0.43832037,0.67213095,0.885615883,0.0,0.0
0.6975950579419978,0.236760764,0.710617395,0.902863688,0.0,0.0
0.7005954977173721,0.0021787965,0.7569249665,0.918442452,0.0,0.0
0.6938620987903356,0.0,0.756510643,0.9134099635,0.0,0.0
0.6744884435638465,0.0,0.69013491,0.8634427094999999,0.0,0.0
0.6253038295628351,0.0,0.5252125525,0.676825833,0.0,0.0
0.6064828327782479,0.0,0.3288768435,0.5056177390000001,0.0,0.0
0.6329750975114183,0.0,0.229463118,0.44622145950000003,0.0,0.0
0.7714057540847772,0.0,0.216336992,0.4423848245,0.0,0.0
0.841356299244823,0.117646465,0.177347213,0.424662871,0.0,0.0
0.8460199722188696,0.273591124,0.151919947,0.384323051,0.0,0.0
0.841733760210526,0.415616999,0.124542709,0.317373087,0.0,0.0
0.8379730492166525,0.515062734,0.115793581,0.262004034,0.0,0.0
0.8347147509275461,0.5582154655,0.0961995145,0.2061978935,0.0,0.0
0.8262494479902267,0.4745361865,0.09386161600000001,0.174837935,0.0,0.0
0.8242451009741497,0.298056377,0.123315558,0.215329118,0.0,0.0
0.8262308858688823,0.15322704,0.169708245,0.28590399,0.0,0.0
0.8326524771581472,0.003127505,0.217027465,0.336826131,0.0,0.0
0.8253154881488488,0.0,0.2044954075,0.321685439,0.0,0.0
0.7585959924363518,0.0,0.15771970200000002,0.2225542735,0.0,0.0
0.673473399987369,0.0,0.140255933,0.184571586,0.0,0.0
0.6251380045614348,0.0,0.124560476,0.148484989,0.0,0.0
0.6060980108944389,0.0,0.103012683,0.10780295349999999,0.0,0.0
0.631529078173777,0.0,0.0822473625,0.066464833,0.0,0.0
0.7738045469597882,0.0,0.077869297,0.041351051,0.0,0.0
0.8493740531142755,0.086010074,0.078087192,0.031425621,0.0,0.0
0.8540705526779674,0.204300818,0.072127243,0.031727096,0.0,0.0
0.84711038458685,0.298760661,0.062381129,0.025869398,0.0,0.0
0.8394637823247239,0.395495904,0.06737271,0.024891328,0.0,0.0
0.8360798008349053,0.440171048,0.0738170945,0.0296436,0.0,0.0
0.82796635592192,0.31126931,0.082786861,0.042846915,0.0,0.0
0.8246436843999263,0.16602057,0.094185679,0.054258652,0.0,0.0
0.8283906794845748,0.051953221,0.0933030945,0.075883316,0.0,0.0
0.8233371555863482,0.0,0.128942982,0.1395058755,0.0,0.0
0.7586610971308869,0.0,0.19561789000000002,0.22112815149999998,0.0,0.0
0.65563048239981,0.0,0.2739903315,0.309974023,0.0,0.0
0.6092907245276888,0.0,0.2791496685,0.332394919,0.0,0.0
0.6102485500704418,0.0,0.24736446750000002,0.318502422,0.0,0.0
0.6513094092801169,0.0,0.265330885,0.321821265,0.0,0.0
0.77171712739397,0.0,0.315438858,0.376527312,0.0,0.0
0.8426772297965318,0.035115771,0.334713191,0.433124335,0.0,0.0
0.8483683134148413,0.173039194,0.315841876,0.450299043,0.0,0.0
0.8461367400154131,0.332237395,0.271883078,0.448356077,0.0,0.0
0.8382880115336123,0.4244342275,0.24582674450000003,0.45579406899999997,0.0,0.0
0.8314473086246359,0.4547248795,0.175801754,0.340315291,0.0,0.0
0.826363655596682,0.334348114,0.119151604,0.227121017,0.0,0.0
0.8248793231124723,0.235410284,0.101373393,0.170846183,0.0,0.0
0.8288531788496479,0.084445426,0.099099804,0.135424747,0.0,0.0
0.8352835484218928,0.00188916,0.106834111,0.116944191,0.0,0.0
0.8251627389348308,0.0,0.118774325,0.108050184,0.0,0.0
0.7589697500894703,0.0,0.12138571849999999,0.1044280975,0.0,0.0
0.6555163434654299,0.0,0.14049744,0.167160066,0.0,0.0
0.612578283438006,0.0,0.16452358,0.241951014,0.0,0.0
0.6066368849780016,0.0,0.2147977925,0.346158129,0.0,0.0
0.633003215010133,0.0,0.280673981,0.46587021100000003,0.0,0.0
0.7710517244175501,0.0,0.3446479185,0.5829027565,0.0,0.0
0.8463668009798712,0.059493929,0.37559438,0.636262119,0.0,0.0
0.8574437443281139,0.28807359,0.380577152,0.669077981,0.0,0.0
0.8553663375075774,0.467121493,0.440076685,0.687108774,0.0,0.0
0.8496463589988807,0.575611225,0.396013398,0.640758262,0.0,0.0
0.8473079846181664,0.687722983,0.3842652405,0.6001581785000001,0.0,0.0
0.8424227087902396,0.5765349660000001,0.3928207105,0.579717838,0.0,0.0
0.8465164869288268,0.352347716,0.372083279,0.573677431,0.0,0.0
0.8527017994580236,0.156605885,0.349450618,0.553555119,0.0,0.0
0.8586337340291043,0.0,0.332847303,0.52585214,0.0,0.0
0.8378037953680064,0.0,0.31435359500000004,0.48448810649999996,0.0,0.0
0.7550086958972995,0.0,0.251206779,0.35967106400000004,0.0,0.0
0.6781222597110775,0.0,0.216690979,0.254199901,0.0,0.0
0.6373602466566088,0.0,0.200400823,0.220184555,0.0,0.0
0.6225206721719263,0.0,0.168186387,0.1956058645,0.0,0.0
0.6613684515057632,0.0,0.1326028655,0.1419324675,0.0,0.0
0.7985142046519507,0.0,0.119091165,0.1086639865,0.0,0.0
0.8684996566304088,0.046985781,0.124273505,0.116779169,0.0,0.0
0.8773145773514146,0.206806212,0.118730558,0.128690202,0.0,0.0
0.8681761448630656,0.324099033,0.117120613,0.133836208,0.0,0.0
0.8604488933430594,0.437751019,0.150690807,0.16646622,0.0,0.0
0.8562616642529461,0.345627619,0.161323826,0.15892170649999998,0.0,0.0
0.8511971676124754,0.165077574,0.1361113955,0.1415677205,0.0,0.0
0.8512924472181214,0.103366349,0.112015794,0.122125244,0.0,0.0
0.8557100572964537,0.0359525,0.124817315,0.172489338,0.0,0.0
0.8580190797161519,0.0,0.137525239,0.214887642,0.0,0.0
0.8363832875576083,0.0,0.1762398965,0.269003532,0.0,0.0
0.7547844641069354,0.0,0.203127512,0.39564629799999995,0.0,0.0
0.6537056189257071,0.0,0.243605163,0.441306564,0.0,0.0
0.6004497894274272,0.0,0.28923786100000004,0.484338655,0.0,0.0
0.5752178767397885,0.0,0.319938051,0.500419057,0.0,0.0
0.5780529945144157,0.0,0.35223994849999996,0.58282689,0.0,0.0
0.6136648552978927,0.0,0.37760915500000003,0.6327798375,0.0,0.0
0.6795430418381739,0.037209485,0.368774038,0.607934704,0.0,0.0
0.7166399207861253,0.238119984,0.328260739,0.581618681,0.0,0.0
0.7219547779010335,0.405698769,0.341140974,0.539437363,0.0,0.0
0.7159430169478465,0.4791285115,0.32236063049999997,0.453854117,0.0,0.0
0.7088821285498639,0.37230153600000004,0.2979692055,0.433401058,0.0,0.0
0.7090969191190342,0.234355667,0.294980467,0.41143328,0.0,0.0
0.7160188657006704,0.103009384,0.289772628,0.410344338,0.0,0.0
0.723297699569973,0.045428942,0.265622264,0.405921242,0.0,0.0
0.7273436092589418,0.0,0.24423668599999998,0.38518778200000003,0.0,0.0
0.7128543154961594,0.0,0.21062514799999998,0.342040277,0.0,0.0
0.6665576254942798,0.0,0.217511757,0.323591832,0.0,0.0
0.6188547608223776,0.0,0.242222887,0.389671562,0.0,0.0
0.5839368091355511,0.0,0.26036406700000003,0.388263339,0.0,0.0
0.5765454365993143,0.0,0.273117683,0.375367566,0.0,0.0
0.588920519248312,0.0,0.319001559,0.461030272,0.0,0.0
0.6541091857591123,0.0070391145,0.403439119,0.575200496,0.0,0.0
0.7140062891836505,0.048191784,0.470412281,0.648821587,0.0,0.0
0.7168404468126743,0.104340364,0.485024885,0.691813501,0.0,0.0
0.7121094289777652,0.142895881,0.556527162,0.718912935,0.0,0.0
0.7084113996095275,0.1355166785,0.596895135,0.7588278645,0.0,0.0
0.7010984361648438,0.1031018945,0.6686837675,0.812824447,0.0,0.0
0.7022165316286397,0.049427812,0.701615681,0.852130711,0.0,0.0
0.7054363340915668,0.021254178,0.742171785,0.867653601,0.0,0.0
0.7076846408838993,0.0,0.767645542,0.881389737,0.0,0.0
0.703430592675628,0.0,0.7682827655,0.893590881,0.0,0.0
0.6871860322018414,0.0,0.703521338,0.892077131,0.0,0.0
0.6730072429424538,0.0,0.641745995,0.880862874,0.0,0.0
0.6253856676502745,0.0,0.6167913525,0.8782159540000001,0.0,0.0
0.6065515721876129,0.0,0.6199431280000001,0.866239811,0.0,0.0
0.6321774734405949,0.0,0.658052023,0.873851766,0.0,0.0
0.7759027105838947,0.0,0.7114863705,0.8953976185,0.0,0.0
0.8546422304604837,0.039898746,0.717425975,0.903373439,0.0,0.0
0.8663797304987068,0.303718453,0.725713185,0.903115556,0.0,0.0
0.8649447753174354,0.449570567,0.780438123,0.908135705,0.0,0.0
0.8620950730507462,0.558674126,0.8383207105,0.9124058205,0.0,0.0
0.8567742266755429,0.5162434335,0.8281188235,0.913811749,0.0,0.0
0.8544892527111511,0.387868492,0.801016072,0.920588512,0.0,0.0
0.8571047792629107,0.295363907,0.734518548,0.910584515,0.0,0.0
0.8598334161543332,0.06563241,0.69682511,0.905919273,0.0,0.0
0.8608342180045608,0.0,0.701195748,0.89187775,0.0,0.0
0.838054750182903,0.0,0.7586715265,0.9025542605,0.0,0.0
0.7542083972572496,0.0,0.8670950805,0.9133486625,0.0,0.0
0.6729606089551372,0.0,0.915691298,0.874448989,0.0,0.0
0.6243614573179422,0.0,0.928523535,0.81846829,0.0,0.0
0.6060985824185268,0.0,0.931809976,0.814294984,0.0,0.0
0.6326920703105753,0.0,0.925895582,0.815320501,0.0,0.0
0.7393897165486851,0.0,0.928821302,0.838530279,0.0,0.0
0.8267395620020018,0.0012650625,0.9320149634999999,0.8400416345,0.0,0.0
0.8597836731948912,0.016706287,0.93118516,0.875910264,0.0,0.0
0.8598766669271468,0.06473555,0.92851579,0.905726437,0.0,0.0
0.8578463967972989,0.158988092,0.9226312555,0.930421741,0.0,0.0
0.8523822195385796,0.218716365,0.9159897575,0.936643018,0.0,0.0
0.8497226193382323,0.249152297,0.903786697,0.937469244,0.0,0.0
0.8506975438560725,0.269972444,0.899790377,0.936598501,0.0,0.0
0.8518279151964895,0.050796451,0.893936908,0.936059713,0.0,0.0
0.8526515078651855,0.0,0.892086838,0.936654784,0.0,0.0
0.8334593823639634,0.0,0.8899901675,0.9373447465,0.0,0.0
0.7548171993567754,0.0,0.882327575,0.9369395905,0.0,0.0
0.6551634795884294,0.0,0.8576576225,0.936510672,0.0,0.0
0.6097820730017656,0.0,0.8439459255,0.932207211,0.0,0.0
0.6139030087164252,0.0,0.85356341,0.9288783254999999,0.0,0.0
0.7065901824375225,0.0,0.8405438590000001,0.9177448665000001,0.0,0.0
0.8435330548630549,0.012991088,0.7024726004999999,0.8486980375,0.0,0.0
0.8741908318114854,0.29865594,0.575515593,0.763822955,0.0,0.0
0.8698171125534888,0.473074258,0.533837654,0.733563385,0.0,0.0
0.867720411852678,0.570974976,0.462110061,0.598013033,0.0,0.0
0.8653802087435233,0.585307735,0.48855222249999997,0.5936396100000001,0.0,0.0
0.8607990139044381,0.558068587,0.59786991,0.647355517,0.0,0.0
0.8605068658034443,0.389603316,0.671795944,0.747166366,0.0,0.0
0.8610298978933109,0.216993306,0.651341786,0.805616191,0.0,0.0
0.8627804097320012,0.028961615,0.613510673,0.805308937,0.0,0.0
0.865398588036616,0.0,0.593763694,0.812387013,0.0,0.0
0.8387133866559966,0.0,0.654547097,0.8591381505,0.0,0.0
0.7548261604680069,0.0,0.7822892175,0.8566769475,0.0,0.0
0.6730329830793321,0.0,0.87772266,0.896315596,0.0,0.0
0.6249937821300697,0.0,0.909819817,0.9328757405,0.0,0.0
0.6063580640160762,0.0,0.9066350745,0.9373132,0.0,0.0
0.6327176276192017,0.0,0.894124481,0.9371010535,0.0,0.0
0.7736413280041796,0.0,0.8884607499999999,0.937307432,0.0,0.0
0.8518039581553091,0.010763397,0.883874941,0.937436518,0.0,0.0
0.8637155584029382,0.157194604,0.877897133,0.937443698,0.0,0.0
0.8636347260195245,0.308372646,0.87856073,0.937461755,0.0,0.0
0.8614201604040188,0.465607156,0.885577673,0.937437218,0.0,0.0
0.8585628686095885,0.4761660635,0.881118699,0.937417663,0.0,0.0
0.8543237935148948,0.421534626,0.8695704535,0.9369392759999999,0.0,0.0
0.8565684884087688,0.278658346,0.862912651,0.932941321,0.0,0.0
0.8582567301340307,0.046725009,0.851624545,0.91882405,0.0,0.0
0.8578528433511847,0.0,0.838890876,0.90130826,0.0,0.0
0.8363909227180919,0.0,0.776004737,0.8599527714999999,0.0,0.0
0.7539011386985282,0.0,0.6970873275,0.8294080265,0.0,0.0
0.6739229606862484,0.0,0.580851938,0.769992472,0.0,0.0
0.6264759886041289,0.0,0.5124217785,0.7430777749999999,0.0,0.0
0.6107930932418977,0.0,0.3773704705,0.632956996,0.0,0.0
0.6424567699016428,0.0,0.2386040505,0.431142008,0.0,0.0
0.750144565420138,0.0,0.249356151,0.357779058,0.0,0.0
0.840887307618801,0.0032135035,0.3316060805,0.3343752715,0.0,0.0
0.8735374987697813,0.040590945,0.409816486,0.423964648,0.0,0.0
0.8693734496264581,0.066824879,0.42578724,0.511998713,0.0,0.0
0.86664563568513,0.1031731475,0.448053134,0.604864107,0.0,0.0
0.8613240577739583,0.1588080195,0.458198931,0.6090178895,0.0,0.0
0.858107775795364,0.16125732,0.45530616,0.609016693,0.0,0.0
0.8595333126461332,0.106241591,0.429014263,0.618748879,0.0,0.0
0.8593035717797567,0.0107730185,0.4672618055,0.6673277915,0.0,0.0
0.8372952562817553,0.0,0.5194639335,0.7281100555,0.0,0.0
0.754745145330662,0.0,0.5887378305,0.7064826449999999,0.0,0.0
0.6371479477540927,0.0,0.6860832725,0.737100988,0.0,0.0
0.588725228055398,0.0,0.759953395,0.769964243,0.0,0.0
0.5858732854737407,0.0,0.774874286,0.824819851,0.0,0.0
0.589699146794892,0.0,0.8175948155,0.8831585325,0.0,0.0
0.6291901551596663,0.0,0.8213940395,0.9201912514999999,0.0,0.0
0.7033535323511942,0.00968843,0.799201614,0.919226275,0.0,0.0
0.7473880852723784,0.199105813,0.746767466,0.917268844,0.0,0.0
0.7555012102359232,0.322552259,0.760177301,0.910925869,0.0,0.0
0.756612196430581,0.391699983,0.682988332,0.887567241,0.0,0.0
0.7557154980274011,0.439763459,0.628805454,0.857890613,0.0,0.0
0.7530614755751417,0.4381045885,0.553346934,0.8136692025000001,0.0,0.0
0.7552935518265829,0.336815141,0.493751639,0.770774042,0.0,0.0
0.7626076810614931,0.287769688,0.455802905,0.759097369,0.0,0.0
0.7673793436977442,0.034363836,0.457508183,0.763355576,0.0,0.0
0.7692875881580811,0.0,0.429411831,0.74552657,0.0,0.0
0.7459018327199229,0.0,0.365381968,0.688682776,0.0,0.0
0.7001110986491939,0.0,0.302023629,0.575060006,0.0,0.0
0.6532573839546144,0.0,0.252388095,0.55151811,0.0,0.0
0.6148802192562963,0.0,0.24055998150000002,0.4604093505,0.0,0.0
0.6038552134010804,0.0,0.21190130000000001,0.42230868,0.0,0.0
0.6015500771222184,0.0,0.239164496,0.48725952699999997,0.0,0.0
0.6148992386712315,0.0,0.276272805,0.5528633165000001,0.0,0.0
0.6592557947294002,0.01167473,0.324117342,0.616921857,0.0,0.0
0.7140649016915575,0.27812121,0.335833599,0.648828042,0.0,0.0
0.7555906377767833,0.43608908,0.323046375,0.661886463,0.0,0.0
0.7602359771648001,0.5423282695,0.318096704,0.6179744835000001,0.0,0.0
0.7579519177132692,0.47355168300000006,0.391483741,0.6502960495,0.0,0.0
0.7570971898392181,0.370793855,0.440342791,0.688428383,0.0,0.0
0.7618268819463405,0.238575908,0.487035995,0.754359009,0.0,0.0
0.7693950291868894,0.01988944,0.532540196,0.821277667,0.0,0.0
0.772044845548872,0.0,0.557328041,0.861683058,0.0,0.0
0.7640436420954309,0.0,0.610720178,0.8879655915,0.0,0.0
0.7255882511338116,0.0,0.6411722735000001,0.897168354,0.0,0.0
0.6809265853434434,0.0,0.6502791885,0.903562602,0.0,0.0
0.6337177741862197,0.0,0.7278558563333334,0.9149040456666667,0.0,0.0
0.6279846894187652,0.0,0.7771415115,0.924842311,0.0,0.0
0.7303352937906686,0.0,0.782712005,0.9283149884999999,0.0,0.0
0.8268297210788303,0.003647315,0.807398502,0.933910899,0.0,0.0
0.8664507787464741,0.072373751,0.790308353,0.933499691,0.0,0.0
0.879118763997446,0.087819372,0.801086474,0.932301527,0.0,0.0
0.8799090728572266,0.105996547,0.846735187,0.932257802,0.0,0.0
0.8793760281707192,0.1463632815,0.8882533420000001,0.9336076074999999,0.0,0.0
0.8778959477068106,0.07204876,0.880604018,0.935429664,0.0,0.0
0.8763707421089054,0.045083725,0.883119064,0.936460638,0.0,0.0
0.8761722275647279,0.013311028,0.8769863725,0.9367343345,0.0,0.0
0.8757952237439748,0.0,0.893382941,0.936961744,0.0,0.0
0.8651634064690199,0.0,0.899031879,0.936987883,0.0,0.0
0.7978247074388409,0.0,0.886202727,0.935803611,0.0,0.0
0.7055151775860188,0.0,0.8825645150000001,0.930620936,0.0,0.0
0.630376052852236,0.0,0.895442336,0.9343406435,0.0,0.0
0.6115566104793908,0.0,0.8995863565,0.9358941675,0.0,0.0
0.6379612535837704,0.0,0.908049849,0.935651376,0.0,0.0
0.7790996760888049,0.0,0.9052077030000001,0.932669343,0.0,0.0
0.8599660029795606,0.0243668525,0.87867351,0.9265652639999999,0.0,0.0
0.8619314883643139,0.041694233,0.836115352,0.913792562,0.0,0.0
0.85657168879502,0.061425219,0.716506227,0.9101966340000001,0.0,0.0
0.8493490901461082,0.09656100249999999,0.623903987,0.8917796995,0.0,0.0
0.8513786744470506,0.034179101,0.663922259,0.8622000255,0.0,0.0
0.8569028815785508,0.0,0.617660526,0.813863526,0.0,0.0
0.8364865223474989,0.0,0.538462359,0.710426294,0.0,0.0
0.7750352727276054,0.0,0.532647192,0.686999259,0.0,0.0
0.7341325118704006,0.0,0.477674477,0.746524038,0.0,0.0
0.6588317455577638,0.0,0.46775499350000005,0.777607394,0.0,0.0
0.6164786448935029,0.0,0.5308220115,0.7967462919999999,0.0,0.0
0.618252633737732,0.0,0.6337973305,0.874140124,0.0,0.0
0.6623393070545152,0.0,0.697866133,0.907233938,0.0,0.0
0.7778602864914661,0.0010867355,0.765838846,0.9088958575,0.0,0.0
0.8600641171663134,0.1279983435,0.830058884,0.9236190055,0.0,0.0
0.8669987738788285,0.24928103,0.79609554,0.934026132,0.0,0.0
0.8650692698372293,0.44248816300000005,0.740445594,0.9154078290000001,0.0,0.0
0.8613831275011354,0.404667648,0.581860491,0.8256543485,0.0,0.0
0.8612371904975068,0.220119383,0.4094642,0.690033365,0.0,0.0
0.8683111090501296,0.0062674565,0.28208541,0.502773135,0.0,0.0
0.8622962391991378,0.0,0.307215046,0.410877067,0.0,0.0
0.7974415772366038,0.0,0.35154534000000004,0.4960545745,0.0,0.0
0.7339205558080167,0.0,0.368015262,0.474668718,0.0,0.0
0.6645645483535161,0.0,0.367583181,0.449172339,0.0,0.0
0.6321459726530567,0.0,0.4549278255,0.569464744,0.0,0.0
0.6416006705184216,0.0,0.5753910165,0.7288789929999999,0.0,0.0
0.7310718593196736,0.0,0.624956185,0.768343076,0.0,0.0
0.8598828847227566,0.0017625365,0.6454213615,0.7985815439999999,0.0,0.0
0.8994011648197802,0.174794331,0.678885767,0.819688438,0.0,0.0
0.8983137700097993,0.329543351,0.677133369,0.80556072,0.0,0.0
0.8910758095514738,0.520644231,0.56640684,0.773604925,0.0,0.0
0.8866586566180914,0.5652283965,0.4551108875,0.709822513,0.0,0.0
0.8869924096660309,0.402419394,0.392391158,0.638204342,0.0,0.0
0.888347995684466,0.215790777,0.398885631,0.619242193,0.0,0.0
0.8994394778177077,0.0430140935,0.42426220950000004,0.610312724,0.0,0.0
0.9058062056930336,0.0,0.39894955,0.626583645,0.0,0.0
0.8947176495550246,0.0,0.377227136,0.6236390185,0.0,0.0
0.8361730688095387,0.0,0.276309046,0.49407817,0.0,0.0
0.7550217488683107,0.0,0.1890587545,0.38553498799999997,0.0,0.0
0.662730346733934,0.0,0.2114002055,0.3879181225,0.0,0.0
0.6312229854796025,0.0,0.225736283,0.40384957499999996,0.0,0.0
0.6414093339897782,0.0,0.3451014295,0.5008485275,0.0,0.0
0.7310410900681038,0.0,0.457908292,0.610926609,0.0,0.0
0.8576900358334633,0.001056086,0.5726492395,0.7366656155,0.0,0.0
0.8969377929929384,0.045628977,0.605820241,0.773253936,0.0,0.0
0.8995172925688015,0.061165085,0.601625232,0.795139121,0.0,0.0
0.8949202330682899,0.0967108455,0.6140962999999999,0.8302436495,0.0,0.0
0.8880900456822874,0.20533577349999999,0.6192332570000001,0.816954465,0.0,0.0
0.8912288787149323,0.200386694,0.6767131820000001,0.824799404,0.0,0.0
0.9031470625633159,0.005499578,0.662667134,0.843681466,0.0,0.0
0.9086270132179766,0.0,0.6380451145,0.849627159,0.0,0.0
0.8660088532080783,0.0,0.5853540815,0.8194712155,0.0,0.0
0.7546140672101137,0.0,0.5384419925,0.783268549,0.0,0.0
0.6467122125840961,0.0,0.44468846650000005,0.7227457079999999,0.0,0.0
0.6114206861467233,0.0,0.3655852565,0.6474719945,0.0,0.0
0.6103316225458623,0.0,0.31379808249999996,0.560741877,0.0,0.0
0.6473909199575338,0.0,0.29685440949999997,0.5005067940000001,0.0,0.0
0.7020266582462533,0.002746022,0.310661143,0.495839908,0.0,0.0
0.7411889654941509,0.209459734,0.298600414,0.495549472,0.0,0.0
0.7658121674220695,0.352921913,0.287540442,0.469404534,0.0,0.0
0.7555298307352917,0.469734333,0.28645741,0.476872901,0.0,0.0
0.7528951933544709,0.552644703,0.2845244305,0.4698062395,0.0,0.0
0.7500740886964585,0.41584503500000003,0.36592864199999997,0.5044305805,0.0,0.0
0.7555191323097455,0.204621559,0.414984288,0.553491883,0.0,0.0
0.7792701872904443,0.005711665,0.4574573,0.597793502,0.0,0.0
0.7923813782491766,0.0,0.482020992,0.627797294,0.0,0.0
0.7786722054771924,0.0,0.5010149206666666,0.6397702406666667,0.0,0.0
0.7089366719400418,0.0,0.5159466475000001,0.6475591115,0.0,0.0
0.6477788278484562,0.0,0.5016887015,0.6586003105,0.0,0.0
0.6132855351076006,0.0,0.5095871226666667,0.6714722543333332,0.0,0.0
0.6222841647279029,0.0,0.5054179520000001,0.6955760865,0.0,0.0
0.6791702214399673,0.001004677,0.5084637255,0.7142149005,0.0,0.0
0.7399985645039147,0.212467293,0.505715933,0.739887144,0.0,0.0
0.7590139838242588,0.342724487,0.512331128,0.74424644,0.0,0.0
0.7587084398378008,0.3939912215,0.46567269899999997,0.748053125,0.0,0.0
0.7553015299758397,0.2381579755,0.441180466,0.7040503925,0.0,0.0
0.7544002138215349,0.05882612499999999,0.3494966075,0.64603454,0.0,0.0
0.7668106834732273,0.00227944,0.334629701,0.637348329,0.0,0.0
0.7705857045681441,0.0,0.3203879145,0.6064101275,0.0,0.0
0.7519436085723399,0.0,0.264436878,0.510887096,0.0,0.0
0.7064321983155492,0.0,0.1890938015,0.36667839550000003,0.0,0.0
0.6624827523171692,0.0,0.1479815245,0.258884405,0.0,0.0
0.630707588475899,0.0,0.1584920895,0.24447164500000002,0.0,0.0
0.6409525037869186,0.0,0.19799082099999998,0.2852531065,0.0,0.0
0.7306592856679739,0.0,0.214062271,0.288620945,0.0,0.0
0.8575563060343805,0.0,0.22421136800000002,0.31702070849999997,0.0,0.0
0.9004779983997242,0.0159797185,0.210538781,0.35411187,0.0,0.0
0.9028444902791535,0.044725515,0.218856924,0.359629361,0.0,0.0
0.9013140268826012,0.06470681,0.1805010235,0.3191573305,0.0,0.0
0.8987891165526198,0.056789586,0.2010441475,0.3223349515,0.0,0.0
0.8987585302036223,0.027112588,0.227828403,0.370384648,0.0,0.0
0.9026599661095402,0.0010357305,0.2536427865,0.42079947900000003,0.0,0.0
0.8914395546079517,0.0,0.284830406,0.4664703195,0.0,0.0
0.8084473809229533,0.0,0.2583109265,0.464035145,0.0,0.0
0.7027025766713269,0.0,0.318997516,0.526393315,0.0,0.0
0.6403750195723589,0.0,0.34366515799999997,0.568344772,0.0,0.0
0.6287349251499323,0.0,0.3510086085,0.5614037055000001,0.0,0.0
0.6919955506167497,0.0,0.3151080475,0.586089512,0.0,0.0
0.8580888478688751,0.0005319985,0.2605632925,0.5414175555,0.0,0.0
0.898664530767341,0.084167612,0.219065643,0.478024505,0.0,0.0
0.9011376864325473,0.156597731,0.188354126,0.430828057,0.0,0.0
0.901295236225942,0.173416127,0.139515419,0.316627864,0.0,0.0
0.8992185607184127,0.1890117735,0.119170408,0.27404395150000005,0.0,0.0
0.8977964984219517,0.16553024900000002,0.083090557,0.193258272,0.0,0.0
0.9036992181532046,0.035560024499999995,0.0917301955,0.1399400895,0.0,0.0
0.9102285706436797,0.0,0.151271129,0.16290015549999998,0.0,0.0
0.8660369707067932,0.0,0.208022761,0.175824374,0.0,0.0
0.7812138186791555,0.0,0.226024192,0.189966986,0.0,0.0
0.703970632475097,0.0,0.2529992885,0.2493996555,0.0,0.0
0.6425046382769408,0.0,0.3444740835,0.344799536,0.0,0.0
0.6317297186537845,0.0,0.4347039665,0.4624587575,0.0,0.0
0.6937395473781199,0.0,0.44597794999999996,0.5046895929999999,0.0,0.0
0.8628777925314264,0.0,0.447904515,0.5361863105,0.0,0.0
0.9012290341159734,0.102963119,0.403812028,0.548667584,0.0,0.0
0.9039458753150575,0.169800632,0.33100041,0.518265719,0.0,0.0
0.9023145087833881,0.212633204,0.285256203,0.458651351,0.0,0.0
0.8991044903817871,0.2375165175,0.2362156825,0.403657056,0.0,0.0
0.8954903107320011,0.229153561,0.19271801900000002,0.37363519,0.0,0.0
0.8971988519672424,0.138438638,0.196415489,0.363440394,0.0,0.0
0.9067470234518638,0.0009783095,0.243672799,0.3613307885,0.0,0.0
0.8975374055202383,0.0,0.26329504849999996,0.32840133299999996,0.0,0.0
0.808575075754678,0.0,0.2640835915,0.28674549650000003,0.0,0.0
0.7039994129863458,0.0,0.24696016999999998,0.26658020699999996,0.0,0.0
0.6424424138705752,0.0,0.21901776550000002,0.23694818150000002,0.0,0.0
0.6326708107293129,0.0,0.220357001,0.2620294415,0.0,0.0
0.6954502832212663,0.0,0.24092076099999998,0.305476302,0.0,0.0
0.8653841863728058,0.0,0.229445115,0.3403844115,0.0,0.0
0.9068854624161975,0.063214411,0.213262006,0.325614441,0.0,0.0
0.9079346357166971,0.14385121,0.202073486,0.326670161,0.0,0.0
0.9040109800095928,0.268471645,0.153991129,0.277583293,0.0,0.0
0.8980500593569607,0.2997371845,0.2010571385,0.26410111199999997,0.0,0.0
0.8906153217430928,0.2773698275,0.199274175,0.2437254505,0.0,0.0
0.8944989269893142,0.140984388,0.169754837,0.223829289,0.0,0.0
0.9064236945127723,0.0011244975,0.177527216,0.192945988,0.0,0.0
0.9072591286551901,0.0,0.1552206055,0.142731716,0.0,0.0
0.8063632532318329,0.0,0.113544672,0.103397318,0.0,0.0
0.7054012672612738,0.0,0.0732855615,0.059672227999999994,0.0,0.0
0.6484863614402058,0.0,0.0534563505,0.028264904,0.0,0.0
0.6370277280709711,0.0,0.052578978,0.020976156500000002,0.0,0.0
0.7055894490364087,0.0,0.080489909,0.044687677,0.0,0.0
0.8726241127550809,0.0,0.099892658,0.0808552605,0.0,0.0
0.9152095832965226,0.025661569000000002,0.1223083205,0.137987157,0.0,0.0
0.908539963038953,0.093157508,0.17050130800000002,0.1901080225,0.0,0.0
0.905301644236065,0.157865504,0.219524481,0.276456312,0.0,0.0
0.9042726790314187,0.080660125,0.3318845425,0.4108416525,0.0,0.0
0.9086286134111022,0.0,0.43624065050000005,0.56726299,0.0,0.0
0.8967710994087011,0.0,0.5004011955,0.704730121,0.0,0.0
0.8087357801529407,0.0,0.4676793545,0.7204674125,0.0,0.0
0.6925801213583969,0.0,0.45172444300000003,0.684742929,0.0,0.0
0.6157597271216222,0.0,0.475802355,0.7142380305,0.0,0.0
0.5972870678770361,0.0,0.5414833864999999,0.7742571540000001,0.0,0.0
0.6014492654012273,0.0,0.60223312,0.81032101,0.0,0.0
0.6290640376303754,0.0,0.6847733495,0.8329224055,0.0,0.0
0.7019109190444273,0.007522226,0.789844026,0.8713361265,0.0,0.0
0.7472848504824878,0.03560689,0.854773604,0.906271561,0.0,0.0
0.7546363783511056,0.041684619,0.833181484,0.904556037,0.0,0.0
0.7540763362490471,0.0465526155,0.8010650425,0.9069077065,0.0,0.0
0.7506269985643665,0.037417373000000004,0.737611496,0.896522378,0.0,0.0
0.7569671632783994,0.004005765,0.667213734,0.886505557,0.0,0.0
0.7651543539733905,0.0,0.63497852,0.872113847,0.0,0.0
0.7480971962408826,0.0,0.5953444059999999,0.859961876,0.0,0.0
0.7063921479289867,0.0,0.6527693415,0.876498937,0.0,0.0
0.6403127495332509,0.0,0.7108075555,0.8940612225,0.0,0.0
0.6002581785820855,0.0,0.6964158364999999,0.8945784365,0.0,0.0
0.598318227615267,0.0,0.631101813,0.8920944675,0.0,0.0
0.6270016267397878,0.0,0.5863890225,0.877017249,0.0,0.0
0.6989385968420883,0.007756192,0.5907310050000001,0.87191598,0.0,0.0
0.7417844174895959,0.053133061,0.587941113,0.866414071,0.0,0.0
0.7479989905656834,0.1575559385,0.5289768994999999,0.819611604,0.0,0.0
0.7462525477704016,0.1805904775,0.597643055,0.826492607,0.0,0.0
0.7458944718761373,0.043884390999999995,0.6043715455,0.8372843525,0.0,0.0
0.7584694863598658,0.0,0.601579928,0.8593279405,0.0,0.0
0.7574640209771297,0.0,0.6239263134999999,0.8556727565,0.0,0.0
0.7308457302774352,0.0,0.658308364,0.865452524,0.0,0.0
0.6844722541934993,0.0,0.5937113805,0.839693927,0.0,0.0
0.6402620921352682,0.0,0.500495149,0.7935671449999999,0.0,0.0
0.6287998698325871,0.0,0.43158165299999995,0.7147544075,0.0,0.0
0.6920369954031739,0.0,0.3815941755,0.638860113,0.0,0.0
0.8579437338896612,0.0,0.3401923845,0.5255040765000001,0.0,0.0
0.9001990631329813,0.053771711,0.2992239645,0.5099217665,0.0,0.0
0.899699576646408,0.1126476055,0.195934281,0.37879416200000005,0.0,0.0
0.8972645052951738,0.06468868950000001,0.160395515,0.34047783200000004,0.0,0.0
0.8970742203262596,0.018846685,0.125302302,0.322453989,0.0,0.0
0.9031449595181775,0.0,0.1080247395,0.303471874,0.0,0.0
0.8921717538861584,0.0,0.10975910250000001,0.2756223185,0.0,0.0
0.8087050565341133,0.0,0.20006304149999998,0.3307685695,0.0,0.0
0.7024326939299415,0.0,0.2371190345,0.377352287,0.0,0.0
0.640615504645665,0.0,0.2808507945,0.4164747845,0.0,0.0
0.6290584141009044,0.0,0.35019020850000004,0.4731121755,0.0,0.0
0.6920256341137345,0.0,0.41448553050000003,0.5413555655,0.0,0.0
0.8578601584879073,0.0,0.4280898995,0.6238476230000001,0.0,0.0
0.9004031554995668,0.030511511,0.459778166,0.682953608,0.0,0.0
0.9046057005433898,0.103386022,0.492934002,0.689970346,0.0,0.0
0.9016283490777186,0.14624099200000001,0.649435575,0.784335738,0.0,0.0
0.8995677669898916,0.16067127650000002,0.685170996,0.852076858,0.0,0.0
0.8985214740518821,0.103553859,0.6462709950000001,0.8209249015,0.0,0.0
0.9064321069162873,0.0,0.554625556,0.800777795,0.0,0.0
0.896468710027111,0.0,0.5536133274999999,0.7659006975,0.0,0.0
0.8086460782953824,0.0,0.5809342925000001,0.790372904,0.0,0.0
0.7024353913898594,0.0,0.5904190735,0.782325174,0.0,0.0
0.6403482735828141,0.0,0.5078466994999999,0.704309343,0.0,0.0
0.6289674778553649,0.0,0.402849725,0.6323928275,0.0,0.0
0.6924990148069259,0.0,0.32357904449999997,0.560677749,0.0,0.0
0.8609357612615203,0.0,0.285728773,0.4864184485,0.0,0.0
0.9025791338004469,0.020298921,0.278002779,0.498125795,0.0,0.0
0.9054225267830798,0.102930098,0.295762948,0.485304379,0.0,0.0
0.9034815471472237,0.141584755,0.3242286875,0.47245943749999997,0.0,0.0
0.9000245971927511,0.0853372195,0.377330662,0.511638525,0.0,0.0
0.8991133142231891,0.0193348175,0.33039826149999996,0.547152675,0.0,0.0
0.9053463122994321,0.0,0.350961673,0.5557753085,0.0,0.0
0.8959716923165002,0.0,0.428602211,0.6261824205,0.0,0.0
0.8087357801529407,0.0,0.48129887,0.6517632865,0.0,0.0
0.7024402376762993,0.0,0.456544987,0.6525904309999999,0.0,0.0
0.6403819917946287,0.0,0.4217502885,0.6309651869999999,0.0,0.0
0.6287333706638697,0.0,0.38044983899999996,0.5800060065,0.0,0.0
0.6918659812752013,0.0,0.34622138,0.547052063,0.0,0.0
0.857976834870325,0.0,0.344286264,0.5385623239999999,0.0,0.0
0.9004031554995668,0.044189085,0.330412686,0.542579233,0.0,0.0
0.9021172744085753,0.148690785,0.308109501,0.533207228,0.0,0.0
0.8949998309150817,0.2506648825,0.255820607,0.4976761885,0.0,0.0
0.8886942758863918,0.34243504700000005,0.2200229025,0.43322009699999997,0.0,0.0
0.8909366390511717,0.239598829,0.251413895,0.41454543,0.0,0.0
0.8997382095937764,0.130544882,0.312302398,0.450256619,0.0,0.0
0.9108398873005512,0.0,0.3843668265,0.545181725,0.0,0.0
0.9038383428721233,0.0,0.43451031,0.6612897959999999,0.0,0.0
0.8092727109802842,0.0,0.5008525085,0.727994488,0.0,0.0
0.7303116338825575,0.0,0.484825153,0.718557664,0.0,0.0
0.663783314761144,0.0,0.501657546,0.727684891,0.0,0.0
0.6347717403367716,0.0,0.49774830400000003,0.7119975535,0.0,0.0
0.6456364076731897,0.0,0.4876818765,0.7108861545,0.0,0.0
0.7421017114613294,0.0,0.472190042,0.716812937,0.0,0.0
0.8729544825141968,0.0,0.4823537,0.70031965,0.0,0.0
0.9146021984875504,0.06566063,0.469460756,0.675381648,0.0,0.0
0.9175401395398609,0.34415338,0.427138955,0.65930026,0.0,0.0
0.9105869207060013,0.472336829,0.33021262,0.57113011,0.0,0.0
0.9067545671982216,0.512078247,0.2751158875,0.526727531,0.0,0.0
0.9049254634397266,0.397427786,0.280012882,0.5073662305,0.0,0.0
0.9157679566077008,0.138934495,0.344853793,0.54076927,0.0,0.0
0.9248651501028895,0.0,0.39123738750000003,0.5601457395,0.0,0.0
0.9113975291500814,0.0,0.4210799625,0.5600183425,0.0,0.0
0.8067203232734307,0.0,0.4124,0.5558874885,0.0,0.0
0.6956163367579815,0.0,0.40537310400000004,0.5198913265,0.0,0.0
0.623575400329822,0.0,0.32796742300000004,0.4171432595,0.0,0.0
0.607483223264909,0.0,0.28533381999999996,0.3263945075,0.0,0.0
0.6211280761412994,0.0,0.22088380600000002,0.249886851,0.0,0.0
0.6785953432711997,0.0,0.262519474,0.314160177,0.0,0.0
0.743268658411039,0.016775815,0.261458463,0.342967447,0.0,0.0
0.7748595266180107,0.100761802,0.263656694,0.33226017,0.0,0.0
0.7799142849785389,0.172056591,0.235255818,0.291321067,0.0,0.0
0.7798804067548437,0.2798074275,0.1649438755,0.1834392115,0.0,0.0
0.7773468554117123,0.2483853815,0.1292026215,0.12327558,0.0,0.0
0.783712943239516,0.103675843,0.168729248,0.142242777,0.0,0.0
0.8040438067776071,0.0,0.165030461,0.135896356,0.0,0.0
0.8102347884690178,0.0,0.137100846,0.116676733,0.0,0.0
0.8006264042090432,0.0,0.1261300685,0.08250395699999999,0.0,0.0
0.7488714347202932,0.0,0.1239686785,0.0805403375,0.0,0.0
0.6790425494246138,0.0,0.1384578795,0.08959267600000001,0.0,0.0
0.6292994935146694,0.0,0.12139219550000001,0.079458157,0.0,0.0
0.6140754401349511,0.0,0.088166331,0.0984510345,0.0,0.0
0.6241674919271354,0.0,0.123857571,0.2144576755,0.0,0.0
0.6805810137867943,0.0,0.1979376435,0.419605408,0.0,0.0
0.7446276276439773,0.01010122,0.27640189,0.578105787,0.0,0.0
0.7728129346817865,0.070153651,0.317511597,0.626100699,0.0,0.0
0.7760130319751932,0.092744495,0.371420267,0.655669288,0.0,0.0
0.7760165066781426,0.14716815,0.39842174399999997,0.6206121,0.0,0.0
0.7747732993890812,0.103919046,0.4343502305,0.6636341335,0.0,0.0
0.7815289181173042,0.032875241,0.489379396,0.75818571,0.0,0.0
0.7943880112129643,0.0,0.542248383,0.805515131,0.0,0.0
0.7973631681450508,0.0,0.5347448815,0.8099298239999999,0.0,0.0
0.7697677354289194,0.0,0.5176381465,0.796021629,0.0,0.0
0.7254148825346943,0.0,0.497934538,0.774567253,0.0,0.0
0.68549052104692,0.0,0.467072013,0.7625971535,0.0,0.0
0.6492299906056065,0.0,0.516279559,0.8116404195,0.0,0.0
0.6397176174872465,0.0,0.5611714025,0.841277806,0.0,0.0
0.7176336361092654,0.0,0.6143253565,0.8666214955,0.0,0.0
0.8892962200684651,0.0,0.682968045,0.8961708895,0.0,0.0
0.9267253889924192,0.02111566,0.728307106,0.911659693,0.0,0.0
0.9322172266792239,0.110559196,0.736003908,0.911773246,0.0,0.0
0.9300475575880796,0.2041419275,0.7468488769999999,0.892109909,0.0,0.0
0.9283356331383354,0.18057197149999998,0.7557357395,0.8950808465,0.0,0.0
0.9269097304081011,0.1385652,0.748436861,0.90131431,0.0,0.0
0.933220954673325,0.0206568925,0.738573025,0.907391568,0.0,0.0
0.9371574574095359,0.0,0.742605916,0.9120488655000001,0.0,0.0
0.8714218702911227,0.0,0.7527814255,0.9150007410000001,0.0,0.0
0.7808283110407614,0.0,0.758837341,0.914053473,0.0,0.0
0.7091134239023031,0.0,0.7838976580000001,0.9130065065,0.0,0.0
0.6525081770411258,0.0,0.7362130665,0.8882168675,0.0,0.0
0.6422530205238304,0.0,0.7197995690000001,0.8779906155,0.0,0.0
0.7223064530227953,0.0,0.7291608545,0.8832700045,0.0,0.0
0.8892974544564465,0.0,0.756460656,0.9051200815,0.0,0.0
0.9260221301630214,0.009955015,0.760274976,0.911452173,0.0,0.0
0.9314862617889983,0.099872209,0.749643299,0.909517334,0.0,0.0
0.9303888086009935,0.130854474,0.712367338,0.889766657,0.0,0.0
0.9280992628155007,0.20857886250000002,0.7890550545,0.895099561,0.0,0.0
0.9277060743095601,0.1663060215,0.822704416,0.9067477740000001,0.0,0.0
0.9324487050085557,0.0159065245,0.8488160849999999,0.9257819279999999,0.0,0.0
0.9341866438375559,0.0,0.860732465,0.9297389810000001,0.0,0.0
0.8688508746072209,0.0,0.8605048445,0.9315221225,0.0,0.0
0.7567523955256004,0.0,0.844652768,0.9279462005,0.0,0.0
0.6690292725291271,0.0,0.862853815,0.9275816835,0.0,0.0
0.6400893406929813,0.0,0.8627157675,0.927767528,0.0,0.0
0.6518850189105325,0.0,0.855594296,0.927868446,0.0,0.0
0.7679637316111396,0.0,0.852461846,0.927756929,0.0,0.0
0.887881792932488,0.0,0.84343832,0.9270377654999999,0.0,0.0
0.9250482113492069,0.005757182,0.832397251,0.922066374,0.0,0.0
0.9305981129105223,0.048957143,0.815888619,0.918018595,0.0,0.0
0.9300870593412458,0.091338147,0.774618481,0.907717503,0.0,0.0
0.9292120776642784,0.119832427,0.749863322,0.901118039,0.0,0.0
0.9282033662625486,0.1307049655,0.7174637575,0.87675832,0.0,0.0
0.928944800968685,0.057301788,0.7268943925,0.8484465415,0.0,0.0
0.9356748166812185,0.0,0.7007705625,0.8489138549999999,0.0,0.0
0.9191989379643009,0.0,0.6699944470000001,0.8245347295000001,0.0,0.0
0.8078545806803634,0.0,0.58699811,0.7590458659999999,0.0,0.0
0.707904780740163,0.0,0.45511679149999995,0.6088654455,0.0,0.0
0.649602468163681,0.0,0.421461289,0.5581408084999999,0.0,0.0
0.6393103702319485,0.0,0.3885025,0.52742498,0.0,0.0
0.7163476811223646,0.0,0.3678644375,0.4932626215,0.0,0.0
0.8878636423233508,0.0,0.33785611849999997,0.458004746,0.0,0.0
0.9267253889924192,0.006085277,0.31265958,0.419115025,0.0,0.0
0.9332912713108036,0.055954916,0.274351972,0.368610154,0.0,0.0
0.9339894096113839,0.080981415,0.308826242,0.339931949,0.0,0.0
0.9340276311951856,0.102815397,0.2980103115,0.317185053,0.0,0.0
0.9337398720127204,0.043746965,0.2587295415,0.2929173585,0.0,0.0
0.9398121199836378,0.00661793,0.24142320849999999,0.2932486555,0.0,0.0
0.9414768161056062,0.0,0.2479035635,0.3150268965,0.0,0.0
0.8733465280462822,0.0,0.22191792700000001,0.3074756195,0.0,0.0
0.7816476062050549,0.0,0.186486569,0.275661933,0.0,0.0
0.71122294896449,0.0,0.149701476,0.21964598200000002,0.0,0.0
0.655733008544424,0.0,0.14101594150000002,0.20669295199999999,0.0,0.0
0.6473118707441385,0.0,0.1254088675,0.17902355450000002,0.0,0.0
0.6770902770227524,0.0,0.128785867,0.179569053,0.0,0.0
0.831816357186824,0.0,0.1440151985,0.210699021,0.0,0.0
0.9278439188591142,0.0015188475,0.13875069,0.21626343250000002,0.0,0.0
0.9455857274439718,0.020583565,0.120040498,0.181027647,0.0,0.0
0.9461801279540079,0.0475673695,0.106999684,0.150382947,0.0,0.0
0.9455667081033572,0.033107735,0.0823423635,0.12084924050000001,0.0,0.0
0.9459907116422508,0.010093368,0.0699566435,0.092198103,0.0,0.0
0.9506151571798293,0.0,0.06789860950000001,0.0855189915,0.0,0.0
0.9306260475809853,0.0,0.0599587865,0.07118432250000001,0.0,0.0
0.8125793806453421,0.0,0.0514071625,0.058674145500000004,0.0,0.0
0.7404067489398041,0.0,0.042148836,0.03838655,0.0,0.0
0.6494198640623133,0.0,0.0416729195,0.0292303085,0.0,0.0
0.6190597216974795,0.0,0.0556019575,0.0361968425,0.0,0.0
0.6177521412498514,0.0,0.0643693645,0.07285303500000001,0.0,0.0
0.654968805626666,0.0,0.069010675,0.0952187615,0.0,0.0
0.7307300596733637,0.0013854865,0.0829176445,0.10524578100000001,0.0,0.0
0.7864123194354072,0.027790913,0.112349498,0.145571025,0.0,0.0
0.7902375864904198,0.071100785,0.120119664,0.191359036,0.0,0.0
0.7906091953170165,0.094736946,0.1299306945,0.200959674,0.0,0.0
0.789586173739923,0.058922205,0.161720027,0.237565821,0.0,0.0
0.7941262208513328,0.024214263,0.21175734750000003,0.309499154,0.0,0.0
0.8111233030783176,0.0,0.2539720145,0.3868184275,0.0,0.0
0.8003414339749424,0.0,0.2602240935,0.4213167655,0.0,0.0
0.7479825085987858,0.0,0.264782876,0.4325437725,0.0,0.0
0.6961419062958858,0.0,0.301831806,0.50509545,0.0,0.0
0.6499893702019368,0.0,0.2738591805,0.4580662395,0.0,0.0
0.6201803546836335,0.0,0.248398426,0.402053563,0.0,0.0
0.6187070407230513,0.0,0.2706346625,0.4275373605,0.0,0.0
0.6420724509441671,0.0,0.31452173,0.487627902,0.0,0.0
0.6895511982048432,0.0,0.344535533,0.5459139319999999,0.0,0.0
0.771657920545604,0.0131648705,0.36650300150000004,0.6212922359999999,0.0,0.0
0.7923194739408926,0.053225058,0.362772938,0.652273522,0.0,0.0
0.7915291192997288,0.08084542950000001,0.3685449185,0.6029179815,0.0,0.0
0.7899728242778519,0.0727479285,0.3612041235,0.5681527565,0.0,0.0
0.8030057433405404,0.00372251,0.3803109295,0.622725475,0.0,0.0
0.8119575942468802,0.0,0.394288982,0.6058858665,0.0,0.0
0.7911784957376964,0.0,0.3773198,0.548563905,0.0,0.0
0.7517534836153064,0.0,0.348160042,0.470201747,0.0,0.0
0.703404601038423,0.0,0.303668725,0.398116597,0.0,0.0
0.6884411493394178,0.0,0.235345049,0.3162403545,0.0,0.0
0.67185963535712,0.0,0.173037304,0.248442114,0.0,0.0
0.674178738896893,0.0,0.1491755345,0.214929226,0.0,0.0
0.7038809535082304,0.0,0.167058126,0.221629635,0.0,0.0
0.8491428948087046,0.0,0.1706916295,0.22297586149999998,0.0,0.0
0.9451885156760061,0.0038286265,0.1324245325,0.171058809,0.0,0.0
0.9575001624213487,0.153417182,0.099833325,0.130409593,0.0,0.0
0.9534452000583816,0.25547228,0.079152682,0.108843214,0.0,0.0
0.9476836168257008,0.34625146149999997,0.057784495500000005,0.0966439795,0.0,0.0
0.9469369243952376,0.2353294755,0.08671841899999999,0.13643481899999998,0.0,0.0
0.9533447998495977,0.025854594,0.114878248,0.165597387,0.0,0.0
0.9597114362364774,0.0,0.10914134,0.15396789,0.0,0.0
0.9411589734261562,0.0,0.100438957,0.1410979395,0.0,0.0
0.8244107887800409,0.0,0.0790534255,0.11308367050000001,0.0,0.0
0.7555253502539963,0.0,0.074926649,0.103083038,0.0,0.0
0.6909687113479337,0.0,0.073773873,0.098331363,0.0,0.0
0.673112969473319,0.0,0.070755749,0.098162663,0.0,0.0
0.6896460434819105,0.0,0.066376469,0.093374072,0.0,0.0
0.8056357629702361,0.0,0.0635395,0.091128004,0.0,0.0
0.914034589674122,0.0,0.0693014025,0.0942471065,0.0,0.0
0.9545404587128017,0.006020128,0.078631445,0.096683655,0.0,0.0
0.9579440081766312,0.160526756,0.079678122,0.088598296,0.0,0.0
0.9535326616752922,0.28620851049999996,0.0585989235,0.0694548125,0.0,0.0
0.9483309148257262,0.3145593875,0.0723474505,0.09440393650000001,0.0,0.0
0.9502578128958539,0.211279722,0.114978591,0.143284716,0.0,0.0
0.9548475114782594,0.023663902,0.151732199,0.181537855,0.0,0.0
0.9612472945528656,0.0,0.2098475115,0.23625681599999998,0.0,0.0
0.9420485853765689,0.0,0.23086365450000002,0.2972589315,0.0,0.0
0.823821097435256,0.0,0.244456085,0.3304500445,0.0,0.0
0.7313219683681047,0.0,0.324504781,0.415596466,0.0,0.0
0.6785227405373696,0.0,0.3629293715,0.4888669565,0.0,0.0
0.6660076416216043,0.0,0.44074617149999995,0.57410947,0.0,0.0
0.7463689499104416,0.0,0.538491579,0.647430329,0.0,0.0
0.9082643654282911,0.0,0.6465265115000001,0.748798732,0.0,0.0
0.9468919363081094,0.004877725,0.740819238,0.818850997,0.0,0.0
0.9504781812874323,0.129391946,0.789471935,0.850620407,0.0,0.0
0.9459949178811686,0.206481873,0.814283256,0.856888825,0.0,0.0
0.9428535245097946,0.15392721799999998,0.8590819169999999,0.8858758685,0.0,0.0
0.941878325600936,0.113066782,0.8928996815,0.91498369,0.0,0.0
0.9441365077943997,0.009258662,0.898883165,0.923919303,0.0,0.0
0.9488497407509957,0.0,0.9119616985000001,0.9324219064999999,0.0,0.0
0.9293050713965341,0.0,0.922661899,0.9362885999999999,0.0,0.0
0.8121186643759668,0.0,0.923839489,0.9369673685,0.0,0.0
0.7110523004930209,0.0,0.9154841524999999,0.9374013235,0.0,0.0
0.6545465622184581,0.0,0.902092742,0.9358535585,0.0,0.0
0.6462402034743951,0.0,0.917645516,0.9347942505,0.0,0.0
0.7305794364694962,0.0,0.9106378135,0.9370002475,0.0,0.0
0.89623087670666,0.0,0.896199462,0.937379925,0.0,0.0
0.9390770402686205,0.003243109,0.8739602975,0.937249682,0.0,0.0
0.9410855478165523,0.013723198499999999,0.808178647,0.9356583635,0.0,0.0
0.938753985646227,0.0155833395,0.8319594235,0.9353089375000001,0.0,0.0
0.9371378436541415,0.005107107999999999,0.8663297815,0.9360237135,0.0,0.0
0.9401748135547068,0.0,0.89856215,0.937010374,0.0,0.0
0.937233123334108,0.0,0.90322647,0.9372684339999999,0.0,0.0
0.8699208046369702,0.0,0.8975650525000001,0.937304206,0.0,0.0
0.7568250211501222,0.0,0.870927998,0.936232604,0.0,0.0
0.6692104592656208,0.0,0.8362182760000001,0.9346725745,0.0,0.0
0.6392734973409455,0.0,0.820573103,0.93244948,0.0,0.0
0.6497030740914083,0.0,0.803960392,0.9273897935,0.0,0.0
0.8112279551587617,0.0,0.783554208,0.9237475555,0.0,0.0
0.9133066423418958,0.000923407,0.784607335,0.9210715549999999,0.0,0.0
0.9260834858379092,0.063356086,0.79969635,0.921012341,0.0,0.0
0.9243934153098866,0.15677404350000002,0.775501495,0.9065691495,0.0,0.0
0.9222440914357846,0.195429646,0.764629192,0.8965487000000001,0.0,0.0
0.9206405681604524,0.061111096,0.720507124,0.8879416535,0.0,0.0
0.9254584074904293,0.0,0.723516594,0.892042526,0.0,0.0
0.9237491805749236,0.0,0.7103961,0.8910297475,0.0,0.0
0.86561145846322,0.0,0.7026713325,0.8879074905,0.0,0.0
0.7794415443328696,0.0,0.680354419,0.880387101,0.0,0.0
0.695802872632928,0.0,0.63395031,0.8567295865,0.0,0.0
0.6333577247873221,0.0,0.61244886,0.8465100405,0.0,0.0
0.6204695310823317,0.0,0.6002077095,0.8275587955,0.0,0.0
0.6344693281388103,0.0,0.5473553680000001,0.7890907125,0.0,0.0
0.7032861187439363,0.0,0.5003813589999999,0.742394722,0.0,0.0
0.7774322139091641,0.0556110125,0.4874712465,0.717809828,0.0,0.0
0.7945181291879089,0.194995687,0.430973145,0.675237285,0.0,0.0
0.792812056877271,0.2850810615,0.43973925199999997,0.6765609275,0.0,0.0
0.7909128648679712,0.199592214,0.392821218,0.6195086995,0.0,0.0
0.7998390670515586,0.011427968,0.367770889,0.565818956,0.0,0.0
0.8164240785531769,0.0,0.3957030975,0.5723230585,0.0,0.0
0.8086592454968908,0.0,0.4595194885,0.6260522385,0.0,0.0
0.7498166644369845,0.0,0.4833493565,0.6509914595,0.0,0.0
0.6764222222934774,0.0,0.497280429,0.689310136,0.0,0.0
0.632938613241931,0.0,0.5389220020000001,0.7153921395,0.0,0.0
0.6194631056283125,0.0,0.5887706690000001,0.7737926895,0.0,0.0
0.6338359974740164,0.0,0.619307532,0.8400454895,0.0,0.0
0.7038181119450346,0.0,0.6460745615,0.8831756955,0.0,0.0
0.7755494124526361,0.0018426735,0.6353253385,0.893427878,0.0,0.0
0.7913505385347068,0.0097386315,0.5721937615,0.8720984675000001,0.0,0.0
0.7906509373851509,0.0145028355,0.5564984445,0.8379445065,0.0,0.0
0.7922336125171077,0.0046146155000000005,0.4506444415,0.7560543905,0.0,0.0
0.8107157128342465,0.0,0.3911616275,0.73426763,0.0,0.0
0.8017926653298475,0.0,0.3771023705,0.7000786525,0.0,0.0
0.7474001781721067,0.0,0.374126028,0.601313312,0.0,0.0
0.6919967392976679,0.0,0.344766811,0.494827548,0.0,0.0
0.6700970535837136,0.0,0.33583004,0.520164275,0.0,0.0
0.647668437859403,0.0,0.37407675549999997,0.59389984,0.0,0.0
0.6609136787152996,0.0,0.494855485,0.6794372685000001,0.0,0.0
0.8129994980433997,0.0,0.6332612815,0.7958262955,0.0,0.0
0.8899742873943809,0.000519852,0.7063049745000001,0.892472406,0.0,0.0
0.8984020087211002,0.057189244,0.738331569,0.913362531,0.0,0.0
0.8959780930146822,0.0880341625,0.7771516525,0.9052164629999999,0.0,0.0
0.8949539284637333,0.0900238715,0.8186761005000001,0.9187550615,0.0,0.0
0.897275432330355,0.044487825499999994,0.8072627960000001,0.924722124,0.0,0.0
0.9066742378154615,0.0,0.804943873,0.925770207,0.0,0.0
0.9092187161937741,0.0,0.7774720265,0.9180828695000001,0.0,0.0
0.8627020463475112,0.0,0.7468168374999999,0.8960570880000001,0.0,0.0
0.781687199372347,0.0,0.714258228,0.888016922,0.0,0.0
0.731429249459353,0.0,0.770365538,0.886158423,0.0,0.0
0.6704528663466386,0.0,0.806082674,0.8990643684999999,0.0,0.0
0.648360243910915,0.0,0.8576549849999999,0.9241529315,0.0,0.0
0.6632214666726961,0.0,0.8661397605,0.933749229,0.0,0.0
0.8386085973057229,0.0,0.867636988,0.9352515325,0.0,0.0
0.9184579146960514,0.001252547,0.8769310645,0.9359508105000001,0.0,0.0
0.9284460916508228,0.220900365,0.880134426,0.936355179,0.0,0.0
0.9247277627726056,0.41885050700000004,0.871275919,0.936253177,0.0,0.0
0.9229307083607245,0.4397209795,0.896700221,0.9372832904999999,0.0,0.0
0.9252950971206951,0.270720552,0.904392369,0.937359155,0.0,0.0
0.9327807205935399,0.009069511,0.895693021,0.9365627095,0.0,0.0
0.9391503745384189,0.0,0.857145343,0.9321134870000001,0.0,0.0
0.8703696795812645,0.0,0.7679566585,0.9063833695000001,0.0,0.0
0.761549683993912,0.0,0.6283745945000001,0.837425878,0.0,0.0
0.6771201776171649,0.0,0.4809549705,0.747375849,0.0,0.0
0.6604224673624116,0.0,0.360370437,0.6742282485,0.0,0.0
0.6778744366846776,0.0,0.2627020355,0.5591597385,0.0,0.0
0.8611709886104997,0.0,0.2287862175,0.45408242099999996,0.0,0.0
0.9312444965463276,0.000827147,0.215145366,0.337665219,0.0,0.0
0.9407207054189615,0.13451606,0.24049224,0.308137879,0.0,0.0
0.9345688596755728,0.24722391,0.235740577,0.280874792,0.0,0.0
0.9270641254479872,0.32456313999999997,0.23662893699999998,0.3051041835,0.0,0.0
0.9255526813177292,0.2829900755,0.2540532155,0.342192306,0.0,0.0
0.9324588089450019,0.013607623,0.28625109,0.399395261,0.0,0.0
0.9421886701667708,0.0,0.32805060500000005,0.457141854,0.0,0.0
0.9256571963513048,0.0,0.4000121565,0.5552320325,0.0,0.0
0.8106038370312058,0.0,0.43121729350000004,0.610439041,0.0,0.0
0.7389156958079717,0.0,0.430329252,0.627545476,0.0,0.0
0.6761726847691343,0.0,0.4217750045,0.6144263945,0.0,0.0
0.6560139097351164,0.0,0.406128468,0.5815109995000001,0.0,0.0
0.6709371511843194,0.0,0.372722236,0.5514853,0.0,0.0
0.8138932703770263,0.0,0.360160246,0.5608749,0.0,0.0
0.8930349856521709,0.0,0.300634747,0.543255177,0.0,0.0
0.9238552957273043,0.0,0.28182455100000003,0.5256838015,0.0,0.0
0.9338958215386691,0.0052492965,0.299760386,0.543728593,0.0,0.0
0.9311118640140372,0.012356543000000001,0.310963619,0.5199479315,0.0,0.0
0.9271178459623913,0.006208412999999999,0.3480484275,0.5312023189999999,0.0,0.0
0.9263519512887413,0.0005376615,0.4354877465,0.625656062,0.0,0.0
0.9244203898347461,0.0,0.558920349,0.746987715,0.0,0.0
0.9071141975042281,0.0,0.6537525435,0.826826731,0.0,0.0
0.8343465710225153,0.0,0.695265298,0.865953845,0.0,0.0
0.7561531030220616,0.0,0.7408624975,0.8701784575,0.0,0.0
0.6795701992656056,0.0,0.743512335,0.896776279,0.0,0.0
0.6547951625622097,0.0,0.692717953,0.8910257735,0.0,0.0
0.6455116159460061,0.0,0.5465557409999999,0.792503287,0.0,0.0
0.6763672673910919,0.0,0.422762188,0.700897102,0.0,0.0
0.8152812258401569,0.0,0.27330763150000004,0.5100614915,0.0,0.0
0.9028174242658478,0.0,0.251774226,0.39873920949999997,0.0,0.0
0.9123628526578087,0.031143847000000002,0.34446369649999997,0.405342048,0.0,0.0
0.9061779974222024,0.030174404,0.5241275875,0.53996993,0.0,0.0
0.9027427642682626,0.004979107,0.743383077,0.785122812,0.0,0.0
0.9011139579266816,0.0,0.8468613495,0.915236509,0.0,0.0
0.9008184721696068,0.0,0.836203229,0.906042829,0.0,0.0
0.8894244178265232,0.0,0.7985698615,0.9297548474999999,0.0,0.0
0.8074949045929735,0.0,0.8305468069999999,0.9298868929999999,0.0,0.0
0.7304224582745098,0.0,0.833055675,0.927747722,0.0,0.0
0.6508174892076319,0.0,0.8417481395,0.930459403,0.0,0.0
0.6224107622185148,0.0,0.77825262,0.9133027625,0.0,0.0
0.6208349221133187,0.0,0.739637227,0.896254178,0.0,0.0
0.6642670737818,0.0,0.7510378325,0.8862652,0.0,0.0
0.746115709073514,0.0,0.7815527245,0.9093703925000001,0.0,0.0
0.7890966082872236,0.03138481,0.802463019,0.916369598,0.0,0.0
0.7912297474018177,0.079590018,0.8336172195,0.9196376535,0.0,0.0
0.7878748435563175,0.10556869199999999,0.874743342,0.9306895104999999,0.0,0.0
0.7868858830311709,0.044751171,0.8838912065,0.9325730004999999,0.0,0.0
0.8044063630788463,0.0,0.9085849485,0.9308277075,0.0,0.0
0.7989492722728939,0.0,0.919407162,0.92653461,0.0,0.0
0.7491277844550256,0.0,0.90745305,0.908996553,0.0,0.0
0.6911211633545618,0.0,0.873903357,0.906356449,0.0,0.0
0.651050819156096,0.0,0.779151894,0.879555943,0.0,0.0
0.6223505038104192,0.0,0.5984752284999999,0.83657361,0.0,0.0
0.6202279030351704,0.0,0.48028418100000003,0.7368925725,0.0,0.0
0.6626552752241415,0.0,0.4564760795,0.6715227404999999,0.0,0.0
0.7469805865910741,0.0,0.434429398,0.628276717,0.0,0.0
0.789609033514311,0.090533303,0.434108357,0.633649932,0.0,0.0
0.7932682469582879,0.262441166,0.5399864059999999,0.689681812,0.0,0.0
0.7907403191446276,0.24635257100000002,0.627921417,0.7023272585,0.0,0.0
0.7947525336611144,0.0854509415,0.6570742300000001,0.7595470145000001,0.0,0.0
0.8170289488048033,0.0,0.688834248,0.850754697,0.0,0.0
0.8117867858378511,0.0,0.75387362,0.890754293,0.0,0.0
0.7541075627198872,0.0,0.798656979,0.8889784114999999,0.0,0.0
0.6946711069669697,0.0,0.8492626,0.908157837,0.0,0.0
0.675247800269485,0.0,0.8724053405000001,0.9232517275000001,0.0,0.0
0.6533307411151045,0.0,0.8803898395,0.9302113995000001,0.0,0.0
0.6681070396336921,0.0,0.877353536,0.9329364855,0.0,0.0
0.8459860482881114,0.0,0.8682082105,0.9313404860000001,0.0,0.0
0.9199688101185928,0.0,0.8601699425,0.932570848,0.0,0.0
0.9290773877939125,0.138347858,0.850567361,0.931100682,0.0,0.0
0.9282417707489224,0.352425133,0.846846784,0.923624005,0.0,0.0
0.9238812644738177,0.3490996825,0.8243568695,0.9201635125000001,0.0,0.0
0.9256039787632339,0.200136434,0.794252685,0.918578665,0.0,0.0
0.931581358492072,0.004929136,0.8049538405000001,0.922716893,0.0,0.0
0.9346855817650533,0.0,0.8224426165000001,0.92808658,0.0,0.0
0.8674482431635822,0.0,0.8527260999999999,0.930846054,0.0,0.0
0.7599968864913558,0.0,0.8525339894999999,0.9313263855,0.0,0.0
0.6755875425777196,0.0,0.8345600055,0.9309445675,0.0,0.0
0.655364554322695,0.0,0.8052942974999999,0.924335598,0.0,0.0
0.6711567652235584,0.0,0.7369801735,0.8993640075,0.0,0.0
0.8548012432514949,0.0,0.647205095,0.8637640950000001,0.0,0.0
0.9240011412424866,0.0,0.590069787,0.8373026995,0.0,0.0
0.9346976061413473,0.095767931,0.557400173,0.829207336,0.0,0.0
0.9302045586737577,0.2840161805,0.550892975,0.8349953525,0.0,0.0
0.9284431197998864,0.3093256895,0.5075567304999999,0.806682179,0.0,0.0
0.9282963142877414,0.231900665,0.483865883,0.790515671,0.0,0.0
0.9337893405811438,0.0056922595,0.44700449600000003,0.7554080405,0.0,0.0
0.9365479694811047,0.0,0.369172312,0.6489661005,0.0,0.0
0.8687511144459591,0.0,0.3259336555,0.5513567765,0.0,0.0
0.7603815025819008,0.0,0.2988485295,0.47341662800000006,0.0,0.0
0.6760398922249633,0.0,0.259581452,0.39756470850000003,0.0,0.0
0.6556184504923793,0.0,0.240769653,0.35261574,0.0,0.0
0.6899068509558877,0.0,0.243597746,0.357132586,0.0,0.0
0.856737193698339,0.0,0.2551773465,0.38856184699999996,0.0,0.0
0.9279604580460226,0.0,0.243225252,0.3927836135,0.0,0.0
0.9396113652731332,0.073682233,0.23867187,0.375706658,0.0,0.0
0.9371525654160331,0.2174082195,0.2094148635,0.29894936149999995,0.0,0.0
0.9354210729922781,0.19913029100000001,0.16396157649999998,0.228768168,0.0,0.0
0.9358656502092084,0.110356757,0.171254336,0.242954708,0.0,0.0
0.9389721138714784,0.006790298,0.204097141,0.289759051,0.0,0.0
0.9463880149729833,0.0,0.234748581,0.333906299,0.0,0.0
0.9463875577537131,0.0,0.2554030775,0.3730229105,0.0,0.0
0.8764002311911105,0.0,0.2601836255,0.38252682000000005,0.0,0.0
0.7679882143950245,0.0,0.235868146,0.3267991445,0.0,0.0
0.6830053410054195,0.0,0.20805542100000002,0.2744961795,0.0,0.0
0.6653715448991377,0.0,0.2084782175,0.285947042,0.0,0.0
0.6837288306727216,0.0,0.2232457445,0.3366458175,0.0,0.0
0.866198452348087,0.0,0.25665163150000003,0.4113998375,0.0,0.0
0.936188156272526,0.0,0.2916106415,0.4927939255,0.0,0.0
0.9472074015514025,0.044993272,0.326600536,0.55404153,0.0,0.0
0.9443030185503852,0.1618367335,0.3354252845,0.558094781,0.0,0.0
0.9419337377225916,0.1727470035,0.334900191,0.5176678805,0.0,0.0
0.9425486662779217,0.072255916,0.34879472050000004,0.5767069389999999,0.0,0.0
0.9510963559360766,0.0,0.4134059895,0.6712222999999999,0.0,0.0
0.9322144377308597,0.0,0.4487761385,0.718136128,0.0,0.0
0.8148196407649835,0.0,0.4439726075,0.7109272865,0.0,0.0
0.7477939381278148,0.0,0.410749997,0.674479567,0.0,0.0
0.6829845842761699,0.0,0.3587901915,0.628439304,0.0,0.0
0.6660126022128616,0.0,0.372409973,0.6361253984999999,0.0,0.0
0.6805240471790759,0.0,0.3692657075,0.6354190375,0.0,0.0
0.8613191200733925,0.0,0.373060624,0.6227136099999999,0.0,0.0
0.9305228127910947,0.0,0.39364044249999997,0.6227343325,0.0,0.0
0.9434266653642478,0.078128231,0.382197067,0.621651464,0.0,0.0
0.9432201956358257,0.232141025,0.346889777,0.560659011,0.0,0.0
0.9423838014221246,0.2462952235,0.3168951325,0.5128199605,0.0,0.0
0.943737330028164,0.0825397435,0.293988144,0.5074343365,0.0,0.0
0.9497400841630563,0.0,0.285441501,0.505228281,0.0,0.0
0.9489707147864568,0.0,0.29479785599999997,0.5130678710000001,0.0,0.0
0.8762587748174182,0.0,0.3135414575,0.5612089069999999,0.0,0.0
0.766305253284781,0.0,0.28678419,0.5246956700000001,0.0,0.0
0.6577670048032276,0.0,0.23998516949999998,0.4328672695,0.0,0.0
0.6373457764693646,0.0,0.210895014,0.394717741,0.0,0.0
0.6340159041154658,0.0,0.1971320235,0.365333668,0.0,0.0
0.6825564203540623,0.0,0.211360337,0.39953670500000005,0.0,0.0
0.7624633443996309,0.0,0.2150103025,0.4662378195,0.0,0.0
0.8070933493905807,0.0681442375,0.24385533199999998,0.5218595825,0.0,0.0
0.8095378846307391,0.1334595055,0.29610058100000003,0.563289023,0.0,0.0
0.8094867244550641,0.1034886145,0.29232657149999997,0.5619148155,0.0,0.0
0.817232080951465,0.005813997,0.29471143,0.564371483,0.0,0.0
0.8331876707454968,0.0,0.396608651,0.62843236,0.0,0.0
0.8228900178820477,0.0,0.5195165660000001,0.7229795185,0.0,0.0
0.7589791911620231,0.0,0.5758654555,0.7684887745,0.0,0.0
0.6828607299525389,0.0,0.6572802289999999,0.835304646,0.0,0.0
0.6429305392163499,0.0,0.753653162,0.865205506,0.0,0.0
0.6355293369117243,0.0,0.768828862,0.87102808,0.0,0.0
0.6512776798086232,0.0,0.7728364145,0.863545699,0.0,0.0
0.7019076957674842,0.0,0.774000783,0.8717706,0.0,0.0
0.7654126239250097,0.0,0.7757392215000001,0.874959833,0.0,0.0
0.8113708746787112,0.0732963975,0.7156745935,0.858939116,0.0,0.0
0.8145546957984842,0.13227287100000001,0.630275082,0.8124787855,0.0,0.0
0.8150798310078098,0.061894013,0.468996028,0.7008996685,0.0,0.0
0.829207048579315,0.001500927,0.315043258,0.538819334,0.0,0.0
0.836752564655111,0.0,0.224832926,0.40187159,0.0,0.0
0.7984417848206928,0.0,0.143749566,0.28180194000000003,0.0,0.0
0.7236261033308189,0.0,0.0803540875,0.15996329,0.0,0.0
0.689403455363466,0.0,0.055332888999999996,0.091412565,0.0,0.0
0.676367107304891,0.0,0.06548333949999999,0.06972049599999999,0.0,0.0
0.6942474235261573,0.0,0.06431485149999999,0.063606042,0.0,0.0
0.8721229802939987,0.0,0.07386506949999999,0.07809925749999999,0.0,0.0
0.9405046803874895,0.0,0.085335328,0.095475594,0.0,0.0
0.9514921504878093,0.062257282,0.085411291,0.100991693,0.0,0.0
0.9501192368103313,0.212148222,0.087755219,0.09414769649999999,0.0,0.0
0.9485073924712893,0.216725311,0.092281962,0.07776293249999999,0.0,0.0
0.9494771964603121,0.0527478845,0.1352723045,0.1138105515,0.0,0.0
0.9548227771940476,0.0,0.203657267,0.1862714755,0.0,0.0
0.9338300310895489,0.0,0.2358586805,0.2357306345,0.0,0.0
0.8158823013650731,0.0,0.248565377,0.263607085,0.0,0.0
0.7477939381278148,0.0,0.269728225,0.29665453,0.0,0.0
0.6827812921176278,0.0,0.247704873,0.295151302,0.0,0.0
0.6636078429682473,0.0,0.2384563195,0.2366337305,0.0,0.0
0.6792254506590507,0.0,0.19287785200000002,0.26419483,0.0,0.0
0.8614372137463636,0.0,0.252034263,0.288642222,0.0,0.0
0.9298757433263839,0.0,0.2855639475,0.418135519,0.0,0.0
0.9413010699216909,0.00691204,0.308202218,0.498374714,0.0,0.0
0.9386716447067749,0.013419612,0.350820013,0.586677972,0.0,0.0
0.9370440728274954,0.022815821,0.3076455585,0.574888442,0.0,0.0
0.9352063736885927,0.0163062835,0.285423153,0.6012052495,0.0,0.0
0.9382609912719617,0.0008754695,0.3015977995,0.606796922,0.0,0.0
0.938113774173289,0.0,0.364996792,0.6471894895,0.0,0.0
0.867978179026605,0.0,0.47012537050000003,0.708775288,0.0,0.0
0.7823718045176336,0.0,0.536464736,0.745403212,0.0,0.0
0.7106921215536182,0.0,0.6344955834999999,0.794613502,0.0,0.0
0.6610688281075252,0.0,0.714275929,0.8577101469999999,0.0,0.0
0.6540735015490277,0.0,0.8080889225000001,0.9045512205,0.0,0.0
0.687540130466823,0.0,0.836086598,0.922384349,0.0,0.0
0.8547683251734033,0.0,0.826867971,0.9270696615,0.0,0.0
0.9244558682515669,0.0,0.8025597195,0.929110726,0.0,0.0
0.9365278528736977,0.011289271,0.7242097075,0.9164325529999999,0.0,0.0
0.9365469636284383,0.021571791,0.6068157345,0.8908206835,0.0,0.0
0.9374279802727639,0.013843614,0.5336088035,0.839458168,0.0,0.0
0.9381360853142809,0.001351661,0.478897581,0.795512568,0.0,0.0
0.9433186756277228,0.0,0.4463674465,0.7644840445000001,0.0,0.0
0.9236768977905341,0.0,0.384260497,0.709211824,0.0,0.0
0.8092140070582514,0.0,0.34670127900000003,0.6617385675,0.0,0.0
0.7385553796730597,0.0,0.348896939,0.641364005,0.0,0.0
0.6761838403396301,0.0,0.33252152300000004,0.5829721535,0.0,0.0
0.655550541712886,0.0,0.308769816,0.530762738,0.0,0.0
0.6694712894816487,0.0,0.3096365075,0.5218406520000001,0.0,0.0
0.8477353256645002,0.0,0.358803942,0.5673812275000001,0.0,0.0
0.9204171822108742,0.0,0.3537245155,0.5776867379999999,0.0,0.0
0.9318863997008375,0.015791334,0.357296717,0.602120986,0.0,0.0
0.931902675800151,0.052465748,0.3605931095,0.6298166015,0.0,0.0
0.929959455923647,0.0677893935,0.3316019135,0.6024049245,0.0,0.0
0.9307934727755114,0.0199026265,0.3568268525,0.6337480685000001,0.0,0.0
0.9377886163571164,0.0,0.366679753,0.669151139,0.0,0.0
0.9362477747074198,0.0,0.3806745875,0.6820587535,0.0,0.0
0.867671994843984,0.0,0.3946285855,0.6877911990000001,0.0,0.0
0.7593761059455603,0.0,0.407457828,0.6948336955,0.0,0.0
0.6741492498146878,0.0,0.44077157499999997,0.7127568710000001,0.0,0.0
0.6523794306496716,0.0,0.43435320850000003,0.708754549,0.0,0.0
0.6669763940508976,0.0,0.424863458,0.7162844765,0.0,0.0
0.8440661453309455,0.0,0.423691641,0.731722387,0.0,0.0
0.9180303450400824,0.0,0.4463557975,0.7652362585,0.0,0.0
0.9281280660688005,0.004877458,0.456104106,0.777861472,0.0,0.0
0.9276171953277759,0.015115433499999999,0.49322298750000004,0.794127763,0.0,0.0
0.9268995806159512,0.013426203500000001,0.5402858755,0.826717853,0.0,0.0
0.9267435853086192,0.0036046025,0.5769694160000001,0.854080517,0.0,0.0
0.9333144511832732,0.0,0.6388931405,0.8767275655,0.0,0.0
0.9159640480086584,0.0,0.6358065964999999,0.8630927975,0.0,0.0
0.8072545110081137,0.0,0.5790940605,0.8133437545,0.0,0.0
0.7380921945534016,0.0,0.51164325,0.749086957,0.0,0.0
0.6534808156855756,0.0,0.487086958,0.7361619075,0.0,0.0
0.6303812648694997,0.0,0.3682738085,0.673777098,0.0,0.0
0.6305334882664928,0.0,0.303801579,0.629453335,0.0,0.0
0.6800963632182893,0.0,0.29322018699999997,0.5566652105000001,0.0,0.0
0.7634767191852285,0.0,0.24860042899999998,0.441442578,0.0,0.0
0.8069632771226991,0.010567395,0.174004925,0.32283509,0.0,0.0
0.8108941564780796,0.0692139295,0.119906241,0.207026558,0.0,0.0
0.809525494672262,0.092185708,0.0813340535,0.1183077675,0.0,0.0
0.8149826768923402,0.031570612,0.0771743615,0.09406476750000001,0.0,0.0
0.834201777141383,0.0,0.0777528455,0.0950118655,0.0,0.0
0.8220096870666278,0.0,0.0764979305,0.08296656399999999,0.0,0.0
0.7604985904765259,0.0,0.084772627,0.07304369599999999,0.0,0.0
0.7012246451082603,0.0,0.096083506,0.071707037,0.0,0.0
0.6586601141986403,0.0,0.1099498885,0.09170891,0.0,0.0
0.635587606579499,0.0,0.1312876235,0.14412825750000002,0.0,0.0
0.6312229168818478,0.0,0.1390658165,0.1746195115,0.0,0.0
0.6774556908701106,0.0,0.13232093849999998,0.19675873500000002,0.0,0.0
0.7603524478282742,0.0,0.111003741,0.196900943,0.0,0.0
0.8069373083761857,0.022039397999999998,0.10261843749999999,0.2065136395,0.0,0.0
0.8099091734335748,0.054193618,0.091887194,0.188773379,0.0,0.0
0.8106085461221363,0.049058559,0.087532316,0.143021319,0.0,0.0
0.818650074130197,0.022119351500000002,0.1014937525,0.1256570275,0.0,0.0
0.8370811514671699,0.0,0.141935963,0.17876275000000003,0.0,0.0
0.8264561919610265,0.0,0.1683999,0.2297747905,0.0,0.0
0.7652416326877289,0.0,0.1745873865,0.2499218205,0.0,0.0
0.7071475956774176,0.0,0.1496826215,0.2573227815,0.0,0.0
0.6850181918391375,0.0,0.148793098,0.2504874925,0.0,0.0
0.6779901529214918,0.0,0.1859685795,0.31643928899999996,0.0,0.0
0.779690784649823,0.0,0.2194597035,0.36632534299999997,0.0,0.0
0.9099199633921594,0.0,0.224164513,0.40882967,0.0,0.0
0.9439805124870676,0.0,0.2480039055,0.416556407,0.0,0.0
0.9534025894817308,0.034028427,0.301699038,0.40450418,0.0,0.0
0.9506579508076931,0.171859716,0.3370486,0.356831383,0.0,0.0
0.9471916740111649,0.306858587,0.408065,0.383689312,0.0,0.0
0.9426003293799299,0.32702883250000003,0.520701051,0.473246043,0.0,0.0
0.9430835398415102,0.10467669800000001,0.6024591765,0.6222098899999999,0.0,0.0
0.9515269887827875,0.0,0.624544549,0.677589361,0.0,0.0
0.9501052465100877,0.0,0.649921356,0.726915889,0.0,0.0
0.8753719517410494,0.0,0.6579583895000001,0.7880189504999999,0.0,0.0
0.7838244075303494,0.0,0.73366544,0.860294883,0.0,0.0
0.712071047382083,0.0,0.7939194764999999,0.901204082,0.0,0.0
0.6604899494931038,0.0,0.821945916,0.922824297,0.0,0.0
0.649713795407646,0.0,0.8491121660000001,0.9312888085,0.0,0.0
0.680465388964106,0.0,0.867753193,0.933579449,0.0,0.0
0.8377518121679167,0.0,0.857831454,0.9354127210000001,0.0,0.0
0.9148551192263965,0.0,0.8506662985,0.935279492,0.0,0.0
0.9217955365152513,0.065834772,0.849890347,0.935046224,0.0,0.0
0.920208838046949,0.2213852935,0.8474085650000001,0.93295777,0.0,0.0
0.9182136806030978,0.270355454,0.8287317745,0.9274119395,0.0,0.0
0.9188069837720211,0.09732173849999999,0.8366372545,0.9287816095,0.0,0.0
0.926252465518498,0.0,0.843507051,0.9311310905,0.0,0.0
0.9099125110599275,0.0,0.853300537,0.9309410465000001,0.0,0.0
0.8060487938412062,0.0,0.8470230455000001,0.9269104635000001,0.0,0.0
0.7332856936221722,0.0,0.847023094,0.920706568,0.0,0.0
0.6721451999316801,0.0,0.833281581,0.90510147,0.0,0.0
0.650045011007548,0.0,0.7725691299999999,0.8909426570000001,0.0,0.0
0.6636960818281892,0.0,0.7267939569999999,0.8470083895,0.0,0.0
0.8335621142275207,0.0,0.6772871285,0.7764630205,0.0,0.0
0.9131204264163901,0.0,0.597117276,0.697920492,0.0,0.0
0.9222598646830852,0.049761905,0.540026806,0.65245515,0.0,0.0
0.9219147732363979,0.209181188,0.401628121,0.514079262,0.0,0.0
0.9192758382768541,0.224962675,0.428830831,0.562398696,0.0,0.0
0.9176131537858983,0.1602352375,0.48085071300000004,0.6504267045000001,0.0,0.0
0.9155860384095592,0.0324732385,0.567377842,0.7562982899999999,0.0,0.0
0.9195869143786572,0.0,0.6269615399999999,0.826315704,0.0,0.0
0.9057352031523291,0.0,0.6751800385,0.8508189915,0.0,0.0
0.8080134104944818,0.0,0.679610132,0.864796575,0.0,0.0
0.7067934974867562,0.0,0.662725848,0.8691013665,0.0,0.0
0.6552382996722155,0.0,0.701816294,0.8924518539999999,0.0,0.0
0.6462098913677754,0.0,0.676733272,0.8836984305,0.0,0.0
0.6774766075369203,0.0,0.674562105,0.882464505,0.0,0.0
0.8186556062455421,0.0,0.671713064,0.8843795830000001,0.0,0.0
0.905776625122382,0.0,0.617566802,0.866540853,0.0,0.0
0.9171281145215573,0.008987256,0.590350881,0.85580822,0.0,0.0
0.9164395775283716,0.061060581,0.5885945404999999,0.870244623,0.0,0.0
0.9150089657072069,0.0594800745,0.631295896,0.8839241735000001,0.0,0.0
0.9132917376774322,0.019603801,0.6162666565,0.8798952965,0.0,0.0
0.9186870612962893,0.0,0.600639913,0.863562729,0.0,0.0
0.9191231805512825,0.0,0.5891696985,0.8484814265,0.0,0.0
0.8630025155122145,0.0,0.643482171,0.8570106275,0.0,0.0
0.7564562926116951,0.0,0.6898188030000001,0.869930086,0.0,0.0
0.6703299720942907,0.0,0.7131040515,0.8836426015000001,0.0,0.0
0.650057241028465,0.0,0.672346942,0.863272173,0.0,0.0
0.6467442162979675,0.0,0.621863262,0.8274120014999999,0.0,0.0
0.678544434521531,0.0,0.563473918,0.791151129,0.0,0.0
0.8342955479680292,0.0,0.50524118,0.7266834685000001,0.0,0.0
0.9159883708549832,0.0,0.4167706075,0.6136318175,0.0,0.0
0.9239412485652152,0.08549285699999999,0.37823931499999996,0.5831244835,0.0,0.0
0.9201949850165351,0.198979155,0.391159193,0.609025204,0.0,0.0
0.918559732269709,0.1930251465,0.418569506,0.596319464,0.0,0.0
0.917235281307988,0.094525256,0.349558765,0.570115742,0.0,0.0
0.9237503234744584,0.0035923355,0.3427543355,0.5712121365,0.0,0.0
0.9255850051296821,0.0,0.36593352199999996,0.563684545,0.0,0.0
0.8625897590322631,0.0,0.41888356299999996,0.598287979,0.0,0.0
0.7566218889291401,0.0,0.5006176875,0.7137047944999999,0.0,0.0
0.6509836571234853,0.0,0.49153741900000003,0.7584080405,0.0,0.0
0.6219027032422255,0.0,0.5048561035,0.7655817030000001,0.0,0.0
0.6196826054370543,0.0,0.47362072450000003,0.729746703,0.0,0.0
0.6607902586459267,0.0,0.44624943149999996,0.7136433725,0.0,0.0
0.7442770041562652,0.0,0.46803272,0.7290323274999999,0.0,0.0
0.7856166156557908,0.005777266,0.464619068,0.740255274,0.0,0.0
0.7911120194596708,0.0190182115,0.4567271745,0.637600419,0.0,0.0
0.7896865282416439,0.0290723785,0.5283418445,0.736005171,0.0,0.0
0.7919977908276693,0.00726383,0.5684657799999999,0.6648235955,0.0,0.0
0.8107157128342465,0.0,0.5310861790000001,0.7028462925000001,0.0,0.0
0.8026512335633514,0.0,0.4615907305,0.6436670895000001,0.0,0.0
0.7494406207618348,0.0,0.5990942324999999,0.61137792,0.0,0.0
0.6914060878072794,0.0,0.680132041,0.635000455,0.0,0.0
0.6510309997560786,0.0,0.732713881,0.767015035,0.0,0.0
0.6238249835612282,0.0,0.7661804435,0.857003764,0.0,0.0
0.6227984872068647,0.0,0.772246526,0.896534449,0.0,0.0
0.6370445299873093,0.0,0.747844535,0.8733642825000001,0.0,0.0
0.6860824069252897,0.0,0.77408577,0.84205566,0.0,0.0
0.748537887391297,0.0,0.7967715019999999,0.807041127,0.0,0.0
0.7922079180872924,0.076239729,0.774193779,0.797660266,0.0,0.0
0.7954510833252612,0.289709086,0.741462079,0.804315776,0.0,0.0
0.795355620817043,0.366055378,0.72019771,0.803758044,0.0,0.0
0.7943912116735359,0.4061518635,0.6337999525,0.7517285954999999,0.0,0.0
0.7941606020013612,0.282975562,0.53693333,0.6658198,0.0,0.0
0.8044744853313811,0.020727988,0.433563897,0.565237765,0.0,0.0
0.8243607715039009,0.0,0.348526606,0.470222487,0.0,0.0
0.8296297718745238,0.0,0.268297582,0.346815357,0.0,0.0
0.8195320051387427,0.0,0.2134724545,0.2332419265,0.0,0.0
0.7579165078198827,0.0,0.1729106635,0.17709792600000002,0.0,0.0
0.6976726897905196,0.0,0.148921527,0.168279151,0.0,0.0
0.6765885045141482,0.0,0.1575146085,0.1961170725,0.0,0.0
0.6570514245387868,0.0,0.173569259,0.2096644665,0.0,0.0
0.6716551316269679,0.0,0.22505974550000002,0.23579948499999998,0.0,0.0
0.8521859910164333,0.0,0.28771916799999997,0.37623145700000005,0.0,0.0
0.9182711959185328,0.0,0.32109073850000003,0.539283493,0.0,0.0
0.9251212713023073,0.005383347,0.394709877,0.630316382,0.0,0.0
0.9219775005690968,0.033105308,0.442865655,0.672268055,0.0,0.0
0.9209427747137906,0.079302737,0.475306479,0.715685455,0.0,0.0
0.9183575144129471,0.1397584335,0.5537386280000001,0.7455398124999999,0.0,0.0
0.9164590540139361,0.040450998,0.6950928025,0.844117126,0.0,0.0
0.92122893362881,0.0,0.80454489,0.910239535,0.0,0.0
0.9068462349797293,0.0,0.8525108395000001,0.927045325,0.0,0.0
0.808237299370393,0.0,0.9013880145,0.936051148,0.0,0.0
0.7085169889448834,0.0,0.9244613475000001,0.9346045765,0.0,0.0
