Demand,Avail_Sol,Avail_Wind_On,Avail_Wind_Off,Hyd_In,HydRoR_In
0.6610309235617919,0.0,0.7185312596666668,0.8919451963333334,0.0,1930.0
0.6326565493017502,0.0,0.6757916225,0.88823082,0.0,1930.0
0.7024965351708938,0.0,0.6437510335000001,0.855138138,0.0,1930.0
0.8711109527059577,0.0,0.5947838435,0.7897695735,0.0,1930.0
0.9130691700957396,0.003469527,0.561334428,0.764311219,0.0,1930.0
0.9196317221452202,0.1507373735,0.532173123,0.741304798,0.0,1930.0
0.9157170510897973,0.27999169599999996,0.5607249700000001,0.7737915264999999,0.0,1930.0
0.9125917537119702,0.2570973855,0.6097939525,0.767718929,0.0,1930.0
0.9237725354524842,0.049471203,0.655385203,0.834091102,0.0,1930.0
0.9303756921096047,0.0,0.687918324,0.873054392,0.0,1930.0
0.8724988408075672,0.0,0.6359559645,0.8687744159999999,0.0,1930.0
0.794822939070844,0.0,0.567771778,0.833797437,0.0,1930.0
0.7202182252393079,0.0,0.5329851265000001,0.8068126005,0.0,1930.0
0.6482870608490203,0.0,0.49945999650000006,0.7185347215,0.0,1930.0
0.6391413803619328,0.0,0.4698220205,0.632993074,0.0,1930.0
0.7158397322054257,0.0,0.49857601399999996,0.6472509635,0.0,1930.0
0.87381432952926,0.0,0.553976187,0.7345423835,0.0,1930.0
0.9105610796094826,0.001842684,0.613011833,0.771518336,0.0,1930.0
0.9156060593638322,0.050821951500000004,0.6843063085000001,0.8156094475,0.0,1930.0
0.9100677433364148,0.0902556115,0.781081734,0.888486428,0.0,1930.0
0.8971419054962171,0.051487454,0.753816571,0.9087111685,0.0,1930.0
0.9022033865108621,0.0045482415,0.693052569,0.8640499405,0.0,1930.0
0.9066752520048368,0.0,0.649027965,0.8440664405,0.0,1930.0
0.8645920012545587,0.0,0.6875460535,0.775650301,0.0,1930.0
0.7963790588406545,0.0,0.718702962,0.678723228,0.0,1930.0
0.7164341102314749,0.0,0.7226396829999999,0.711419164,0.0,1930.0
0.6380439174374475,0.0,0.7168587965,0.755451693,0.0,1930.0
0.6279454389138351,0.0,0.729163729,0.800613025,0.0,1930.0
0.690445483624949,0.0,0.730627889,0.807923964,0.0,1930.0
0.850470789004063,0.0,0.7342740185000001,0.8097370349999999,0.0,1930.0
0.903760624151298,0.062249385500000004,0.744678739,0.8669757265,0.0,1930.0
0.902464185653548,0.2579483695,0.7533751584999999,0.8810774955,0.0,1930.0
0.8982750315098188,0.309073159,0.7416244195,0.875673868,0.0,1930.0
0.9002776670121856,0.191813644,0.732402623,0.881642881,0.0,1930.0
0.9092729586440793,0.033506911,0.7197337435,0.8811098895,0.0,1930.0
0.919908798933591,0.0,0.701847405,0.8762223235,0.0,1930.0
0.8720794245477483,0.0,0.6399779635,0.847105361,0.0,1930.0
0.7706576261878796,0.0,0.5235832135,0.753352862,0.0,1930.0
0.6711803516015489,0.0,0.429974587,0.66943507,0.0,1930.0
0.6325390733593614,0.0,0.3592075905,0.556670883,0.0,1930.0
0.64413743790882,0.0,0.352761957,0.5384762940000001,0.0,1930.0
0.7431405606552774,0.0,0.369505659,0.551706202,0.0,1930.0
0.8548099742465995,0.0,0.41364402850000004,0.579618567,0.0,1930.0
0.8959939328624764,0.0153791005,0.522081287,0.6484653555,0.0,1930.0
0.8977898340933312,0.0997765795,0.59017595,0.710568798,0.0,1930.0
0.8972684592876183,0.167768163,0.5801577765,0.736019668,0.0,1930.0
0.9088898539152618,0.1129158925,0.5426556874999999,0.7810676235,0.0,1930.0
0.9284882965384729,0.0,0.49395376950000003,0.760813436,0.0,1930.0
0.9169019165580607,0.0,0.423758727,0.6728324155000001,0.0,1930.0
0.8423730007246377,0.0,0.371662939,0.613055331,0.0,1930.0
0.7728198850056507,0.0,0.3105232285,0.640967293,0.0,1930.0
0.675768485559501,0.0,0.27931653,0.602511885,0.0,1930.0
0.638586809357756,0.0,0.294069536,0.5137513476666666,0.0,1930.0
0.7113768775570513,0.0,0.303457337,0.457735122,0.0,1930.0
0.8744242920226919,0.0,0.314417616,0.4518233385,0.0,1930.0
0.9186068600157428,0.004604354,0.322870339,0.453883438,0.0,1930.0
0.9217772337536145,0.139876005,0.3461521575,0.44950983899999997,0.0,1930.0
0.9176263588010127,0.2399673245,0.3672898285,0.4535090785,0.0,1930.0
0.9169114863727115,0.18217306700000002,0.332638786,0.4202979215,0.0,1930.0
0.93471559293239,0.0365822055,0.297180428,0.39819163599999996,0.0,1930.0
0.9511999624301544,0.0,0.29594404,0.3809569525,0.0,1930.0
0.8893466836416364,0.0,0.307535587,0.356808814,0.0,1930.0
0.805947688482485,0.0,0.334342014,0.330252925,0.0,1930.0
0.7186544585785554,0.0,0.371040492,0.33008553549999997,0.0,1930.0
0.6393389026426561,0.0,0.43946778799999997,0.35073555749999996,0.0,1930.0
0.6208622722403563,0.0,0.508104031,0.41806981200000004,0.0,1930.0
0.6316368297010333,0.0,0.5691005655,0.5192670054999999,0.0,1930.0
0.6869356281582876,0.0,0.6137394995000001,0.610997911,0.0,1930.0
0.7725306895064572,0.06548420599999999,0.622605297,0.7013038965,0.0,1930.0
0.7946449588447505,0.3389713515,0.594459295,0.7314990295,0.0,1930.0
0.786289814777253,0.3879504715,0.5838648015,0.7492497725,0.0,1930.0
0.7860788320980441,0.288434063,0.563132605,0.768392073,0.0,1930.0
0.8102948783048743,0.0673595995,0.545942578,0.773711182,0.0,1930.0
0.8295099925846574,0.0,0.5158021385,0.7642301605,0.0,1930.0
0.7976584595784806,0.0,0.4734647855,0.74462246,0.0,1930.0
0.7509566213807823,0.0,0.406615796,0.689297914,0.0,1930.0
0.6955625499416731,0.0,0.386264997,0.667855808,0.0,1930.0
0.6477486035469663,0.0,0.371630539,0.663201724,0.0,1930.0
0.6236555186780245,0.0,0.37373561633333335,0.6440118216666667,0.0,1930.0
0.6336008283908374,0.0,0.377615814,0.6161739085,0.0,1930.0
0.6876815577140489,0.0,0.37833891799999997,0.6178596925,0.0,1930.0
0.7553639132639757,0.00797739,0.384129514,0.632600728,0.0,1930.0
0.7940867806098734,0.31390373699999996,0.3398467825,0.6063815735,0.0,1930.0
0.7918433798501372,0.5072088505000001,0.33956297199999996,0.6154384184999999,0.0,1930.0
0.7898630589131823,0.4175021295,0.36628246799999997,0.6301137735,0.0,1930.0
0.8189717284939938,0.08276227800000001,0.4295423145,0.673499692,0.0,1930.0
0.8369323055650101,0.0,0.464922881,0.7204287035,0.0,1930.0
0.8013333493078105,0.0,0.505795275,0.7576266515,0.0,1930.0
0.7372199002157087,0.0,0.5164719145,0.7784567179999999,0.0,1930.0
0.6824524711386173,0.0,0.5372284005,0.807185335,0.0,1930.0
0.652309474043635,0.0,0.5436697793333334,0.815487368,0.0,1930.0
0.7320783504607826,0.0,0.5355819319999999,0.8268083915,0.0,1930.0
0.8936346213276737,0.0,0.5254327175,0.8156173250000001,0.0,1930.0
0.9336874215225991,0.003531318,0.539866422,0.79735043,0.0,1930.0
0.9420977932032651,0.200418558,0.4609910835,0.7172827415,0.0,1930.0
0.9397361115830084,0.2920607935,0.45721223499999997,0.7173344735,0.0,1930.0
0.9388587762576324,0.201517031,0.4981118485,0.696805549,0.0,1930.0
0.948629444669008,0.0240817555,0.5640423480000001,0.727678085,0.0,1930.0
0.9537487469294103,0.0,0.607434831,0.7499471440000001,0.0,1930.0
0.8861434416599011,0.0,0.631684487,0.753092422,0.0,1930.0
0.7780514757408368,0.0,0.6074035145000001,0.692470327,0.0,1930.0
0.6773050856766283,0.0,0.6212426685,0.702552566,0.0,1930.0
0.6414657069388309,0.0,0.6042729086666667,0.684286871,0.0,1930.0
0.7160652036809112,0.0,0.5765752975,0.617846957,0.0,1930.0
0.8789414574913219,0.0,0.573548466,0.6276581050000001,0.0,1930.0
0.927903779012573,0.0129077835,0.5923588055,0.63957593,0.0,1930.0
0.9335275523930648,0.0722126145,0.6011845405,0.6511368835,0.0,1930.0
0.9252689110528286,0.0708922035,0.5986361605,0.6932543635,0.0,1930.0
0.9223105037904908,0.034065016000000004,0.5906421575,0.6894755585000001,0.0,1930.0
0.9339042175744001,0.0,0.5854228625,0.71110925,0.0,1930.0
0.9164777153909164,0.0,0.5622611934999999,0.746869119,0.0,1930.0
0.841509304608465,0.0,0.516066518,0.741573611,0.0,1930.0
0.7712020535411998,0.0,0.397563952,0.6555723330000001,0.0,1930.0
0.6725963901105846,0.0,0.3717650825,0.6027733705,0.0,1930.0
0.6319662124479078,0.0,0.28145086033333333,0.49969807833333335,0.0,1930.0
0.7000376351756512,0.0,0.18259116600000003,0.37271707249999997,0.0,1930.0
0.8669207699620104,0.0,0.1358266515,0.251982487,0.0,1930.0
0.9165741288477703,0.005136961,0.119044569,0.192618702,0.0,1930.0
0.9213566548192771,0.131442644,0.1011880755,0.1668738655,0.0,1930.0
0.9150986814562332,0.214808803,0.086869066,0.13224426449999999,0.0,1930.0
0.9115739571024379,0.1535375825,0.0873229025,0.132630709,0.0,1930.0
0.9252639025983684,0.0301103015,0.114966976,0.17066404699999999,0.0,1930.0
0.9441670595168495,0.0,0.143690896,0.2197869055,0.0,1930.0
0.8823203990865311,0.0,0.1479873555,0.2263838595,0.0,1930.0
0.7779699089715972,0.0,0.15581429400000002,0.216362402,0.0,1930.0
0.6777881365547965,0.0,0.1613626725,0.225852514,0.0,1930.0
0.6420300265458843,0.0,0.1501412835,0.23335942250000002,0.0,1930.0
0.6533664739470799,0.0,0.1406733295,0.233986628,0.0,1930.0
0.8417698057332883,0.0,0.118978141,0.18846762800000003,0.0,1930.0
0.9224660799108625,0.002701389,0.103835208,0.162345258,0.0,1930.0
0.9326852765188132,0.0745043675,0.073028644,0.122634485,0.0,1930.0
0.9248205171329809,0.15591761399999998,0.06497167400000001,0.11165238499999999,0.0,1930.0
0.9196191114687594,0.1316997415,0.0687637925,0.1122094075,0.0,1930.0
0.9310239784631054,0.028169327999999997,0.1061129395,0.123177378,0.0,1930.0
0.9416210475958515,0.0,0.14694904749999999,0.1395131345,0.0,1930.0
0.8799092586242322,0.0,0.204831247,0.177505686,0.0,1930.0
0.7754441992869436,0.0,0.280106211,0.21351417150000002,0.0,1930.0
0.6754152306146837,0.0,0.3183228185,0.22758716750000002,0.0,1930.0
0.6365537353680281,0.0,0.3807735056666666,0.29105883633333335,0.0,1930.0
0.7075416938709123,0.0,0.4338503245,0.377399561,0.0,1930.0
0.8726630477501575,0.0,0.48776548000000003,0.44647357600000004,0.0,1930.0
0.9160793615491563,0.02061845,0.5274138705,0.504560564,0.0,1930.0
0.9169238286756526,0.11162784533333332,0.571973599,0.542387952,0.0,1930.0
0.9134919402373378,0.11115217299999999,0.6096850805,0.5738357414999999,0.0,1930.0
0.9242025500596964,0.0165801045,0.647818247,0.6092826585,0.0,1930.0
0.9305037216629692,0.0,0.693470891,0.6585242115,0.0,1930.0
0.8727532900105572,0.0,0.7273784565,0.7103198075,0.0,1930.0
0.7943083168325825,0.0,0.703545066,0.729880602,0.0,1930.0
0.7130249834978255,0.0,0.7237585175,0.752043584,0.0,1930.0
0.6279822870794165,0.0,0.7192689605,0.768744152,0.0,1930.0
0.6045258319720214,0.0,0.7107010515,0.7820859330000001,0.0,1930.0
0.6157636523746315,0.0,0.699070858,0.80963473,0.0,1930.0
0.6699852678767495,0.0,0.68789934,0.841404676,0.0,1930.0
0.7350448295762885,0.002916664,0.670859508,0.847822917,0.0,1930.0
0.7749645470269717,0.051201076500000005,0.637659191,0.81996996,0.0,1930.0
0.779035643924791,0.09668247599999999,0.610630915,0.7835381015,0.0,1930.0
0.7767809293048886,0.0888139395,0.5381483119999999,0.7527298435,0.0,1930.0
0.797788367251661,0.024347834999999998,0.49859618650000004,0.7494805925,0.0,1930.0
0.8147608857573156,0.0,0.4920966195,0.755163248,0.0,1930.0
0.78592526830674,0.0,0.457187802,0.72075356,0.0,1930.0
0.74225025696453,0.0,0.441425665,0.642491232,0.0,1930.0
0.6935475496444513,0.0,0.3962403015,0.586323667,0.0,1930.0
0.6226146174521038,0.0,0.36606941400000004,0.5308310390000001,0.0,1930.0
0.6094748679006843,0.0,0.397806987,0.567509276,0.0,1930.0
0.6411228192369889,0.0,0.452736978,0.5848351645000001,0.0,1930.0
0.7210420993315018,0.0043129035,0.505784503,0.5868486335,0.0,1930.0
0.7796038392035399,0.1222922685,0.5457027825,0.555045008,0.0,1930.0
0.7824186101781354,0.187046834,0.6190796335,0.5449959639999999,0.0,1930.0
0.7806273597803056,0.112325972,0.6835520045,0.556004344,0.0,1930.0
0.8019887458501977,0.019280658,0.7218223275,0.590559541,0.0,1930.0
0.82202413445879,0.0,0.7762573564999999,0.65885662,0.0,1930.0
0.7881306581589007,0.0,0.8295675845,0.7477355605,0.0,1930.0
0.7424029264998191,0.0,0.857717941,0.818186564,0.0,1930.0
0.6983238821525086,0.0,0.86792369,0.8815521075,0.0,1930.0
0.6415628507531215,0.0,0.8515821095,0.9195217945,0.0,1930.0
0.6258258193672422,0.0,0.792653335,0.911634195,0.0,1930.0
0.6837470539184978,0.0,0.741438483,0.9006766104999999,0.0,1930.0
0.8420376555287642,0.0,0.7196529389999999,0.901830039,0.0,1930.0
0.8896416925808975,0.00106659,0.709420557,0.890609827,0.0,1930.0
0.8994964320562185,0.08002551150000001,0.6782174320000001,0.8644357165000001,0.0,1930.0
0.8985260372907193,0.22037499500000002,0.7543035805,0.9109592385,0.0,1930.0
0.8989442014031853,0.267014143,0.799552458,0.9229783899999999,0.0,1930.0
0.9184591542659724,0.073309416,0.798944425,0.9287524935,0.0,1930.0
0.93065460234885,0.0,0.7971405455,0.931697322,0.0,1930.0
0.8739559982243521,0.0,0.8139853795,0.9313812260000001,0.0,1930.0
0.7724493909532941,0.0,0.834871664,0.9348535760000001,0.0,1930.0
0.6744422868180613,0.0,0.8315671345,0.934095696,0.0,1930.0
0.637597960628958,0.0,0.840328106,0.934520477,0.0,1930.0
0.7161522485357784,0.0,0.8482202095,0.9363626629999999,0.0,1930.0
0.8796978287832781,0.0,0.8626544355,0.9364742930000001,0.0,1930.0
0.9281555897116054,0.0904319185,0.852771027,0.932660061,0.0,1930.0
0.9296854596632278,0.26322609350000004,0.844976884,0.934348842,0.0,1930.0
0.9285239968741991,0.24659240633333335,0.8544011836666666,0.9291402783333332,0.0,1930.0
0.946948157464401,0.049401663000000005,0.824353787,0.9206255415,0.0,1930.0
0.9569044082563949,0.0,0.8154516039999999,0.9252621285,0.0,1930.0
0.8902491508470993,0.0,0.8247821305,0.924706869,0.0,1930.0
0.7526534409839907,0.0,0.8129424763333333,0.9185294976666666,0.0,1930.0
0.6588682995653025,0.0,0.8435456754999999,0.9250229059999999,0.0,1930.0
0.6444439172519701,0.0,0.882311902,0.9309545969999999,0.0,1930.0
0.7195707438039389,0.0,0.9013374985,0.9351766885,0.0,1930.0
0.8828646251597115,0.0,0.89944912,0.937113165,0.0,1930.0
0.9240387456773858,0.018826892,0.899346674,0.937092067,0.0,1930.0
0.9307581707310078,0.2875179265,0.8513740945,0.9334686445,0.0,1930.0
0.9200704121761166,0.4216664055,0.8619184995,0.9359415074999999,0.0,1930.0
0.9166674566389215,0.308593295,0.8404189595,0.9349960315,0.0,1930.0
0.9321101498618953,0.055233385999999995,0.7375100185000001,0.915367832,0.0,1930.0
0.9458288048017783,0.0,0.674280304,0.8503192955000001,0.0,1930.0
0.8794356880204046,0.0,0.615234141,0.778948119,0.0,1930.0
0.7713400552670676,0.0,0.5432264950000001,0.719452049,0.0,1930.0
0.6684511273179108,0.0,0.603054888,0.6117132255,0.0,1930.0
0.625898964174178,0.0,0.6336451953333334,0.7344491903333333,0.0,1930.0
0.6943972711969808,0.0,0.638491951,0.7329051385,0.0,1930.0
0.8684691086316271,0.0,0.623807079,0.781313546,0.0,1930.0
0.9158260750881605,0.017959699,0.594314743,0.830901193,0.0,1930.0
0.9195434922138879,0.2400479375,0.5181733175000001,0.7888830665,0.0,1930.0
0.9176099917499689,0.361231591,0.5550440015,0.8200431195,0.0,1930.0
0.9164557138454739,0.302576405,0.5772718975,0.8163064275,0.0,1930.0
0.9350320221135724,0.0796965575,0.5726578605,0.793763912,0.0,1930.0
0.950379822310597,0.0,0.5766117900000001,0.828596256,0.0,1930.0
0.8866508195675002,0.0,0.5933575035,0.8598026080000001,0.0,1930.0
0.80420705953374,0.0,0.545566257,0.81932839,0.0,1930.0
0.7265455571879345,0.0,0.584028515,0.828741969,0.0,1930.0
0.6596658568358958,0.0,0.5982419885,0.8495668574999999,0.0,1930.0
0.650660168069273,0.0,0.6176938985,0.853793163,0.0,1930.0
0.7330208631698836,0.0,0.6242524620000001,0.8428841149999999,0.0,1930.0
0.8955067231843972,0.0,0.6232637245,0.8276765264999999,0.0,1930.0
0.9389567548818087,0.114672757,0.6003315775,0.795201053,0.0,1930.0
0.9352916585817401,0.3423368075,0.608742653,0.8289988745,0.0,1930.0
0.9243500321273804,0.3710103425,0.6822471320000001,0.869832017,0.0,1930.0
0.9262776298133486,0.2097721215,0.6739158335,0.8781113715,0.0,1930.0
0.9519868915065844,0.002135108666666667,0.5918219210000001,0.8438950613333334,0.0,1930.0
0.8880565057456997,0.0,0.5318420189999999,0.8276426895,0.0,1930.0
0.8047209662592285,0.0,0.503747045,0.818936472,0.0,1930.0
0.7180012084395359,0.0,0.42586012,0.7610640565,0.0,1930.0
0.6385612228486082,0.0,0.31588147050000004,0.6029644945,0.0,1930.0
0.6197593313651946,0.0,0.21288901500000001,0.39874566749999996,0.0,1930.0
0.6311115643789613,0.0,0.1611951865,0.28665178550000003,0.0,1930.0
0.6871020709770801,0.0,0.1576759565,0.2465067165,0.0,1930.0
0.7736072016852376,0.016599037,0.182382393,0.2088942305,0.0,1930.0
0.8019871807503514,0.100493986,0.1918901365,0.240241935,0.0,1930.0
0.802169498722025,0.18061376,0.214439194,0.295996984,0.0,1930.0
0.8013159983929659,0.1735643815,0.238035283,0.3434415035,0.0,1930.0
0.8216599904136053,0.0606003885,0.240769964,0.3728163,0.0,1930.0
0.8362659528513673,0.0,0.1992118515,0.400015081,0.0,1930.0
0.8012715480728597,0.0,0.1604153525,0.3587897245,0.0,1930.0
0.736071212069195,0.0,0.11785442400000001,0.2449371695,0.0,1930.0
0.6620877967907762,0.0,0.168855592,0.25401000149999997,0.0,1930.0
0.6250575751785934,0.0,0.235838465,0.28275109,0.0,1930.0
0.6196325538917071,0.0,0.293570995,0.3595708315,0.0,1930.0
0.6525159699458406,0.0,0.3599104885,0.46125709400000003,0.0,1930.0
0.7071924411822836,0.0,0.435179072,0.542838556,0.0,1930.0
0.7721161028229053,0.011865663,0.5132571610000001,0.601289898,0.0,1930.0
0.7939677842365798,0.037561013500000004,0.602668777,0.6791980044999999,0.0,1930.0
0.7908681554408952,0.0309161445,0.710282557,0.7711541385,0.0,1930.0
0.7833308707453839,0.025356824,0.782885798,0.857888286,0.0,1930.0
0.8018470324186884,0.007104791500000001,0.7833730605,0.8804006925000001,0.0,1930.0
0.8153939677342911,0.0,0.736354726,0.882710424,0.0,1930.0
0.80213475229087,0.0,0.700114267,0.905639734,0.0,1930.0
0.752705299713273,0.0,0.6905018465,0.8310813435,0.0,1930.0
0.6988193201600028,0.0,0.6413534894999999,0.7889606175,0.0,1930.0
0.6384679397263986,0.0,0.600374268,0.809263164,0.0,1930.0
0.6258187538472972,0.0,0.5774280865,0.757724156,0.0,1930.0
0.6904336331976786,0.0,0.5932071915,0.7548768045,0.0,1930.0
0.8546232291239869,0.0,0.63856912,0.7685539925,0.0,1930.0
0.9075844269738582,0.0880928705,0.649451322,0.7763048155,0.0,1930.0
0.9027849078438933,0.3197739855,0.6573630914999999,0.791738241,0.0,1930.0
0.8976537552236966,0.296600301,0.703166362,0.80362976,0.0,1930.0
0.8964812320133903,0.2341593275,0.653110328,0.8012599645,0.0,1930.0
0.911488410276529,0.06942240549999999,0.6043602065,0.7437462610000001,0.0,1930.0
0.9249721133991103,0.0,0.6017720035,0.722392368,0.0,1930.0
0.8713260047122433,0.0,0.6259439665,0.7529428345,0.0,1930.0
0.7706792700444113,0.0,0.6753751729999999,0.7861278505,0.0,1930.0
0.6692946776739861,0.0,0.739392874,0.818235653,0.0,1930.0
0.6257635859276691,0.0,0.7730169293333334,0.8706321803333332,0.0,1930.0
0.6812373311265548,0.0,0.8085326260000001,0.9107133055,0.0,1930.0
0.8322953387374787,0.0,0.8278277064999999,0.9261737354999999,0.0,1930.0
0.8775252624385637,0.003177201,0.842717778,0.927160716,0.0,1930.0
0.8797001541997906,0.043751147500000004,0.8536583295,0.9320444185000001,0.0,1930.0
0.8736494518777898,0.1456492205,0.8871884315,0.9354208079999999,0.0,1930.0
0.8729246966148684,0.1957997905,0.8766362585,0.9361504625,0.0,1930.0
0.8819804925979426,0.07316892800000001,0.8598871425000001,0.935708451,0.0,1930.0
0.8950129844860011,0.0,0.868796951,0.9332712464999999,0.0,1930.0
0.862176567783097,0.0,0.856847545,0.930889579,0.0,1930.0
0.7960253342646697,0.0,0.832144668,0.926384188,0.0,1930.0
0.7161157804610544,0.0,0.818014041,0.9188738944999999,0.0,1930.0
0.6363980249709291,0.0,0.805075275,0.849940964,0.0,1930.0
0.621870476700767,0.0,0.860283956,0.8171459225,0.0,1930.0
0.6777137470453315,0.0,0.9041389595,0.8745916579999999,0.0,1930.0
0.8281054690809764,0.0,0.9200326295000001,0.8759312349999999,0.0,1930.0
0.8843571996490558,0.046201012,0.9169554074999999,0.8823410604999999,0.0,1930.0
0.9009612363639454,0.16325935349999998,0.9119995425,0.8887560035,0.0,1930.0
0.905080048125767,0.253312103,0.9104976665,0.912246012,0.0,1930.0
0.908044492442783,0.25724916,0.89620764,0.918082423,0.0,1930.0
0.9192623012945472,0.09624305050000001,0.8710199869999999,0.920191244,0.0,1930.0
0.9297367966925614,0.0,0.8348020089999999,0.917338643,0.0,1930.0
0.8728235429871061,0.0,0.8132017764999999,0.9221498915,0.0,1930.0
0.7949551274241199,0.0,0.803468737,0.924773731,0.0,1930.0
0.719043958050962,0.0,0.797083156,0.920430893,0.0,1930.0
0.644908052182923,0.0,0.7817719734999999,0.9122126305,0.0,1930.0
0.6318388910074765,0.0,0.756870207,0.9030039165,0.0,1930.0
0.7020011642342877,0.0,0.7092951885,0.8859201125,0.0,1930.0
0.8720647121368612,0.0,0.6509042075,0.8539688805000001,0.0,1930.0
0.9109522783235118,0.037733636,0.611427029,0.832268082,0.0,1930.0
0.9144856334320499,0.262323388,0.5492101075,0.8090470670000001,0.0,1930.0
0.9079882364318238,0.3965482535,0.5557743575,0.7588254080000001,0.0,1930.0
0.9034833684847337,0.297099497,0.5125720995,0.6859373185,0.0,1930.0
0.922186320017068,0.0932794635,0.4695565895,0.6457929565,0.0,1930.0
0.9320960188220053,0.0,0.4434879115,0.6360567855,0.0,1930.0
0.8755141749921715,0.0,0.4275631255,0.6057006265,0.0,1930.0
0.7976523779223365,0.0,0.416619572,0.584295785,0.0,1930.0
0.7226723403272252,0.0,0.40193075300000003,0.588161908,0.0,1930.0
0.6542692318380414,0.0,0.3683254455,0.5630327294999999,0.0,1930.0
0.6466254721078141,0.0,0.3321035485,0.491891193,0.0,1930.0
0.7249818352635993,0.0,0.28576230950000003,0.4059526665,0.0,1930.0
0.8851031068703463,0.0,0.2306826865,0.329947184,0.0,1930.0
0.9269474258816051,0.038735985,0.182172951,0.275207459,0.0,1930.0
0.9296782151976137,0.286936362,0.1305842525,0.20293240950000002,0.0,1930.0
0.9173365371269292,0.4253292955,0.13256385399999998,0.212269147,0.0,1930.0
0.9136487685050623,0.2601252555,0.1703177195,0.226762935,0.0,1930.0
0.9275373096183515,0.054082568,0.243119546,0.26310044099999996,0.0,1930.0
0.9416468055833527,0.0,0.3348102485,0.3201054935,0.0,1930.0
0.8809974871559827,0.0,0.4246837435,0.39392931600000003,0.0,1930.0
0.7754269378449334,0.0,0.5200450945,0.4870739145,0.0,1930.0
0.6603951509895857,0.0,0.583221898,0.5578802654999999,0.0,1930.0
0.6138818242944861,0.0,0.6387605525,0.650777438,0.0,1930.0
0.6098095869891436,0.0,0.706087447,0.7226314730000001,0.0,1930.0
0.6393364430843675,0.0,0.7918274635,0.799003805,0.0,1930.0
0.7121701194165353,0.003693984,0.8681777985,0.8834689975,0.0,1930.0
0.7623335839167835,0.0287802655,0.8818142525,0.9159907885,0.0,1930.0
0.7621918258163327,0.0593378075,0.9005512945,0.9308574385,0.0,1930.0
0.7588749984085676,0.0870669725,0.9052317160000001,0.933119125,0.0,1930.0
0.7700887378657797,0.034426076,0.898678536,0.9307705395,0.0,1930.0
0.7832878961872413,0.0,0.88279372,0.9178368745000001,0.0,1930.0
0.7662220498904355,0.0,0.860035809,0.9002367785000001,0.0,1930.0
0.7084442653263974,0.0,0.8282875283333334,0.880791426,0.0,1930.0
0.6208123885710396,0.0,0.8047507645,0.878022694,0.0,1930.0
0.5949436750632445,0.0,0.7965038085,0.8542374785,0.0,1930.0
0.6076976814043809,0.0,0.7691657525,0.846075694,0.0,1930.0
0.6537685170925349,0.0,0.764344058,0.842940763,0.0,1930.0
0.7303336744519562,0.03347529,0.7665646835,0.855822361,0.0,1930.0
0.750463687667994,0.089012015,0.7841848265,0.8856921010000001,0.0,1930.0
0.7450407681830098,0.126422342,0.7923365565,0.8920584540000001,0.0,1930.0
0.7430838574150971,0.109264014,0.775597012,0.885103277,0.0,1930.0
0.7566241297035585,0.0411460795,0.7667341795,0.885345638,0.0,1930.0
0.7755520606782642,0.0,0.7914978295,0.8854116085,0.0,1930.0
0.7634534732139859,0.0,0.8290696585,0.879733248,0.0,1930.0
0.712894218792748,0.0,0.8590845246666667,0.9081375146666667,0.0,1930.0
0.636328711054288,0.0,0.8628707095,0.926578022,0.0,1930.0
0.621880381869858,0.0,0.8298305315000001,0.9241693975,0.0,1930.0
0.6782937256804629,0.0,0.8042778275,0.9065526175,0.0,1930.0
0.8351412787143152,0.0,0.779431369,0.9063010810000001,0.0,1930.0
0.8832456727555684,0.01330464,0.75712301,0.914234442,0.0,1930.0
0.8939096857869773,0.17669662549999998,0.7325340645,0.898621122,0.0,1930.0
0.8968011046166622,0.3032076165,0.7331796505,0.8838128455,0.0,1930.0
0.8966372106940412,0.3361169815,0.6598219195,0.827036366,0.0,1930.0
0.914908984944645,0.1479246335,0.51478768,0.7429658965,0.0,1930.0
0.9343929030144429,0.0,0.428391011,0.6383401055,0.0,1930.0
0.8829328658071931,0.0,0.41020362050000003,0.5542997915000001,0.0,1930.0
0.8012484731907817,0.0,0.390772678,0.50056177,0.0,1930.0
0.7248614526011766,0.0,0.374638821,0.464341329,0.0,1930.0
0.6594860878278695,0.0,0.3780117875,0.424091155,0.0,1930.0
0.6501233876743705,0.0,0.37399837449999995,0.41009946249999996,0.0,1930.0
0.7359733229853291,0.0,0.4011391935,0.40452411499999996,0.0,1930.0
0.8953673797708661,0.0,0.4417043625,0.405941233,0.0,1930.0
0.9326283048601294,0.052521306,0.464906443,0.422342585,0.0,1930.0
0.9353597651549213,0.248977285,0.4477255135,0.41633683,0.0,1930.0
0.9179934094987556,0.342259029,0.5011250005,0.47840015999999996,0.0,1930.0
0.9135917075084954,0.19035001899999998,0.5351831055,0.5361059945,0.0,1930.0
0.9271250482838362,0.0349947635,0.595762334,0.6154680775000001,0.0,1930.0
0.936941150879119,0.0,0.6843230745,0.708219134,0.0,1930.0
0.9056971208080852,0.0,0.749197915,0.803650795,0.0,1930.0
0.8183656117805038,0.0,0.7913484835,0.8734003895,0.0,1930.0
0.7177910754823518,0.0,0.825734775,0.917164828,0.0,1930.0
0.6384695048937208,0.0,0.8541184455,0.9278046575000001,0.0,1930.0
0.6278083539134044,0.0,0.8656205644999999,0.935292705,0.0,1930.0
0.694899059211647,0.0,0.8671765905,0.9361669465,0.0,1930.0
0.8618476173308125,0.0,0.861640124,0.9349826135,0.0,1930.0
0.9102588708735488,0.027060723,0.852502169,0.934636806,0.0,1930.0
0.9238786975347066,0.255303304,0.829943747,0.9293798615,0.0,1930.0
0.9255972354651745,0.364860472,0.8420438485,0.9323049655,0.0,1930.0
0.9229464030146657,0.32924492549999995,0.8417488755,0.9252593794999999,0.0,1930.0
0.9382424637570287,0.1347938455,0.811090537,0.9215001205,0.0,1930.0
0.9512702602105964,0.0,0.7987915185000001,0.9236624545000001,0.0,1930.0
0.8859867922028941,0.0,0.8138852715,0.9243904405000001,0.0,1930.0
0.7786634058943945,0.0,0.8003995245,0.911362794,0.0,1930.0
0.6934656250513495,0.0,0.8118312015,0.91021727,0.0,1563.0
0.6616241612477934,0.0,0.8351067286666667,0.9139157906666666,0.0,1563.0
0.756241516805428,0.0,0.855026603,0.906782285,0.0,1563.0
0.9228626897071069,0.0,0.8645674765,0.9066062800000001,0.0,1563.0
0.9531314506324814,0.094436258,0.868066369,0.89919762,0.0,1563.0
0.9527308608470433,0.376772932,0.8340775439999999,0.8954080385000001,0.0,1563.0
0.9461106664974748,0.503413688,0.8661132915,0.9060868295,0.0,1563.0
0.9435315179815855,0.4253351525,0.877726441,0.9158325005,0.0,1563.0
0.9563930951634954,0.17626084050000002,0.8752141065,0.921025641,0.0,1563.0
0.970804307898792,0.0,0.86371577,0.921357038,0.0,1563.0
0.9068742052436306,0.0,0.8501081955,0.9135012204999999,0.0,1563.0
0.803645661491384,0.0,0.8021834409999999,0.912549962,0.0,1563.0
0.6932012707467444,0.0,0.7895651539999999,0.910022738,0.0,1563.0
0.662634840111156,0.0,0.734693934,0.9017285079999999,0.0,1563.0
0.6764244188039439,0.0,0.669697996,0.8825695265,0.0,1563.0
0.8196770311076442,0.0,0.60290221,0.850826836,0.0,1563.0
0.9241481721685527,0.0,0.5270579925,0.798404706,0.0,1563.0
0.9555453636055624,0.08775199,0.438074604,0.724819091,0.0,1563.0
0.9538355905716134,0.374716191,0.31360829749999997,0.6173995375,0.0,1563.0
0.94563347366084,0.535118026,0.28270110400000004,0.521483405,0.0,1563.0
0.9425785634688137,0.33231362600000003,0.22088120649999998,0.44231995,0.0,1563.0
0.9554760944253387,0.101662558,0.1927363955,0.3826554205,0.0,1563.0
0.970711650816521,0.0,0.20983467150000001,0.3130468375,0.0,1563.0
0.9084594369501974,0.0,0.2405277,0.2539326545,0.0,1563.0
0.8043673311560782,0.0,0.2651656545,0.28508868249999997,0.0,1563.0
0.6754103114981065,0.0,0.28674232050000004,0.3018780765,0.0,1563.0
0.6400937311017609,0.0,0.298019798,0.362121676,0.0,1563.0
0.6363033108231733,0.0,0.30939722199999997,0.37409956749999995,0.0,1563.0
0.6861474394896809,0.0,0.3297721895,0.429822849,0.0,1563.0
0.7847599895620478,0.0073823025,0.3520218625,0.480598022,0.0,1563.0
0.8363781967246853,0.1264446775,0.379615006,0.5033675275,0.0,1563.0
0.836165917229182,0.2217206605,0.4186854295,0.529911121,0.0,1563.0
0.8320974140314275,0.210000427,0.4454960265,0.562601863,0.0,1563.0
0.8444919495623505,0.157706481,0.463167066,0.578598612,0.0,1563.0
0.8727347317522527,0.0342526915,0.463465104,0.5920959775000001,0.0,1563.0
0.847257291541674,0.0,0.4553658286666667,0.6427590203333333,0.0,1563.0
0.7614829009698753,0.0,0.4429442295,0.6557748889999999,0.0,1563.0
0.6754493061345314,0.0,0.43156039999999996,0.650503787,0.0,1563.0
0.6405403363746274,0.0,0.4193288825,0.6410819945,0.0,1563.0
0.6372258567178457,0.0,0.38036682,0.6199867210000001,0.0,1563.0
0.6883146844274416,0.0,0.357950705,0.593819393,0.0,1563.0
0.7859829553432456,0.0461927025,0.32632252900000003,0.544004911,0.0,1563.0
0.8336390002010683,0.3961471865,0.2218295065,0.4580803595,0.0,1563.0
0.826600596867665,0.527703423,0.2330140375,0.447673598,0.0,1563.0
0.8214590247782683,0.3926925925,0.215432254,0.4371666745,0.0,1563.0
0.8531447410055911,0.170448683,0.177726461,0.4363276515,0.0,1563.0
0.8745489676268015,0.0,0.1729953655,0.4419950375,0.0,1563.0
0.8376545565332256,0.0,0.169344392,0.4418589055,0.0,1563.0
0.7472289637540159,0.0,0.16040727800000001,0.40081572866666665,0.0,1563.0
0.6812384491321317,0.0,0.18108703199999998,0.415403855,0.0,1563.0
0.6693909569215885,0.0,0.19098374,0.424054396,0.0,1563.0
0.7086611806753109,0.0,0.191537571,0.426140777,0.0,1563.0
0.879817808952897,0.0,0.196793438,0.42130749349999996,0.0,1563.0
0.9604823032253493,0.0,0.205191886,0.411751058,0.0,1563.0
0.9703448236659128,0.2237410045,0.21326911199999998,0.405264048,0.0,1563.0
0.9691751625066989,0.49100540649999996,0.217935254,0.389595007,0.0,1563.0
0.9653167922661283,0.46009263899999997,0.2455143375,0.37307041500000004,0.0,1563.0
0.9651977959603105,0.304026092,0.237194303,0.358755272,0.0,1563.0
0.9775572272362161,0.133998215,0.226833325,0.37072401099999996,0.0,1563.0
0.9884421057139783,0.0,0.245767,0.3723410575,0.0,1563.0
0.9170346415459163,0.0,0.236410789,0.35895886,0.0,1563.0
0.8141578099731113,0.0,0.197371166,0.33149921400000004,0.0,1563.0
0.7036039031969943,0.0,0.241818042,0.3376389635,0.0,1563.0
0.6796974592006432,0.0,0.3407602056666666,0.34118960433333334,0.0,1563.0
0.7753961490685012,0.0,0.4237068525,0.414329672,0.0,1563.0
0.942457778381063,0.0,0.441544625,0.4669920085,0.0,1563.0
0.9710194493104363,0.090088375,0.440913164,0.514882486,0.0,1563.0
0.9760167590046764,0.339043754,0.404846929,0.534947462,0.0,1563.0
0.971748721197131,0.48748260050000003,0.48731338,0.6044751315,0.0,1563.0
0.9692637054580004,0.414416914,0.514875561,0.6641179454999999,0.0,1563.0
0.9807539850690036,0.1966413975,0.501038455,0.6908365215000001,0.0,1563.0
0.9920485311137406,0.0,0.465851442,0.6959407405,0.0,1563.0
0.919112583283185,0.0,0.4569115545,0.702887862,0.0,1563.0
0.8373848136833031,0.0,0.400526123,0.640327988,0.0,1563.0
0.7620062210337679,0.0,0.397595074,0.5999347765,0.0,1563.0
0.6962452025679959,0.0,0.3924159775,0.58956825,0.0,1563.0
0.6887962148747049,0.0,0.343770609,0.5651802065,0.0,1563.0
0.7303357761863825,0.0,0.287102222,0.5135168,0.0,1563.0
0.8921893144056351,0.0,0.25902274000000003,0.4790338315,0.0,1563.0
0.9729275049417746,0.074325863,0.245061221,0.45390278100000003,0.0,1563.0
0.9760507005176995,0.351993138,0.2218113405,0.384958041,0.0,1563.0
0.9678904403619192,0.41427635799999996,0.283755726,0.35730053149999996,0.0,1563.0
0.9633554767492234,0.298716565,0.3754603305,0.3577025485,0.0,1563.0
0.9772510833824577,0.10340278900000001,0.449956618,0.425634061,0.0,1563.0
0.9873697076661676,0.0,0.506743806,0.501979588,0.0,1563.0
0.9146067315397699,0.0,0.5265874905,0.5207742129999999,0.0,1563.0
0.8110043845223288,0.0,0.4894777825,0.4715743625,0.0,1563.0
0.6982923554613567,0.0,0.45430408899999997,0.4794558665,0.0,1563.0
0.6738033242626542,0.0,0.44340638,0.5181379365000001,0.0,1563.0
0.6878671400946672,0.0,0.4129949995,0.5484923715000001,0.0,1563.0
0.8710371221655433,0.0,0.3841908095,0.5709401080000001,0.0,1563.0
0.9515049884132876,0.0208473385,0.3819692615,0.5958471755,0.0,1563.0
0.9532558578855633,0.1164653215,0.3985056465,0.6033362615,0.0,1563.0
0.9448344854996519,0.150713038,0.4328082445,0.6217709425,0.0,1563.0
0.9412749251743915,0.12490312649999999,0.501418715,0.6494183305000001,0.0,1563.0
0.9515877178570454,0.05318357,0.5639268415,0.6935205605,0.0,1563.0
0.9597907738952025,0.0,0.591076293,0.768193394,0.0,1563.0
0.897049516697498,0.0,0.641215181,0.7875737185,0.0,1563.0
0.7977782161334889,0.0,0.680266487,0.7535790360000001,0.0,1563.0
0.6891243156724401,0.0,0.658857962,0.807738811,0.0,1563.0
0.6580651972731446,0.0,0.6447426215000001,0.8768852285,0.0,1563.0
0.6747844515847986,0.0,0.6497760585,0.8872623470000001,0.0,1563.0
0.8615532792353828,0.0,0.6433661785,0.8784546985,0.0,1563.0
0.9533972135606861,0.0399397725,0.628818552,0.8700016095,0.0,1563.0
0.9670059500437638,0.3684829205,0.553520633,0.826679085,0.0,1563.0
0.9623762723507878,0.574258428,0.602542955,0.8075599695,0.0,1563.0
0.9526842193871521,0.512678384,0.5798791105000001,0.811315879,0.0,1563.0
0.9672056635992236,0.262490008,0.49016387850000004,0.783784681,0.0,1563.0
0.9822921279515066,0.0006465945,0.462349078,0.731113214,0.0,1563.0
0.9136337877431475,0.0,0.48467492749999996,0.6874554854999999,0.0,1563.0
0.8301433429126607,0.0,0.545254608,0.660931781,0.0,1563.0
0.7399858161212056,0.0,0.58620338,0.6899449485,0.0,1563.0
0.6539723074198949,0.0,0.671926277,0.7119380126666667,0.0,1563.0
0.6430338261898269,0.0,0.7546811959999999,0.6975228714999999,0.0,1563.0
0.6878342719182795,0.0,0.7981189664999999,0.7226866175,0.0,1563.0
0.7794584588702822,0.015560742,0.7876450690000001,0.807816058,0.0,1563.0
0.8166083475646387,0.09726229049999999,0.7187307575,0.8711757075,0.0,1563.0
0.8135543316961031,0.17497085499999998,0.6639235205,0.8443859215,0.0,1563.0
0.806659609454335,0.1951287895,0.6546042935,0.800172125,0.0,1563.0
0.8126461851923484,0.124893984,0.585641006,0.782699119,0.0,1563.0
0.8340188404534654,0.0232781505,0.5339925649999999,0.791170463,0.0,1563.0
0.8176758712997653,0.0,0.5794054059999999,0.800937305,0.0,1563.0
0.7507915201821773,0.0,0.6679519325000001,0.8548276705,0.0,1563.0
0.6707413261487365,0.0,0.7561726545,0.896149188,0.0,1563.0
0.6332660644984851,0.0,0.746018457,0.8985701850000001,0.0,1563.0
0.6342424516497214,0.0,0.73809083,0.90646112,0.0,1563.0
0.6838347695497209,0.0,0.7274996165000001,0.9157703405,0.0,1563.0
0.7848311816659804,0.0815910665,0.7209975024999999,0.917197016,0.0,1563.0
0.8342584430363165,0.40791988199999996,0.725811934,0.9190402360000001,0.0,1563.0
0.8332761977085952,0.5353973025000001,0.7795802135000001,0.926456301,0.0,1563.0
0.8317200779387848,0.4673913475,0.779683119,0.928985465,0.0,1563.0
0.8492264029809441,0.298544747,0.794107326,0.932249973,0.0,1563.0
0.8764336800250341,0.080419856,0.7714019065,0.9282705520000001,0.0,1563.0
0.866035877151051,0.0,0.7184583955,0.9201016694999999,0.0,1563.0
0.8042517781373981,0.0,0.6623362335,0.8870941765,0.0,1563.0
0.7309982160491955,0.0,0.6378623404999999,0.8680170309999999,0.0,1563.0
0.6889991034337506,0.0,0.629086432,0.8601414935,0.0,1563.0
0.6820887519881826,0.0,0.607539526,0.835761474,0.0,1563.0
0.7212637920304577,0.0,0.593674467,0.808135167,0.0,1563.0
0.888301250924787,0.0,0.5733030139999999,0.7705788095,0.0,1563.0
0.9667392032517581,0.099313944,0.5592634265,0.731996769,0.0,1563.0
0.9688813162419561,0.45735110049999994,0.513281347,0.656202701,0.0,1563.0
0.9548443540010748,0.6492921405000001,0.634589531,0.694617806,0.0,1563.0
0.94587316564905,0.5153185535,0.641813866,0.730140619,0.0,1563.0
0.9617215018483392,0.219075783,0.6359884735000001,0.7759777535,0.0,1563.0
0.9799130060785222,0.0005132025,0.6989923915,0.832501811,0.0,1563.0
0.909769156833288,0.0,0.7745746090000001,0.87737632,0.0,1563.0
0.8042579045974353,0.0,0.8175015565,0.9070323065,0.0,1563.0
0.6931970672104161,0.0,0.8181388935,0.9061569575,0.0,1563.0
0.6630866103822053,0.0,0.82859101,0.9066859325000001,0.0,1563.0
0.6760516664734384,0.0,0.7993650155,0.9127973540000001,0.0,1563.0
0.8601320308567958,0.0,0.7430261535,0.8656834035000001,0.0,1563.0
0.9481942427291423,0.037608469000000005,0.672104344,0.821511721,0.0,1563.0
0.962659743882748,0.219000179,0.542258531,0.8386660865,0.0,1563.0
0.9619817643564454,0.36969345600000003,0.5340316145,0.835895636,0.0,1563.0
0.9592844245203457,0.4228583495,0.47431155199999997,0.7887850064999999,0.0,1563.0
0.970705166667573,0.261103489,0.4124268095,0.6865339345000001,0.0,1563.0
0.9823753493609029,0.0014960355,0.4058080105,0.580268375,0.0,1563.0
0.9133520602567028,0.0,0.4466476045,0.5270639025,0.0,1563.0
0.8310518471053262,0.0,0.487321344,0.544368841,0.0,1563.0
0.7499429389696952,0.0,0.519823812,0.6029387454999999,0.0,1563.0
0.6818472265490986,0.0,0.5851253795,0.6648108374999999,0.0,1563.0
0.6717090378088124,0.0,0.6687717675,0.718022576,0.0,1563.0
0.7090446878294565,0.0,0.745833861,0.755053269,0.0,1563.0
0.871751502695682,0.0,0.812620396,0.8010148595,0.0,1563.0
0.9529809723044531,0.029519418999999998,0.8739952765,0.832211786,0.0,1563.0
0.9537336320257194,0.1170729345,0.8881426265,0.8756031945,0.0,1563.0
0.9458795157236977,0.131290244,0.9074814065,0.9256895115,0.0,1563.0
0.9437985331246188,0.165282556,0.8917937225,0.9306974295,0.0,1563.0
0.9551781786985677,0.1150666365,0.8453566415,0.9194675539999999,0.0,1563.0
0.9649064985917393,0.001786057,0.7988633430000001,0.8844863789999999,0.0,1563.0
0.897953683279535,0.0,0.775035965,0.873809684,0.0,1563.0
0.7965186258013204,0.0,0.750114858,0.8897634915,0.0,1563.0
0.6853125869592366,0.0,0.782282951,0.9101077865,0.0,1563.0
0.6508056750994832,0.0,0.8018538446666666,0.904963675,0.0,1563.0
0.7353275184571118,0.0,0.824861326,0.894458413,0.0,1563.0
0.9110089368947506,0.001630681,0.829501043,0.8942857305,0.0,1563.0
0.943946059996196,0.234543088,0.829527492,0.889858576,0.0,1563.0
0.9460030286532888,0.497512753,0.819252817,0.8561363774999999,0.0,1563.0
0.9433200434716897,0.6395887775,0.879592149,0.8481191175,0.0,1563.0
0.9399101118873842,0.5729601360000001,0.8744583164999999,0.8575716645,0.0,1563.0
0.954811754108239,0.323438282,0.8280007075,0.8653589660000001,0.0,1563.0
0.9748834094439398,0.0028465235,0.7705906275000001,0.8642330035,0.0,1563.0
0.9098380235881838,0.0,0.7407615175,0.8589669295,0.0,1563.0
0.8060317594789546,0.0,0.7009900545000001,0.849823437,0.0,1563.0
0.6959483824448555,0.0,0.677371079,0.8291743695,0.0,1563.0
0.6706609667229568,0.0,0.644513707,0.7732620425000001,0.0,1563.0
0.6903562252283502,0.0,0.5826623285,0.6964550585,0.0,1563.0
0.8776168015152578,0.0,0.5559838615,0.6079688335,0.0,1563.0
0.9594102181300325,0.110459718,0.5387484419999999,0.5492658435,0.0,1563.0
0.952981508939033,0.411550635,0.49136871849999997,0.49851712,0.0,1563.0
0.9405512431806297,0.5215110985,0.5617177744999999,0.5414928084999999,0.0,1563.0
0.9270556002928949,0.37224373600000005,0.5698892289999999,0.5486533060000001,0.0,1563.0
0.9471992526506602,0.12941723049999998,0.5404347585,0.5632788445,0.0,1563.0
0.966689744409716,0.001013581,0.5369018809999999,0.6041364575,0.0,1563.0
0.9050925246604518,0.0,0.560500768,0.645149772,0.0,1563.0
0.8240080328921346,0.0,0.55629614,0.672293404,0.0,1563.0
0.7358595586811061,0.0,0.515576493,0.6283864705,0.0,1563.0
0.653276365895932,0.0,0.4564820045,0.555836022,0.0,1563.0
0.6411404607023805,0.0,0.4229720515,0.4765741,0.0,1563.0
0.6549163778514945,0.0,0.386977664,0.3852996145,0.0,1563.0
0.737335900396134,0.0025581275,0.3379397885,0.328917577,0.0,1563.0
0.8061330025120756,0.170699448,0.276878765,0.294022589,0.0,1563.0
0.8169425300185182,0.35987836949999996,0.221879848,0.25950675050000005,0.0,1563.0
0.8084533193429777,0.4676305455,0.2477719765,0.286752451,0.0,1563.0
0.7975331579344322,0.400192832,0.2236134715,0.2871912675,0.0,1563.0
0.8036233916623894,0.280526404,0.190597641,0.268428377,0.0,1563.0
0.8474619837048238,0.08663048799999999,0.173788063,0.254287359,0.0,1563.0
0.839134445965349,0.0,0.16365619533333334,0.239537479,0.0,1563.0
0.7608583825418032,0.0,0.1555357765,0.26092009,0.0,1563.0
0.6756868740538442,0.0,0.1495929225,0.263709556,0.0,1563.0
0.6398827261555571,0.0,0.1706386325,0.282016052,0.0,1563.0
0.6351438455185487,0.0,0.1932917385,0.308796189,0.0,1563.0
0.6800627957221326,0.0,0.20850992499999998,0.34960859349999995,0.0,1563.0
0.7727492742727153,0.029065723499999998,0.2399334375,0.38916788150000003,0.0,1563.0
0.811787721212722,0.1072773555,0.24844505699999997,0.3672446405,0.0,1563.0
0.8053760945855395,0.135126285,0.257973838,0.347991256,0.0,1563.0
0.7985542637568024,0.088356031,0.2597266735,0.3341031335,0.0,1563.0
0.8048517235869581,0.037215416,0.259287843,0.337844289,0.0,1563.0
0.8322758861556836,0.008695793,0.28340929449999996,0.3651157055,0.0,1563.0
0.8222023531891413,0.0,0.300421151,0.40717312933333333,0.0,1563.0
0.751383416315467,0.0,0.24516582850000002,0.3622911585,0.0,1563.0
0.6822719866852935,0.0,0.227957215,0.392099121,0.0,1563.0
0.6481392656264156,0.0,0.22908077,0.415553275,0.0,1563.0
0.6608291902549328,0.0,0.227935005,0.39686109599999997,0.0,1563.0
0.8102676446903609,0.0,0.21213263,0.38565425350000004,0.0,1563.0
0.9159206550941403,0.0213294165,0.209182689,0.367598763,0.0,1563.0
0.9261602433437943,0.08637004549999999,0.18078864,0.337648759,0.0,1563.0
0.9184252128204249,0.123178576,0.224187793,0.3427191775,0.0,1563.0
0.9066439936647128,0.1045905085,0.242959982,0.3422749935,0.0,1563.0
0.9159877330671033,0.05045452,0.2638176895,0.3340069745,0.0,1563.0
0.9271584978986969,0.0011767155,0.3212176415,0.344457925,0.0,1563.0
0.8862209838384814,0.0,0.3499966125,0.3911534455,0.0,1563.0
0.7927546118846434,0.0,0.39034853049999996,0.47662765949999997,0.0,1563.0
0.6820482145189063,0.0,0.430038389,0.610595563,0.0,1563.0
0.6481232116628167,0.0,0.4687645325,0.6297535945,0.0,1563.0
0.6614732954065761,0.0,0.474347022,0.62898204,0.0,1563.0
0.8293579044203654,0.0,0.502346416,0.639980276,0.0,1563.0
0.9321372046656909,0.102347022,0.5165099615,0.6785806015,0.0,1563.0
0.9417152251090275,0.4162724155,0.458854847,0.6367790794999999,0.0,1563.0
0.9327854015463573,0.5295865755,0.5321497745,0.6382029840000001,0.0,1563.0
0.9229159495926735,0.4498103685,0.513046495,0.683929383,0.0,1563.0
0.9279467088342986,0.307750163,0.449718741,0.654307946,0.0,1563.0
0.9521990666396061,0.09974390649999999,0.369382652,0.5885980485,0.0,1563.0
0.9420407769431154,0.0,0.31326690749999997,0.5292185805,0.0,1563.0
0.8647351903805557,0.0,0.262147207,0.493543875,0.0,1563.0
0.7996933820211894,0.0,0.197916747,0.385073528,0.0,1563.0
0.6914772324636538,0.0,0.1675829035,0.3333733615,0.0,1563.0
0.6624279716303925,0.0,0.13879509299999998,0.2946342575,0.0,1563.0
0.6779073118062835,0.0,0.114514915,0.27394743450000003,0.0,1563.0
0.8641997739403114,0.0,0.086280368,0.23876091,0.0,1563.0
0.9512745531522835,0.09567716750000001,0.07717638,0.20251732449999998,0.0,1563.0
0.9496217516420669,0.350329624,0.06750637000000001,0.17632027249999999,0.0,1563.0
0.9448454862723732,0.4801055485,0.0628030155,0.16219382300000001,0.0,1563.0
0.9419826873463304,0.4243077075,0.07452934450000001,0.1688020785,0.0,1563.0
0.953023455031909,0.21451441599999999,0.086047333,0.19127646399999998,0.0,1563.0
0.9648518523495679,0.006475578,0.137852105,0.231523692,0.0,1563.0
0.9044471450269848,0.0,0.1995124985,0.282353525,0.0,1563.0
0.8040038132183076,0.0,0.2465104965,0.34152179699999996,0.0,1563.0
0.6792667030125294,0.0,0.25263928075,0.37676564925,0.0,1563.0
0.6807976126303916,0.0,0.27622917199999997,0.426089144,0.0,1563.0
0.8665422265259078,0.0,0.3109238325,0.481151338,0.0,1563.0
0.9524999337553525,0.0825099115,0.343963825,0.5492986685,0.0,1563.0
0.9611006727914378,0.251289132,0.373657702,0.569785682,0.0,1563.0
0.96081814025191,0.3202162465,0.427371713,0.5564012810000001,0.0,1563.0
0.9572115807103716,0.30004242999999997,0.4425932725,0.5277565625,0.0,1563.0
0.9573646079345715,0.2021383505,0.38112928199999996,0.5011407295,0.0,1563.0
0.9822661016804533,0.058476226500000006,0.364515331,0.523305738,0.0,1563.0
0.9684747342732083,0.0,0.4223841235,0.5893376969999999,0.0,1563.0
0.8581585966290683,0.0,0.45555638249999997,0.667059071,0.0,1563.0
0.7527055009934129,0.0,0.47304968449999996,0.7034162415,0.0,1563.0
0.6852489075369943,0.0,0.47047836249999997,0.6878991935000001,0.0,1563.0
0.6790495827397858,0.0,0.4605910535,0.6562831145,0.0,1563.0
0.717017666362996,0.0,0.467320034,0.651042221,0.0,1563.0
0.882743169295605,0.0,0.49587556050000003,0.6752019995,0.0,1563.0
0.960341081624527,0.10540678199999999,0.5274615815,0.739291947,0.0,1563.0
0.9678540392906074,0.3533250415,0.590729676,0.7721955659999999,0.0,1563.0
0.9653107552789257,0.40647703700000004,0.62413497,0.7860998564999999,0.0,1563.0
0.961633406058783,0.3574165555,0.635303797,0.7949918185,0.0,1563.0
0.9671080874003753,0.264381657,0.635944611,0.805813718,0.0,1563.0
0.984633194247974,0.09919441050000001,0.6491775835,0.831580075,0.0,1563.0
0.9668145094191847,0.0,0.6971752005,0.86919122,0.0,1563.0
0.8551324404824603,0.0,0.6909003985,0.870828303,0.0,1563.0
0.7399858161212056,0.0,0.6619536925,0.839630455,0.0,1563.0
0.6585187487688434,0.0,0.6535469363333333,0.820362954,0.0,1563.0
0.6583814028397167,0.0,0.627238802,0.809228572,0.0,1563.0
0.7107883129035941,0.0,0.5814523924999999,0.7841821250000001,0.0,1563.0
0.7940917891318093,0.133696923,0.5457365759999999,0.7796822594999999,0.0,1563.0
0.8392125545578034,0.437432971,0.568656796,0.766656911,0.0,1563.0
0.8369952694744793,0.6056302065,0.5349072785,0.7241198255,0.0,1563.0
0.8255902683383571,0.56726959,0.49311603000000004,0.700466493,0.0,1563.0
0.8378462207724153,0.411645971,0.467045414,0.70299769,0.0,1563.0
0.8718741659707241,0.139884976,0.507260898,0.741956142,0.0,1563.0
0.8505573494055912,0.0,0.574532822,0.8134121066666666,0.0,1563.0
0.7662522350288756,0.0,0.548917485,0.85390732,0.0,1563.0
0.6796883216805822,0.0,0.5491434595,0.8314000610000001,0.0,1563.0
0.6552589227765648,0.0,0.5330210264999999,0.80608671,0.0,1563.0
0.660715068261799,0.0,0.5316537275,0.7952599375,0.0,1563.0
0.7114008243606733,0.0,0.5329224275,0.793301735,0.0,1563.0
0.7739464821338874,0.040448762,0.530940898,0.81130779,0.0,1563.0
0.8118770243457382,0.284746484,0.527065185,0.809713511,0.0,1563.0
0.838119049220565,0.522841297,0.5052264959999999,0.7766816169999999,0.0,1563.0
0.8353061116968439,0.681941615,0.4701341965,0.7162987705,0.0,1563.0
0.8288950217042412,0.6675988205000001,0.4414926685,0.6893741760000001,0.0,1563.0
0.8443079769505202,0.50930767,0.438610842,0.688306179,0.0,1563.0
0.8760101496342456,0.1865221295,0.4727115045,0.7325950395,0.0,1563.0
0.8678747530075245,0.0,0.5376406229999999,0.8003809435,0.0,1563.0
0.806673740494225,0.0,0.5469010755,0.8174309945,0.0,1563.0
0.7177669833022426,0.0,0.5445016994999999,0.8306374917500001,0.0,1563.0
0.6926440539737218,0.0,0.5425225014999999,0.8035891909999999,0.0,1563.0
0.7303357761863825,0.0,0.549183429,0.794719888,0.0,1563.0
0.8925359287252578,0.0,0.5451509765,0.794995134,0.0,1563.0
0.9686385387229948,0.048710755,0.536697845,0.804293318,0.0,1563.0
0.9770899620380946,0.38339325,0.5693490535,0.805995462,0.0,1563.0
0.9803775881712202,0.48566606300000004,0.5801511655,0.7666053625,0.0,1563.0
0.9785557948785639,0.36407037,0.5106086940000001,0.6963398315,0.0,1563.0
0.9802896712598574,0.2636989775,0.451479385,0.6494062110000001,0.0,1563.0
0.9959079746234707,0.160833525,0.365456284,0.63142164,0.0,1563.0
0.9967882614052979,0.012778644,0.332846928,0.6419342219999999,0.0,1563.0
0.9228151984577151,0.0,0.34553888899999996,0.6656467005,0.0,1563.0
0.8399077507222232,0.0,0.336812366,0.626004628,0.0,1563.0
0.7652192563772888,0.0,0.3204574845,0.5780805815000001,0.0,1563.0
0.7053461867184203,0.0,0.3285545555,0.4941719725,0.0,1563.0
0.6938048608310579,0.0,0.3541765095,0.4828554185,0.0,1563.0
0.7906307217308342,0.0,0.3580389995,0.541961015,0.0,1563.0
0.9265175901525861,0.0,0.353428656,0.599483259,0.0,1563.0
0.9702772091258456,0.15776159550000002,0.3529513355,0.6285080415,0.0,1563.0
0.982570099130844,0.517264349,0.32764593200000003,0.5972750295,0.0,1563.0
0.9803648433529836,0.6749376835,0.414511015,0.562539062,0.0,1563.0
0.9794542374258919,0.6126005605,0.483493186,0.5472147650000001,0.0,1563.0
0.9905059610802986,0.35075681049999996,0.4815584775,0.5750184570000001,0.0,1563.0
0.9965552325117049,0.032579057,0.4895945545,0.690419945,0.0,1563.0
0.9559272609234442,0.0,0.501673135,0.734620968,0.0,1563.0
0.860665256157255,0.0,0.5108236215,0.735104204,0.0,1563.0
0.7628805825682219,0.0,0.5228428905,0.6838338905000001,0.0,1563.0
0.7039513224347489,0.0,0.545769411,0.696041154,0.0,1563.0
0.6920113297531327,0.0,0.5836912670000001,0.7555158645,0.0,1563.0
0.7874438914690841,0.0,0.6388469415,0.821733563,0.0,1563.0
0.9212480331787662,0.0,0.668854189,0.862354105,0.0,1563.0
0.9659647655321842,0.165766806,0.685985032,0.8965935525,0.0,1563.0
0.9810685361303704,0.4920070275,0.72890029,0.9298846935,0.0,1563.0
0.9819387611319083,0.614065503,0.777629943,0.9250986404999999,0.0,1563.0
0.9806302933286948,0.5470188265,0.7974836750000001,0.921448213,0.0,1563.0
0.9889875839345117,0.3192605765,0.8152244915,0.9306661935,0.0,1563.0
0.9942040150295895,0.027999169,0.799053091,0.9340856325,0.0,1563.0
0.9185381721390402,0.0,0.783704694,0.9313891595,0.0,1563.0
0.8353785559481295,0.0,0.775569878,0.929760222,0.0,1563.0
0.7553170033855809,0.0,0.7936100749999999,0.9286418715,0.0,1467.0
0.6809487616673,0.0,0.808776367,0.9290515145,0.0,1371.0
0.670777503537962,0.0,0.8237609505,0.9304887390000001,0.0,1371.0
0.7471608572258186,0.0,0.8433273225,0.9339069365,0.0,1371.0
0.8839992715367425,0.0,0.856354967,0.93561568,0.0,1371.0
0.95469351791666,0.1055764495,0.861242046,0.9362865465,0.0,1371.0
0.9762367748639562,0.34165057249999997,0.871697467,0.936542355,0.0,1371.0
0.978076768591055,0.36589424849999996,0.904758945,0.936667186,0.0,1371.0
0.9775183667415672,0.264074232,0.915762797,0.935438108,0.0,1371.0
0.980623764308378,0.166828424,0.913780249,0.934994455,0.0,1371.0
0.995183353569801,0.05769667,0.9068779835,0.9304813055,0.0,1371.0
0.9743179867434487,0.0,0.909468109,0.9286375315,0.0,1371.0
0.8859600056826504,0.0,0.908493825,0.927925237,0.0,1371.0
0.8115648881737185,0.0,0.901858839,0.9359042535,0.0,1371.0
0.704673126241219,0.0,0.9046933925,0.9294712935,0.0,1371.0
0.6771773915451794,0.0,0.9027424150000001,0.9227145015,0.0,1371.0
0.690528973385373,0.0,0.9009510955,0.9268419370000001,0.0,1371.0
0.846666349425415,0.0,0.8977095159999999,0.927733037,0.0,1371.0
0.9612748966429485,0.032141154,0.8885266315,0.9276507615,0.0,1371.0
0.9794970331058412,0.109385415,0.8763741469999999,0.9307804879999999,0.0,1371.0
0.9797960221017717,0.1560344355,0.877472603,0.927621593,0.0,1371.0
0.9792500519830758,0.1480828555,0.869879318,0.9226808865,0.0,1371.0
0.9825380805415296,0.099197781,0.856464168,0.913020955,0.0,1371.0
0.9951634538262605,0.036559875500000005,0.8499553200000001,0.9099656135,0.0,1371.0
0.973743083768617,0.0,0.835732981,0.9031892975,0.0,1371.0
0.8593098336717536,0.0,0.7896763010000001,0.8722581385,0.0,1371.0
0.7446115585614053,0.0,0.753715804,0.8378200805,0.0,1371.0
0.6617279010858128,0.0,0.735941019,0.835472535,0.0,1371.0
0.6430043267848654,0.0,0.7247837706666665,0.851043944,0.0,1371.0
0.6706835049029793,0.0,0.7270614095,0.8530994315,0.0,1371.0
0.7281171496178225,0.016901122,0.714004836,0.836179919,0.0,1371.0
0.7898484359076541,0.1141719585,0.7037055775000001,0.8160183560000001,0.0,1371.0
0.814027902232455,0.22785699399999998,0.705750941,0.789816716,0.0,1371.0
0.8115705227355929,0.260781006,0.68423308,0.7678856395,0.0,1371.0
0.8114049741728154,0.204859244,0.676256818,0.76658896,0.0,1371.0
0.8322480711701732,0.120954906,0.6496107680000001,0.757305517,0.0,1371.0
0.8455941301883217,0.0109897435,0.636151625,0.7521174995,0.0,1371.0
0.8087843715971641,0.0,0.614678596,0.7428418029999999,0.0,1371.0
0.7259978431136908,0.0,0.5477127353333334,0.7337027786666667,0.0,1371.0
0.6337458845031527,0.0,0.53059996125,0.7667929907500001,0.0,1371.0
0.6308723643563897,0.0,0.533536689,0.7704832365000001,0.0,1371.0
0.6888399497495137,0.018287323,0.5437114315,0.7794878955,0.0,1371.0
0.7712844699649883,0.1402037525,0.537880977,0.7250530655,0.0,1371.0
0.7907171404782871,0.22827092799999998,0.5550435775,0.6739154835000001,0.0,1371.0
0.787014525303757,0.217230515,0.5293504305000001,0.64712545,0.0,1371.0
0.7898629247714063,0.164511574,0.4682439545,0.609862161,0.0,1371.0
0.8222737539505615,0.061471253999999996,0.412850514,0.5578529050000001,0.0,1371.0
0.8094277538137026,0.0,0.3782053943333333,0.5444960179999999,0.0,1371.0
0.7426059492006408,0.0,0.3137234465,0.5329152635000001,0.0,1371.0
0.6819305150968585,0.0,0.31044931200000003,0.53333561,0.0,1371.0
0.6449963491176675,0.0,0.29107200050000004,0.5092034715,0.0,1371.0
0.6570038446669969,0.0,0.255682851,0.49102393499999997,0.0,1371.0
0.8201212662275809,0.0,0.24054853850000002,0.45269828599999995,0.0,1371.0
0.9340905155352675,0.070590237,0.2192086595,0.422014351,0.0,1371.0
0.9426697895255386,0.1649043505,0.2144457105,0.393324384,0.0,1371.0
0.93763071254914,0.2141635315,0.21237233900000002,0.3602952425,0.0,1371.0
0.935174719273931,0.17509379349999998,0.2252025845,0.37673584250000003,0.0,1371.0
0.940873798889325,0.126127688,0.269901908,0.406817351,0.0,1371.0
0.9587888971074928,0.053983741,0.319804449,0.460786543,0.0,1371.0
0.9471493467143484,0.0,0.36053866349999997,0.49967713750000003,0.0,1371.0
0.8407209147946701,0.0,0.3585658595,0.5107290115,0.0,1371.0
0.7326521131630425,0.0,0.35725880499999996,0.514065803,0.0,1371.0
0.651578085465391,0.0,0.3649988545,0.5101515544999999,0.0,1371.0
0.6401235808182854,0.0,0.3599343575,0.4416105475,0.0,1371.0
0.7189559964706576,0.0,0.3368754695,0.375785385,0.0,1371.0
0.8666587186719714,0.0,0.32038854,0.342975832,0.0,1371.0
0.933094362714791,0.0549246715,0.29777654600000003,0.3247861205,0.0,1371.0
0.9438263928465465,0.177204284,0.25393827,0.27364983,0.0,1371.0
0.9411578965286995,0.29096910600000003,0.24496013249999998,0.2523595035,0.0,1371.0
0.9347233291612151,0.33249738900000003,0.2391659005,0.2243088725,0.0,1371.0
0.9291041171409139,0.308672892,0.218885719,0.186800148,0.0,1371.0
0.9423501405368772,0.1949348575,0.209271867,0.16692894549999998,0.0,1371.0
0.9605843511091265,0.031535417,0.22887633000000002,0.1687766225,0.0,1371.0
0.9030403855121498,0.0,0.252836175,0.1852325225,0.0,1371.0
0.8185055812339734,0.0,0.252403695,0.20942262,0.0,1371.0
0.7362451676371535,0.0,0.255849979,0.235917189,0.0,1371.0
0.656308782644353,0.0,0.25758928449999996,0.27009895100000003,0.0,1371.0
0.6431059574211431,0.0,0.2762168015,0.29045043800000003,0.0,1371.0
0.7203800396944975,0.0,0.2925225355,0.31120000400000003,0.0,1371.0
0.8688074499528933,0.0,0.295694746,0.326105751,0.0,1371.0
0.9384939615035675,0.1455930105,0.28438524200000004,0.337276231,0.0,1371.0
0.9417898158311565,0.438759057,0.29157622549999995,0.400547879,0.0,1371.0
0.9322446188277906,0.600380744,0.35289721350000003,0.44334961100000003,0.0,1371.0
0.9260236278395797,0.564395543,0.3981209285,0.493504363,0.0,1371.0
0.9304313668845184,0.439819764,0.383527835,0.521714704,0.0,1371.0
0.9538716784880044,0.191619025,0.33949712200000004,0.542631611,0.0,1371.0
0.9538645235627008,0.0,0.3391811095,0.558401619,0.0,1371.0
0.8480896548020109,0.0,0.33690219,0.5960060954999999,0.0,1371.0
0.7156129788482769,0.0,0.3335753506666666,0.5554680843333334,0.0,1371.0
0.6453463173190693,0.0,0.384899099,0.5718862436666666,0.0,1371.0
0.7199116788252697,0.0,0.4031907935,0.5755880375,0.0,1371.0
0.8687678292765297,0.0,0.410698814,0.569576323,0.0,1371.0
0.9363118700131436,0.16577170800000002,0.39782328499999997,0.5687848074999999,0.0,1371.0
0.949364440522936,0.45199222250000004,0.35400025,0.5147237145,0.0,1371.0
0.9401878593846352,0.574670545,0.398443273,0.58026351,0.0,1371.0
0.9279625839871798,0.552570279,0.414493284,0.6247710245,0.0,1371.0
0.9271763853806456,0.423529706,0.386176323,0.613896188,0.0,1371.0
0.9502126639790315,0.2139940505,0.3347878985,0.589751712,0.0,1371.0
0.9426372343691201,0.0,0.2997899595,0.5483531035,0.0,1371.0
0.8427434501080528,0.0,0.284281626,0.4953718345,0.0,1371.0
0.7360792614529409,0.0,0.280488626,0.4243343145,0.0,1371.0
0.6615412677705055,0.0,0.2572077875,0.38276652499999997,0.0,1371.0
0.6542436080597918,0.0,0.22535518100000002,0.318203275,0.0,1371.0
0.7399839602683849,0.0,0.204673161,0.272600011,0.0,1371.0
0.8807420541566676,0.001146082,0.20986051,0.276153309,0.0,1371.0
0.9420760599413747,0.20487507649999998,0.216499673,0.31634570549999996,0.0,1371.0
0.947058657157252,0.389387976,0.201822931,0.331012142,0.0,1371.0
0.9400566996315776,0.46466947049999996,0.251323813,0.36044184300000004,0.0,1371.0
0.9343464851016865,0.401705262,0.2861974335,0.3836766495,0.0,1371.0
0.9377809672625577,0.23777222600000003,0.31866883700000004,0.445736063,0.0,1371.0
0.9565276982711666,0.06917559749999999,0.38814361799999997,0.5654815285,0.0,1371.0
0.9410656419392323,0.0,0.44951585250000003,0.657966947,0.0,1371.0
0.8381507547224345,0.0,0.460231485,0.709255647,0.0,1371.0
0.7219181825095247,0.0,0.454404284,0.729254565,0.0,1371.0
0.6229387382156617,0.0,0.4681023915,0.7576212805,0.0,1371.0
0.5969034700817688,0.0,0.498568628,0.7539981225,0.0,1371.0
0.6094203335332941,0.0,0.5544574785,0.784461855,0.0,1371.0
0.6598253458745729,0.01517792,0.58460519,0.802125517,0.0,1371.0
0.7247908418007655,0.071412285,0.59151149,0.804494942,0.0,1371.0
0.7573172240660763,0.116396522,0.6003673389999999,0.790771181,0.0,1371.0
0.7573425348918322,0.1314481515,0.660552104,0.816804914,0.0,1371.0
0.7502569757309528,0.1591270695,0.6637165675,0.8184773805000001,0.0,1371.0
0.7519641327303664,0.161456063,0.651018814,0.802357783,0.0,1371.0
0.7788974185843126,0.0955644565,0.6497100315,0.7916364175,0.0,1371.0
0.7859878296559297,0.0,0.6134538205,0.7515255325000001,0.0,1371.0
0.7618816571694876,0.0,0.5240921964999999,0.6390088085,0.0,1371.0
0.7182662558549675,0.0,0.402471934,0.512092584,0.0,1371.0
0.6635608963638545,0.0,0.29862905,0.37555462149999996,0.0,1371.0
0.6156963060506406,0.0,0.24100017499999998,0.329132062,0.0,1371.0
0.6097294288435038,0.0,0.2222214655,0.34208885099999997,0.0,1371.0
0.6374180127877223,0.0,0.22016813000000002,0.3663984245,0.0,1371.0
0.7203968762417574,0.0893156235,0.20413103500000002,0.3774737115,0.0,1371.0
0.7614837506919001,0.243906607,0.185233302,0.368396115,0.0,1371.0
0.7670072647681203,0.3462459365,0.2099354565,0.390247861,0.0,1371.0
0.7644544556107293,0.382377984,0.22637199149999998,0.38796750999999996,0.0,1371.0
0.7664367888767516,0.271614385,0.252834159,0.3913779985,0.0,1371.0
0.794360906009269,0.1038685825,0.275710179,0.472922709,0.0,1371.0
0.799821948209134,0.0,0.28313608749999997,0.516044366,0.0,1371.0
0.7619615695009976,0.0,0.2350372485,0.509896039,0.0,1371.0
0.704401259187448,0.0,0.2057825675,0.495984487,0.0,1371.0
0.6412655164648233,0.0,0.194041118,0.472652307,0.0,1371.0
0.627655438429034,0.0,0.1764641075,0.43638167,0.0,1371.0
0.688834315187639,0.0,0.176232627,0.445442582,0.0,1371.0
0.8671154749280585,0.0182710575,0.1861143875,0.46490410449999997,0.0,1371.0
0.929000772305891,0.126074521,0.187870874,0.4738360065,0.0,1371.0
0.9313781054644185,0.2316702515,0.2333136695,0.499460978,0.0,1371.0
0.9246893125760304,0.2470623955,0.2798333745,0.487150521,0.0,1371.0
0.9215223821927723,0.2080778365,0.326783873,0.47219851700000004,0.0,1371.0
0.9436452822183325,0.101404563,0.356355406,0.448371136,0.0,1371.0
0.9386496718331907,0.0,0.325583551,0.46225311599999996,0.0,1371.0
0.863973900039498,0.0,0.286039099,0.487699134,0.0,1371.0
0.790221747274686,0.0,0.2485671215,0.49045851349999997,0.0,1371.0
0.6796325575003099,0.0,0.23302612849999998,0.511591618,0.0,1371.0
0.6417475835466664,0.0,0.19545418650000002,0.5069219635,0.0,1371.0
0.6420641468696249,0.0,0.180206357,0.469173419,0.0,1371.0
0.7186258833438547,0.0,0.162864768,0.40731605049999997,0.0,1371.0
0.8933778468431227,0.058557938999999996,0.1460754055,0.31696235949999996,0.0,1371.0
0.9333853023269756,0.307930129,0.1257959715,0.194563192,0.0,1371.0
0.9270506365073763,0.4947371945,0.20154473550000002,0.1541431155,0.0,1371.0
0.9198801789624731,0.4440432895,0.27082415449999997,0.2164013585,0.0,1371.0
0.9167243834937124,0.311524366,0.3052701295,0.270538599,0.0,1371.0
0.9394010346706867,0.1536370715,0.34026846850000003,0.330246211,0.0,1371.0
0.9388976814886985,0.0,0.412070863,0.4262808565,0.0,1371.0
0.8639730055810559,0.0,0.463137135,0.520625276,0.0,1371.0
0.7916790387657711,0.0,0.5247211235,0.618957973,0.0,1371.0
0.6806363794787234,0.0,0.578929962,0.7147542805,0.0,1371.0
0.6422497517196655,0.0,0.6267889719999999,0.7622326465,0.0,1371.0
0.6501010283725415,0.0,0.666807231,0.7737430695,0.0,1371.0
0.7981079045004928,0.001398315,0.7301792065,0.813710095,0.0,1371.0
0.9160291873292926,0.088277206,0.778145096,0.8576258345000001,0.0,1371.0
0.9195447443612408,0.2151255875,0.8102971075000001,0.8871729775,0.0,1371.0
0.9137314980837717,0.263022186,0.861729394,0.900460388,0.0,1371.0
0.9115880434733863,0.1794769105,0.8787287770000001,0.9077541695,0.0,1371.0
0.9187472765634819,0.09890498049999999,0.8849817959999999,0.919246761,0.0,1371.0
0.9293609810982995,0.0152321355,0.8971216395,0.9297647170000001,0.0,1371.0
0.8861884286145869,0.0,0.900414024,0.9284740235,0.0,1371.0
0.811039712324481,0.0,0.874063205,0.923944421,0.0,1371.0
0.7262953115887487,0.0,0.8622120645,0.9003538835,0.0,1371.0
0.6402650483007133,0.0,0.8500547965,0.8867512235,0.0,1371.0
0.627255027589265,0.0,0.8330935479999999,0.876539789,0.0,1371.0
0.6858568577013585,0.0,0.7814948275,0.8517077155,0.0,1371.0
0.8272584530358166,0.001629655,0.753179976,0.836896465,0.0,1371.0
0.9116213588789952,0.061253086,0.733807235,0.8156480545,0.0,1371.0
0.9199962686157329,0.1877363835,0.703003807,0.7537906974999999,0.0,1371.0
0.9127954024527307,0.29958080200000003,0.7082235475,0.763733322,0.0,1371.0
0.9046175230985536,0.2967752825,0.706427137,0.7421195485000001,0.0,1371.0
0.9032944769587533,0.24249109,0.71195297,0.759080443,0.0,1371.0
0.9254668805627729,0.13209823650000002,0.6908787805000001,0.774303569,0.0,1371.0
0.9246009485703979,0.0007559675,0.6451418925,0.804312616,0.0,1371.0
0.8384371329744285,0.0,0.6117457264999999,0.7703891295,0.0,1371.0
0.7020143338573069,0.0,0.5675487953333334,0.7320633866666667,0.0,1371.0
0.62917061830424,0.0,0.5370008925,0.6727448055,0.0,1371.0
0.6410148236364165,0.0,0.529144653,0.639820437,0.0,1371.0
0.7794213422861973,0.0012788335,0.525344924,0.6149485025,0.0,1371.0
0.9142348065293426,0.11645745699999999,0.513589506,0.615080834,0.0,1371.0
0.9191218847468081,0.284577821,0.5364193495,0.587230307,0.0,1371.0
0.9134044258187788,0.33769333199999996,0.5784918375,0.5603562634999999,0.0,1371.0
0.9076222589357646,0.3152613165,0.593035427,0.511820603,0.0,1371.0
0.9106320033623875,0.235071542,0.594157183,0.497485117,0.0,1371.0
0.9312533851913672,0.1309050995,0.5932044945,0.5388318999999999,0.0,1371.0
0.936768134438544,0.0011455575,0.630058738,0.6295369485,0.0,1371.0
0.8381709676208957,0.0,0.646848019,0.6930367635,0.0,1371.0
0.6980184984804647,0.0,0.7000943293333334,0.7726875623333332,0.0,1371.0
0.6186056794331622,0.0,0.7626868010000001,0.834513791,0.0,1371.0
0.6194471056528648,0.0,0.8000382305,0.876947248,0.0,1371.0
0.6572522120788912,0.001374147,0.834774921,0.8994946115,0.0,1371.0
0.74514874131416,0.12586580549999998,0.862561668,0.91871389,0.0,1371.0
0.8124022001949757,0.2780190975,0.875038314,0.9288013245,0.0,1371.0
0.8168684312620275,0.3895665775,0.8834784955,0.92962652,0.0,1371.0
0.816875139025586,0.36822845049999997,0.866645069,0.927945751,0.0,1371.0
0.827322400741611,0.301308393,0.847622228,0.92671004,0.0,1371.0
0.8495664883477259,0.171958444,0.8105465215000001,0.9244239395,0.0,1371.0
0.8265390789408649,0.0009191926666666667,0.7852149239999999,0.921549529,0.0,1371.0
0.7560061177589051,0.0,0.7397643185,0.9007076025,0.0,1371.0
0.689532060383182,0.0,0.7595517764999999,0.892331253,0.0,1371.0
0.6557881010169424,0.0,0.767046649,0.8851525094999999,0.0,1371.0
0.6574305798856496,0.0,0.7725710873333332,0.8839652703333334,0.0,1371.0
0.7153543559107449,0.0666323675,0.7718497854999999,0.8831159465,0.0,1371.0
0.7965505549178002,0.294999811,0.831179801,0.8785477125,0.0,1371.0
0.8185968966960571,0.3629500025,0.858098029,0.8825211470000001,0.0,1371.0
0.8178744221132309,0.3159235225,0.8603957915,0.8838737795,0.0,1371.0
0.8225929557100019,0.23879897449999998,0.8291614144999999,0.8904144375,0.0,1371.0
0.8495492716421329,0.1197649225,0.7475173765,0.896766071,0.0,1371.0
0.8381228502640896,0.0021325795,0.700353353,0.889898882,0.0,1371.0
0.7835052735425634,0.0,0.6433641400000001,0.8443694829999999,0.0,1371.0
0.7192356892935639,0.0,0.6127857185000001,0.816596726,0.0,1371.0
0.6707209344395577,0.0,0.610395071,0.8209935875000001,0.0,1371.0
0.6606362740033418,0.0,0.6142440140000001,0.8226337735,0.0,1371.0
0.7405443967814107,0.0,0.6111018675,0.8185965115,0.0,1371.0
0.8841915617483951,0.009819292,0.602013249,0.819982489,0.0,1371.0
0.9520685775954286,0.258951541,0.5827695525000001,0.8183538275,0.0,1371.0
0.9694321159369189,0.448106194,0.617604172,0.804132687,0.0,1371.0
0.9680894830735474,0.4689852765,0.6029639755,0.79525358,0.0,1371.0
0.9616456142424399,0.45978941949999996,0.589441873,0.7687666445,0.0,1371.0
0.9555127189763093,0.378076163,0.568269319,0.7576931499999999,0.0,1371.0
0.9733625280034468,0.249308855,0.512916567,0.755292465,0.0,1371.0
0.9782284095936016,0.0750009345,0.47899652849999996,0.7445780055,0.0,1371.0
0.9115527604751272,0.0,0.4523560345,0.7134665245,0.0,1371.0
0.8003032103053693,0.0,0.353868118,0.5881930355,0.0,1371.0
0.6854645185798061,0.0,0.319332249,0.557596332,0.0,1371.0
0.6558075759332084,0.0,0.28957116299999996,0.5378193665,0.0,1371.0
0.668968276185349,0.0,0.2850826575,0.5276474,0.0,1371.0
0.832628716340702,0.0043978975,0.267123584,0.5119066274999999,0.0,1371.0
0.9344391421839575,0.208850405,0.237846567,0.482420089,0.0,1371.0
0.9477416004690732,0.406109312,0.212895503,0.452379681,0.0,1371.0
0.9524737286735815,0.569193079,0.223026844,0.423709201,0.0,1371.0
0.9449966353092817,0.6748909375,0.20593558899999997,0.384114128,0.0,1371.0
0.9386283858005213,0.645143073,0.176831709,0.34940364300000004,0.0,1371.0
0.9353389262165213,0.523771413,0.157990134,0.334076193,0.0,1371.0
0.9523517361748951,0.339804644,0.136547706,0.313138953,0.0,1371.0
0.9621570168081741,0.10241227850000001,0.14146105450000002,0.2861758565,0.0,1371.0
0.9084656975520105,0.0,0.1626735215,0.2667806315,0.0,1371.0
0.8226597653994128,0.0,0.162739225,0.230117408,0.0,1371.0
0.7413191475209541,0.0,0.1865930895,0.2267406545,0.0,1371.0
0.6780681872015653,0.0,0.228739178,0.24894767299999998,0.0,1371.0
0.6733484684608537,0.0,0.275456185,0.296804077,0.0,1371.0
0.7510333139048133,0.0,0.3428080965,0.3386105135,0.0,1371.0
0.8880874510658543,0.019645866,0.390585113,0.36501893,0.0,1371.0
0.9430445765195825,0.188046248,0.406353042,0.3854785005,0.0,1371.0
0.9432446925678462,0.350822632,0.421105984,0.377863395,0.0,1371.0
0.9383669604829452,0.481757181,0.5077388015,0.44020627599999995,0.0,1371.0
0.9247681963747979,0.38310531800000003,0.592375721,0.510315893,0.0,1371.0
0.9201453158507393,0.23033332350000002,0.6176265160000001,0.6019122785,0.0,1371.0
0.944031293667184,0.09208981499999999,0.604520414,0.675884982,0.0,1371.0
0.9394011241435213,0.0026791435,0.592013872,0.7059050825,0.0,1371.0
0.8638923332027828,0.0,0.586102062,0.715445577,0.0,1371.0
0.7901613770652813,0.0,0.5561754615000001,0.7124111525000001,0.0,1371.0
0.6781190099307898,0.0,0.5757844935,0.7374713660000001,0.0,1371.0
0.6378762001368312,0.0,0.5690380450000001,0.7270471860000001,0.0,1371.0
0.649794168938534,0.0,0.5393208565000001,0.68784596,0.0,1371.0
0.8009059730696044,0.00724221,0.5169154890000001,0.672600715,0.0,1371.0
0.9182864955817839,0.1859278355,0.5104466745,0.6898949955,0.0,1371.0
0.9253170730785762,0.342208323,0.601267132,0.714387467,0.0,1371.0
0.922278529870118,0.3550584365,0.621616736,0.6842117245,0.0,1371.0
0.9206756344311646,0.29756343100000004,0.6577094225,0.698726773,0.0,1371.0
0.9249855737301202,0.18897017500000002,0.689303824,0.7219834245,0.0,1371.0
0.9470395176629018,0.082146906,0.664454683,0.745855833,0.0,1371.0
0.9509689906020462,0.018737840000000002,0.6526494359999999,0.7872993435,0.0,1371.0
0.8946165088990083,0.0,0.6401752045,0.811616156,0.0,1371.0
0.8120727131755872,0.0,0.611297232,0.806821024,0.0,1371.0
0.7285607586303446,0.0,0.6398113034999999,0.8317893279999999,0.0,1371.0
0.6416457815444949,0.0,0.6850804595,0.8569150685,0.0,1371.0
0.6293320079321552,0.0,0.717758528,0.8809415105,0.0,1371.0
0.6927969022522525,0.0,0.7129465125000001,0.8854325215000001,0.0,1371.0
0.836066775997963,0.008000456,0.676431182,0.894574949,0.0,1371.0
0.9147050679203327,0.1327295665,0.6491802655000001,0.877774199,0.0,1371.0
0.9195454150701209,0.274258193,0.585393181,0.829637204,0.0,1371.0
0.9201700453054982,0.331496185,0.551012425,0.7647428995000001,0.0,1371.0
0.9149631392886539,0.322041643,0.492464605,0.6283895465,0.0,1371.0
0.9135028068008073,0.2549380135,0.40084604599999996,0.4793698755,0.0,1371.0
0.9324594920233584,0.10627122350000001,0.316273992,0.40515132249999997,0.0,1371.0
0.9364408385589406,0.0016028565,0.3036403995,0.39384118349999997,0.0,1371.0
0.8382217680156494,0.0,0.294774513,0.4144891275,0.0,1371.0
0.698690992498808,0.0,0.29115704866666664,0.408120233,0.0,1371.0
0.6143570941399363,0.0,0.2990028945,0.4046913575,0.0,1371.0
0.6098849155585164,0.0,0.2948161505,0.3907131495,0.0,1371.0
0.6402543828824321,0.007837387,0.234726083,0.344491589,0.0,1371.0
0.7221490873342207,0.21603941650000003,0.170506645,0.289737723,0.0,1371.0
0.7769938795767477,0.45269252449999997,0.167464705,0.213837325,0.0,1371.0
0.7719855690423105,0.495413292,0.1575260565,0.18733526849999999,0.0,1371.0
0.7668693971165528,0.45886876249999997,0.191813549,0.21145914799999999,0.0,1371.0
0.7790707927812741,0.3009929045,0.1916764555,0.23185950049999998,0.0,1371.0
0.7997168592611197,0.146943731,0.171059387,0.233058033,0.0,1371.0
0.7965335171128927,0.003974666666666667,0.17119233,0.226951787,0.0,1371.0
0.7344415748464153,0.0,0.159436362,0.191952835,0.0,1371.0
0.6510487508162424,0.0,0.18438438299999999,0.21386947550000002,0.0,1371.0
0.6095269875136791,0.0,0.2120776,0.2532769355,0.0,1371.0
0.621255863441786,0.0,0.204684723,0.268379533,0.0,1371.0
0.6827190167854345,0.0217121845,0.202206255,0.265623645,0.0,1371.0
0.7623630535424506,0.33330704099999997,0.163564219,0.2277286235,0.0,1371.0
0.7768410311632653,0.56925254,0.154187153,0.189578064,0.0,1371.0
0.7678143470494714,0.6230674064999999,0.15304995700000001,0.1740413885,0.0,1371.0
0.7627651189549007,0.5755944045000001,0.179145782,0.17140660400000002,0.0,1371.0
0.7714145565838378,0.46723762700000004,0.2106848895,0.187299673,0.0,1371.0
0.7890338408771368,0.328521432,0.190049996,0.17730278,0.0,1371.0
0.7899039317368988,0.106865706,0.1729883585,0.1619112835,0.0,1371.0
0.7630363823032039,0.0,0.172901831,0.1732208235,0.0,1371.0
0.7082705855992741,0.0,0.14968982400000003,0.164760683,0.0,1371.0
0.6552669497583641,0.0,0.14870843150000002,0.181538913,0.0,1371.0
0.6437140863962247,0.0,0.141594341,0.1815159335,0.0,1371.0
0.7258333231961152,0.0,0.132642347,0.17241123149999998,0.0,1371.0
0.9030353770576898,0.033534147,0.1374361235,0.17095154699999998,0.0,1371.0
0.9395259786258244,0.238600022,0.12548251,0.141889942,0.0,1371.0
0.9331557167205207,0.466448093,0.121672806,0.1264355975,0.0,1371.0
0.9168495509959849,0.55607888,0.1851944045,0.16834006899999998,0.0,1371.0
0.9062248904248632,0.3840597135,0.2510723635,0.22425483699999998,0.0,1371.0
0.9120439054059828,0.25537946349999996,0.250740091,0.289450072,0.0,1371.0
0.9278129106447591,0.120455363,0.29697662,0.378914702,0.0,1371.0
0.8918690841134523,0.002190932,0.3990898185,0.5094912145,0.0,1371.0
0.7893307280036895,0.0,0.510155538,0.6343403590000001,0.0,1371.0
0.6727391097403654,0.0,0.5655401615,0.701832543,0.0,1371.0
0.6300029442729835,0.0,0.60800203,0.7557689795,0.0,1371.0
0.6414225236107409,0.0,0.6563212905,0.7477806339999999,0.0,1371.0
0.7845094308754169,0.0,0.6656571265,0.7737374765,0.0,1371.0
0.9201172325816769,0.019059036999999997,0.6224637845000001,0.8250105445,0.0,1371.0
0.9334466563327055,0.07754916749999999,0.60637918,0.856495785,0.0,1371.0
0.9198869762663419,0.1551973625,0.6065399455,0.8363558685000001,0.0,1371.0
0.909512382348737,0.1781103815,0.608086625,0.774133264,0.0,1371.0
0.9170827588352467,0.180829401,0.61495107,0.701230215,0.0,1371.0
0.9304909320408395,0.1069206775,0.549240812,0.6703574969999999,0.0,1371.0
0.8916708909888975,0.009270323,0.4589513455,0.6764915714999999,0.0,1371.0
0.8120727131755872,0.0,0.395628218,0.639436473,0.0,1371.0
0.7298917646810563,0.0,0.3136928685,0.5343527,0.0,1371.0
0.6490622810847797,0.0,0.30108114399999997,0.505184033,0.0,1371.0
0.6359126486762483,0.0,0.2766876275,0.4435042,0.0,1371.0
0.709774451546838,0.0,0.2451294175,0.3592199275,0.0,1371.0
0.8896534983392265,0.0105921615,0.2404242355,0.346082655,0.0,1371.0
0.9441006076513008,0.1429389165,0.2582153655,0.337799235,0.0,1371.0
0.9497834543574268,0.324797617,0.24742203899999998,0.336970642,0.0,1371.0
0.942918425220985,0.47988753500000003,0.262207295,0.3689828205,0.0,1371.0
0.9392099966063872,0.44190241399999997,0.28374260900000003,0.4094165735,0.0,1371.0
0.9517136456759838,0.30761793400000004,0.2820308805,0.3820894515,0.0,1371.0
0.94262301378892,0.079685827,0.207677769,0.334166752,0.0,1371.0
0.8446181455973651,0.0,0.184550031,0.31120320349999997,0.0,1371.0
0.7141910895625959,0.0,0.18933344633333335,0.3017965316666667,0.0,1371.0
0.6525364286584316,0.0,0.17533700800000002,0.3141889365,0.0,1371.0
0.6664050922951754,0.0,0.158619239,0.2959281265,0.0,1371.0
0.8291288107795487,0.0,0.174613227,0.2993843275,0.0,1371.0
0.9335060426783091,0.068787473,0.187582161,0.334241638,0.0,1371.0
0.9437800643391487,0.25634933449999997,0.176003919,0.3781628875,0.0,1371.0
0.9419465994299395,0.4215812035,0.182869157,0.395581978,0.0,1371.0
0.9388713422651516,0.4919102245,0.2351410925,0.4535708665,0.0,1371.0
0.9410874646739573,0.411566522,0.26104597350000003,0.462288042,0.0,1371.0
0.9592161392039227,0.26048801450000003,0.3024173995,0.4787944865,0.0,1371.0
0.9447564960918506,0.071975808,0.339432555,0.5594054335,0.0,1371.0
0.8412651855367919,0.0,0.3666256405,0.6024130299999999,0.0,1371.0
0.772333569651062,0.0,0.335770559,0.563438021,0.0,1371.0
0.6819562282804669,0.0,0.335589187,0.5330474665,0.0,1371.0
0.644653066412829,0.0,0.3346425785,0.4823810895,0.0,1371.0
0.6560741438470207,0.0,0.3184802685,0.413144776,0.0,1371.0
0.820013628383395,0.0,0.2902274035,0.3262682185,0.0,1371.0
0.9275752757895097,0.043687579,0.271949885,0.292303415,0.0,1371.0
0.9410745857139444,0.1867177535,0.281341546,0.2907634765,0.0,1371.0
0.9412846738672355,0.29859590599999997,0.3019428945,0.301858633,0.0,1371.0
0.9392491254520637,0.35563880049999996,0.3214858545,0.337262719,0.0,1371.0
0.940475445047565,0.3240949945,0.36641746350000004,0.4002164015,0.0,1371.0
0.9591890396637098,0.209255568,0.419121726,0.49058687700000003,0.0,1371.0
0.9451635253572951,0.0695486025,0.4425355175,0.5751331614999999,0.0,1371.0
0.8410023292611454,0.0,0.4808645125,0.6382327975,0.0,1371.0
0.7276335397031278,0.0,0.472227961,0.662928459,0.0,1371.0
0.6363334736271427,0.0,0.4992073885,0.6704964085,0.0,1371.0
0.6149385484695554,0.0,0.4919682995,0.6818361365,0.0,1371.0
0.624260845295554,0.0,0.477223874,0.671875993,0.0,1371.0
0.6839884675502766,0.012989652,0.4624254625,0.6586783620000001,0.0,1371.0
0.7703519070939198,0.15712539650000001,0.5066094800000001,0.6565763095,0.0,1371.0
0.7908621183862168,0.263142272,0.419008183,0.619750516,0.0,1371.0
0.7886419265828589,0.35250472850000003,0.4033711365,0.5957106825,0.0,1371.0
0.7858490229444544,0.403922304,0.378665207,0.5696474635,0.0,1371.0
0.8055306422406443,0.349866032,0.3623007485,0.548749368,0.0,1371.0
0.8221897276230334,0.21097484649999998,0.32102010000000003,0.5175250060000001,0.0,1371.0
0.793104848437073,0.023346493,0.289440679,0.4932035025,0.0,1371.0
0.7387289311614555,0.0,0.235372583,0.414266003,0.0,1371.0
0.6505901609743295,0.0,0.18986051199999998,0.3499340675,0.0,1020.5
0.5971924643682982,0.0,0.1756319385,0.29061462800000004,0.0,670.0
0.5888552971881081,0.0,0.1835598585,0.2581817745,0.0,670.0
0.6045101357648092,0.0,0.194829608,0.238066355,0.0,670.0
0.6584745070837331,0.082807814,0.19719096,0.226102522,0.0,670.0
0.7379215805965522,0.26027237449999996,0.199034005,0.208121192,0.0,670.0
0.7730425392339367,0.378839091,0.2209190905,0.168277553,0.0,670.0
0.7693161336645558,0.39496611400000003,0.23808986599999998,0.177369146,0.0,670.0
0.7693512377846216,0.30829442900000004,0.28570111499999995,0.230681835,0.0,670.0
0.7944028073657278,0.19113196249999997,0.330825079,0.3099223845,0.0,670.0
0.7918056372935895,0.051221224999999995,0.369510556,0.4124590225,0.0,670.0
0.7514718473919875,0.0,0.436607274,0.54320144,0.0,670.0
0.6975242678839062,0.0,0.47530285549999995,0.6373084385000001,0.0,670.0
0.6374441732005516,0.0,0.5242834995,0.6956851664999999,0.0,670.0
0.6175744448945666,0.0,0.575653998,0.756230228,0.0,670.0
0.6544273793240067,0.0,0.602340527,0.812043541,0.0,670.0
0.759430985436184,0.0,0.616290082,0.831436143,0.0,670.0
0.8380199973947049,0.0353514485,0.6202867864999999,0.844075089,0.0,670.0
0.8798481282331131,0.109316864,0.6429836005,0.845315314,0.0,670.0
0.8755479823634188,0.1539625,0.6410663095,0.8332551835,0.0,670.0
0.8671982492431851,0.17929284950000002,0.6387821815,0.8267190125,0.0,670.0
0.864397206815676,0.166558139,0.617304681,0.816298025,0.0,670.0
0.8722693446739468,0.10931117400000001,0.592957465,0.8009544390000001,0.0,670.0
0.8654233210250305,0.029421114499999998,0.5673466305,0.7860796395,0.0,670.0
0.8143164270227684,0.0,0.552516782,0.771424506,0.0,670.0
0.7179207148719802,0.0,0.4939150845,0.7293304595,0.0,670.0
0.6199582622695176,0.0,0.4786501025,0.7254812365000001,0.0,670.0
0.5971041003626658,0.0,0.46240724850000003,0.6948588689999999,0.0,670.0
0.6230367615762552,0.0,0.45730667,0.683786717,0.0,670.0
0.7610826690082995,0.007811848,0.47598308899999997,0.7128739534999999,0.0,670.0
0.850612010469934,0.0717976765,0.5356443209999999,0.746411811,0.0,670.0
0.8565054820988824,0.2303697695,0.445370484,0.7162542445,0.0,670.0
0.8486297666767462,0.37187828,0.47323971,0.763500549,0.0,670.0
0.8482116025642801,0.3940896825,0.4820542665,0.766273518,0.0,670.0
0.8598920258486167,0.243212034,0.42894406900000004,0.758500795,0.0,670.0
0.8621911907886253,0.0765312655,0.3666832385,0.727847107,0.0,670.0
0.8142180907096813,0.0,0.32551946750000005,0.6954591075000001,0.0,670.0
0.719069805443822,0.0,0.304802328,0.671126908,0.0,670.0
0.627356538905938,0.0,0.306816774,0.638053631,0.0,670.0
0.6032691930288283,0.0,0.3792206615,0.64192958,0.0,670.0
0.6279741035538946,0.0,0.4644559265,0.649019,0.0,670.0
0.7694658070069764,0.020470219,0.501646927,0.6444145125,0.0,670.0
0.8611898507029712,0.1566821845,0.549599443,0.6318182075,0.0,670.0
0.8709211667215353,0.300438906,0.5615618295,0.6145151440000001,0.0,670.0
0.8676443624829375,0.3908494695,0.6203210375,0.731202253,0.0,670.0
0.8654891469181163,0.3912845965,0.6658806534999999,0.8582064525,0.0,670.0
0.876633930147598,0.2867767875,0.670034577,0.871174771,0.0,670.0
0.8768466120684294,0.1201362085,0.617706674,0.8450101830000001,0.0,670.0
0.8124233074844034,0.0,0.5406022214999999,0.7909034610000001,0.0,670.0
0.7580503417327128,0.0,0.459554127,0.776162797,0.0,670.0
0.6679951982469506,0.0,0.41631920349999996,0.75133834,0.0,670.0
0.6212224810327648,0.0,0.391722105,0.711546922,0.0,670.0
0.6251375768479864,0.0,0.34294236450000004,0.5874913915,0.0,670.0
0.7269308307220663,0.0008523785,0.30856946799999996,0.476805009,0.0,670.0
0.8269373730890848,0.163049499,0.273703778,0.394326386,0.0,670.0
0.8739302403043265,0.4485917035,0.2690284205,0.334688753,0.0,670.0
0.8794072023260142,0.6871533935,0.350742326,0.263466237,0.0,670.0
0.8677191768196771,0.737148267,0.3966560885,0.237219788,0.0,670.0
0.8628092473347444,0.60311477,0.42108292599999997,0.2740984575,0.0,670.0
0.8731508835356511,0.3548017115,0.42546420799999995,0.3627486755,0.0,670.0
0.872350195997889,0.0793840335,0.4344732225,0.5147789629999999,0.0,670.0
0.8126480634471156,0.0,0.506231676,0.6796726835,0.0,670.0
0.7560397015830176,0.0,0.573844125,0.779124007,0.0,670.0
0.6657169616507006,0.0,0.6077074265,0.8222887465,0.0,670.0
0.6134406523708302,0.0,0.6422990045,0.849085329,0.0,670.0
0.6134796917436725,0.0,0.6860569555,0.884313539,0.0,670.0
0.7112166058672373,0.0009838625,0.7362681470000001,0.906924403,0.0,670.0
0.8114326998204427,0.036046222,0.767923804,0.915753286,0.0,670.0
0.8624197478623379,0.11908609149999999,0.762004459,0.92154,0.0,670.0
0.8679728210370595,0.221577804,0.771366106,0.912534143,0.0,670.0
0.8607501321393322,0.32627935100000005,0.8022475745,0.9075523569999999,0.0,670.0
0.8441739551463701,0.39932769599999995,0.7930484145000001,0.8668384425,0.0,670.0
0.8340564041318198,0.354689113,0.760107312,0.819641745,0.0,670.0
0.8382993995995884,0.225422511,0.7251169925000001,0.7847236765000001,0.0,670.0
0.84719537112207,0.111738925,0.688368357,0.752322234,0.0,670.0
0.8407366557382994,0.0251240875,0.653734335,0.7359954945,0.0,670.0
0.7742624194169073,0.0,0.5967325915,0.6627170925,0.0,670.0
0.6459117399520846,0.0,0.506285072,0.590493908,0.0,670.0
0.5810378949098917,0.0,0.39802085099999995,0.4851520775,0.0,670.0
0.5729836626270819,0.0,0.2974072705,0.3945262595,0.0,670.0
0.5876828187142192,0.0007729705,0.232484236,0.3637222765,0.0,670.0
0.6344276763414289,0.053636025,0.198769171,0.345121672,0.0,670.0
0.7101168622626566,0.1335239,0.17340266999999998,0.2992731635,0.0,670.0
0.7419972165200912,0.2114793455,0.136796841,0.2671124265,0.0,670.0
0.7256838958027758,0.2660071525,0.111697829,0.2633457455,0.0,670.0
0.721027319782251,0.301984484,0.117837509,0.289772205,0.0,670.0
0.7314176546434852,0.241135016,0.10797511500000001,0.289203573,0.0,670.0
0.7532004694372152,0.14288583900000001,0.0995878595,0.2436697775,0.0,670.0
0.7512410767765434,0.0142531775,0.096654512,0.223709167,0.0,670.0
0.71838196541737,0.0,0.0784687285,0.19783529249999998,0.0,670.0
0.6458509002464641,0.0,0.061932333500000006,0.126606743,0.0,670.0
0.5809222077494357,0.0,0.0610823845,0.09387061899999999,0.0,670.0
0.5747343756231111,0.0,0.055068429,0.0693614015,0.0,670.0
0.5904411324651913,0.0009182905,0.0503168915,0.056649995,0.0,670.0
0.6635922665112839,0.06947312950000001,0.054494868,0.0529406595,0.0,670.0
0.7443222511874307,0.2148009125,0.046150071,0.0452873855,0.0,670.0
0.7492156347431265,0.337554197,0.035975995999999996,0.0448600975,0.0,670.0
0.7435960202300216,0.34526215400000004,0.040661952,0.048461031,0.0,670.0
0.750903875727849,0.28250525800000004,0.0447596425,0.053584614,0.0,670.0
0.7645668335583475,0.17806653649999998,0.0418939395,0.067857947,0.0,670.0
0.7523043969753415,0.03027739,0.045796291,0.09434021000000001,0.0,670.0
0.7069456984963001,0.0,0.05959415199999999,0.13588218166666666,0.0,670.0
0.6175070762585969,0.0,0.06489556366666667,0.14418562566666668,0.0,670.0
0.6092100440323875,0.0,0.063197381,0.141208769,0.0,670.0
0.7037493953375574,0.001083507,0.065383474,0.154796164,0.0,670.0
0.8102560625466427,0.051824524,0.073382273,0.165002053,0.0,670.0
0.8608998502181701,0.1492333125,0.07581410799999999,0.171404269,0.0,670.0
0.8675123977442725,0.30652573800000005,0.0991895275,0.180354392,0.0,670.0
0.8623993114167416,0.3563868805,0.17603056,0.2124370345,0.0,670.0
0.8617601477161465,0.3072207065,0.255557716,0.2573484205,0.0,670.0
0.87357213331382,0.21202553899999999,0.2878069545,0.296593985,0.0,670.0
0.8694390563028568,0.0731324015,0.30851151499999996,0.377004136,0.0,670.0
0.8142001584913153,0.0,0.367372675,0.4726875725,0.0,670.0
0.7187845227954583,0.0,0.394956706,0.5479594379999999,0.0,670.0
0.6207868541981489,0.0,0.4339130115,0.5820265295,0.0,670.0
0.5983389837094976,0.0,0.47200189800000003,0.624055899,0.0,670.0
0.6251259500353266,0.0,0.5086233325,0.6339510985,0.0,670.0
0.7685378054286227,0.010517108,0.5296061935,0.643240848,0.0,670.0
0.8630253726101895,0.0614900025,0.5526687205,0.6408410689999999,0.0,670.0
0.8775107735073356,0.105631822,0.547961584,0.611001966,0.0,670.0
0.8717363877919911,0.1597814535,0.5188958735,0.5773489235,0.0,670.0
0.8647943084426073,0.200169807,0.4605069,0.5106273785,0.0,670.0
0.8689217955606376,0.16946397400000002,0.4356018655,0.492210841,0.0,670.0
0.8722418427758816,0.07379507,0.430937358,0.526567386,0.0,670.0
0.846920664419153,0.0059207335,0.4182477915,0.527457881,0.0,670.0
0.774101253336127,0.0,0.342863749,0.43879036650000003,0.0,670.0
0.6582579123120719,0.0,0.28704539100000004,0.3855207775,0.0,670.0
0.6013532892938838,0.0,0.259678659,0.36399068850000005,0.0,670.0
0.6023167080122727,0.0,0.26327562849999997,0.3809407885,0.0,670.0
0.6892334738800553,0.0014933745,0.2742848315,0.40268828850000005,0.0,670.0
0.8040401694857264,0.033529186,0.277698205,0.396058716,0.0,670.0
0.865510209403651,0.10549114600000001,0.2831337685,0.389162312,0.0,670.0
0.8807542176039073,0.19345779,0.243930373,0.34879983,0.0,670.0
0.8795869265976233,0.26019366050000003,0.2302468695,0.3521149565,0.0,670.0
0.8751220818871761,0.304674798,0.221067377,0.35933672699999997,0.0,670.0
0.87597146801779,0.2299601155,0.2308611605,0.370594955,0.0,670.0
0.8847594886761164,0.12681538050000002,0.248428113,0.4027349355,0.0,670.0
0.8517884241291236,0.015228655,0.275089987,0.428564101,0.0,670.0
0.7929508372815964,0.0,0.291670696,0.458833548,0.0,670.0
0.7192552089462472,0.0,0.2778341405,0.4209990125,0.0,670.0
0.6230277730651257,0.0,0.33307675449999996,0.46887700600000004,0.0,670.0
0.6023279771360217,0.0,0.338859757,0.4916660605,0.0,670.0
0.6357842838359193,0.0,0.337956121,0.5031914885,0.0,670.0
0.7784752297462358,0.027846812,0.3375671105,0.487092866,0.0,670.0
0.8664450081509218,0.1360300715,0.32740963749999996,0.422467163,0.0,670.0
0.8824554046870063,0.251351904,0.281522497,0.341457089,0.0,670.0
0.8799113604261344,0.3088563875,0.2805568535,0.327058452,0.0,670.0
0.8739181662624456,0.30719860050000003,0.2697866205,0.3124757845,0.0,670.0
0.8792056106507387,0.22134183899999998,0.2589369545,0.31076906049999997,0.0,670.0
0.8861090977890255,0.133492028,0.255974224,0.317280951,0.0,670.0
0.8781757847357425,0.047492128999999994,0.24017300949999998,0.3160545595,0.0,670.0
0.8123075755875302,0.0,0.23127354300000003,0.297495299,0.0,670.0
0.6947230614903428,0.0,0.1955730033333333,0.2148828606666667,0.0,670.0
0.6094654769642267,0.0,0.15575532,0.148797275,0.0,670.0
0.6099494445678322,0.0,0.141548732,0.12533434599999999,0.0,670.0
0.7056704193342673,0.0012265325,0.1232055955,0.11204771799999999,0.0,670.0
0.8350122206956838,0.045117605,0.1097731625,0.10382952949999999,0.0,670.0
0.8782782351123235,0.123695792,0.1011365205,0.0940213125,0.0,670.0
0.8734315825568291,0.16825047450000002,0.100587542,0.103158682,0.0,670.0
0.8651730754933205,0.1885313825,0.10726593000000001,0.1278574035,0.0,670.0
0.8675185242043095,0.1639777955,0.1034298155,0.1450913415,0.0,670.0
0.869698648102083,0.1004947625,0.0843030335,0.119542131,0.0,670.0
0.8458975462677154,0.013658648,0.0839605175,0.0947206995,0.0,670.0
0.77401029563043,0.0,0.123456806,0.13084568400000002,0.0,670.0
0.6455092721143065,0.0,0.1729474485,0.1989256455,0.0,670.0
0.5782358686860574,0.0,0.1943841685,0.2314883365,0.0,670.0
0.5708149643967801,0.0,0.180941688,0.24459438849999998,0.0,670.0
0.5892106987387205,0.004118171,0.177771768,0.26228902600000004,0.0,670.0
0.6305151070204323,0.086039615,0.191552137,0.288450179,0.0,670.0
0.7090896748516182,0.25728384,0.27375578899999997,0.30385492599999997,0.0,670.0
0.7380002407807094,0.413755674,0.3019996,0.297637835,0.0,670.0
0.7261567508263546,0.39006019000000003,0.348523266,0.3036940005,0.0,670.0
0.7128376347372207,0.38666807049999996,0.37966023800000004,0.311765512,0.0,670.0
0.712173629842037,0.327797749,0.3840283815,0.33517288,0.0,670.0
0.72153469768985,0.248673667,0.371516631,0.373551787,0.0,670.0
0.7353512864500164,0.123901875,0.385293663,0.43406148,0.0,670.0
0.7365285050948134,0.0,0.4408418035,0.513881728,0.0,670.0
0.6876432338539799,0.0,0.4700574515,0.622098594,0.0,670.0
0.6021463076062331,0.0,0.46417447850000004,0.6044179670000001,0.0,670.0
0.56851946635852,0.0,0.46456658500000003,0.5687996245,0.0,670.0
0.5714626023083959,0.0,0.4720017955,0.5784321084999999,0.0,670.0
0.5857003513738965,0.014537922,0.493018408,0.619889257,0.0,670.0
0.6545567057611416,0.142802646,0.513131088,0.6605862524999999,0.0,670.0
0.7412574358263135,0.2909149705,0.5539707570000001,0.687611555,0.0,670.0
0.7400106796502648,0.4152920015,0.5937696755,0.71097314,0.0,670.0
0.731995755091325,0.4639506255,0.6237411655,0.7249903280000001,0.0,670.0
0.7439488950839817,0.339525063,0.609971123,0.7339262955,0.0,670.0
0.7586428639059412,0.235757448,0.620143867,0.748547954,0.0,670.0
0.7579634086851508,0.1010312385,0.623174547,0.779445575,0.0,670.0
0.737899646054522,0.0,0.61447116,0.7949167260000001,0.0,670.0
0.6938845718149523,0.0,0.5922651114999999,0.7910117759999999,0.0,670.0
0.6190200425021037,0.0,0.5791918355000001,0.797481568,0.0,670.0
0.5965905065896708,0.0,0.5373240685,0.7807991435,0.0,670.0
0.6244323637071705,0.0,0.48960136499999996,0.731795461,0.0,670.0
0.733918679677273,0.014795087,0.482141793,0.708326365,0.0,670.0
0.8174435131825282,0.17444898450000001,0.5388418095,0.7223661530000001,0.0,670.0
0.8560371436316012,0.3423758335,0.601408249,0.7109474285,0.0,670.0
0.8502640844893538,0.39601963833333326,0.658994694,0.7256455303333333,0.0,670.0
0.8404487570554005,0.355414418,0.7190651514999999,0.749360865,0.0,670.0
0.8520658587413568,0.195265465,0.732973104,0.7588320454999999,0.0,670.0
0.8534846027577623,0.0550106895,0.744693964,0.7784516635000001,0.0,670.0
0.8139428473721846,0.0,0.789012395,0.825278112,0.0,670.0
0.6899416385223063,0.0,0.8304573656666667,0.8593946156666666,0.0,670.0
0.5999235221028105,0.0,0.8820390250000001,0.883713265,0.0,670.0
0.5996504029691623,0.0,0.8959372665,0.904322364,0.0,670.0
0.6830157473682648,0.0054296865,0.902839994,0.9219654655,0.0,670.0
0.8075237974686705,0.113034317,0.9002773989999999,0.9274210505,0.0,670.0
0.8436729721173116,0.3250211495,0.8855291970000001,0.9292665765,0.0,670.0
0.8356092594252098,0.482991968,0.88015025,0.9267317180000001,0.0,670.0
0.8275236793294416,0.437445124,0.8820203615,0.921020242,0.0,670.0
0.8257759401918101,0.34555137150000004,0.8763222239999999,0.9123124985,0.0,670.0
0.830527833930607,0.21870037850000001,0.8512720775,0.9003141020000001,0.0,670.0
0.8284728328661644,0.079588753,0.822054598,0.882479601,0.0,670.0
0.8070617196032024,0.001052818,0.7926808505,0.8676721725000001,0.0,670.0
0.7200382996875591,0.0,0.760872793,0.8835287025,0.0,670.0
0.6186859941900005,0.0,0.7345392275,0.8727342365,0.0,670.0
0.5954851061562206,0.0,0.7002371235,0.821561161,0.0,670.0
0.6216899027746089,0.0,0.6561025300000001,0.774661848,0.0,670.0
0.7230772676558161,0.02338934,0.6328894,0.740822011,0.0,670.0
0.7974478794595512,0.125495574,0.623323234,0.7134420185,0.0,670.0
0.8287457061182071,0.28639133299999997,0.6365002485,0.688717416,0.0,670.0
0.8211040033859889,0.40546775349999997,0.659505639,0.715449149,0.0,670.0
0.8122099994561576,0.5013253285,0.699785362,0.73483224,0.0,670.0
0.807341390091638,0.48530447,0.711096367,0.7412611259999999,0.0,670.0
0.8075748214780347,0.390267076,0.702967697,0.768168465,0.0,670.0
0.8077782912731262,0.1790456625,0.7514032535,0.8208292765,0.0,670.0
0.799511824298706,0.0008273315,0.7864997885,0.8581889965,0.0,670.0
0.7598917664853577,0.0,0.750668791,0.831211886,0.0,670.0
0.6568071720408227,0.0,0.6739867735,0.7654782545,0.0,670.0
0.599663885634643,0.0,0.5629571245,0.6445231415,0.0,670.0
0.5995258167029356,0.0,0.45153314499999997,0.5367761865,0.0,670.0
0.6814605890603087,0.021408579,0.359679471,0.444350541,0.0,670.0
0.7785210216865294,0.157819077,0.296589475,0.376860195,0.0,670.0
0.8139327857268468,0.34740745250000005,0.280664457,0.310234432,0.0,670.0
0.8191220726127704,0.5869140985,0.2632282475,0.2522937335,0.0,670.0
0.8159974906802407,0.720854015,0.256562096,0.2370089345,0.0,670.0
0.8080845694036123,0.6680976725,0.229587573,0.2378654185,0.0,670.0
0.8072754300567762,0.481227062,0.18790038450000002,0.2451768765,0.0,670.0
0.8064358372879479,0.1944598625,0.154796499,0.2175055095,0.0,670.0
0.7997228516468565,0.001528708,0.15711613800000002,0.201119793,0.0,670.0
0.7203827451343916,0.0,0.164075166,0.176852523,0.0,670.0
0.6187642965502953,0.0,0.1720116765,0.1880646745,0.0,670.0
0.5956730362878223,0.0,0.198214134,0.2108739395,0.0,670.0
0.6214680087955132,0.0,0.208255776,0.21486458549999998,0.0,670.0
0.755354075098297,0.095877644,0.214627938,0.22317446600000002,0.0,670.0
0.8204480702090218,0.303087028,0.2601615,0.228991122,0.0,670.0
0.8319070019395906,0.523589364,0.259594754,0.22310169,0.0,670.0
0.8221445617226784,0.7270497245,0.28436141049999997,0.224874195,0.0,670.0
0.8134597964940163,0.7408342755,0.291497736,0.240259842,0.0,670.0
0.8081505293709983,0.6211814250000001,0.2594935975,0.2302884405,0.0,670.0
0.8095019271983644,0.439571904,0.205968205,0.211561113,0.0,670.0
0.8113877128657568,0.2088390845,0.160017966,0.20660075,0.0,670.0
0.8042609901956626,0.002258814,0.13075590650000002,0.181436276,0.0,670.0
0.7587277398880183,0.0,0.098803811,0.155778818,0.0,670.0
0.6439055716897455,0.0,0.0914439785,0.1344197385,0.0,670.0
0.5764009280823603,0.0,0.084118041,0.120988538,0.0,670.0
0.5687042885574238,0.0,0.081766092,0.1278332775,0.0,670.0
0.5826011696724815,0.028998836,0.0936385575,0.1654143275,0.0,670.0
0.6231808450932186,0.184310572,0.106209141,0.205437141,0.0,670.0
0.6839555769719423,0.4201387985,0.10079777849999999,0.23158235249999998,0.0,670.0
0.7031953983045379,0.6582174,0.163389229,0.254323814,0.0,670.0
0.7005660755013092,0.7620431445,0.21989973899999998,0.292715557,0.0,670.0
0.6920172325310836,0.7849386135,0.27098007550000003,0.323879213,0.0,670.0
0.6902138409530092,0.6269491645,0.283641272,0.3467952985,0.0,670.0
0.6966015431110404,0.3641903705,0.27580655350000005,0.386628562,0.0,670.0
0.6998041143164199,0.130766062,0.332289912,0.445809769,0.0,670.0
0.7043826785946726,0.002070327,0.3866710335,0.4931622715,0.0,670.0
0.679721994775102,0.0,0.34385809599999995,0.46049369799999995,0.0,670.0
0.5996950768364032,0.0,0.3536670845,0.460509419,0.0,670.0
0.5654577812645715,0.0,0.34290577499999997,0.3761488795,0.0,670.0
0.5685895404568756,0.0,0.32978474449999995,0.390434985,0.0,670.0
0.5799348645618956,0.041605596,0.343406443,0.459863458,0.0,670.0
0.6384465865553655,0.2042506775,0.33538702,0.4982020345,0.0,670.0
0.7046926012924365,0.419243708,0.3857177465,0.534219836,0.0,670.0
0.7032857523047671,0.5216308085,0.5035867915,0.5874105095,0.0,670.0
0.6976632982099921,0.5000959495,0.5574770015,0.622927578,0.0,670.0
0.7025086986181335,0.443233786,0.5766299205000001,0.6739085945000001,0.0,670.0
0.7114399978752913,0.356925392,0.582273623,0.729583555,0.0,670.0
0.7219973568588395,0.1690256635,0.591604366,0.7346146965,0.0,670.0
0.7313580893522125,0.0022168605,0.6051245985,0.7671529005,0.0,670.0
0.7076214272567534,0.0,0.640537876,0.779610009,0.0,670.0
0.6577324680443308,0.0,0.635573016,0.7909370145,0.0,670.0
0.6010528917418293,0.0,0.628075342,0.783545018,0.0,670.0
0.6016670130351721,0.0,0.6044484434999999,0.7434109445,0.0,670.0
0.6862701475011403,0.021526739,0.5671707675,0.7037439705,0.0,670.0
0.7926431729969329,0.113849632,0.555216414,0.66811009,0.0,670.0
0.8480868374873359,0.2382561065,0.6231820379999999,0.6719458895,0.0,670.0
0.8556164752244294,0.295771503,0.6836362414999999,0.6576020665,0.0,670.0
0.8457698298692715,0.269418048,0.724812836,0.723449186,0.0,670.0
0.8373860657631803,0.233739848,0.743686294,0.7771320214999999,0.0,670.0
0.8350803271339136,0.184193839,0.7517392785,0.8201501285,0.0,670.0
0.8377748497902895,0.114066361,0.731338427,0.831275987,0.0,670.0
0.8436311600987358,0.05696129,0.69259308,0.8454217145,0.0,670.0
0.8128990244915988,0.001401854,0.7012723700000001,0.8550303515,0.0,670.0
0.6900948595593303,0.0,0.692811372,0.8180157316666667,0.0,670.0
0.5999235221028105,0.0,0.6720748505,0.8204515139999999,0.0,670.0
0.5995657057978026,0.0,0.622427092,0.783390806,0.0,670.0
0.6832310229891607,0.02000468,0.5251874990000001,0.7107281135,0.0,670.0
0.7882763069106621,0.070135279,0.460429805,0.626450714,0.0,670.0
0.845271395668909,0.15339348800000002,0.4432320895,0.586787963,0.0,670.0
0.8579554845228878,0.2274563035,0.382059835,0.5167935715,0.0,670.0
0.8552754507977398,0.2047135475,0.3871605585,0.5078227275,0.0,670.0
0.8529409133191618,0.16931899,0.4010099535,0.5137168435,0.0,670.0
0.8595515379890311,0.145137035,0.434361294,0.526958204,0.0,670.0
0.8525571825504057,0.0805936215,0.45248392449999997,0.5687362375,0.0,670.0
0.8127980944784472,0.0038647785,0.435852393,0.6188813925000001,0.0,670.0
0.753459435129027,0.0,0.44992136,0.672466735,0.0,670.0
0.65789718928703,0.0,0.4701002005,0.7340932235,0.0,670.0
0.6019817429747322,0.0,0.4872734635,0.757444638,0.0,670.0
0.6029008677817859,0.0,0.493100822,0.7247601754999999,0.0,670.0
0.6922807819175567,0.0315603985,0.49778338899999997,0.6960422275,0.0,670.0
0.7966809098202017,0.186028511,0.528055428,0.709735984,0.0,670.0
0.8512627116453062,0.3759302295,0.5491194985000001,0.7467729160000001,0.0,670.0
0.8575642856739073,0.5568860250000001,0.569455503,0.7103395294999999,0.0,670.0
0.8553660507470503,0.620996313,0.6184301249999999,0.782136438,0.0,670.0
0.8507615944744716,0.60881145,0.654490459,0.820621064,0.0,670.0
0.856288328290695,0.481635187,0.6844247864999999,0.8286927150000001,0.0,670.0
0.86252644657914,0.343202842,0.677412066,0.825850662,0.0,670.0
0.8617410975596793,0.177496667,0.6707345,0.8548981135,0.0,670.0
0.8144080108358798,0.0046066695,0.6602711975,0.8682619315,0.0,670.0
0.6916294099883208,0.0,0.6899319943333332,0.8848276703333333,0.0,670.0
0.6065665454528516,0.0,0.7143134725,0.892160846,0.0,670.0
0.6094823582479039,0.0,0.701223456,0.874442717,0.0,670.0
0.7033445573468495,0.0347690455,0.6792470145,0.8537439849999999,0.0,670.0
0.8019726471501818,0.204692688,0.658073018,0.840969685,0.0,670.0
0.852770401105817,0.3865483965,0.7145386225,0.8508899169999999,0.0,670.0
0.8607329601701565,0.567500726,0.660215777,0.8106657305,0.0,670.0
0.8526497948962596,0.6553274055,0.6121230705,0.7921018115,0.0,670.0
0.8442572660286009,0.570910087,0.557797214,0.747980647,0.0,670.0
0.8534911317106033,0.3907454995,0.47215348149999997,0.6577769585,0.0,670.0
0.8570657173992444,0.147307125,0.3067123105,0.5170223455,0.0,670.0
0.813812224186231,0.0033669445,0.1999204605,0.37145098,0.0,670.0
0.7197129491336108,0.0,0.170236799,0.3088062105,0.0,670.0
0.628249033871422,0.0,0.14402932950000003,0.223212766,0.0,670.0
0.6075606858767846,0.0,0.125129349,0.162540073,0.0,670.0
0.6382523510855334,0.0,0.133488226,0.176928905,0.0,670.0
0.748624364717251,0.034173496,0.146426362,0.234755782,0.0,670.0
0.809483771365388,0.105638632,0.150832052,0.259521804,0.0,670.0
0.8648728344175127,0.2192710295,0.167857722,0.28502389650000004,0.0,670.0
0.8779617611947237,0.33158577899999997,0.146865734,0.263134284,0.0,670.0
0.8717110322972936,0.406767698,0.152734956,0.3035476665,0.0,670.0
0.8660330151674345,0.391250085,0.162394961,0.323748666,0.0,670.0
0.8742989009058089,0.350114761,0.178631123,0.339163134,0.0,670.0
0.8733355715927789,0.236078072,0.17800256949999999,0.347876667,0.0,670.0
0.8618793675690991,0.095972931,0.169501554,0.341183177,0.0,670.0
0.8142777900752542,0.006785685,0.1704044585,0.3527099265,0.0,670.0
0.6839534379459224,0.0,0.1400120566666667,0.31467449399999997,0.0,670.0
0.5848254532048627,0.0,0.12632543200000002,0.2740546065,0.0,670.0
0.5792660970938572,0.0,0.1244073165,0.2476491305,0.0,670.0
0.5944360512065642,0.022266878,0.1214211345,0.231853062,0.0,670.0
0.6463451531774933,0.131253163,0.113156835,0.211232269,0.0,670.0
0.721386678987586,0.306435974,0.120625798,0.187893441,0.0,670.0
0.7557310086306601,0.467104666,0.0878259795,0.1352117085,0.0,670.0
0.7514073407846182,0.545157121,0.0875682705,0.13726484249999998,0.0,670.0
0.7491045983482199,0.471075519,0.09206665650000001,0.148814357,0.0,670.0
0.7677868003475132,0.3269323635,0.10554509000000001,0.168581046,0.0,670.0
0.7747298634932221,0.142751044,0.10533366450000001,0.2019567295,0.0,670.0
0.7451825039489899,0.006964681,0.113705175,0.226384263,0.0,670.0
0.6690717849414424,0.0,0.10712699066666666,0.22164415566666665,0.0,670.0
0.5909735751145135,0.0,0.098349512,0.2316474365,0.0,670.0
0.5836301682673992,0.0,0.106239904,0.27145961,0.0,670.0
0.5960065032964044,0.0281891865,0.13452284650000002,0.32588571850000003,0.0,670.0
0.644616732479881,0.143329905,0.175203793,0.366154661,0.0,670.0
0.7215115334024134,0.30188294400000004,0.2019290845,0.3959851215,0.0,670.0
0.7596162101953674,0.46903163950000004,0.22571220749999998,0.379455027,0.0,670.0
0.7568233959623216,0.5350987920000001,0.25260825600000003,0.416466972,0.0,670.0
0.7576690704547697,0.482145362,0.26643074,0.4724480125,0.0,670.0
0.781612064531364,0.3455660605,0.2776548835,0.531493785,0.0,670.0
0.7830821009081615,0.18185688,0.2792544835,0.559963457,0.0,670.0
0.7464429439357074,0.011917133,0.29074913999999996,0.56050445,0.0,670.0
0.6966087875766545,0.0,0.2850141595,0.548146777,0.0,670.0
0.6337984848133367,0.0,0.2970230775,0.5801197925,0.0,670.0
0.6147810493579995,0.0,0.3134306665,0.5840387875,0.0,670.0
0.6535907380791053,0.0,0.32424939399999997,0.602191532,0.0,670.0
0.7882237177339756,0.117800897,0.3403526685,0.6172337960000001,0.0,670.0
0.867931769267674,0.32831490649999995,0.3562427005,0.617139201,0.0,670.0
0.8784345714818853,0.478829582,0.337750506,0.589382789,0.0,670.0
0.8708797125268218,0.570050081,0.3366548455,0.5746760975,0.0,670.0
0.8647943084426073,0.535481967,0.3125228645,0.5351462565,0.0,670.0
0.8673977391165588,0.4446463985,0.286093908,0.533683455,0.0,670.0
0.8716980639319222,0.341317702,0.279445588,0.536635226,0.0,670.0
0.8651162827128298,0.1993114365,0.253019282,0.501841925,0.0,670.0
0.8134863593321737,0.0134658395,0.23852894600000002,0.45344778750000003,0.0,670.0
0.7559307668550614,0.0,0.246302184,0.424576387,0.0,670.0
0.6571965821078705,0.0,0.27540343850000004,0.457289798,0.0,517.5
0.6100868650576544,0.0,0.329112439,0.518315015,0.0,365.0
0.6079382231146155,0.0,0.3733155765,0.528470512,0.0,365.0
0.6736160649074083,0.0481790555,0.4125579735,0.529620599,0.0,365.0
0.7582205409260883,0.201987201,0.42058611,0.541111746,0.0,365.0
0.8115978458229408,0.3678774845,0.519863461,0.5881406330000001,0.0,365.0
0.8202695532808726,0.470148488,0.644891619,0.626568194,0.0,365.0
0.8158856493672022,0.447199182,0.734268413,0.713465946,0.0,365.0
0.811683392581374,0.356599499,0.7912889045,0.800700194,0.0,365.0
0.8086051392237176,0.2014728965,0.768632506,0.8406903459999999,0.0,365.0
0.8128467931387746,0.116632702,0.709876862,0.835977417,0.0,365.0
0.8108902625291952,0.05191747,0.654818826,0.8342503165,0.0,365.0
0.7797792704659863,0.0015486965,0.6317213850000001,0.8430995455,0.0,365.0
0.7030292014348267,0.0,0.623394258,0.8682216215,0.0,365.0
0.6095291563864691,0.0,0.6518238975,0.86920023,0.0,365.0
0.5834540438941265,0.0,0.6559953734999999,0.833826555,0.0,365.0
0.5984862421625712,0.0,0.6143277380000001,0.8233288475,0.0,365.0
0.6699477488673367,0.02994263,0.569715102,0.842059433,0.0,365.0
0.7696178951037926,0.1215035875,0.5904433505,0.8274843815,0.0,365.0
0.8228817041149257,0.2976178815,0.599294148,0.8003854435,0.0,365.0
0.823048236339077,0.479718772,0.5669113324999999,0.739586187,0.0,365.0
0.8142544469096245,0.6011656065,0.603762618,0.711907917,0.0,365.0
0.809590693629325,0.5624057775,0.658719947,0.73951783,0.0,365.0
0.8110559899026902,0.424473768,0.660454399,0.739950745,0.0,365.0
0.8091106389440252,0.21733385849999998,0.5967888725,0.6832806305000001,0.0,365.0
0.7802776598624558,0.0124450545,0.49087070850000003,0.6290033615,0.0,365.0
0.7063852694280979,0.0,0.4387638735,0.5846202345,0.0,365.0
0.6191381668189019,0.0,0.4344188835,0.589005286,0.0,365.0
0.5969868257004167,0.0,0.4054505345,0.5400928685,0.0,365.0
0.6155889142904875,0.001120805,0.35675397200000003,0.4343028945,0.0,365.0
0.7159272913604021,0.08977493249999999,0.3452528105,0.35452541,0.0,365.0
0.7953051850983562,0.205354743,0.38561193,0.337340742,0.0,365.0
0.8183083271693264,0.352756428,0.483344012,0.36516051000000005,0.0,365.0
0.8129477678208679,0.299426175,0.5508235859999999,0.3987243595,0.0,365.0
0.8035081069272614,0.255587871,0.546437285,0.4824124665,0.0,365.0
0.7947419984090189,0.1644973505,0.51282846,0.5558951670000001,0.0,365.0
0.7942934702799194,0.104125263,0.457778124,0.581664286,0.0,365.0
0.7977409208061622,0.0451347635,0.379966157,0.5643019695,0.0,365.0
0.7805949834346047,0.00297296,0.33482174249999996,0.5205293555,0.0,365.0
0.678233489702802,0.0,0.31576853,0.470031982,0.0,365.0
0.5879181059534366,0.0,0.2986850485,0.388191814,0.0,365.0
0.5846514529679627,0.0,0.294756691,0.32718451449999997,0.0,365.0
0.6359457628691931,0.017856274000000002,0.291842454,0.2801058395,0.0,365.0
0.7598079637049644,0.1110966645,0.2687740595,0.24943033799999997,0.0,365.0
0.8063176458327861,0.2474736535,0.26240797299999996,0.22480148049999998,0.0,365.0
0.8034392401723657,0.332505,0.27725544599999996,0.23533947449999998,0.0,365.0
0.7955281076101943,0.3354803555,0.314034244,0.261228785,0.0,365.0
0.7862296681149831,0.2981722565,0.3324508585,0.27464879249999996,0.0,365.0
0.7841081703810988,0.201125439,0.300695854,0.280869553,0.0,365.0
0.7833851591636929,0.10149016350000001,0.26676479799999997,0.27747343150000003,0.0,365.0
0.7775700346989323,0.008219375,0.248875723,0.278380815,0.0,365.0
0.699091053004522,0.0,0.21710463600000002,0.27389481299999996,0.0,365.0
0.5891866623947882,0.0,0.2276194365,0.28655048250000004,0.0,365.0
0.5516070275117229,0.0,0.2508972,0.3095623275,0.0,365.0
0.5506788246532295,0.0012020405,0.28153133799999996,0.3159993455,0.0,365.0
0.5493993568445155,0.068381619,0.300259921,0.320577418,0.0,365.0
0.60006219467251,0.194736407,0.324935142,0.33116362450000003,0.0,365.0
0.6774978230500261,0.40065263100000004,0.372403758,0.34370492799999997,0.0,365.0
0.6822134275922924,0.5534244655,0.42194452849999997,0.36236204650000003,0.0,365.0
0.6743210992375068,0.586215434,0.4356992475,0.38450234,0.0,365.0
0.6696859658608496,0.48598182199999995,0.3951137175,0.37557064900000003,0.0,365.0
0.6725442928995363,0.361534927,0.346744842,0.379935797,0.0,365.0
0.674959860512774,0.1918474095,0.29326152699999997,0.3971033785,0.0,365.0
0.6811237457680008,0.0165489135,0.261060727,0.388218474,0.0,365.0
0.6671734929600711,0.0,0.194292166,0.327670413,0.0,365.0
0.5769207526553821,0.0,0.10931583333333333,0.20030218666666666,0.0,365.0
0.5498669575320285,0.0,0.0671492615,0.1241990455,0.0,365.0
0.5488121785476631,0.0459221195,0.062707873,0.1338145055,0.0,365.0
0.5758554499967784,0.173573292,0.060113855,0.146756553,0.0,365.0
0.6471819286991223,0.3688155615,0.0777318545,0.154878095,0.0,365.0
0.6816719517628991,0.6208920035000001,0.1569373735,0.17098225649999998,0.0,365.0
0.6799266049777167,0.6979749925000001,0.24897048700000002,0.201208314,0.0,365.0
0.6717016145999567,0.6725888285,0.29470480099999996,0.220880599,0.0,365.0
0.6718898577515277,0.4678798215,0.2614449065,0.23764121300000002,0.0,365.0
0.6737633234279579,0.2102854775,0.219026811,0.251972398,0.0,365.0
0.6768466523109622,0.015585338,0.180661346,0.21854464299999998,0.0,365.0
0.6730131680013973,0.0,0.10162677249999999,0.1491483925,0.0,365.0
0.6251064303151677,0.0,0.061103467,0.113296578,0.0,365.0
0.5877345582363567,0.0,0.043466651499999995,0.0883782635,0.0,365.0
0.5842279001752275,0.0,0.043341781499999996,0.0798021535,0.0,365.0
0.6356843599535635,0.0374738715,0.064525937,0.09886780249999999,0.0,365.0
0.7544097736072632,0.23417439099999998,0.087182254,0.12503382600000001,0.0,365.0
0.7984079442961609,0.4640822385,0.1220371555,0.12906040500000002,0.0,365.0
0.7999751542440514,0.6357747715,0.1766757615,0.144249774,0.0,365.0
0.7952428472963013,0.7094400785,0.21605152649999998,0.16505316949999999,0.0,365.0
0.785411093162748,0.630306357,0.20502660849999998,0.17910629849999998,0.0,365.0
0.783360653458496,0.442932279,0.178783081,0.190107188,0.0,365.0
0.77929648787137,0.2218767575,0.167868847,0.20499599000000002,0.0,365.0
0.7736816581981149,0.0197819245,0.200715278,0.23519232299999998,0.0,365.0
0.7423724730778268,0.0,0.234851408,0.251006648,0.0,365.0
0.648882623816583,0.0,0.25889080600000003,0.26938704,0.0,365.0
0.5872380470271785,0.0,0.27210377750000003,0.29626083049999996,0.0,365.0
0.5847369549899784,0.0,0.2729718415,0.319791885,0.0,365.0
0.6063005365755655,0.00497602,0.279079389,0.34354558,0.0,365.0
0.665025521793388,0.081312898,0.273931,0.357319545,0.0,365.0
0.7542597649104026,0.22806797899999998,0.26950102249999996,0.373073341,0.0,365.0
0.7995213046405224,0.46807612349999994,0.3273100445,0.3762106845,0.0,365.0
0.8002694477380152,0.6245651615000001,0.3909548935,0.4261556305,0.0,365.0
0.7926900828753276,0.5666004714999999,0.454955757,0.504819966,0.0,365.0
0.7846282484379932,0.4385872435,0.4633801285,0.537873281,0.0,365.0
0.7839024646423294,0.335567614,0.440771712,0.529132949,0.0,365.0
0.7846624582345684,0.186056477,0.3667195435,0.5065274525,0.0,365.0
0.7783256905455911,0.024133399,0.27540316600000003,0.457694184,0.0,365.0
0.7375368659639954,0.0,0.241713025,0.406285674,0.0,365.0
0.6494321043607805,0.0,0.2595945085,0.374203756,0.0,365.0
0.5890230368906708,0.0,0.2948698995,0.3877973205,0.0,365.0
0.5860652108643787,0.0,0.345038138,0.3723233165,0.0,365.0
0.608324234495991,0.005471628,0.380265131,0.363671548,0.0,365.0
0.6657971869347041,0.068319154,0.401789518,0.365464813,0.0,365.0
0.7603279074851312,0.169994955,0.44553401550000005,0.402416703,0.0,365.0
0.8063392896893178,0.3117118245,0.5640663435,0.4748719755,0.0,365.0
0.8052409101068712,0.32607615749999996,0.6347755134999999,0.547306081,0.0,365.0
0.7986016207294666,0.3122067395,0.651745637,0.6078466775,0.0,365.0
0.7920347310018818,0.260849498,0.6215307285,0.644740909,0.0,365.0
0.7939484210601432,0.198712695,0.599327698,0.635554601,0.0,365.0
0.7971693717131096,0.09714625899999998,0.5558860655,0.6096278195,0.0,365.0
0.7799306878539225,0.0188920285,0.500761076,0.59678022,0.0,365.0
0.733380937820516,0.0,0.5022686,0.63318768,0.0,365.0
0.6492789653292754,0.0,0.4805970665,0.6267240095,0.0,365.0
0.5883617374353811,0.0,0.4903381455,0.653760581,0.0,365.0
0.5860980119698785,0.0,0.489020739,0.655851414,0.0,365.0
0.6081698657865553,0.005460021,0.470440028,0.646713053,0.0,365.0
0.7038598728308891,0.1813041455,0.4690051035,0.643412392,0.0,365.0
0.8044008254398802,0.446725822,0.536346699,0.648433788,0.0,365.0
0.8161659011591592,0.61329005,0.421315922,0.543841376,0.0,365.0
0.8093656246466434,0.6528033790000001,0.41448211749999997,0.4940700565,0.0,365.0
0.8013584363840045,0.607689613,0.40973366099999997,0.4330287615,0.0,365.0
0.792090584587513,0.4820744235,0.3691539485,0.37585943099999997,0.0,365.0
0.7912819370713639,0.353321416,0.328243566,0.348465484,0.0,365.0
0.7913551415718396,0.19222622150000002,0.285148411,0.342144404,0.0,365.0
0.7792450167002605,0.029209028,0.3373167105,0.376915961,0.0,365.0
0.7028731109468704,0.0,0.4423074985,0.48932205949999996,0.0,365.0
0.6107251567692298,0.0,0.506773122,0.5611740265,0.0,365.0
0.586123434535464,0.0,0.5713338635,0.6453362680000001,0.0,365.0
0.5989696955335433,0.00376079,0.6389076395,0.7279132884999999,0.0,365.0
0.6670580741506429,0.054423906,0.69699161,0.782743563,0.0,365.0
0.762804873840516,0.1666862775,0.7182242400000001,0.8204727885,0.0,365.0
0.8134028248353324,0.2972197385,0.7944466925,0.8291702345,0.0,365.0
0.807704818556574,0.350380733,0.7921761300000001,0.8078514415,0.0,365.0
0.8022634525531147,0.3118271805,0.7458758015,0.78404392,0.0,365.0
0.7952016167161984,0.2906923835,0.6631533195,0.7045464735,0.0,365.0
0.7939484210601432,0.20902788,0.594531589,0.611351898,0.0,365.0
0.7941303366064889,0.12069078,0.4811651065,0.5245738904999999,0.0,365.0
0.7803228704317524,0.02023487,0.309436587,0.439730332,0.0,365.0
0.7345501964869262,0.0,0.213833364,0.394650041,0.0,365.0
0.6340562878981058,0.0,0.182415267,0.355711008,0.0,365.0
0.5636642501191707,0.0,0.1254705585,0.2705091045,0.0,365.0
0.5549042457264944,0.0,0.079646389,0.168344655,0.0,365.0
0.5578878072708657,0.0569318875,0.0616749905,0.116169961,0.0,365.0
0.5778795056735906,0.233196299,0.0406851,0.092511148,0.0,365.0
0.6628041896499824,0.43237833449999996,0.049425010500000005,0.0804479515,0.0,365.0
0.6995100445045422,0.5889884940000001,0.069649215,0.068738724,0.0,365.0
0.6952140126983417,0.595336682,0.1085488745,0.09262785700000001,0.0,365.0
0.6904593463812868,0.5129321325,0.08881475250000001,0.10010280699999999,0.0,365.0
0.7017278438204997,0.36389604799999997,0.08276894800000001,0.1398139615,0.0,365.0
0.7112510616128939,0.152803091,0.085366562,0.181272867,0.0,365.0
0.702144331025814,0.0234018295,0.080331643,0.162139061,0.0,365.0
0.6486708214195626,0.0,0.09121059466666666,0.13792630266666664,0.0,365.0
0.5631172067987908,0.0,0.095779853,0.1705361795,0.0,365.0
0.5530402156554634,0.0,0.1175861015,0.16785259,0.0,365.0
0.5561628969987551,0.040185999,0.1082858435,0.1745649045,0.0,365.0
0.6067665048899169,0.23899767049999998,0.0891891325,0.14586414250000002,0.0,365.0
0.6945498065230182,0.45491254950000004,0.106578896,0.132759263,0.0,365.0
0.6935252574135102,0.548346533,0.115659389,0.1216431905,0.0,365.0
0.6871645653903332,0.546378046,0.143132529,0.149536191,0.0,365.0
0.6784928354629791,0.4903544795,0.17347427850000002,0.19562824950000002,0.0,365.0
0.6784946465793826,0.397896821,0.198666939,0.247028087,0.0,365.0
0.6849544352323129,0.21474075950000002,0.193519777,0.25680467549999997,0.0,365.0
0.6982176305974517,0.0336308875,0.205227312,0.2535104835,0.0,365.0
0.6760151313278264,0.0,0.242593919,0.27699355449999996,0.0,365.0
0.6012537679493155,0.0,0.25368908,0.3715234996666667,0.0,365.0
0.5860643612098295,0.0,0.235600726,0.4321934885,0.0,365.0
0.6376796839869039,0.066279005,0.1920518275,0.4180202745,0.0,365.0
0.7595474328458305,0.2814582655,0.12728701,0.3900432625,0.0,365.0
0.804378823826962,0.520730273,0.1222799665,0.3551470535,0.0,365.0
0.8022124286112262,0.646490643,0.1318210775,0.3363727865,0.0,365.0
0.7945312393444205,0.6336801145,0.13692910749999998,0.34709953000000004,0.0,365.0
0.7853162896096335,0.515455386,0.135994026,0.3592480715,0.0,365.0
0.7834443666985791,0.362884613,0.131820026,0.370664853,0.0,365.0
0.7829915903642097,0.1872322685,0.1305150125,0.3565671695,0.0,365.0
0.7768848107744913,0.0250965145,0.1342107425,0.3258844185,0.0,365.0
0.7395666010740507,0.0,0.125345875,0.307565234,0.0,365.0
0.6494891430228766,0.0,0.1291071405,0.3066415205,0.0,365.0
0.5873736563331214,0.0,0.1324423385,0.3281029735,0.0,365.0
0.5844309228760494,0.0,0.1451432195,0.3364858645,0.0,365.0
0.6354880450837759,0.064522394,0.1538969735,0.34132389799999996,0.0,365.0
0.7558316256238425,0.23290568550000001,0.1411451165,0.3236906135,0.0,365.0
0.8006792941831834,0.4317795755,0.172574217,0.287363484,0.0,365.0
0.8004346831458722,0.5144502655000001,0.203255783,0.2619415125,0.0,365.0
0.7929701557890914,0.471013605,0.2697399,0.31896482049999997,0.0,365.0
0.7840712775465759,0.3509113535,0.3860539105,0.4024173,0.0,365.0
0.7827934419760721,0.22982832,0.455673993,0.497502104,0.0,365.0
0.782984703722458,0.1213059895,0.49911004049999996,0.622823785,0.0,365.0
0.776925594192849,0.014509364,0.518889021,0.721387862,0.0,365.0
0.7379272598273682,0.0,0.426880235,0.679293041,0.0,365.0
0.6495276904975562,0.0,0.4392595625,0.7017544760000001,0.0,365.0
0.5874129416550449,0.0,0.45976291199999997,0.7323545825,0.0,365.0
0.5845740672656292,0.0,0.470587977,0.7424171505,0.0,365.0
0.6051297127418332,0.012552263,0.466226195,0.745060214,0.0,365.0
0.6999706466080469,0.11382176599999999,0.459258002,0.727918218,0.0,365.0
0.7999202844547453,0.30233165500000003,0.457940674,0.6801534755,0.0,365.0
0.8128828363187484,0.490963921,0.344437761,0.5595325955,0.0,365.0
0.8071672555780105,0.5937163905,0.31767216,0.510561963,0.0,365.0
0.8004173770349204,0.5839810485000001,0.30635302200000003,0.528182591,0.0,365.0
0.8050276021461011,0.44477980250000004,0.3024288965,0.5641540485000001,0.0,365.0
0.8059479120296198,0.23340506049999998,0.282229332,0.5583852364999999,0.0,365.0
0.7798075774171349,0.0468924295,0.28540630450000004,0.5713679970000001,0.0,365.0
0.7036947267609153,0.0,0.2151538515,0.496319568,0.0,365.0
0.6138307779506511,0.0,0.20012722700000002,0.458779749,0.0,365.0
0.5948036385388868,0.0,0.17687213499999999,0.420503088,0.0,365.0
0.6152091187070321,0.0087764675,0.164427475,0.392613331,0.0,365.0
0.7110885539794018,0.13920104049999998,0.1452117105,0.3753751915,0.0,365.0
0.8047371096956617,0.3557809295,0.1270641965,0.3355360515,0.0,365.0
0.8161362079188816,0.539299919,0.087026615,0.233876466,0.0,365.0
0.8089061852176572,0.644394382,0.092448334,0.22039352899999998,0.0,365.0
0.799723030457574,0.62532162,0.09497825800000001,0.2170818525,0.0,365.0
0.7912420480439726,0.498866545,0.10391254650000001,0.228279607,0.0,365.0
0.7919729298344068,0.347809535,0.111363648,0.237764888,0.0,365.0
0.797667000860389,0.203779466,0.109537722,0.244588841,0.0,365.0
0.7799215652684925,0.037111882,0.123750725,0.24470127749999998,0.0,365.0
0.7345297153049128,0.0,0.116992719,0.2173131,0.0,365.0
0.6532267729121138,0.0,0.1055728485,0.2001695735,0.0,365.0
0.6013198397464989,0.0,0.09307186149999999,0.20172108049999998,0.0,365.0
0.5978114153053837,0.0,0.09027059600000001,0.19516933949999998,0.0,365.0
0.6299100188396848,0.022688477,0.087696976,0.174559789,0.0,365.0
0.7087003095209876,0.13380639649999998,0.079202365,0.1480428335,0.0,365.0
0.8017953823693855,0.348420954,0.0810938615,0.1191867815,0.0,365.0
0.8073159898605233,0.5560135195,0.0825447545,0.0888019865,0.0,365.0
0.8009384388206642,0.585880077,0.083753698,0.083277396,0.0,365.0
0.7900561540429667,0.4899704445,0.0898314355,0.0934370515,0.0,365.0
0.7849007638661736,0.3102284585,0.08765154950000001,0.10418271700000001,0.0,365.0
0.7852269417402001,0.162909038,0.07505477899999999,0.0969273875,0.0,365.0
0.7780363161682045,0.0341419795,0.0665736925,0.08358492949999999,0.0,365.0
0.7358778486558586,0.0,0.07270081,0.088468263,0.0,365.0
0.6348898436122559,0.0,0.07698920549999999,0.0841145545,0.0,365.0
0.5651393620213165,0.0,0.0917419835,0.086171233,0.0,365.0
0.5546357325545026,0.0,0.11180756950000001,0.10584481500000001,0.0,365.0
0.5525537437571522,0.09257784050000001,0.131350583,0.143386065,0.0,365.0
0.6002200068040353,0.3386475055,0.1415754905,0.1599088565,0.0,365.0
0.6780084206301527,0.633506538,0.232056967,0.1880876095,0.0,365.0
0.6824778042988439,0.776859537,0.335723875,0.24322557900000003,0.0,365.0
0.6751650296844395,0.7690546705,0.42342451999999997,0.300258539,0.0,365.0
0.6706308710573513,0.6186451565,0.462859389,0.32453838199999996,0.0,365.0
0.6741186578402063,0.423176026,0.445710646,0.332555528,0.0,365.0
0.6773401003913353,0.216086693,0.4435549435,0.353917922,0.0,365.0
0.6893123128749299,0.0264423345,0.48123922649999995,0.38863478799999995,0.0,365.0
0.6777187332327967,0.0,0.503962847,0.419659679,0.0,365.0
0.6338588996916827,0.0,0.5018817085,0.4289407685,0.0,365.0
0.5608365554481453,0.0,0.49295225249999997,0.4303408745,0.0,365.0
0.5503482196282641,0.0,0.4766204635,0.4271625735,0.0,365.0
0.5496572493346433,0.048410337000000005,0.461039761,0.4231040565,0.0,365.0
0.601118449351363,0.20653104100000003,0.4355059255,0.42100974150000003,0.0,365.0
0.680835757679743,0.383788168,0.4539935875,0.425592088,0.0,365.0
0.6828575551458822,0.479558241,0.4784613495,0.421232734,0.0,365.0
0.6758037909597068,0.465581661,0.4488872095,0.410110994,0.0,365.0
0.6715102187117947,0.364511196,0.37493177099999997,0.3916378225,0.0,365.0
0.6745204549691044,0.237704565,0.322431418,0.363740518,0.0,365.0
0.678641949903825,0.11395386599999999,0.29030484850000005,0.33891935949999996,0.0,365.0
0.6863935933598437,0.013407841,0.250532756,0.3328149375,0.0,365.0
0.677449437409668,0.0,0.211929942,0.277907382,0.0,365.0
0.6495926890705638,0.0,0.1770633255,0.2633185065,0.0,365.0
0.5877438821019261,0.0,0.1653198985,0.24656370900000002,0.0,365.0
0.5850729709622078,0.0,0.157296577,0.237538541,0.0,365.0
0.6354471945270544,0.054268766,0.166138469,0.2393275885,0.0,365.0
0.7556296761921804,0.21125450750000002,0.169092943,0.213897191,0.0,365.0
0.8003771749875599,0.401445169,0.18225217649999997,0.2001715435,0.0,365.0
0.8005461220335824,0.5047538565,0.20423444899999998,0.212997347,0.0,365.0
0.7932043474246784,0.48202305749999996,0.2357789185,0.2657609035,0.0,365.0
0.7844786645009312,0.3567140985,0.2551903135,0.4140692815,0.0,365.0
0.7831130014244233,0.236420138,0.295944984,0.489237762,0.0,365.0
0.7831808843829939,0.12364330200000001,0.3349995275,0.530977161,0.0,365.0
0.7768848107744913,0.023128390999999998,0.379944467,0.5810656235,0.0,365.0
0.7390609224755498,0.0,0.360600986,0.559129845,0.0,365.0
0.649530082917481,0.0,0.382359748,0.533601266,0.0,365.0
0.5871866652614276,0.0,0.41012555900000003,0.564623438,0.0,365.0
0.5841059300110121,0.0,0.441966038,0.606309872,0.0,365.0
0.6353474495903677,0.060942459500000004,0.4420125925,0.6146055884999999,0.0,365.0
0.7324673803694974,0.172822244,0.412727522,0.566918522,0.0,365.0
0.7926505068679057,0.356872314,0.368192996,0.50156199,0.0,365.0
0.8027058989585943,0.5804404075,0.2415868485,0.3501167505,0.0,365.0
0.8005147295516825,0.695937819,0.200382832,0.300728246,0.0,365.0
0.7939685445532458,0.692364899,0.18072006499999999,0.3139603995,0.0,365.0
0.7848684323243655,0.5536432685,0.187294609,0.39000836699999997,0.0,365.0
0.7831130014244233,0.399378943,0.205180422,0.441880384,0.0,365.0
0.783368971058318,0.2203641215,0.21661811450000001,0.47780659449999996,0.0,365.0
0.7778373181255177,0.0392020085,0.2381207595,0.5227482194999999,0.0,365.0
0.7042489922124384,0.0,0.17176415849999999,0.4466916745,0.0,365.0
0.6090330028662018,0.0,0.17413197749999998,0.433171737,0.0,365.0
0.5834113598865308,0.0,0.1571418765,0.424368209,0.0,365.0
0.5962814335464561,0.0112314295,0.161172879,0.42457902550000004,0.0,365.0
0.6656563230902683,0.126640182,0.158707962,0.403706933,0.0,365.0
0.7603132845470787,0.294868026,0.130766697,0.3682014855,0.0,365.0
0.8081268284489818,0.5889617665,0.10999886,0.31616540299999996,0.0,365.0
0.8028285622336366,0.7898029,0.109935102,0.28419960899999996,0.0,365.0
0.7943567024729407,0.8226313795,0.1266250875,0.2917046715,0.0,365.0
0.7853649882699609,0.6296838555,0.14820991300000003,0.3230993085,0.0,365.0
0.7841489537994564,0.473352391,0.163234009,0.342221672,0.0,365.0
0.7854280862537304,0.271585835,0.1834803605,0.357585756,0.0,365.0
0.778237773701704,0.0584713345,0.243648509,0.418022435,0.0,365.0
0.7047736985654599,0.0,0.2134013795,0.42664013300000003,0.0,365.0
0.6088445361000202,0.0,0.2037298315,0.456948527,0.0,365.0
0.5822281713254192,0.0,0.1974961025,0.4357314235,0.0,365.0
0.5956052204676154,0.016014153,0.1990355345,0.425143649,0.0,365.0
0.6993178212963019,0.1762658935,0.1683523575,0.39459382750000005,0.0,365.0
0.7863979444521256,0.358789396,0.143446211,0.353326927,0.0,365.0
0.8064035950840229,0.5730272064999999,0.1267683875,0.2846358745,0.0,365.0
0.8018624156734071,0.7322729845,0.1282048065,0.239405069,0.0,365.0
0.7945703233862041,0.701208458,0.12753448750000002,0.23703231600000002,0.0,365.0
0.7860983294162565,0.5240805985,0.1276229055,0.229079892,0.0,365.0
0.7841654997961692,0.347078717,0.129425066,0.213647294,0.0,365.0
0.7836803917850403,0.1788010115,0.1360987445,0.23426800450000002,0.0,365.0
0.7762291011446589,0.035693133499999995,0.17065250199999998,0.2826963515,0.0,365.0
0.6798899878715696,0.0,0.19020658899999998,0.2945989073333333,0.0,365.0
0.5870678254318565,0.0,0.221740203,0.2574954175,0.0,365.0
0.5837693104007905,0.0,0.2581432925,0.30293697350000004,0.0,365.0
0.63545935804177,0.053885253999999994,0.300451594,0.357908752,0.0,365.0
0.7560894733775532,0.226415759,0.30048000350000004,0.37826388050000004,0.0,365.0
0.8045877047042689,0.42827614599999997,0.315206131,0.36492323849999997,0.0,365.0
0.8031642204494794,0.5543841615,0.363608628,0.388037961,0.0,365.0
0.7954447519915462,0.5674063659999999,0.4042903925,0.4399364055,0.0,365.0
0.7876050798168595,0.489325898,0.419340544,0.480284887,0.0,365.0
0.7843496959551344,0.353529628,0.4254996125,0.49387312299999997,0.0,365.0
0.7828884244073799,0.188246911,0.41086318,0.49583300799999996,0.0,365.0
0.7757805730155596,0.043245939000000004,0.42252877050000004,0.4956829495,0.0,365.0
0.7419385680217314,0.0,0.404587009,0.452577439,0.0,365.0
0.6328965543099294,0.0,0.399065742,0.4617270365,0.0,365.0
0.5600573999596097,0.0,0.38370005549999997,0.4827272935,0.0,365.0
0.5481002799102836,0.0,0.395921451,0.5215618765000001,0.0,365.0
0.5485347216684348,0.058752395,0.402572638,0.57012388,0.0,365.0
0.5995089801556758,0.2017934605,0.409022233,0.6028517705,0.0,365.0
0.680364847846868,0.39963685849999997,0.382908111,0.582976757,0.0,365.0
0.6822924902017775,0.5432766025,0.40434607499999997,0.6087606830000001,0.0,365.0
0.6745588235655906,0.606761084,0.45305959,0.677066405,0.0,365.0
0.6699681405765154,0.5351203165,0.4847449895,0.7268768365,0.0,365.0
0.6722147164073133,0.395354402,0.501689655,0.764922635,0.0,365.0
0.6744553223217966,0.231152865,0.5288520324999999,0.795420837,0.0,365.0
0.6750973480060085,0.052347994999999994,0.5885105255,0.825481742,0.0,365.0
0.6442783166204112,0.0,0.5841409576666666,0.7752287346666668,0.0,365.0
0.5597281588218266,0.0,0.597062293,0.7873093870000001,0.0,365.0
0.5481232429175806,0.0,0.588735446,0.789397944,0.0,365.0
0.5481875260452909,0.0950832395,0.5563149334999999,0.7525942295,0.0,365.0
0.597414268942035,0.2920112945,0.4472534165,0.6817640444999999,0.0,365.0
0.6750664250203245,0.5290184645,0.390689768,0.5722888245,0.0,365.0
0.6814978620531645,0.6868623355,0.3749931515,0.5164702704999999,0.0,365.0
0.6746952825935584,0.6686736055,0.369228478,0.46870322600000003,0.0,365.0
0.6706805311120574,0.558332812,0.3493939015,0.4154954125,0.0,365.0
0.6723575030405066,0.410615261,0.278187438,0.401627008,0.0,365.0
0.6736256793910007,0.226710454,0.204051604,0.38417144000000003,0.0,365.0
0.6748800153196277,0.046970812,0.176600722,0.33293002000000005,0.0,365.0
0.6549691309717433,0.0,0.14113696666666667,0.2571427846666667,0.0,365.0
0.5867463877962138,0.0,0.094132145,0.2091582485,0.0,365.0
0.5839116051358211,0.0,0.0763656375,0.166871708,0.0,365.0
0.6061409803310489,0.040488216,0.074477465,0.177508093,0.0,365.0
0.6982495597814073,0.1473359735,0.0684948735,0.150592911,0.0,365.0
0.7873223685340895,0.37889043,0.0584886765,0.11817771199999999,0.0,365.0
0.8007364893890021,0.6039186635,0.042802734999999995,0.08450433099999999,0.0,365.0
0.7976884658387274,0.6742329235,0.041217128000000006,0.0909935135,0.0,365.0
0.787825185081498,0.6174560325,0.0501190515,0.126704977,0.0,365.0
0.7816644300934399,0.436456288,0.0705592095,0.1962800995,0.0,365.0
0.7787297236181672,0.2359205315,0.1009024255,0.287029811,0.0,365.0
0.772574245435597,0.056927391,0.1424830615,0.3540499205,0.0,365.0
0.7424725087000121,0.0,0.147942329,0.392998991,0.0,365.0
0.6484686409059744,0.0,0.15455816249999998,0.384023861,0.0,365.0
0.5870036094425101,0.0,0.164806565,0.40907219250000004,0.0,365.0
0.5839263175467082,0.0,0.1901908835,0.44315616700000005,0.0,365.0
0.6062495573026184,0.023752414,0.214912251,0.46798649,0.0,365.0
0.6980232386513728,0.132636924,0.22838035750000002,0.4935995645,0.0,365.0
0.7880958223898626,0.323453054,0.231350843,0.496507256,0.0,365.0
0.8025619496508827,0.496504867,0.222992294,0.410826605,0.0,365.0
0.8009990325772036,0.6329909905,0.25437309799999996,0.459760398,0.0,365.0
0.7973565191935745,0.677743071,0.281611657,0.499532599,0.0,365.0
0.7887508165743977,0.584923897,0.304420963,0.514620255,0.0,365.0
0.7833420951327157,0.431595445,0.31733102550000003,0.533424895,0.0,365.0
0.7828729964837199,0.22306873100000002,0.32765507299999996,0.565699994,0.0,365.0
0.7758116971464319,0.053240340000000004,0.3411910415,0.576557651,0.0,365.0
0.7419385680217314,0.0,0.262434336,0.448747819,0.0,365.0
0.6487790106980078,0.0,0.248602732,0.37959244000000003,0.0,365.0
0.5870515478536472,0.0,0.216892586,0.3195674285,0.0,365.0
0.5838834323939243,0.0,0.21155621949999998,0.30658842750000004,0.0,365.0
0.6060677312291074,0.018564797,0.209850465,0.298294997,0.0,365.0
0.6984003509944534,0.1189443505,0.190124807,0.275278327,0.0,365.0
0.7910898258053803,0.286720855,0.17156700749999998,0.2476774595,0.0,365.0
0.8044632079783524,0.39996958,0.102305332,0.153565827,0.0,365.0
0.8025568963925296,0.4749297345,0.119642423,0.12693630849999998,0.0,365.0
0.7956933430180511,0.474945205,0.1230093825,0.143593105,0.0,365.0
0.7862450960386432,0.356247925,0.1117430915,0.15882787199999998,0.0,365.0
0.7841654997961692,0.253378134,0.10395675,0.162002392,0.0,365.0
0.7826254786588989,0.139923219,0.0928469935,0.1582456925,0.0,365.0
0.7749607011795543,0.0266072155,0.0906209,0.16310909499999998,0.0,365.0
0.7074726706397698,0.0,0.0810238405,0.1591230085,0.0,365.0
0.6076090043113033,0.0,0.06707205050000001,0.1556100995,0.0,365.0
0.5804732101241201,0.0,0.059860443,0.1303035085,0.0,365.0
0.5959229241306216,0.0076428175,0.052302415,0.1057498575,0.0,365.0
0.6980674206879269,0.083465218,0.041133067499999995,0.1167950005,0.0,365.0
0.7870257943600303,0.2257974295,0.0427331715,0.13847315300000002,0.0,365.0
0.7999996600841996,0.372841136,0.0483925075,0.101578733,0.0,365.0
0.7979620992724847,0.42461598300000003,0.0528802015,0.07209028149999999,0.0,365.0
0.7872868171848026,0.39914821450000004,0.047127929,0.06690783750000001,0.0,365.0
0.780760442457072,0.29006728950000005,0.0468039315,0.085865057,0.0,365.0
0.7799850210086487,0.143467189,0.045279783500000004,0.074775011,0.0,365.0
0.7730869000812084,0.030800854,0.046353318000000004,0.0547675935,0.0,365.0
0.7059495978570647,0.0,0.0440344075,0.038719268,0.0,365.0
0.6050313540267996,0.0,0.031418017,0.0375750685,0.0,288.0
0.5770555645105087,0.0,0.024391779000000002,0.0529772155,0.0,288.0
0.5916152431772904,0.008643173,0.023220318,0.050352113000000004,0.0,288.0
0.658162683864207,0.058445591,0.018012269,0.050812788,0.0,288.0
0.7484202240108524,0.1361672235,0.012437578500000001,0.0550934765,0.0,288.0
0.7966333291654513,0.29361791,0.015169733500000001,0.0640611875,0.0,288.0
0.7998912620582992,0.410951167,0.0273890665,0.072961944,0.0,288.0
0.7942042117483691,0.4405478315,0.037136223499999996,0.1212762345,0.0,288.0
0.784019225071945,0.373955943,0.057081817,0.1897285935,0.0,288.0
0.7801961824310993,0.278235572,0.061088896,0.204504302,0.0,288.0
0.776667701702721,0.136009017,0.053019064,0.198570828,0.0,288.0
0.76672379323616,0.029117452500000002,0.047317158,0.1624819045,0.0,288.0
0.735808713549935,0.0,0.046116675,0.148356245,0.0,288.0
0.6295016928254216,0.0,0.045906602500000004,0.1594386085,0.0,288.0
0.5550880169907093,0.0,0.047646865499999996,0.1646363605,0.0,288.0
0.543266975878494,0.0,0.052686662999999995,0.1573528615,0.0,288.0
0.5438618682046521,0.033039463500000005,0.053324768,0.1361829765,0.0,288.0
0.5933645251477735,0.129735779,0.0513521015,0.11865407750000001,0.0,288.0
0.6734146073739089,0.2639704885,0.043853233000000005,0.1041310485,0.0,288.0
0.6810639569295933,0.376759134,0.039019638499999995,0.1112068735,0.0,288.0
0.6752235217065525,0.41462619850000004,0.0510343455,0.12859653199999999,0.0,288.0
0.6713336023728835,0.339557299,0.0664096235,0.1497922705,0.0,288.0
0.673099653887214,0.262927301,0.061940391,0.146154321,0.0,288.0
0.6725953168414249,0.148477953,0.0498042315,0.1155681425,0.0,288.0
0.6716539444723716,0.0349020015,0.051422804,0.082801265,0.0,288.0
0.6410683519179946,0.0,0.041577143000000004,0.07264843166666667,0.0,288.0
0.5557454259971156,0.0,0.0394949125,0.0634185765,0.0,288.0
0.5440035144977977,0.0,0.0367876325,0.062144445,0.0,288.0
0.544326405560933,0.051700532,0.0302106385,0.06838650099999999,0.0,288.0
0.593332819645904,0.1999324105,0.0233287825,0.06714213299999999,0.0,288.0
0.6740034402434423,0.3942509885,0.023049523000000002,0.061916783,0.0,288.0
0.6820180741843591,0.5229277935,0.0251313455,0.0654067605,0.0,288.0
0.6792427002715168,0.508542807,0.030598949,0.077677139,0.0,288.0
0.6731295259382092,0.490519939,0.0345461985,0.1072050115,0.0,288.0
0.6729193035756664,0.365444996,0.043864159,0.15365205850000002,0.0,288.0
0.6733224198553296,0.187242024,0.0582383895,0.18178710450000002,0.0,288.0
0.6709003904276147,0.049391775,0.071499865,0.18229078799999998,0.0,288.0
0.6664281224408362,0.0,0.071426706,0.1682300005,0.0,288.0
0.6045426908537519,0.0,0.065594064,0.178633717,0.0,288.0
0.5776962933784262,0.0,0.0658302925,0.18888278,0.0,288.0
0.5920265206480048,0.012440493,0.071146935,0.2060458175,0.0,288.0
0.6919978916891178,0.117685198,0.072885662,0.2080020365,0.0,288.0
0.7832869570598576,0.262510083,0.0828514135,0.2178702535,0.0,288.0
0.798541742553176,0.390481544,0.090568529,0.2058757555,0.0,288.0
0.7968412262464328,0.4386092,0.12263266450000002,0.2518374555,0.0,288.0
0.786603113623791,0.3890492775,0.13923923500000002,0.2955569695,0.0,288.0
0.7795645762160872,0.296593962,0.15877842650000001,0.3454089655,0.0,288.0
0.7771636763447951,0.1577704315,0.181130396,0.3887096765,0.0,288.0
0.7686194617381724,0.036535706,0.198052517,0.41241576,0.0,288.0
0.7023903506867248,0.0,0.167191139,0.39552740799999997,0.0,288.0
0.6053104208097675,0.0,0.177491384,0.3941628015,0.0,288.0
0.5778782088572962,0.0,0.17334230750000001,0.3736322975,0.0,288.0
0.5917996852853369,0.0113727415,0.1567260035,0.352215933,0.0,288.0
0.692320402661396,0.10644351,0.1388376175,0.3285307645,0.0,288.0
0.7912226401985947,0.2598345945,0.136665078,0.3103617575,0.0,288.0
0.804363530045078,0.44606821399999996,0.09887627800000001,0.227639231,0.0,288.0
0.7992722664522722,0.5778315199999999,0.1063720225,0.2328849755,0.0,288.0
0.7881150960934646,0.585973144,0.10229917999999999,0.24198035750000002,0.0,288.0
0.78101529408539,0.45058048,0.1031851215,0.25063087,0.0,288.0
0.7784757663808157,0.2178110905,0.10726957100000001,0.26264213449999996,0.0,288.0
0.7701843910734434,0.0506108775,0.11769146150000001,0.258556898,0.0,288.0
0.7003237451440931,0.0,0.0918487,0.21099667449999998,0.0,288.0
0.6062250290605236,0.0,0.0833562575,0.2075855025,0.0,288.0
0.580361435814494,0.0,0.081302586,0.21947474150000001,0.0,288.0
0.5923940185074931,0.020687084,0.0766270055,0.221363284,0.0,288.0
0.6926956816885539,0.167221785,0.06414123099999999,0.209906462,0.0,288.0
0.7870596464002191,0.398250549,0.057594533,0.184455503,0.0,288.0
0.7995003316278223,0.579293399,0.040564761,0.122342276,0.0,288.0
0.798406423865256,0.7271706355,0.0438589775,0.12708681,0.0,288.0
0.7928965041268703,0.7537400615000001,0.049324817,0.1295230885,0.0,288.0
0.7829849719385343,0.6318690149999999,0.052893313,0.139385075,0.0,288.0
0.7792297229183763,0.4538423,0.058271176,0.153526031,0.0,288.0
0.7761308095679892,0.2575121515,0.06554806299999999,0.162329981,0.0,288.0
0.768003193973986,0.06889669250000001,0.08635939349999999,0.1793615875,0.0,288.0
0.7021539007729889,0.0,0.070295653,0.146542923,0.0,288.0
0.5967086234391533,0.0,0.07664349366666667,0.17852054466666667,0.0,288.0
0.5808496964947379,0.0,0.0861023175,0.20487801649999998,0.0,288.0
0.6013412823228909,0.057123509,0.094667286,0.208989539,0.0,288.0
0.6922357726284001,0.192487069,0.07579515349999999,0.19485095800000002,0.0,288.0
0.7839966868244469,0.424521238,0.06451564,0.16539571349999999,0.0,288.0
0.7984807463038329,0.610020295,0.048084838,0.116963915,0.0,288.0
0.7988182379030743,0.7297891575,0.064564044,0.1217486945,0.0,288.0
0.7930671505494669,0.7226189645000001,0.0855310025,0.145540212,0.0,288.0
0.7830551802461418,0.5689686355,0.0949820765,0.18166546249999999,0.0,288.0
0.7792297229183763,0.41440131,0.095676773,0.198065245,0.0,288.0
0.7758772547559657,0.2284416385,0.089945052,0.197276576,0.0,288.0
0.766958476702434,0.0540636665,0.09848277999999999,0.1885291745,0.0,288.0
0.7024604919234444,0.0,0.080233159,0.163912044,0.0,288.0
0.6050861567452177,0.0,0.073983064,0.15793904,0.0,288.0
0.5778278109553462,0.0,0.0790622205,0.169620408,0.0,288.0
0.5918757293000072,0.018419728,0.078481803,0.17248213950000002,0.0,288.0
0.6921130198805234,0.1257637175,0.0640555115,0.15177833400000001,0.0,288.0
0.7724653107751168,0.253512872,0.051420363,0.133842036,0.0,288.0
0.797120225891037,0.3890845555,0.0428180675,0.126170282,0.0,288.0
0.7985547109185476,0.501079175,0.040899037,0.1244312705,0.0,288.0
0.7927668648047175,0.523836121,0.0432020405,0.121419597,0.0,288.0
0.7827594111251659,0.434757898,0.045195175000000004,0.137318345,0.0,288.0
0.77875302204738,0.310711693,0.050323859,0.15175178,0.0,288.0
0.7759519349509292,0.188114395,0.053854192999999995,0.1551987645,0.0,288.0
0.7677587170784508,0.046075832500000004,0.0563709705,0.1514959535,0.0,288.0
0.6650254919691099,0.0,0.040021936,0.11579391300000001,0.0,288.0
0.5557403951407089,0.0,0.0283843015,0.117251417,0.0,288.0
0.5443013184172634,0.0,0.0309663955,0.1450459705,0.0,288.0
0.5444257256703453,0.07211543249999999,0.0316110035,0.153583386,0.0,288.0
0.5701651352104278,0.183793972,0.028960594,0.152096298,0.0,288.0
0.6438980813425259,0.301398284,0.029034360000000002,0.1441618155,0.0,288.0
0.6806987173482539,0.4554648415,0.023749195,0.10833032000000001,0.0,288.0
0.6793006109226327,0.5642028205,0.0249879,0.109978543,0.0,288.0
0.6714678701935906,0.518643135,0.027878438999999998,0.11614605850000001,0.0,288.0
0.6699463626456834,0.385493656,0.039283952,0.130917764,0.0,288.0
0.6720622258176933,0.2631012275,0.0533602875,0.139936675,0.0,288.0
0.6723470836387824,0.0954352335,0.060840055500000004,0.1380250745,0.0,288.0
0.6691004644711491,0.004283325,0.062718928,0.1300143175,0.0,288.0
0.6296920377788946,0.0,0.050161984,0.1063503545,0.0,288.0
0.5558307715428847,0.0,0.043608099,0.108774021,0.0,288.0
0.5448773840666135,0.0,0.0493570285,0.1232016135,0.0,288.0
0.544509304836128,0.071536587,0.050322157000000006,0.12309528249999999,0.0,288.0
0.5701651352104278,0.149467885,0.051295309,0.13323013,0.0,288.0
0.6440324385011161,0.283053328,0.0517793785,0.1382064425,0.0,288.0
0.6804941741490513,0.412130636,0.039223948999999994,0.106548921,0.0,288.0
0.6808758703217449,0.461754188,0.037487394,0.118164527,0.0,288.0
0.6752235217065525,0.4685384735,0.047267439499999994,0.142395722,0.0,288.0
0.670871166751029,0.3718391985,0.060992492,0.1820259525,0.0,288.0
0.6722551868057016,0.2479834365,0.07868283849999999,0.2250654275,0.0,288.0
0.6724961308737887,0.124145628,0.09516122,0.256767366,0.0,288.0
0.6725870662450151,0.0417374775,0.115489006,0.27763848599999996,0.0,288.0
0.6680325159087479,0.0,0.1171817245,0.264449259,0.0,288.0
0.6053470900971556,0.0,0.0969494045,0.2559413325,0.0,288.0
0.578068218456329,0.0,0.0919341615,0.294619245,0.0,288.0
0.5923836661766568,0.022660214,0.092692782,0.319631609,0.0,288.0
0.6920678987840614,0.143732257,0.1008895185,0.3153416945,0.0,288.0
0.771627193768252,0.300356918,0.117660873,0.321829153,0.0,288.0
0.7965665195435159,0.44661742449999997,0.12301672799999999,0.306459384,0.0,288.0
0.7997571955852077,0.517378422,0.115897467,0.298929466,0.0,288.0
0.7993859859526022,0.5380614845,0.12144363999999999,0.3381642925,0.0,288.0
0.7918275047647317,0.500604204,0.144006241,0.397580767,0.0,288.0
0.7846801667033723,0.450830865,0.18055042999999998,0.4638437645,0.0,288.0
0.7801965401874859,0.312358848,0.238916878,0.525964858,0.0,288.0
0.776495356038502,0.168629631,0.2530090785,0.543064921,0.0,288.0
0.7671149472812475,0.042840113500000006,0.247507362,0.5266426515,0.0,288.0
0.6756747627653535,0.0,0.202852495,0.4401823603333333,0.0,288.0
0.5835611002998395,0.0,0.2071017685,0.4016788985,0.0,288.0
0.5806702405066808,0.0,0.1995683825,0.4257563765,0.0,288.0
0.6013049707918894,0.036752699,0.190842841,0.435535627,0.0,288.0
0.6921698796644262,0.1144472745,0.19066550399999999,0.4065121735,0.0,288.0
0.7854971318868195,0.240368245,0.18975271100000002,0.35871375250000004,0.0,288.0
0.799714310364948,0.296978813,0.1531556475,0.2779899855,0.0,288.0
0.7969518154121185,0.3367526155,0.114080297,0.2706907935,0.0,288.0
0.7866308392039426,0.345306864,0.103275877,0.274537812,0.0,288.0
0.7795931961197295,0.268959185,0.09849527450000001,0.28369061399999995,0.0,288.0
0.7768328029688019,0.1565436775,0.0866253475,0.2665578845,0.0,288.0
0.7687135945149313,0.0437031065,0.073847816,0.21694246350000002,0.0,288.0
0.7014234215428343,0.0,0.0494218955,0.13800827,0.0,288.0
0.6058111578897447,0.0,0.037414131,0.096244462,0.0,288.0
0.5788204309483743,0.0,0.0590213015,0.086033128,0.0,288.0
0.5918493453400431,0.0231007085,0.10644015500000001,0.101289403,0.0,288.0
0.6923701297869901,0.13481545749999999,0.1510607975,0.151820318,0.0,288.0
0.7833794351964596,0.29025370500000003,0.2774547905,0.22821485249999998,0.0,288.0
0.798816985823197,0.329003393,0.45308802049999997,0.33521703950000004,0.0,288.0
0.7992747707469781,0.25969822,0.520706882,0.420706959,0.0,288.0
0.793228137684578,0.244460515,0.5965348525,0.509423247,0.0,288.0
0.7850812483194972,0.203144965,0.658860465,0.601698326,0.0,288.0
0.7797207785113489,0.136000609,0.6863668775,0.6775932625000001,0.0,288.0
0.7759485810016742,0.057661198500000004,0.7256688245,0.7609155645000001,0.0,288.0
0.7677779013092183,0.008174415,0.7845495255,0.8147789085,0.0,288.0
0.7360838228131316,0.0,0.817696216,0.849139654,0.0,288.0
0.6451161504090931,0.0,0.857717162,0.8623410235,0.0,288.0
0.5825033252575571,0.0,0.8883833025,0.8807598889999999,0.0,288.0
0.5796287653770784,0.0,0.9061571335,0.9029052005,0.0,288.0
0.6296899359769925,0.0361311865,0.9173134629999999,0.914349069,0.0,288.0
0.7486863224284486,0.150502625,0.919619092,0.918681735,0.0,288.0
0.7975540862781909,0.3444070165,0.911858193,0.914398791,0.0,288.0
0.7984212257489773,0.5475784115,0.872357865,0.8647604565,0.0,288.0
0.7928965041268703,0.653418571,0.8215834584999999,0.8166962885,0.0,288.0
0.7829644460875795,0.5477580635,0.7744597265,0.751530787,0.0,288.0
0.7778235448420143,0.34945286649999996,0.7042490625,0.6662180375,0.0,288.0
0.7754041314488348,0.177650409,0.620256245,0.598376492,0.0,288.0
0.7681054208034321,0.064740382,0.571672534,0.532922219,0.0,288.0
0.7021539007729889,0.0,0.5218653520000001,0.5129676519999999,0.0,288.0
0.605779072297018,0.0,0.489662333,0.52638169,0.0,288.0
0.578689852498838,0.0,0.4419681995,0.4941980535,0.0,288.0
0.5921253041228371,0.019835154,0.3801447745,0.4293829,0.0,288.0
0.6923968044999285,0.1311688865,0.3516440375,0.380605655,0.0,288.0
0.7724653107751168,0.242841497,0.374921986,0.354480624,0.0,288.0
0.7971161117600674,0.33380751,0.385815963,0.331912698,0.0,288.0
0.7984029805106422,0.3894357975,0.385364579,0.338880669,0.0,288.0
0.7920670178072726,0.395594718,0.379751733,0.39554323449999995,0.0,288.0
0.7823918237253673,0.354926128,0.3376416405,0.4127500965,0.0,288.0
0.7786374690287,0.271116352,0.307420947,0.409107015,0.0,288.0
0.7766820116882801,0.1595709925,0.27216723350000005,0.4000790325,0.0,288.0
0.7686830963565218,0.03595751,0.243017431,0.378864936,0.0,288.0
0.6946808992726636,0.0,0.2797882435,0.370305283,0.0,288.0
0.5849643269872261,0.0,0.316380168,0.391338099,0.0,288.0
0.5451274508550817,0.0,0.342161523,0.436134522,0.0,288.0
0.5450663874673748,0.0135078245,0.368653958,0.50323718,0.0,288.0
0.5568740353194683,0.0807236115,0.397095089,0.5754036595,0.0,288.0
0.6203196560709153,0.168777571,0.452970736,0.603265194,0.0,288.0
0.6788930227556134,0.2703913975,0.48525189550000003,0.596600022,0.0,288.0
0.6823886576420747,0.303212996,0.541954633,0.6042427265,0.0,288.0
0.6745365536691204,0.35741895,0.559862548,0.6377099905,0.0,288.0
0.6703935938910127,0.400688993,0.54273934,0.668940122,0.0,288.0
0.6709407713531685,0.3253743095,0.5396120145,0.6929063344999999,0.0,288.0
0.6729682705195459,0.221037518,0.527803103,0.690182512,0.0,288.0
0.6767942197454739,0.09007561850000001,0.46528718199999997,0.6633695705,0.0,288.0
0.6728063889259925,0.0045275195,0.380926571,0.5912901655,0.0,288.0
0.6296920377788946,0.0,0.34064542,0.5715960625000001,0.0,288.0
0.5557023618986627,0.0,0.31650535150000003,0.5613708385,0.0,288.0
0.5439860965795409,0.0,0.2971485355,0.5606138265,0.0,288.0
0.5444083748229764,0.0392520935,0.2921787945,0.533726197,0.0,288.0
0.5959290953270759,0.103978974,0.339912883,0.516357954,0.0,288.0
0.6781876083346577,0.1963682795,0.413452908,0.5610419209999999,0.0,288.0
0.6829931197154079,0.214497343,0.50171875,0.611757723,0.0,288.0
0.6746466286696482,0.194537792,0.5900274105000001,0.684660982,0.0,288.0
0.6702483253650602,0.14362834149999998,0.630910619,0.7411608275,0.0,288.0
0.6749015250343835,0.0950301705,0.604101943,0.7585335885,0.0,288.0
0.676727812481391,0.026631800000000004,0.549736503,0.741932394,0.0,288.0
0.6692698811483393,0.00219073,0.5404018515,0.7574774230000001,0.0,288.0
0.6450266683978837,0.0,0.562821545,0.7705875005,0.0,288.0
0.5825344941923224,0.0,0.5907009944999999,0.7685668640000001,0.0,288.0
0.5798562491816315,0.0,0.5617144464999999,0.7345280645000001,0.0,288.0
0.6009344320705912,0.034382732,0.527965524,0.692492838,0.0,288.0
0.6920669597241534,0.116455432,0.5653674405,0.6601861265,0.0,288.0
0.7833771099148985,0.2476732215,0.596240184,0.633300222,0.0,288.0
0.7986015759930494,0.381606561,0.6192219505000001,0.6216199825,0.0,288.0
0.7981462506950328,0.4498743195,0.693771554,0.7086792985,0.0,288.0
0.7906558759453918,0.391075539,0.742807037,0.762555373,0.0,288.0
0.7834835850170903,0.27277195099999996,0.747896696,0.7754573355,0.0,288.0
0.7782773049727087,0.1365743095,0.7159666035,0.8021510985,0.0,288.0
0.7755234407071463,0.068586597,0.660431322,0.820582133,0.0,288.0
0.7666400798611255,0.030588840000000003,0.639407519,0.806920223,0.0,288.0
0.702897415506879,0.0,0.566941805,0.7476846095,0.0,288.0
0.6049100099025226,0.0,0.5226455795,0.7105690165,0.0,288.0
0.5770996124052868,0.0,0.4319329765,0.620681308,0.0,288.0
0.5916096309498866,0.020685664,0.34671249449999997,0.4816105905,0.0,288.0
0.691904027263387,0.10102749899999999,0.3161365445,0.352130886,0.0,288.0
0.7828674065907869,0.194194338,0.314453123,0.29360808250000003,0.0,288.0
0.7985907094295799,0.25821773449999996,0.36908502,0.303704991,0.0,288.0
0.797742530642426,0.25445185049999997,0.4380293625,0.359620372,0.0,288.0
0.7890978333193484,0.2492952315,0.4538738705,0.43375908100000005,0.0,288.0
0.7827737657796665,0.1970136255,0.4498356705,0.513574582,0.0,288.0
0.7780729853881168,0.09110713349999999,0.43935766600000004,0.604999462,0.0,288.0
0.7674302585243289,0.020973965,0.478139317,0.623233514,0.0,288.0
0.703140372038985,0.0,0.5320538005,0.6235967490000001,0.0,288.0
0.605142949390757,0.0,0.5469155215,0.6412184679999999,0.0,288.0
0.577037408745008,0.0,0.5618666059999999,0.679301598,0.0,288.0
0.5915317534168664,0.0081020655,0.5549036945,0.7218270295,0.0,288.0
0.6918572292597733,0.062957664,0.5488044595,0.7253038940000001,0.0,288.0
0.7828225091089354,0.1800377065,0.5550978485,0.704379402,0.0,288.0
0.7985907094295799,0.3167398315,0.5051674580000001,0.6329193445,0.0,288.0
0.7974848618343844,0.421363668,0.48033481050000004,0.623424974,0.0,288.0
0.7875747158677018,0.4008855645,0.474280158,0.587079484,0.0,288.0
0.779679100702025,0.30749945300000003,0.474021739,0.541819913,0.0,288.0
0.7761632305826316,0.1504139495,0.48996576700000005,0.5195998804999999,0.0,288.0
0.7685845811652414,0.039680186,0.4831437985,0.5176743385,0.0,288.0
0.702012097936121,0.0,0.5298671605,0.595425475,0.0,288.0
0.6057540521567606,0.0,0.5941138225,0.7365569075,0.0,288.0
0.578877693225081,0.0,0.5969062755,0.826109344,0.0,288.0
0.591852319130965,0.036611003,0.5600531505,0.809997636,0.0,288.0
0.6926902036029261,0.2291921885,0.5681013875,0.785155751,0.0,288.0
0.7891212210864441,0.462923824,0.6335116620000001,0.7492648335000001,0.0,288.0
0.8005593140810403,0.585451866,0.5435214465,0.6459451844999999,0.0,288.0
0.7969908995213778,0.613353099,0.5431610099999999,0.6212072829999999,0.0,288.0
0.7866023533746006,0.5814841065,0.5242160805,0.574111063,0.0,288.0
0.7795205730577265,0.4728782655,0.479205507,0.520668253,0.0,288.0
0.7767149246010852,0.272443488,0.422122817,0.497985794,0.0,288.0
0.7695944178638624,0.08288467899999999,0.41027904699999995,0.505071313,0.0,288.0
0.7003198992966757,0.0,0.386494346,0.46978178849999996,0.0,288.0
0.6061869511495358,0.0,0.37013560700000003,0.509417946,0.0,288.0
0.5804999518404708,0.0,0.3375635165,0.52647714,0.0,288.0
0.5933423670586083,0.034533622,0.2734869365,0.484419172,0.0,288.0
0.6926665474173268,0.227021232,0.216679191,0.4178840535,0.0,288.0
0.7857208593167894,0.4757073825,0.1756380945,0.34274586500000004,0.0,288.0
0.798911565829177,0.668871391,0.14646440500000002,0.2479036445,0.0,288.0
0.7970216659633393,0.7667755345,0.161679718,0.2566820655,0.0,288.0
0.7875192647073985,0.7375399975,0.178645051,0.2764308525,0.0,288.0
0.7802186312732386,0.553216039,0.17763986650000002,0.28432240649999996,0.0,288.0
0.7762978784267203,0.29225272999999996,0.164084182,0.2606830065,0.0,288.0
0.7674179161988959,0.089711178,0.18333474,0.2266364555,0.0,288.0
0.7337402074180653,0.0,0.158887312,0.170325007,0.0,288.0
0.6301501804590621,0.0,0.1604980525,0.1591637055,0.0,288.0
0.557532271645953,0.0,0.15423171400000002,0.14868829849999998,0.0,288.0
0.5464860706786396,0.0,0.1558020565,0.152314179,0.0,288.0
0.5445278407599619,0.0936439075,0.1554232325,0.1532574055,0.0,288.0
0.5705205144265694,0.22606029,0.154948532,0.153407805,0.0,288.0
0.6427362459524475,0.4258712605,0.14668111150000002,0.1474619575,0.0,288.0
0.6800616329801384,0.609389731,0.117104358,0.114694499,0.0,288.0
0.6814828366223082,0.6956893015,0.127961514,0.123713596,0.0,288.0
0.6761140266099639,0.685282221,0.14550124749999999,0.14377406999999998,0.0,288.0
0.6714886866625682,0.5300290365,0.1492980345,0.143784978,0.0,288.0
0.6727542470460028,0.386247943,0.13076179,0.126430757,0.0,288.0
0.6723813828407164,0.231017788,0.110929257,0.11902718200000001,0.0,288.0
0.6717070255472206,0.0660519045,0.1028940995,0.11266462499999999,0.0,288.0
0.6598145686489865,0.0,0.081309512,0.07952699,0.0,288.0
0.5852964747775673,0.0,0.0743937065,0.072087771,0.0,288.0
0.5466626199466629,0.0,0.07171642,0.0747370725,0.0,288.0
0.5459355840036462,0.026816911,0.071904862,0.0825850325,0.0,288.0
0.5565070740945599,0.21099431349999997,0.057179565,0.07140287449999999,0.0,288.0
0.6419733456401746,0.516597661,0.0476267425,0.055319507500000004,0.0,288.0
0.6814542166511902,0.794562852,0.0456819455,0.0375213015,0.0,288.0
0.6816989394958068,0.9168171215,0.052232932999999995,0.0408360245,0.0,288.0
0.6753516182633295,0.8625156085,0.056577942,0.058120429,0.0,288.0
0.6743357222430351,0.6510001355,0.054190722,0.074238287,0.0,288.0
0.6748117075337826,0.427062363,0.05176022,0.08144398,0.0,288.0
0.6738164045028068,0.224238616,0.057585732,0.079534199,0.0,288.0
0.6669693522536724,0.0174520155,0.0695726595,0.0824298435,0.0,288.0
0.645306160008126,0.0,0.0671277565,0.0796128525,0.0,288.0
0.5834032434993727,0.0,0.0688041985,0.0753799585,0.0,288.0
0.5805747214407933,0.000508072,0.072361692,0.0719571725,0.0,288.0
0.6297166553588726,0.1344705275,0.0653762035,0.0651184365,0.0,288.0
0.7253744203342329,0.321274181,0.039561024,0.049522163,0.0,288.0
0.7882514432466514,0.559283011,0.0358571175,0.042715998,0.0,288.0
0.8076245932725703,0.795492192,0.0270600045,0.0372262775,0.0,288.0
0.8102416630882492,0.8836065580000001,0.026890866,0.047079290499999996,0.0,288.0
0.7995120925822581,0.7879036065,0.028689409,0.0658087655,0.0,288.0
0.7905957740195393,0.5565791154999999,0.034256729,0.092777463,0.0,288.0
0.7829525509238918,0.266943727,0.045766819,0.10405450499999999,0.0,288.0
0.7694929512161308,0.061305286,0.0637820905,0.1008197625,0.0,288.0
0.7025873811367613,0.0,0.053160245,0.0798750375,0.0,288.0
0.6046791722161906,0.0,0.0483222285,0.07148926750000001,0.0,288.0
0.5778644802427343,0.0,0.047589708999999994,0.06939565349999999,0.0,288.0
0.59196114198414,0.030070269,0.047529639,0.08704207,0.0,288.0
0.6584054614506439,0.142846465,0.043224217,0.10008438,0.0,288.0
0.751151594765334,0.3420292315,0.03016713,0.092045992,0.0,288.0
0.801125496963246,0.631881465,0.030078742,0.0850991415,0.0,288.0
0.8066270542304408,0.792948685,0.039320136,0.09312022,0.0,288.0
0.809163943566009,0.869807711,0.0495115395,0.122415283,0.0,288.0
0.8019460842445487,0.844915067,0.06364149,0.153435975,0.0,288.0
0.7929951535274022,0.7047375325,0.077046061,0.1890359245,0.0,288.0
0.787313245881184,0.526172584,0.082500852,0.215110508,0.0,288.0
0.7818596270251263,0.3102487265,0.0857597195,0.229838217,0.0,288.0
0.7679483688536215,0.089813772,0.12008152450000001,0.252658712,0.0,288.0
0.7025603039310191,0.0,0.1165100205,0.2523566105,0.0,288.0
0.604495535026276,0.0,0.091972418,0.255031294,0.0,288.0
0.5778166759733732,0.0,0.0740536175,0.248151102,0.0,288.0
0.5918977756493428,0.0379078645,0.08569732199999999,0.260386006,0.0,288.0
0.6584562171089805,0.182712269,0.089959028,0.28041482,0.0,288.0
0.7484701300821155,0.370388762,0.07037615,0.27841758299999997,0.0,288.0
0.7983097421248497,0.6870258095,0.06707711799999999,0.259667872,0.0,288.0
0.8048133550579475,0.89846825,0.080436362,0.23971577700000002,0.0,288.0
0.8021655187328315,0.932061512,0.1017493025,0.23692409450000002,0.0,288.0
0.7905939853050823,0.793846279,0.111567578,0.254937181,0.0,288.0
0.7857985355696698,0.598343414,0.111806378,0.284758078,0.0,288.0
0.7813425004921589,0.35921713200000005,0.1188105095,0.314228827,0.0,288.0
0.7755699480927372,0.175765551,0.155308157,0.349350094,0.0,288.0
0.7478425931941801,0.0172073785,0.17466143150000002,0.369866444,0.0,288.0
0.6452937282098586,0.0,0.13999940249999998,0.35196524650000005,0.0,288.0
0.5834412543394725,0.0,0.105316005,0.311822501,0.0,288.0
0.5800934368751355,0.0,0.0949086915,0.282857979,0.0,288.0
0.6297891219446289,0.12087326000000001,0.09771948150000001,0.27782924,0.0,288.0
0.7484492911437156,0.3724434525,0.0786916005,0.2676008305,0.0,288.0
0.7982002708297896,0.690417867,0.063663321,0.2417055785,0.0,288.0
0.8045390508478343,0.868310888,0.071263645,0.242866904,0.0,288.0
0.8069043098970051,0.9369308704999999,0.0987757135,0.290141597,0.0,288.0
0.80067911530499,0.899732634,0.122572629,0.330250116,0.0,288.0
0.7922089101169751,0.7666180125,0.144907672,0.35637790599999997,0.0,288.0
0.7866732325260396,0.571599966,0.161989684,0.38344259,0.0,288.0
0.7819545199835998,0.3462226695,0.162864059,0.41507203449999996,0.0,288.0
0.76962782267483,0.101810653,0.197896711,0.454216913,0.0,288.0
0.7357271915171127,0.0,0.210979051,0.455093117,0.0,288.0
0.6456221866965047,0.0,0.203789905,0.443165393,0.0,288.0
0.5828358531387555,0.0,0.180208329,0.4041405485,0.0,288.0
0.5800797082605735,0.0,0.1637709765,0.3709224955,0.0,288.0
0.6009750813471728,0.070932401,0.151217759,0.363614866,0.0,288.0
0.6918475252358707,0.2362078685,0.11392623700000001,0.343569934,0.0,288.0
0.7841877696926395,0.532914077,0.0929603465,0.3089755575,0.0,288.0
0.802955429045007,0.7951431554999999,0.08089513200000001,0.2467889545,0.0,288.0
0.8064229583279352,0.9119532315,0.1085250895,0.2630415465,0.0,288.0
0.7971488905310964,0.8586086325,0.1392120135,0.3050536995,0.0,288.0
0.7876159017788631,0.6442753855,0.170182141,0.3326754955,0.0,288.0
0.7815822371493103,0.3440930365,0.180207122,0.3374741875,0.0,288.0
0.7678321450585857,0.09869815900000001,0.21198852299999998,0.39213253,0.0,288.0
0.7364281563851832,0.0,0.217630385,0.451906813,0.0,288.0
0.6290032140235933,0.0,0.207380522,0.479280979,0.0,288.0
0.5556237912548159,0.0,0.18948329600000002,0.469440507,0.0,288.0
0.5440091713941431,0.0,0.18176698800000002,0.4608533685,0.0,288.0
0.5440608214434459,0.11313717749999999,0.165291032,0.44707911499999997,0.0,288.0
0.5702687483964787,0.275831722,0.138257851,0.422085793,0.0,288.0
0.6422542906104339,0.5334855645000001,0.1328296305,0.398656373,0.0,288.0
0.6820268836823439,0.769086428,0.113508491,0.332943973,0.0,288.0
0.685498035198079,0.9019998815,0.148009891,0.3702696015,0.0,288.0
0.6819847140423331,0.8999484185,0.175097762,0.3951373545,0.0,288.0
0.6757677701142036,0.7264271705,0.1935322765,0.4126094555,0.0,288.0
0.6754072258998793,0.548154183,0.195107401,0.426722009,0.0,288.0
0.6748567616268324,0.328534678,0.19056394599999998,0.4549426385,0.0,288.0
0.6714801006442426,0.09062477399999999,0.224831028,0.5185098125000001,0.0,288.0
0.6567195681494291,0.0,0.22044029799999998,0.5401048125,0.0,288.0
0.5800395509496302,0.0,0.2314759465,0.554606409,0.0,229.0
0.54024502333569,0.0,0.2434812295,0.521228158,0.0,229.0
0.5401194086041966,0.035464245,0.26582407799999996,0.4876529395,0.0,229.0
0.5381446550907526,0.16401258,0.250430184,0.444207763,0.0,229.0
0.5928101032874793,0.3144512815,0.23451474700000002,0.3861396185,0.0,229.0
0.675583998782513,0.5662861955,0.2360208565,0.33237223149999995,0.0,229.0
0.6910036395253554,0.7259745664999999,0.247982091,0.3610979405,0.0,229.0
0.6888436837896259,0.70743937,0.2496301415,0.43482680900000004,0.0,229.0
0.6800101842109754,0.5439221625,0.2776007095,0.5393735705,0.0,229.0
0.6779881183938083,0.373607046,0.301753428,0.604290493,0.0,229.0
0.6767501047798079,0.2100842935,0.33154271550000003,0.6422759060000001,0.0,229.0
0.6716120207139663,0.0483884575,0.369709169,0.650984448,0.0,229.0
0.6646603492829366,0.0,0.339911807,0.608966883,0.0,229.0
0.6001160135271272,0.0,0.3254423835,0.5888524465,0.0,229.0
0.5714395498282643,0.0,0.327312033,0.5490711779999999,0.0,229.0
0.5846044312822626,0.028163412,0.3472339145,0.5168666835,0.0,229.0
0.6514738911107704,0.152054879,0.31448805,0.492825693,0.0,229.0
0.7448236814457103,0.336576158,0.268055621,0.4815821055,0.0,229.0
0.7991269307879559,0.6220539235,0.235639528,0.46108692949999996,0.0,229.0
0.8079333755628109,0.8212372755,0.24210552400000002,0.46697184,0.0,229.0
0.8046669013880543,0.881325431,0.2502969165,0.5031428855,0.0,229.0
0.790582716248809,0.761747996,0.2568859905,0.533056881,0.0,229.0
0.7837756424999003,0.564968634,0.27120282,0.569427841,0.0,229.0
0.7776956941668429,0.33755967350000005,0.2772097615,0.6056661955,0.0,229.0
0.7615476535938015,0.096466725,0.322129011,0.6579210959999999,0.0,229.0
0.696547679520006,0.0,0.32897414950000003,0.647208776,0.0,229.0
0.5989148928151251,0.0,0.30795484100000003,0.5845159885,0.0,229.0
0.5716907568893046,0.0,0.283713924,0.524064623,0.0,229.0
0.5846313071403894,0.0288621005,0.259831704,0.4815850615,0.0,229.0
0.6856145720805598,0.234923782,0.219079637,0.45794936649999995,0.0,229.0
0.7802252048275453,0.5359128985,0.208567249,0.4317891035,0.0,229.0
0.7986024257150742,0.7964455135,0.1705135155,0.37226169200000003,0.0,229.0
0.8020860536980182,0.8964532635,0.1760474665,0.3593690265,0.0,229.0
0.7915908983072732,0.8239116609999999,0.166678721,0.35595764900000004,0.0,229.0
0.7824991484821082,0.6123832745,0.155366481,0.3474995175,0.0,229.0
0.7724944673808145,0.332080271,0.1449566935,0.3290968015,0.0,229.0
0.767707871879804,0.162888409,0.161737819,0.318781141,0.0,229.0
0.7407893879770551,0.014374327,0.16706800700000002,0.3145675575,0.0,229.0
0.6398789474465033,0.0,0.128447029,0.312074774,0.0,229.0
0.5776154421219599,0.0,0.0996162755,0.29296601450000004,0.0,229.0
0.5740358702458535,0.0,0.08593750650000001,0.2807034215,0.0,229.0
0.5939795631665533,0.053284631,0.080483168,0.269938926,0.0,229.0
0.68498424021242,0.198418876,0.059707563000000005,0.23592984449999999,0.0,229.0
0.7650297611458405,0.384757991,0.045089196,0.189332838,0.0,229.0
0.7930278876294898,0.580596113,0.0441613555,0.1460671865,0.0,229.0
0.8023498042971554,0.736493848,0.0524855345,0.122906182,0.0,229.0
0.7988604970833953,0.6971828975000001,0.06840278150000001,0.1155651335,0.0,229.0
0.7869328243252658,0.5086062675,0.089515345,0.109450249,0.0,229.0
0.7811992218933275,0.325053669,0.0957522775,0.09081895549999999,0.0,229.0
0.7775638635699537,0.192753689,0.088719903,0.099083797,0.0,229.0
0.7639295927814611,0.072080706,0.114187186,0.1104221135,0.0,229.0
0.6997737951036794,0.0,0.14525415,0.11330251250000001,0.0,229.0
0.600589494725596,0.0,0.152790025,0.1318501125,0.0,229.0
0.5714925190958082,0.0,0.1689106595,0.173241581,0.0,229.0
0.584628422822302,0.024300448,0.184231402,0.19581051649999998,0.0,229.0
0.6862796501774274,0.1624707685,0.1582589365,0.185780822,0.0,229.0
0.781925676465347,0.39446924299999997,0.1113471465,0.147565163,0.0,229.0
0.8036349737386319,0.621452019,0.076628089,0.1478600525,0.0,229.0
0.8059736252132281,0.7047174190000001,0.0647632775,0.188219678,0.0,229.0
0.7995981760427467,0.667747345,0.078205445,0.245602707,0.0,229.0
0.7905223460394044,0.5458883415,0.098355413,0.2834763385,0.0,229.0
0.784193672538066,0.404770721,0.117998441,0.284974247,0.0,229.0
0.7790152075466708,0.2369050265,0.126275627,0.2544071415,0.0,229.0
0.7633666743082,0.061141962,0.13002534999999998,0.1965868305,0.0,229.0
0.6701699261095991,0.0,0.07615448333333334,0.10011208833333334,0.0,229.0
0.577185941747381,0.0,0.059042989000000004,0.07223679350000001,0.0,229.0
0.5732272451316508,0.0,0.056765106499999995,0.069670673,0.0,229.0
0.5937308379982724,0.038312657,0.053870427,0.060152299,0.0,229.0
0.6854887784033974,0.1525806365,0.041688637,0.0478808135,0.0,229.0
0.7800029531595389,0.362907786,0.0403053085,0.0431010765,0.0,229.0
0.7967957473261087,0.535619154,0.046389821,0.046030853,0.0,229.0
0.8043860235561587,0.6323765615,0.0592373455,0.060684511,0.0,229.0
0.8015856071685881,0.6100572820000001,0.0752453425,0.0883300725,0.0,229.0
0.7902411551875396,0.45098425799999997,0.08264490599999999,0.1230885155,0.0,229.0
0.7840976169050743,0.307683204,0.086196126,0.141589918,0.0,229.0
0.7796544159836831,0.1822000195,0.09000042150000001,0.1520394785,0.0,229.0
0.7674470727371181,0.050593157,0.09919360599999999,0.147725063,0.0,229.0
0.6633647752619073,0.0,0.08541962566666667,0.11338557033333334,0.0,229.0
0.5510771784275137,0.0,0.0653709675,0.092936615,0.0,229.0
0.5388337920009748,0.0,0.054204791,0.075433804,0.0,229.0
0.539678415558734,0.0906615415,0.0438551095,0.061344815500000004,0.0,229.0
0.5709948004756944,0.22380429,0.038112048,0.063896533,0.0,229.0
0.6425351237733878,0.43175850250000003,0.045122907000000004,0.0652862305,0.0,229.0
0.6882684006564612,0.6205522365,0.0630610965,0.071040569,0.0,229.0
0.6939385919497093,0.640390677,0.08330982549999999,0.090717487,0.0,229.0
0.6845867360926847,0.5548105729999999,0.095631443,0.114994984,0.0,229.0
0.6819957595514716,0.401545404,0.107646112,0.14518419,0.0,229.0
0.6814678111239761,0.22370918499999998,0.121121912,0.164549713,0.0,229.0
0.6758676044562493,0.062815293,0.126026755,0.1698976795,0.0,229.0
0.6585020091167498,0.0,0.115195411,0.154147874,0.0,229.0
0.5676064380972575,0.0,0.12010256066666665,0.14715675766666667,0.0,229.0
0.5388337920009748,0.0,0.12721775200000002,0.1475465145,0.0,229.0
0.539976711376362,0.0869419555,0.1106251355,0.1392253665,0.0,229.0
0.5969193228327035,0.269243051,0.10225956950000001,0.118559895,0.0,229.0
0.6803343720904051,0.49979702849999996,0.11490975349999999,0.09860012400000001,0.0,229.0
0.6944965913063932,0.5559948395000001,0.11216285,0.09991396699999999,0.0,229.0
0.6907882073607368,0.500823073,0.11281404749999999,0.1233140945,0.0,229.0
0.6841540159781028,0.43134405249999996,0.115910065,0.156176329,0.0,229.0
0.6829646338860659,0.348611224,0.123846955,0.177553477,0.0,229.0
0.6818832250601308,0.21397713,0.12488846949999999,0.1927701815,0.0,229.0
0.6766944524068407,0.096750266,0.133552611,0.208704006,0.0,229.0
0.6704885763223205,0.0051387815,0.13225957500000002,0.2069574015,0.0,229.0
0.6467832171684513,0.0,0.1072008435,0.172898546,0.0,229.0
0.5782295633478269,0.0,0.090653769,0.1531320345,0.0,229.0
0.5735946759877268,0.0,0.0903135495,0.1555730625,0.0,229.0
0.6235720438747234,0.07067487,0.0903718725,0.1739123125,0.0,229.0
0.748368261009056,0.2116597545,0.083726829,0.183991336,0.0,229.0
0.8004509607915571,0.378986303,0.0823865025,0.183430218,0.0,229.0
0.8063749751803808,0.456816802,0.092495996,0.2179923305,0.0,229.0
0.7989478773601784,0.47896321399999997,0.12097698600000001,0.30526105800000003,0.0,229.0
0.7864790641270956,0.44425674049999997,0.149988592,0.3800563245,0.0,229.0
0.7811875056753087,0.36456632,0.169716973,0.417128799,0.0,229.0
0.7736249549579346,0.2291333175,0.17845107799999999,0.44963703099999996,0.0,229.0
0.7602024717667826,0.065806266,0.1933482045,0.4642356995,0.0,229.0
0.7290615629161614,0.0,0.18764641,0.399836037,0.0,229.0
0.6401766618931344,0.0,0.174595806,0.372488039,0.0,229.0
0.5770209970250226,0.0,0.15527252149999998,0.368924389,0.0,229.0
0.5734872394236807,0.0,0.134848346,0.34382634,0.0,229.0
0.5939290311228274,0.018426461,0.119212611,0.324337898,0.0,229.0
0.6850807877435743,0.120315641,0.1067275965,0.3060726565,0.0,229.0
0.7757468998535642,0.263348432,0.085240644,0.25676923949999997,0.0,229.0
0.7924096074687601,0.4133567025,0.051401397,0.1639400925,0.0,229.0
0.7929330392724823,0.5190848674999999,0.059406758000000004,0.1893452895,0.0,229.0
0.7855820972742553,0.5013178325000001,0.0692142515,0.2243871825,0.0,229.0
0.7774364601240034,0.371472158,0.077581275,0.25883815450000003,0.0,229.0
0.7707390812847652,0.1901163795,0.1002966625,0.300048141,0.0,229.0
0.7598727163963663,0.0484675505,0.12568710700000002,0.298260242,0.0,229.0
0.6964338482123708,0.0,0.09481219499999999,0.230096105,0.0,229.0
0.5991841885707782,0.0,0.08410632500000001,0.2352486775,0.0,229.0
0.571830502660688,0.0,0.076441361,0.23058255449999998,0.0,229.0
0.5847871964156817,0.0080283145,0.071490623,0.2219490215,0.0,229.0
0.6851075965982888,0.0946562495,0.06647557700000001,0.20590022800000002,0.0,229.0
0.775689659978804,0.2180427795,0.06052845,0.176376433,0.0,229.0
0.792712486913574,0.332035999,0.064170559,0.151244983,0.0,229.0
0.7939462299203582,0.411311186,0.059429682,0.1420272735,0.0,229.0
0.79019218824366,0.33866455549999996,0.0635448095,0.16545984349999998,0.0,229.0
0.7799386477648337,0.246365058,0.084119119,0.209148388,0.0,229.0
0.7760845704659504,0.190507119,0.101398813,0.246497454,0.0,229.0
0.771214977170154,0.1163839405,0.11096060699999999,0.264878685,0.0,229.0
0.7677102867016754,0.05146072,0.121073102,0.264932324,0.0,229.0
0.7407332661078718,0.0026527595,0.1169801755,0.2279478485,0.0,229.0
0.6401766618931344,0.0,0.1015663205,0.18371146900000002,0.0,229.0
0.5768600992952702,0.0,0.082272236,0.158743541,0.0,229.0
0.5734618615945125,0.0,0.0759068115,0.14764992100000002,0.0,229.0
0.622532357459578,0.040287722,0.069069437,0.14745682799999998,0.0,229.0
0.7413359393992724,0.128877203,0.065107092,0.146291045,0.0,229.0
0.7898273286857022,0.2855068945,0.051113940999999996,0.12781274,0.0,229.0
0.7931661576389097,0.4004812935,0.0488939545,0.1018329455,0.0,229.0
0.792426645228684,0.425931183,0.049405965,0.108420636,0.0,229.0
0.7848869905151943,0.40239055850000005,0.052746987,0.1367835985,0.0,229.0
0.7762553062264299,0.30453277700000003,0.06380585899999999,0.164812929,0.0,229.0
0.7706167310296924,0.163510333,0.067278952,0.16608924749999998,0.0,229.0
0.759937513689234,0.046742609,0.0781461725,0.15174031799999999,0.0,229.0
0.7289517338647148,0.0,0.058586533,0.104865899,0.0,229.0
0.6404710448599328,0.0,0.0425315255,0.09246321900000001,0.0,229.0
0.5772798956459465,0.0,0.032692647,0.07992119,0.0,229.0
0.5734706040216092,0.0,0.027596281,0.07508052300000001,0.0,229.0
0.6227798081460352,0.060755833,0.0215597275,0.07373505050000001,0.0,229.0
0.7415364131364468,0.2111387645,0.0174843745,0.05918599099999999,0.0,229.0
0.7902569408001106,0.360411728,0.02477298,0.0469525165,0.0,229.0
0.7941664692592971,0.406545289,0.0324887655,0.054985723,0.0,229.0
0.790454507817251,0.446017314,0.047227660500000004,0.08444426,0.0,229.0
0.7802694764044098,0.39647506050000003,0.062994823,0.11297159300000001,0.0,229.0
0.7762122869318699,0.329623244,0.073794592,0.130345455,0.0,229.0
0.7708663505214639,0.192017852,0.08016295200000001,0.13880343550000002,0.0,229.0
0.7600564205896931,0.05542199,0.087899729,0.1247561465,0.0,229.0
0.7293465548115508,0.0,0.096804785,0.110656441,0.0,229.0
0.6252102670483533,0.0,0.1083886485,0.11871129050000001,0.0,229.0
0.5505932778947964,0.0,0.1269147805,0.16053228749999998,0.0,229.0
0.5388143617536503,0.0,0.150693639,0.18239529999999998,0.0,229.0
0.5395637569310203,0.074237258,0.1714488985,0.192699871,0.0,229.0
0.5908080938250512,0.2738253875,0.203288409,0.196515102,0.0,229.0
0.672576557437932,0.4940186835,0.291976917,0.2182875215,0.0,229.0
0.6861485127588406,0.5651336035000001,0.341573472,0.2583519445,0.0,229.0
0.6837180985929399,0.5293605975,0.377305457,0.311824398,0.0,229.0
0.681101051044256,0.41796847000000004,0.3877267115,0.3573409045,0.0,229.0
0.6814086483255073,0.264850056,0.353747262,0.3837363515,0.0,229.0
0.6766911655959496,0.10761375249999999,0.304899202,0.3854920195,0.0,229.0
0.668230105327835,0.002067473,0.28256647999999995,0.3793666035,0.0,229.0
0.626954607635264,0.0,0.275824821,0.346325992,0.0,229.0
0.5509572206598414,0.0,0.2522824105,0.3339214305,0.0,229.0
0.5389155823848248,0.0,0.23288382149999998,0.30768539100000003,0.0,229.0
0.5397965622774785,0.0567391705,0.2249746445,0.279735148,0.0,229.0
0.5931796358779815,0.1981914535,0.249380783,0.287418628,0.0,229.0
0.67281882072426,0.35573248199999996,0.2668888,0.275698392,0.0,229.0
0.6860616467146908,0.44723358700000004,0.278639595,0.27946257350000003,0.0,229.0
0.6840360482050273,0.43998321,0.2846459195,0.3109765485,0.0,229.0
0.6797976140299734,0.36680507,0.278495961,0.328380044,0.0,229.0
0.6777187779017382,0.2767722435,0.27189932650000004,0.3474111625,0.0,229.0
0.6766847484504138,0.143398533,0.2386793575,0.3495311175,0.0,229.0
0.6733407321645528,0.060925711,0.208079562,0.338121354,0.0,229.0
0.665093337613595,0.001546019,0.188287664,0.336994057,0.0,229.0
0.6417994348086333,0.0,0.1623633045,0.31592320399999996,0.0,229.0
0.5772847923605771,0.0,0.153189693,0.260920704,0.0,229.0
0.5734706040216092,0.0,0.134756757,0.196643825,0.0,229.0
0.6228243702734466,0.0583453365,0.1136590905,0.14915357299999998,0.0,229.0
0.7456695795527688,0.2380496915,0.0967450735,0.113697246,0.0,229.0
0.7947390022161505,0.41641920649999997,0.1187097305,0.10457468,0.0,229.0
0.803369300215786,0.4973179405,0.14840217049999999,0.11925268050000001,0.0,229.0
0.7979294546432317,0.488245822,0.1845200615,0.1921306715,0.0,229.0
0.7883982994093485,0.414985856,0.214403725,0.238329248,0.0,229.0
0.7824417744655721,0.3067429835,0.22622349600000002,0.2601010735,0.0,229.0
0.7732106813618275,0.17043398650000002,0.2121514025,0.271632975,0.0,229.0
0.7682688226929391,0.076308511,0.188223214,0.277089774,0.0,229.0
0.7408924421265797,0.0030032995,0.1647247445,0.293772431,0.0,229.0
0.6404667965197115,0.0,0.1476301995,0.284272088,0.0,229.0
0.5770209970250226,0.0,0.14156189800000002,0.2514977735,0.0,229.0
0.5734530743635229,0.0,0.1286137005,0.2576238245,0.0,229.0
0.6227023554402895,0.06309451199999999,0.10623700550000001,0.26129139349999997,0.0,229.0
0.7412441096370797,0.2449831105,0.100160005,0.23365643149999998,0.0,229.0
0.7905794965088058,0.42393964100000003,0.11042882300000001,0.2118624215,0.0,229.0
0.7935460426277239,0.4148629285,0.121092596,0.18556874,0.0,229.0
0.7879673904111699,0.4218164645,0.13866120050000003,0.20196118149999998,0.0,229.0
0.7786186872232607,0.366131703,0.153234525,0.2375076795,0.0,229.0
0.7746346127108865,0.276006772,0.143310273,0.234886959,0.0,229.0
0.7707761977338987,0.1592002775,0.108535946,0.20378868049999999,0.0,229.0
0.7597700423376992,0.036783996,0.07700247199999999,0.16804827449999998,0.0,229.0
0.669885739019882,0.0,0.070461447,0.14898285766666666,0.0,229.0
0.5769689892193333,0.0,0.0656251205,0.12510826249999998,0.0,229.0
0.5730703721275091,0.0,0.061005498000000005,0.1114305995,0.0,229.0
0.5936758340671904,0.017306054,0.051896182,0.099771859,0.0,229.0
0.6848246169644912,0.12791278749999999,0.034236453,0.075671196,0.0,229.0
0.7650297611458405,0.273364158,0.029597515,0.05328724,0.0,229.0
0.7914424323757883,0.4039385995,0.0357426085,0.0423092885,0.0,229.0
0.794813369323669,0.518008815,0.045371813,0.032816347999999995,0.0,229.0
0.7905173375849441,0.46131225750000004,0.0517223665,0.049106301000000005,0.0,229.0
0.7817773894120552,0.35928283800000005,0.0553898945,0.0765964895,0.0,229.0
0.7756372050113692,0.2373905975,0.056943262,0.0972048555,0.0,229.0
0.7723115681056195,0.117848903,0.060830003,0.102760201,0.0,229.0
0.760805100321766,0.03691582,0.070973095,0.099842922,0.0,229.0
0.6965845724220046,0.0,0.072168022,0.0795894125,0.0,229.0
0.5992703167002082,0.0,0.055311419,0.07211386550000001,0.0,229.0
0.5717964270733644,0.0,0.043766934,0.067355182,0.0,229.0
0.5847871964156817,0.009801659,0.037437952,0.073178676,0.0,229.0
0.6513744367246307,0.119645449,0.034130282,0.077114894,0.0,229.0
0.7423400967996017,0.257734488,0.031885012500000004,0.0758494045,0.0,229.0
0.7934661304311654,0.519176852,0.055652191,0.0870135615,0.0,229.0
0.8007533036017911,0.5845828225,0.0922845545,0.112299961,0.0,229.0
0.7982400257154049,0.5402288955,0.125294985,0.157100042,0.0,229.0
0.7866671954713613,0.462022225,0.1383346185,0.211590442,0.0,229.0
0.7823414257559417,0.332832765,0.147604944,0.2438865,0.0,229.0
0.7776178837047106,0.19839953250000003,0.15948294950000003,0.278889612,0.0,229.0
0.7618186039221353,0.0412338015,0.1897465715,0.313610091,0.0,229.0
0.6972286329047064,0.0,0.1890643905,0.2946439025,0.0,229.0
0.5997439543749239,0.0,0.196224143,0.273426115,0.0,229.0
0.5715496471632631,0.0,0.1947791775,0.241007897,0.0,229.0
0.584708759846135,0.003375783,0.177185249,0.193808508,0.0,229.0
0.6513772093028886,0.043767577,0.159355992,0.166265695,0.0,229.0
0.7420055341873891,0.12207650650000001,0.1566109165,0.164227222,0.0,229.0
0.7915970247673103,0.24657603299999997,0.163993194,0.1939479475,0.0,229.0
0.79623940247463,0.29861738400000004,0.18607904949999998,0.23478131000000002,0.0,229.0
0.7938840262600793,0.25522057600000003,0.173330345,0.2593291885,0.0,229.0
0.7794645853303193,0.171330704,0.1595032535,0.24764973550000002,0.0,229.0
0.7729301164824255,0.102730753,0.148939076,0.208179367,0.0,229.0
0.7693552625102323,0.061270864,0.1405303785,0.1934724255,0.0,229.0
0.7595503395658643,0.012053705,0.1284043245,0.1678116745,0.0,229.0
0.7295433617144524,0.0,0.107174063,0.174129911,0.0,229.0
0.6254713792784843,0.0,0.102547646,0.1368113945,0.0,229.0
0.551073914018569,0.0,0.09422702399999999,0.107787907,0.0,229.0
0.5389155823848248,0.0,0.0881282375,0.1079770325,0.0,229.0
0.5397035027024037,0.032465955500000004,0.066233562,0.099776259,0.0,229.0
0.5890716907471052,0.146481381,0.053624045999999995,0.081049467,0.0,229.0
0.670355448909137,0.2879693895,0.048126766,0.081089486,0.0,229.0
0.6806526347899375,0.3497051365,0.068772192,0.098827434,0.0,229.0
0.6765359247625423,0.387873099,0.096827803,0.1252622195,0.0,229.0
0.6740293100382487,0.3622249535,0.129084792,0.14712001000000002,0.0,229.0
0.6754009653655421,0.275157301,0.144721628,0.155875427,0.0,229.0
0.6731041033726237,0.147862725,0.16117004299999999,0.16954301100000002,0.0,229.0
0.6700071576148868,0.029381327500000002,0.183930865,0.1836768635,0.0,229.0
0.657108039156569,0.0,0.190490781,0.2117723745,0.0,229.0
0.5681215224993711,0.0,0.207233471,0.2284037276666667,0.0,229.0
0.5388907411902364,0.0,0.217696412,0.2371781215,0.0,229.0
0.5398978500470167,0.0281190675,0.19782926950000002,0.2158218535,0.0,229.0
0.568628289211695,0.094268468,0.184542962,0.189720127,0.0,229.0
0.6413416722867988,0.198518379,0.2007838065,0.171206764,0.0,229.0
0.682154689621098,0.326540194,0.19378326,0.16193175650000002,0.0,229.0
0.686137981549811,0.3669145625,0.2276315535,0.1897865575,0.0,229.0
0.683028201501003,0.3211254955,0.222008792,0.2238239285,0.0,229.0
0.6818238163125805,0.2023866895,0.203751239,0.2495668675,0.0,229.0
0.6798469834666567,0.10171021599999999,0.1895275955,0.265490066,0.0,229.0
0.6766884153521624,0.049064245,0.180198331,0.280645677,0.0,229.0
0.6725964348470017,0.000832716,0.1700241315,0.2854579055,0.0,229.0
0.6553672313296308,0.0,0.168758509,0.2684228355,0.0,229.0
0.5838782449937951,0.0,0.163539541,0.2316188595,0.0,229.0
0.5777199495640255,0.0,0.1609699215,0.20483716149999998,0.0,229.0
0.5973442842490382,0.007319641,0.157785705,0.181509266,0.0,229.0
0.6926160377080716,0.0978895825,0.180324291,0.1769870705,0.0,229.0
0.7864215111648905,0.24634549849999998,0.2109755835,0.185168812,0.0,229.0
0.8071363102578557,0.371530955,0.200402,0.181304563,0.0,229.0
0.8128171893713315,0.402911811,0.2456287335,0.2223453895,0.0,229.0
0.8093252884575068,0.4060011875,0.2514845095,0.2969251715,0.0,229.0
0.7941439758156921,0.348001875,0.224259398,0.3710949095,0.0,229.0
0.7873098472629876,0.284223032,0.199399408,0.41187199,0.0,229.0
0.7814632408434924,0.161460731,0.18170372899999998,0.42607367,0.0,229.0
0.7688186386590525,0.0305613735,0.1673891085,0.3899614265,0.0,229.0
0.7358029001098673,0.0,0.140349024,0.344575049,0.0,229.0
0.6460816038584959,0.0,0.137704134,0.294672372,0.0,229.0
0.5784822685053013,0.0,0.115760269,0.23218011500000002,0.0,229.0
0.5735946759877268,0.0,0.0888357355,0.1652332385,0.0,229.0
0.5937622305476483,0.009417485,0.081483681,0.129305565,0.0,229.0
0.6867795154033363,0.1249489245,0.06587338649999999,0.1119513205,0.0,229.0
0.7807560153061333,0.304976619,0.098718329,0.1002286285,0.0,229.0
0.7993651024127366,0.4350810895,0.13930950549999999,0.102516042,0.0,229.0
0.8037277649626791,0.4683363445,0.17187904799999998,0.1372683145,0.0,229.0
0.7930422422165145,0.41575931349999995,0.19444947099999998,0.16745273849999998,0.0,229.0
0.7847771615312235,0.34270055600000005,0.1782624045,0.19072606,0.0,229.0
0.7788900399769225,0.2149686505,0.153645774,0.18848187649999998,0.0,229.0
0.76285947534627,0.052276368000000004,0.140694874,0.19134787250000002,0.0,229.0
0.6706572699744383,0.0,0.13773800266666666,0.19310586833333335,0.0,229.0
0.5772632603113507,0.0,0.142906335,0.173136965,0.0,229.0
0.5734706040216092,0.0,0.158909784,0.182521821,0.0,229.0
0.6226921819876465,0.066091103,0.168321642,0.1941258105,0.0,229.0
0.7441419455448246,0.275443838,0.15871995849999998,0.17015037049999998,0.0,229.0
0.7939554419111468,0.572813322,0.1947706985,0.1506079105,0.0,229.0
0.8044722411584233,0.696244741,0.2076602985,0.1456031325,0.0,229.0
0.8029067751210969,0.6357369185,0.22154974500000002,0.16639244749999998,0.0,229.0
0.7923999929851677,0.5386020825,0.2295628475,0.199000899,0.0,229.0
0.7873098472629876,0.430464955,0.220531109,0.235429951,0.0,229.0
0.7814190141379966,0.270106187,0.2241260885,0.270312687,0.0,229.0
0.7644010615833866,0.062712791,0.27119053000000004,0.30706369499999997,0.0,229.0
0.6705830370311876,0.0,0.30339808399999996,0.2677624893333333,0.0,229.0
0.5772847923605771,0.0,0.3352019075,0.264672855,0.0,229.0
0.573477736679918,0.0,0.36609393700000004,0.284585883,0.0,229.0
0.5938054287878772,0.009927009,0.384046776,0.295958236,0.0,229.0
0.6885228050555581,0.185629709,0.3669627465,0.301257576,0.0,229.0
0.7870726595694836,0.430274443,0.4175571725,0.3228740855,0.0,229.0
0.8115715960047527,0.6095582205,0.4229572955,0.329458362,0.0,229.0
0.8196595461184993,0.662303366,0.45432540050000003,0.346103237,0.0,229.0
0.8072919311821202,0.566444948,0.4505642775,0.36113438649999996,0.0,229.0
0.7937110991573875,0.3951116215,0.4143803155,0.3787958005,0.0,229.0
0.7860545946763993,0.1968111465,0.34747010199999995,0.3942166695,0.0,229.0
0.7788718842114218,0.079067043,0.325401251,0.409634975,0.0,229.0
0.758123546165713,0.001031152,0.3130750735,0.4277910135,0.0,229.0
0.6578633148448949,0.0,0.30500376949999997,0.4361900755,0.0,229.0
0.5866033551464636,0.0,0.26409109249999996,0.389889054,0.0,229.0
0.5786146356692946,0.0,0.2455796085,0.402377284,0.0,229.0
0.6275897020087826,0.048584726,0.2400513065,0.4012138555,0.0,229.0
0.7271298511666995,0.149579179,0.237111059,0.356242954,0.0,229.0
0.7857787252314881,0.29485537,0.292556801,0.3417469395,0.0,229.0
0.8072465864710476,0.4737555645,0.315039979,0.28314941849999997,0.0,229.0
0.8110008517623564,0.5399390645,0.34921526,0.361490996,0.0,229.0
0.7975615095545223,0.41431533249999997,0.3520657765,0.37677106650000003,0.0,229.0
0.7837092800397105,0.24302308250000001,0.3004628845,0.38116580899999997,0.0,229.0
0.7733874989134026,0.0977823285,0.237064368,0.38694709,0.0,229.0
0.7612355620907234,0.0117114175,0.256689594,0.3999074855,0.0,229.0
0.6910025885906664,0.0,0.3019545055,0.502408608,0.0,229.0
0.6023188769525384,0.0,0.357208077,0.576979975,0.0,229.0
0.5517122280646152,0.0,0.4205583945,0.624467899,0.0,229.0
0.5391738326313393,0.0,0.47630542649999996,0.6912284735,0.0,229.0
0.5397504349827449,0.020988294,0.501535019,0.7547157744999999,0.0,229.0
0.5902286741589704,0.13590705250000001,0.5359330415,0.8200190075,0.0,229.0
0.6726587502471102,0.32362274599999996,0.5956304375,0.82110883,0.0,229.0
0.6776736568052762,0.50041242,0.7076984975,0.8351503075,0.0,229.0
0.6717772114528816,0.5315889025,0.7781392205,0.841655883,0.0,229.0
0.6680904266273398,0.4683559035,0.797471519,0.8554909795000001,0.0,229.0
0.6698362653106847,0.339188511,0.777156517,0.859254582,0.0,229.0
0.6718916241315139,0.203950794,0.733715702,0.85332202,0.0,229.0
0.6725235881029126,0.039401069999999996,0.6587743749999999,0.8356051245,0.0,229.0
0.6559846618358114,0.0,0.6314055439999999,0.8102064984999999,0.0,229.0
0.5671605632942871,0.0,0.587353805,0.7805932276666666,0.0,229.0
0.538867487497441,0.0,0.573011358,0.7822137364999999,0.0,229.0
0.5397465891353275,0.0221543995,0.571729903,0.816215007,0.0,229.0
0.5661315571870701,0.080391915,0.576905925,0.817240194,0.0,229.0
0.6391303348527944,0.1485431275,0.586973012,0.79849905,0.0,229.0
0.6793066927137283,0.22972159,0.570860893,0.7780760045,0.0,229.0
0.6759421952458541,0.27492874450000004,0.5544924225000001,0.7443749075,0.0,229.0
0.6690853272329875,0.3050574495,0.5258511005,0.7060898985,0.0,229.0
0.6693681280560675,0.2503968135,0.4720107185,0.653611181,0.0,229.0
0.6702110523047284,0.13055986749999998,0.4170109285,0.582824598,0.0,229.0
0.6685340133728671,0.0237699245,0.38581407,0.5720992730000001,0.0,229.0
0.6626549411348364,0.0,0.418200711,0.6233223194999999,0.0,229.0
0.5902825228828495,0.0,0.397079021,0.6548057483333333,0.0,229.0
0.5733887912358127,0.0,0.361200984,0.6199502859999999,0.0,229.0
0.622706670783923,0.036904228,0.3539416015,0.589432587,0.0,229.0
0.7193353447574162,0.12414952,0.370723451,0.573027888,0.0,229.0
0.7770159705950248,0.258191904,0.40407414500000005,0.5973204169999999,0.0,229.0
0.7928740554196823,0.468545836,0.40188375,0.5254948315,0.0,229.0
0.7927344884590166,0.558942723,0.45481234000000004,0.516388465,0.0,229.0
0.7833423634837435,0.5298010959999999,0.45352660050000004,0.500919396,0.0,229.0
0.7750690098000961,0.405448001,0.387905725,0.4906237175,0.0,229.0
0.7695030576653614,0.19684362700000002,0.2759124385,0.4934382485,0.0,229.0
0.7599031697508828,0.038446885,0.23075851549999998,0.46839659,0.0,229.0
0.7293211099789703,0.0,0.218767528,0.405932537,0.0,229.0
0.6400119854543282,0.0,0.26403847950000003,0.439195014,0.0,229.0
0.5769689892193333,0.0,0.31399844499999996,0.4237332345,0.0,229.0
0.5730703721275091,0.0,0.34544740100000004,0.4402444855,0.0,229.0
0.6225666119925705,0.034280089500000006,0.40508728400000005,0.4968812255,0.0,229.0
0.7412759269462543,0.19684298500000003,0.47529031650000003,0.5778121469999999,0.0,229.0
0.7902569408001106,0.3890116325,0.5659170600000001,0.5654835405,0.0,229.0
0.7944688120695311,0.48370899349999996,0.6663983175,0.551812658,0.0,229.0
0.7906207270889087,0.3520647385,0.717451088,0.5950799474999999,0.0,229.0
0.7799386477648337,0.2789631435,0.7110743150000001,0.632757451,0.0,229.0
0.7761892121172678,0.211483748,0.675543557,0.647952859,0.0,229.0
0.7709217569453498,0.12917440200000002,0.5999578025,0.631214757,0.0,229.0
0.7598727163963663,0.0256086635,0.5438730835000001,0.6082123675,0.0,229.0
0.7293211099789703,0.0,0.565240921,0.618264294,0.0,229.0
0.6434891068189019,0.0,0.541064322,0.5913727854999999,0.0,306.5
0.5811293222467563,0.0,0.4767970545,0.531771209,0.0,384.0
0.5781844198494185,0.0,0.410845385,0.45230113,0.0,384.0
0.6272213991636868,0.041725442,0.376091874,0.3986160145,0.0,384.0
0.746240815625852,0.196984553,0.4128326825,0.3924595495,0.0,384.0
0.7959274899172208,0.360445833,0.477498221,0.416470433,0.0,384.0
0.7978573682158085,0.32693582050000003,0.5275409575000001,0.438309874,0.0,384.0
0.7958591598643807,0.32815242,0.540036535,0.474080261,0.0,384.0
0.7880976111043196,0.270227671,0.5357122015,0.4869183465,0.0,384.0
0.7805492362307284,0.185433854,0.4929657335,0.518052043,0.0,384.0
0.7763246201430709,0.0775694955,0.451170135,0.544595547,0.0,384.0
0.7658497223872046,0.008032556,0.442919988,0.5845035885000001,0.0,384.0
0.7017927305862018,0.0,0.421079263,0.5815999705,0.0,384.0
0.5940290518103817,0.0,0.3672167006666667,0.5314155883333332,0.0,384.0
0.5776299756546536,0.0,0.290925969,0.4650493605,0.0,384.0
0.5983172727146021,0.002098158,0.265095247,0.421247055,0.0,384.0
0.6897588734113791,0.064936651,0.2545829665,0.3727903255,0.0,384.0
0.7850229799794703,0.19056987749999998,0.2944033745,0.3212721295,0.0,384.0
0.8026956583675877,0.299535986,0.2415542785,0.2445961805,0.0,384.0
0.8065688752957728,0.340612923,0.2522910985,0.24796748600000001,0.0,384.0
0.7973882247629197,0.3188644825,0.270249061,0.27155454199999995,0.0,384.0
0.7885908579045531,0.216230473,0.2562808465,0.2720145875,0.0,384.0
0.7831270878628476,0.1048238625,0.2036721125,0.26938668499999996,0.0,384.0
0.7745462486377783,0.0112807915,0.1972565265,0.26033681900000005,0.0,384.0
0.6874413737826925,0.0,0.19170593133333336,0.28622674466666664,0.0,384.0
0.5878417041823798,0.0,0.159549012,0.247048684,0.0,384.0
0.579796728626776,0.0,0.1109627745,0.1828842295,0.0,384.0
0.6305395233877462,0.023778222499999998,0.0821922055,0.1415608265,0.0,384.0
0.7312955280704986,0.09257268,0.086081685,0.124950683,0.0,384.0
0.786755380733752,0.21022798050000002,0.091575976,0.113965175,0.0,384.0
0.8062743582546741,0.3824126665,0.1019281745,0.09755652549999999,0.0,384.0
0.8082981456479342,0.4331603235,0.1227531515,0.102230896,0.0,384.0
0.7971593547367136,0.400189611,0.1477296395,0.107400242,0.0,384.0
0.7896716183560789,0.354322655,0.160577428,0.12068357,0.0,384.0
0.7845265581756511,0.261901937,0.171588283,0.149664637,0.0,384.0
0.779259773780089,0.133076376,0.178042348,0.173965834,0.0,384.0
0.7738807903825776,0.0303635775,0.1795808235,0.18726142099999998,0.0,384.0
0.7048136993326808,0.0,0.173308003,0.190410886,0.0,384.0
0.5884493859957163,0.0,0.1541782185,0.1881654915,0.0,384.0
0.544728560378742,0.0,0.14257642399999998,0.20272055849999998,0.0,384.0
0.5436232941545435,0.0009059305,0.13338689,0.2204749345,0.0,384.0
0.5555635775216581,0.0771903695,0.13230394,0.227965433,0.0,384.0
0.6430599195317682,0.222943811,0.15377654,0.21942233049999998,0.0,384.0
0.6813713977345979,0.42181604149999996,0.158275324,0.173912983,0.0,384.0
0.6827809744291563,0.5133408755,0.197471548,0.20596921699999998,0.0,384.0
0.6762474447086462,0.49500179050000004,0.2107464625,0.2320601365,0.0,384.0
0.6748198240558922,0.39822849650000003,0.2032715775,0.259337245,0.0,384.0
0.6742783034900817,0.208568311,0.204160423,0.2606750415,0.0,384.0
0.6702924849996678,0.0238455895,0.20995743900000002,0.2450096255,0.0,384.0
0.6577518536901895,0.0,0.1606985935,0.187084531,0.0,384.0
0.5833929581719487,0.0,0.13115741,0.163537724,0.0,384.0
0.5435082329665504,0.0,0.1121119295,0.134503429,0.0,384.0
0.5432959088695812,0.0008043645,0.086466195,0.1122747845,0.0,384.0
0.540471322063778,0.07567598,0.073090855,0.102539878,0.0,384.0
0.5937865127731863,0.21318064650000002,0.077988224,0.10627799,0.0,384.0
0.675481034105823,0.46756979899999995,0.1148966425,0.106356141,0.0,384.0
0.6876390525846465,0.5634988325,0.148901537,0.11409279350000001,0.0,384.0
0.6881807296941795,0.5198736245,0.171285668,0.1459681055,0.0,384.0
0.6808536450942161,0.424367196,0.184235082,0.1917334135,0.0,384.0
0.6805332359238401,0.290955349,0.176005109,0.215533009,0.0,384.0
0.6775660636975076,0.1616888545,0.17122444850000001,0.2327249035,0.0,384.0
0.671843014944021,0.0178988995,0.1940109345,0.273502335,0.0,384.0
0.6676642578675451,0.0,0.250554514,0.330186255,0.0,384.0
0.6036776531848674,0.0,0.2762875995,0.353655775,0.0,384.0
0.5753918069639881,0.0,0.2796763975,0.33389155000000004,0.0,384.0
0.5891969253202656,0.0006441795,0.2705935025,0.294580522,0.0,384.0
0.6905399070197304,0.0875768885,0.262538743,0.26920523399999996,0.0,384.0
0.7855614820179417,0.2464215035,0.27762863299999996,0.227505805,0.0,384.0
0.8029880736742601,0.380088127,0.2570649395,0.19899618600000002,0.0,384.0
0.8074539915863911,0.429858686,0.280394347,0.2159721825,0.0,384.0
0.7976466538876275,0.4173036015,0.2708900485,0.225392122,0.0,384.0
0.7886321331535976,0.3011871375,0.218953297,0.2247775685,0.0,384.0
0.7813940163996858,0.12770737100000001,0.1609973185,0.2006147285,0.0,384.0
0.7696636870440863,0.0157916585,0.13494572700000002,0.183488052,0.0,384.0
0.7372118061630214,0.0,0.113400743,0.170946129,0.0,384.0
0.6473811055525265,0.0,0.1075180395,0.16493323599999998,0.0,384.0
0.5816043014067079,0.0,0.1208863005,0.176705501,0.0,384.0
0.5776573658128894,0.0,0.13277953450000002,0.1896716565,0.0,384.0
0.6270148883718341,0.023071442999999997,0.140755514,0.20078271250000002,0.0,384.0
0.7486939916538614,0.15277860499999998,0.1940255195,0.2109010395,0.0,384.0
0.7977923473083303,0.337107166,0.26144288849999997,0.231514106,0.0,384.0
0.8040546583494788,0.438173414,0.2874076745,0.2381319035,0.0,384.0
0.7994878550931375,0.4783806835,0.312766329,0.2677247755,0.0,384.0
0.787645594951665,0.37511925199999996,0.3017434235,0.28026783450000003,0.0,384.0
0.7799710687794763,0.21771306099999999,0.2853427665,0.3000429255,0.0,384.0
0.7742017361200577,0.105390932,0.268025,0.367851035,0.0,384.0
0.7654007023599425,0.017252687,0.27422725400000003,0.41723381800000003,0.0,384.0
0.7347792006549083,0.0,0.249192583,0.43721183,0.0,384.0
0.6438075707985742,0.0,0.264944791,0.46086300199999997,0.0,384.0
0.58077101397611,0.0,0.266671628,0.4520274745,0.0,384.0
0.5776882216602097,0.0,0.2340884735,0.414752132,0.0,384.0
0.626971287706277,0.0412576565,0.215272185,0.3760756245,0.0,384.0
0.745723197194722,0.237033072,0.2305620185,0.3902146705,0.0,384.0
0.7948397533511089,0.4262248785,0.2560487675,0.38144039799999996,0.0,384.0
0.7974670190213771,0.5620291305,0.3054555925,0.40631141849999997,0.0,384.0
0.7917826966882391,0.5787723665,0.380422934,0.431895026,0.0,384.0
0.7819123950125304,0.520253013,0.39217940549999997,0.408043684,0.0,384.0
0.7763748392343034,0.3423450945,0.3309883765,0.396655916,0.0,384.0
0.7738554349553559,0.153436233,0.266687782,0.355270812,0.0,384.0
0.7657626104614493,0.031391794,0.248278669,0.30287708,0.0,384.0
0.7347703016840891,0.0,0.212611794,0.248231768,0.0,384.0
0.6434114753024388,0.0,0.205259532,0.240518394,0.0,384.0
0.5815429027320367,0.0,0.20486696799999998,0.2271149975,0.0,384.0
0.578103523789059,0.0,0.21155039250000002,0.205169524,0.0,384.0
0.6268237609021756,0.036253566,0.228902678,0.209666667,0.0,384.0
0.7460434945577927,0.21431082299999998,0.237682993,0.2393415065,0.0,384.0
0.7956516205397856,0.3947360805,0.25237394949999997,0.25746597800000004,0.0,384.0
0.7967766077642826,0.47173784900000004,0.2570097985,0.275112613,0.0,384.0
0.7906721982600184,0.452861575,0.2752612405,0.3461470955,0.0,384.0
0.7808460340193981,0.380712387,0.27434013199999996,0.426894163,0.0,384.0
0.7759764407236018,0.250765924,0.236086815,0.4283979185,0.0,384.0
0.7755344415473433,0.121159698,0.190077986,0.371754143,0.0,384.0
0.7670031506371506,0.0228791635,0.1778026035,0.32591142900000003,0.0,384.0
0.7323332690925128,0.0,0.18915015,0.354741197,0.0,384.0
0.644047016770227,0.0,0.17504010650000001,0.3696658765,0.0,384.0
0.5822531914656766,0.0,0.17606452449999999,0.395453082,0.0,384.0
0.5788890070177716,0.0,0.17440649,0.407340774,0.0,384.0
0.6274345283137392,0.033546945,0.1722548585,0.374228577,0.0,384.0
0.7461077105471391,0.21665769150000003,0.16139943699999998,0.40261232,0.0,384.0
0.7959119278517848,0.4190434195,0.189421416,0.44008930150000003,0.0,384.0
0.7993315633925171,0.5155812774999999,0.19960639000000002,0.40550854950000004,0.0,384.0
0.7931741622862383,0.513556387,0.2218229135,0.4232086115,0.0,384.0
0.7809187018178183,0.4685097345,0.2412318345,0.43200165300000004,0.0,384.0
0.7770753570081042,0.376173249,0.222821823,0.416761157,0.0,384.0
0.7754359710250045,0.224359254,0.167572489,0.37391322849999997,0.0,384.0
0.7679501576355543,0.028927078,0.131633678,0.33197261850000004,0.0,384.0
0.6910856311893452,0.0,0.118574442,0.2722904675,0.0,384.0
0.5845503664110885,0.0,0.128156657,0.2370559155,0.0,384.0
0.5465106435222005,0.0,0.1495808965,0.207009106,0.0,384.0
0.5462171326118976,0.0,0.178675782,0.19461808149999998,0.0,384.0
0.5566057681640335,0.134616663,0.186465016,0.22094084949999998,0.0,384.0
0.6417190083119657,0.348040216,0.20225770799999998,0.262942806,0.0,384.0
0.6794082711012894,0.438930005,0.2800360645,0.32698403249999997,0.0,384.0
0.6783610496025072,0.32854756949999997,0.3697565095,0.411201152,0.0,384.0
0.6701308047537299,0.2469133455,0.416517585,0.485079094,0.0,384.0
0.669517689591183,0.11431818699999999,0.41359362600000005,0.559423751,0.0,384.0
0.6709558415204422,0.036859011,0.408604957,0.63625339,0.0,384.0
0.6699858491802708,0.0023501515,0.4051271945,0.6765053605,0.0,384.0
0.6581723208172217,0.0,0.375191725,0.6683527585,0.0,384.0
0.5835551079815784,0.0,0.3395234005,0.652208252,0.0,384.0
0.5433914502699397,0.0,0.3108139485,0.6245242305,0.0,384.0
0.5433531934807587,0.0,0.287041178,0.597539762,0.0,384.0
0.5546695398582739,0.0312973325,0.288261883,0.5617418439999999,0.0,384.0
0.6404681604068939,0.11043336499999999,0.30745701150000004,0.5121236845,0.0,384.0
0.6798512764083439,0.214800502,0.24930090700000002,0.39813690749999997,0.0,384.0
0.6782192243636926,0.2511343195,0.236810335,0.3576401035,0.0,384.0
0.6701771555955983,0.2350987635,0.20383591750000002,0.301762117,0.0,384.0
0.6697213830008848,0.16779321600000002,0.177080067,0.232441487,0.0,384.0
0.6711407531921805,0.084953873,0.1587543605,0.1956637035,0.0,384.0
0.6699347581000186,0.0132323865,0.15803846500000002,0.163103564,0.0,384.0
0.665506336795354,0.0,0.128309866,0.1388293,0.0,384.0
0.5939822760962549,0.0,0.12212572299999998,0.16929976333333333,0.0,384.0
0.5777598609933634,0.0,0.1187058575,0.19657776300000002,0.0,384.0
0.5985361258318879,0.0,0.121655614,0.200514252,0.0,384.0
0.6890750357085913,0.046909338,0.113428119,0.1999861645,0.0,384.0
0.7808083808682091,0.17638129,0.12734402050000002,0.2344676545,0.0,384.0
0.7969976968252466,0.260965832,0.127506909,0.254474071,0.0,384.0
0.7976748266295243,0.32190345,0.153995683,0.31781221950000005,0.0,384.0
0.7924073267886649,0.333119296,0.2090344485,0.3676987465,0.0,384.0
0.7824447705909647,0.27516291,0.2461645435,0.36454,0.0,384.0
0.7766891666135838,0.17735555549999998,0.214387019,0.3316250245,0.0,384.0
0.774294572080522,0.053522426,0.1931649,0.300476523,0.0,384.0
0.7651826989646817,0.0033785805,0.17648897149999998,0.2801672395,0.0,384.0
0.6741031703129737,0.0,0.187055003,0.326577894,0.0,384.0
0.5808964944983517,0.0,0.231032758,0.357460538,0.0,384.0
0.5776467451310254,0.0,0.2448946355,0.34947309849999997,0.0,384.0
0.6271219449124985,0.016837473,0.25777119550000005,0.3381004965,0.0,384.0
0.7226692994654152,0.080352425,0.30647322,0.349338891,0.0,384.0
0.7813571681666287,0.1963074895,0.403587579,0.4073170645,0.0,384.0
0.7976815344605585,0.230124424,0.432765991,0.448586766,0.0,384.0
0.7983687260451253,0.212821117,0.479292728,0.4967275555,0.0,384.0
0.7959267744719235,0.221469313,0.527082648,0.547625015,0.0,384.0
0.7882019844720851,0.20481899650000002,0.5698514815,0.584705331,0.0,384.0
0.7805474921852129,0.16989137799999998,0.535079997,0.6003935615,0.0,384.0
0.7762917967031004,0.076603534,0.47158071349999997,0.6105969904999999,0.0,384.0
0.7658559829890177,0.0031975025,0.4627810965,0.6012373504999999,0.0,384.0
0.701916914292149,0.0,0.4667156315,0.5976855590000001,0.0,384.0
0.5942684457132533,0.0,0.5023843896666667,0.622925715,0.0,384.0
0.5778242557934272,0.0,0.4977086715,0.6417179645,0.0,384.0
0.5985321906465872,0.0,0.502177902,0.659138407,0.0,384.0
0.6899849485923324,0.034101141,0.534554261,0.6835419875,0.0,384.0
0.7842176864800519,0.149340089,0.6553704165,0.6980173080000001,0.0,384.0
0.7993723914798163,0.286100211,0.6925640959999999,0.7013508214999999,0.0,384.0
0.8005095421515531,0.347275055,0.731295287,0.743008302,0.0,384.0
0.7962082783437576,0.364695537,0.7605072975,0.781887471,0.0,384.0
0.7840181964717269,0.296771991,0.7268601015,0.812740518,0.0,384.0
0.7777741306689137,0.176816725,0.681779584,0.8172859305,0.0,384.0
0.7743548528845678,0.058822215,0.670324969,0.810177658,0.0,384.0
0.7655721983696124,0.007167814,0.643543961,0.8089273025,0.0,384.0
0.7018013165370518,0.0,0.5814597024999999,0.8033486105,0.0,384.0
0.5942684457132533,0.0,0.5889980126666666,0.7897124033333333,0.0,384.0
0.5776963381148434,0.0,0.573368622,0.7567652579999999,0.0,384.0
0.6266728801488193,0.0119506625,0.5523442005000001,0.7327510195,0.0,384.0
0.7225651049083675,0.082342818,0.532150781,0.751090543,0.0,384.0
0.7812528843391735,0.2003322165,0.563143509,0.7654898925,0.0,384.0
0.7975713477202011,0.35934965249999995,0.536925606,0.701572369,0.0,384.0
0.7965526566522265,0.445799779,0.530011853,0.640221862,0.0,384.0
0.7905958188234323,0.5455823435,0.557496945,0.6276764255,0.0,384.0
0.7807373676424698,0.4817383825,0.584473794,0.618343715,0.0,384.0
0.7771177502627254,0.33815203,0.553560086,0.590805242,0.0,384.0
0.7742807987295428,0.1756634475,0.4918365985,0.571380487,0.0,384.0
0.76661128107929,0.0089316585,0.460024384,0.559504284,0.0,384.0
0.7007015954018934,0.0,0.4678038915,0.5683383289999999,0.0,384.0
0.6033406086798956,0.0,0.45969499199999997,0.5708184695,0.0,384.0
0.5767339479966729,0.0,0.4523191135,0.533944421,0.0,384.0
0.5901490302459639,0.0,0.4419461815,0.4878533615,0.0,384.0
0.6888917116061217,0.06972132,0.4519661525,0.4844014405,0.0,384.0
0.7818514882360218,0.20810456900000002,0.5376392139999999,0.523499297,0.0,384.0
0.7975800231438854,0.284297113,0.621682765,0.562541112,0.0,384.0
0.7968375145407913,0.2628764315,0.6986468015,0.6169323205,0.0,384.0
0.7905973839232787,0.192171686,0.7534317415,0.7001495870000001,0.0,384.0
0.7809597535197281,0.116479755,0.7633931445,0.752867955,0.0,384.0
0.7771177502627254,0.080706676,0.758362127,0.760750328,0.0,384.0
0.7742759691532759,0.041288091,0.7178687345,0.7437044945,0.0,384.0
0.7655748815425116,0.0023191785,0.6839234685,0.7286846525,0.0,384.0
0.735370291937542,0.0,0.677608941,0.756582292,0.0,384.0
0.6283184595953684,0.0,0.6942530075,0.765863591,0.0,384.0
0.5542770888619406,0.0,0.7009861715000001,0.757797634,0.0,384.0
0.5424266452624219,0.0,0.6749146315,0.7398494600000001,0.0,384.0
0.5425389785410987,0.00969401,0.6434597479999999,0.7228449594999999,0.0,384.0
0.5684665865638107,0.063885143,0.642348859,0.719767815,0.0,384.0
0.6405404034455153,0.1708146565,0.716459298,0.741001833,0.0,384.0
0.6798876998141263,0.2710073365,0.6619857755,0.68659956,0.0,384.0
0.6799405348724183,0.3302542565,0.647429793,0.7052898775,0.0,384.0
0.6728315655424968,0.3138973725,0.626733039,0.69073954,0.0,384.0
0.6721893833145622,0.198026109,0.521027022,0.632442713,0.0,384.0
0.6726289676689495,0.0667292315,0.411812741,0.5717000130000001,0.0,384.0
0.670337852045211,0.001534427,0.414212825,0.5710805205,0.0,384.0
0.6422410538715427,0.0,0.4210107353333333,0.641426379,0.0,384.0
0.5573042735412911,0.0,0.424987588,0.675145252,0.0,384.0
0.5434105451628242,0.0,0.4483665155,0.694568603,0.0,384.0
0.5426220434742481,0.0053257925,0.45285133,0.7346147949999999,0.0,384.0
0.5684912712146766,0.033807753,0.465477498,0.753766098,0.0,384.0
0.6411755648899221,0.09587783550000001,0.45137670799999996,0.7418170285,0.0,384.0
0.6799222672996124,0.201300011,0.368662556,0.6625890809999999,0.0,384.0
0.6799541070107336,0.2843579545,0.3610009825,0.6312102615,0.0,384.0
0.6727490819803443,0.2940853905,0.308906535,0.5616280535,0.0,384.0
0.6722560811291922,0.2136996085,0.2307338455,0.4803726395,0.0,384.0
0.6724642241592552,0.087613899,0.153242984,0.39556315,0.0,384.0
0.6703297803269943,0.002178972,0.113722326,0.3138463635,0.0,384.0
0.6633753139832361,0.0,0.084642473,0.244958226,0.0,384.0
0.6489740734879184,0.0,0.083536004,0.2054884015,0.0,384.0
0.5841137111112058,0.0,0.07899192099999999,0.17570303650000002,0.0,384.0
0.579854773419668,0.0,0.0724674135,0.136320475,0.0,384.0
0.627821970720661,0.0103896415,0.070480812,0.1107902005,0.0,384.0
0.7494731694768678,0.062647077,0.0710269105,0.096463723,0.0,384.0
0.7967895314607127,0.16165299,0.06776106300000001,0.086806178,0.0,384.0
0.7997933729069575,0.215492334,0.07402561699999999,0.10885858600000001,0.0,384.0
0.7939366600382316,0.22495240500000002,0.0880286025,0.146666559,0.0,384.0
0.7838815362985707,0.200916682,0.0886672215,0.17218231350000002,0.0,384.0
0.7787651855620954,0.11429768099999998,0.0808911045,0.18563209600000002,0.0,384.0
0.775387853735674,0.040819405,0.07965594,0.183996013,0.0,384.0
0.766450741105924,0.001476364,0.0729422375,0.1665464435,0.0,384.0
0.7028138140066253,0.0,0.049332477,0.146641126,0.0,384.0
0.6047652556092034,0.0,0.0509448215,0.1171109685,0.0,384.0
0.5763792842933043,0.0,0.047827768,0.090050561,0.0,384.0
0.5897172939951828,0.0,0.060799900999999996,0.07543477,0.0,384.0
0.6895350788430454,0.0391276755,0.10272865649999999,0.099674821,0.0,384.0
0.7814536710963174,0.151209894,0.15580048600000002,0.16076553799999999,0.0,384.0
0.7981332375257681,0.234185502,0.23715347850000001,0.23176774899999997,0.0,384.0
0.7994567756312068,0.3111376815,0.331990365,0.296204276,0.0,384.0
0.791401827835624,0.305850894,0.41706958000000005,0.3472700935,0.0,384.0
0.7836825382558841,0.23959453549999998,0.426883577,0.4153486625,0.0,384.0
0.778673422803315,0.1160707665,0.46350284249999996,0.49353804850000005,0.0,384.0
0.7668219506710539,0.00189848,0.5209240625,0.5458982795,0.0,384.0
0.7038059644359618,0.0,0.541502729,0.571000157,0.0,384.0
0.6045505390248338,0.0,0.5203212580000001,0.52658454,0.0,384.0
0.5755512960026652,0.0,0.4593218915,0.4899777445,0.0,384.0
0.5893517189919275,0.0,0.396761517,0.467925484,0.0,384.0
0.6897050320873397,0.032617353,0.35726055300000004,0.4641414995,0.0,384.0
0.7817049004243526,0.1300999175,0.34622944099999997,0.46202145650000004,0.0,384.0
0.7971763925641132,0.2414824175,0.317792672,0.423718036,0.0,384.0
0.7967723146876441,0.30201118849999997,0.3009970395,0.4015842895,0.0,384.0
0.7880675601751312,0.305309319,0.2989465045,0.3917159855,0.0,384.0
0.7809726772161582,0.300274889,0.286540937,0.384558628,0.0,384.0
0.7771026800279762,0.180876251,0.2633782845,0.3745719595,0.0,384.0
0.774294572080522,0.052726764,0.231037889,0.355982381,0.0,384.0
0.765244231781129,0.001321898,0.213871462,0.3212055915,0.0,384.0
0.7348608569644581,0.0,0.203646332,0.302503706,0.0,384.0
0.643847169140467,0.0,0.2225420495,0.28917133500000003,0.0,384.0
0.5810338255153393,0.0,0.254970334,0.29851182649999997,0.0,384.0
0.5776805076983795,0.0,0.301349076,0.333442142,0.0,384.0
0.6271471885324151,0.0048334685,0.3224437575,0.39026355349999997,0.0,384.0
0.7229942251246131,0.066168043,0.318497926,0.439202576,0.0,384.0
0.7822366052939067,0.17435611,0.3503777065,0.47919263199999995,0.0,384.0
0.7972677974315556,0.321384377,0.409292922,0.526584893,0.0,384.0
0.7952091294653644,0.4675310125,0.496468093,0.5886107115,0.0,384.0
0.785363736122608,0.4330242945,0.5718797440000001,0.641505632,0.0,384.0
0.7778583358746352,0.3009828375,0.6019186065,0.6739893690000001,0.0,384.0
0.7755390028400582,0.1401361775,0.5846926610000001,0.7274968405,0.0,384.0
0.7673354549712144,0.002059596,0.5632813240000001,0.7966280665,0.0,384.0
0.6997961544729843,0.0,0.583618526,0.8093741495,0.0,384.0
0.6036760433486037,0.0,0.5950458085,0.820932674,0.0,384.0
0.5769561102593206,0.0,0.5784785895,0.820183334,0.0,384.0
0.5899744486380668,0.0,0.5562293805,0.801456882,0.0,384.0
0.6892136188054563,0.08747381700000001,0.5243716199999999,0.7710916285,0.0,384.0
0.7855583069468801,0.326974527,0.560847042,0.7499755925,0.0,384.0
0.798693070400802,0.48227250050000003,0.542842635,0.718449499,0.0,384.0
0.7964050404427663,0.547874192,0.585787565,0.7627019585000001,0.0,384.0
0.7882183961920703,0.5106404815,0.594798135,0.8011727795,0.0,384.0
0.7865022284145322,0.360351894,0.5863995925,0.7877473355,0.0,384.0
0.7904060327715341,0.1523361695,0.485280891,0.7520344130000001,0.0,384.0
0.7692068413151647,0.0016676575,0.4271410315,0.7224773845,0.0,384.0
0.7248742868922479,0.0,0.435712724,0.699468893,0.0,384.0
0.6302375159319522,0.0,0.404474813,0.7014080665,0.0,384.0
0.5583705675310111,0.0,0.39594017800000003,0.6875718295,0.0,384.0
0.5464828732731073,0.0,0.377821333,0.660317466,0.0,384.0
0.5469666396640487,0.014061911,0.32859592400000004,0.5974257190000001,0.0,384.0
0.5708412812858562,0.194676453,0.265509666,0.517598914,0.0,384.0
0.6503795807879245,0.4315193125,0.2499316885,0.4295793395,0.0,384.0
0.6842140284311209,0.624098642,0.174837408,0.2798878105,0.0,384.0
0.6793170226426181,0.641798466,0.1453957395,0.245160718,0.0,384.0
0.6703549122070813,0.5607759885000001,0.127310103,0.19969566049999998,0.0,384.0
0.6699830542675422,0.357747335,0.1043606185,0.14656536650000002,0.0,384.0
0.6777279228891144,0.125846113,0.07541288,0.09609964900000001,0.0,384.0
0.6873001970307469,0.0006630335,0.08660013,0.0807478125,0.0,384.0
0.6630707128273776,0.0,0.1680489705,0.1537571525,0.0,384.0
0.5844227840869448,0.0,0.2474035905,0.2420187845,0.0,384.0
0.5448641250157433,0.0,0.31483229700000004,0.3506643985,0.0,384.0
0.5440457736106431,0.0,0.406325372,0.49033454349999994,0.0,384.0
0.5554997192886981,0.0144311575,0.49292132749999995,0.6653342470000001,0.0,384.0
0.6485782240083398,0.0603063,0.559498769,0.81797793,0.0,384.0
0.6902985381243689,0.07354090199999999,0.6391073395,0.8522995525,0.0,384.0
0.6869133359273465,0.08599803,0.716752724,0.8859552285000001,0.0,384.0
0.6766009457374962,0.093071739,0.695973352,0.853355038,0.0,384.0
0.6715348810956656,0.07520004899999999,0.6106604200000001,0.8315394599999999,0.0,384.0
0.6715968387393874,0.040108258,0.570594805,0.8419465785,0.0,384.0
0.669128532940532,0.0,0.5691431836666666,0.8354463076666666,0.0,384.0
0.6433137426273439,0.0,0.6223109705000001,0.827038464,0.0,384.0
0.5806303738137604,0.0,0.626306496,0.8350797249999999,0.0,384.0
0.5777642434078849,0.0,0.5936033055000001,0.841405511,0.0,384.0
0.6269009899933108,0.0053696965,0.5590339155,0.811037719,0.0,384.0
0.7226714458687831,0.088125775,0.554423964,0.786161073,0.0,384.0
0.7822048997245616,0.228529526,0.6292130730000001,0.787250765,0.0,384.0
0.7976487556220537,0.2936815195,0.597433246,0.7236487855,0.0,384.0
0.7952173576598278,0.29392061449999995,0.5616590585,0.6986733125,0.0,384.0
0.7875793218968339,0.304277019,0.524575018,0.665380457,0.0,384.0
0.7808460340193981,0.25137902,0.4423766965,0.5798500289999999,0.0,384.0
0.7769708941675043,0.183264662,0.331066058,0.465063769,0.0,384.0
0.774632913469264,0.092608389,0.232125463,0.35934496,0.0,384.0
0.7665002893533249,0.0006094555,0.177974223,0.272853987,0.0,384.0
0.7348383187169599,0.0,0.19135683,0.268500019,0.0,384.0
0.643316895296459,0.0,0.20317737749999998,0.253283123,0.0,384.0
0.5813802832912395,0.0,0.20877556800000002,0.2222240485,0.0,384.0
0.5781844198494185,0.0,0.221468644,0.2095675165,0.0,384.0
0.6267745704111614,0.005330139,0.2662918435,0.2173357585,0.0,384.0
0.7227448739163937,0.109768403,0.319006805,0.263662322,0.0,384.0
0.7817150068735832,0.2659664365,0.394236911,0.312404723,0.0,384.0
0.7972554998425398,0.357478321,0.46386059199999996,0.387532841,0.0,384.0
0.795193656805287,0.351215441,0.45603068150000003,0.3718557965,0.0,384.0
0.7851874104691954,0.2887223455,0.3992511065,0.34006536899999995,0.0,384.0
0.7777425145724031,0.17800316249999998,0.3112276805,0.2905109285,0.0,384.0
0.7751073783965823,0.0492778105,0.2467592945,0.3002505345,0.0,384.0
0.7663215936144583,0.0,0.22849313300000001,0.341302189,0.0,384.0
0.7009282519538437,0.0,0.21851139749999998,0.339525649,0.0,384.0
0.603151806559274,0.0,0.21577915199999997,0.3113661305,0.0,384.0
0.5760892167376153,0.0,0.2352976145,0.3113564775,0.0,384.0
0.5895310407707328,0.0,0.229189267,0.331489085,0.0,384.0
0.688650968683223,0.0525905865,0.24773235,0.37113443999999995,0.0,384.0
0.7722335786978183,0.217676154,0.260981341,0.379235264,0.0,384.0
0.7975684856691085,0.3766426845,0.333532106,0.3903835165,0.0,384.0
0.7971426746657007,0.50223137,0.3409002675,0.404425982,0.0,384.0
0.7906195196779731,0.516946529,0.380097043,0.411873791,0.0,384.0
0.7806717653639945,0.448784022,0.381883294,0.40066102800000003,0.0,384.0
0.7769708941675043,0.323830907,0.343403591,0.400645759,0.0,384.0
0.7757762800063968,0.13415056649999998,0.28634189649999997,0.35383030849999997,0.0,384.0
0.7670785910138289,0.0,0.223550528,0.31378140099999996,0.0,384.0
0.6994558678260627,0.0,0.17505926100000002,0.241280071,0.0,384.0
0.5951970435072673,0.0,0.12639868733333334,0.172618818,0.0,384.0
0.57927410167371,0.0,0.09421906499999999,0.13380626950000002,0.0,384.0
0.627982846048467,0.0053925015,0.076534408,0.1040089025,0.0,384.0
0.7235775352395772,0.131718211,0.054074405,0.078223298,0.0,384.0
0.7875801268149656,0.3307841495,0.034979722500000004,0.0581134765,0.0,384.0
0.7980870431601466,0.52110668,0.037070203,0.039938452,0.0,384.0
0.7967107818711968,0.5749375605,0.0400617625,0.0331132145,0.0,384.0
0.7906623154253982,0.446437635,0.046143330999999996,0.034569644,0.0,384.0
0.780768357631566,0.2945375895,0.0445922035,0.036211409,0.0,384.0
0.7765103814693584,0.1734333555,0.051311626,0.047234564,0.0,384.0
0.7765256753187182,0.060641024,0.073324029,0.060932245,0.0,384.0
0.7678443979786599,0.0,0.1061324015,0.08017410750000001,0.0,384.0
0.6729341352161904,0.0,0.13619800233333335,0.09742037066666666,0.0,384.0
0.5821668843905774,0.0,0.153343815,0.11946641499999999,0.0,384.0
0.5787089920606638,0.0,0.1956597225,0.161423822,0.0,384.0
0.6275495446978394,0.0047594695,0.2457841705,0.22123565150000002,0.0,384.0
0.7463179105752111,0.2110870815,0.2690532175,0.2745580285,0.0,384.0
0.7954059809697318,0.493549324,0.33118161150000003,0.3078913215,0.0,384.0
0.7970289550978948,0.6635221805,0.41441401600000005,0.32974860250000004,0.0,384.0
0.7915077663707115,0.520112555,0.42890071900000004,0.32422170949999995,0.0,384.0
0.7813738035687003,0.3498960835,0.386946246,0.32934228249999997,0.0,384.0
0.7761225813060499,0.181727597,0.35354089850000003,0.332252477,0.0,384.0
0.773848637718963,0.055194097,0.352158686,0.346254792,0.0,384.0
0.76643110957846,0.0,0.3523158925,0.3658425665,0.0,384.0
0.7333901498787804,0.0,0.3362889,0.372450845,0.0,384.0
0.6321628776067665,0.0,0.31805367900000003,0.3795891905,0.0,578.5
0.5597474549273751,0.0,0.26753322999999996,0.361705351,0.0,773.0
0.547931735357065,0.0,0.2113401795,0.312699779,0.0,773.0
0.548393634276864,0.0027662505,0.17703839649999997,0.28827954499999997,0.0,773.0
0.5981059770828997,0.0954317915,0.1423108825,0.2613013595,0.0,773.0
0.6768049298326967,0.2398837915,0.118972022,0.22083402400000002,0.0,773.0
0.6841988017201247,0.351871057,0.1284511275,0.1991495375,0.0,773.0
0.6781100438216068,0.33036474149999995,0.14642455199999999,0.199011368,0.0,773.0
0.6734466929666355,0.2266124255,0.14375860499999998,0.1988721395,0.0,773.0
0.6755801081986783,0.136317085,0.114997845,0.205025246,0.0,773.0
0.6757254439304703,0.055285348,0.1156147785,0.2231738255,0.0,773.0
0.6737668264086359,0.0,0.17916019966666666,0.30427140466666663,0.0,773.0
0.6317113980886916,0.0,0.236646902,0.372710619,0.0,773.0
0.5588635683146874,0.0,0.298801292,0.4341134365,0.0,773.0
0.547779177629081,0.0,0.343132553,0.4713591075,0.0,773.0
0.5482472701472809,0.002678048,0.359755744,0.479713406,0.0,773.0
0.5974792675150427,0.12509789100000002,0.38886713100000003,0.4701112555,0.0,773.0
0.6762977979416547,0.29375956150000004,0.4116329645,0.4369376265,0.0,773.0
0.684651757000163,0.407560006,0.44967027849999996,0.4240409095,0.0,773.0
0.6787991806643532,0.43252166550000004,0.41575635850000003,0.43195697099999997,0.0,773.0
0.6740523624509045,0.30358536150000004,0.339460861,0.4115546755,0.0,773.0
0.6747304984534539,0.180451731,0.290210477,0.384351092,0.0,773.0
0.6759226084548071,0.0611562725,0.2755808575,0.35961460700000003,0.0,773.0
0.6764944034969408,0.0,0.25193048149999997,0.3052538645,0.0,773.0
0.6549270804938936,0.0,0.194885784,0.22501648533333332,0.0,773.0
0.5874032601005645,0.0,0.203239554,0.22947294099999999,0.0,773.0
0.5843799436031024,0.0,0.1964336445,0.2691578215,0.0,773.0
0.6362346900848346,0.001739079,0.1868211075,0.33215402299999996,0.0,773.0
0.7561295413506135,0.147627384,0.164864557,0.34200421950000004,0.0,773.0
0.8012248170726582,0.372110163,0.19042491,0.3377026095,0.0,773.0
0.8019249323536553,0.47031884199999996,0.1899252565,0.33428759649999995,0.0,773.0
0.7954106316678056,0.447979641,0.213541532,0.3556067,0.0,773.0
0.7884371151001044,0.364973591,0.228303158,0.372538517,0.0,773.0
0.7853901648189894,0.262206965,0.2412220285,0.386152646,0.0,773.0
0.7847906665311748,0.0971742445,0.2463670675,0.387035526,0.0,773.0
0.7773651338782948,0.0,0.233403739,0.366888079,0.0,773.0
0.7415325226200877,0.0,0.203786742,0.344994615,0.0,773.0
0.6487884240364119,0.0,0.19378629,0.362661924,0.0,773.0
0.5877894727620799,0.0,0.165091573,0.36377298150000004,0.0,773.0
0.5850059600601328,0.0,0.1368181785,0.336757879,0.0,773.0
0.6367903640924815,0.001461019,0.1255319545,0.3286934285,0.0,773.0
0.7327585435962927,0.086297004,0.130277586,0.336382463,0.0,773.0
0.7954857143555729,0.22721025150000002,0.1185319715,0.33082284500000003,0.0,773.0
0.806053045511624,0.371043163,0.103445115,0.297143633,0.0,773.0
0.8037168535953165,0.461104274,0.1058082225,0.2766699655,0.0,773.0
0.7967936008552651,0.4217477395,0.113438105,0.282046215,0.0,773.0
0.7882705828759531,0.283772618,0.1215954525,0.2966600905,0.0,773.0
0.7865075945579033,0.165464232,0.129151,0.319213678,0.0,773.0
0.7868172265701685,0.062358304,0.132089091,0.34456256949999997,0.0,773.0
0.7780090377497981,0.0,0.15305149699999998,0.363115006,0.0,773.0
0.6799036271032647,0.0,0.14053950533333334,0.36297154699999995,0.0,773.0
0.5874852294300836,0.0,0.131883143,0.37044176949999996,0.0,773.0
0.5842928764137644,0.0,0.1355316385,0.358379707,0.0,773.0
0.60681390673395,0.0,0.140101285,0.346070805,0.0,773.0
0.6993688453056662,0.0442924155,0.13887614250000002,0.3367158595,0.0,773.0
0.7808698243467734,0.17565785,0.132070924,0.329461487,0.0,773.0
0.8034245277614787,0.33111513400000003,0.1398939125,0.305326419,0.0,773.0
0.8025916875601018,0.40319713749999997,0.1926576775,0.287879948,0.0,773.0
0.7960947823905625,0.29388847500000004,0.2286858605,0.29383402599999997,0.0,773.0
0.7871025315530029,0.18173799499999999,0.249311065,0.280573092,0.0,773.0
0.7852926781604515,0.121471573,0.243912625,0.292318887,0.0,773.0
0.7847171490782054,0.050314081000000004,0.2402923615,0.32131395399999996,0.0,773.0
0.7771942191046703,0.0,0.2270633875,0.3291913665,0.0,773.0
0.6800600082092437,0.0,0.19756057799999996,0.3305713003333333,0.0,773.0
0.5876537069124144,0.0,0.1826507765,0.29095193,0.0,773.0
0.5851341460897443,0.0,0.1795042645,0.2849550335,0.0,773.0
0.6366787016576364,0.001325454,0.173510964,0.28298181099999997,0.0,773.0
0.7587585958028145,0.13639698349999999,0.1766599265,0.264459998,0.0,773.0
0.8047097866083139,0.3142570165,0.20607046950000002,0.258250186,0.0,773.0
0.8035130707127801,0.364070502,0.2193665365,0.252960575,0.0,773.0
0.7976705336203616,0.3309079895,0.260874234,0.3276515335,0.0,773.0
0.7906834673837675,0.26338600300000004,0.29496034250000003,0.418246722,0.0,773.0
0.7911760433401692,0.172380458,0.303506257,0.458788474,0.0,773.0
0.7930425999729012,0.07132489,0.2937290895,0.47651953550000004,0.0,773.0
0.78220789591743,0.0,0.283138837,0.4701273005,0.0,773.0
0.7039644696783136,0.0,0.28496558800000005,0.46219662100000003,0.0,773.0
0.6094046372586062,0.0,0.27461252550000004,0.465356518,0.0,773.0
0.584183360382287,0.0,0.294761586,0.497549933,0.0,773.0
0.5990964953415014,0.0,0.30138904850000003,0.5204589095,0.0,773.0
0.7043319676727533,0.061971682,0.280737167,0.5018440035,0.0,773.0
0.8024456811194296,0.3156038095,0.287181228,0.461733436,0.0,773.0
0.8076496804162401,0.420618569,0.2915919605,0.4170232905,0.0,773.0
0.8026759374347647,0.33360080599999997,0.3328349755,0.477478449,0.0,773.0
0.7928632782615715,0.30287312499999997,0.3475958435,0.5129957325000001,0.0,773.0
0.7881012780735439,0.24105575,0.337720699,0.483998038,0.0,773.0
0.7888371235145454,0.1378834035,0.275962974,0.433978217,0.0,773.0
0.7929433245999062,0.008024633,0.26819017,0.37825634799999996,0.0,773.0
0.7713762327237689,0.0,0.286170028,0.360544307,0.0,773.0
0.6976637230372666,0.0,0.314662169,0.40193142400000004,0.0,773.0
0.576326471569483,0.0,0.3377558806666667,0.370684048,0.0,773.0
0.5487995008677902,0.0,0.325894517,0.369307128,0.0,773.0
0.5485643701048193,0.0008162685,0.2897809195,0.423430293,0.0,773.0
0.6009916718778756,0.0622740335,0.2625170565,0.47027872449999997,0.0,773.0
0.6847017748112556,0.16988330499999998,0.28015513550000004,0.510264601,0.0,773.0
0.6862080556481668,0.21566974249999998,0.312078674,0.523984346,0.0,773.0
0.6778280479841343,0.1876087355,0.3575475305,0.5081086775,0.0,773.0
0.6740534580545348,0.1458063635,0.392899866,0.5073402810000001,0.0,773.0
0.678203751771091,0.082389062,0.3802500465,0.5013996095,0.0,773.0
0.680656838303774,0.002799578333333333,0.38975114066666666,0.5558320393333334,0.0,773.0
0.6632143715170664,0.0,0.3919611435,0.610529171,0.0,773.0
0.5873126377493075,0.0,0.43348361449999995,0.622058323,0.0,773.0
0.5484645580972445,0.0,0.461009986,0.6316806395000001,0.0,773.0
0.5484998410955038,0.0,0.495644046,0.6370170980000001,0.0,773.0
0.5603757073280837,0.0198570995,0.528840311,0.670301679,0.0,773.0
0.6469168812162148,0.185892236,0.6059577845,0.7151865705,0.0,773.0
0.6839909941119775,0.3689051965,0.6234338185,0.730897322,0.0,773.0
0.6818992567567346,0.464524836,0.68868763,0.7701128125000001,0.0,773.0
0.6733422078590405,0.447746857,0.7292170485,0.783428641,0.0,773.0
0.6747176642298583,0.286302391,0.710017236,0.7769757935,0.0,773.0
0.6793326294444714,0.084021918,0.671355892,0.750733452,0.0,773.0
0.6818674170456134,0.0,0.648121221,0.71218028,0.0,773.0
0.6727912069514137,0.0,0.6582200039999999,0.683276065,0.0,773.0
0.5999511433879562,0.0,0.651501869,0.663850991,0.0,773.0
0.584253792304505,0.0,0.599011167,0.610215597,0.0,773.0
0.6359776919181972,0.0006526295,0.575897139,0.5867845365,0.0,773.0
0.7329041474766853,0.058858714,0.562040231,0.596356222,0.0,773.0
0.7918068447045252,0.15138414649999998,0.560888865,0.614857034,0.0,773.0
0.8042713201920278,0.1898482405,0.615743903,0.6384286935,0.0,773.0
0.8011532672798148,0.184165804,0.6655941245,0.7090693404999999,0.0,773.0
0.7912733958569311,0.15246298949999998,0.685522353,0.76218013,0.0,773.0
0.7860223972088916,0.1021397715,0.6608169365000001,0.7588481155,0.0,773.0
0.7845669838376221,0.041861634,0.660388784,0.7805029,0.0,773.0
0.7838448222747654,0.0010880975,0.6979528669999999,0.8261608444999999,0.0,773.0
0.7561540917922276,0.0,0.7430046530000001,0.880024626,0.0,773.0
0.6484706309005712,0.0,0.7647492025,0.8967969725,0.0,773.0
0.5848556755449289,0.0,0.7666533360000001,0.891172577,0.0,773.0
0.5963121105830589,0.0,0.7424819125,0.8542596565,0.0,773.0
0.6984340689603419,0.0216866275,0.6967654025000001,0.8124948495,0.0,773.0
0.7883438767817876,0.159655757,0.6813932890000001,0.789513364,0.0,773.0
0.8027989584661934,0.31773131,0.6772553075000001,0.7257633400000001,0.0,773.0
0.8009658513808464,0.3803995725,0.6988437485000001,0.7097062245,0.0,773.0
0.7907744250894645,0.3342330625,0.69180599,0.6911012925,0.0,773.0
0.7855350533215604,0.18793236400000002,0.632000192,0.6649768094999999,0.0,773.0
0.784872099226114,0.0315987005,0.5700816135,0.644453343,0.0,773.0
0.7769379812546993,0.0,0.517774884,0.6205216205,0.0,773.0
0.707573846534527,0.0,0.5208676155,0.603029154,0.0,773.0
0.6086176336664644,0.0,0.4973606555,0.603169182,0.0,773.0
0.5823366141552127,0.0,0.49254320799999995,0.5906936275,0.0,773.0
0.5969464894438045,0.0,0.44036558449999996,0.5484128985000001,0.0,773.0
0.7005971550307157,0.0395663865,0.399636414,0.48190709249999997,0.0,773.0
0.8022628712495934,0.29161827,0.3898326875,0.42812625400000004,0.0,773.0
0.809416693392425,0.5103571685,0.411736182,0.410581919,0.0,773.0
0.8036001379021182,0.5510957375000001,0.425346587,0.3886757865,0.0,773.0
0.7946452271957782,0.44976844149999995,0.420269452,0.362980594,0.0,773.0
0.7896136629685456,0.301670003,0.38332325899999997,0.331864437,0.0,773.0
0.7904922057048572,0.139196814,0.345210635,0.334679791,0.0,773.0
0.795588075326795,0.008084589,0.34186545150000003,0.374100782,0.0,773.0
0.7511093355850129,0.0,0.3945563635,0.419540051,0.0,773.0
0.6490114582880795,0.0,0.4543525565,0.43706133199999997,0.0,773.0
0.5898131931519277,0.0,0.4976681855,0.44022204,0.0,773.0
0.5868005420727468,0.0,0.5130613155,0.4704700325,0.0,773.0
0.6406787629952455,0.0,0.4963985395,0.49317889000000004,0.0,773.0
0.7654759191220102,0.15579686650000002,0.470892365,0.4914603425,0.0,773.0
0.8065364989500718,0.3809992725,0.5303741075,0.481755409,0.0,773.0
0.8033438999846713,0.461959217,0.5821864475,0.4792929105,0.0,773.0
0.796711631525746,0.37337535850000003,0.5875295195,0.49094057950000003,0.0,773.0
0.7883652970237089,0.2490119085,0.574198424,0.520313726,0.0,773.0
0.7883354696416552,0.104504697,0.5072475385,0.5233254515,0.0,773.0
0.7888688290838904,0.0024559095,0.4582309085,0.5075301990000001,0.0,773.0
0.7554306781494936,0.0,0.4438691615,0.5070281674999999,0.0,773.0
0.6487603406998739,0.0,0.505399612,0.5333770705,0.0,773.0
0.5881078472014418,0.0,0.5376481799999999,0.5633463535000001,0.0,773.0
0.5852930538248999,0.0,0.5502411599999999,0.582423759,0.0,773.0
0.6367428952450362,0.0,0.554429029,0.614582434,0.0,773.0
0.7595402331841095,0.065529819,0.5310589095,0.6295170635,0.0,773.0
0.8065305513682279,0.21487919449999998,0.515366667,0.6279030885000001,0.0,773.0
0.8040613661130371,0.333551376,0.516692398,0.633243702,0.0,773.0
0.7973819194921652,0.360679922,0.5515945765,0.647945032,0.0,773.0
0.7884823257368765,0.332654567,0.55085126,0.6724176209999999,0.0,773.0
0.7881199257372073,0.179690128,0.4543638835,0.660265571,0.0,773.0
0.788077934907914,0.004292239,0.3929838805,0.638212722,0.0,773.0
0.7558934938622055,0.0,0.357849886,0.6469421565,0.0,773.0
0.6322703589072298,0.0,0.3158540045,0.5662070705,0.0,773.0
0.5600522572958977,0.0,0.2850149165,0.450341679,0.0,773.0
0.5488619504096744,0.0,0.262551637,0.3802484175,0.0,773.0
0.5488997601045859,0.0,0.2437659585,0.340890354,0.0,773.0
0.5753965023984791,0.071429717,0.221474427,0.318652553,0.0,773.0
0.6523802264306459,0.22011407700000002,0.2276690425,0.3023237595,0.0,773.0
0.6866551304172492,0.370175595,0.217845341,0.23247937,0.0,773.0
0.6845536666361572,0.37107365400000003,0.29602243100000003,0.27666635900000003,0.0,773.0
0.6777018295471731,0.2673644585,0.3942136395,0.356373834,0.0,773.0
0.6736403918018877,0.224544417,0.427052217,0.389977189,0.0,773.0
0.6752626057483362,0.1191702665,0.4150708505,0.440538938,0.0,773.0
0.6787746300877876,0.032658275,0.440472462,0.494393696,0.0,773.0
0.6840128392486491,0.0011993615,0.51646719,0.558608796,0.0,773.0
0.6769025730349572,0.0,0.609885577,0.640177493,0.0,773.0
0.6316355776211562,0.0,0.7210496485,0.713136904,0.0,773.0
0.559482519251773,0.0,0.793357009,0.738170395,0.0,773.0
0.5475869545557923,0.0,0.7724454415,0.769533515,0.0,773.0
0.5480788149994209,0.0,0.725484032,0.812925845,0.0,773.0
0.5740115209494276,0.022464563,0.698941644,0.815751847,0.0,773.0
0.6478123052362035,0.12146258499999998,0.6810392555,0.7988272995000001,0.0,773.0
0.6842079467749766,0.326073864,0.6835739835000001,0.730468813,0.0,773.0
0.681769438421437,0.33221589399999996,0.6629266885,0.666255305,0.0,773.0
0.6732480304133404,0.28229696,0.6282452075,0.5988878495,0.0,773.0
0.6722506255129868,0.21124221,0.550293105,0.533113982,0.0,773.0
0.6762850754578886,0.129592349,0.43372639749999997,0.4891653625,0.0,773.0
0.6789825047668228,0.002083281,0.36046598750000003,0.475750794,0.0,773.0
0.6738226650371442,0.0,0.365980785,0.4994866235,0.0,773.0
0.6292423097511589,0.0,0.35186687466666666,0.45925823000000005,0.0,773.0
0.5809525046277053,0.0,0.321329703,0.39196589400000004,0.0,773.0
0.5965394378438893,0.0,0.323777172,0.3706369485,0.0,773.0
0.6985759836045151,0.0126064255,0.3833900425,0.473506222,0.0,773.0
0.7881730962174152,0.08772881599999999,0.5043788695,0.5777502485,0.0,773.0
0.802153355218116,0.158961316,0.6137288359999999,0.671063717,0.0,773.0
0.8006245585356533,0.247550906,0.6941532465,0.7375796895,0.0,773.0
0.7909827245957743,0.275821127,0.713908947,0.7535497485,0.0,773.0
0.7840524510047193,0.220587666,0.7390481044999999,0.7716661955,0.0,773.0
0.7822054810955587,0.044880232,0.784711683,0.8427579735,0.0,773.0
0.7750284946652903,0.0,0.7775002719999999,0.883428503,0.0,773.0
0.7433574461799128,0.0,0.717470476,0.855811542,0.0,773.0
0.6485527791082835,0.0,0.64008281,0.8325714865,0.0,773.0
0.5870755841975795,0.0,0.5726669664999999,0.829935275,0.0,773.0
0.5843627268975096,0.0,0.5472065395,0.8239890624999999,0.0,773.0
0.6356922751955334,0.0,0.5360348835,0.801475096,0.0,773.0
0.7318287532360062,0.009791717,0.526159973,0.775956394,0.0,773.0
0.788252248232259,0.066434596,0.53384449,0.784188457,0.0,773.0
0.8025009980704811,0.2209828415,0.5940231845,0.7954908335,0.0,773.0
0.7999875860423188,0.387723811,0.7051222095,0.8218616315,0.0,773.0
0.7895605371572794,0.37281554,0.783075827,0.8409908705,0.0,773.0
0.7835981988409109,0.299884498,0.800534972,0.871553405,0.0,773.0
0.7837793094691246,0.1703371505,0.8137037899999999,0.893005154,0.0,773.0
0.782870358047238,0.0016549705,0.8268092595,0.8963944345,0.0,773.0
0.7554328470222837,0.0,0.8424492029999999,0.8968486545000001,0.0,773.0
0.6484706309005712,0.0,0.8392747085,0.9010233304999999,0.0,773.0
0.5867525589251924,0.0,0.8216857150000001,0.8940908715,0.0,773.0
0.583734072071473,0.0,0.8095877065,0.898693513,0.0,773.0
0.635621329040682,0.0,0.822075595,0.8986646119999999,0.0,773.0
0.7548157072016016,0.0849471095,0.7955749830000001,0.844900044,0.0,773.0
0.8007336273379096,0.2460743365,0.8103759715000001,0.7720227879999999,0.0,773.0
0.8021863576037556,0.360237508,0.864777763,0.793908233,0.0,773.0
0.7957291179819486,0.424172263,0.900879647,0.8779242745,0.0,773.0
0.7878075658831014,0.3419570195,0.924413903,0.9004354045,0.0,773.0
0.7868188364064324,0.1503079785,0.9045310639999999,0.913720224,0.0,773.0
0.7866819526186656,0.0012126705,0.8577775480000001,0.8933146245,0.0,773.0
0.7706848822043393,0.0,0.816911749,0.874100379,0.0,773.0
0.707441211019506,0.0,0.7585795285000001,0.8562228679999999,0.0,773.0
0.6088202091380652,0.0,0.6914882529999999,0.8223551695,0.0,773.0
0.5819756674480845,0.0,0.6277735099999999,0.7446585815,0.0,773.0
0.5967731599157846,0.0,0.5564017845,0.6780228150000001,0.0,773.0
0.6991412944302253,0.018617134,0.5047929615,0.6324135335,0.0,773.0
0.794536873906295,0.1478764455,0.46324679550000003,0.586845747,0.0,773.0
0.8091885388115162,0.214424201,0.454106018,0.560326165,0.0,773.0
0.8071356842179171,0.238340946,0.4566582615,0.545538588,0.0,773.0
0.7995094094768348,0.20671001849999998,0.4552261645,0.545475223,0.0,773.0
0.7902333294184042,0.131063487,0.4164646215,0.6065705925,0.0,773.0
0.7891637933542102,0.065905326,0.418978304,0.623519328,0.0,773.0
0.7881825765592314,0.009048731,0.4268906315,0.653863569,0.0,773.0
0.7773128129851603,0.0,0.487988398,0.7206198575,0.0,773.0
0.7074810329760092,0.0,0.534014108,0.777758578,0.0,773.0
0.6086176336664644,0.0,0.6083455855,0.8141613305,0.0,773.0
0.5828142764205875,0.0,0.7027090925,0.8556909779999999,0.0,773.0
0.5965897686749513,0.0,0.7474819355,0.89103954,0.0,773.0
0.7017517235532336,0.0303693455,0.769682803,0.894998993,0.0,773.0
0.8059724626061854,0.247688925,0.808598346,0.9021094194999999,0.0,773.0
0.81520605993716,0.4366427685,0.806745583,0.9183139705000001,0.0,773.0
0.8080858662199066,0.5029940465,0.789656288,0.91590981,0.0,773.0
0.797629526654869,0.4571304175,0.794492867,0.9080357299999999,0.0,773.0
0.792683598658904,0.369309054,0.777203148,0.903742636,0.0,773.0
0.7963605006498258,0.21039753900000002,0.7026678795,0.8851328895,0.0,773.0
0.7984989467382753,0.00072124,0.6292366119999999,0.8546009274999999,0.0,773.0
0.7518054262753506,0.0,0.5985151415000001,0.821176643,0.0,773.0
0.6326602608724403,0.0,0.554082368,0.7729908384999999,0.0,773.0
0.5615381016872127,0.0,0.4999601835,0.711543587,0.0,773.0
0.5497558764007047,0.0,0.43370208499999996,0.6292648825,0.0,773.0
0.5501861816259397,0.0,0.377620462,0.5299104925,0.0,773.0
0.5762779517873488,0.023175229,0.343371842,0.466850523,0.0,773.0
0.6673504893898394,0.1191854245,0.32237530849999996,0.43244406150000003,0.0,773.0
0.7093254091851053,0.219960514,0.33616624250000005,0.383498026,0.0,773.0
0.7074057490755778,0.281454329,0.2949913905,0.3806092145,0.0,773.0
0.7070228680288466,0.24893665399999998,0.2740153275,0.38792232449999997,0.0,773.0
0.7166440419759948,0.195994144,0.25327859,0.386896714,0.0,773.0
0.7226458220905335,0.12021554300000001,0.227206623,0.3523546365,0.0,773.0
0.7143210867086109,0.0,0.224133157,0.3263985425,0.0,773.0
0.6871278960354694,0.0,0.2167369535,0.334720292,0.0,773.0
0.6334880255484688,0.0,0.20072902050000002,0.330470632,0.0,773.0
0.562616268438674,0.0,0.21070216949999998,0.315556215,0.0,773.0
0.5507209272898281,0.0,0.2553629665,0.3965526125,0.0,773.0
0.554734762045892,0.0,0.30699734300000003,0.49501594550000005,0.0,773.0
0.5878153648913572,0.019268418,0.340757338,0.556589,0.0,773.0
0.6712621419853989,0.21858025849999999,0.3767213895,0.647595544,0.0,773.0
0.7156260218193278,0.42168421,0.441442626,0.749552144,0.0,773.0
0.7130335471816802,0.5566256645,0.5026257795,0.7811051815,0.0,773.0
0.7042079180411065,0.5541450080000001,0.58634902,0.826166052,0.0,773.0
0.6998975092459347,0.458149902,0.6098452415,0.8517427495000001,0.0,773.0
0.7169854688954882,0.22638997849999998,0.5412879774999999,0.8428525309999999,0.0,773.0
0.7173133237441424,0.0,0.468405996,0.7921057730000001,0.0,773.0
0.689197207085471,0.0,0.404239691,0.6785416879999999,0.0,773.0
0.6530232135767122,0.0,0.3596526885,0.585105285,0.0,773.0
0.6000483765851136,0.0,0.3269373135,0.5449079915,0.0,773.0
0.5999731374210995,0.0,0.29816789450000003,0.5196874745,0.0,773.0
0.6648150310798175,0.0,0.265351285,0.457976559,0.0,773.0
0.7588000946664695,0.06786154,0.242089187,0.402885571,0.0,773.0
0.8061825507594764,0.28387085,0.203069375,0.359237733,0.0,773.0
0.8204385897997297,0.525943293,0.1890356225,0.30492918199999997,0.0,773.0
0.8129058217279919,0.698886585,0.2110989495,0.262381713,0.0,773.0
0.8028110325080744,0.562405116,0.234815031,0.251926976,0.0,773.0
0.7955400921792406,0.3951346985,0.208856074,0.23999884300000002,0.0,773.0
0.8026509397639295,0.1693765695,0.16830602900000002,0.213453528,0.0,773.0
0.8044006912306285,0.0,0.175523335,0.1941748415,0.0,773.0
0.7539586741800457,0.0,0.215026464,0.193014703,0.0,773.0
0.6546977036798778,0.0,0.2655207855,0.2143166335,0.0,773.0
0.604451196513475,0.0,0.298834229,0.242711551,0.0,773.0
0.6037134728851821,0.0,0.351305018,0.281595003,0.0,773.0
0.6652385167341888,0.0,0.410308044,0.347385968,0.0,773.0
0.7586557428659539,0.052668444,0.479500105,0.399352336,0.0,773.0
0.81197187263527,0.236216284,0.5320875365,0.437285308,0.0,773.0
0.8117235498923172,0.4130993145,0.6205094295,0.4961724815,0.0,773.0
0.8037525390189038,0.4293636035,0.694273774,0.5525306925,0.0,773.0
0.7938223592343803,0.394192427,0.727725608,0.583823796,0.0,773.0
0.7890193520808603,0.268690868,0.722144323,0.597152846,0.0,773.0
0.7935662555261852,0.103854754,0.7190967355,0.6092854240000001,0.0,773.0
0.7983199379794392,0.0,0.7463096685,0.6407306349999999,0.0,773.0
0.7535156688055156,0.0,0.7505392550000001,0.6618140035,0.0,773.0
0.6490165786173206,0.0,0.754286646,0.663000264,0.0,773.0
0.5882426739911994,0.0,0.747634007,0.6549270494999999,0.0,773.0
0.5850424057329104,0.0,0.725220692,0.645906985,0.0,773.0
0.636238424057471,0.0,0.6921054965,0.642393148,0.0,773.0
0.7344538277664894,0.035981223,0.639432843,0.627002083,0.0,773.0
0.7952026452489407,0.1645848085,0.5789263585,0.602826319,0.0,773.0
0.8031535774331446,0.3197620605,0.5139593225000001,0.5391331755,0.0,773.0
0.800038207626355,0.388032836,0.5124279135,0.5315816105,0.0,773.0
0.78956576922635,0.3156053695,0.45152044849999995,0.5057590075,0.0,773.0
0.7838148160819942,0.219164845,0.372929309,0.472065919,0.0,773.0
0.7836760093705188,0.08735123250000001,0.3394264695,0.4462654815,0.0,773.0
0.7846873665000448,0.0,0.35357894300000003,0.4308341565,0.0,773.0
0.7563119486601702,0.0,0.3848098815,0.4075413035,0.0,773.0
0.6486002479557289,0.0,0.409743558,0.407493932,0.0,773.0
0.5874957383046424,0.0,0.4403597035,0.423483539,0.0,773.0
0.5847521369645573,0.0,0.4521562055,0.4173593805,0.0,773.0
0.6367955738270815,0.0,0.4702287825,0.42635904150000004,0.0,773.0
0.7338916248734771,0.042939305,0.484417277,0.450169661,0.0,773.0
0.7952854641655331,0.282389006,0.45243154799999996,0.45630099199999996,0.0,773.0
0.8030128030615433,0.48684385350000003,0.40010133950000004,0.426372329,0.0,773.0
0.8001282262046685,0.5594987524999999,0.3885208765,0.40391461100000003,0.0,773.0
0.789525343564379,0.47791241500000003,0.3931598215,0.396982834,0.0,773.0
0.7848731277588565,0.2575360805,0.38706854749999997,0.436533984,0.0,773.0
0.7884524089494642,0.023684125,0.3956367915,0.511414373,0.0,773.0
0.7800993666163929,0.0,0.392248887,0.572636594,0.0,773.0
0.7051013297320277,0.0,0.3865499715,0.5921858074999999,0.0,773.0
0.609173665430498,0.0,0.358178341,0.604005356,0.0,773.0
0.5828373512351899,0.0,0.3361674785,0.606456009,0.0,773.0
0.5969544046857743,0.0,0.3362430545,0.5982077155000001,0.0,773.0
0.7047588519453212,0.012095087,0.3107401415,0.5742904595,0.0,773.0
0.795651665208727,0.226370241,0.270954952,0.53527241,0.0,773.0
0.8175319665935193,0.466108135,0.23060144500000002,0.466738817,0.0,773.0
0.8095090821236682,0.610976599,0.207518939,0.3856827055,0.0,773.0
0.8025218370088809,0.547686307,0.188166824,0.36925708150000003,0.0,773.0
0.795242668418108,0.3865756135,0.18274967949999998,0.37192343,0.0,773.0
0.8043679571960167,0.160062031,0.169284481,0.3758024365,0.0,773.0
0.8039242139742426,0.0,0.1932270505,0.370202915,0.0,773.0
0.75338511269045,0.0,0.197961835,0.323999245,0.0,773.0
0.638196251483345,0.0,0.19955042150000002,0.2968137955,0.0,773.0
0.577525937708804,0.0,0.222794116,0.2887239285,0.0,773.0
0.568627171206118,0.0,0.268604187,0.30207776799999997,0.0,773.0
0.5663126454808131,0.0,0.33674773550000003,0.32925051299999997,0.0,773.0
0.6035371919681867,0.028073698,0.360291492,0.343489514,0.0,773.0
0.6527367905883008,0.242405045,0.36357526,0.340632882,0.0,773.0
0.6983911837400822,0.412292668,0.363291085,0.334992814,0.0,773.0
0.7015044518124456,0.586061778,0.424959337,0.345400811,0.0,773.0
0.6890890326741811,0.5944933525,0.46259837400000003,0.357118778,0.0,773.0
0.6792146169349786,0.4754976325,0.477867304,0.379250914,0.0,773.0
0.6846860338001506,0.23837337050000001,0.4630889635,0.3865232615,0.0,773.0
0.7114682600900228,0.029954587,0.453069405,0.403304826,0.0,773.0
0.7071036597042325,0.0,0.4836117933333333,0.44862345200000003,0.0,773.0
0.6672272000748587,0.0,0.488570141,0.493142776,0.0,773.0
0.5916681900428877,0.0,0.4572224125,0.4886423795,0.0,773.0
0.5544388809826594,0.0,0.44224403349999997,0.4958953235,0.0,773.0
0.5533439447548264,0.0,0.433515951,0.5057517995,0.0,773.0
0.5760806083848188,0.0112294055,0.438882306,0.523157162,0.0,773.0
0.6675808128435383,0.1996221225,0.43903379249999996,0.546106178,0.0,773.0
0.7079796683890359,0.347114729,0.554511478,0.569713585,0.0,773.0
0.7035899957717149,0.357816767,0.5919869515,0.5963201385,0.0,773.0
0.6956474259237504,0.2947508935,0.6544227705,0.640977874,0.0,773.0
0.6988230764671101,0.26083437,0.6641957414999999,0.680823124,0.0,773.0
0.7142049970553512,0.1131669845,0.6312535690000001,0.736891767,0.0,773.0
0.7136628280476556,0.0,0.594260465,0.807388769,0.0,773.0
0.6867515661410983,0.0,0.548034917,0.8157337675,0.0,773.0
0.6560967044289896,0.0,0.48381801750000003,0.7781536115,0.0,1168.5
0.5954104930321451,0.0,0.415965747,0.7269700164999999,0.0,1564.0
0.5988332365730511,0.0,0.365327355,0.6892110345,0.0,1564.0
0.6834197804408408,0.0,0.3124931245,0.6464417925,0.0,1564.0
0.8137400034820803,0.1126473605,0.229243344,0.573570755,0.0,1564.0
0.8490709609348729,0.3682815215,0.187817455,0.476624229,0.0,1564.0
0.8382646084994919,0.4460478875,0.2320404715,0.4471255035,0.0,1564.0
0.8248794652371325,0.32032782049999997,0.3631953705,0.467941352,0.0,1564.0
0.8206801152388138,0.1853451345,0.47541031,0.546464292,0.0,1564.0
0.8291911932505452,0.0371609455,0.571164186,0.6088487455,0.0,1564.0
0.8243414551642994,0.0,0.6829752124999999,0.6532460954999999,0.0,1564.0
0.7895683182574732,0.0,0.738786004,0.715565756,0.0,1564.0
0.7182671949823511,0.0,0.768520809,0.7962089325,0.0,1564.0
0.6130673858076914,0.0,0.809250757,0.873251963,0.0,1564.0
0.586094546280794,0.0,0.822505906,0.9012993709999999,0.0,1564.0
0.6036238119957795,0.0,0.8062797085,0.9045865345,0.0,1564.0
0.7225722599686226,0.0028513775,0.785629115,0.8970194254999999,0.0,1564.0
0.8092686746901611,0.12391756200000001,0.7775235315,0.8856406015,0.0,1564.0
0.8188416418751443,0.268931174,0.799425654,0.8385582405,0.0,1564.0
0.8139041210193118,0.301329226,0.81337983,0.81404926,0.0,1564.0
0.8058902696620558,0.2961231575,0.7880756505,0.7946697295,0.0,1564.0
0.8034829750471745,0.192069553,0.720852837,0.77985313,0.0,1564.0
0.8065625252211253,0.07219756799999999,0.6435410565,0.7488189359999999,0.0,1564.0
0.8068989436861584,0.0,0.55913514,0.6950568425,0.0,1564.0
0.7715960249009624,0.0,0.477355028,0.598505312,0.0,1564.0
0.6545922123065354,0.0,0.4395466225,0.588409985,0.0,1564.0
0.5907734816031479,0.0,0.3872884915,0.560458529,0.0,1564.0
0.5882060941091702,0.0,0.314863185,0.5051496995,0.0,1564.0
0.6526858560517711,0.0,0.26314086049999996,0.471627767,0.0,1564.0
0.758877547372215,0.008690882,0.249664974,0.431219339,0.0,1564.0
0.8145791490891632,0.0839995615,0.3035934465,0.380283825,0.0,1564.0
0.8234316988242809,0.1369717615,0.3211158685,0.34938574099999997,0.0,1564.0
0.815793528919511,0.162801811,0.4283071565,0.398418636,0.0,1564.0
0.805918621282146,0.13050544549999998,0.4708762105,0.4411531945,0.0,1564.0
0.8024650890322833,0.082572982,0.449875411,0.456632835,0.0,1564.0
0.8064738033916303,0.0281574285,0.410589127,0.462805673,0.0,1564.0
0.8090045662671616,0.0,0.4094191395,0.475676928,0.0,1564.0
0.7712103712084977,0.0,0.40155516550000003,0.4676884985,0.0,1564.0
0.654771578821758,0.0,0.40956628900000003,0.459899836,0.0,1564.0
0.5908651771560889,0.0,0.4130295475,0.46727133249999997,0.0,1564.0
0.5883273040241955,0.0,0.414487256,0.4455969715,0.0,1564.0
0.6529680978383248,0.0,0.4465822525,0.4358490615,0.0,1564.0
0.7842428630290803,0.035588358,0.5100639415,0.5108792129999999,0.0,1564.0
0.8279284279822664,0.139077898,0.609625922,0.5866462395,0.0,1564.0
0.825733546869713,0.22235113,0.656672927,0.62035757,0.0,1564.0
0.8161580306536066,0.272867647,0.6461976869999999,0.6323486915,0.0,1564.0
0.8041680648298394,0.25994071350000003,0.5646697315,0.607104279,0.0,1564.0
0.8018775753135152,0.173578192,0.480645875,0.576040302,0.0,1564.0
0.806883471026081,0.0571426025,0.3874179755,0.5334256865,0.0,1564.0
0.8089902562816026,0.0,0.326308051,0.464145316,0.0,1564.0
0.7714037346893099,0.0,0.2746377995,0.3910896025,0.0,1564.0
0.6550273249085181,0.0,0.2508780995,0.3569533435,0.0,1564.0
0.5913501732924367,0.0,0.2406156025,0.32167303950000004,0.0,1564.0
0.5888109363408365,0.0,0.22383184750000001,0.28535257,0.0,1564.0
0.6533606829089587,0.0,0.2106746615,0.269155141,0.0,1564.0
0.787726848768411,0.046374948,0.2005443195,0.254632791,0.0,1564.0
0.8367491826077289,0.2282013295,0.184376904,0.245213843,0.0,1564.0
0.8261293964167672,0.34763712849999995,0.1921861805,0.239158226,0.0,1564.0
0.8137279742440924,0.3145617785,0.2066383085,0.2241987615,0.0,1564.0
0.8067274476090127,0.230019759,0.180195259,0.2185124,0.0,1564.0
0.8142121430603617,0.0510939735,0.160788577,0.2147573055,0.0,1564.0
0.8073487238951351,0.0,0.1748372553333333,0.22775087733333332,0.0,1564.0
0.7116754639252265,0.0,0.1910066835,0.24609380549999998,0.0,1564.0
0.5953696872793167,0.0,0.2148496305,0.2720825845,0.0,1564.0
0.5583202068531791,0.0,0.2441964533333333,0.3383351106666666,0.0,1564.0
0.564202215590538,0.0,0.28990588500000003,0.4016688695,0.0,1564.0
0.6141496443556514,0.002192143,0.315046658,0.441301687,0.0,1564.0
0.6975565770912434,0.1486967905,0.30664051400000003,0.4909492035,0.0,1564.0
0.7372766928612478,0.316197317,0.309740933,0.54016846,0.0,1564.0
0.736730968759109,0.397428154,0.34741840850000005,0.5895135925,0.0,1564.0
0.7331109041501436,0.41135350849999996,0.3838605345,0.6666042985,0.0,1564.0
0.7389302769551255,0.338608868,0.3775296335,0.6955695580000001,0.0,1564.0
0.7502912748654111,0.117169836,0.3313260805,0.669824862,0.0,1564.0
0.7508815387604906,0.0,0.3120175545,0.6330286495,0.0,1564.0
0.711535069711958,0.0,0.284985399,0.5830729465,0.0,1564.0
0.6476696750792571,0.0,0.3045150705,0.5520905825,0.0,1564.0
0.5864529215548525,0.0,0.357382566,0.5345851475000001,0.0,1564.0
0.5801386921808491,0.0,0.40302793800000003,0.519282933,0.0,1564.0
0.5848253637320282,0.0,0.457827431,0.509725792,0.0,1564.0
0.6312003756812905,0.006566564,0.522734947,0.52339134,0.0,1564.0
0.7094264510055622,0.128189691,0.5689968535000001,0.547070217,0.0,1564.0
0.7353145276897937,0.2637766155,0.6240044505,0.5720627469999999,0.0,1564.0
0.7206912144046628,0.3554419735,0.683756936,0.576639907,0.0,1564.0
0.7083932488068405,0.271153241,0.7208310035,0.585020313,0.0,1564.0
0.7144001045816788,0.142402121,0.721496134,0.597633915,0.0,1564.0
0.7340553845868463,0.039469641,0.726359487,0.6030531285,0.0,1564.0
0.7362764483792241,0.0,0.7569592985,0.6254515155,0.0,1564.0
0.7094033314545428,0.0,0.7715029855,0.6661429925,0.0,1564.0
0.6549437456752596,0.0,0.7506249845,0.6862002389999999,0.0,1564.0
0.5912612055138606,0.0,0.715351061,0.684775602,0.0,1564.0
0.588466826248444,0.0,0.668760201,0.6548509259999999,0.0,1564.0
0.6537812395088252,0.0,0.628516565,0.6302180454999999,0.0,1564.0
0.7902218366800446,0.035547949499999995,0.5997912910000001,0.6240325685,0.0,1564.0
0.8314082100503172,0.19869196249999999,0.601448992,0.6462157079999999,0.0,1564.0
0.822431476676728,0.28691973800000004,0.659043109,0.680851613,0.0,1564.0
0.8138441085662936,0.23787569600000003,0.692865288,0.7164290275,0.0,1564.0
0.8116804411923985,0.183109974,0.714476677,0.733701362,0.0,1564.0
0.8137822179259842,0.0922947065,0.7166610019999999,0.7309394060000001,0.0,1564.0
0.8151581662624402,0.001846668,0.7348724495,0.7100785034999999,0.0,1564.0
0.7986846632606696,0.0,0.7495851765,0.712719248,0.0,1564.0
0.7180239254977515,0.0,0.753747028,0.7208886055,0.0,1564.0
0.6125453178236759,0.0,0.7690993395000001,0.733757314,0.0,1564.0
0.5877469453431906,0.0,0.7586765853333333,0.7169203523333333,0.0,1564.0
0.6533220906978617,0.0,0.7562451305,0.714344673,0.0,1564.0
0.7852956743533198,0.0595267355,0.7517007364999999,0.722209061,0.0,1564.0
0.8251451388274541,0.234046748,0.731726688,0.703572555,0.0,1564.0
0.8195390293143007,0.361728647,0.707853141,0.6705774105,0.0,1564.0
0.8120573747247616,0.4393435025,0.687892334,0.6327305974999999,0.0,1564.0
0.8019620935392058,0.37428071900000004,0.6358514534999999,0.589119705,0.0,1564.0
0.8011914122616907,0.20355726149999998,0.575320024,0.5735501985,0.0,1564.0
0.8127156779871827,0.0032816595,0.564668972,0.576864948,0.0,1564.0
0.8004117424730459,0.0,0.5582773225,0.5980649085,0.0,1564.0
0.7181397021310421,0.0,0.5501297285,0.618822879,0.0,1564.0
0.6131413280879353,0.0,0.556986991,0.6129015090000001,0.0,1564.0
0.5864771591114488,0.0,0.5270331715000001,0.6048295475000001,0.0,1564.0
0.6037918199818941,0.0,0.520708824,0.600109398,0.0,1564.0
0.7273708846401453,0.0022283135,0.544186499,0.646188965,0.0,1564.0
0.8130134595047018,0.2862259415,0.553900646,0.717717682,0.0,1564.0
0.8126927820507739,0.6023296455,0.5432313495,0.7428227869999999,0.0,1564.0
0.8090694082964465,0.76161377,0.5940756355,0.779889685,0.0,1564.0
0.7997392633668416,0.6835873189999999,0.6137502724999999,0.8088782395,0.0,1564.0
0.7953820117641633,0.470744207,0.673778386,0.840779772,0.0,1564.0
0.7979081685430865,0.135778629,0.7246762965,0.874523737,0.0,1564.0
0.7993071022213103,0.0,0.749239266,0.8916600935000001,0.0,1564.0
0.768916348932201,0.0,0.738790844,0.8871221705000001,0.0,1564.0
0.6542037413668713,0.0,0.709295937,0.8789147429999999,0.0,1564.0
0.5900533771057759,0.0,0.7048145755,0.888029088,0.0,1564.0
0.5877367495110931,0.0,0.707512452,0.893868491,0.0,1564.0
0.6519832812799613,0.0,0.719272801,0.9074787275,0.0,1564.0
0.7550084893788925,0.001995099,0.718816868,0.915155267,0.0,1564.0
0.8050984364936471,0.11495514849999999,0.694945358,0.9109829265,0.0,1564.0
0.8164113171146024,0.2158412005,0.6444518735,0.8696479595,0.0,1564.0
0.8147783260100432,0.2514235385,0.630713694,0.825888877,0.0,1564.0
0.8048985887964113,0.274112055,0.6130599114999999,0.7174790445,0.0,1564.0
0.8039737622891192,0.187892266,0.5457948050000001,0.5660701555000001,0.0,1564.0
0.8109249641564571,0.003659877,0.5086459555,0.5941073965,0.0,1564.0
0.7978670274358182,0.0,0.5417081695,0.687546172,0.0,1564.0
0.7556353554904721,0.0,0.553728522,0.739469538,0.0,1564.0
0.6548879367585698,0.0,0.5727914395,0.8049120590000001,0.0,1564.0
0.5907964222084984,0.0,0.6346652660000001,0.8294339525000001,0.0,1564.0
0.5881896823217092,0.0,0.7771692375,0.806799456,0.0,1564.0
0.6520774363911908,0.0,0.892988715,0.890760244,0.0,1564.0
0.7755985233274378,0.0187912235,0.9276951565,0.9228329829999999,0.0,1564.0
0.8158508582671056,0.11447661750000002,0.921852472,0.8973111355000001,0.0,1564.0
0.8172116022270364,0.1494747615,0.9083123035,0.85690339,0.0,1564.0
0.8097237317046256,0.1414773525,0.8910154795,0.853987472,0.0,1564.0
0.8023434542899835,0.106598766,0.884224673,0.877538856,0.0,1564.0
0.8006292987740372,0.063258521,0.871081691,0.9109151504999999,0.0,1564.0
0.7986068081295958,0.001338364,0.8786883885,0.907348263,0.0,1564.0
0.7876825325900809,0.0,0.8453858805000001,0.905440441,0.0,1564.0
0.7097715672287507,0.0,0.7212796765,0.8652662365,0.0,1564.0
0.5931676289069887,0.0,0.6507616190000001,0.8149914315,0.0,1564.0
0.5544036427208177,0.0,0.5575903935,0.7337576365,0.0,1564.0
0.5546210871470278,0.0,0.4715288605,0.656859285,0.0,1564.0
0.576017152577187,0.0,0.406110654,0.5646435830000001,0.0,1564.0
0.660437074747991,0.0359569055,0.3492162155,0.5334252905,0.0,1564.0
0.6928555955545055,0.089839725,0.336971898,0.57290795,0.0,1564.0
0.692370442874435,0.147557563,0.36768820700000004,0.6478419475,0.0,1564.0
0.6847478797715185,0.2034948475,0.4860721145,0.7708426595,0.0,1564.0
0.6814290623691568,0.11832529,0.594155657,0.8118981085,0.0,1564.0
0.6872063549394867,0.015117562999999999,0.5916360709999999,0.8396955115,0.0,1564.0
0.6897130814710856,0.0,0.6203546975,0.8320829365,0.0,1564.0
0.6857184534826868,0.0,0.5854443,0.7297323330000001,0.0,1564.0
0.6394996884976276,0.0,0.43432788899999997,0.5692428025,0.0,1564.0
0.5616805156968641,0.0,0.32641003333333335,0.5097238616666667,0.0,1564.0
0.555527623747043,0.0,0.2023193755,0.3823729905,0.0,1564.0
0.581419501542275,0.0,0.16167655549999999,0.29233528350000004,0.0,1564.0
0.6622492087531621,0.047926651,0.16026679,0.29316494,0.0,1564.0
0.7261997478539195,0.170809286,0.125981254,0.29893337799999997,0.0,1564.0
0.7295555698981094,0.2988915765,0.1438837235,0.30975472000000004,0.0,1564.0
0.7264268738346102,0.36199529750000004,0.177319237,0.3090560805,0.0,1564.0
0.7348568770427403,0.3065882955,0.161089694,0.3151595735,0.0,1564.0
0.7489484184549049,0.081052767,0.1563660155,0.363332813,0.0,1564.0
0.7471389898221521,0.0,0.1775798465,0.3989276855,0.0,1564.0
0.7102009333940777,0.0,0.197622188,0.4272705395,0.0,1564.0
0.6560106657723939,0.0,0.2040133945,0.436699546,0.0,1564.0
0.5924164896166274,0.0,0.207254882,0.426458388,0.0,1564.0
0.5897231745061386,0.0,0.2213839985,0.3759787175,0.0,1564.0
0.6551323689851636,0.0,0.2233749,0.3639181385,0.0,1564.0
0.772705628870741,0.0,0.218201105,0.363043392,0.0,1564.0
0.8364835538887758,0.1249634195,0.221638651,0.345934985,0.0,1564.0
0.8448907504983801,0.288972029,0.194853098,0.302057615,0.0,1564.0
0.8397684968490025,0.41704441400000003,0.1920226535,0.28532613149999997,0.0,1564.0
0.8346126147065709,0.45023595400000005,0.18424792350000002,0.2667618665,0.0,1564.0
0.8310537253600935,0.380132279,0.176445023,0.248148816,0.0,1564.0
0.8363612930390617,0.2239512415,0.173700506,0.2412689895,0.0,1564.0
0.8394789435259467,0.00133808,0.22769189950000002,0.252570003,0.0,1564.0
0.8060263932681078,0.0,0.2712540915,0.2699609725,0.0,1564.0
0.7539029548036663,0.0,0.311182672,0.291544753,0.0,1564.0
0.6553197848166562,0.0,0.349086005,0.326306494,0.0,1564.0
0.5915107356677489,0.0,0.407798355,0.3642001875,0.0,1564.0
0.5885793160033674,0.0,0.44529383,0.402722253,0.0,1564.0
0.6529955998038659,0.0,0.497940414,0.449888532,0.0,1564.0
0.7848784045643444,0.0196230975,0.548950861,0.49704555100000003,0.0,1564.0
0.827705192450459,0.1067180895,0.5762084635,0.5513127275,0.0,1564.0
0.8217513059431645,0.213696516,0.6047081025000001,0.622018266,0.0,1564.0
0.812067436437575,0.258723517,0.625390787,0.6767990125000001,0.0,1564.0
0.8070342623740786,0.266435838,0.587405558,0.677204622,0.0,1564.0
0.8091646590787822,0.1635872995,0.5402832675,0.6679136635,0.0,1564.0
0.816382249981739,0.000912058,0.5267027120000001,0.653778143,0.0,1564.0
0.8027709646024899,0.0,0.5079162214999999,0.630302965,0.0,1564.0
0.7185172170344022,0.0,0.4376355365,0.5648623859999999,0.0,1564.0
0.6130496995384067,0.0,0.3865007195,0.4723796255,0.0,1564.0
0.5864764435986758,0.0,0.32274446,0.3894600425,0.0,1564.0
0.591088681038924,0.0,0.271739318,0.337879642,0.0,1564.0
0.6538676583237538,0.0,0.238795922,0.305156489,0.0,1564.0
0.7923157877119706,0.022634132,0.22553823350000002,0.250601117,0.0,1564.0
0.83908206544615,0.164180457,0.213463462,0.227783727,0.0,1564.0
0.832311348032136,0.344517082,0.227913029,0.199149639,0.0,1564.0
0.8263087629319896,0.4205544685,0.231784779,0.19629268,0.0,1564.0
0.8182342283453599,0.35550090199999995,0.232927468,0.223863227,0.0,1564.0
0.8207349850281199,0.1811863285,0.21458314,0.2620267455,0.0,1564.0
0.8335629337844516,0.000724542,0.218751365,0.308274952,0.0,1564.0
0.8059867277878514,0.0,0.244105246,0.3285999695,0.0,1564.0
0.7163946459638824,0.0,0.2234838405,0.341495198,0.0,1564.0
0.6301636631245429,0.0,0.194208758,0.338380845,0.0,1564.0
0.5936034569542686,0.0,0.179066254,0.349384462,0.0,1564.0
0.5966791613482776,0.0,0.1596123665,0.3446771885,0.0,1564.0
0.6739364740777845,0.0,0.1448924145,0.321575148,0.0,1564.0
0.7872513552408745,0.0,0.142565728,0.326851035,0.0,1564.0
0.8453368638056082,0.2005667465,0.1234007385,0.32702353100000003,0.0,1564.0
0.8503748675128473,0.403045869,0.10470012,0.294657923,0.0,1564.0
0.8371869783151349,0.5542313955,0.11420719,0.2815841815,0.0,1564.0
0.824949986632185,0.526409169,0.131937305,0.2624013105,0.0,1564.0
0.8217255926246048,0.373959306,0.132066637,0.255347357,0.0,1564.0
0.8360584135942479,0.181373105,0.13156138850000001,0.2597218625,0.0,1564.0
0.8471375051398955,0.0,0.1742829585,0.28788484849999996,0.0,1564.0
0.8059532782404665,0.0,0.22979285,0.30752194850000003,0.0,1564.0
0.7542536383828898,0.0,0.286083752,0.287237419,0.0,1564.0
0.6613587932551093,0.0,0.296224581,0.283359537,0.0,1564.0
0.6018741051305463,0.0,0.33943958949999997,0.29751937,0.0,1564.0
0.600315727082587,0.0,0.3815102515,0.319161907,0.0,1564.0
0.6804208132398044,0.0,0.4081492035,0.3578032215,0.0,1564.0
0.8138850708628445,0.0408884825,0.42422170049999997,0.374859157,0.0,1564.0
0.8517027432289144,0.19984399600000002,0.362433026,0.334717565,0.0,1564.0
0.8346461984632076,0.34517540550000003,0.32421922550000004,0.292062634,0.0,1564.0
0.8223986531692817,0.352671516,0.277229763,0.254495486,0.0,1564.0
0.8175342920100319,0.2088072715,0.21126601,0.2047770765,0.0,1564.0
0.831650540475009,0.0628064,0.167790554,0.152264469,0.0,1564.0
0.8381969938919491,0.0,0.170317323,0.1508866865,0.0,1564.0
0.8065682044519412,0.0,0.196816478,0.1722444185,0.0,1564.0
0.7531612511861798,0.0,0.251265751,0.216267985,0.0,1564.0
0.6430886960466087,0.0,0.267784977,0.25433448599999997,0.0,1564.0
0.5703747315330321,0.0,0.2922907535,0.2774191935,0.0,1564.0
0.5599629764973524,0.0,0.30861709049999997,0.28692053949999996,0.0,1564.0
0.5663978792192768,0.0,0.3461990285,0.33467918900000004,0.0,1564.0
0.6096536307779147,0.0,0.404599141,0.366755484,0.0,1564.0
0.6922253531592001,0.1099795515,0.440297366,0.391264159,0.0,1564.0
0.7098692550999527,0.282240635,0.3895710405,0.39005326549999997,0.0,1564.0
0.6955372614503879,0.3440261815,0.41082770999999996,0.4128981275,0.0,1564.0
0.6867350874177008,0.320361424,0.407811418,0.409376791,0.0,1564.0
0.6881126678574156,0.1901703415,0.407865617,0.409596483,0.0,1564.0
0.7059945178083384,0.0258650045,0.4172404905,0.4118789745,0.0,1564.0
0.714789961810472,0.0,0.401775312,0.391946526,0.0,1564.0
0.7041749604593599,0.0,0.3824003535,0.3737255095,0.0,1564.0
0.6679675173357406,0.0,0.381598664,0.37628937,0.0,1564.0
0.5947361804750666,0.0,0.3862328875,0.39023756,0.0,1564.0
0.5568857069360212,0.0,0.407447826,0.405806058,0.0,1564.0
0.556311049842795,0.0,0.4188552035,0.414443464,0.0,1564.0
0.5833449526899237,0.0,0.430610214,0.443099513,0.0,1564.0
0.685936166259925,0.084615042,0.44146806,0.4831555315,0.0,1564.0
0.7119784552448213,0.174715616,0.431068916,0.47624703,0.0,1564.0
0.7051474122903441,0.2678068085,0.45945591750000003,0.4951647655,0.0,1564.0
0.6935598248989963,0.382634339,0.5173830854999999,0.49897492749999994,0.0,1564.0
0.6932795507725684,0.267173364,0.557198103,0.5304230329999999,0.0,1564.0
0.7100237580186403,0.077839457,0.595772216,0.573606484,0.0,1564.0
0.7226337704505991,0.0,0.60524686,0.6564665265,0.0,1564.0
0.7219753777153434,0.0,0.61532651,0.747474492,0.0,1564.0
0.6994160458020838,0.0,0.623025876,0.812788394,0.0,1564.0
0.6552596382893379,0.0,0.5777344849999999,0.8043292344999999,0.0,1564.0
0.5934212507224245,0.0,0.5524530125,0.802530535,0.0,1564.0
0.5984241950460149,0.0,0.5094163635,0.800676953,0.0,1564.0
0.6835841214577313,0.0,0.472758085,0.7655727595,0.0,1564.0
0.7922389163772221,0.0,0.450018056,0.722664556,0.0,1564.0
0.849661649657227,0.2414048875,0.4029262575,0.6774481349999999,0.0,1564.0
0.8488659259049836,0.5631156925,0.4204756205,0.5984673055,0.0,1564.0
0.8374480458088487,0.5771140539999999,0.5094721965,0.5410271245,0.0,1564.0
0.8302501758387146,0.4673255805,0.5489896625,0.5125375375,0.0,1564.0
0.8431745826533663,0.2084693145,0.5728223685,0.522339465,0.0,1564.0
0.8527615915403565,0.0,0.6186139035,0.5775892455,0.0,1564.0
0.8062511492308202,0.0,0.6682994170000001,0.609314636,0.0,1564.0
0.7544922571694157,0.0,0.711049079,0.637469155,0.0,1564.0
0.6578224420886543,0.0,0.727532458,0.6748294189999999,0.0,1564.0
0.594524035188815,0.0,0.7650727255,0.7120663645,0.0,1564.0
0.590819251141495,0.0,0.7951265224999999,0.7342729505000001,0.0,1564.0
0.6175777317729335,0.0,0.799723679,0.750088142,0.0,1564.0
0.731838054767105,0.0,0.804383354,0.768133665,0.0,1564.0
0.8363369661445823,0.116419625,0.803662147,0.7898216285,0.0,1564.0
0.8402610728054042,0.333049796,0.7645481535,0.763907825,0.0,1564.0
0.82687016090687,0.3954344455,0.751422915,0.7614243745,0.0,1564.0
0.8189499057592688,0.31397867749999997,0.7121684205000001,0.763116924,0.0,1564.0
0.8233340332875497,0.124033792,0.7178154274999999,0.7605591415,0.0,1564.0
0.8296619018707561,0.0,0.7393455360000001,0.7643599535,0.0,1564.0
0.8029954075452328,0.0,0.7365442664999999,0.767913806,0.0,1564.0
0.7181951532238694,0.0,0.6593437165,0.7278396945000001,0.0,1564.0
0.6131545201353932,0.0,0.613284862,0.7142613215,0.0,1564.0
0.58645980826408,0.0,0.5574449345000001,0.6696205395,0.0,1564.0
0.6037124667543863,0.0,0.5084927939999999,0.6024445005,0.0,1564.0
0.7287482639346718,0.0,0.4803653275,0.5678290235,0.0,1564.0
0.8326625236444736,0.106672405,0.46778323,0.535061621,0.0,1564.0
0.8361573163886847,0.32753285633333334,0.40570418366666666,0.40528135633333334,0.0,1564.0
0.8237407047291319,0.4009324565,0.43416242699999996,0.3965664125,0.0,1564.0
0.8200417563888746,0.312906196,0.459379288,0.398468698,0.0,1564.0
0.8306700839292205,0.12719147549999998,0.487193598,0.439375423,0.0,1564.0
0.8441002140787901,0.0,0.4966819555,0.511421093,0.0,1564.0
0.8062802162962077,0.0,0.500977533,0.548039948,0.0,1564.0
0.7534083663832455,0.0,0.447527282,0.527391545,0.0,1564.0
0.6557512080474681,0.0,0.448662322,0.525302864,0.0,1564.0
0.5934252977825061,0.0,0.4474284325,0.5061939735,0.0,1564.0
0.591964965429611,0.0,0.4174766695,0.5089032364999999,0.0,1564.0
0.6612992056968415,0.0,0.37799123700000004,0.48545786,0.0,1564.0
0.8054765774369459,0.0348611245,0.3254124315,0.46070981850000003,0.0,1564.0
0.851425040400605,0.21829034749999998,0.28166446700000003,0.38775285049999997,0.0,1564.0
0.8433252845285293,0.2858027715,0.333721928,0.34887848,0.0,1564.0
0.8368364287427359,0.20011907699999998,0.367639245,0.3637007335,0.0,1564.0
0.834083235321005,0.115996502,0.37879192,0.380816226,0.0,1564.0
0.8416042870397729,0.039403100999999996,0.417420585,0.410077352,0.0,1564.0
0.8408206373294103,0.0,0.4776404345,0.47541306250000004,0.0,1564.0
0.8058967986148967,0.0,0.5294720335,0.5586768595,0.0,1564.0
0.7532481842337418,0.0,0.54945591,0.63206481,0.0,1564.0
0.6548854101968691,0.0,0.5631008255000001,0.693393871,0.0,1564.0
0.591988711020569,0.0,0.600382823,0.7373357515000001,0.0,1564.0
0.5897553942406413,0.0,0.6026370489999999,0.7809185195,0.0,1564.0
0.6182789649245558,0.0,0.616859123,0.806352142,0.0,1564.0
0.7382602350052634,0.0,0.6260675955,0.842783489,0.0,1564.0
0.8497590915793476,0.143521821,0.6345230225,0.8624115395,0.0,1564.0
0.861206083544763,0.4454964385,0.648395107,0.8791635805,0.0,1564.0
0.8540058881581166,0.541758864,0.734410993,0.8861266795,0.0,1564.0
0.8511292712121532,0.469092818,0.7748600165,0.896672597,0.0,1564.0
0.866507793114722,0.1718015495,0.778666458,0.9080839475,0.0,1564.0
0.8642456552184881,0.0,0.754824283,0.9113830540000001,0.0,1564.0
0.809062119161891,0.0,0.7401287505,0.9044568964999999,0.0,1564.0
0.714185812757108,0.0,0.728456445,0.887121569,0.0,1564.0
0.6032945186992476,0.0,0.7030940623333333,0.8777917430000001,0.0,1564.0
0.5811131788103231,0.0,0.6646900600000001,0.8789895135,0.0,1564.0
0.5879798400500238,0.0,0.658823527,0.878815948,0.0,1564.0
0.635952493034698,0.0,0.65856724,0.876714951,0.0,1564.0
0.7295844134163622,0.1939597485,0.6329649355,0.8617784725,0.0,1564.0
0.7648234739011226,0.5517708555,0.5778505835,0.7984762525,0.0,1564.0
0.7587023397243794,0.6131984580000001,0.6514501205000001,0.7798662574999999,0.0,1564.0
0.7616053853667242,0.4690644825,0.6881210425,0.8090686730000001,0.0,1564.0
0.7850679222652148,0.18342300150000002,0.6962634235,0.8477541595,0.0,1564.0
0.7854996808504668,0.0,0.6833220440000001,0.8778861204999999,0.0,1564.0
0.7460984314179868,0.0,0.6435538795,0.8737186105,0.0,1564.0
0.7044595946658385,0.0,0.57262503,0.81753528,0.0,1564.0
0.6481525246772855,0.0,0.5336996735,0.7791227315,0.0,1564.0
0.6124874295070308,0.0,0.532725595,0.7562593744999999,0.0,1564.0
0.5809042308621282,0.0,0.5276424580000001,0.764272981,0.0,1564.0
0.5753336279618444,0.0,0.4860076175,0.7417316709999999,0.0,1564.0
0.6093391467874361,0.024985938,0.4212853215,0.701402232,0.0,1564.0
0.6857014155878116,0.324166414,0.343998594,0.656937078,0.0,1564.0
0.7427596695356673,0.548720965,0.2695034785,0.5641618995,0.0,1564.0
0.7403439007097656,0.631075585,0.25289783849999997,0.5235159684999999,0.0,1564.0
0.7358696203939195,0.5070623135000001,0.22086275,0.4818840125,0.0,1564.0
0.7610827137447167,0.1995347105,0.1871722215,0.48052321200000003,0.0,1564.0
0.7891060167773946,0.0,0.2114955555,0.511405089,0.0,1564.0
0.7695991580347705,0.0,0.249270811,0.5533736105,0.0,1564.0
0.7220749214393661,0.0,0.3016233075,0.5679967779999999,0.0,1564.0
0.6533999384965714,0.0,0.33159103733333334,0.5333341543333333,0.0,1564.0
0.6165855142052334,0.0,0.36108150549999996,0.5204563795,0.0,1564.0
0.6432165913232458,0.0,0.37074685949999997,0.531388957,0.0,1564.0
0.7357801830516516,0.0,0.392514312,0.559394705,0.0,1564.0
0.8269482844564473,0.15411736950000002,0.4110976325,0.5596292735,0.0,1564.0
0.8699180825903657,0.386703653,0.398028976,0.520128658,0.0,1564.0
0.8687402825745716,0.49334552899999995,0.40215991799999995,0.5132254565000001,0.0,1564.0
0.8628138086274593,0.47549715600000003,0.4031176715,0.501949296,0.0,1564.0
0.8630988453267416,0.2732080295,0.39170374750000003,0.5226969505,0.0,1564.0
0.8833466773294156,0.0067330613333333325,0.4351731486666666,0.5902855166666666,0.0,1564.0
0.8503108750706356,0.0,0.416870516,0.6116683905,0.0,1564.0
0.7802367870387394,0.0,0.3591106465,0.577762842,0.0,1564.0
0.6661244827468319,0.0,0.327201093,0.5048222025,0.0,1564.0
0.6188332079741324,0.0,0.30048639850000003,0.4794708895,0.0,1564.0
0.6153352924075759,0.0,0.304947239,0.4716807985,0.0,1564.0
0.6965924205256107,0.0,0.3325999745,0.4685609045,0.0,1564.0
0.8243632778315487,0.068992543,0.328640394,0.4777664065,0.0,1564.0
0.8669752372585127,0.210382737,0.283735649,0.454644922,0.0,1564.0
0.866565167198734,0.299284997,0.261729367,0.4312559285,0.0,1564.0
0.8591170962983558,0.2840010255,0.23946293000000002,0.406851929,0.0,1564.0
0.8566704492231872,0.167604761,0.2066802965,0.3931610595,0.0,1564.0
0.8722106291046989,0.009956214,0.1886274825,0.3818929435,0.0,1564.0
0.8646299226892997,0.0,0.183896914,0.370470615,0.0,1564.0
0.8099188391634777,0.0,0.1792407715,0.38518475649999995,0.0,1564.0
0.7229337655098498,0.0,0.1913189675,0.406121984,0.0,1564.0
0.633525343277742,0.0,0.2045461865,0.4136855295,0.0,1564.0
0.614320111832579,0.0,0.239553981,0.4368406085,0.0,1564.0
0.6207000776943095,0.0,0.262141659,0.473137324,0.0,1564.0
0.7006210794323913,0.0,0.2876352035,0.5194920515,0.0,1564.0
0.8256580618240933,0.11581293250000001,0.31902318399999996,0.5599519865,0.0,1564.0
0.864332364786391,0.285569423,0.309244452,0.556413442,0.0,1564.0
0.852651673083551,0.3844339355,0.3319403395,0.5697240025,0.0,1564.0
0.8443924058383279,0.3453282145,0.363264936,0.546118078,0.0,1564.0
0.8412196172111089,0.25653799,0.331196263,0.525629118,0.0,1564.0
0.8498112783307061,0.08803113550000001,0.3172870445,0.518210755,0.0,1564.0
0.8579932270119597,0.0,0.31804304699999997,0.503042745,0.0,1564.0
0.837954797676509,0.0,0.3009159325,0.4494767285,0.0,1564.0
0.7893413263510828,0.0,0.26210981,0.377518449,0.0,1564.0
0.7204028238236011,0.0,0.23504283650000002,0.36044298750000003,0.0,1697.5
0.6357015765916807,0.0,0.185923862,0.36934113749999997,0.0,1831.0
0.6194904603693405,0.0,0.172674573,0.3620110185,0.0,1831.0
0.6415479594640411,0.0,0.161305766,0.367023772,0.0,1831.0
0.7471996283151088,0.0,0.1718513365,0.393264083,0.0,1831.0
0.8739521971808275,0.0851934215,0.1839895485,0.413195125,0.0,1831.0
0.9016583107156567,0.291946252,0.134359741,0.359858759,0.0,1831.0
0.8956998629831231,0.422234212,0.14399853299999998,0.37782462650000004,0.0,1831.0
0.89034842628757,0.4521963505,0.21149110850000002,0.411373761,0.0,1831.0
0.8918859430626587,0.312943972,0.24356458250000002,0.4345167835,0.0,1831.0
0.9246719021475807,0.011407141,0.27111475133333335,0.5251538976666666,0.0,1831.0
0.9078031906857851,0.0,0.274961333,0.570112049,0.0,1831.0
0.824584992932451,0.0,0.2680439615,0.551025885,0.0,1831.0
0.7243926445702036,0.0,0.2843394,0.5237135015000001,0.0,1831.0
0.6523538424032059,0.0,0.28065869099999996,0.48620045349999996,0.0,1831.0
0.638361978924316,0.0,0.258199258,0.44597077350000003,0.0,1831.0
0.6646019467336581,0.0,0.251429211,0.389126807,0.0,1831.0
0.7845488951430094,0.0,0.228454344,0.344957395,0.0,1831.0
0.8988145172771396,0.164345079,0.214654234,0.2599898085,0.0,1831.0
0.9069298800185444,0.441327234,0.1952423735,0.1960655605,0.0,1831.0
0.8901865894304339,0.489525212,0.264775832,0.2402739735,0.0,1831.0
0.8856959867999613,0.304642497,0.3532931755,0.34962659,0.0,1831.0
0.8913794596135017,0.116859305,0.42103083,0.423059364,0.0,1831.0
0.9206367739365158,0.001862667,0.502116202,0.470562814,0.0,1831.0
0.9110716323857162,0.0,0.620353222,0.548267091,0.0,1831.0
0.8166683152137638,0.0,0.735373418,0.6475378439999999,0.0,1831.0
0.7111634577215002,0.0,0.8070638944999999,0.7265408295,0.0,1831.0
0.615473719028194,0.0,0.834432208,0.7861198065,0.0,1831.0
0.5857045995791663,0.0,0.858560843,0.8339641355,0.0,1831.0
0.5933639885131935,0.0,0.8717048359999999,0.8635470265,0.0,1831.0
0.6329814302920065,0.006945258,0.8796285225,0.8908523535,0.0,1831.0
0.7185244614325403,0.1115816675,0.878047903,0.9136141415000001,0.0,1831.0
0.7388368820256106,0.17586328950000002,0.8929846825,0.920123991,0.0,1831.0
0.7326912866776606,0.1546032055,0.889369933,0.916921586,0.0,1831.0
0.730571443583933,0.120451231,0.884376486,0.910294663,0.0,1831.0
0.7491175220446499,0.0442245885,0.8768274885,0.9123628180000001,0.0,1831.0
0.7691747332530157,0.0,0.8724386356666667,0.9170810333333334,0.0,1831.0
0.7465365177434156,0.0,0.871885468,0.9210371055,0.0,1831.0
0.6901763443455428,0.0,0.8682566460000001,0.9241369134999999,0.0,1831.0
0.6028798724346149,0.0,0.8467102223333334,0.8965830683333333,0.0,1831.0
0.584553228394705,0.0,0.775710031,0.831166802,0.0,1831.0
0.6043492156331102,0.0,0.704057714,0.766831756,0.0,1831.0
0.6792883580025586,0.0572677475,0.649505124,0.7221743469999999,0.0,1831.0
0.7467256106170115,0.2536675475,0.555265401,0.612467374,0.0,1831.0
0.7461114893236687,0.338968799,0.4756722425,0.515810235,0.0,1831.0
0.7443598148657852,0.23011852700000002,0.3586469155,0.435647231,0.0,1831.0
0.7525342956017658,0.098907298,0.309595794,0.421844066,0.0,1831.0
0.7762249870136895,0.0020471465,0.300601144,0.462516877,0.0,1831.0
0.7746092572836647,0.0,0.29456021,0.5404490829999999,0.0,1831.0
0.7467935605789944,0.0,0.2690559265,0.5229502375,0.0,1831.0
0.6970223233255175,0.0,0.2609461595,0.5301898305,0.0,1831.0
0.6304086989216529,0.0,0.275567217,0.5416911799999999,0.0,1831.0
0.6122292240644094,0.0,0.25535502,0.509314458,0.0,1831.0
0.6317624444325266,0.0,0.235525676,0.474075352,0.0,1831.0
0.7267190208577305,0.0,0.2254501975,0.46239760500000004,0.0,1831.0
0.8520554392721569,0.034350577,0.2081297245,0.450569597,0.0,1831.0
0.880082990645056,0.102913322,0.179467061,0.39698562,0.0,1831.0
0.8695817534632155,0.13508160200000002,0.1609103495,0.3696276855,0.0,1831.0
0.8555531536260494,0.142613343,0.13998086999999998,0.32664529649999996,0.0,1831.0
0.8517433477690789,0.104088764,0.157392972,0.335693363,0.0,1831.0
0.8694521588774802,0.036114435,0.2015997335,0.416534045,0.0,1831.0
0.8810264648160114,0.0,0.2872970955,0.5226397815,0.0,1831.0
0.8528653835371248,0.0,0.34139009200000003,0.5804813775,0.0,1831.0
0.7724771612023872,0.0,0.3702736835,0.586895227,0.0,1831.0
0.6633554141722199,0.0,0.424428543,0.598605295,0.0,1831.0
0.6142395288596647,0.0,0.46941071700000003,0.645558344,0.0,1831.0
0.6208574425966136,0.0,0.5315243265,0.7009074785,0.0,1831.0
0.7237937053189154,0.0,0.6175733255,0.763603711,0.0,1831.0
0.8370029163654213,0.0411405735,0.6831997975,0.8093316845,0.0,1831.0
0.8655449558348061,0.11625709,0.69046973,0.82247137,0.0,1831.0
0.8619618287967807,0.1338413665,0.7402425079999999,0.8395554635,0.0,1831.0
0.8513555476057705,0.139040065,0.743638601,0.870350196,0.0,1831.0
0.8483614994538355,0.1065209075,0.7500447895,0.906014446,0.0,1831.0
0.860529534976531,0.003613951,0.7349629790000001,0.916399105,0.0,1831.0
0.8621863612123584,0.0,0.7138180055,0.9041996375000001,0.0,1831.0
0.8304350873755015,0.0,0.69448147,0.87740987,0.0,1831.0
0.774074198599807,0.0,0.651764856,0.829798182,0.0,1831.0
0.6632471726225662,0.0,0.5843114775,0.7805043895,0.0,1831.0
0.6140616380389298,0.0,0.537539071,0.787257007,0.0,1831.0
0.620664436872188,0.0,0.532251893,0.783783563,0.0,1831.0
0.7228314939439864,0.0,0.5967505315,0.783238126,0.0,1831.0
0.8387350934376168,0.018279796,0.6812205315,0.830636454,0.0,1831.0
0.8715558287554801,0.11297319099999999,0.719318474,0.7725179966666667,0.0,1831.0
0.8722328990011692,0.214112884,0.740006218,0.7754497229999999,0.0,1831.0
0.8728196078018056,0.189878427,0.705560245,0.79484645,0.0,1831.0
0.88743518472316,0.059899690500000005,0.6159285864999999,0.8088638385,0.0,1831.0
0.9008976017455961,0.0,0.5398390645,0.805902117,0.0,1831.0
0.8643864295900895,0.0,0.5076802745,0.7326534,0.0,1831.0
0.7715344025442049,0.0,0.4890300755,0.6599806515,0.0,1831.0
0.6671603903854478,0.0,0.5031065800000001,0.681015086,0.0,1831.0
0.6226749429475829,0.0,0.5160836865,0.7540047435,0.0,1831.0
0.6317244335924269,0.0,0.5416649794999999,0.80488928,0.0,1831.0
0.7409717059487289,0.0,0.586742503,0.7963777045,0.0,1831.0
0.8599773043909733,0.07395393,0.6326665419999999,0.83471343,0.0,1831.0
0.8809381007429031,0.235002833,0.60943123,0.815410467,0.0,1831.0
0.8718800240797335,0.31345831550000003,0.643903948,0.843035797,0.0,1831.0
0.8674680815659424,0.2925823045,0.6516477235,0.8432567075,0.0,1831.0
0.8700775492270962,0.202987462,0.62911554,0.840201401,0.0,1831.0
0.8876772020604067,0.054398939,0.6071067535,0.8479176665,0.0,1831.0
0.8999358823363055,0.0,0.674519383,0.876614217,0.0,1831.0
0.863266406151111,0.0,0.7172836105,0.8874954015000001,0.0,1831.0
0.7708792294814766,0.0,0.7269201495,0.8720827795,0.0,1831.0
0.6639398870291782,0.0,0.72184923,0.8338937995,0.0,1831.0
0.6163983442553462,0.0,0.7231474,0.8035047465,0.0,1831.0
0.624338208595941,0.0,0.739013586,0.824705791,0.0,1831.0
0.7311132547677663,0.0,0.77334136,0.85023508,0.0,1831.0
0.8541430849658527,0.056541904000000004,0.806785188,0.8695458585,0.0,1831.0
0.8785303588988007,0.14882381649999998,0.8367901055,0.8986330325,0.0,1831.0
0.8713965259723442,0.153399387,0.889965031,0.925195599,0.0,1831.0
0.8712535157245405,0.0904159565,0.9058628065000001,0.909770258,0.0,1831.0
0.8784686471366845,0.0196056355,0.9068918564999999,0.8602150005,0.0,1831.0
0.8837931632376936,0.0,0.910346481,0.8777808225,0.0,1831.0
0.856375127196481,0.0,0.9101621520000001,0.899910037,0.0,1831.0
0.7713595973216973,0.0,0.8798596155,0.9251247794999999,0.0,1831.0
0.649019194651856,0.0,0.8106354954999999,0.919384692,0.0,1831.0
0.5907222563136438,0.0,0.7314542085,0.9091663285,0.0,1831.0
0.5837566996568541,0.0,0.672470627,0.886815962,0.0,1831.0
0.5948175013627006,0.0,0.598067125,0.8422598729999999,0.0,1831.0
0.6456914782786751,0.00284753,0.5348937155,0.7813944625,0.0,1831.0
0.7265134267913149,0.218779784,0.47339057,0.735423044,0.0,1831.0
0.752461672472287,0.37365277799999996,0.4262022225,0.7036909179999999,0.0,1831.0
0.7497916109871179,0.348526564,0.414217703,0.6880762465,0.0,1831.0
0.7563445933568989,0.192622901,0.39351091699999996,0.6556213435,0.0,1831.0
0.7790105567136455,0.0024525895,0.37624656450000005,0.6199889755000001,0.0,1831.0
0.7822506021920206,0.0,0.3541583835,0.610631167,0.0,1831.0
0.7501179901412842,0.0,0.34567332900000003,0.6329184290000001,0.0,1831.0
0.6901369696182605,0.0,0.3387377095,0.6507147805,0.0,1831.0
0.6164451870628531,0.0,0.3547381355,0.6779712095,0.0,1831.0
0.5902833650700832,0.0,0.3618874915,0.6775108919999999,0.0,1831.0
0.5963966065417545,0.0,0.3480985505,0.6590927135,0.0,1831.0
0.6442835337548511,0.0012633275,0.378536458,0.6402572805,0.0,1831.0
0.7078043264644727,0.10697037,0.421373984,0.663731177,0.0,1831.0
0.7521610737075684,0.296007734,0.41186864,0.6421975865,0.0,1831.0
0.7516491792436717,0.39292348899999996,0.49428259100000005,0.7284207604999999,0.0,1831.0
0.7461295108799175,0.2838413875,0.5580745149999999,0.7934450534999999,0.0,1831.0
0.765285909590453,0.068488043,0.56045234,0.8075633345,0.0,1831.0
0.7810220019164242,0.0,0.5794055705,0.8256763970000001,0.0,1831.0
0.767388759660674,0.0,0.6227181230000001,0.821744763,0.0,1831.0
0.723825455557202,0.0,0.6548501195,0.8403588225,0.0,1831.0
0.6641457716461407,0.0,0.6317624785,0.8245713475,0.0,1831.0
0.6156381718523898,0.0,0.6245954445,0.8162458655,0.0,1831.0
0.6227392483422882,0.0,0.6304590125,0.8278434079999999,0.0,1831.0
0.7273057743273084,0.0,0.6435937605,0.8524395835,0.0,1831.0
0.8543461076666744,0.0517005585,0.6774779365000001,0.877303827,0.0,1831.0
0.8743648609406708,0.2598751045,0.6604200570000001,0.8602596435000001,0.0,1831.0
0.8653018651609239,0.38320466799999997,0.6929026220000001,0.8877750945,0.0,1831.0
0.8642905080313981,0.297799839,0.705034371,0.889602563,0.0,1831.0
0.8819613530361168,0.065917032,0.672232145,0.883837457,0.0,1831.0
0.8954840954640646,0.0,0.6784783565,0.8880320545,0.0,1831.0
0.8615869075934852,0.0,0.674278165,0.8803788594999999,0.0,1831.0
0.7715989986244086,0.0,0.6598403675,0.8656991105,0.0,1831.0
0.6640355401693661,0.0,0.62518017,0.8513278175000001,0.0,1831.0
0.6158147211204129,0.0,0.5918115355,0.8568161265,0.0,1831.0
0.6235754872293371,0.0,0.5672396385,0.856428584,0.0,1831.0
0.7320722910041579,0.0,0.559659785,0.8430148239999999,0.0,1831.0
0.8631345308178044,0.08971745149999999,0.5588573685,0.818627278,0.0,1831.0
0.8804424391882741,0.3596576505,0.5916498235000001,0.7952968890000001,0.0,1831.0
0.8674920507715108,0.428258707,0.62314588,0.798543153,0.0,1831.0
0.8648036993115891,0.31384948450000005,0.630289048,0.7960087044999999,0.0,1831.0
0.8792483616617464,0.0630713485,0.6420371300000001,0.7892838115,0.0,1831.0
0.8909274433258956,0.0,0.6826088715,0.81876047,0.0,1831.0
0.8574128683534468,0.0,0.734330638,0.842248197,0.0,1831.0
0.7716359585972952,0.0,0.7773704674999999,0.8682529800000001,0.0,1831.0
0.6633869855997889,0.0,0.801980211,0.8855092984999999,0.0,1831.0
0.6139833580131057,0.0,0.7990318169999999,0.8975355205,0.0,1831.0
0.6205086147352594,0.0,0.786060016,0.8895266159999999,0.0,1831.0
0.7212586494342214,0.0,0.770913686,0.8826033394999999,0.0,1831.0
0.8317349692953409,0.034921331,0.7622089860000001,0.8781294900000001,0.0,1831.0
0.8590704994399303,0.14839827700000002,0.7685435085,0.857085312,0.0,1831.0
0.8524473088300176,0.19143006150000003,0.7925527125,0.81785474,0.0,1831.0
0.8494342553255085,0.153803143,0.774246074,0.7957512655,0.0,1831.0
0.8695166431503785,0.0369727495,0.7578538945,0.792315314,0.0,1831.0
0.8853707032494254,0.0,0.76638837,0.7985509550000001,0.0,1831.0
0.8569083524294643,0.0,0.753730769,0.7738325235,0.0,1831.0
0.7713381994817226,0.0,0.7025879515,0.7500655635,0.0,1831.0
0.6633554365066907,0.0,0.6429652324999999,0.7173214995,0.0,1831.0
0.6141166866389534,0.0,0.5922819825000001,0.662448235,0.0,1831.0
0.6207187477599192,0.0,0.5747769734999999,0.6036320755,0.0,1831.0
0.7234102428337115,0.0,0.5912144845,0.610831237,0.0,1831.0
0.8358775713845377,0.05023882599999999,0.6276895985,0.665618406,0.0,1831.0
0.8627374291233973,0.23564875700000001,0.6513046044999999,0.668150574,0.0,1831.0
0.8546259570333032,0.2596608845,0.6962914600000001,0.7018787479999999,0.0,1831.0
0.8505782926389971,0.204381843,0.7010322435,0.6948444665,0.0,1831.0
0.8622592078889719,0.0438661385,0.629315939,0.6474960734999999,0.0,1831.0
0.8715051922817968,0.0,0.5657647545,0.6034806195,0.0,1831.0
0.8482028376677612,0.0,0.478309216,0.519709311,0.0,1831.0
0.7429231535431526,0.0,0.3644691256666667,0.37918573866666666,0.0,1831.0
0.6301136676479209,0.0,0.3198309115,0.34547366999999995,0.0,1831.0
0.6111380218092128,0.0,0.33382370100000003,0.337702865,0.0,1831.0
0.6299122548508386,0.0,0.348486069,0.377070839,0.0,1831.0
0.7221916370650887,0.0,0.368250526,0.433076526,0.0,1831.0
0.8360193294849885,0.012486833,0.4116790575,0.4776640945,0.0,1831.0
0.8703384378426168,0.088918489,0.44183956,0.463946981,0.0,1831.0
0.8687064305343828,0.131668434,0.4532080195,0.47953575,0.0,1831.0
0.8678087483037211,0.14073270850000003,0.463736458,0.517272731,0.0,1831.0
0.8687482425529586,0.090749293,0.459525337,0.543005677,0.0,1831.0
0.8784725823894608,0.0230714385,0.4724923905,0.5469588885000001,0.0,1831.0
0.8868430203063182,0.0,0.492912773,0.580300287,0.0,1831.0
0.855972927642255,0.0,0.500174492,0.6106133625000001,0.0,1831.0
0.7714619583603952,0.0,0.4758536155,0.593762232,0.0,1831.0
0.649019194651856,0.0,0.48656469049999995,0.61883976,0.0,1831.0
0.5898586049338883,0.0,0.50794822,0.6523052585,0.0,1831.0
0.5846005631003743,0.0,0.5247338075000001,0.686229312,0.0,1831.0
0.6070344590928582,0.0,0.5287167755,0.7096121765,0.0,1831.0
0.6607868192673065,0.001239659,0.53059986,0.699829175,0.0,1831.0
0.7272886023581326,0.1214518735,0.511673124,0.687207418,0.0,1831.0
0.7582732195081336,0.294364661,0.498165092,0.697611365,0.0,1831.0
0.7563745101443112,0.373867262,0.500692913,0.7064416505,0.0,1831.0
0.7559311246114481,0.28274188,0.540563619,0.750191641,0.0,1831.0
0.7730689679303182,0.0581994145,0.586401268,0.8024649625,0.0,1831.0
0.7967229900548538,0.0,0.6264892295,0.843423932,0.0,1831.0
0.7788435325913317,0.0,0.645919852,0.858401951,0.0,1831.0
0.7234809653739521,0.0,0.6448825709999999,0.848811639,0.0,1831.0
0.6557103128218051,0.0,0.6048313599999999,0.8131468209999999,0.0,1831.0
0.6013861798722181,0.0,0.5707983285,0.7901212424999999,0.0,1831.0
0.5961906547864281,0.0,0.5826230115,0.7948314105000001,0.0,1831.0
0.6183280660776871,0.0,0.597118567,0.7974456505,0.0,1831.0
0.6989233581058525,0.0755321645,0.5830420265,0.7880492450000001,0.0,1831.0
0.7542471989028834,0.38501957,0.502510223,0.737575312,0.0,1831.0
0.759123678907907,0.566872783,0.4674500455,0.7245605815,0.0,1831.0
0.7571883002566966,0.5770092659999999,0.4504672195,0.7264163379999999,0.0,1831.0
0.7590810619711994,0.31018882000000003,0.5406656274999999,0.778798226,0.0,1831.0
0.7953704742893866,0.0008424425,0.5861238305,0.81071939,0.0,1831.0
0.7888890418474003,0.0,0.5791819943333333,0.8107151073333333,0.0,1831.0
0.723447068664822,0.0,0.5552767535,0.7896883035,0.0,1831.0
0.6700240389660397,0.0,0.571804042,0.8130540985,0.0,1831.0
0.62229563926229,0.0,0.5943128934999999,0.834580969,0.0,1831.0
0.6274357132552526,0.0,0.5867941615,0.817185942,0.0,1831.0
0.7385639641046264,0.0,0.590841494,0.8320344980000001,0.0,1831.0
0.8714757227236054,0.0265824875,0.5962537605,0.8514444475,0.0,1831.0
0.9032551692348834,0.1870680855,0.5157023384999999,0.807747802,0.0,1831.0
0.9046609896223345,0.267505848,0.6417371675,0.8383278279999999,0.0,1831.0
0.9022730133799965,0.207712695,0.626412881,0.841832089,0.0,1831.0
0.9049837688781648,0.125246934,0.5913077455,0.8441233195,0.0,1831.0
0.9213124280463056,0.0,0.6080599390000001,0.851442307,0.0,1831.0
0.9109418141853702,0.0,0.6458300674999999,0.869199042,0.0,1831.0
0.8392952840690371,0.0,0.666863666,0.873983465,0.0,1831.0
0.7720420039989389,0.0,0.6474429125000001,0.871151581,0.0,1831.0
0.6710804277191931,0.0,0.6456348595000001,0.8642944875,0.0,1831.0
0.6257463543324291,0.0,0.661374915,0.865474232,0.0,1831.0
0.6331436471725242,0.0,0.6772003200000001,0.8644224785,0.0,1831.0
0.7566027764650496,0.0,0.6933084174999999,0.878113589,0.0,1831.0
0.8827804198865143,0.0342446965,0.7089334359999999,0.8848343925,0.0,1831.0
0.9144102824607305,0.226791465,0.64830695,0.844161323,0.0,1831.0
0.9170720263460774,0.3151702515,0.725735268,0.8529449695,0.0,1831.0
0.9174986423350932,0.263646832,0.7624363679999999,0.850503853,0.0,1831.0
0.9222622522919088,0.1258927525,0.7328544875,0.8458154125,0.0,1831.0
0.939417759478117,0.0,0.7124829930000001,0.8385967759999999,0.0,1831.0
0.9253821834588891,0.0,0.6824922975000001,0.8006497945,0.0,1831.0
0.8235877669102907,0.0,0.640724623,0.7261284975,0.0,1831.0
0.7223712719313391,0.0,0.5787425495,0.6577875005,0.0,1831.0
0.6463087075047158,0.0,0.5523877454999999,0.6424932240000001,0.0,1831.0
0.6319478479349518,0.0,0.5356523975,0.649249236,0.0,1831.0
0.6537315571196483,0.0,0.534551863,0.647111605,0.0,1831.0
0.7729322182843275,0.0,0.533433381,0.6597342305,0.0,1831.0
0.894761397266628,0.0295727135,0.531302707,0.6880248185,0.0,1831.0
0.9260848029671161,0.192282604,0.533678603,0.713514897,0.0,1831.0
0.9176172808845245,0.25463670800000004,0.519672999,0.6693196395000001,0.0,1831.0
0.9134349686461298,0.187453835,0.49987057149999997,0.6030991370000001,0.0,1831.0
0.9293009239763399,0.029104329,0.5199220250000001,0.6097590934999999,0.0,1831.0
0.9426900023565241,0.0,0.53486723,0.6419946400000001,0.0,1831.0
0.8823807245595185,0.0,0.5029416895000001,0.627437487,0.0,1831.0
0.7808235405083173,0.0,0.44540318450000005,0.602398189,0.0,1831.0
0.6775292602683436,0.0,0.39173399750000004,0.561176821,0.0,1831.0
0.6409212274942375,0.0,0.365783463,0.5336184595,0.0,1831.0
0.6507911042751957,0.0,0.3743856315,0.5529855480000001,0.0,1831.0
0.7813098781973766,0.0,0.38394685100000003,0.5666380285,0.0,1831.0
0.9005344862331537,0.0319793825,0.390479103,0.5489036645,0.0,1831.0
0.9300144101155123,0.198534518,0.351327226,0.534047095,0.0,1831.0
0.9237936873433776,0.25854918250000003,0.3391970355,0.474523969,0.0,1831.0
0.9156789955132802,0.234914016,0.336370119,0.432099297,0.0,1831.0
0.9198304518368791,0.10748082950000001,0.361875779,0.44986125200000004,0.0,1831.0
0.940405639300237,0.0,0.3953617465,0.489671905,0.0,1831.0
0.9249692961519109,0.0,0.3945104545,0.49888373100000005,0.0,1831.0
0.8463594899914075,0.0,0.390287183,0.493958206,0.0,1831.0
0.7768287783106669,0.0,0.3713522045,0.49708489299999997,0.0,1831.0
0.6723561168188533,0.0,0.3580751015,0.461498654,0.0,1831.0
0.629867700123267,0.0,0.36684088433333334,0.4642219566666667,0.0,1831.0
0.6840729634414966,0.0,0.3871019735,0.493410746,0.0,1831.0
0.8365530913525517,0.0,0.399297745,0.5329190635000001,0.0,1831.0
0.897606621798167,0.025395739,0.397204635,0.543840344,0.0,1831.0
0.9112530112974819,0.132457068,0.3527773995,0.4824534245,0.0,1831.0
0.9097439802842595,0.1721121725,0.3565168635,0.4959316335,0.0,1831.0
0.9073760827311311,0.1196373015,0.34162186699999997,0.5056430275,0.0,1831.0
0.914665491845435,0.014434881,0.35490247399999997,0.5278225655,0.0,1831.0
0.9192093096925328,0.0,0.37368260750000004,0.557937053,0.0,1831.0
0.8680429398718323,0.0,0.3617116395,0.5660512725,0.0,1831.0
0.794478516025958,0.0,0.309006647,0.513242274,0.0,1831.0
0.7114782323974774,0.0,0.312155163,0.500391858,0.0,1831.0
0.6185540964547473,0.0,0.3219732675,0.499054617,0.0,1831.0
0.5877637595784716,0.0,0.3443792375,0.5113434815,0.0,1831.0
0.5961545891370321,0.0,0.35281074,0.523272536,0.0,1831.0
0.6443959341044159,0.0,0.354269489,0.5076907285000001,0.0,1831.0
0.7335351500537052,0.0530478725,0.34542766150000004,0.487668491,0.0,1831.0
0.7645481411582671,0.17157279250000002,0.34220963299999996,0.4630086335,0.0,1831.0
0.7643791047068856,0.205734543,0.32941865,0.437008918,0.0,1831.0
0.762941981242893,0.137192816,0.32033938549999996,0.3901609685,0.0,1831.0
0.7853202249298854,0.0183571575,0.337838689,0.38866672199999996,0.0,1831.0
0.804571069369673,0.0,0.3555872875,0.426842577,0.0,1831.0
0.7807194354915796,0.0,0.3536351405,0.4411788655,0.0,1831.0
0.7077689391262236,0.0,0.30704661166666664,0.3878411066666667,0.0,1831.0
0.6222233292202564,0.0,0.28850958250000003,0.4050850575,0.0,1831.0
0.5959347671355603,0.0,0.306128034,0.4663764826666667,0.0,1831.0
0.6192797237066887,0.0,0.322635609,0.5365037690000001,0.0,1831.0
0.7015774549653059,0.0178910195,0.3462263475,0.5791135334999999,0.0,1831.0
0.7670027482118226,0.176332977,0.309572857,0.545900659,0.0,1831.0
0.7762287433882724,0.27816417250000003,0.31193608549999996,0.51554744,0.0,1831.0
0.7723981433293192,0.29236898,0.315946915,0.5121112075,0.0,1831.0
0.7796717668310521,0.121267738,0.326079953,0.535157104,0.0,1831.0
0.8113516695958154,0.0,0.35349130866666667,0.6027467093333333,0.0,1831.0
0.7847112462327788,0.0,0.350108494,0.6138454755,0.0,1831.0
0.7153594687501786,0.0,0.2979975403333333,0.5511885153333332,0.0,1831.0
0.6356904565668305,0.0,0.27352126866666665,0.5049033616666667,0.0,1831.0
0.6262622287855193,0.0,0.255679567,0.431193282,0.0,1831.0
0.682269907285338,0.0,0.2449563925,0.3779828555,0.0,1831.0
0.8379339587381092,0.0,0.23907200750000002,0.325512839,0.0,1831.0
0.9042354469024785,0.12302803,0.226597995,0.294343844,0.0,1831.0
0.910415117837752,0.331516977,0.2054966655,0.2485083125,0.0,1831.0
0.9077308805762758,0.3250841105,0.208844843,0.191718398,0.0,1831.0
0.9072912514179954,0.211229777,0.213404485,0.177984421,0.0,1831.0
0.9223980628779915,0.0377456795,0.2520931865,0.19936809049999998,0.0,1831.0
0.9400514228260897,0.0,0.30305335899999997,0.2483100505,0.0,1831.0
0.8804597005628085,0.0,0.3569616115,0.31880989049999997,0.0,1831.0
0.8006036301918947,0.0,0.409440019,0.414651735,0.0,1831.0
0.7230938135850532,0.0,0.4423745315,0.4489259595,0.0,1831.0
0.6463086628357744,0.0,0.479732716,0.5152615345,0.0,1831.0
0.6301631264224873,0.0,0.5115419095,0.591536113,0.0,1831.0
0.6512581235242361,0.0,0.567087278,0.625586412,0.0,1831.0
0.7698691692357209,0.0,0.654643943,0.694038663,0.0,1831.0
0.8916027398142505,0.010927852,0.75704554,0.7638995055,0.0,1831.0
0.916602390995026,0.09855037650000001,0.782582652,0.8223791874999999,0.0,1831.0
0.9118432081216736,0.14226775949999998,0.8119742485,0.8824451985,0.0,1831.0
0.9068199615617388,0.108937687,0.7649502845,0.8714287039999999,0.0,1831.0
0.9131163035212692,0.018587176,0.706612955,0.80592072,0.0,1831.0
0.9158931978650166,0.0,0.671769377,0.6991436565,0.0,1831.0
0.8674707199349483,0.0,0.6566582805,0.6361570009999999,0.0,1831.0
0.7709362010726848,0.0,0.6276647049999999,0.694160152,0.0,1831.0
0.664599129418983,0.0,0.6291551074999999,0.8341302939999999,0.0,1831.0
0.6151780392451012,0.0,0.6712007165,0.8716474839999999,0.0,1831.0
0.6207932936781553,0.0,0.742804334,0.880061544,0.0,1831.0
0.7213604737708637,0.0,0.8411407529999999,0.9039479205000001,0.0,1831.0
0.8146374175641414,0.0,0.872205612,0.902293821,0.0,1831.0
0.8479040723539168,0.007202864,0.8559450120000001,0.8540335434999999,0.0,1831.0
0.8554583947418763,0.021989482999999997,0.87502513,0.8000329719999999,0.0,1831.0
0.853857735246601,0.027980495,0.893774431,0.7410462525,0.0,1831.0
0.8488098934411591,0.021113553,0.917555121,0.777281572,0.0,1831.0
0.8624912082498224,0.0069905505,0.9252613795,0.841843766,0.0,1831.0
0.8717791387355234,0.0,0.9236439685,0.920308064,0.0,1831.0
0.8477606148768921,0.0,0.9165739945,0.933900936,0.0,1831.0
0.7735313588157555,0.0,0.8837693185,0.9280879865,0.0,1831.0
0.6633792492360124,0.0,0.8168256705,0.9136021910000001,0.0,1831.0
0.614170192541077,0.0,0.740071897,0.900489713,0.0,1831.0
0.6207187477599192,0.0,0.671223814,0.8562971125000001,0.0,1831.0
0.723045025519367,0.0,0.6518642135,0.8269401845,0.0,1831.0
0.8440358639476677,0.001532276,0.6753979225,0.8489174705,0.0,1831.0
0.8737273070088635,0.0510315035,0.7133795629999999,0.889781647,0.0,1831.0
0.8752762717858944,0.19863997049999998,0.762112883,0.9024707949999999,0.0,1831.0
0.8779501343820639,0.2042345135,0.8356772505,0.9274881644999999,0.0,1831.0
0.8917840441203371,0.014822608333333334,0.8786069413333334,0.934313635,0.0,1831.0
0.8916847985491284,0.0,0.8934044065,0.936235458,0.0,1831.0
0.8177563647998451,0.0,0.8989008565000001,0.9354396145,0.0,1831.0
0.715707275568598,0.0,0.903283062,0.935170298,0.0,1831.0
0.6314045163202135,0.0,0.9001703305,0.934918869,0.0,1831.0
0.6143959546345852,0.0,0.8863205805000001,0.9324807230000001,0.0,1831.0
0.666013155598951,0.0,0.8709702994999999,0.925585534,0.0,1831.0
0.8216286426681224,0.0,0.854734631,0.911949662,0.0,1831.0
0.8892812602413543,0.05464464,0.843595896,0.901545121,0.0,1831.0
0.8973877239444639,0.299082949,0.8060935204999999,0.8675333555,0.0,1831.0
0.891009636270025,0.407832309,0.8321436769999999,0.886431382,0.0,1831.0
0.8903656429256872,0.2839247205,0.8382396625,0.9010892715000001,0.0,1831.0
0.8980371729050075,0.070460927,0.797608464,0.894777496,0.0,1831.0
0.9189011087732892,0.0,0.7468631569999999,0.8809001995,0.0,1831.0
0.9096124179709224,0.0,0.660827006,0.844250568,0.0,1831.0
0.8387785152924562,0.0,0.607613178,0.811140975,0.0,1831.0
0.7715850687971827,0.0,0.5457091075,0.7793636310000001,0.0,1831.0
0.656535819219685,0.0,0.526569092,0.7405745005,0.0,1998.0
0.6011676174404309,0.0,0.47682955800000004,0.6473954639999999,0.0,1998.0
0.5949465369793855,0.0,0.443114258,0.6212073840000001,0.0,1998.0
0.6190074765620603,0.0,0.4195861635,0.6911645405,0.0,1998.0
0.6936283786339227,0.0016316705,0.41609081000000003,0.707767786,0.0,1998.0
0.7555671744465632,0.036334285333333334,0.3796273666666667,0.6783699836666667,0.0,1998.0
0.7546812382357064,0.053749552000000006,0.336682998,0.640569791,0.0,1998.0
0.7510280818357427,0.029626283,0.286777708,0.581206247,0.0,1998.0
0.7651230889369918,0.0035706765,0.2532406385,0.559245151,0.0,1998.0
0.7807836961498675,0.0,0.25054593449999996,0.559994859,0.0,1998.0
0.764522338501824,0.0,0.2548899775,0.542848423,0.0,1998.0
0.7243603800318079,0.0,0.24350178349999999,0.5158605439999999,0.0,1998.0
0.6502592876658121,0.0,0.2950081875,0.5337022065,0.0,1998.0
0.5914000346272825,0.0,0.32978392349999996,0.5392061800000001,0.0,1998.0
0.5860281838206041,0.0,0.3680715685,0.5427406189999999,0.0,1998.0
0.6106356076196566,0.0,0.40330771249999997,0.575693548,0.0,1998.0
0.6774346803298394,0.0024561805,0.4275327095,0.6144412189999999,0.0,1998.0
0.7364126390561643,0.0441148755,0.4216666915,0.6713113705,0.0,1998.0
0.7391076534757512,0.0628201285,0.494380296,0.7398303344999999,0.0,1998.0
0.7341547046287829,0.0642537245,0.5537964085,0.779615538,0.0,1998.0
0.749284322619829,0.016603611,0.589518489,0.7977458175000001,0.0,1998.0
0.763321284928186,0.0,0.6239739230000001,0.8260676865000001,0.0,1998.0
0.7517170174658251,0.0,0.6494596994999999,0.8552852264999999,0.0,1998.0
0.70980377211859,0.0,0.6093305796666667,0.8698293483333334,0.0,1998.0
0.6309032649401273,0.0,0.586770334,0.8516686575000001,0.0,1998.0
0.6139792215476654,0.0,0.5627886455,0.7906263655000001,0.0,1998.0
0.6625044182053423,0.0,0.4900124345,0.7051703715,0.0,1998.0
0.817840257053073,0.0,0.42427024199999996,0.6861321890000001,0.0,1998.0
0.8763910184193849,0.016264864,0.417304005,0.66162641,0.0,1998.0
0.8861146875470072,0.194814649,0.4118768645,0.630478027,0.0,1998.0
0.8866120484782101,0.33265889299999996,0.39980868049999996,0.658281186,0.0,1998.0
0.8917147600054822,0.295453168,0.3802575345,0.6738028505,0.0,1998.0
0.9058874434270875,0.078430255,0.334002166,0.624834634,0.0,1998.0
0.9245383871537325,0.0,0.283355198,0.560361624,0.0,1998.0
0.9153071599082119,0.0,0.231850675,0.483486974,0.0,1998.0
0.818019399953685,0.0,0.195833531,0.4084263385,0.0,1998.0
0.7207089230084183,0.0,0.19054124249999999,0.35503249449999996,0.0,1998.0
0.6469676368745514,0.0,0.1901583225,0.3207499315,0.0,1998.0
0.6365333659933201,0.0,0.15678295949999999,0.26228413,0.0,1998.0
0.7094596769383366,0.0,0.13098091550000002,0.1978620335,0.0,1998.0
0.8759991488615243,0.0,0.10865193749999999,0.14441535700000002,0.0,1998.0
0.9284757305309538,0.040739281,0.104085457,0.120323097,0.0,1998.0
0.9321941761894234,0.203151933,0.107360697,0.12375455799999999,0.0,1998.0
0.9207190114821111,0.24427161949999998,0.12399678449999998,0.135072988,0.0,1998.0
0.9182271092361802,0.139525019,0.137986304,0.140781329,0.0,1998.0
0.9239699235914315,0.0369097345,0.1584191995,0.1545186265,0.0,1998.0
0.941675291345219,0.0,0.20248853849999998,0.2031148965,0.0,1998.0
0.9242809418928257,0.0,0.25499691199999996,0.28054594050000004,0.0,1998.0
0.818100653770431,0.0,0.319669182,0.365828309,0.0,1998.0
0.7188559607809965,0.0,0.3627073295,0.4583086835,0.0,1998.0
0.6406916866916755,0.0,0.391355195,0.5197546230000001,0.0,1998.0
0.6238706750467917,0.0,0.402972914,0.596755062,0.0,1998.0
0.6750465476112548,0.0,0.396567409,0.68626168,0.0,1998.0
0.8261468367369705,0.0,0.3968696235,0.7854265094999999,0.0,1998.0
0.8828780854232456,0.0067036105,0.3839700155,0.8088856095000001,0.0,1998.0
0.8834778519946124,0.0331040275,0.366238507,0.7830917344999999,0.0,1998.0
0.877094755933189,0.041699532,0.3391759135,0.7070134404999999,0.0,1998.0
0.874893569482405,0.027670181,0.310898985,0.624970332,0.0,1998.0
0.8809928810593748,0.0037977065,0.26510015350000005,0.580264013,0.0,1998.0
0.8864735547867039,0.0,0.2333991165,0.513813128,0.0,1998.0
0.8547670443573983,0.0,0.25212963099999997,0.4890777345,0.0,1998.0
0.794091341970064,0.0,0.260484837,0.445056655,0.0,1998.0
0.7149520222147429,0.0,0.295495614,0.42065052599999997,0.0,1998.0
0.6309084522727806,0.0,0.3971383155,0.500945782,0.0,1998.0
0.6140120449876358,0.0,0.478385848,0.624769464,0.0,1998.0
0.6624501297195575,0.0,0.5784025239999999,0.6986152315,0.0,1998.0
0.8085187428107354,0.0,0.6871384810000001,0.8086707285,0.0,1998.0
0.8661214239769599,0.004876369,0.753106939,0.8754290485,0.0,1998.0
0.8708367825701449,0.018859189999999998,0.7666003645,0.9081165959999999,0.0,1998.0
0.8671503555009896,0.0359917005,0.7377599025,0.908694567,0.0,1998.0
0.8659807390781931,0.0150854135,0.6862144779999999,0.8682963054999999,0.0,1998.0
0.8761862964769407,0.0,0.637449669,0.826125283,0.0,1998.0
0.871253172880293,0.0,0.5905536233333333,0.7681788786666667,0.0,1998.0
0.813083667879785,0.0,0.5982165605,0.7728868019999999,0.0,1998.0
0.6917755505707689,0.0,0.6817999330000001,0.8759268139999999,0.0,1998.0
0.6153612813870356,0.0,0.8416370996666668,0.924376997,0.0,1998.0
0.6623430732463688,0.0,0.8829046205,0.9269691605,0.0,1998.0
0.813699980312913,0.0,0.8992904475000001,0.9167435534999999,0.0,1998.0
0.8844386770804123,0.05750697,0.8907901819999999,0.9243845685000001,0.0,1998.0
0.9008638838471835,0.2638923175,0.88641719,0.928487516,0.0,1998.0
0.905229095428249,0.33516868499999997,0.9031477235,0.9202203185,0.0,1998.0
0.9098055579045998,0.13456482549999998,0.913969018,0.9220890589999999,0.0,1998.0
0.9252366391595771,0.0,0.9218413443333334,0.9321833096666667,0.0,1998.0
0.8692155972239146,0.0,0.926356817,0.928660328,0.0,1998.0
0.7930592353074969,0.0,0.923507086,0.925053933,0.0,1998.0
0.7097363289669087,0.0,0.923574542,0.9295498675,0.0,1998.0
0.6012521357335974,0.0,0.92476138425,0.9110261052499999,0.0,1998.0
0.5996851269308952,0.0,0.9073494929999999,0.935008913,0.0,1998.0
0.6506986708075353,0.0,0.8632980925,0.9345282355,0.0,1998.0
0.7152718500141217,0.023512856,0.847012853,0.927521743,0.0,1998.0
0.7543715168180823,0.1891542805,0.8185262295,0.902457945,0.0,1998.0
0.7593063993049088,0.2556893295,0.7770056675,0.853775792,0.0,1998.0
0.7570031649703479,0.17378910050000002,0.7186456240000001,0.8360887115,0.0,1998.0
0.7693932732828563,0.0224962495,0.705715595,0.840403821,0.0,1998.0
0.7836489098303059,0.0,0.7119913474999999,0.8411183195,0.0,1998.0
0.7590767839416515,0.0,0.7025773663333333,0.82915097,0.0,1998.0
0.6910463682018925,0.0,0.689606838,0.8223022205,0.0,1998.0
0.6152238535198655,0.0,0.6973108955,0.8404439095,0.0,1998.0
0.5873749755513624,0.0,0.706347084,0.8584561305,0.0,1998.0
0.599717167922156,0.0,0.713269684,0.8695483955000001,0.0,1998.0
0.6507258374186362,0.0,0.6843908814999999,0.8601529459999999,0.0,1998.0
0.715508143451611,0.011779768,0.659301185,0.863780194,0.0,1998.0
0.7567455408312478,0.2608902285,0.6247993695,0.8649862965,0.0,1998.0
0.7599637635074221,0.425375283,0.6072809215,0.8606262115000001,0.0,1998.0
0.7587227761699755,0.322661541,0.6064775995,0.8458069165,0.0,1998.0
0.7777079917558586,0.030784165,0.577345443,0.809179072,0.0,1998.0
0.8021617176218312,0.0,0.54300112,0.770407678,0.0,1998.0
0.7816047753968084,0.0,0.5067420855,0.747816183,0.0,1998.0
0.7116813593708132,0.0,0.45796637966666665,0.6871955446666668,0.0,1998.0
0.6395530378560288,0.0,0.42367609549999996,0.695284271,0.0,1998.0
0.6240567940619899,0.0,0.36392610150000004,0.6693975944999999,0.0,1998.0
0.6837665288347639,0.0,0.30556429799999996,0.594225246,0.0,1998.0
0.8461707772761446,0.0,0.243670794,0.5015686665,0.0,1998.0
0.9001264285024427,0.015613911,0.214062848,0.420666015,0.0,1998.0
0.9098687006247865,0.1474617385,0.175098906,0.3068374405,0.0,1998.0
0.9058064579613694,0.2134636565,0.18831601850000002,0.26576457200000003,0.0,1998.0
0.8996084076459846,0.163273652,0.201946251,0.248325911,0.0,1998.0
0.8998713533269898,0.0609887105,0.1947780465,0.262677814,0.0,1998.0
0.9222693178793295,0.0,0.1981379055,0.26192611499999996,0.0,1998.0
0.9101062013382598,0.0,0.21226830549999998,0.2783933465,0.0,1998.0
0.8156152356059724,0.0,0.23585280549999998,0.286528705,0.0,1998.0
0.7170432230703575,0.0,0.285769404,0.31556292900000005,0.0,1998.0
0.6400355745690394,0.0,0.3038000985,0.324487977,0.0,1998.0
0.6244457122308751,0.0,0.31268602300000004,0.30756430300000004,0.0,1998.0
0.6845862441945223,0.0,0.3404099525,0.32628681800000003,0.0,1998.0
0.8499859940803792,0.0,0.39909200349999996,0.41111881699999997,0.0,1998.0
0.9056325470623524,0.007425508,0.438795405,0.468909549,0.0,1998.0
0.9108707562232137,0.081102571,0.428547693,0.4820591615,0.0,1998.0
0.8990834106074643,0.144388784,0.4606548405,0.49840369149999997,0.0,1998.0
0.895099336162566,0.123828499,0.471752015,0.512943124,0.0,1998.0
0.9031454743252127,0.0437356135,0.4868639765,0.542928925,0.0,1998.0
0.9233041522487857,0.0,0.5001988695,0.5821844325000001,0.0,1998.0
0.9119498621020585,0.0,0.5013732470000001,0.6339724945,0.0,1998.0
0.8154478089908547,0.0,0.4672047535,0.6471694545,0.0,1998.0
0.716252977336266,0.0,0.41536892400000003,0.6444788765,0.0,1998.0
0.6303672223699768,0.0,0.3661647176666667,0.6349196626666667,0.0,1998.0
0.621015970240912,0.0,0.352255988,0.614169131,0.0,1998.0
0.6761970468066962,0.0,0.360264902,0.5922138525,0.0,1998.0
0.8408133481948548,0.0,0.3803222725,0.5918276085,0.0,1998.0
0.9006489212462567,0.009083592,0.42484176,0.61805375,0.0,1998.0
0.9116883026427065,0.1031118745,0.46268951,0.6544948185,0.0,1998.0
0.9097247065131818,0.1684747125,0.546848393,0.6837617364999999,0.0,1998.0
0.9096090640891432,0.12218716399999999,0.686580065,0.7668158795,0.0,1998.0
0.9164406882796658,0.016870029,0.7503773,0.813265811,0.0,1998.0
0.9350935996664369,0.0,0.7917101105,0.854488082,0.0,1998.0
0.9258674256117938,0.0,0.825228135,0.8977880265,0.0,1998.0
0.8221604816119767,0.0,0.838150229,0.9105142589999999,0.0,1998.0
0.7207610202194664,0.0,0.848247847,0.92316274,0.0,1998.0
0.6461383741695643,0.0,0.860999699,0.9222186084999999,0.0,1998.0
0.631624509710071,0.0,0.8642644575,0.9259812144999999,0.0,1998.0
0.6986273877047369,0.0,0.861122992,0.926838493,0.0,1998.0
0.863264170207433,0.0,0.863407425,0.92727729,0.0,1998.0
0.9188274124421266,0.008056933,0.859055066,0.926579514,0.0,1998.0
0.930173653205108,0.1067008365,0.808592899,0.916478337,0.0,1998.0
0.9239920593461257,0.194782538,0.8129254515,0.9046854735000001,0.0,1998.0
0.9230062365894904,0.164323744,0.760588079,0.889303076,0.0,1998.0
0.9434820144031261,0.009088284,0.740127367,0.889268229,0.0,1998.0
0.9523764208257611,0.0,0.706121003,0.86718403,0.0,1998.0
0.8875620068655891,0.0,0.659195547,0.821725059,0.0,1998.0
0.803237201267869,0.0,0.603177576,0.776789176,0.0,1998.0
0.7246160366457335,0.0,0.5825745465000001,0.7559121065000001,0.0,1998.0
0.652810196233965,0.0,0.5641714655000001,0.711088808,0.0,1998.0
0.6409756277873275,0.0,0.542403161,0.6621513594999999,0.0,1998.0
0.7089923222673806,0.0,0.5587134574999999,0.6563560415,0.0,1998.0
0.8692811099620796,0.0,0.589767253,0.694705693,0.0,1998.0
0.9260957142670029,0.010426814,0.595574706,0.720287801,0.0,1998.0
0.9375887665237397,0.197566843,0.5804087215,0.712184377,0.0,1998.0
0.9331732464460829,0.295539988,0.5866013800000001,0.6656597945,0.0,1998.0
0.9310479476686742,0.19294047,0.6263023265000001,0.6429417565,0.0,1998.0
0.940066627202615,0.013399313,0.663177185,0.655649872,0.0,1998.0
0.9572836672052707,0.0,0.7085161525,0.700163905,0.0,1998.0
0.9375598334651767,0.0,0.7436257415,0.7492116129999999,0.0,1998.0
0.8269781564399667,0.0,0.752636984,0.7660836795,0.0,1998.0
0.7148980915528205,0.0,0.7696418755000001,0.7790433255,0.0,1998.0
0.6173122147263344,0.0,0.79022743875,0.82362501875,0.0,1998.0
0.6140668700405247,0.0,0.8160663895,0.8769446185,0.0,1998.0
0.6723123819440445,0.0,0.8649507725000001,0.9139769295,0.0,1998.0
0.7647944068357351,0.0150227935,0.8654989225,0.9183332335000001,0.0,1998.0
0.7945898655083096,0.036869410000000005,0.887486624,0.905623904,0.0,1998.0
0.792718479231835,0.0287065655,0.895060599,0.8855133935,0.0,1998.0
0.7885426512098639,0.019055445,0.901385835,0.865467488,0.0,1998.0
0.8019991653193977,0.004621702,0.9008940475,0.885548623,0.0,1998.0
0.8185601826722517,0.0,0.9062226735000001,0.8682686635,0.0,1998.0
0.783800461360018,0.0,0.9049174775,0.873476362,0.0,1998.0
0.7232390821110057,0.0,0.8219571495,0.8716242045,0.0,1998.0
0.6566716522077143,0.0,0.774158066,0.9001931329999999,0.0,1998.0
0.6034074183693066,0.0,0.7139480275000001,0.8727430405,0.0,1998.0
0.6062065826320162,0.0,0.6404742726666667,0.788210722,0.0,1998.0
0.6692284269536257,0.0,0.570411884,0.6766110065,0.0,1998.0
0.7608506239110315,0.0884767885,0.48098069,0.5849225765,0.0,1998.0
0.7797222094694194,0.27115299400000004,0.4129869025,0.5555749379999999,0.0,1998.0
0.7761850085809394,0.22734786899999998,0.395173918,0.579678232,0.0,1998.0
0.781619443138754,0.0739690645,0.401761663,0.5987373375,0.0,1998.0
0.8127783736130999,0.0,0.425562043,0.6224705589999999,0.0,1998.0
0.8060856902083529,0.0,0.41854405299999997,0.6522847895,0.0,1998.0
0.7553460481164977,0.0,0.412565389,0.630328454,0.0,1998.0
0.6969584650925578,0.0,0.396244253,0.6097851765,0.0,1998.0
0.6403376043593041,0.0,0.396275498,0.624317157,0.0,1998.0
0.6284554775923867,0.0,0.417751969,0.6090142165,0.0,1998.0
0.696736504042574,0.0,0.449237475,0.6134658875,0.0,1998.0
0.8613040621014636,0.0,0.46688695150000004,0.6138187610000001,0.0,1998.0
0.9162693264792477,0.011272895,0.504273552,0.631862017,0.0,1998.0
0.9150630854380046,0.2062731805,0.5220303245,0.6560630249999999,0.0,1998.0
0.898440177512317,0.2815888455,0.5762399444999999,0.720454844,0.0,1998.0
0.8930106171997109,0.146098647,0.6448787490000001,0.7606303425000001,0.0,1998.0
0.9038677700973212,0.005525963,0.7431587550000001,0.8064688865,0.0,1998.0
0.9048073984883347,0.0,0.805839134,0.85463423,0.0,1998.0
0.8630264458118733,0.0,0.850558254,0.8853444109999999,0.0,1998.0
0.7939121095291418,0.0,0.848860679,0.903594728,0.0,1998.0
0.7145741271530497,0.0,0.8596174320000001,0.9069346735,0.0,1998.0
0.6309084522727806,0.0,0.870052619,0.8856217565,0.0,1998.0
0.6141593259101317,0.0,0.8840531325000001,0.8389142115,0.0,1998.0
0.6625194436361985,0.0,0.8953249655,0.771495665,0.0,1998.0
0.8129829614137682,0.0,0.896443833,0.8220525240000001,0.0,1998.0
0.8810024062050841,0.010471610000000001,0.884307824,0.921596453,0.0,1998.0
0.8943311144433395,0.051725407,0.8473715385,0.9153053015,0.0,1998.0
0.8947333586665072,0.0812967195,0.811926978,0.909630713,0.0,1998.0
0.8984598089723054,0.047213471,0.7267196215,0.854378376,0.0,1998.0
0.9209343765758415,0.0,0.623352126,0.8170998805,0.0,1998.0
0.910904697736237,0.0,0.5588160205,0.8026227765,0.0,1998.0
0.8385259442767578,0.0,0.539148998,0.792259678,0.0,1998.0
0.7687677487914641,0.0,0.493765607,0.7523521705,0.0,1998.0
0.670873067340267,0.0,0.5267637255,0.7594301825,0.0,1998.0
0.6258282491462365,0.0,0.5503564106666666,0.7363879986666667,0.0,1998.0
0.6809689074273975,0.0,0.5551090295000001,0.757347269,0.0,1998.0
0.8407877244166053,0.0,0.569858658,0.7881209525,0.0,1998.0
0.905900277650683,0.047701267500000005,0.5754886775,0.8054957,0.0,1998.0
0.9101672870604375,0.205536408,0.5906764465000001,0.8262768659999999,0.0,1998.0
0.9040580032434891,0.2273791535,0.6171205,0.83032906,0.0,1998.0
0.9080732913595699,0.138888816,0.624528251,0.828442267,0.0,1998.0
0.9200633913251133,0.011695397,0.6436786035,0.844583708,0.0,1998.0
0.927928195379887,0.0,0.6434970664999999,0.847846328,0.0,1998.0
0.8705507620745374,0.0,0.621153648,0.823777792,0.0,1998.0
0.7923914964396767,0.0,0.571619751,0.786034455,0.0,1998.0
0.7168372042441431,0.0,0.5564702324999999,0.774761084,0.0,1998.0
0.6381633162360691,0.0,0.5503133505,0.757257747,0.0,1998.0
0.6226535673746032,0.0,0.5198792845,0.7372420325,0.0,1998.0
0.6778156609222841,0.0,0.515538947,0.738486387,0.0,1998.0
0.8595157481804702,0.0021790066666666666,0.5379527836666668,0.8009739036666668,0.0,1998.0
0.9088432123878949,0.155410078,0.5452177874999999,0.814995625,0.0,1998.0
0.8982164947512885,0.2050313865,0.6144513555,0.853694035,0.0,1998.0
0.896568299270204,0.13439592549999999,0.636332399,0.8626943075,0.0,1998.0
0.9134454030049769,0.006832555666666667,0.606886092,0.8622885056666667,0.0,1998.0
0.9095597394563528,0.0,0.5289079405,0.828949768,0.0,1998.0
0.8170734215554996,0.0,0.4375848725,0.752356103,0.0,1998.0
0.7160415698972584,0.0,0.3876934345,0.6752230665,0.0,1998.0
0.6330812423670571,0.0,0.338092383,0.5901520755,0.0,1998.0
0.6162698452057656,0.0,0.30065660250000004,0.5076282955,0.0,1998.0
0.6655296798935082,0.0,0.3016833565,0.5114665725,0.0,1998.0
0.8350154701924893,0.00041384066666666665,0.369484077,0.5131061003333333,0.0,1998.0
0.8909659908680508,0.045366634,0.4318269475,0.5450637805,0.0,1998.0
0.8892889071322962,0.1200525925,0.465386815,0.5916015565,0.0,1998.0
0.8858804065060613,0.10370035450000001,0.4578413305,0.6249847035,0.0,1998.0
0.8967219973382354,0.01037822,0.427656119,0.635779902,0.0,1998.0
0.9056859411571707,0.0,0.4388302425,0.6620744305,0.0,1998.0
0.8662855861156571,0.0,0.4677678295,0.7077084499999999,0.0,1998.0
0.7939620155329291,0.0,0.477874642,0.718499028,0.0,1998.0
0.7081657650022877,0.0,0.5024801249999999,0.7383015635000001,0.0,1998.0
0.615098059910179,0.0,0.5500698555,0.7627034415,0.0,1998.0
0.5877041496182573,0.0,0.555931329,0.811615499,0.0,1998.0
0.5995507473703585,0.0,0.5389685989999999,0.8241248735,0.0,1998.0
0.6573889617923576,0.0,0.522279838,0.8185224289999999,0.0,1998.0
0.7242137028822557,0.007648611,0.528056666,0.821547889,0.0,1998.0
0.758135485998342,0.20299498700000002,0.485516741,0.775362245,0.0,1998.0
0.7595523518949319,0.3333853095,0.490526221,0.7859863844999999,0.0,1998.0
0.7576509146892689,0.22546953749999998,0.4567559685,0.7685031204999999,0.0,1998.0
0.7800395330415681,0.0146648215,0.4163911685,0.7293707185,0.0,1998.0
0.8037905499264792,0.0,0.38739021250000005,0.6899870515,0.0,1998.0
0.7808331102554924,0.0,0.3527550395,0.605820723,0.0,1998.0
0.7077785685894309,0.0,0.312970506,0.4974032403333333,0.0,1998.0
0.6062622461834647,0.0,0.26858250325,0.4426180157499999,0.0,1998.0
0.6026921659176236,0.0,0.2276366465,0.42924803450000004,0.0,1998.0
0.6583379810523529,0.0,0.192515811,0.4197631925,0.0,1998.0
0.7392952482529129,0.008065179,0.1714190675,0.400687865,0.0,1998.0
0.7620971415378389,0.07897025566666667,0.155544602,0.37082098333333335,0.0,1998.0
0.7591124545205753,0.0854915655,0.15637136000000001,0.379256426,0.0,1998.0
0.7787493551456315,0.0049598505,0.175244717,0.4097827665,0.0,1998.0
0.8075205329247743,0.0,0.188481134,0.4174298705,0.0,1998.0
0.783914628089569,0.0,0.1832891465,0.38326910999999997,0.0,1998.0
0.7246810576206875,0.0,0.156856363,0.3181520335,0.0,1998.0
0.6713393487420634,0.0,0.15970795650000003,0.2816843745,0.0,1998.0
0.6275405785211807,0.0,0.1802327815,0.2647740435,0.0,1998.0
0.638669799752702,0.0,0.188410172,0.2360681675,0.0,1998.0
0.7308600577121294,0.0,0.205383336,0.243101994,0.0,1998.0
0.856586914726346,0.0,0.2184264705,0.271333629,0.0,1998.0
0.9132416946381521,0.003913943,0.227240608,0.278885,0.0,1998.0
0.9199935855103095,0.128798811,0.2150656095,0.259069334,0.0,1998.0
0.9128486623382972,0.22021567749999998,0.22214512,0.285503211,0.0,1998.0
0.9101337928441111,0.16417583400000002,0.235081764,0.30186853449999995,0.0,1998.0
0.9235244810605591,0.013945747,0.252812238,0.333522065,0.0,1998.0
0.9463736568474216,0.0,0.270051833,0.34866295,0.0,1998.0
0.9317557992459717,0.0,0.266752984,0.35909605899999997,0.0,1998.0
0.8513051049674033,0.0,0.268170853,0.375584244,0.0,1998.0
0.7755585448946879,0.0,0.23228123,0.3216068425,0.0,1998.0
0.6734456420994224,0.0,0.2602527125,0.3405703685,0.0,1998.0
0.6302917522364962,0.0,0.2664276923333333,0.33455788533333336,0.0,1998.0
0.6880390385971409,0.0,0.2791580425,0.3303460945,0.0,1998.0
0.8487545317536904,0.0,0.31304113499999997,0.3744768855,0.0,1998.0
0.9017819131855583,0.004228923,0.345200045,0.417694826,0.0,1998.0
0.9104833585527091,0.055432499999999996,0.3686882035,0.424868042,0.0,1998.0
0.9006188703170683,0.10697282450000001,0.3804521915,0.440621134,0.0,1998.0
0.8936649852768315,0.0663277405,0.35789206,0.41570095,0.0,1998.0
0.9024685680680697,0.0052999335,0.3591373615,0.4197677595,0.0,1998.0
0.9118056444433191,0.0,0.366314207,0.4261523015,0.0,1998.0
0.8674255541695448,0.0,0.378626149,0.4332753505,0.0,1998.0
0.793577614055293,0.0,0.358267343,0.411288064,0.0,1998.0
0.7150874303080219,0.0,0.37340820750000003,0.422106221,0.0,1998.0
0.6323820660784922,0.0,0.37212966049999996,0.4204992635,0.0,1998.0
0.616317895424208,0.0,0.3873889155,0.409620915,0.0,1998.0
0.6656266299174665,0.0,0.38032218900000003,0.410089668,0.0,1998.0
0.8232181225124833,0.0,0.38230951950000003,0.4190982595,0.0,1998.0
0.8864453820448069,0.001389669,0.38749756,0.426798731,0.0,1998.0
0.8961784867778282,0.049360354499999995,0.33238177150000003,0.3638680265,0.0,1998.0
0.8931928905024429,0.094950309,0.3670439445,0.4094624865,0.0,1998.0
0.8907542927435446,0.055173055,0.3173176055,0.37905874100000003,0.0,1998.0
0.9006484741519871,0.0054420525,0.2915927895,0.3489665745,0.0,1998.0
0.9162097165190336,0.0,0.265133444,0.315685222,0.0,1998.0
0.8700292083906311,0.0,0.24365448,0.2813800955,0.0,1998.0
0.7691329660383329,0.0,0.25206835,0.24783125749999999,0.0,1998.0
0.668198645775047,0.0,0.2492395035,0.2528787835,0.0,1998.0
0.6232419754618459,0.0,0.22028898100000002,0.21481409966666667,0.0,1998.0
0.6797501228480574,0.0,0.17049158949999998,0.16772371349999998,0.0,1998.0
0.8423892783703228,0.0,0.15222231149999998,0.144402477,0.0,1998.0
0.9001781232881627,0.001798533,0.14874415,0.130444581,0.0,1998.0
0.9110498544548842,0.0473908595,0.12656950150000001,0.1265043375,0.0,1998.0
0.9024125356042452,0.1287441715,0.134433638,0.127723169,0.0,1998.0
0.8949111600818831,0.1206694045,0.125636932,0.1206693275,0.0,1998.0
0.9159647625699989,0.014439177,0.130694537,0.11829741433333334,0.0,1998.0
0.910689690398893,0.0,0.144275609,0.13198626800000002,0.0,1998.0
0.8157204138918697,0.0,0.18362577349999998,0.1703492545,0.0,1998.0
0.7156671629265963,0.0,0.24938850299999998,0.22774755200000002,0.0,1998.0
0.6276542906441628,0.0,0.3348172173333333,0.31322427366666666,0.0,1998.0
0.6175813986746821,0.0,0.405271025,0.372995353,0.0,1998.0
0.6683656922993073,0.0,0.415536507,0.393916671,0.0,1998.0
0.8295430843756557,0.0,0.39640348400000003,0.4281621645,0.0,1998.0
0.896901497995234,0.025114892,0.35759457650000004,0.4167710315,0.0,1998.0
0.8979619562104155,0.128524199,0.307155676,0.371614539,0.0,1998.0
0.8928969871722153,0.19787392450000002,0.286869334,0.34831524,0.0,1998.0
0.8879017791449257,0.191562989,0.242670916,0.294108663,0.0,1998.0
0.8912266112000193,0.064784696,0.21848140100000002,0.249622791,0.0,1998.0
0.9050208853272981,0.0,0.2670289735,0.2886875485,0.0,1998.0
0.8935674986857692,0.0,0.34988695049999996,0.37182098350000004,0.0,1998.0
0.8171006999064301,0.0,0.4305867685,0.48926358550000004,0.0,1998.0
0.7081302136530008,0.0,0.5214983115,0.5970648885000001,0.0,1998.0
0.6133365920905098,0.0,0.635673923,0.6637588324999999,0.0,1998.0
0.5838812635211342,0.0,0.7416023345,0.731715413,0.0,1998.0
0.5960568788638836,0.0,0.787835066,0.7804693309999999,0.0,1998.0
0.6441741295981547,0.0,0.786199514,0.819365353,0.0,1998.0
0.7094011401798062,0.001762198,0.745713871,0.838438886,0.0,1998.0
0.7501700650178615,0.04339363,0.6248500260000001,0.7851620914999999,0.0,1998.0
0.7514020192427131,0.11498402299999999,0.5626710535,0.7627120405000001,0.0,1998.0
0.7481289491117034,0.1162314445,0.48392081649999996,0.6739864360000001,0.0,1998.0
0.7653212819940709,0.009199222,0.3785247925,0.5361792830000001,0.0,1998.0
0.7816060722805785,0.0,0.326029111,0.44532174,0.0,1998.0
0.7673696200313722,0.0,0.2888575115,0.424616682,0.0,1998.0
0.7400954438250368,0.0,0.302418443,0.439304246,0.0,1998.0
0.691079638871084,0.0,0.33195100099999997,0.448923085,0.0,1998.0
0.6066902447054597,0.0,0.3511840253333333,0.468908489,0.0,1998.0
0.5897062484860442,0.0,0.397310983,0.460185332,0.0,1998.0
0.6072010807898439,0.0,0.424524327,0.463072411,0.0,1998.0
0.6486021484774911,0.0,0.427759908,0.47314974499999995,0.0,1998.0
0.7131151587548128,0.001715149,0.442890445,0.498594356,0.0,1998.0
0.7532483183080421,0.0484222585,0.4465737975,0.5168369694999999,0.0,1998.0
0.7586091013385869,0.0974666825,0.4885855825,0.5631536035,0.0,1998.0
0.7558617212219725,0.085807845,0.473487023,0.535126034,0.0,1998.0
0.7581433118349532,0.0345924565,0.424060134,0.4887723475,0.0,1998.0
0.776654464918846,0.0,0.403132318,0.453773109,0.0,1998.0
0.7812997942175683,0.0,0.4090676125,0.436490367,0.0,1998.0
0.7648778071233245,0.0,0.42779216200000003,0.4233612805,0.0,1998.0
0.711284958322024,0.0,0.45702751233333333,0.45135195233333336,0.0,1998.0
0.6320318295935383,0.0,0.509325628,0.494755721,0.0,1998.0
0.6160537646667377,0.0,0.5159493205,0.4769464845,0.0,1998.0
0.6652999378108064,0.0,0.50713875,0.45719019699999996,0.0,1998.0
0.8209856777890511,0.0,0.5027825125,0.45165442899999997,0.0,1998.0
0.8819379203976523,0.002419084,0.511311078,0.465946145,0.0,1998.0
0.8950631587733406,0.0861644695,0.5296143715,0.469038888,0.0,1998.0
0.894615167278821,0.1903856625,0.5623435425000001,0.4959375305,0.0,1998.0
0.8923968089263372,0.103000555,0.5661958355000001,0.5206475655,0.0,1998.0
0.8997106344754306,0.0137973125,0.5650759295,0.528123293,0.0,1998.0
0.904615913194814,0.0,0.589747188,0.5674394439999999,0.0,1998.0
0.8638583917572353,0.0,0.5994995755,0.613077348,0.0,1998.0
0.7681176289196134,0.0,0.5751399435,0.6261950595,0.0,1998.0
