Demand,Avail_Sol,Avail_Wind_On,Avail_Wind_Off,Hyd_In,HydRoR_In
0.6554818251198923,0.0,0.5475445849999999,0.763585999,0.0,0.0
0.6666859603735265,0.0,0.593450289,0.792469537,0.0,0.0
0.8290785307231756,0.0,0.686062891,0.8464493909999999,0.0,0.0
0.913978766040259,0.0,0.7192814240000001,0.8629939285,0.0,0.0
0.9248044345498442,0.011252827,0.754647757,0.882117271,0.0,0.0
0.9253313071478046,0.0667424525,0.7560060165,0.8299773859999999,0.0,0.0
0.925922613871856,0.134339125,0.8360878213333333,0.8941461986666667,0.0,0.0
0.9290280106396149,0.020831159,0.799996033,0.918777616,0.0,0.0
0.935476302285682,0.0,0.739879285,0.910102751,0.0,0.0
0.9253122876833225,0.0,0.652719347,0.8844117433333333,0.0,0.0
0.8151229903664976,0.0,0.614827341,0.860989699,0.0,0.0
0.717889940136935,0.0,0.5744443925,0.8479927735,0.0,0.0
0.6638920587756882,0.0,0.4945173785,0.7978283785,0.0,0.0
0.6685856857062142,0.0,0.43939984066666665,0.7552047123333333,0.0,0.0
0.8648298819563951,0.0,0.38162668050000004,0.6892874105,0.0,0.0
0.9286356450837685,0.0,0.384910559,0.689123793,0.0,0.0
0.939024142778631,0.068670349,0.38942958,0.674217454,0.0,0.0
0.9331604218742111,0.30930405,0.3696947905,0.6645712265,0.0,0.0
0.927706165723686,0.41519322599999997,0.327906146,0.6071107825,0.0,0.0
0.9282121901039505,0.265881558,0.358778849,0.610400882,0.0,0.0
0.9369875177319844,0.013834325,0.35475349749999996,0.573083483,0.0,0.0
0.931288448358961,0.0,0.46598688499999996,0.6380955343333333,0.0,0.0
0.8164106826677129,0.0,0.5498348005,0.7417617320000001,0.0,0.0
0.7483120782984992,0.0,0.611442718,0.768939762,0.0,0.0
0.6818886170507936,0.0,0.682873353,0.830946897,0.0,0.0
0.6608627242585681,0.0,0.8264258705,0.901097563,0.0,0.0
0.6796036660514138,0.0,0.8980492115,0.931479697,0.0,0.0
0.8674161480355848,0.0,0.9228580945,0.9372842945,0.0,0.0
0.9311853811120876,0.0,0.884621444,0.92336296,0.0,0.0
0.944397292377685,0.001660688,0.781354167,0.90547635,0.0,0.0
0.9449744564941632,0.008150088,0.707897508,0.87765289,0.0,0.0
0.9395569588555032,0.047088383,0.527192248,0.778188367,0.0,0.0
0.9361621418189497,0.09892946799999999,0.3224657595,0.6064547995,0.0,0.0
0.9373950621946723,0.01516031,0.210875082,0.428172708,0.0,0.0
0.9424694342362745,0.0,0.18907121799999999,0.40960014,0.0,0.0
0.9248739739442915,0.0,0.13606995,0.293367524,0.0,0.0
0.8164402175313015,0.0,0.153836967,0.27310260900000005,0.0,0.0
0.7227021560860816,0.0,0.245036912,0.3526428655,0.0,0.0
0.6709064275654922,0.0,0.3354287885,0.362844551,0.0,0.0
0.6768018016391002,0.0,0.41415781299999993,0.4290480566666666,0.0,0.0
0.8684557658843937,0.0,0.437481114,0.481370126,0.0,0.0
0.932983852814522,0.0,0.42649412750000004,0.492679943,0.0,0.0
0.9427782700974299,0.10501824,0.38937519,0.461025738,0.0,0.0
0.9388274571115347,0.2215468135,0.37058202949999997,0.40738664700000005,0.0,0.0
0.9374514801689944,0.18670381600000002,0.28886069000000003,0.3222405225,0.0,0.0
0.94242632065897,0.0111153195,0.217548078,0.257142889,0.0,0.0
0.9348188544687331,0.0,0.1326897843333333,0.15841047166666666,0.0,0.0
0.8191079101857229,0.0,0.1017325295,0.1276152745,0.0,0.0
0.7227977557898091,0.0,0.1036672965,0.13130615699999998,0.0,0.0
0.6708817389883435,0.0,0.137224866,0.15128438849999998,0.0,0.0
0.6767570116902321,0.0,0.143815469,0.18716322533333332,0.0,0.0
0.8691846276551605,0.0,0.122244155,0.1997829675,0.0,0.0
0.9334158115376604,0.0,0.1140765775,0.1836318565,0.0,0.0
0.9455507977348676,0.027171189,0.11588399,0.161580741,0.0,0.0
0.9443811076181772,0.111222077,0.1230963375,0.16400049249999998,0.0,0.0
0.9423610787689255,0.1556273575,0.12474033699999999,0.17480355250000001,0.0,0.0
0.9435724650980465,0.064213203,0.1249279705,0.193608625,0.0,0.0
0.9511298684289478,0.0,0.1202445825,0.1869230135,0.0,0.0
0.932892367861266,0.0,0.109028642,0.1598457265,0.0,0.0
0.8221347759268807,0.0,0.095296788,0.1351768075,0.0,0.0
0.75819263132189,0.0,0.106990424,0.158726679,0.0,0.0
0.6653325917793678,0.0,0.092310839,0.130379163,0.0,0.0
0.6439245517468799,0.0,0.0837096125,0.097490647,0.0,0.0
0.6448076256549604,0.0,0.0782963105,0.095052292,0.0,0.0
0.6998074748796226,0.0,0.0863456185,0.123185744,0.0,0.0
0.7758821367572173,0.0,0.110171504,0.168424661,0.0,0.0
0.8152764710421635,0.030215398,0.127218358,0.237620844,0.0,0.0
0.8155777631569612,0.17070552,0.125538619,0.3113394075,0.0,0.0
0.8139820578703643,0.285250523,0.1585666175,0.361217385,0.0,0.0
0.8161375539073336,0.256563816,0.209504776,0.438186435,0.0,0.0
0.8263834978130705,0.045299467,0.267831874,0.52540192,0.0,0.0
0.8419069916884546,0.0,0.3403140735,0.6079770225,0.0,0.0
0.8322299366168697,0.0,0.38852237850000004,0.6208370125,0.0,0.0
0.7732471107548808,0.0,0.35166314200000004,0.5176827005,0.0,0.0
0.7194317420808759,0.0,0.275154431,0.393370416,0.0,0.0
0.6879529097631458,0.0,0.22222041850000002,0.2815343465,0.0,0.0
0.6703363956831645,0.0,0.178838481,0.206993726,0.0,0.0
0.6680197532891232,0.0,0.11152843366666665,0.13389635933333333,0.0,0.0
0.7116000670157403,0.0,0.0739884255,0.0874469565,0.0,0.0
0.7796740284405477,0.0,0.0808422035,0.094847762,0.0,0.0
0.8159644594019531,0.125340452,0.102627451,0.151625038,0.0,0.0
0.8208388083433394,0.391759974,0.12622928,0.224755815,0.0,0.0
0.8218394273653152,0.505555842,0.139704948,0.292194944,0.0,0.0
0.8190891651618063,0.5184091989999999,0.17662624100000002,0.37482363900000004,0.0,0.0
0.8197587285957607,0.375082034,0.217222362,0.417721579,0.0,0.0
0.8306648635349743,0.074810703,0.25056196,0.429258097,0.0,0.0
0.842683173349764,0.0,0.2769338825,0.45148364750000003,0.0,0.0
0.8312298663026105,0.0,0.2996629085,0.48466353,0.0,0.0
0.771437049153372,0.0,0.301194654,0.487774027,0.0,0.0
0.7163547447587604,0.0,0.2803376485,0.474929553,0.0,0.0
0.6962829970130744,0.0,0.2623967955,0.4681644895,0.0,0.0
0.704496049730445,0.0,0.2145572986666667,0.3845621083333333,0.0,0.0
0.8854843031175332,0.0,0.164791467,0.27236662,0.0,0.0
0.9459213092946721,0.0,0.140313314,0.186979468,0.0,0.0
0.9541101458155313,0.065110019,0.125722369,0.16369957,0.0,0.0
0.9567891311616377,0.230573525,0.10088474,0.120843986,0.0,0.0
0.9537850795621254,0.31933767049999995,0.0873621755,0.102559117,0.0,0.0
0.9508095569735352,0.256477527,0.087943936,0.08432924550000001,0.0,0.0
0.9543238391922297,0.042350739,0.110498141,0.093285109,0.0,0.0
0.9613634680832704,0.0,0.15934952000000002,0.1314220615,0.0,0.0
0.942631144412883,0.0,0.2560264725,0.23249343900000002,0.0,0.0
0.8297375787084764,0.0,0.36144272899999996,0.34237429750000004,0.0,0.0
0.7316044926426145,0.0,0.497185209,0.441708529,0.0,0.0
0.6764965166345589,0.0,0.623083327,0.571153437,0.0,0.0
0.6834167258771072,0.0,0.7270888563333333,0.7292204873333334,0.0,0.0
0.8775159264766988,0.0,0.814773879,0.84343243,0.0,0.0
0.9417838688710639,0.0,0.8671294265,0.89507417,0.0,0.0
0.9482509969551735,0.124818827,0.88480288,0.904358684,0.0,0.0
0.9450711992460664,0.341163655,0.900837878,0.917555988,0.0,0.0
0.9402048512703083,0.448943734,0.9137237605,0.9286241295,0.0,0.0
0.9377883421147388,0.380657066,0.9181123,0.935155907,0.0,0.0
0.9379487264892403,0.243132619,0.914901082,0.93624182,0.0,0.0
0.9393191256093726,0.038687745,0.912925305,0.936415155,0.0,0.0
0.9441040469355784,0.0,0.9030579925,0.93559127,0.0,0.0
0.925277175121193,0.0,0.8606766050000001,0.9293630295,0.0,0.0
0.816293823382723,0.0,0.804149882,0.918106533,0.0,0.0
0.7205160051023601,0.0,0.6950155035000001,0.8803105995,0.0,0.0
0.6686802033788368,0.0,0.664183553,0.8414342695,0.0,0.0
0.6740950035080323,0.0,0.522265306,0.7550280676666666,0.0,0.0
0.8680803165497032,0.0,0.4393539905,0.6641771335,0.0,0.0
0.9320782847885568,0.0,0.406877561,0.6326895475000001,0.0,0.0
0.9430869688373965,0.004803391,0.344125752,0.605491528,0.0,0.0
0.9416189126754615,0.015837793,0.261115763,0.5097797025,0.0,0.0
0.9406253343248693,0.0303125705,0.2387971605,0.47813678049999997,0.0,0.0
0.9405658531598051,0.0179888325,0.262487194,0.4917068595,0.0,0.0
0.9469424564362623,0.0,0.3182729955,0.5110665485,0.0,0.0
0.9278024511819983,0.0,0.27578257,0.4823104185,0.0,0.0
0.817919977971449,0.0,0.2745789685,0.337133652,0.0,0.0
0.7501506003874961,0.0,0.194503629,0.25523006,0.0,0.0
0.6732548716952562,0.0,0.1518581215,0.21729893774999998,0.0,0.0
0.6805193380138249,0.0,0.1767416825,0.2582656085,0.0,0.0
0.8674652051661214,0.0,0.138866916,0.2466455675,0.0,0.0
0.9294579576574205,0.0,0.115746342,0.19798994050000002,0.0,0.0
0.9399818768329375,0.007760601,0.101657099,0.179147342,0.0,0.0
0.9403380325103152,0.019042463,0.100257866,0.17186373,0.0,0.0
0.9387766168605269,0.026494754333333332,0.12468256533333333,0.22146317899999998,0.0,0.0
0.9395779899014509,0.009890570500000001,0.204245454,0.3268966005,0.0,0.0
0.947266288301687,0.0,0.247521661,0.41494197850000003,0.0,0.0
0.9296726568867852,0.0,0.290351895,0.45227968100000004,0.0,0.0
0.8191079101857229,0.0,0.323335442,0.48509635900000003,0.0,0.0
0.723427314544264,0.0,0.34022805850000004,0.456313835,0.0,0.0
0.671107045154808,0.0,0.383222829,0.49654028149999996,0.0,0.0
0.6784758093178898,0.0,0.41111432600000003,0.5431194386666668,0.0,0.0
0.8722694201496399,0.0,0.42190079700000005,0.562652801,0.0,0.0
0.9355097689228493,0.0,0.43390389949999997,0.5832229065,0.0,0.0
0.9466875696991461,0.026773850000000002,0.42506116549999995,0.5755268265,0.0,0.0
0.9452686772927877,0.09401365066666667,0.4364641186666667,0.566019782,0.0,0.0
0.9454337098402428,0.0616825095,0.4444316215,0.6200656204999999,0.0,0.0
0.951760798766893,0.0,0.4808629995,0.664402841,0.0,0.0
0.9324613235023478,0.0,0.48262512550000003,0.660857179,0.0,0.0
0.820461621620014,0.0,0.490665912,0.6791269200000001,0.0,0.0
0.754306694420895,0.0,0.43973886,0.646799247,0.0,0.0
0.6616273615792249,0.0,0.4829521035,0.690495683,0.0,0.0
0.6405629728493392,0.0,0.49585486074999996,0.7363186549999999,0.0,0.0
0.6946085626111635,0.0,0.5209657265000001,0.7695164265000001,0.0,0.0
0.771622510726538,0.0,0.525676398,0.7839263030000001,0.0,0.0
0.813669427208178,0.010740437,0.536127904,0.796489394,0.0,0.0
0.8180321737982508,0.0290176065,0.6037710885,0.831383448,0.0,0.0
0.8183486448942104,0.053237591,0.5525272695,0.768521076,0.0,0.0
0.8231629181814326,0.0246937145,0.515097938,0.727647028,0.0,0.0
0.8402411983740143,0.0,0.52943364,0.742138569,0.0,0.0
0.8340962715156021,0.0,0.582686791,0.7874872233333333,0.0,0.0
0.7704964828948685,0.0,0.5725189945,0.772013608,0.0,0.0
0.6901479760519423,0.0,0.469609916,0.6843495636666667,0.0,0.0
0.6543478877367205,0.0,0.407379165,0.6391541716666667,0.0,0.0
0.6701894071941268,0.0,0.4083433055,0.671258295,0.0,0.0
0.7592427494332116,0.0,0.42369962499999997,0.72567812,0.0,0.0
0.815896520126311,0.023468459,0.446924738,0.768324761,0.0,0.0
0.8202573464251767,0.056525877,0.437847803,0.738884077,0.0,0.0
0.8204650353554394,0.149435459,0.5362031843333334,0.7509117053333334,0.0,0.0
0.8249522002373209,0.1014481335,0.534601874,0.740059945,0.0,0.0
0.8433762366799489,0.0,0.627326032,0.8124584775,0.0,0.0
0.8326943563474705,0.0,0.7659584245,0.8738620850000001,0.0,0.0
0.7736592500780021,0.0,0.8038551110000001,0.8952379745000001,0.0,0.0
0.7092555661792214,0.0,0.8044634249999999,0.9009462583333333,0.0,0.0
0.6868165492367544,0.0,0.8168625725,0.9210990315,0.0,0.0
0.7035671113487547,0.0,0.875675835,0.930441508,0.0,0.0
0.8837297679424976,0.0,0.9005321515,0.9343134399999999,0.0,0.0
0.9440149851255424,0.0,0.9098084184999999,0.9364810809999999,0.0,0.0
0.9538658203827723,0.02060974,0.912757841,0.937064236,0.0,0.0
0.9530391185933101,0.039857497000000006,0.9135557795,0.9370971815,0.0,0.0
0.9522343623626567,0.039128661,0.9228718695,0.9372994085,0.0,0.0
0.9515631986612563,0.0151161535,0.9242059215,0.9363230425,0.0,0.0
0.9540918580852054,0.0,0.9267673795,0.89560639,0.0,0.0
0.9325744338420104,0.0,0.929026723,0.917740481,0.0,0.0
0.8199487392479767,0.0,0.9251074290000001,0.925522277,0.0,0.0
0.7240460379006248,0.0,0.9091578364999999,0.9374290535,0.0,0.0
0.6724649857187085,0.0,0.887196701,0.9275081789999999,0.0,0.0
0.6785801414241196,0.0,0.80161383,0.916313386,0.0,0.0
0.8683550913589118,0.0,0.7269384175,0.903934764,0.0,0.0
0.9312863299542674,0.0,0.6500937985,0.8793756475000001,0.0,0.0
0.944136324966148,0.056867141,0.61334323,0.862210177,0.0,0.0
0.9431947755227084,0.132199845,0.443959504,0.790388857,0.0,0.0
0.942772829470531,0.162234294,0.369953558,0.700268341,0.0,0.0
0.943128817431477,0.12899900166666667,0.3665882516666666,0.6353097373333333,0.0,0.0
0.9512753481389855,0.0,0.3692289395,0.585198722,0.0,0.0
0.9340757281801186,0.0,0.362312677,0.5225385165,0.0,0.0
0.8223486522061514,0.0,0.3632479125,0.507704879,0.0,0.0
0.7273990443456095,0.0,0.358893376,0.4784406255,0.0,0.0
0.6766013973989585,0.0,0.339796729,0.44297174699999997,0.0,0.0
0.6860874512508953,0.0,0.31680271,0.3920609243333333,0.0,0.0
0.8431720986063003,0.0,0.24923628,0.334945898,0.0,0.0
0.9317445469763052,0.0,0.21110046066666666,0.31290477366666664,0.0,0.0
0.9528442617289747,0.081852867,0.249035128,0.3512718,0.0,0.0
0.952340706198993,0.204775201,0.202956681,0.326170816,0.0,0.0
0.9496495593554038,0.249449264,0.205625063,0.351173657,0.0,0.0
0.9469378387594577,0.2803205655,0.1866557435,0.35035110999999997,0.0,0.0
0.947798875917565,0.1450936455,0.252548837,0.404431571,0.0,0.0
0.9561878271757273,0.0,0.29429244,0.444129666,0.0,0.0
0.9569860912940729,0.0,0.269968999,0.427517335,0.0,0.0
0.9378084587221458,0.0,0.2443264275,0.4252794565,0.0,0.0
0.8245094973815732,0.0,0.27679389050000003,0.42037289349999996,0.0,0.0
0.7310281056948471,0.0,0.29016663249999997,0.4135255175,0.0,0.0
0.6795997341291942,0.0,0.36546427299999995,0.4777917015,0.0,0.0
0.685134593904857,0.0,0.38040231166666666,0.4767858813333333,0.0,0.0
0.8762137409489068,0.0,0.3494724765,0.426781523,0.0,0.0
0.9374163217759346,0.0,0.28310683000000003,0.371916857,0.0,0.0
0.9482509969551735,0.02282842,0.211267852,0.316452216,0.0,0.0
0.9498053717601638,0.079970349,0.1345955055,0.241873828,0.0,0.0
0.9497536171697093,0.072710043,0.16428430766666668,0.2542031896666667,0.0,0.0
0.9536435316999867,0.0170145085,0.130162438,0.22518233199999999,0.0,0.0
0.9568991325291751,0.0,0.08738948,0.188263164,0.0,0.0
0.9375621215097335,0.0,0.0682620375,0.138167369,0.0,0.0
0.8236407793559195,0.0,0.062115703999999994,0.100294229,0.0,0.0
0.7611466657195827,0.0,0.058457185,0.088361002,0.0,0.0
0.6929306077992405,0.0,0.058511328,0.062498567,0.0,0.0
0.6880021497962547,0.0,0.037722898750000004,0.044757719,0.0,0.0
0.8805907520072804,0.0,0.042309102,0.056095739,0.0,0.0
0.9437363699568808,0.0,0.060081844,0.076083021,0.0,0.0
0.9537005897218309,0.08184791,0.080017198,0.094852696,0.0,0.0
0.9525784937380608,0.21720654099999998,0.0769632845,0.120736406,0.0,0.0
0.949465446549357,0.327495197,0.092273878,0.146186039,0.0,0.0
0.9493101370709304,0.16686924749999998,0.103545417,0.18400978550000002,0.0,0.0
0.9562554920603509,0.001393986,0.142921781,0.230269618,0.0,0.0
0.9560038514165488,0.0,0.176815653,0.270326569,0.0,0.0
0.9356412584812843,0.0,0.200499955,0.3167358645,0.0,0.0
0.8227009673754353,0.0,0.20328197399999998,0.3242547995,0.0,0.0
0.7162812047700184,0.0,0.2112560015,0.3083384105,0.0,0.0
0.650824370015776,0.0,0.207260564,0.31914695800000004,0.0,0.0
0.6423607891818569,0.0,0.20003165233333334,0.315101359,0.0,0.0
0.6968078122729593,0.0,0.2317983575,0.325651169,0.0,0.0
0.7728834800032206,0.000620066,0.25381081,0.37004831800000004,0.0,0.0
0.8135338228992716,0.108196453,0.250696144,0.364392814,0.0,0.0
0.8167335545361748,0.198880391,0.237988694,0.349955103,0.0,0.0
0.8161071503122674,0.280945629,0.2554828375,0.33515943150000005,0.0,0.0
0.8141381445918222,0.190007288,0.27880619,0.324754355,0.0,0.0
0.8192179572603234,0.0975785605,0.21784331550000002,0.293375143,0.0,0.0
0.8388173072747926,0.0006912295,0.20466200099999998,0.29013469599999997,0.0,0.0
0.8271127253146613,0.0,0.19402608100000002,0.292417094,0.0,0.0
0.765817791025861,0.0,0.14792801900000002,0.23153500500000002,0.0,0.0
0.6937638931151364,0.0,0.0789797805,0.1046387725,0.0,0.0
0.6521446833363338,0.0,0.069482038,0.10400395200000001,0.0,0.0
0.6434672643247501,0.0,0.064117181,0.1029213225,0.0,0.0
0.6619235330908846,0.0,0.04585124,0.063225538,0.0,0.0
0.7389652101577786,0.0,0.035492425499999994,0.037609224999999996,0.0,0.0
0.795581109737439,0.001883862,0.032268124,0.025109781,0.0,0.0
0.8157454626681854,0.178867372,0.032308948,0.019269209,0.0,0.0
0.8189251689631665,0.33517390950000003,0.0294985305,0.0254158875,0.0,0.0
0.8158409708834664,0.355734448,0.040516724000000004,0.022318817499999997,0.0,0.0
0.8221924740705675,0.1940357695,0.0523770165,0.0345325025,0.0,0.0
0.8430899405694203,0.0010556,0.0930826585,0.090750581,0.0,0.0
0.8324024824145337,0.0,0.1761083055,0.205801285,0.0,0.0
0.772888189094151,0.0,0.2760370465,0.328482501,0.0,0.0
0.7116692636443757,0.0,0.3254806385,0.4337489575,0.0,0.0
0.685968039306954,0.0,0.379322794,0.4989705165,0.0,0.0
0.6933953321692736,0.0,0.45504686066666666,0.6057297519999999,0.0,0.0
0.8811201850182904,0.0,0.520501193,0.701738872,0.0,0.0
0.9428455693255499,0.000556437,0.526330126,0.746360758,0.0,0.0
0.9529293002026653,0.017591552,0.515055652,0.768320887,0.0,0.0
0.9529918902655343,0.06779679699999999,0.5160036195,0.743705839,0.0,0.0
0.9518171710341522,0.091644733,0.494138299,0.711993832,0.0,0.0
0.9517226686715377,0.064173226,0.3568865945,0.6451648105,0.0,0.0
0.9571699754904845,0.001753597,0.351057048,0.608666867,0.0,0.0
0.9568991325291751,0.0,0.3025865,0.561515975,0.0,0.0
0.9542588260604612,0.0,0.245355012,0.51751434,0.0,0.0
0.8830257319443888,0.0,0.2228705255,0.47483490100000003,0.0,0.0
0.7981975507277392,0.0,0.192779433,0.45770122,0.0,0.0
0.7274280990992362,0.0,0.1293338665,0.311310339,0.0,0.0
0.6758082081766879,0.0,0.13285186999999998,0.2999122105,0.0,0.0
0.685081376366333,0.0,0.20649748166666668,0.3534197266666667,0.0,0.0
0.8777550856735774,0.0,0.302812389,0.5298212275,0.0,0.0
0.9420665074503912,0.0006587965,0.44007376649999996,0.6664948165,0.0,0.0
0.9526977761662705,0.029403846,0.526626626,0.750207818,0.0,0.0
0.949725499596674,0.056108621,0.5438615805,0.7657074275,0.0,0.0
0.9469556694191542,0.0682004955,0.584494846,0.7992646805000001,0.0,0.0
0.944271243446149,0.0436719505,0.6695711735000001,0.8506659385,0.0,0.0
0.9462055936998676,0.001663284,0.762719558,0.896591008,0.0,0.0
0.9447813369441422,0.0,0.825677687,0.918491189,0.0,0.0
0.9244232244901733,0.0,0.8720078065,0.9318025375,0.0,0.0
0.8154844036938815,0.0,0.898542583,0.9368133160000001,0.0,0.0
0.698047773344839,0.0,0.9144781463333334,0.937459304,0.0,0.0
0.6509706270431656,0.0,0.8948469283333335,0.937276618,0.0,0.0
0.6835393001304675,0.0,0.831183467,0.934577234,0.0,0.0
0.8273025531386256,0.0,0.757247758,0.920584255,0.0,0.0
0.912308812193964,0.0008914025,0.8060724895,0.9205555475,0.0,0.0
0.9214678185089903,0.024106207,0.85745572,0.931541457,0.0,0.0
0.9197316625527269,0.030150594,0.879656752,0.923630084,0.0,0.0
0.9089010564168963,0.0329023745,0.8917845415,0.896039403,0.0,0.0
0.8979321027308582,0.029030135,0.893978996,0.8003330815,0.0,0.0
0.8963375862738204,0.017184067,0.900351999,0.880004469,0.0,0.0
0.9034252205870273,0.001212389,0.905312339,0.924321972,0.0,0.0
0.9059114521882571,0.0,0.908510919,0.935515315,0.0,0.0
0.8976998472328153,0.0,0.904241663,0.937375449,0.0,0.0
0.8162169230701697,0.0,0.8920685015,0.93691525,0.0,0.0
0.7129041955024698,0.0,0.8705283085,0.9342175735,0.0,0.0
0.6564830385071007,0.0,0.854599748,0.922778369,0.0,0.0
0.6680798593155688,0.0,0.837253026,0.9274566015000001,0.0,0.0
0.8363320816005497,0.0,0.8301817739999999,0.9319575904999999,0.0,0.0
0.914269725534655,0.0013812855,0.814328099,0.932071179,0.0,0.0
0.9248562804801042,0.17567228,0.783239821,0.927113665,0.0,0.0
0.9239582104934339,0.3879372515,0.7535385025,0.913995799,0.0,0.0
0.9216660586621492,0.404165473,0.713363108,0.8897686125,0.0,0.0
0.9217467079943498,0.239348364,0.6459743645,0.8372441535,0.0,0.0
0.9297236342342086,0.002438861,0.5944185799999999,0.7898192765000001,0.0,0.0
0.8891174259542692,0.0,0.5306764696666667,0.745252659,0.0,0.0
0.7675235890941212,0.0,0.44114821,0.6827178315,0.0,0.0
0.6716821062013744,0.0,0.31789381499999997,0.5557855146666667,0.0,0.0
0.6711524142579948,0.0,0.22385279766666666,0.408097797,0.0,0.0
0.865974883495937,0.0,0.189252235,0.332703847,0.0,0.0
0.9287329363204271,0.0014908125,0.19845287550000001,0.3492750515,0.0,0.0
0.9384830056380493,0.144387958,0.177825952,0.352268434,0.0,0.0
0.9391671535640655,0.212514215,0.162790405,0.356172948,0.0,0.0
0.9349773185520277,0.25493672866666667,0.2026716966666667,0.3392350583333333,0.0,0.0
0.9324732563158749,0.1540165665,0.17290082899999998,0.319833579,0.0,0.0
0.9390510258150441,0.0030371845,0.18125724999999998,0.3190637145,0.0,0.0
0.920916303040944,0.0,0.21706985299999998,0.37117134549999997,0.0,0.0
0.8159417825301372,0.0,0.254586883,0.435813876,0.0,0.0
0.7083726293923296,0.0,0.29677752749999997,0.4846779795,0.0,0.0
0.6425002035027083,0.0,0.2646167345,0.44679249099999996,0.0,0.0
0.6407075724940343,0.0,0.22207711525,0.36860859850000005,0.0,0.0
0.7286460005056774,0.0,0.184619814,0.2859331165,0.0,0.0
0.7856354521681538,0.00294566,0.208136808,0.299747894,0.0,0.0
0.8068309646141697,0.117105714,0.24960939,0.360581187,0.0,0.0
0.8068248382326859,0.192140091,0.37295989100000004,0.503515712,0.0,0.0
0.80239716985065,0.241098156,0.541751678,0.648732495,0.0,0.0
0.8006148372006605,0.169588698,0.63872861,0.768752099,0.0,0.0
0.816695104342738,0.035729611499999994,0.7281823695,0.8374018894999999,0.0,0.0
0.8274869859684335,0.0,0.812552371,0.895353211,0.0,0.0
0.8184392611159887,0.0,0.88757592,0.9143044485,0.0,0.0
0.7607189132353618,0.0,0.922595337,0.936890487,0.0,0.0
0.6730084316233721,0.0,0.9196999683333332,0.937397968,0.0,0.0
0.6261631293323076,0.0,0.9116588117500001,0.93653365275,0.0,0.0
0.6709601938612797,0.0,0.923103329,0.9366629485,0.0,0.0
0.7528742766133407,0.0027644205,0.9304206445000001,0.9300186015,0.0,0.0
0.7919710906938283,0.132006216,0.932203833,0.910461732,0.0,0.0
0.7953524660635344,0.2674666315,0.9149327190000001,0.9224473535,0.0,0.0
0.7906081437572872,0.4248482135,0.9155944285,0.9176802115,0.0,0.0
0.7963362146457377,0.30367672199999995,0.9118124775,0.9265421385,0.0,0.0
0.8195988014405293,0.0040347925,0.8562433885,0.9250054345000001,0.0,0.0
0.8130239580109133,0.0,0.7437174965,0.9005445624999999,0.0,0.0
0.7569932235133592,0.0,0.6234756015,0.8767184205,0.0,0.0
0.6843838477409934,0.0,0.5263990676666667,0.8277650080000001,0.0,0.0
0.6519349446982263,0.0,0.653774926,0.777269722,0.0,0.0
0.6665796166115106,0.0,0.822103577,0.74750606,0.0,0.0
0.8227917207927229,0.0,0.8980818665,0.882235171,0.0,0.0
0.908296094751144,0.0,0.9267383985,0.9289923545000001,0.0,0.0
0.919759734418699,0.006973391,0.931649124,0.9333491,0.0,0.0
0.9194187577224833,0.059602338,0.9223524805,0.9367043315000001,0.0,0.0
0.9198898981007065,0.16369973300000001,0.8926002685000001,0.934813592,0.0,0.0
0.9223248322564316,0.1144848145,0.8904300025,0.932665337,0.0,0.0
0.9298438310266384,0.008855256,0.89359936,0.934309337,0.0,0.0
0.9336789734827823,0.0,0.898507128,0.936277761,0.0,0.0
0.9189439139573551,0.0,0.912156909,0.9371887555,0.0,0.0
0.815049290365875,0.0,0.9237562509999999,0.9374699049999999,0.0,0.0
0.7464947244509592,0.0,0.925657838,0.937492832,0.0,0.0
0.6789522989336594,0.0,0.9222934325000001,0.937388017,0.0,0.0
0.6648943351803587,0.0,0.89722603625,0.9359429255,0.0,0.0
0.8548890248921663,0.0,0.8687941955,0.9328651029999999,0.0,0.0
0.9256883771894024,0.0039408765,0.8294533,0.9346217815,0.0,0.0
0.9344108528115486,0.195269862,0.792492103,0.930658333,0.0,0.0
0.9299804868952743,0.311624369,0.774698527,0.9270564640000001,0.0,0.0
0.925468008649183,0.45922727750000003,0.7623001629999999,0.9166966005,0.0,0.0
0.9244105144336147,0.309735114,0.694612251,0.898680903,0.0,0.0
0.9290280106396149,0.198919868,0.606146737,0.875571704,0.0,0.0
0.9387719534271124,0.006358256,0.5729069965,0.8514072845,0.0,0.0
0.9234744057657149,0.0,0.5584015415,0.8279085344999999,0.0,0.0
0.8406816609147938,0.0,0.575187241,0.840905612,0.0,0.0
0.7702986769959678,0.0,0.6177316605000001,0.856831699,0.0,0.0
0.6822707871817475,0.0,0.6531750789999999,0.8686054750000001,0.0,0.0
0.6620615148359481,0.0,0.685224287,0.8588806075,0.0,0.0
0.6802669201269915,0.0,0.73532184,0.8734191275000001,0.0,0.0
0.8682063654812393,0.0,0.78413127,0.9019710350000001,0.0,0.0
0.932338520738446,0.0008512685,0.8436730345,0.9234230985,0.0,0.0
0.9440734148051974,0.010545036,0.863412543,0.934511772,0.0,0.0
0.9388662729614752,0.016445181,0.839304994,0.934341522,0.0,0.0
0.9290219755979364,0.0351628575,0.8388865565000001,0.9276977475,0.0,0.0
0.9243093826888625,0.0362780045,0.858991736,0.9194124845,0.0,0.0
0.9358762572206285,0.006320257,0.839078601,0.917801983,0.0,0.0
0.9383376173421374,0.0,0.775000703,0.920258039,0.0,0.0
0.924600067940881,0.0,0.7808841950000001,0.9104173065000001,0.0,0.0
0.8175342874304828,0.0,0.813029777,0.917260186,0.0,0.0
0.734882770417939,0.0,0.7787863880000001,0.9017604785,0.0,0.0
0.6981931616605699,0.0,0.834899453,0.920438446,0.0,0.0
0.8924164909054453,0.0,0.8171462615,0.9193712085,0.0,0.0
0.9692171343399574,0.0065713065,0.8033415294999999,0.9186244960000001,0.0,0.0
0.9723324216949882,0.243207065,0.778948146,0.918011804,0.0,0.0
0.96978693761265,0.350736186,0.748950164,0.898912394,0.0,0.0
0.967022639476155,0.37320404900000004,0.681445334,0.8743472075000001,0.0,0.0
0.9673420365673472,0.2565370645,0.781313394,0.8517660275,0.0,0.0
0.9759630147139171,0.024829971,0.773415441,0.820921071,0.0,0.0
0.9766428651355307,0.0,0.753692231,0.771707884,0.0,0.0
0.9583643541100034,0.0,0.670596118,0.7369483514999999,0.0,0.0
0.8519398367065931,0.0,0.569468059,0.7320650885,0.0,0.0
0.7515583066528895,0.0,0.5124308385,0.8115689145,0.0,0.0
0.6910908056151994,0.0,0.47382410649999995,0.7880797390000001,0.0,0.0
0.6978119211840252,0.0,0.454104361,0.727498587,0.0,0.0
0.8922693195881559,0.0,0.455859536,0.6485058029999999,0.0,0.0
0.9699216274830158,0.001819525,0.5119882035,0.6363202795,0.0,0.0
0.974357708342887,0.041695017,0.526299249,0.653813821,0.0,0.0
0.9741975069452781,0.09905429,0.504620011,0.635118974,0.0,0.0
0.9738311100616247,0.142996234,0.476892379,0.649680327,0.0,0.0
0.9744959643303281,0.1368738665,0.4437643975,0.6409719345,0.0,0.0
0.9771105765178676,0.084849672,0.443271211,0.625721689,0.0,0.0
0.9826872698501111,0.058480494,0.450922063,0.633136299,0.0,0.0
0.990187386400892,0.008203349,0.434072823,0.621979626,0.0,0.0
0.9907127045871101,0.0,0.42441623,0.601673904,0.0,0.0
0.9740229495166015,0.0,0.4032588745,0.5806306815,0.0,0.0
0.8674399221741931,0.0,0.359772341,0.5691310995000001,0.0,0.0
0.806509098747015,0.0,0.34665526,0.574629476,0.0,0.0
0.7137406888843945,0.0,0.28585196166666665,0.5283469143333334,0.0,0.0
0.7093081322744244,0.0,0.26162470400000004,0.5131916292500001,0.0,0.0
0.7898474611752211,0.0,0.221704824,0.49228100399999997,0.0,0.0
0.8431892892184748,0.005926077,0.261767073,0.532925872,0.0,0.0
0.8572461442967976,0.054895542,0.305984452,0.572702151,0.0,0.0
0.8578058435587237,0.101301462,0.344693369,0.606382239,0.0,0.0
0.8583563989554869,0.13947824649999999,0.34955215100000003,0.6004692229999999,0.0,0.0
0.858723298691153,0.0893703975,0.39570157,0.6117423635,0.0,0.0
0.8670256569152416,0.063266088,0.391228506,0.637338428,0.0,0.0
0.8797229941272302,0.007224022,0.42445280350000003,0.6624345045,0.0,0.0
0.852872638387975,0.0,0.513710784,0.7065588213333335,0.0,0.0
0.760663013398287,0.0,0.6134440913333333,0.734529851,0.0,0.0
0.6988436142951913,0.0,0.6753291625,0.7645974185,0.0,0.0
0.6898927807611844,0.0,0.7128015037500001,0.8165820932499999,0.0,0.0
0.7793575574189084,0.0,0.7503416395,0.875674013,0.0,0.0
0.8380599164187833,0.015878426,0.744226281,0.898933049,0.0,0.0
0.854020992695418,0.14039715,0.729218236,0.898159157,0.0,0.0
0.8562186420897677,0.230778073,0.705596849,0.863274312,0.0,0.0
0.8557258154071605,0.28880392800000004,0.6274537153333333,0.8097445436666667,0.0,0.0
0.8608484368401191,0.16131664950000002,0.5395430025,0.7636190275,0.0,0.0
0.8777693959232616,0.026923897,0.502574973,0.760431328,0.0,0.0
0.8790041907344874,0.0,0.496512644,0.76999236,0.0,0.0
0.8655357468315851,0.0,0.4760245765,0.735027453,0.0,0.0
0.8121407926887068,0.0,0.41009340250000004,0.6242293635,0.0,0.0
0.7480521472110038,0.0,0.3024983763333333,0.448340779,0.0,0.0
0.7284709478304451,0.0,0.25294139833333334,0.3426607263333333,0.0,0.0
0.8326061174875286,0.0,0.22004494200000002,0.2809061845,0.0,0.0
0.9771535072669203,0.0,0.171415451,0.205227006,0.0,0.0
0.9981930701869876,0.031558726,0.154040446,0.171303252,0.0,0.0
0.9921118156207367,0.207528504,0.124258791,0.137086582,0.0,0.0
0.9904007140467666,0.32081075000000003,0.09308813199999999,0.08247527399999999,0.0,0.0
0.9886865492820542,0.3624310785,0.073081329,0.0509969525,0.0,0.0
0.9891935338079222,0.294803396,0.052396853,0.041688151,0.0,0.0
0.989941140676926,0.176893605,0.040204024,0.04543163,0.0,0.0
0.9976980185489672,0.043570879,0.044060639,0.050464553,0.0,0.0
0.9983462309132127,0.0,0.051640578,0.04166131,0.0,0.0
0.9790355543711086,0.0,0.059163011,0.0301434805,0.0,0.0
0.8716530742294362,0.0,0.0558785985,0.018133145,0.0,0.0
0.7823877149604433,0.0,0.051130783,0.016342331,0.0,0.0
0.7354296225021177,0.0,0.04873256199999999,0.0203657995,0.0,0.0
0.7470420642257837,0.0,0.048756348000000005,0.03160870633333333,0.0,0.0
0.9254629795344914,0.0,0.0518501055,0.042240067,0.0,0.0
0.9962500789201187,0.0114283095,0.052408503499999995,0.036241735,0.0,0.0
0.9931641891588467,0.187108211,0.049259558,0.051922415,0.0,0.0
0.9902562401150747,0.2885369755,0.0704400405,0.100830642,0.0,0.0
0.9885282223199484,0.2981978305,0.060564412,0.0912248255,0.0,0.0
0.9897034444776638,0.148368418,0.049531471,0.0803145455,0.0,0.0
0.9978708385146885,0.023160802,0.0573874685,0.075631726,0.0,0.0
0.978790405913935,0.0,0.07692573750000001,0.0896821475,0.0,0.0
0.8706093873372189,0.0,0.115813607,0.123024213,0.0,0.0
0.8102997103353012,0.0,0.130479531,0.131776506,0.0,0.0
0.7396203414565475,0.0,0.15346754599999998,0.2222370393333333,0.0,0.0
0.7472541878559582,0.0,0.18204303300000002,0.29688581,0.0,0.0
0.8928138856503035,0.0,0.209592221,0.298335972,0.0,0.0
0.9766487629073795,0.0,0.2249290455,0.30513675650000005,0.0,0.0
0.9975609511681239,0.049745642,0.241169744,0.340528574,0.0,0.0
0.9908807696805175,0.331618784,0.247379323,0.372908881,0.0,0.0
0.989026108613396,0.498013813,0.222708435,0.442935081,0.0,0.0
0.986358370326232,0.6041712543333334,0.296588943,0.459974774,0.0,0.0
0.9832642511383376,0.498199572,0.288552583,0.386311651,0.0,0.0
0.9861134962600768,0.341520624,0.27623489,0.355089897,0.0,0.0
0.9941825474263931,0.094554751,0.311769957,0.382108908,0.0,0.0
0.9949382923822139,0.0,0.328416519,0.421018676,0.0,0.0
0.975947927295522,0.0,0.32535112,0.470198369,0.0,0.0
0.8669774227347995,0.0,0.2994539525,0.458136022,0.0,0.0
0.7765097296620429,0.0,0.3014249305,0.4468516545,0.0,0.0
0.7280089437119277,0.0,0.31254862299999997,0.432767117,0.0,0.0
0.739408949288021,0.0,0.3495953236666667,0.4530369763333333,0.0,0.0
0.8873460050046793,0.0,0.377330308,0.475404373,0.0,0.0
0.9734683707834928,0.0,0.3966348495,0.5044382075,0.0,0.0
0.9940417310259025,0.050137163,0.413341805,0.538894785,0.0,0.0
0.9902547770431379,0.290443366,0.416763895,0.562178581,0.0,0.0
0.9853369032352011,0.454380813,0.396936087,0.608194055,0.0,0.0
0.9786228587843606,0.5719742686666667,0.41725348833333337,0.5976166496666667,0.0,0.0
0.9759825826879281,0.485874376,0.403551634,0.590114999,0.0,0.0
0.9811816320775759,0.331461258,0.436534632,0.608108891,0.0,0.0
0.9906945995363953,0.136554355,0.451784418,0.620246458,0.0,0.0
0.9947032935685491,0.0,0.471744149,0.633231755,0.0,0.0
0.9759532764339747,0.0,0.5178198695,0.654980933,0.0,0.0
0.8672119185478103,0.0,0.5654242505,0.69707705,0.0,0.0
0.7771662172342944,0.0,0.5441583999999999,0.7097051894999999,0.0,0.0
0.7294707591875613,0.0,0.596478831,0.7508215899999999,0.0,0.0
0.7411531213465062,0.0,0.6165821823333334,0.7635252516666666,0.0,0.0
0.8887843434004535,0.0,0.632952388,0.770405791,0.0,0.0
0.9758548878562034,0.0,0.6243002165,0.7611270765,0.0,0.0
0.9949176269927696,0.045390548,0.622029812,0.765561704,0.0,0.0
0.9902180184569526,0.217599169,0.615727586,0.774486927,0.0,0.0
0.9873858268261988,0.31649358699999997,0.55193903,0.7882283779999999,0.0,0.0
0.9849375882486826,0.31738014633333334,0.5223599986666666,0.7772106603333334,0.0,0.0
0.9925955288600093,0.111430612,0.498187304,0.741789518,0.0,0.0
0.9950640211413481,0.0,0.541491681,0.752055263,0.0,0.0
0.9756778616515644,0.0,0.5371514855,0.7589747675,0.0,0.0
0.8676398540089238,0.0,0.4716981475,0.7166841205000001,0.0,0.0
0.8073550941194697,0.0,0.373727742,0.643830394,0.0,0.0
0.7175409167680282,0.0,0.32192778850000003,0.556810238,0.0,0.0
0.7015271945760515,0.0,0.3239099385,0.5021937535000001,0.0,0.0
0.7106372885119606,0.0,0.33789870066666666,0.5011364733333333,0.0,0.0
0.7868601428942926,0.0,0.3853869725,0.562481805,0.0,0.0
0.8415282049206445,0.054556573,0.402523086,0.608648114,0.0,0.0
0.8547078837884152,0.155281845,0.37995232,0.611117009,0.0,0.0
0.8546633072134944,0.220484156,0.3437109315,0.5847785670000001,0.0,0.0
0.8536822104584665,0.1904052295,0.32623296749999997,0.5289166265,0.0,0.0
0.8587437353223213,0.162842251,0.336592341,0.534366771,0.0,0.0
0.8766904134424753,0.030077202,0.405538954,0.5865032525,0.0,0.0
0.8742716640462582,0.0,0.470835493,0.637558168,0.0,0.0
0.8227281858199379,0.0,0.532194945,0.684005018,0.0,0.0
0.7344913878240675,0.0,0.5655753065,0.692811371,0.0,0.0
0.6862083415520082,0.0,0.6454903185,0.7511832574999999,0.0,0.0
0.6797215768589728,0.0,0.76438403525,0.8407513135,0.0,0.0
0.7703377901276183,0.0,0.8654965889999999,0.9040604995,0.0,0.0
0.8296109355108017,0.014741278,0.885392042,0.925981584,0.0,0.0
0.8494940212970703,0.033114429,0.889920737,0.93232169,0.0,0.0
0.8529987482870351,0.0393094905,0.8757884125,0.9350547235,0.0,0.0
0.8530866213418327,0.0576577845,0.8981736389999999,0.9356184009999999,0.0,0.0
0.8528063144915992,0.087996245,0.9046454955000001,0.9344401375,0.0,0.0
0.8669252110737155,0.0241630805,0.9093903649999999,0.9161671075,0.0,0.0
0.8414781571979025,0.0,0.913831008,0.8725000793333333,0.0,0.0
0.7647607997366259,0.0,0.911778583,0.8584668934999999,0.0,0.0
0.7044384583108922,0.0,0.914883703,0.8953970315,0.0,0.0
0.686637899997845,0.0,0.908574053,0.900148066,0.0,0.0
0.7931133032850057,0.0,0.8988740745,0.9186051325,0.0,0.0
0.9506124597199113,0.0,0.898556107,0.9306686125,0.0,0.0
0.9750499945043611,0.039129974,0.898009292,0.932086627,0.0,0.0
0.9751247002090092,0.097031934,0.89816348,0.935528939,0.0,0.0
0.9741975069452781,0.15557673,0.879800139,0.936785406,0.0,0.0
0.972464368547014,0.221379453,0.868747294,0.936368383,0.0,0.0
0.9699520767851451,0.336647241,0.848597235,0.9354962495,0.0,0.0
0.9699489678130198,0.316182597,0.823324659,0.934535683,0.0,0.0
0.9803181718505692,0.139745278,0.772807938,0.930103424,0.0,0.0
0.9821315024360842,0.001525005,0.729221352,0.920244028,0.0,0.0
0.9645785156738835,0.0,0.664307127,0.8971948475,0.0,0.0
0.8576320633730785,0.0,0.6141412305,0.869773739,0.0,0.0
0.7587458841042508,0.0,0.610354034,0.8600765925,0.0,0.0
0.7004078188685703,0.0,0.5409892665,0.8038986035,0.0,0.0
0.71459407557201,0.0,0.4313936086666667,0.6610187973333334,0.0,0.0
0.8735639247355651,0.0,0.407568917,0.587728822,0.0,0.0
0.9629047670265576,0.0,0.4025626115,0.5770827005,0.0,0.0
0.985024089744763,0.110960644,0.380054534,0.579426635,0.0,0.0
0.9826461221967563,0.278839925,0.33897984,0.555355639,0.0,0.0
0.9788219981899193,0.4439401675,0.313557442,0.5209610845,0.0,0.0
0.9742544735529963,0.49857240300000005,0.29866444999999997,0.4763163355,0.0,0.0
0.9738553414195033,0.365438346,0.268111675,0.424271227,0.0,0.0
0.9823773823549058,0.174828176,0.276608579,0.414824352,0.0,0.0
0.9861230058560638,0.001293157,0.315756854,0.439865686,0.0,0.0
0.96917292342154,0.0,0.36175657299999997,0.49422512,0.0,0.0
0.860616044146567,0.0,0.397084354,0.5260205405,0.0,0.0
0.7999926848484132,0.0,0.380917575,0.471421605,0.0,0.0
0.7276178812161376,0.0,0.36101762849999997,0.44851086250000005,0.0,0.0
0.7208020649482494,0.0,0.3135503003333333,0.404512979,0.0,0.0
0.8264810177336845,0.0,0.30353297850000005,0.3971495065,0.0,0.0
0.9719717856106356,0.0,0.3901091135,0.46438345150000004,0.0,0.0
0.9914595798458251,0.198524262,0.389147378,0.513799243,0.0,0.0
0.9820368628036399,0.457607134,0.391986321,0.53200592,0.0,0.0
0.9739714691685247,0.6704509665,0.36869765899999996,0.5512199275,0.0,0.0
0.9693885370894455,0.744767849,0.49691428849999997,0.5884247525,0.0,0.0
0.9689732202707647,0.645960694,0.543478424,0.641933551,0.0,0.0
0.9730593633231888,0.484205126,0.578095897,0.672523745,0.0,0.0
0.9824555628368237,0.25192021,0.639597945,0.708545281,0.0,0.0
0.9866047990270906,0.002006854,0.714488943,0.762967399,0.0,0.0
0.9672794921372208,0.0,0.806853611,0.8362954055,0.0,0.0
0.8574509680507107,0.0,0.8549964459999999,0.8791782619999999,0.0,0.0
0.7394758371278009,0.0,0.8608071760000001,0.8886787979999999,0.0,0.0
0.7079756118608013,0.0,0.8807742245,0.9077634017499999,0.0,0.0
0.9093304091685632,0.0,0.8977982170000001,0.9202084850000001,0.0,0.0
0.9834139370129726,0.0092659525,0.909785757,0.9266706295,0.0,0.0
0.9840654412519158,0.054293572,0.912588922,0.929570912,0.0,0.0
0.9831923798661554,0.076450933,0.872921197,0.931236232,0.0,0.0
0.9829702131184179,0.09084696933333335,0.8906185793333333,0.9337811666666668,0.0,0.0
0.9844311065996008,0.0534438575,0.8713533035000001,0.934956535,0.0,0.0
0.990632512325539,0.013235793000000001,0.8443325345,0.932915044,0.0,0.0
0.970241070281271,0.0,0.744470518,0.9064880040000001,0.0,0.0
0.8603719472491227,0.0,0.591365661,0.864609454,0.0,0.0
0.7598197002005158,0.0,0.508101679,0.7788981925,0.0,0.0
0.6993660750096109,0.0,0.5089406545,0.7177108864999999,0.0,0.0
0.7096950229168811,0.0,0.5040244323333333,0.6701679453333335,0.0,0.0
0.867352460631603,0.0,0.522370806,0.672928834,0.0,0.0
0.958015056498719,0.0,0.5354893095,0.6810721099999999,0.0,0.0
0.9766014430911574,0.146231983,0.558108097,0.6835705,0.0,0.0
0.9736764864121035,0.23830631,0.58269337,0.680421283,0.0,0.0
0.9688702597232519,0.3551694085,0.654071606,0.6821517775,0.0,0.0
0.9647206579508016,0.38293666299999995,0.673271492,0.717194289,0.0,0.0
0.9630409200431808,0.317243134,0.615284452,0.709246714,0.0,0.0
0.9642474601601826,0.251268114,0.569858559,0.700656621,0.0,0.0
0.9733467567005096,0.133796308,0.491526032,0.66964129,0.0,0.0
0.9737731376012398,0.0015235445,0.38249892399999996,0.6028866225,0.0,0.0
0.9082912485390247,0.0,0.3352960815,0.5425137904999999,0.0,0.0
0.8073975218678686,0.0,0.312706006,0.48127796450000004,0.0,0.0
0.6761295255095403,0.0,0.224103076,0.3384802283333333,0.0,0.0
0.6619201040949982,0.0,0.12393760000000001,0.17116057099999998,0.0,0.0
0.6831365104657732,0.0,0.07900629149999999,0.1001875405,0.0,0.0
0.7692859422578924,0.0,0.046124991500000004,0.06349405350000001,0.0,0.0
0.8291274964395862,0.08997213,0.031783432,0.04113707,0.0,0.0
0.8435448048483303,0.128678679,0.030714861,0.038219911,0.0,0.0
0.8424733203325184,0.242809849,0.029196502,0.048751472000000004,0.0,0.0
0.8381586708264726,0.30242087033333337,0.045965789,0.06326750333333334,0.0,0.0
0.8560266655136021,0.15765246249999998,0.049807449000000004,0.071777943,0.0,0.0
0.8660307986182462,0.00514994,0.064818633,0.081483019,0.0,0.0
0.8426073702296826,0.0,0.09447581599999999,0.124503083,0.0,0.0
0.7693792559395888,0.0,0.1399411725,0.21097163800000002,0.0,0.0
0.683199359683973,0.0,0.19276844766666668,0.296256554,0.0,0.0
0.6827004027304462,0.0,0.25171680525,0.37465455175,0.0,0.0
0.7739281727481044,0.0,0.331643119,0.49177593750000004,0.0,0.0
0.8299346301063968,0.045818207,0.366195308,0.570298988,0.0,0.0
0.8462395633674168,0.1330599615,0.396197645,0.60110036,0.0,0.0
0.8456952716219672,0.22407850099999999,0.4532564375,0.6363898865,0.0,0.0
0.8428281958405315,0.2263732125,0.39199457699999996,0.6359643785,0.0,0.0
0.85094607567639,0.151608413,0.34505236,0.605584275,0.0,0.0
0.8653916386307172,0.099004085,0.363185908,0.599913832,0.0,0.0
0.8676697546033364,0.0029793375,0.3774004405,0.591258039,0.0,0.0
0.8168609292945915,0.0,0.370478676,0.5674330633333334,0.0,0.0
0.7373765456912063,0.0,0.30058013250000004,0.4621370285,0.0,0.0
0.70080978550885,0.0,0.232184213,0.33354956049999995,0.0,0.0
0.7144780391875676,0.0,0.14700492866666667,0.18823095666666667,0.0,0.0
0.874321681248078,0.0,0.118413286,0.13196291,0.0,0.0
0.9639586951250507,0.0,0.1111155365,0.1255140125,0.0,0.0
0.9855012194576018,0.067958217,0.099981423,0.126927528,0.0,0.0
0.9821613116163709,0.146771737,0.086790311,0.124218988,0.0,0.0
0.9766294235430036,0.225102366,0.094843472,0.12862182,0.0,0.0
0.9717508989331688,0.2504788576666666,0.09475802100000001,0.126449493,0.0,0.0
0.9698731646929383,0.138091496,0.095238183,0.127577983,0.0,0.0
0.97340966686146,0.094859916,0.095749456,0.136316422,0.0,0.0
0.9815627963558634,0.02175293,0.1130567155,0.1847150705,0.0,0.0
0.96476217126066,0.0,0.130726893,0.30125764850000003,0.0,0.0
0.8576320633730785,0.0,0.14682082200000002,0.39085989499999996,0.0,0.0
0.7600734439637767,0.0,0.1648248935,0.40138696250000006,0.0,0.0
0.699660463425573,0.0,0.21865551049999998,0.424499972,0.0,0.0
0.7099239561927186,0.0,0.2544247783333333,0.460186401,0.0,0.0
0.868908024043191,0.0,0.285771102,0.48064212,0.0,0.0
0.9606576489894639,0.0008820235,0.3049083375,0.47596984099999995,0.0,0.0
0.9837009646594695,0.130863128,0.320730249,0.465239937,0.0,0.0
0.9793418756749183,0.252034915,0.336912811,0.438762819,0.0,0.0
0.9756246440634936,0.31934206600000004,0.333612352,0.427199808,0.0,0.0
0.9725394857638694,0.44721515749999996,0.2144184275,0.2636175435,0.0,0.0
0.9723886568410586,0.420818538,0.174936289,0.194582055,0.0,0.0
0.9744511591457722,0.340319632,0.163080082,0.174284925,0.0,0.0
0.98279032181175,0.216155033,0.159902769,0.173063208,0.0,0.0
0.9877870162977676,0.008998851,0.171266125,0.184358363,0.0,0.0
0.9854320913524006,0.0,0.167585911,0.187623157,0.0,0.0
0.9198070085278581,0.0,0.13966222350000002,0.165663659,0.0,0.0
0.8207067700771877,0.0,0.07975107449999999,0.098509795,0.0,0.0
0.7210420776161445,0.0,0.03811360266666666,0.05187321233333333,0.0,0.0
0.7332525620710392,0.0,0.028974938333333335,0.05166008366666667,0.0,0.0
0.8863807729110779,0.0,0.035963784,0.070242149,0.0,0.0
0.9727693181930128,0.000911492,0.045098639499999996,0.08659158049999999,0.0,0.0
0.9935990739515383,0.079006197,0.060335928,0.094568522,0.0,0.0
0.9885366347234635,0.169991162,0.058038034,0.090482509,0.0,0.0
0.9803350880717252,0.274203578,0.055006816,0.086087082,0.0,0.0
0.9748020570245026,0.42191040700000004,0.091302812,0.11247367250000001,0.0,0.0
0.9714756365571822,0.2811448715,0.117356336,0.1319274465,0.0,0.0
0.9744592972325891,0.1502663,0.138839491,0.140318698,0.0,0.0
0.9818500526119954,0.08668681,0.140964962,0.118003718,0.0,0.0
0.9860023062116211,0.005459959,0.140664855,0.097361439,0.0,0.0
0.9865065932032507,0.0,0.137493193,0.086815966,0.0,0.0
0.9194015671103088,0.0,0.13854818149999998,0.086258572,0.0,0.0
0.8151954558304979,0.0,0.1344312085,0.102972834,0.0,0.0
0.7087261027959298,0.0,0.12741228133333335,0.162979346,0.0,0.0
0.71688423100797,0.0,0.13044641933333334,0.177591119,0.0,0.0
0.8740945462788524,0.0,0.138512818,0.1948099,0.0,0.0
0.963998791218676,0.001040077,0.160364945,0.19630905599999998,0.0,0.0
0.9875103211973518,0.104407431,0.185359725,0.186391857,0.0,0.0
0.985496464585288,0.21609126,0.19361392,0.172975838,0.0,0.0
0.9851868514811011,0.297534357,0.165437475,0.136153512,0.0,0.0
0.9831361905014684,0.3649632525,0.1453791855,0.101657261,0.0,0.0
0.980904754223229,0.403518585,0.120860354,0.088498655,0.0,0.0
0.9831270923433684,0.314764791,0.106696567,0.087855143,0.0,0.0
0.9905522287984827,0.204117405,0.119543031,0.099527587,0.0,0.0
0.9949176269927696,0.008496163,0.150406073,0.119025021,0.0,0.0
0.9922444023716438,0.0,0.169426292,0.137325701,0.0,0.0
0.9255047672353683,0.0,0.1657152335,0.14784331950000001,0.0,0.0
0.825154920871775,0.0,0.1220828495,0.13875952000000003,0.0,0.0
0.7339765851979834,0.0,0.058714559500000006,0.09799877450000001,0.0,0.0
0.7520874195658179,0.0,0.051188803000000005,0.062239826,0.0,0.0
0.8919119295227971,0.0,0.062343826,0.054828837,0.0,0.0
0.9770243951446422,0.001777855,0.06859418449999999,0.0510081395,0.0,0.0
0.9939987546441073,0.101932594,0.072112507,0.052756166,0.0,0.0
0.9896556674421714,0.199701888,0.066992717,0.059392521,0.0,0.0
0.9870718703619056,0.301268477,0.065616635,0.064172979,0.0,0.0
0.9825653509047342,0.40376973833333335,0.06288500533333334,0.05435628233333334,0.0,0.0
0.9801732407739276,0.42084335,0.063427023,0.048951221,0.0,0.0
0.9830555868763307,0.358649548,0.06344487,0.050496285,0.0,0.0
0.9921695136901031,0.217131723,0.067417564,0.057074297,0.0,0.0
0.9955196627376098,0.01048888,0.080822528,0.076428507,0.0,0.0
0.9922444023716438,0.0,0.102797858,0.109924846,0.0,0.0
0.9252716887872312,0.0,0.1537981515,0.184512931,0.0,0.0
0.8244170066499712,0.0,0.201311235,0.27232017649999996,0.0,0.0
0.7126711170543327,0.0,0.20208744950000002,0.3267658065,0.0,0.0
0.697851682018202,0.0,0.2440195133333333,0.4275446256666666,0.0,0.0
0.7319617150906357,0.0,0.32277974433333334,0.5237348853333333,0.0,0.0
0.8135546711169674,0.003056786,0.385025649,0.599425688,0.0,0.0
0.8434713790900855,0.057788737,0.398504137,0.597476074,0.0,0.0
0.8556663494530106,0.149793632,0.397937585,0.578170541,0.0,0.0
0.8576257083819594,0.288773812,0.372089457,0.512810356,0.0,0.0
0.858784608658978,0.388146603,0.342594865,0.456552643,0.0,0.0
0.8571895434199033,0.5419032005,0.280490895,0.355568313,0.0,0.0
0.8586543992699075,0.453901693,0.240823107,0.293873105,0.0,0.0
0.8666377719150112,0.383941213,0.234181923,0.277525889,0.0,0.0
0.8792591231786665,0.207928178,0.227447948,0.282828361,0.0,0.0
0.8799632048838381,0.0123081,0.235865086,0.299771304,0.0,0.0
0.8778966793170994,0.0,0.236434071,0.310177792,0.0,0.0
0.8284960174186978,0.0,0.20155538433333334,0.2721035773333333,0.0,0.0
0.735886940395623,0.0,0.12520407133333333,0.19542622966666667,0.0,0.0
0.7051441973615983,0.0,0.09748643925,0.16796108825,0.0,0.0
0.7486488489044381,0.0,0.132222766,0.285392925,0.0,0.0
0.8142221772128464,0.004202555,0.190129357,0.402892017,0.0,0.0
0.8457049641948469,0.077069872,0.240012766,0.47643823,0.0,0.0
0.8593835352830518,0.22083367,0.300100211,0.533225325,0.0,0.0
0.8595622075365202,0.390670918,0.326317996,0.520809473,0.0,0.0
0.8609045347906802,0.464133969,0.380035142,0.522757317,0.0,0.0
0.8600413945874346,0.412601007,0.428953788,0.573123013,0.0,0.0
0.8608805777494998,0.437919442,0.440218139,0.609560546,0.0,0.0
0.8684929816155288,0.336844685,0.45453576,0.64439802,0.0,0.0
0.8815288266734502,0.166012594,0.456791307,0.690556408,0.0,0.0
0.8831048724975898,0.013875078,0.472588143,0.759657199,0.0,0.0
0.8806680181992985,0.0,0.508383434,0.798273975,0.0,0.0
0.8294426873414077,0.0,0.5000387876666667,0.7770087543333334,0.0,0.0
0.7598428343659225,0.0,0.46960115,0.7684442705000001,0.0,0.0
0.73380893911076,0.0,0.5232577203333334,0.8121962156666666,0.0,0.0
0.754678531857127,0.0,0.47416326200000003,0.7584450155,0.0,0.0
0.8914624144566602,0.0,0.471630175,0.75063194,0.0,0.0
0.9763190331957856,0.0048543445,0.490802611,0.7636139525000001,0.0,0.0
0.9978332570527293,0.28289336,0.495748623,0.749316532,0.0,0.0
0.9928291559415426,0.449542598,0.567274502,0.734832134,0.0,0.0
0.990380414536787,0.560215558,0.477980913,0.672844332,0.0,0.0
0.9887578718465196,0.5468122255000001,0.46581444250000004,0.6447221925,0.0,0.0
0.9884098086232164,0.4468471605,0.4840737235,0.6719660190000001,0.0,0.0
0.9907193796019904,0.396629689,0.492852096,0.697993998,0.0,0.0
0.9977465726788501,0.227997223,0.450224124,0.717493673,0.0,0.0
0.9985161248837015,0.02393787,0.470974009,0.764180492,0.0,0.0
0.9946908578286887,0.0,0.493531488,0.799532886,0.0,0.0
0.9290035048907179,0.0,0.5090597235000001,0.824114141,0.0,0.0
0.8292994021897282,0.0,0.49730452199999997,0.820915947,0.0,0.0
0.7447756676927442,0.0,0.47184802049999996,0.8187740125,0.0,0.0
0.7324136380147579,0.0,0.4747393365,0.8329369555,0.0,0.0
0.7545035172835005,0.0,0.532204407,0.865862423,0.0,0.0
0.924760223631427,0.0,0.617676727,0.904330809,0.0,0.0
0.9941753237781169,0.010834867,0.667887652,0.918910663,0.0,0.0
0.9971778208915665,0.209481347,0.71773772,0.924602608,0.0,0.0
0.9935734710101695,0.383238145,0.784574161,0.928030768,0.0,0.0
0.991689183591013,0.487934922,0.73973399,0.911740162,0.0,0.0
0.9912050740504471,0.5362125130000001,0.7776708533333334,0.910711724,0.0,0.0
0.9903750196169511,0.400423849,0.805305186,0.916983883,0.0,0.0
0.9930480614098254,0.283574126,0.83394237,0.920018772,0.0,0.0
0.9995574343397616,0.14029513,0.852847467,0.92221382,0.0,0.0
1.0,0.015255371,0.865507115,0.924275437,0.0,0.0
0.9534198105157335,0.0,0.8744366793333334,0.92703657,0.0,0.0
0.8317193401925431,0.0,0.8641886335,0.9061442715,0.0,0.0
0.7471646079582216,0.0,0.8402777423333333,0.885917636,0.0,0.0
0.7540325749196697,0.0,0.796179437,0.8796199256666667,0.0,0.0
0.9288346166985754,0.0,0.775552825,0.888544656,0.0,0.0
0.9998233396005054,0.013429816,0.777750093,0.90177219,0.0,0.0
0.9999226425424969,0.238097447,0.781757455,0.911175577,0.0,0.0
0.9952768916422727,0.404608067,0.833551821,0.917438923,0.0,0.0
0.9930811623904892,0.474677048,0.791873383,0.927694567,0.0,0.0
0.9917338059225438,0.5159451083333333,0.8188682996666667,0.925633641,0.0,0.0
0.9910863251190399,0.436630374,0.844918812,0.917254098,0.0,0.0
0.9935753911527356,0.308489674,0.833871035,0.919162724,0.0,0.0
0.9995574343397616,0.166551869,0.811094245,0.924035713,0.0,0.0
0.9995994964316571,0.023189489,0.811910073,0.927162369,0.0,0.0
0.9811229738626062,0.0,0.8227902125,0.928131665,0.0,0.0
0.8731008766627752,0.0,0.8370639805,0.925754277,0.0,0.0
0.8129378222704304,0.0,0.850882162,0.928257617,0.0,0.0
0.7342791346286142,0.0,0.8187818685,0.918080378,0.0,0.0
0.731418733936379,0.0,0.7795721485,0.9012725935000001,0.0,0.0
0.9143167710341792,0.0,0.786128639,0.9122425555,0.0,0.0
0.9833458148347584,0.011933504,0.785889866,0.909361332,0.0,0.0
0.986749272884462,0.16478227,0.791433775,0.9092106,0.0,0.0
0.9857442647953166,0.302223166,0.839824801,0.908728025,0.0,0.0
0.985303345035267,0.327865917,0.810559914,0.888284511,0.0,0.0
0.9846481527442004,0.35152264033333336,0.7569576326666668,0.8547074733333333,0.0,0.0
0.9845756719454185,0.221735703,0.763592719,0.854124779,0.0,0.0
0.9854868634265342,0.14836001,0.763781548,0.86918448,0.0,0.0
0.9916386177557972,0.062198031,0.725341835,0.889655867,0.0,0.0
0.9908046009039326,0.0065715645,0.7655443655,0.915386259,0.0,0.0
0.9218057777215269,0.0,0.756376204,0.9161833655,0.0,0.0
0.8220216656615382,0.0,0.7321770245,0.8979379869999999,0.0,0.0
0.7300317385940785,0.0,0.6873595103333333,0.8292396996666668,0.0,0.0
0.7350077220579094,0.0,0.6379385583333333,0.7781520103333334,0.0,0.0
0.9145953862028406,0.0,0.657009764,0.8024949635,0.0,0.0
0.983145563050587,0.013012939,0.709947062,0.836286091,0.0,0.0
0.9881044930977528,0.096829322,0.712315077,0.84034722,0.0,0.0
0.9863965919843541,0.143307134,0.75686203,0.837232559,0.0,0.0
0.9847074815276146,0.2055362805,0.768823585,0.8265973975,0.0,0.0
0.9840668128354063,0.215862667,0.7131504559999999,0.8225524905,0.0,0.0
0.9844772832933267,0.156154992,0.685381047,0.836748,0.0,0.0
0.9856608722218146,0.115960028,0.624546892,0.84430597,0.0,0.0
0.9914652490080389,0.065863483,0.588180821,0.843901163,0.0,0.0
0.9917529167763782,0.016886532,0.59284477,0.852208163,0.0,0.0
0.9437094258043027,0.0,0.618700916,0.8453411256666667,0.0,0.0
0.8211586168724185,0.0,0.5989901344999999,0.805910087,0.0,0.0
0.7065790649190856,0.0,0.5033351103333333,0.7080192133333334,0.0,0.0
0.7121838970651424,0.0,0.38205220260000006,0.5765844438000001,0.0,0.0
0.8002629791763265,0.013629944,0.388211601,0.590595473,0.0,0.0
0.8315036352591526,0.128669033,0.375114229,0.609880809,0.0,0.0
0.8460710866874817,0.209664807,0.398669003,0.615220838,0.0,0.0
0.8471993549084397,0.298662804,0.533614869,0.618109586,0.0,0.0
0.8483187839036672,0.262650061,0.5244688993333334,0.5777705320000001,0.0,0.0
0.848459295441764,0.203932549,0.510305525,0.557194987,0.0,0.0
0.8557874149025976,0.18911107,0.478138291,0.555635478,0.0,0.0
0.8695748900915478,0.088326686,0.43189809,0.560213126,0.0,0.0
0.8713031822033721,0.032961489,0.435595677,0.586497269,0.0,0.0
0.8584760928215835,0.0,0.4418690595,0.576077443,0.0,0.0
0.8052579362737091,0.0,0.450367015,0.5728709009999999,0.0,0.0
0.7263970307999047,0.0,0.41325852533333335,0.5278728816666667,0.0,0.0
0.6950501795711442,0.0,0.40659914375,0.52027502125,0.0,0.0
0.7379013380603994,0.0,0.428175273,0.5633486249999999,0.0,0.0
0.8003979434377109,0.03630516,0.461189124,0.619305407,0.0,0.0
0.8316347589381229,0.237657291,0.493709804,0.661464562,0.0,0.0
0.8465746423661041,0.432653269,0.61011289,0.706890836,0.0,0.0
0.8479167867176919,0.5036940125,0.633103881,0.7211839415,0.0,0.0
0.847713563082584,0.5623733790000001,0.5973678645,0.699440997,0.0,0.0
0.8481613866157899,0.546073684,0.609087735,0.700708101,0.0,0.0
0.8550072556863262,0.44376344,0.625807717,0.731434898,0.0,0.0
0.8694741240776196,0.282821984,0.621771793,0.76959601,0.0,0.0
0.8713122347287295,0.076608324,0.628436525,0.799858427,0.0,0.0
0.8694895773754796,0.0,0.636272043,0.817667492,0.0,0.0
0.819050196831122,0.0,0.6542877029999999,0.8269867966666666,0.0,0.0
0.7443903429569223,0.0,0.63897339,0.823142324,0.0,0.0
0.7117973013162326,0.0,0.6973180815,0.8545873165,0.0,0.0
0.7229771442196907,0.0,0.7676163690000001,0.8900292766666666,0.0,0.0
0.9097480576420175,0.0,0.8186220235,0.90897177,0.0,0.0
0.9812472854055074,0.004780976,0.808329929,0.903823676,0.0,0.0
0.987311075265847,0.01868481,0.787918468,0.894102531,0.0,0.0
0.9859353726400047,0.030475259,0.76985953,0.879793361,0.0,0.0
0.9851189121311387,0.0646405145,0.6556124995,0.8202950314999999,0.0,0.0
0.9824849148721604,0.1239941275,0.619280243,0.806305959,0.0,0.0
0.9799989119548862,0.0966416765,0.631186527,0.81161198,0.0,0.0
0.9849099735524336,0.044251438,0.618995997,0.807064804,0.0,0.0
0.9830209314096042,0.005932189,0.5416502705,0.791752444,0.0,0.0
0.9118563252768905,0.0,0.4453170535,0.7515226660000001,0.0,0.0
0.8092984054100995,0.0,0.34355445949999996,0.6139838280000001,0.0,0.0
0.7067969264083223,0.0,0.2189872215,0.4069141115,0.0,0.0
0.6934772311994636,0.0,0.117323042,0.23199714500000002,0.0,0.0
0.7215726534771425,0.0,0.07974178300000001,0.1406493385,0.0,0.0
0.8706294583118834,0.0,0.093323148,0.140734092,0.0,0.0
0.9588256648684788,0.019227638,0.11142361649999999,0.162510672,0.0,0.0
0.9761370235091975,0.108177403,0.129210141,0.190625399,0.0,0.0
0.9718433134615592,0.170789277,0.111874509,0.182830421,0.0,0.0
0.9685921016995402,0.23023706,0.10979034,0.189511468,0.0,0.0
0.9623346894371669,0.36570690699999997,0.142540593,0.22319886649999998,0.0,0.0
0.9595083955782621,0.4308804305,0.2209455575,0.316653729,0.0,0.0
0.965382220419128,0.311372605,0.29025118,0.40838388,0.0,0.0
0.9768776809723027,0.19532794,0.370908183,0.472881314,0.0,0.0
0.9841844951448109,0.053005286,0.437493311,0.522270297,0.0,0.0
0.966683765899398,0.000780724,0.48726637250000004,0.5735831874999999,0.0,0.0
0.8570775761284162,0.0,0.5078925005,0.6275553414999999,0.0,0.0
0.7958613708806094,0.0,0.509724881,0.668289232,0.0,0.0
0.7119997933658252,0.0,0.41013407399999996,0.589457974,0.0,0.0
0.717773126608555,0.0,0.4009011736666666,0.594279114,0.0,0.0
0.9078862642664252,0.0,0.4054016375,0.5986864715,0.0,0.0
0.9754862508062228,0.015380127,0.365685626,0.597941053,0.0,0.0
0.9795238395801229,0.061518835,0.333320768,0.575838451,0.0,0.0
0.9780505714752444,0.137125284,0.277427319,0.531735663,0.0,0.0
0.9749530689242063,0.2146001005,0.23075225300000002,0.3997566895,0.0,0.0
0.9739319217082955,0.244322586,0.18602280399999999,0.30792935499999996,0.0,0.0
0.9765275602622832,0.183219764,0.163478394,0.248250093,0.0,0.0
0.9794980538105021,0.114726295,0.157251935,0.226191187,0.0,0.0
0.986749912931984,0.058045155,0.159330633,0.228140167,0.0,0.0
0.9884550708784018,0.018357207,0.171808613,0.237224237,0.0,0.0
0.986023337108928,0.0,0.177858003,0.249085004,0.0,0.0
0.9174610904007858,0.0,0.163075886,0.235869494,0.0,0.0
0.8182601317175705,0.0,0.1422230015,0.22281672749999998,0.0,0.0
0.7180542792500274,0.0,0.13637826349999999,0.200571192,0.0,0.0
0.716821381839317,0.0,0.1197237895,0.19485441025,0.0,0.0
0.9089561942961744,0.0,0.1088440175,0.1661200655,0.0,0.0
0.9790929781980972,0.01092737,0.111190403,0.160776023,0.0,0.0
0.9823926526758731,0.034326416,0.107652713,0.155463713,0.0,0.0
0.9815175797334207,0.079931405,0.108758385,0.148488624,0.0,0.0
0.9807056911942962,0.11894388750000001,0.1145408975,0.14051160899999998,0.0,0.0
0.9793960076272095,0.14780838400000001,0.14260066,0.1634740385,0.0,0.0
0.9781405932822432,0.142839755,0.15002782650000002,0.1744984335,0.0,0.0
0.9849767241471575,0.101700668,0.117039414,0.156838162,0.0,0.0
0.986807702564117,0.047343202,0.149988447,0.175959608,0.0,0.0
0.9842889186156197,0.0,0.220816075,0.222427379,0.0,0.0
0.9142432082290659,0.0,0.27185746499999996,0.28307557149999996,0.0,0.0
0.8109524032551626,0.0,0.225332251,0.27676534399999997,0.0,0.0
0.6982412701205769,0.0,0.2018441105,0.29779715575,0.0,0.0
0.7129805929630102,0.0,0.19055474449999998,0.2947207045,0.0,0.0
0.8638357094139848,0.0,0.199359378,0.329345578,0.0,0.0
0.9533197912486879,0.016139585,0.1975489765,0.3701869115,0.0,0.0
0.9791610088878652,0.088398422,0.177937914,0.367500846,0.0,0.0
0.9792047168799491,0.151130599,0.176844731,0.36256687,0.0,0.0
0.9795584036327234,0.192971331,0.174250298,0.379340188,0.0,0.0
0.9769771211098035,0.22157220049999998,0.16996079349999998,0.3532290315,0.0,0.0
0.9778065659176056,0.177139085,0.1543809855,0.3053840935,0.0,0.0
0.9835144744172657,0.130390172,0.1005480655,0.20298112000000001,0.0,0.0
0.9890741142585237,0.047634612,0.080941439,0.135203887,0.0,0.0
0.9711689952296113,0.001238038,0.0716808335,0.0882227815,0.0,0.0
0.8639929848906813,0.0,0.07103418,0.0713836505,0.0,0.0
0.8024326482674707,0.0,0.069326939,0.07397685,0.0,0.0
0.7104164094894978,0.0,0.08138241900000001,0.08978348350000001,0.0,0.0
0.6930931409259434,0.0,0.108180111,0.10896698,0.0,0.0
0.7327876699845746,0.0,0.2174083495,0.2209962015,0.0,0.0
0.8114423343643655,0.044298699999999996,0.322119449,0.3478948475,0.0,0.0
0.8423549981242326,0.117835526,0.385653605,0.43520438,0.0,0.0
0.844402870155501,0.163746831,0.40729831,0.458714402,0.0,0.0
0.8423993460895183,0.17703436849999998,0.4711504335,0.4966126555,0.0,0.0
0.8416724959497641,0.1742298555,0.5279204335000001,0.542566583,0.0,0.0
0.8590660127760037,0.079136968,0.601456123,0.629895464,0.0,0.0
0.8687094182335285,0.009739455999999999,0.694813322,0.747677102,0.0,0.0
0.8329660221102333,0.0,0.7353427185,0.8099892905,0.0,0.0
0.768543867504234,0.0,0.7015876860000001,0.8031601965,0.0,0.0
0.6891776234542968,0.0,0.5906932825,0.7375864915,0.0,0.0
0.663683657459354,0.0,0.4937656365,0.68087196325,0.0,0.0
0.7141043121049182,0.0,0.5000539255,0.7137434535,0.0,0.0
0.7819118654169691,0.004686658,0.527922174,0.733337929,0.0,0.0
0.8145445002992714,0.019077645,0.519827709,0.739571688,0.0,0.0
0.835184519722279,0.029838174,0.504719936,0.737339304,0.0,0.0
0.8375629444895559,0.049549691,0.448063949,0.699377801,0.0,0.0
0.8344861529607044,0.1021024115,0.4269953495,0.7036183345,0.0,0.0
0.8310468506890356,0.0991427,0.38033441450000005,0.689017727,0.0,0.0
0.8374838495690976,0.07580832,0.396493201,0.694233115,0.0,0.0
0.8543156097210152,0.041164037,0.445243509,0.731965868,0.0,0.0
0.8584356766298767,0.010853067,0.540482581,0.80419064,0.0,0.0
0.857615284347432,0.0,0.634015553,0.853101079,0.0,0.0
0.8067718644156173,0.0,0.7105266416666667,0.8707562563333333,0.0,0.0
0.7232371895872303,0.0,0.6239928695000001,0.807807918,0.0,0.0
0.688388686029366,0.0,0.543953963,0.74222981,0.0,0.0
0.6797700853932733,0.0,0.4370067725,0.6552703335000001,0.0,0.0
0.7004416056038192,0.0,0.29149087900000004,0.499171829,0.0,0.0
0.8499591724893188,0.0,0.22006447,0.399779297,0.0,0.0
0.9425964889461567,0.0117969715,0.17974145800000002,0.313936456,0.0,0.0
0.9639030086123767,0.054718756,0.1253624,0.209913211,0.0,0.0
0.9597133565276844,0.102628794,0.092334717,0.149617203,0.0,0.0
0.9544907614604226,0.17374759350000002,0.07431989450000001,0.07220165949999999,0.0,0.0
0.9500819752978127,0.141131063,0.0641285415,0.0361258295,0.0,0.0
0.9494547481238109,0.09857340049999999,0.056398008,0.022438504999999997,0.0,0.0
0.9584953865234885,0.046433286,0.057455051,0.036087771,0.0,0.0
0.9638261540068863,0.008592262,0.07330512,0.0668583735,0.0,0.0
0.9032200311022903,0.0,0.0976623295,0.1024931375,0.0,0.0
0.8240422888512492,0.0,0.099656717,0.131567219,0.0,0.0
0.7460661032352607,0.0,0.1136033135,0.1588731725,0.0,0.0
0.6860393390550481,0.0,0.17351393850000002,0.313872975,0.0,0.0
0.6804212238270722,0.0,0.2214448885,0.416019568,0.0,0.0
0.723353980348786,0.0,0.236059377,0.424434135,0.0,0.0
0.8530396672564345,0.0,0.236046528,0.420575831,0.0,0.0
0.9460987927929018,0.003916029,0.27263304050000003,0.44346148350000003,0.0,0.0
0.9711586169021468,0.023452451,0.315182213,0.470003064,0.0,0.0
0.9714658524958563,0.047515174,0.32527284,0.493090889,0.0,0.0
0.9713710300351601,0.083534074,0.294306539,0.519408234,0.0,0.0
0.970193659050923,0.112269558,0.2957720765,0.5233948335,0.0,0.0
0.9700131582176552,0.131032502,0.3273283645,0.544745452,0.0,0.0
0.9750041376857552,0.078815868,0.3246665445,0.5618495370000001,0.0,0.0
0.9794168557705848,0.028279666,0.33154403,0.553422493,0.0,0.0
0.9774606058137613,0.0,0.32166609,0.510666175,0.0,0.0
0.9107114609328579,0.0,0.295784127,0.45247658300000004,0.0,0.0
0.8288559220166289,0.0,0.298017971,0.432586911,0.0,0.0
0.7531071951239178,0.0,0.23176011349999998,0.3563609295,0.0,0.0
0.6954792922678301,0.0,0.22341556499999998,0.319930711,0.0,0.0
0.709671187761202,0.0,0.20636610133333333,0.27729799833333335,0.0,0.0
0.9028185216069605,0.0,0.17956496900000002,0.2167347055,0.0,0.0
0.9706145537663323,0.161622849,0.148691391,0.182383867,0.0,0.0
0.974375264611565,0.332462156,0.106854363,0.153511238,0.0,0.0
0.9728635006061868,0.477050449,0.100913392,0.129914118,0.0,0.0
0.9694151001764181,0.582010811,0.101595996,0.0944454005,0.0,0.0
0.9671800977811034,0.411124055,0.0696797715,0.0406913575,0.0,0.0
0.9668849320477897,0.268781397,0.067290899,0.040784058,0.0,0.0
0.9696142089867341,0.21466449,0.081840248,0.056441607,0.0,0.0
0.9788436235020058,0.15015368,0.106417329,0.094963636,0.0,0.0
0.9821794165184451,0.071632258,0.179914392,0.199930267,0.0,0.0
0.9652964047767265,0.0005068065,0.32863768250000003,0.358627224,0.0,0.0
0.8560224593490048,0.0,0.3150625165,0.46366962700000003,0.0,0.0
0.754323199204164,0.0,0.30115940350000003,0.4685897015,0.0,0.0
0.6954792922678301,0.0,0.396027519,0.549036721,0.0,0.0
0.695076365481947,0.0,0.557166429,0.6874871155,0.0,0.0
0.8057768993944878,0.0,0.7000964845,0.8165317835,0.0,0.0
0.9404978681027797,0.0,0.74703145,0.861604361,0.0,0.0
0.9747467820240358,0.056829755,0.722125708,0.875549047,0.0,0.0
0.9811927877223923,0.146431759,0.794334972,0.890738452,0.0,0.0
0.9806519248241883,0.232428483,0.822068779,0.890956615,0.0,0.0
0.9798532492679557,0.2233190585,0.850186078,0.8712535085,0.0,0.0
0.978819392069807,0.2577073465,0.888617157,0.895944468,0.0,0.0
0.9789763018156795,0.232257106,0.906321971,0.90806383,0.0,0.0
0.9811134184109155,0.237619784,0.910886692,0.91914602,0.0,0.0
0.9877325184660117,0.152820595,0.91664802,0.928272223,0.0,0.0
0.988636577712977,0.076444599,0.924032254,0.932590653,0.0,0.0
0.9870553197972531,0.001803863,0.925959015,0.934095516,0.0,0.0
0.9207684916018122,0.0,0.926190618,0.935981426,0.0,0.0
0.8212271962699031,0.0,0.9230617055000001,0.9338352270000001,0.0,0.0
0.7204240859196194,0.0,0.927627036,0.9352695783333335,0.0,0.0
0.728458253059121,0.0,0.9267209263333335,0.935686204,0.0,0.0
0.8783134590590761,0.0,0.924131569,0.936079594,0.0,0.0
0.9460104625931545,0.001721495,0.920296599,0.936191355,0.0,0.0
0.981145422124787,0.097916892,0.919075741,0.936502962,0.0,0.0
0.9863322187514668,0.213658367,0.930802754,0.936915822,0.0,0.0
0.9859353726400047,0.309854616,0.931593531,0.936716444,0.0,0.0
0.9849460006769711,0.364243646,0.927355321,0.93526045,0.0,0.0
0.9848226491310325,0.28438118700000004,0.9269867105,0.9332729205,0.0,0.0
0.9841109779724402,0.2191719655,0.9230055575,0.9309512675,0.0,0.0
0.985460894680021,0.172078242,0.92077516,0.932613007,0.0,0.0
0.9905281801945356,0.117759929,0.912739395,0.932847843,0.0,0.0
0.9915241359069642,0.075757386,0.903251079,0.934333833,0.0,0.0
0.9892677824419409,0.003237579,0.900652569,0.934850884,0.0,0.0
0.9211630059098599,0.0,0.903755013,0.935212191,0.0,0.0
0.8217631671002841,0.0,0.899337279,0.934777183,0.0,0.0
0.7127501433770365,0.0,0.901452444,0.935168786,0.0,0.0
0.6955834414962612,0.0,0.9013708305,0.9346989435,0.0,0.0
0.7042168706431529,0.0,0.902663848,0.935984677,0.0,0.0
0.7541479103138395,0.003042683,0.904834282,0.935979192,0.0,0.0
0.8003933713936487,0.171677414,0.920793254,0.935240589,0.0,0.0
0.832365906805241,0.333229253,0.930163321,0.933978377,0.0,0.0
0.8463838087637938,0.441164438,0.930513468,0.933646026,0.0,0.0
0.8474659000680647,0.543531439,0.924977232,0.929167771,0.0,0.0
0.8479336572317848,0.6099368435,0.929900868,0.9333039425,0.0,0.0
0.8476253700040256,0.591739461,0.928472405,0.929859052,0.0,0.0
0.8488155425332676,0.442575826,0.9249578,0.928491328,0.0,0.0
0.8552715150468813,0.280224353,0.918020346,0.928697926,0.0,0.0
0.8693106308796336,0.195565594,0.908245959,0.927459251,0.0,0.0
0.8719979371408086,0.101675431,0.889062928,0.92726533,0.0,0.0
0.8700603407194554,0.002937163,0.880670359,0.924425222,0.0,0.0
0.8196242824963971,0.0,0.8733042040000001,0.9166705356666668,0.0,0.0
0.7385128605105348,0.0,0.853399784,0.8979423565,0.0,0.0
0.7001305980254502,0.0,0.810045895,0.861417184,0.0,0.0
0.7119837366653685,0.0007515802,0.7253134734000002,0.7937380072,0.0,0.0
0.8008483727937475,0.175076582,0.619166775,0.702239931,0.0,0.0
0.8301266525382661,0.377103406,0.691104078,0.656009711,0.0,0.0
0.8460454837461127,0.477859032,0.643448497,0.596211665,0.0,0.0
0.8461352769434763,0.647123567,0.622782998,0.571700506,0.0,0.0
0.8444208379363863,0.7430320619999999,0.5532905255,0.501951549,0.0,0.0
0.8430934151980493,0.6716399875,0.510510837,0.4541377035,0.0,0.0
0.8512075917213234,0.619326653,0.454975888,0.408507421,0.0,0.0
0.866547612912503,0.455678767,0.392721631,0.385650675,0.0,0.0
0.8718002456953663,0.245417194,0.357603512,0.374655871,0.0,0.0
0.8693732666495655,0.006770509,0.350453515,0.364947145,0.0,0.0
0.8198453824487175,0.0,0.26619038600000006,0.29561345499999997,0.0,0.0
0.7561086407519584,0.0,0.158042389,0.177409906,0.0,0.0
0.7273925406764752,0.0,0.098741335,0.11475936675,0.0,0.0
0.7423097813828771,0.0,0.12281025,0.1689233765,0.0,0.0
0.880749764872612,0.0,0.156340222,0.231441295,0.0,0.0
0.9481032312974251,0.005476874,0.186984281,0.28900408,0.0,0.0
0.9836328424069348,0.244151745,0.204108245,0.326985365,0.0,0.0
0.9867897804902948,0.437130344,0.185795918,0.340100714,0.0,0.0
0.9817500180597152,0.612836445,0.212655296,0.341800209,0.0,0.0
0.9773788591404479,0.726450467,0.237114095,0.325015757,0.0,0.0
0.9695841711968123,0.780061758,0.315266559,0.42290581,0.0,0.0
0.964720109243085,0.6633755594999999,0.386445531,0.5772837980000001,0.0,0.0
0.9657735801966283,0.433206589,0.447655862,0.673233192,0.0,0.0
0.9742486214138901,0.256576175,0.492732121,0.707410698,0.0,0.0
0.9796555120411302,0.117152478,0.571109799,0.733180566,0.0,0.0
0.9639973739281227,0.0023940265,0.6446415544999999,0.748740812,0.0,0.0
0.853853476086766,0.0,0.6245895955,0.7608873395,0.0,0.0
0.7547774690682943,0.0,0.6516408005000001,0.7961944045,0.0,0.0
0.7022060619613697,0.0,0.7057756445,0.808304653,0.0,0.0
0.7044485623216588,0.0,0.743066529,0.8240189755,0.0,0.0
0.8131337764758786,0.0,0.7074335485,0.865521575,0.0,0.0
0.9446789250300256,0.007058705,0.677211615,0.867563341,0.0,0.0
0.9740876884059924,0.258934659,0.626899257,0.841501603,0.0,0.0
0.9748958279254692,0.471193585,0.510649062,0.795810112,0.0,0.0
0.9716853065975349,0.650181128,0.505100772,0.732639855,0.0,0.0
0.9679982956042839,0.784768485,0.363253291,0.562712059,0.0,0.0
0.9629889368430911,0.875037395,0.3202542,0.4684231995,0.0,0.0
0.9595083955782621,0.788378,0.266533131,0.4321446925,0.0,0.0
0.9625555608293991,0.624618776,0.235299116,0.41966448,0.0,0.0
0.9739127651721715,0.452311104,0.218821404,0.406152102,0.0,0.0
0.981316230533816,0.245775252,0.224406491,0.38946943,0.0,0.0
0.986023337108928,0.006595512,0.218546085,0.355621877,0.0,0.0
0.9216309003434098,0.0,0.1743212105,0.28509186649999996,0.0,0.0
0.8205766064695006,0.0,0.142058525,0.227771575,0.0,0.0
0.7279293687310542,0.0,0.17979974966666668,0.2407659586666667,0.0,0.0
0.717972075431764,0.0,0.2596851295,0.37234661,0.0,0.0
0.8184355578034043,0.0,0.34530294549999996,0.5040265875000001,0.0,0.0
0.9445971783567121,0.00448159,0.390569891,0.569081062,0.0,0.0
0.9740876884059924,0.08921534,0.404348817,0.600311769,0.0,0.0
0.9724685746372909,0.223579416,0.399284436,0.613826646,0.0,0.0
0.9694011556575579,0.383690958,0.491597357,0.638730918,0.0,0.0
0.9649372773970533,0.518857107,0.524897196,0.689757727,0.0,0.0
0.9588928269754098,0.5368417815,0.5864993455,0.7287313435,0.0,0.0
0.9541665637898535,0.3605358775,0.616593517,0.7677048335,0.0,0.0
0.9576338464390481,0.212337924,0.594454367,0.814082163,0.0,0.0
0.9670253826431359,0.102358325,0.598252906,0.84401367,0.0,0.0
0.9721022693164042,0.033642208,0.60960525,0.852319489,0.0,0.0
0.9728641406537089,0.005591579,0.64030676,0.854524749,0.0,0.0
0.9413039960655645,0.0,0.665614044,0.859431058,0.0,0.0
0.8522031815542872,0.0,0.6874412475,0.8556740915000001,0.0,0.0
0.7519110791157639,0.0,0.7087898625,0.8389192175,0.0,0.0
0.6949502022455931,0.0,0.6882358945,0.7769111135,0.0,0.0
0.6894466146478334,0.0,0.581070487,0.664064962,0.0,0.0
0.7299192684010317,0.0,0.505894339,0.542712194,0.0,0.0
0.8924345958818398,0.0010691055,0.427639909,0.438793325,0.0,0.0
0.9627343243483526,0.025143697,0.337525965,0.406405733,0.0,0.0
0.9699463160601646,0.067795536,0.276147034,0.364241649,0.0,0.0
0.9714658524958563,0.119329463,0.228508865,0.283966749,0.0,0.0
0.9693178088654392,0.220403719,0.1427046635,0.159306695,0.0,0.0
0.9671800977811034,0.26349375199999997,0.126623218,0.1414215965,0.0,0.0
0.965644559488476,0.270531691,0.104187603,0.111887142,0.0,0.0
0.9670641529346542,0.219509853,0.082553474,0.093269592,0.0,0.0
0.9745763394201511,0.185992816,0.066508817,0.092583719,0.0,0.0
0.9773358827586527,0.084066376,0.059318321,0.086503599,0.0,0.0
0.9779199048669036,0.00482499,0.058019955,0.080951993,0.0,0.0
0.9460333223675426,0.0,0.05628002,0.073768681,0.0,0.0
0.854419621753937,0.0,0.0540220785,0.062409424000000005,0.0,0.0
0.7927331448593847,0.0,0.029379081,0.035302773,0.0,0.0
0.707615307134075,0.0,0.033448406,0.044769355,0.0,0.0
0.6922127644034604,0.0,0.036369988,0.056480330999999995,0.0,0.0
0.7170332007061917,0.0,0.040912975,0.078915773,0.0,0.0
0.8670691820790738,0.0,0.060014005,0.128975614,0.0,0.0
0.9356666786687221,0.005511384,0.086348486,0.18171689,0.0,0.0
0.968738221605741,0.055379163,0.093641459,0.230960254,0.0,0.0
0.9749725454840912,0.13516434300000002,0.104584714,0.2868849725,0.0,0.0
0.9745773452728176,0.147219342,0.122061157,0.331855001,0.0,0.0
0.9707817959839659,0.2062172515,0.163603885,0.395976562,0.0,0.0
0.9671797777573423,0.171059167,0.2407392585,0.46158149049999997,0.0,0.0
0.9684333632252273,0.130967729,0.309166333,0.517188935,0.0,0.0
0.9772698636255769,0.078292384,0.342229815,0.566061759,0.0,0.0
0.9792619578043655,0.03526028,0.39482138,0.62318586,0.0,0.0
0.9114992095282297,0.0,0.442965954,0.7001338185,0.0,0.0
0.8086189665006933,0.0,0.43740846850000004,0.7132893565,0.0,0.0
0.6727515942475409,0.0,0.39855915066666664,0.6994504723333334,0.0,0.0
0.6561554347808838,0.0,0.358116761,0.6735752785,0.0,0.0
0.6736529864564167,0.0,0.3235439725,0.6302487225,0.0,0.0
0.7540223185272532,0.0244823985,0.268068466,0.5513801574999999,0.0,0.0
0.8106281598032101,0.086603547,0.213396311,0.504505481,0.0,0.0
0.8279163844271632,0.111318691,0.181150217,0.467577363,0.0,0.0
0.8288977097175059,0.16437692,0.147112798,0.382190305,0.0,0.0
0.8264779545429426,0.1802364165,0.14923225299999998,0.36312499649999996,0.0,0.0
0.8224156770432529,0.14846735500000002,0.14322816900000002,0.35150455599999997,0.0,0.0
0.8287960294136779,0.11387675,0.133491355,0.33146958,0.0,0.0
0.8452465795802451,0.081384767,0.113781521,0.310657701,0.0,0.0
0.8514186333451668,0.05899961,0.114276059,0.296145028,0.0,0.0
0.8530045545704378,0.006781431,0.12483133,0.300501716,0.0,0.0
0.8214494392456257,0.0,0.15067207,0.32267429,0.0,0.0
0.7574568201452248,0.0,0.1489299375,0.30397295950000003,0.0,0.0
0.6763560889299043,0.0,0.1215035055,0.24534746500000001,0.0,0.0
0.651726356688978,0.0,0.10997730633333334,0.21900935466666668,0.0,0.0
0.7043230392071476,0.0,0.09929293850000001,0.166664365,0.0,0.0
0.7772809277670828,0.008252036,0.094671883,0.14793828,0.0,0.0
0.8078543519964078,0.075680571,0.080306947,0.131777848,0.0,0.0
0.8242507701363634,0.118993445,0.071688778,0.118835881,0.0,0.0
0.8237210630316166,0.165345825,0.065861125,0.110545226,0.0,0.0
0.8231534999252512,0.227446805,0.052490688,0.100619598,0.0,0.0
0.8177560274798722,0.2860043175,0.0599533745,0.0954594045,0.0,0.0
0.8178539588383732,0.24571617150000002,0.0683180175,0.084605389,0.0,0.0
0.837437855629303,0.177953684,0.078876225,0.100562346,0.0,0.0
0.8415007731021943,0.150705079,0.090566093,0.122370839,0.0,0.0
0.8446375945781471,0.105203329,0.108643402,0.145860575,0.0,0.0
0.8290956755539666,0.012737111,0.133339929,0.16276546,0.0,0.0
0.7733890015810192,0.0,0.16724269733333333,0.23267411133333335,0.0,0.0
0.7003800442099879,0.0,0.166220266,0.316863103,0.0,0.0
0.6953532662269855,0.0,0.20914469,0.36697167975,0.0,0.0
0.8961739100989417,0.0,0.2011303425,0.331918621,0.0,0.0
0.965839782157956,0.012589809,0.185720566,0.277533437,0.0,0.0
0.9712467641993218,0.096083668,0.163742113,0.252505589,0.0,0.0
0.9697241189401458,0.189723093,0.172878691,0.243275648,0.0,0.0
0.9651727332813473,0.27485162,0.168501493,0.229081568,0.0,0.0
0.9597897996952878,0.348641607,0.144117087,0.185470357,0.0,0.0
0.9533626762163572,0.4198162665,0.156728869,0.144084006,0.0,0.0
0.9511047226325287,0.5155341375,0.1752941495,0.1449115465,0.0,0.0
0.9581075015232581,0.447108532,0.173597407,0.16594636,0.0,0.0
0.960165066127406,0.338741828,0.157824351,0.168623362,0.0,0.0
0.9635965958944409,0.190732331,0.151538913,0.174844384,0.0,0.0
0.9371593319193596,0.01705791,0.167704716,0.185910923,0.0,0.0
0.8500261974007408,0.0,0.166421561,0.18657898750000002,0.0,0.0
0.7864176229411174,0.0,0.144942222,0.167111466,0.0,0.0
0.7038036188670986,0.0,0.1287346745,0.173005817,0.0,0.0
0.6896468893226965,0.0,0.103748575,0.16126298500000003,0.0,0.0
0.7117340254244582,0.0,0.09007185200000001,0.15755688150000002,0.0,0.0
0.8986466086191982,0.0,0.0908644525,0.1749656665,0.0,0.0
0.9721220201186669,0.013261778,0.102851248,0.203802372,0.0,0.0
0.9791610088878652,0.047659109,0.104513177,0.217447128,0.0,0.0
0.9768741147809071,0.094380657,0.102532813,0.225044185,0.0,0.0
0.9741643144018475,0.128572802,0.107565926,0.236092497,0.0,0.0
0.9715266595373478,0.210317404,0.119423406,0.246318805,0.0,0.0
0.9675047525966224,0.2408550165,0.1509176175,0.28438595,0.0,0.0
0.9676035526122806,0.30479899099999996,0.209195253,0.357693405,0.0,0.0
0.978244056681769,0.236211935,0.254026499,0.426273226,0.0,0.0
0.9798510091016285,0.165559942,0.300269378,0.488276173,0.0,0.0
0.9811016228672178,0.072024102,0.350067094,0.574602046,0.0,0.0
0.9480782684035781,0.010221527,0.402760943,0.653194915,0.0,0.0
0.8565597103487501,0.0,0.46586182649999996,0.7343369245,0.0,0.0
0.7952554948506368,0.0,0.526770491,0.789640398,0.0,0.0
0.7146710978196114,0.0,0.5930136484999999,0.809343422,0.0,0.0
0.704439372600792,0.0,0.7024632485,0.865385657,0.0,0.0
0.73090749739021,0.0,0.7484708815000001,0.880958299,0.0,0.0
0.9094726884923499,0.0,0.792239097,0.896124743,0.0,0.0
0.9800066386038163,0.030363712,0.803677594,0.904106756,0.0,0.0
0.9848546528449039,0.114375445,0.862197086,0.908826019,0.0,0.0
0.9831834189035646,0.173852554,0.884149865,0.913803957,0.0,0.0
0.9818242666937339,0.235102533,0.898428433,0.91910399,0.0,0.0
0.9797580154436933,0.30773810850000005,0.8926292364999999,0.9146556535,0.0,0.0
0.9785138937904119,0.2734452715,0.8965401225,0.920724134,0.0,0.0
0.9794548944518143,0.225787742,0.893658391,0.924667598,0.0,0.0
0.9850646887647216,0.194319402,0.882949358,0.924657106,0.0,0.0
0.9864805330426114,0.133468392,0.875591985,0.924706658,0.0,0.0
0.9851608827345878,0.073874455,0.872907014,0.924182369,0.0,0.0
0.9528491994295404,0.008138737,0.888261572,0.92477518,0.0,0.0
0.886246174454838,0.0,0.894348574,0.923650313,0.0,0.0
0.8197678724609236,0.0,0.8953276495,0.927152184,0.0,0.0
0.712018828016448,0.0,0.861185008,0.9261852063333333,0.0,0.0
0.7145972606482532,0.0,0.821915831,0.922342525,0.0,0.0
0.9049757549582443,0.0,0.7709707935000001,0.9085519135,0.0,0.0
0.9754862508062228,0.009745979,0.743265767,0.89884118,0.0,0.0
0.981968740699746,0.07620219,0.691271965,0.893434104,0.0,0.0
0.9816346219209826,0.132655352,0.748483318,0.88516381,0.0,0.0
0.9807304711112506,0.159559879,0.790535141,0.884239533,0.0,0.0
0.9797580154436933,0.268608376,0.7534817229999999,0.8474908655,0.0,0.0
0.9788449493784334,0.3196695165,0.6841927315,0.7866939975,0.0,0.0
0.9796332009001383,0.209861228,0.586053307,0.698754826,0.0,0.0
0.9848688258990789,0.162575626,0.501303021,0.643079527,0.0,0.0
0.9858620384445266,0.118161789,0.393279559,0.594545626,0.0,0.0
0.9832512667650809,0.068371901,0.334708281,0.603885065,0.0,0.0
0.9492557308019411,0.015494354,0.308395525,0.598102646,0.0,0.0
0.8812064121728993,0.001932541,0.300744731,0.58391179,0.0,0.0
0.8139427847268331,0.0,0.27972535200000004,0.52906842,0.0,0.0
0.7189592300448416,0.0,0.232608124,0.4711752135,0.0,0.0
0.7154529486431344,0.0,0.16803142000000001,0.3232280443333333,0.0,0.0
0.8207038211912633,0.0,0.1527265665,0.28243847499999997,0.0,0.0
0.9483600838841705,0.0,0.142851321,0.271676197,0.0,0.0
0.9827099466476066,0.085889652,0.142338832,0.259944771,0.0,0.0
0.9853774106923929,0.313817705,0.117001985,0.257481315,0.0,0.0
0.980403118910134,0.500885795,0.11965939,0.251543779,0.0,0.0
0.9759043107918844,0.61742708,0.140127016,0.231026038,0.0,0.0
0.9707817959839659,0.6840757415000001,0.164101633,0.1815468955,0.0,0.0
0.9651472216797838,0.6387483894999999,0.168391864,0.177855281,0.0,0.0
0.965382220419128,0.563079296,0.183133018,0.21059234,0.0,0.0
0.9725120998011231,0.514134702,0.22776467,0.265579968,0.0,0.0
0.9747295001463764,0.413357263,0.276040314,0.330840941,0.0,0.0
0.9759984016422916,0.273023166,0.306908584,0.383075875,0.0,0.0
0.9469391189288223,0.046873094,0.347690659,0.42025303,0.0,0.0
0.8812064121728993,0.002034427,0.396726515,0.458118319,0.0,0.0
0.8163882800382746,0.0,0.4295556495,0.5116525255,0.0,0.0
0.6982895842697993,0.0,0.46967439899999996,0.523753373,0.0,0.0
0.6855659469536711,0.0,0.48242589025000004,0.524951065,0.0,0.0
0.7301489635603453,0.0,0.558619388,0.6403207895,0.0,0.0
0.7929224239756324,0.03311091,0.577671452,0.652769898,0.0,0.0
0.8245106404297491,0.108918561,0.628661183,0.65876756,0.0,0.0
0.8406044862855424,0.190783256,0.5987579,0.651059134,0.0,0.0
0.8424906024331391,0.244622238,0.571285149,0.637877297,0.0,0.0
0.8401932841430126,0.350864198,0.508339653,0.593209751,0.0,0.0
0.8382823575575394,0.4274115766666666,0.47836844100000003,0.5509843276666667,0.0,0.0
0.8447940469561087,0.321913818,0.437877827,0.523692516,0.0,0.0
0.8595450169243458,0.246847257,0.40743297,0.530831915,0.0,0.0
0.8612719373783593,0.141703338,0.377075525,0.542853878,0.0,0.0
0.8599208319898602,0.063086722,0.339868924,0.545719911,0.0,0.0
0.8391526147344743,0.015651852,0.308825411,0.543469316,0.0,0.0
0.796709469372523,0.0010483625,0.26822711850000003,0.486250077,0.0,0.0
0.7455664337717949,0.0,0.228464271,0.418299023,0.0,0.0
0.6454119473475112,0.0,0.176029293,0.34871852400000003,0.0,0.0
0.611885677252771,0.0,0.205155288,0.37250056200000004,0.0,0.0
0.6089765852351436,0.0,0.27068824700000005,0.426491436,0.0,0.0
0.6297907505746204,0.0,0.341157765,0.536471973,0.0,0.0
0.6756557790607515,0.030490499,0.347622492,0.565957203,0.0,0.0
0.732804814889686,0.079843066,0.34216328,0.573526728,0.0,0.0
0.7693344049736496,0.152548522,0.346459385,0.564496897,0.0,0.0
0.775252897952203,0.267212573,0.356602994,0.556729821,0.0,0.0
0.7759869717402335,0.39508397900000003,0.40360336750000003,0.583493983,0.0,0.0
0.7735647476410671,0.4815846545,0.4503924465,0.678204331,0.0,0.0
0.7766566724440176,0.450712937,0.437639119,0.654731531,0.0,0.0
0.7840088403601575,0.439386351,0.432489207,0.634422245,0.0,0.0
0.7874335122840604,0.356226757,0.406445027,0.617240336,0.0,0.0
0.7880591392649365,0.245716755,0.392231558,0.599712763,0.0,0.0
0.7617600398631704,0.0339965665,0.3850708405,0.540414226,0.0,0.0
0.7148808136413478,0.0,0.3463268195,0.442710445,0.0,0.0
0.6782295179116342,0.0,0.319584416,0.4145075575,0.0,0.0
0.654014477603234,0.0,0.29571532300000003,0.471283248,0.0,0.0
0.6636496306691242,0.0,0.28532505799999996,0.48815957249999997,0.0,0.0
0.7797439337144596,0.0,0.257722604,0.435973336,0.0,0.0
0.8757916577012201,0.136887573,0.225726452,0.372778454,0.0,0.0
0.9019822187330652,0.307821139,0.166801165,0.314522043,0.0,0.0
0.9086762074697019,0.458419006,0.126713506,0.251692043,0.0,0.0
0.9056208584246851,0.606176972,0.122024247,0.21038822,0.0,0.0
0.9010959901457962,0.718299401,0.117012446,0.200405245,0.0,0.0
0.897117013879803,0.789360693,0.0993141505,0.1719369535,0.0,0.0
0.8929656747187179,0.6332023259999999,0.075143387,0.119760229,0.0,0.0
0.8950639297569505,0.442042041,0.053327684,0.07416557,0.0,0.0
0.895144304772453,0.23640758,0.043655622,0.056195838,0.0,0.0
0.8973502752305124,0.105776844,0.043762805,0.053673693,0.0,0.0
0.8788875143520698,0.021436325,0.053704194,0.064071273,0.0,0.0
0.8084101651174976,0.001585317,0.104028166,0.1263740155,0.0,0.0
0.7143132963163656,0.0,0.218836278,0.286861829,0.0,0.0
0.6488417626909233,0.0,0.36838254049999997,0.42990056600000004,0.0,0.0
0.637358669354175,0.0,0.515247183,0.545842871,0.0,0.0
0.6468512229981973,0.0,0.6323836110000001,0.707579513,0.0,0.0
0.7657999602918442,0.0,0.6524550075,0.804443672,0.0,0.0
0.8650682182774998,0.006222726,0.607754545,0.794376192,0.0,0.0
0.900973004405002,0.025037387,0.556431573,0.770367389,0.0,0.0
0.9119477188160207,0.052038777,0.513185741,0.749477473,0.0,0.0
0.9110722799197829,0.071289799,0.472864385,0.733822089,0.0,0.0
0.906963917289134,0.089490351,0.393871559,0.689549401,0.0,0.0
0.9026330372174232,0.102059977,0.359210037,0.6681349615,0.0,0.0
0.895129537377819,0.11083436999999999,0.351786256,0.6612211905000001,0.0,0.0
0.8956417339209507,0.134133117,0.376312404,0.671612321,0.0,0.0
0.8942979437434947,0.092677183,0.422920989,0.706502232,0.0,0.0
0.8933845575801534,0.051874561,0.454773999,0.746455506,0.0,0.0
0.8723390967395965,0.021394937,0.469724613,0.782231409,0.0,0.0
0.8287863368407983,0.003579079,0.459912493,0.801126221,0.0,0.0
0.7580975802515588,0.0,0.47107902700000004,0.8255262375000001,0.0,0.0
0.662567813607231,0.0,0.501745367,0.8356454879999999,0.0,0.0
0.6263930989569602,0.0,0.482414133,0.8019699865000001,0.0,0.0
0.6298902821262471,0.0,0.44870752550000004,0.7952632895,0.0,0.0
0.7369019763170965,0.0,0.5206044905,0.8526009235,0.0,0.0
0.8458169772677172,0.038913039,0.563026128,0.877014318,0.0,0.0
0.8767532321892999,0.119961336,0.500715334,0.842786462,0.0,0.0
0.8840263967477481,0.368504073,0.4827925,0.772897023,0.0,0.0
0.8827440535106651,0.489991527,0.468270782,0.691103102,0.0,0.0
0.8774405805758878,0.48441212899999997,0.340986964,0.5502776835000001,0.0,0.0
0.8693025842069426,0.3603276525,0.2086408135,0.3739382095,0.0,0.0
0.8688930280389218,0.297894946,0.16900427899999998,0.28042402899999996,0.0,0.0
0.8740435232243663,0.229190087,0.157424324,0.250401353,0.0,0.0
0.877767109975551,0.129286144,0.168566229,0.257622478,0.0,0.0
0.8665942468998198,0.036828715,0.233602736,0.301354095,0.0,0.0
0.8328063693460205,0.002330081,0.3264507,0.375070005,0.0,0.0
0.7590889639199254,0.0,0.415127766,0.5261532165,0.0,0.0
0.6772173318069551,0.0,0.452261855,0.602908355,0.0,0.0
0.6386964704199767,0.0,0.411519436,0.6381678470000001,0.0,0.0
0.6242637088620135,0.0,0.3983492005,0.674568607,0.0,0.0
0.6679475010999765,0.0,0.3846121685,0.6837161375,0.0,0.0
0.8200856694333107,0.026812488,0.3510787995,0.6352726075,0.0,0.0
0.8813664307422565,0.15521234,0.311916553,0.563423486,0.0,0.0
0.8904593265100811,0.247428581,0.344498822,0.531006669,0.0,0.0
0.885764381432452,0.322980403,0.340206811,0.515632604,0.0,0.0
0.8872039999975908,0.23840836650000002,0.394723461,0.573255851,0.0,0.0
0.8875439709154604,0.265601616,0.571636486,0.786667834,0.0,0.0
0.8844418049805547,0.205166427,0.745709112,0.86144416,0.0,0.0
0.8906037089533265,0.170014776,0.850369105,0.895620752,0.0,0.0
0.8937385187239463,0.164338647,0.88694946,0.929741765,0.0,0.0
0.8945422691762538,0.202180215,0.888512499,0.93443003,0.0,0.0
0.8745370205249647,0.112239238,0.889180226,0.936334789,0.0,0.0
0.8298853445148658,0.00385829,0.876538974,0.936475459,0.0,0.0
0.7613789441083172,0.0,0.8535868904999999,0.935150624,0.0,0.0
0.6794885440064179,0.0,0.821783927,0.930836413,0.0,0.0
0.6389363497074778,0.0,0.812411757,0.92929267925,0.0,0.0
0.6854001790675193,0.0,0.788710225,0.9255624920000001,0.0,0.0
0.8032769977397368,0.001195116,0.762489411,0.913764459,0.0,0.0
0.8593810665070895,0.149949593,0.700859512,0.887564216,0.0,0.0
0.8893158795309224,0.273949008,0.631046999,0.839756264,0.0,0.0
0.8965695673808447,0.514316477,0.622550428,0.804017946,0.0,0.0
0.8954948827017428,0.655238817,0.568097631,0.767785157,0.0,0.0
0.8929398888004563,0.775889058,0.475276318,0.695397896,0.0,0.0
0.8871333631877103,0.8659024559999999,0.36352906399999996,0.6025424965,0.0,0.0
0.8807124576530305,0.814707323,0.251743901,0.45962805,0.0,0.0
0.8788967497056791,0.734521882,0.177151155,0.336294368,0.0,0.0
0.8809360264308601,0.552183074,0.120078936,0.222753841,0.0,0.0
0.8813611272365464,0.379894912,0.090560556,0.155413382,0.0,0.0
0.8843138815391948,0.210053142,0.076319949,0.127269144,0.0,0.0
0.8719187508062243,0.054696326,0.108572077,0.132748694,0.0,0.0
0.8044249252001907,0.0,0.239598586,0.2182298975,0.0,0.0
0.741182839112667,0.0,0.432830775,0.378621628,0.0,0.0
0.6585605825726933,0.0,0.611565655,0.586251291,0.0,0.0
0.6172285377102174,0.0,0.7144724855,0.7573471595,0.0,0.0
0.5985567924716865,0.0,0.7746326965,0.8514041195,0.0,0.0
0.6030633957623002,0.0,0.806735202,0.894829919,0.0,0.0
0.6289127972696777,0.001600776,0.83303878,0.91900574,0.0,0.0
0.6624332150766706,0.08969938,0.836743393,0.924808353,0.0,0.0
0.7129420741718188,0.217950924,0.837945593,0.928272538,0.0,0.0
0.7466898557063132,0.406884828,0.76542185,0.92551453,0.0,0.0
0.7457276411707112,0.542926036,0.744394001,0.915811087,0.0,0.0
0.7409829529849993,0.632111271,0.623868368,0.873239187,0.0,0.0
0.7378990521126889,0.6930886205,0.47124394150000004,0.801075202,0.0,0.0
0.7334307618200027,0.5864916035,0.31434447499999996,0.6865009175,0.0,0.0
0.7384403491908306,0.445577215,0.24043927,0.576929745,0.0,0.0
0.7438148704476957,0.326401833,0.229095721,0.529836079,0.0,0.0
0.7460703552555619,0.22495617,0.25989742,0.528342584,0.0,0.0
0.7441018523871296,0.075794155,0.323816823,0.534580878,0.0,0.0
0.7273261901857732,0.0013981435,0.3285109005,0.54530173,0.0,0.0
0.6724358394766357,0.0,0.287663086,0.49485777200000003,0.0,0.0
0.6157175965062925,0.0,0.23587939800000002,0.3587909335,0.0,0.0
0.5969202138484329,0.0,0.230408806,0.337199962,0.0,0.0
0.6111599700868723,0.0007022946666666666,0.2318117696666667,0.3482171586666667,0.0,0.0
0.6608700164302785,0.134460595,0.215257336,0.380195534,0.0,0.0
0.6968370270384666,0.309410897,0.182025252,0.361652859,0.0,0.0
0.7282825983636522,0.457783604,0.136269379,0.337910668,0.0,0.0
0.7249202879673035,0.604530826,0.123608569,0.323951136,0.0,0.0
0.717224171429691,0.72459313,0.105868393,0.3001431135,0.0,0.0
0.704359546293006,0.8102975065,0.08649569700000001,0.24380116400000001,0.0,0.0
0.699866818923498,0.710971217,0.079781486,0.207672914,0.0,0.0
0.7023193551292842,0.600464273,0.076700892,0.188555066,0.0,0.0
0.7077121183350918,0.442582258,0.081690391,0.179997847,0.0,0.0
0.7171997114621772,0.267186681,0.107387935,0.199298852,0.0,0.0
0.725327649527419,0.096673322,0.139167217,0.235918143,0.0,0.0
0.7188869473347727,0.0,0.1509158895,0.269047011,0.0,0.0
0.6699628817762747,0.0,0.14054482333333335,0.2600411603333333,0.0,0.0
0.6223678696453884,0.0,0.18523707966666667,0.26660271766666666,0.0,0.0
0.6657674308649963,0.0,0.1690491335,0.190058322,0.0,0.0
0.7856275883237145,0.002599517,0.151942288,0.140332762,0.0,0.0
0.8443043900892834,0.147580385,0.149638229,0.130437787,0.0,0.0
0.8713802654184976,0.284260916,0.122097387,0.127753581,0.0,0.0
0.8736626790441603,0.408550322,0.103897279,0.120752373,0.0,0.0
0.8677794815798553,0.485153978,0.092127008,0.130501219,0.0,0.0
0.8567602364496197,0.6573770430000001,0.097782169,0.1694997235,0.0,0.0
0.847818855359191,0.6584067385,0.113078998,0.227244764,0.0,0.0
0.8452214337095055,0.647428281,0.134275141,0.309292895,0.0,0.0
0.8504138994983991,0.567894699,0.144112378,0.356859138,0.0,0.0
0.8556862832321659,0.403655322,0.148435765,0.37974834,0.0,0.0
0.8680591940896296,0.206170174,0.176615376,0.384249991,0.0,0.0
0.8479915839851067,0.035706422,0.2525138875,0.4176810705,0.0,0.0
0.7584264870130584,0.0,0.346566821,0.524311884,0.0,0.0
0.6638987338648887,0.0,0.428689375,0.6443569499999999,0.0,0.0
0.6297144446025262,0.0,0.539569507,0.731043771,0.0,0.0
0.6343708709632844,0.0,0.6310126645,0.8104225345,0.0,0.0
0.7052213606198242,0.0,0.696082006,0.874044218,0.0,0.0
0.793439421098141,0.002307287,0.73880146,0.901558396,0.0,0.0
0.8510045966215303,0.051214598,0.770528948,0.908841105,0.0,0.0
0.8829541808446086,0.105935029,0.757616659,0.900709885,0.0,0.0
0.8920510998744583,0.192477905,0.762308817,0.892038449,0.0,0.0
0.8929089823533773,0.273982655,0.774046778,0.890812646,0.0,0.0
0.8894973557454815,0.384782518,0.7672303989999999,0.8842087483333333,0.0,0.0
0.8799274979317027,0.4317309405,0.774588614,0.8779579955,0.0,0.0
0.8809360264308601,0.355407605,0.782333459,0.88546116,0.0,0.0
0.8813611272365464,0.280480136,0.765621062,0.893813664,0.0,0.0
0.8829527177726718,0.174569697,0.798493554,0.909613538,0.0,0.0
0.8718080179770388,0.073498701,0.821632527,0.921587537,0.0,0.0
0.8039865200718073,0.0006783015,0.8349036320000001,0.928637767,0.0,0.0
0.7090020052442122,0.0,0.8399481225000001,0.928335982,0.0,0.0
0.6438467827028489,0.0,0.8420671485,0.92455097,0.0,0.0
0.6310753797594141,0.0,0.8172349480000001,0.909154723,0.0,0.0
0.6840824032693192,0.0,0.792074044,0.9051409374999999,0.0,0.0
0.8025705385240878,0.00430643,0.785847653,0.897239451,0.0,0.0
0.858890861006868,0.151990596,0.753349502,0.885695816,0.0,0.0
0.88958535068578,0.341597194,0.759307118,0.87848121,0.0,0.0
0.8970478857746018,0.530446057,0.753408553,0.857553527,0.0,0.0
0.8954948827017428,0.689237428,0.733609236,0.832680102,0.0,0.0
0.892542494055598,0.80796909,0.651180519,0.760782196,0.0,0.0
0.8856637068326496,0.8895714994999999,0.6952025964999999,0.7920490815,0.0,0.0
0.8766820010389603,0.8239144585,0.7434268245,0.8280520014999999,0.0,0.0
0.8769571415789928,0.663291635,0.741784804,0.855373458,0.0,0.0
0.8783193111981823,0.504533858,0.715388139,0.866473543,0.0,0.0
0.8808801570899343,0.322526131,0.728526303,0.8791546,0.0,0.0
0.8719187508062243,0.136306265,0.773558181,0.897831892,0.0,0.0
0.828899538594587,0.001497122,0.795753484,0.909111512,0.0,0.0
0.7589426383691016,0.0,0.7869146714999999,0.900529557,0.0,0.0
0.6663960066574764,0.0,0.7773241504999999,0.8899940749999999,0.0,0.0
0.6360784406818966,0.0,0.7729334095,0.902025013,0.0,0.0
0.7585147943964345,0.0020681875,0.7850771495,0.9155107945000001,0.0,0.0
0.8560640184402465,0.078831603,0.809493304,0.920977704,0.0,0.0
0.8847961317808511,0.274138065,0.786489227,0.926332253,0.0,0.0
0.8918607234914183,0.458944603,0.808068195,0.926662959,0.0,0.0
0.8862079529453566,0.581214343,0.80864502,0.921971424,0.0,0.0
0.8821550022877225,0.642873222,0.805796334,0.908198183,0.0,0.0
0.8712481662591421,0.7519485496666668,0.834296576,0.9206801006666666,0.0,0.0
0.8631825593491735,0.6712923,0.852910526,0.928555179,0.0,0.0
0.8658713286822852,0.54607138,0.848787835,0.931025553,0.0,0.0
0.8696336855763475,0.40847302,0.85726134,0.933865266,0.0,0.0
0.8761608891659802,0.225879403,0.886222251,0.936122865,0.0,0.0
0.8655681163506009,0.082907655,0.890291242,0.937110864,0.0,0.0
0.782912179725192,0.000837074,0.8917107026666665,0.936769233,0.0,0.0
0.6493392909333244,0.0,0.882572251,0.9349945336666666,0.0,0.0
0.6210714067409708,0.0,0.8801256565,0.9362873734999999,0.0,0.0
0.6622445303008822,0.0,0.871141092,0.936486446,0.0,0.0
0.7846576013577993,0.004728537,0.874701514,0.936462178,0.0,0.0
0.8455511634210994,0.06082456,0.87606728,0.936685452,0.0,0.0
0.8747102064444713,0.148940385,0.865804732,0.936043157,0.0,0.0
0.8813847186212233,0.30768842,0.82084236,0.934647847,0.0,0.0
0.879264152293358,0.507762324,0.806324365,0.931035436,0.0,0.0
0.8718498056779157,0.579974033,0.699305112,0.907854264,0.0,0.0
0.8636452416168188,0.7016696565,0.6674893245,0.8834887375,0.0,0.0
0.8534742777324281,0.620235297,0.6325521055,0.850100238,0.0,0.0
0.8543881210407193,0.466020061,0.597148447,0.833081211,0.0,0.0
0.8560567947919703,0.355716748,0.569000181,0.845975114,0.0,0.0
0.8639832008293555,0.201362332,0.60311183,0.856451061,0.0,0.0
0.8562071207884479,0.074012579,0.64370016,0.848698407,0.0,0.0
0.8063330325393387,0.0007573075,0.659791521,0.8417545145,0.0,0.0
0.6963917182112473,0.0,0.5679882265,0.7835225290000001,0.0,0.0
0.5989603364515602,0.0,0.47770420474999997,0.7365020757499999,0.0,0.0
0.5966664472688008,0.0,0.38853370200000004,0.6556118980000001,0.0,0.0
0.6196345084521212,0.007325451,0.341440519,0.602910064,0.0,0.0
0.650371608856325,0.10827756,0.314414119,0.586949509,0.0,0.0
0.6930043077255424,0.296632462,0.260935094,0.580880532,0.0,0.0
0.7289116999731572,0.441344723,0.253710435,0.553179147,0.0,0.0
0.7370046625479113,0.54691532,0.236729148,0.498777769,0.0,0.0
0.7340705161479908,0.54974146,0.192748341,0.363354575,0.0,0.0
0.7316451372953157,0.4887135775,0.1787505995,0.287383597,0.0,0.0
0.7277572573610627,0.337823505,0.16006655250000001,0.21167045750000002,0.0,0.0
0.7365763155745906,0.19592046,0.143538434,0.201078615,0.0,0.0
0.7420195991315124,0.172471673,0.130190684,0.189538971,0.0,0.0
0.7453767889990437,0.100563591,0.110491877,0.167426217,0.0,0.0
0.7383957726902303,0.058723319,0.098901553,0.158029296,0.0,0.0
0.729322261919524,0.003267458,0.099722567,0.15148031,0.0,0.0
0.7012218104528332,0.0,0.103107228,0.149705869,0.0,0.0
0.6171157359861299,0.0,0.10908412749999999,0.16223740175,0.0,0.0
0.5944820717505465,0.0,0.08190645833333333,0.11953805933333332,0.0,0.0
0.6223591677142611,0.0046425,0.072551207,0.108401908,0.0,0.0
0.6576321090652774,0.052711631,0.066473355,0.096774991,0.0,0.0
0.7036796958713925,0.093145894,0.061045515,0.093590427,0.0,0.0
0.7404356894629336,0.141742768,0.058611044,0.084729468,0.0,0.0
0.7465001193707952,0.187825019,0.053048996,0.06171292,0.0,0.0
0.7442579389599466,0.229450777,0.045521288,0.045784533,0.0,0.0
0.7407053207783125,0.271126173,0.038171911,0.0502080955,0.0,0.0
0.737249170957563,0.19355512,0.046995118,0.091592904,0.0,0.0
0.746115434756816,0.139758774,0.063688838,0.15811222,0.0,0.0
0.7489801330277742,0.097277803,0.071510297,0.170806597,0.0,0.0
0.7504708661358457,0.062748209,0.07974584,0.154559647,0.0,0.0
0.7441018523871296,0.031837681,0.094694856,0.138770639,0.0,0.0
0.7321789136664322,0.001284655,0.108210036,0.137680715,0.0,0.0
0.6928366234995528,0.0,0.09455465833333333,0.130006561,0.0,0.0
0.6385060482555532,0.0,0.08174702049999999,0.1016673875,0.0,0.0
0.6301907360800363,0.0,0.09667307399999998,0.10705941233333334,0.0,0.0
0.7477503674055604,0.003030523,0.118574686,0.11490063049999999,0.0,0.0
0.8508747530376042,0.042834518,0.114873894,0.124166278,0.0,0.0
0.8833523070511149,0.109990434,0.101520967,0.129994136,0.0,0.0
0.8920510998744583,0.22184449,0.103001891,0.132151675,0.0,0.0
0.8835236183864773,0.402409393,0.1101408245,0.1172002835,0.0,0.0
0.8664711392239774,0.3927017156666666,0.090750014,0.09729493333333333,0.0,0.0
0.8594875473902943,0.2686885625,0.09239820500000001,0.088171551,0.0,0.0
0.8608651244516399,0.249809287,0.097822088,0.076772251,0.0,0.0
0.8625614128495926,0.158405967,0.105595175,0.070060906,0.0,0.0
0.8562071207884479,0.059851633,0.113455813,0.080022651,0.0,0.0
0.8323780681540831,0.002703895,0.126548169,0.096767957,0.0,0.0
0.7588982675131243,0.0,0.146646343,0.12662839650000002,0.0,0.0
0.649132257360592,0.0,0.1859385,0.20855845066666667,0.0,0.0
0.621475819415162,0.0,0.18177684700000002,0.260587103,0.0,0.0
0.6655122241041191,0.0,0.1623139695,0.259669024,0.0,0.0
0.7875227569966687,0.005881863,0.186618781,0.26006189,0.0,0.0
0.8475507557135035,0.064301229,0.169221869,0.299319993,0.0,0.0
0.8810999768481165,0.173878821,0.156332571,0.265632736,0.0,0.0
0.8875279690585247,0.242045536,0.179176197,0.254643452,0.0,0.0
0.8828428078192603,0.404962257,0.201914091,0.285683225,0.0,0.0
0.8743873345760094,0.485598903,0.223722595,0.269469452,0.0,0.0
0.8634562368172691,0.5647264715,0.2484463815,0.2844098315,0.0,0.0
0.8525670180992115,0.46227617249999997,0.2436621885,0.2675806985,0.0,0.0
0.8494135548674419,0.369918949,0.214768576,0.27675977,0.0,0.0
0.8488990265208955,0.220486476,0.203190382,0.298417942,0.0,0.0
0.8522532902445533,0.101873759,0.213854725,0.323291595,0.0,0.0
0.8496238648809964,0.035606817,0.269018484,0.348171105,0.0,0.0
0.829149167533056,0.004408732,0.340824668,0.41065668,0.0,0.0
0.7592256198628817,0.0,0.44358009649999997,0.531806355,0.0,0.0
0.6605131978890075,0.0,0.52030427,0.6408059495,0.0,0.0
0.6224984296286891,0.0,0.5704923260000001,0.742452603,0.0,0.0
0.626881978580754,0.0,0.547282272,0.7806218075,0.0,0.0
0.7339105889927595,0.0081410745,0.47714003400000005,0.7393216385,0.0,0.0
0.8323176269177358,0.103865452,0.415612201,0.685025498,0.0,0.0
0.8544516712491919,0.145170639,0.339231789,0.606451369,0.0,0.0
0.8558113719437781,0.24507422,0.248482306,0.50992988,0.0,0.0
0.8499473767969804,0.502714713,0.211741365,0.437040479,0.0,0.0
0.8465482164003204,0.746999864,0.18139548,0.301984339,0.0,0.0
0.8426545528503955,0.8100917485,0.2780238175,0.312026904,0.0,0.0
0.8352673179553218,0.6675918985,0.3274644885,0.33974490999999996,0.0,0.0
0.8331965402939616,0.593064617,0.276864119,0.327919389,0.0,0.0
0.8319034987799734,0.482857124,0.228587706,0.305691176,0.0,0.0
0.8330942199426116,0.322574734,0.191641012,0.276451602,0.0,0.0
0.8290775706518925,0.152931227,0.186020334,0.269463283,0.0,0.0
0.8212422380555557,0.00570354,0.180409139,0.263647021,0.0,0.0
0.7640242113169293,0.0,0.159819757,0.2444809605,0.0,0.0
0.6766299264842011,0.0,0.137105675,0.181931684,0.0,0.0
0.6347918113114361,0.0,0.1213882875,0.1469043425,0.0,0.0
0.6202024372893107,0.0,0.11364762049999999,0.120081153,0.0,0.0
0.6627605217193652,0.0,0.1132442615,0.107614426,0.0,0.0
0.7811194534377298,0.033202743,0.11601453,0.099044023,0.0,0.0
0.8332372307280461,0.216942812,0.115605888,0.102382805,0.0,0.0
0.8498590465229128,0.386892968,0.103852087,0.10919044,0.0,0.0
0.8472557728827619,0.558657532,0.088624884,0.119262875,0.0,0.0
0.8450647069405254,0.711649563,0.093685584,0.128483041,0.0,0.0
0.8422187079864207,0.8509107929999999,0.1016504805,0.1380442595,0.0,0.0
0.8359301606673332,0.890211657,0.11624641150000001,0.16543512,0.0,0.0
0.8316213174942367,0.791280863,0.140558535,0.206535998,0.0,0.0
0.8305545879250591,0.668108966,0.164821005,0.240517788,0.0,0.0
0.8296535460874525,0.514173233,0.187444926,0.278899189,0.0,0.0
0.8311747284233326,0.338665981,0.229993084,0.31545828,0.0,0.0
0.8283110360050406,0.16366434,0.306914001,0.361412458,0.0,0.0
0.8198344403017161,0.008410388,0.38567861,0.413157903,0.0,0.0
0.765212326359455,0.0,0.446898156,0.4919932945,0.0,0.0
0.6766839213153033,0.0,0.468791949,0.55281185,0.0,0.0
0.6275109201412183,0.0,0.42442405225,0.53628861375,0.0,0.0
0.6600777873536114,0.0,0.382884602,0.5301353735000001,0.0,0.0
0.7802145713149906,0.043635926,0.374106849,0.562488282,0.0,0.0
0.829116889576807,0.227252749,0.362558138,0.594470868,0.0,0.0
0.8451950993064885,0.411854782,0.320225862,0.611119012,0.0,0.0
0.844623604352224,0.582770412,0.289326532,0.618526447,0.0,0.0
0.842440219426175,0.726800152,0.29498481,0.61791411,0.0,0.0
0.8412191404498539,0.835102123,0.279246058,0.558635434,0.0,0.0
0.8394657025416106,0.9068202009999999,0.31280169950000003,0.5653075544999999,0.0,0.0
0.8314596529503706,0.838599426,0.391261657,0.68440365,0.0,0.0
0.8298005802835529,0.680813438,0.473331361,0.744854543,0.0,0.0
0.8287771929013149,0.528426287,0.486109187,0.771003537,0.0,0.0
0.8289754331287942,0.350134122,0.494145289,0.80774102,0.0,0.0
0.8271142798750443,0.169147643,0.523119969,0.836271916,0.0,0.0
0.8182092001515306,0.009712206,0.543625841,0.852886198,0.0,0.0
0.7644131478768892,0.000548794,0.5554074090000001,0.854987206,0.0,0.0
0.6380632310949881,0.0,0.5083604184999999,0.831554132,0.0,0.0
0.5904636394136764,0.0,0.432066527,0.7722033696666667,0.0,0.0
0.6033452113667599,0.017163850666666668,0.4100662036666667,0.7255535276666666,0.0,0.0
0.6482869326061287,0.219894578,0.361201566,0.69448522,0.0,0.0
0.6913057790126216,0.416421832,0.305733503,0.669917129,0.0,0.0
0.7203542720350598,0.594506434,0.309383573,0.650543391,0.0,0.0
0.7207662970533634,0.739754,0.327725289,0.629291744,0.0,0.0
0.7171756172254876,0.843321901,0.248091482,0.518221019,0.0,0.0
0.7119262305359386,0.8883759419999999,0.32349255450000003,0.5534884225000001,0.0,0.0
0.7039178949226674,0.760840392,0.37309764349999996,0.5717820140000001,0.0,0.0
0.7078711768331659,0.61503402,0.346286873,0.560215125,0.0,0.0
0.7108340809279642,0.450597156,0.307818319,0.536358865,0.0,0.0
0.7183910726723376,0.313165879,0.269209702,0.502860507,0.0,0.0
0.7208156742076609,0.15459623,0.263529859,0.484816328,0.0,0.0
0.7256182889237336,0.00764622,0.257881382,0.452730269,0.0,0.0
0.7005339592142323,0.0,0.24919574949999998,0.42318584049999997,0.0,0.0
0.6413894002106227,0.0,0.2183093485,0.366016885,0.0,0.0
0.6005235351351126,0.0,0.1769371885,0.2926465795,0.0,0.0
0.5978172551660654,0.0,0.1180257145,0.1830952625,0.0,0.0
0.6185189046549793,0.0254756915,0.0764195285,0.10631138949999999,0.0,0.0
0.6608253941482948,0.178104462,0.050104927,0.051052456,0.0,0.0
0.7074422813750898,0.337051084,0.041764921,0.036526923,0.0,0.0
0.7331475289745365,0.437289486,0.041964588,0.04582999,0.0,0.0
0.7379126536427759,0.599268027,0.042256394,0.059146778,0.0,0.0
0.7329586155147925,0.724429786,0.045598056,0.060593493,0.0,0.0
0.7210197207433162,0.7225667636666667,0.066064828,0.089167563,0.0,0.0
0.715546445227403,0.507812315,0.107973427,0.136802042,0.0,0.0
0.7198078771701513,0.404787954,0.152393737,0.185375065,0.0,0.0
0.7216931246605908,0.323758025,0.207196812,0.26742474,0.0,0.0
0.726060351731959,0.232292984,0.271418009,0.365826938,0.0,0.0
0.7302926145419427,0.125532316,0.375289959,0.457955851,0.0,0.0
0.7262800344432729,0.009343154,0.471331399,0.562677746,0.0,0.0
0.7005944919390259,0.0,0.5654030655,0.7047968275000001,0.0,0.0
0.6486551885905038,0.0,0.649139189,0.840385123,0.0,0.0
0.6195759188349059,0.0,0.536345254,0.7771144955,0.0,0.0
0.660178073331898,0.0,0.4568024425,0.7482711975,0.0,0.0
0.7802145713149906,0.037735094,0.464490276,0.778303668,0.0,0.0
0.8362018721371588,0.136225663,0.474718457,0.778488647,0.0,0.0
0.8628548411942716,0.214836864,0.46100748,0.771214514,0.0,0.0
0.865986541992766,0.399876495,0.487677862,0.79428008,0.0,0.0
0.8615777100487728,0.625954673,0.587649295,0.830303086,0.0,0.0
0.858506084830122,0.7752335685,0.6683777915,0.7799233919999999,0.0,0.0
0.8536191174692642,0.844016411,0.768334318,0.813160813,0.0,0.0
0.8506562591558493,0.6899945185,0.7944407465,0.8377322155,0.0,0.0
0.8548875618945501,0.571668134,0.82129483,0.878139119,0.0,0.0
0.8608675019621171,0.428239007,0.806885402,0.900636704,0.0,0.0
0.8647870426957889,0.239995823,0.772756943,0.903342756,0.0,0.0
0.84560694142222,0.0561170015,0.6966350745000001,0.8916209820000001,0.0,0.0
0.7592264885200389,0.0,0.634499726,0.8676806515,0.0,0.0
0.6607796288924558,0.0,0.6110500809999999,0.867439561,0.0,0.0
0.6224239218641131,0.0,0.5353986983333333,0.7979615166666667,0.0,0.0
0.6612311098082219,0.0,0.5451812380000001,0.8078597185,0.0,0.0
0.8106802801244887,0.0163503235,0.662342687,0.7979437334999999,0.0,0.0
0.8724671115950824,0.043163693,0.741044093,0.876183198,0.0,0.0
0.8808840889378333,0.076092583,0.792222635,0.911846427,0.0,0.0
0.8806119660301207,0.203355551,0.85392391,0.927480768,0.0,0.0
0.8735812066875449,0.3556756065,0.8472835830000001,0.9268344055,0.0,0.0
0.8664045105643017,0.391226667,0.870932971,0.9349381704999999,0.0,0.0
0.8664155289392885,0.465845442,0.8442619855,0.9315327505,0.0,0.0
0.8705370132130238,0.382996562,0.789119732,0.920623498,0.0,0.0
0.8743541421812195,0.266950174,0.728773263,0.905959949,0.0,0.0
0.8636363720683539,0.124555695,0.633422473,0.883066048,0.0,0.0
0.8329945511954757,0.012176667,0.602771274,0.86441191,0.0,0.0
0.7585326022397597,0.0006644765,0.5876659915,0.8671945475,0.0,0.0
0.6610126615592095,0.0,0.48263371200000005,0.798833649,0.0,0.0
0.625621809363474,0.0,0.326561493,0.653351636,0.0,0.0
0.622826764866101,0.0,0.207624741,0.47802492249999995,0.0,0.0
0.667755387402622,0.0,0.129611372,0.36673492750000003,0.0,0.0
0.8192096819779973,0.0364809045,0.1067853755,0.245709507,0.0,0.0
0.883336853753255,0.070040538,0.120722361,0.222643712,0.0,0.0
0.8926250637533262,0.114970526,0.146083983,0.244999065,0.0,0.0
0.8934388724350167,0.214023543,0.164867917,0.304241626,0.0,0.0
0.8918148211143905,0.348323294,0.237055361,0.385191278,0.0,0.0
0.8840545600278462,0.540960408,0.339968342,0.478878893,0.0,0.0
0.8744204813380565,0.6165324050000001,0.445164998,0.5885594114999999,0.0,0.0
0.8690124476626406,0.59858838,0.564597817,0.701293602,0.0,0.0
0.8761053854815579,0.482324274,0.657115464,0.739595239,0.0,0.0
0.8763524542299386,0.371930343,0.684677312,0.81637201,0.0,0.0
0.8784262950077204,0.223820452,0.631503323,0.837336023,0.0,0.0
0.8663834795183541,0.111743758,0.541818765,0.82144568,0.0,0.0
0.8317982522847498,0.007980664,0.488039071,0.78323521,0.0,0.0
0.7586762074399738,0.0,0.4565655995,0.743487891,0.0,0.0
0.6611628047274353,0.0,0.4114558075,0.6513524075,0.0,0.0
0.625421709985726,0.0,0.38955631266666674,0.6536849829999999,0.0,0.0
0.6682316941653665,0.0,0.34134467749999997,0.6174941005,0.0,0.0
0.7875227569966687,0.040059332,0.3234391,0.593737926,0.0,0.0
0.8462153777166012,0.093956073,0.350262062,0.589534736,0.0,0.0
0.8766046435071368,0.207373156,0.33559468,0.58328462,0.0,0.0
0.8835316192034645,0.322945353,0.321389856,0.573377111,0.0,0.0
0.8813144932492297,0.456929486,0.333672174,0.55471404,0.0,0.0
0.8787939262793549,0.6190940185,0.479563387,0.5852554875,0.0,0.0
0.873052276751509,0.653023367,0.5675355965,0.690894361,0.0,0.0
0.8736387220029799,0.556112092,0.6190608155,0.73167065,0.0,0.0
0.877402541820338,0.381181621,0.620636182,0.752833501,0.0,0.0
0.879142995429645,0.239283403,0.619187591,0.759880527,0.0,0.0
0.8665942468998198,0.145397323,0.625177559,0.784301518,0.0,0.0
0.8323467959018596,0.019188449,0.574980058,0.812634292,0.0,0.0
0.7592051374503301,0.001580322,0.5591498260000001,0.8161744184999999,0.0,0.0
0.6622936789941855,0.0,0.5929410749999999,0.8456946065,0.0,0.0
0.6262518254115197,0.0,0.5596165295,0.829652896,0.0,0.0
0.6315351359575063,0.0,0.5608484229999999,0.816982184,0.0,0.0
0.6964799570711893,0.0,0.55817507,0.803337822,0.0,0.0
0.7856275883237145,0.108099388,0.52248524,0.779028743,0.0,0.0
0.8454213198371733,0.225681154,0.471647126,0.758258334,0.0,0.0
0.8737425968403926,0.39828012,0.538712172,0.750290196,0.0,0.0
0.8807151094058855,0.509341013,0.461048618,0.707814758,0.0,0.0
0.8747519027312224,0.636812125,0.396498568,0.639582959,0.0,0.0
0.8704184166880401,0.72199712,0.273623917,0.493565211,0.0,0.0
0.865507126406537,0.772937207,0.2800240275,0.4304093885,0.0,0.0
0.8582840705383549,0.725110123,0.276848221,0.383454619,0.0,0.0
0.8563674137488235,0.587507428,0.244874515,0.344297176,0.0,0.0
0.8573901609348986,0.505122486,0.196029235,0.296920088,0.0,0.0
0.8624363241379805,0.302944663,0.144161563,0.243751302,0.0,0.0
0.8639832008293555,0.149536972,0.096789216,0.199497381,0.0,0.0
0.8566142081061857,0.062051525,0.075507345,0.17138817,0.0,0.0
0.8326222107585902,0.010033815,0.066810106,0.156901684,0.0,0.0
0.7580549467842165,0.001263139,0.046864641,0.1340953915,0.0,0.0
0.6262653888400008,0.0,0.03719031266666667,0.093840414,0.0,0.0
0.5920269752060309,0.0,0.044323019,0.063493748,0.0,0.0
0.6135498019249719,0.034824711,0.06453519,0.061105157,0.0,0.0
0.6507057276350884,0.152686477,0.055592087,0.070304872,0.0,0.0
0.6930043077255424,0.330570721,0.041025145,0.066472928,0.0,0.0
0.7282991031469211,0.488317892,0.040150453,0.06097028,0.0,0.0
0.7319951208841464,0.561213237,0.040549463,0.063568231,0.0,0.0
0.7266228398679291,0.455787202,0.0522011945,0.08696504299999999,0.0,0.0
0.7188644533655291,0.37586323499999996,0.063875854,0.157602414,0.0,0.0
0.721861921364287,0.271256974,0.083466548,0.200895429,0.0,0.0
0.7311017599140862,0.236258595,0.094240742,0.231389642,0.0,0.0
0.737597737032879,0.190553581,0.105099612,0.250444837,0.0,0.0
0.7420711250380114,0.115754448,0.114575122,0.261633579,0.0,0.0
0.7372551601435375,0.056400971,0.131150961,0.270171289,0.0,0.0
0.7262056028323617,0.012414337,0.140334204,0.287969814,0.0,0.0
0.6858606820372675,0.0011792916666666666,0.10356729166666667,0.22639192566666666,0.0,0.0
0.6098184657828065,0.0,0.062087739,0.13001152,0.0,0.0
0.5895401188177402,0.0,0.048650004,0.14611782466666667,0.0,0.0
0.6117938723500744,0.0409029795,0.0493820675,0.1490729015,0.0,0.0
0.6507057276350884,0.181461621,0.028924171,0.112166859,0.0,0.0
0.6946707411618254,0.259874268,0.027809341,0.08687187,0.0,0.0
0.7280684477676834,0.407352367,0.032376033,0.085178447,0.0,0.0
0.7370461758577699,0.528763387,0.027632237,0.077790841,0.0,0.0
0.732289143494964,0.6296789565,0.02139739,0.0415865525,0.0,0.0
0.7214742420829999,0.5027552325,0.0290063265,0.050341335,0.0,0.0
0.725427066774228,0.354067865,0.0475557945,0.071651721,0.0,0.0
0.7373043544695835,0.217734015,0.059776505,0.098024776,0.0,0.0
0.7436279686932844,0.136539776,0.097328494,0.140912887,0.0,0.0
0.737949275033452,0.071928068,0.161712264,0.212896948,0.0,0.0
0.725849127279864,0.008782264,0.230618362,0.299099261,0.0,0.0
0.7010507734341689,0.0011849155,0.27073400999999997,0.3919632085,0.0,0.0
0.6415620145317209,0.0,0.44597051925,0.6075222005,0.0,0.0
0.6270213090186163,0.0,0.5819952305,0.6998292675,0.0,0.0
0.7339127835263443,0.00795304,0.7361292615,0.8404373455,0.0,0.0
0.8381234667758969,0.064101015,0.801128275,0.890438986,0.0,0.0
0.8683690815848348,0.089522125,0.834632594,0.906130313,0.0,0.0
0.871763487109181,0.148845635,0.871939058,0.92171662,0.0,0.0
0.8686827179510468,0.197266893,0.874265942,0.930595309,0.0,0.0
0.8647685719885704,0.231942719,0.818218367,0.915429246,0.0,0.0
0.8641863787574005,0.27809249599999997,0.794693517,0.8741943385,0.0,0.0
0.8643313098340422,0.2750806625,0.7056541515,0.764633645,0.0,0.0
0.8679885116470065,0.091699873,0.520437879,0.742918477,0.0,0.0
0.8691753922272306,0.058150504,0.45937489,0.726527688,0.0,0.0
0.8694208150754228,0.057359573,0.406794473,0.694465143,0.0,0.0
0.8602520247733909,0.044568841,0.366362784,0.671095175,0.0,0.0
0.8319816792618911,0.007395538,0.351193436,0.63316155,0.0,0.0
0.7590455303931803,0.0,0.3831064065,0.61020672,0.0,0.0
0.6296603125759147,0.0,0.39655035266666666,0.5840732510000001,0.0,0.0
0.5937235226602207,0.0,0.42386664949999997,0.608521356,0.0,0.0
0.6124120012916557,0.0,0.445966586,0.635530849,0.0,0.0
0.732439103834938,0.090792918,0.403126658,0.6169438014999999,0.0,0.0
0.8186111667918102,0.162558386,0.443449247,0.630721133,0.0,0.0
0.8387907898948831,0.244860856,0.472596223,0.639544532,0.0,0.0
0.8408723116888522,0.286023933,0.487917057,0.633058033,0.0,0.0
0.8416141578328757,0.318387875,0.371167914,0.558236327,0.0,0.0
0.8441034524762066,0.4430333305,0.330064609,0.5255899175000001,0.0,0.0
0.8390568779838785,0.3100698685,0.3735310275,0.5268968825,0.0,0.0
0.8329454482835559,0.283024791,0.45081086000000004,0.5274958919999999,0.0,0.0
0.8339117776439496,0.142880935,0.520736654,0.58502868,0.0,0.0
0.8119010390770487,0.044404806000000005,0.555295061,0.6694164060000001,0.0,0.0
0.739574949512216,0.0016136685,0.5791767815,0.7684072694999999,0.0,0.0
0.6459540902664389,0.0,0.5547402715,0.7877187155,0.0,0.0
0.6027275167042102,0.0,0.443465789,0.748741025,0.0,0.0
0.6207795252273506,0.0004979846666666667,0.3638602446666666,0.637408654,0.0,0.0
0.7127643165055318,0.139476033,0.363904165,0.57941575,0.0,0.0
0.7736841671904655,0.280764296,0.33892502,0.546172893,0.0,0.0
0.820133263566231,0.431010989,0.341913491,0.551306792,0.0,0.0
0.8362038838424919,0.572172203,0.396416354,0.575174928,0.0,0.0
0.8350949093531671,0.699905128,0.459098814,0.60714578,0.0,0.0
0.834354251890062,0.720669821,0.50322914,0.636346335,0.0,0.0
0.8287832735757359,0.7378313445,0.543120222,0.6604227505,0.0,0.0
0.8210039018087715,0.584521259,0.4888911165,0.644648374,0.0,0.0
0.8204971001111552,0.413399109,0.417119391,0.633064463,0.0,0.0
0.8215855007738025,0.340636578,0.380457144,0.61755769,0.0,0.0
0.821978872107995,0.252200528,0.363864152,0.619149908,0.0,0.0
0.8155945878896708,0.128599061,0.400812368,0.651938519,0.0,0.0
0.7987573414037913,0.0344384,0.465150908,0.698341458,0.0,0.0
0.7380293986229483,0.0015389405,0.5845845185,0.7692660265,0.0,0.0
0.6302567552131122,0.0,0.6472961886666667,0.7690808293333333,0.0,0.0
0.5944439491367808,0.0,0.506094206,0.693849885,0.0,0.0
0.6140397331084952,0.000682332,0.3915012155,0.6265179169999999,0.0,0.0
0.6996765339545837,0.052548194,0.385072969,0.601626077,0.0,0.0
0.7712440210917971,0.11529773,0.352762895,0.564156011,0.0,0.0
0.8196415035799469,0.209819527,0.33332382,0.524401647,0.0,0.0
0.83671237722168,0.387247212,0.355375308,0.543952066,0.0,0.0
0.8355325373128397,0.61251641,0.400315899,0.622419411,0.0,0.0
0.8355701187747988,0.792491649,0.406736548,0.611102618,0.0,0.0
0.8334342364932239,0.8302519635000001,0.49571005199999996,0.63296559,0.0,0.0
0.8264119811912501,0.759677256,0.49683577749999996,0.5805544229999999,0.0,0.0
0.8230352233497079,0.5975792055,0.4433200305,0.561453483,0.0,0.0
0.8225980069022426,0.387633409,0.370702297,0.547483697,0.0,0.0
0.8154515771042362,0.217487913,0.317066409,0.53335851,0.0,0.0
0.7986358187349338,0.072553246,0.293156169,0.519718401,0.0,0.0
0.7396379282709212,0.000891123,0.2542594815,0.467430281,0.0,0.0
0.6501903307057053,0.0,0.2133663095,0.3939357355,0.0,0.0
0.6168269138357496,0.0,0.17410959850000002,0.3109206275,0.0,0.0
0.6346726736098725,0.0007961523333333333,0.15344388966666667,0.20982162866666665,0.0,0.0
0.7228088655789215,0.125815509,0.121459882,0.220100744,0.0,0.0
0.7782616130099033,0.250963002,0.101160497,0.197048325,0.0,0.0
0.8249697565059988,0.219667333,0.088634311,0.171890107,0.0,0.0
0.8389498026115738,0.319497352,0.079055666,0.151433316,0.0,0.0
0.8382801019821101,0.583186072,0.073585229,0.128415774,0.0,0.0
0.8356285484544539,0.721718649,0.064644886,0.10800219,0.0,0.0
0.8328727999169832,0.8434322035,0.078784314,0.1297654715,0.0,0.0
0.8203959682920825,0.812801733,0.10663900949999999,0.1624797495,0.0,0.0
0.8163794105641302,0.653226262,0.118325434,0.175798607,0.0,0.0
0.8151734190805247,0.527830606,0.116470238,0.180601627,0.0,0.0
0.8152556228244676,0.371689672,0.1118609,0.171794216,0.0,0.0
0.8138143584334605,0.197038246,0.115915792,0.15905907,0.0,0.0
0.798947260716202,0.069092873,0.128821442,0.156389828,0.0,0.0
0.7389741254876268,0.0006441505,0.1443904875,0.187198179,0.0,0.0
0.6267021405370592,0.0,0.1572409585,0.2125972875,0.0,0.0
0.5793396353896784,0.0005296062,0.154544618,0.208399796,0.0,0.0
0.5845208084274309,0.076853374,0.105268372,0.170539413,0.0,0.0
0.6056090170401478,0.167792097,0.081868626,0.162167321,0.0,0.0
0.6465443302446201,0.345154808,0.061191246,0.156113876,0.0,0.0
0.688815249906989,0.549746513,0.066366994,0.158093235,0.0,0.0
0.695227331600267,0.701900253,0.075918568,0.159815329,0.0,0.0
0.6944418232455429,0.829216992,0.087414987,0.141375867,0.0,0.0
0.6907789521960445,0.901794793,0.09323308,0.151625261,0.0,0.0
0.6837450611392925,0.8456804905,0.088800448,0.150106264,0.0,0.0
0.6824555171446248,0.691844153,0.08227861,0.133500635,0.0,0.0
0.6827451508369138,0.544553613,0.077041592,0.115085138,0.0,0.0
0.6841866896189392,0.378991107,0.076731633,0.10454559,0.0,0.0
0.6855152096240686,0.211616002,0.083013187,0.105187142,0.0,0.0
0.6872365979627368,0.089577051,0.091854917,0.110225848,0.0,0.0
0.6721115046105572,0.0019508885,0.1028548365,0.12473451899999999,0.0,0.0
0.6234498543246192,0.0,0.105573044,0.1369930465,0.0,0.0
0.5699150896091433,0.0,0.11688309000000001,0.12574526566666666,0.0,0.0
0.571713744164603,0.001805271,0.12388520049999999,0.10800715799999999,0.0,0.0
0.5756534015800022,0.141253849,0.12063403,0.112510906,0.0,0.0
0.6025939469913284,0.283003788,0.09919278,0.12355192,0.0,0.0
0.6420380698684591,0.452663177,0.065876121,0.118732947,0.0,0.0
0.6821689010103352,0.613054763,0.060095057,0.12392616,0.0,0.0
0.6900737275170176,0.733393695,0.060804053,0.129104846,0.0,0.0
0.6909826786831651,0.815835147,0.050858886,0.10783349,0.0,0.0
0.6883011635687989,0.8741779370000001,0.055694374,0.10151842033333335,0.0,0.0
0.6836011130246256,0.796766273,0.064868278,0.09631682,0.0,0.0
0.6828427164645907,0.683527891,0.066336412,0.105253781,0.0,0.0
0.6827635301300065,0.54308478,0.071801417,0.119402419,0.0,0.0
0.6828220510751466,0.377270288,0.082166359,0.137380059,0.0,0.0
0.6820019330350794,0.209797909,0.106270262,0.16078752,0.0,0.0
0.682760421157881,0.092492824,0.134968094,0.183432834,0.0,0.0
0.6727420235849361,0.0010067605,0.19684013649999998,0.24544617949999997,0.0,0.0
0.6442557444560901,0.0,0.2742740105,0.3178608235,0.0,0.0
0.5956532857828304,0.0,0.33031813466666665,0.395748676,0.0,0.0
0.6123522915169565,0.0022122385,0.3475712615,0.475004373,0.0,0.0
0.6956925742066414,0.148021335,0.290242843,0.448153793,0.0,0.0
0.7643015920976096,0.288914605,0.226001822,0.399729553,0.0,0.0
0.8042524708909731,0.463073383,0.128058765,0.322416244,0.0,0.0
0.8220514748418251,0.624724685,0.106444324,0.296531991,0.0,0.0
0.8240665202834481,0.761094189,0.098783024,0.296583,0.0,0.0
0.8240076333845228,0.860242747,0.087289281,0.276347005,0.0,0.0
0.8233978254323305,0.9267994275,0.101682947,0.306589335,0.0,0.0
0.8164500930067532,0.8632674825,0.127369765,0.31425493250000003,0.0,0.0
0.8113746694054216,0.70589241,0.134970665,0.294132029,0.0,0.0
0.8091259968079447,0.557677055,0.148510697,0.28679752,0.0,0.0
0.807461254904593,0.390605954,0.173633566,0.284896787,0.0,0.0
0.8042151638200324,0.216243361,0.203523232,0.281244143,0.0,0.0
0.7977217012585853,0.100752578,0.227094668,0.267560636,0.0,0.0
0.746256022473351,0.0,0.2338295715,0.24666919599999998,0.0,0.0
0.6295723481069915,0.0,0.252689803,0.25633196199999997,0.0,0.0
0.5936793346324952,0.0,0.27223032150000004,0.304737895,0.0,0.0
0.6120965817554256,0.0025536285,0.3199782075,0.38501061049999996,0.0,0.0
0.6948661924409404,0.141393195,0.331998017,0.440429516,0.0,0.0
0.7640083465811823,0.283390719,0.30556459,0.445682304,0.0,0.0
0.8042524708909731,0.457634022,0.226094076,0.423285435,0.0,0.0
0.8221553496792376,0.616698745,0.214624111,0.410634802,0.0,0.0
0.8241084908125768,0.756313573,0.228190712,0.416910854,0.0,0.0
0.8244069026392047,0.8854450030000001,0.2779385965,0.440116898,0.0,0.0
0.8209829621769497,0.912184238,0.4310604295,0.5554359865,0.0,0.0
0.8150196183067772,0.817212851,0.485027385,0.597038233,0.0,0.0
0.8120840546163033,0.700431665,0.490748797,0.616247416,0.0,0.0
0.8094511546241174,0.562989339,0.492311563,0.635299455,0.0,0.0
0.8071560310162166,0.397576519,0.553086496,0.674856654,0.0,0.0
0.8042151638200324,0.226413834,0.594279595,0.721516677,0.0,0.0
0.7972592018191919,0.109450966,0.638546608,0.76753886,0.0,0.0
0.7493427122940256,0.0015907595,0.669774766,0.808705703,0.0,0.0
0.6447586371221785,0.0,0.696800646,0.852043314,0.0,0.0
0.5970795695538967,0.0,0.623888386,0.8289606475,0.0,0.0
0.5963633263512422,0.0,0.536062947,0.773248717,0.0,0.0
0.6256834394293804,0.006346935,0.502434579,0.74280761,0.0,0.0
0.6945498129077474,0.151798038,0.462917538,0.722745614,0.0,0.0
0.7637297313382005,0.288623803,0.441170811,0.703867079,0.0,0.0
0.8043340347360348,0.45786359,0.356190855,0.667228037,0.0,0.0
0.8224039729136811,0.616585342,0.34827853,0.646604386,0.0,0.0
0.824184293932658,0.75053422,0.362606669,0.646255948,0.0,0.0
0.8246403925995492,0.849332375,0.398453828,0.678121401,0.0,0.0
0.8251412964509962,0.9138001495,0.5360146605,0.7703617705000001,0.0,0.0
0.8182329742901389,0.844312335,0.6612662745,0.840528892,0.0,0.0
0.812769848591149,0.675441345,0.68017904,0.857413213,0.0,0.0
0.8101230497871658,0.527346906,0.651250416,0.855619478,0.0,0.0
0.80745650018092,0.350999266,0.690960263,0.860795263,0.0,0.0
0.8043082488177732,0.199193662,0.703390602,0.873944583,0.0,0.0
0.7974124538109022,0.102782346,0.70865375,0.879268112,0.0,0.0
0.750190582176304,0.0,0.707543201,0.886883608,0.0,0.0
0.662422882456269,0.0,0.726818901,0.891989109,0.0,0.0
0.6138033856763523,0.0,0.6648433954999999,0.835519876,0.0,0.0
0.5938271689623187,0.0,0.586592328,0.755511798,0.0,0.0
0.6123032343120995,0.003426002,0.5228655885,0.6701655455,0.0,0.0
0.6944875885757024,0.134830699,0.445108882,0.638879044,0.0,0.0
0.7637330232872185,0.257842506,0.37826623,0.629437626,0.0,0.0
0.8042524708909731,0.353699183,0.335744367,0.618495121,0.0,0.0
0.8219719227020963,0.480566516,0.322265238,0.589581993,0.0,0.0
0.8237045124669642,0.554720951,0.32634623,0.563330753,0.0,0.0
0.8240076333845228,0.627218153,0.272206676,0.523709423,0.0,0.0
0.824128790322556,0.653779003,0.2887561165,0.540184074,0.0,0.0
0.8171700851547345,0.5728268385,0.280941177,0.612578257,0.0,0.0
0.8117782819458897,0.37324488,0.316409431,0.636668757,0.0,0.0
0.8087957184629547,0.270105916,0.317682152,0.598997857,0.0,0.0
0.8074152611134392,0.150204802,0.334883464,0.511808154,0.0,0.0
0.8038297475957643,0.064568988,0.375892912,0.455735996,0.0,0.0
0.7976556821255096,0.031186549,0.389489827,0.419276359,0.0,0.0
0.7500112470589422,0.002347031,0.4134885645,0.47666966,0.0,0.0
0.6447586371221785,0.0,0.401902147,0.586534185,0.0,0.0
0.6003565214527938,0.0,0.463509849,0.661490202,0.0,0.0
0.593794708029177,0.0,0.47853756849999995,0.660346895,0.0,0.0
0.6122029712245045,0.0023937805,0.39003383150000004,0.6002945390000001,0.0,0.0
0.6961067937585298,0.101198096,0.352741845,0.53322145,0.0,0.0
0.7655819692621021,0.227749452,0.279798265,0.479263847,0.0,0.0
0.8144457459906761,0.307318906,0.205771771,0.402248059,0.0,0.0
0.8295442763302038,0.565962195,0.173630245,0.332895236,0.0,0.0
0.8268674855176822,0.734089622,0.162171789,0.261705325,0.0,0.0
0.8254031782267536,0.836637674,0.168384931,0.217913954,0.0,0.0
0.822753316306349,0.9054755275,0.14878215849999998,0.172947271,0.0,0.0
0.8150262933959778,0.826650184,0.112132182,0.114032175,0.0,0.0
0.810500419338743,0.65416397,0.091552691,0.091003638,0.0,0.0
0.8084185318882702,0.549547019,0.079830161,0.076239954,0.0,0.0
0.8078747429948333,0.3948068,0.07531478,0.062378259,0.0,0.0
0.804544527726482,0.225180074,0.075839089,0.053634684,0.0,0.0
0.7991187091727531,0.108387149,0.081498389,0.049973488,0.0,0.0
0.7394263380136816,0.0005525,0.0813710575,0.048516094499999995,0.0,0.0
0.6420608382287213,0.0,0.069089864,0.035106935,0.0,0.0
0.5894321215253051,0.0,0.06366016699999999,0.024919233,0.0,0.0
0.5618155890911508,0.0,0.0633056325,0.0239267925,0.0,0.0
0.5629089275286843,0.0035846315,0.07776785850000001,0.048886910500000005,0.0,0.0
0.5722680485810137,0.076200162,0.098432762,0.078893232,0.0,0.0
0.6025939469913284,0.163383157,0.079579262,0.073042696,0.0,0.0
0.6421277260189543,0.315777638,0.064152628,0.057435537,0.0,0.0
0.6837609487657309,0.381660904,0.057333954,0.048694455,0.0,0.0
0.6916770221827148,0.503354959,0.046900789,0.048357433,0.0,0.0
0.6911696032539476,0.622256252,0.0528171605,0.045925486,0.0,0.0
0.6862385392051698,0.653913302,0.0697303265,0.0855033885,0.0,0.0
0.6826980824466979,0.5175961725,0.08466649600000001,0.1899048165,0.0,0.0
0.6827332637304493,0.423189567,0.08903782,0.264800859,0.0,0.0
0.6834367510208414,0.322377537,0.104633415,0.29831224,0.0,0.0
0.684521997078621,0.191758112,0.141513352,0.324624334,0.0,0.0
0.6847243519822512,0.091389645,0.188392798,0.368945546,0.0,0.0
0.6724385597529248,0.002756383,0.2144928815,0.369790422,0.0,0.0
0.6230588374615715,0.0,0.217258989,0.353696208,0.0,0.0
0.5634880270977368,0.0,0.185512219,0.3054199436666667,0.0,0.0
0.5610755718242086,0.004556071,0.204172618,0.325756786,0.0,0.0
0.571232316873041,0.110636626,0.226986047,0.3541233,0.0,0.0
0.6024641032587614,0.228180237,0.216657666,0.356277772,0.0,0.0
0.6412989668914166,0.349046287,0.207871452,0.345474529,0.0,0.0
0.6812662134211808,0.498709568,0.232314335,0.349764853,0.0,0.0
0.6898672577885954,0.62447725,0.259574243,0.358256527,0.0,0.0
0.6915624031383726,0.739714629,0.291179271,0.357853816,0.0,0.0
0.6905273573336258,0.821450529,0.33792848799999997,0.419496975,0.0,0.0
0.6859253143511651,0.823405174,0.399754212,0.497536657,0.0,0.0
0.6848323416444557,0.703841167,0.442584332,0.558117947,0.0,0.0
0.6838947241975563,0.527727436,0.453314216,0.595208086,0.0,0.0
0.683233436045928,0.377222786,0.497716335,0.633682475,0.0,0.0
0.6826165873480318,0.21888595,0.526720217,0.667234825,0.0,0.0
0.6808662583375933,0.119988407,0.5480077,0.694674584,0.0,0.0
0.6707360306686705,0.000644418,0.549635141,0.701194855,0.0,0.0
0.6450348064055691,0.0,0.5581302505000001,0.7002874245,0.0,0.0
0.5960147753877466,0.0,0.5339102146666667,0.6776211936666666,0.0,0.0
0.6121895525226692,0.007403913,0.4645263595,0.6144101245,0.0,0.0
0.6944416860500338,0.165988035,0.389499998,0.561557957,0.0,0.0
0.7639328178521196,0.303653324,0.322997714,0.507398195,0.0,0.0
0.80584241552691,0.470223642,0.221348288,0.429278298,0.0,0.0
0.8227522647466194,0.62759108,0.195808396,0.361836751,0.0,0.0
0.8255920002723718,0.761672613,0.19278996,0.328783426,0.0,0.0
0.8282696139606673,0.857007547,0.189212076,0.298401902,0.0,0.0
0.830527110399546,0.9106220894999999,0.212333245,0.311792891,0.0,0.0
0.8216225793094285,0.8335268444999999,0.2269246335,0.31305299799999997,0.0,0.0
0.8161525498372825,0.681674952,0.205183103,0.303273785,0.0,0.0
0.8131033271737493,0.53898464,0.178259345,0.298599753,0.0,0.0
0.8110352471209481,0.380993507,0.162283481,0.318276577,0.0,0.0
0.8062303920899073,0.219104037,0.164598502,0.346945214,0.0,0.0
0.7988751152016421,0.121372668,0.185276043,0.38730208,0.0,0.0
0.7513475850528071,0.0007229005,0.222737198,0.37568207200000003,0.0,0.0
0.6302254372290522,0.0,0.21157025866666665,0.3717901403333333,0.0,0.0
0.5936990169113237,0.0,0.14747345750000002,0.26677151450000003,0.0,0.0
0.6122619952446187,0.0067423905,0.116199151,0.16503970299999998,0.0,0.0
0.6944911546184571,0.114407858,0.108462908,0.137958034,0.0,0.0
0.7639244053742841,0.208315871,0.097123593,0.122146497,0.0,0.0
0.80584241552691,0.460924937,0.085787944,0.113029538,0.0,0.0
0.8227522647466194,0.608839185,0.080075392,0.095809328,0.0,0.0
0.824684283419885,0.740051648,0.075026287,0.074431527,0.0,0.0
0.8265162065485727,0.876606126,0.05831926366666667,0.061217758000000004,0.0,0.0
0.8191104247430687,0.7901764364999999,0.039602288,0.1043866685,0.0,0.0
0.8139036944115539,0.641114022,0.054050049,0.166454365,0.0,0.0
0.8113657997083158,0.502544687,0.092095014,0.21692976,0.0,0.0
0.8087595085101654,0.347525096,0.120536089,0.264430406,0.0,0.0
0.8051444602032224,0.206229604,0.132262697,0.289874184,0.0,0.0
0.7985333154066913,0.108856261,0.140705702,0.293050831,0.0,0.0
0.7514988254878253,0.000881183,0.1469230345,0.2535111965,0.0,0.0
0.6302612509053217,0.0,0.18110997733333334,0.25752627633333336,0.0,0.0
0.5937392273840871,0.0,0.259601553,0.3086045835,0.0,0.0
0.612342393150813,0.008638642,0.30776778400000004,0.354480873,0.0,0.0
0.6945211009942531,0.144200221,0.31494655,0.355858522,0.0,0.0
0.7638739309531942,0.24338915,0.260618943,0.337043833,0.0,0.0
0.807183279857774,0.420215127,0.212158436,0.344486515,0.0,0.0
0.8231370409233656,0.51403098,0.213253312,0.384781104,0.0,0.0
0.8266479400018775,0.617929906,0.236146455,0.427230675,0.0,0.0
0.8296732055499096,0.769803745,0.2720015285,0.46994100699999997,0.0,0.0
0.8253741006567558,0.817236226,0.33869538099999996,0.49683542150000004,0.0,0.0
0.8165731701616732,0.7048857454999999,0.41985025,0.512581843,0.0,0.0
0.8110314066871748,0.533616578,0.427522835,0.510609893,0.0,0.0
0.8078343268031265,0.39080061,0.410710683,0.516700759,0.0,0.0
0.8047714798674556,0.226269395,0.402392711,0.549771816,0.0,0.0
0.797617826272532,0.126411622,0.405820822,0.574866985,0.0,0.0
0.7503778038801556,0.0013464115,0.3989973835,0.5607329475,0.0,0.0
0.6623232594905165,0.0,0.400976166,0.554328991,0.0,0.0
0.6036304901668892,0.0,0.30381831775,0.47786077475,0.0,0.0
0.6116819964727132,0.010335673,0.227757741,0.49156788549999997,0.0,0.0
0.6956751549848319,0.150040595,0.178663482,0.452411275,0.0,0.0
0.7643984262636385,0.281669735,0.178186409,0.422135402,0.0,0.0
0.8062293862372408,0.375240103,0.195345899,0.407139107,0.0,0.0
0.8220741517879613,0.552661864,0.210718447,0.418219402,0.0,0.0
0.8234523231897661,0.714888703,0.226508901,0.45830563,0.0,0.0
0.8235872874511504,0.842866548,0.225394669,0.516078527,0.0,0.0
0.8226931036053164,0.911233967,0.2320992305,0.5229348705,0.0,0.0
0.8151187384205169,0.8205937395,0.2594631465,0.5536554725,0.0,0.0
0.8105087402538116,0.637301738,0.270452476,0.604366911,0.0,0.0
0.8088698756828473,0.54863847,0.295631978,0.607963981,0.0,0.0
0.8071529220440913,0.378357356,0.320760516,0.544022843,0.0,0.0
0.8037047501496372,0.220196818,0.320164833,0.472374921,0.0,0.0
0.7976869543777331,0.127253781,0.325868669,0.46104508,0.0,0.0
0.7493081711321167,0.001974041,0.33636898800000004,0.48464489,0.0,0.0
0.6298871274718322,0.0,0.27463563133333335,0.39973838233333336,0.0,0.0
0.5933555714391455,0.0,0.2677313065,0.363742891,0.0,0.0
0.6121180471299519,0.0091731045,0.267585299,0.38273603349999996,0.0,0.0
0.6948661924409404,0.108633881,0.245999306,0.420900555,0.0,0.0
0.7641863786384878,0.217890862,0.221246192,0.437331973,0.0,0.0
0.805055124225129,0.359404877,0.228762428,0.413537598,0.0,0.0
0.8220553152755984,0.484940748,0.22573553,0.362264888,0.0,0.0
0.823412638608348,0.5420142834999999,0.218252546,0.296011633,0.0,0.0
0.8204582993482616,0.5281199246666666,0.17589223166666668,0.25344215233333334,0.0,0.0
0.8119695270604075,0.509081179,0.1527556135,0.30584373750000005,0.0,0.0
0.8082463518214302,0.395409994,0.122221212,0.314449149,0.0,0.0
0.8067028583445581,0.271837532,0.101143567,0.27131942,0.0,0.0
0.8042601519071605,0.164052393,0.088461588,0.218576282,0.0,0.0
0.7975198949883513,0.088883514,0.088605245,0.181034362,0.0,0.0
0.7467965423827818,0.00173854,0.0885632445,0.170670306,0.0,0.0
0.642204397647552,0.0,0.077969704,0.157933697,0.0,0.0
0.5879154424870916,0.0,0.06374068499999999,0.1167493665,0.0,0.0
0.5594935366654534,0.0,0.062633474,0.08399365449999999,0.0,0.0
0.560945773873025,0.0120751265,0.055232574,0.0614509295,0.0,0.0
0.571232316873041,0.13464182,0.047823478,0.047731517,0.0,0.0
0.6027229219180973,0.239756543,0.03901302,0.04041399,0.0,0.0
0.6419139410794892,0.356604723,0.039758089,0.035864433,0.0,0.0
0.6823145636972656,0.511998161,0.043688473,0.031836988,0.0,0.0
0.69009059795679,0.660705442,0.050219118,0.027487459,0.0,0.0
0.6910865078878353,0.743239116,0.051167025,0.028648741,0.0,0.0
0.6900010104783698,0.755038129,0.060107794000000006,0.0360526115,0.0,0.0
0.6839008964347439,0.6288520965,0.069214233,0.0521505745,0.0,0.0
0.682641367264986,0.537123979,0.073521123,0.04912638,0.0,0.0
0.6830088614154318,0.414780856,0.072151595,0.04464118,0.0,0.0
0.6828111698213487,0.325701611,0.072116066,0.051211621,0.0,0.0
0.6821802852647867,0.189339039,0.074961669,0.05745851,0.0,0.0
0.6822089513968977,0.117709363,0.082738891,0.060659033,0.0,0.0
0.6717478967495886,0.001587619,0.092599471,0.06474651000000001,0.0,0.0
0.6228466756802442,0.0,0.093973253,0.0841127035,0.0,0.0
0.5662110481146923,0.0,0.08259525749999999,0.098361428,0.0,0.0
0.560973182726463,0.0,0.0711153695,0.08919637250000001,0.0,0.0
0.5679597997483763,0.10033378500000001,0.0634584745,0.061226453,0.0,0.0
0.6022008498995137,0.303982522,0.061108726,0.048412389,0.0,0.0
0.6399348769810201,0.451147229,0.05849866,0.051263926,0.0,0.0
0.6810802261053102,0.616875776,0.063313094,0.054334993,0.0,0.0
0.6907132073796667,0.7534603,0.066365631,0.052424762,0.0,0.0
0.6916801767875825,0.859480837,0.068525267,0.056578553,0.0,0.0
0.6904789401762909,0.8562128410000001,0.0729931785,0.065922354,0.0,0.0
0.6847791013143341,0.7073260134999999,0.0934333835,0.09347956900000001,0.0,0.0
0.682884321188575,0.647829428,0.12924579,0.11602763,0.0,0.0
0.6828376415685158,0.525727019,0.149997529,0.12432312,0.0,0.0
0.6829644219616999,0.401679617,0.148838202,0.130291128,0.0,0.0
0.6820531390664581,0.249849887,0.135837105,0.137307027,0.0,0.0
0.6819037731412637,0.146749681,0.143457977,0.162101976,0.0,0.0
0.6723230949421172,0.005881595,0.194265941,0.221301114,0.0,0.0
0.6295724242606563,0.0,0.271830676,0.29795004566666666,0.0,0.0
0.5939111101692169,0.0,0.2322343855,0.293363606,0.0,0.0
0.6128617906001703,0.0193837905,0.2212851205,0.2581349095,0.0,0.0
0.6956737834756618,0.170297756,0.22515565,0.267069591,0.0,0.0
0.7642210798865977,0.288188923,0.187723168,0.279222034,0.0,0.0
0.8048845900584775,0.415212443,0.205685435,0.300616553,0.0,0.0
0.8219732943599072,0.490030827,0.222659294,0.3231151,0.0,0.0
0.8234523231897661,0.544021593,0.238711487,0.35029579,0.0,0.0
0.8238360020997197,0.572737282,0.25858569,0.363982748,0.0,0.0
0.8227184780113707,0.598888392,0.307707907,0.386976253,0.0,0.0
0.8153084289746515,0.5512128165,0.3485093375,0.381048359,0.0,0.0
0.8109502086472574,0.46671899,0.378080998,0.379080991,0.0,0.0
0.8087537479338259,0.362840332,0.393861186,0.390936511,0.0,0.0
0.8071529220440913,0.231207389,0.377006785,0.413327787,0.0,0.0
0.8006996469903955,0.114487743,0.3801502995,0.4524901475,0.0,0.0
0.7493018846644318,0.005331549,0.3820553765,0.475104005,0.0,0.0
0.6623232594905165,0.0,0.433437068,0.524617987,0.0,0.0
0.6138256968173441,0.0,0.343129014,0.43352134,0.0,0.0
0.5937348383169176,0.0,0.269132453,0.34257640349999996,0.0,0.0
0.612170807573073,0.017535433,0.2715002285,0.3252880125,0.0,0.0
0.6944911546184571,0.150312652,0.238179333,0.308299515,0.0,0.0
0.7636878522231977,0.271466491,0.151457989,0.265995361,0.0,0.0
0.8043792970655406,0.437120213,0.116887125,0.210534384,0.0,0.0
0.8224039729136811,0.582121113,0.101144148,0.159290724,0.0,0.0
0.8241084908125768,0.723928608,0.094327529,0.131997844,0.0,0.0
0.8240282072112001,0.791081315,0.093491023,0.124122594,0.0,0.0
0.8238199087543377,0.8223052355,0.0919828035,0.1071943605,0.0,0.0
0.8185109494112782,0.681973704,0.066421139,0.091691371,0.0,0.0
0.8150258362510279,0.621584357,0.053002804,0.102755897,0.0,0.0
0.8120840546163033,0.574970984,0.049010465,0.128992667,0.0,0.0
0.8097664368905179,0.462052795,0.049975627,0.159491919,0.0,0.0
0.8075874410316384,0.305505144,0.055074813,0.183256863,0.0,0.0
0.8046939394330599,0.208694053,0.061534259,0.196474003,0.0,0.0
0.7977763819185931,0.127794736,0.071601612,0.188112271,0.0,0.0
0.7499028001774675,0.0028732925,0.0762410945,0.1395952395,0.0,0.0
0.6447866175740249,0.0,0.0707254625,0.079302242,0.0,0.0
0.5956517922890653,0.0,0.05819265433333334,0.04406478766666666,0.0,0.0
0.6118356828673226,0.024729079,0.048039451,0.042449688,0.0,0.0
0.6944366111539587,0.180785883,0.048245205,0.055386008,0.0,0.0
0.7641250229636,0.316321171,0.047157314,0.047747619,0.0,0.0
0.8072178439103747,0.463019499,0.045169111,0.038568374,0.0,0.0
0.8230128665016532,0.616534324,0.046542468,0.038565404,0.0,0.0
0.825659939548014,0.744602576,0.047979294,0.038305831,0.0,0.0
0.8275635205501627,0.8479486,0.041070845,0.034826073,0.0,0.0
0.8276018336224107,0.8963169,0.046780317,0.050020217,0.0,0.0
0.8202076035400551,0.7194615955,0.062743208,0.105804437,0.0,0.0
0.8149479300114878,0.576420015,0.083872432,0.15737734,0.0,0.0
0.8130622710831613,0.481743433,0.089776901,0.178549666,0.0,0.0
0.8096104417318266,0.374399584,0.09333055,0.197681239,0.0,0.0
0.8060246538231332,0.235835318,0.103738625,0.217378729,0.0,0.0
0.7985333154066913,0.139143069,0.11614263,0.235738593,0.0,0.0
0.7511383722317244,0.0039174505,0.138261272,0.2502517225,0.0,0.0
0.6450027112032515,0.0,0.12963625,0.2345978915,0.0,0.0
0.5970187167310217,0.0,0.146561222,0.1947021025,0.0,0.0
0.5963975017823272,0.0,0.1777123525,0.180893004,0.0,0.0
0.6255252495884635,0.054690433,0.200033749,0.201618914,0.0,0.0
0.6944908345946962,0.18215935,0.190602972,0.214384204,0.0,0.0
0.7639685705856385,0.318115224,0.154540336,0.215780495,0.0,0.0
0.8070847997915565,0.481387717,0.151911614,0.215251016,0.0,0.0
0.8228760733631876,0.638873447,0.181533997,0.220961566,0.0,0.0
0.8255920002723718,0.773277386,0.223005818,0.229590719,0.0,0.0
0.8272616797276484,0.871396434,0.244297315,0.233753723,0.0,0.0
0.8275531422226983,0.936264843,0.298987695,0.25994556199999996,0.0,0.0
0.8201375154378912,0.8717478105,0.3414532305,0.287843454,0.0,0.0
0.8143294352647621,0.722815585,0.342454938,0.292636547,0.0,0.0
0.8113657997083158,0.57911927,0.334625339,0.309708955,0.0,0.0
0.808527618817267,0.419581413,0.305839645,0.326480029,0.0,0.0
0.8046897331941422,0.256737861,0.300430934,0.351088092,0.0,0.0
0.7981750567584956,0.15084205,0.326913698,0.381002134,0.0,0.0
0.7512425214601557,0.004507897,0.385312901,0.42269477,0.0,0.0
0.6301644320493006,0.0,0.4680124956666667,0.5249212299999999,0.0,0.0
0.593670899412609,0.0,0.42906769,0.46181117250000003,0.0,0.0
0.6122443931945574,0.0296944555,0.3836591585,0.41901493300000003,0.0,0.0
0.6944908345946962,0.184887081,0.348385097,0.392221219,0.0,0.0
0.7639328178521196,0.317556431,0.278914538,0.366144491,0.0,0.0
0.80584241552691,0.471573103,0.266569084,0.346899134,0.0,0.0
0.8227522647466194,0.610775704,0.259638234,0.32909532,0.0,0.0
0.8246403925995492,0.747477738,0.241709044,0.293653073,0.0,0.0
0.8267605320804255,0.8692079736666667,0.22123559666666667,0.28082472399999997,0.0,0.0
0.8200046085889028,0.816536443,0.225954626,0.35354186200000004,0.0,0.0
0.8141159248649563,0.679301913,0.223752463,0.412638289,0.0,0.0
0.8120246190839816,0.533555619,0.211933228,0.425579287,0.0,0.0
0.8089096516783914,0.374372008,0.188505557,0.421599343,0.0,0.0
0.8048231429694638,0.230830008,0.169688166,0.397495616,0.0,0.0
0.798265581566148,0.120776376,0.179894432,0.372257669,0.0,0.0
0.7511256621751659,0.007366762,0.1948982025,0.35194793,0.0,0.0
0.6232695590616539,0.0,0.20592580249999998,0.355649512,0.0,0.0
0.5658469600694411,0.0,0.1546057375,0.25655390050000004,0.0,0.0
0.5588989762178573,0.0,0.129917289,0.1668806575,0.0,0.0
0.5672802465341527,0.10464741450000001,0.100654907,0.148885826,0.0,0.0
0.6026596917333857,0.294279209,0.079201238,0.147610082,0.0,0.0
0.6439617674780151,0.464414508,0.081529227,0.156867122,0.0,0.0
0.6824362691943748,0.616391506,0.095750263,0.169505557,0.0,0.0
0.6914132201900707,0.73698933,0.119714996,0.189811089,0.0,0.0
0.6932366090049688,0.82722403,0.130566384,0.184270264,0.0,0.0
0.692902673054457,0.888984553,0.1636600755,0.2271492515,0.0,0.0
0.6861176795488466,0.806876037,0.1619740125,0.2750443295,0.0,0.0
0.6832298700031733,0.62791292,0.14991364,0.322187061,0.0,0.0
0.6831187713688434,0.506963618,0.165416157,0.291867377,0.0,0.0
0.6830960944227071,0.370042666,0.161605632,0.22802212,0.0,0.0
0.6823822285818892,0.235918771,0.131698823,0.171776522,0.0,0.0
0.6809815632108408,0.112220834,0.118204986,0.185108916,0.0,0.0
0.6709842194258944,0.005887064500000001,0.1222134775,0.196494059,0.0,0.0
0.6065697076106095,0.0,0.12686276966666668,0.17982123533333336,0.0,0.0
0.5599601279646267,0.0,0.161052114,0.25201927599999996,0.0,0.0
0.5616066962938292,0.02311962,0.180454008,0.259148799,0.0,0.0
0.571402896672435,0.132575122,0.194643145,0.291972661,0.0,0.0
0.602810840754278,0.210239961,0.182223317,0.27616528,0.0,0.0
0.640590953189705,0.199963835,0.187350592,0.273810468,0.0,0.0
0.6813248259290876,0.329925466,0.200739348,0.278119684,0.0,0.0
0.6904974566648927,0.493456934,0.232303839,0.292172348,0.0,0.0
0.6915624031383726,0.541411053,0.315634126,0.363534705,0.0,0.0
0.6902751679821072,0.562527499,0.3706312415,0.467918608,0.0,0.0
0.6839898209749504,0.47180297550000005,0.423158362,0.577340741,0.0,0.0
0.6827296975390538,0.357998719,0.434683405,0.633864373,0.0,0.0
0.6827923334576266,0.348524107,0.489130808,0.655649193,0.0,0.0
0.6828220510751466,0.272831337,0.47677418,0.694855552,0.0,0.0
0.6813642361194872,0.116767702,0.44671556,0.692357807,0.0,0.0
0.6710391972932919,0.00780855,0.48309629249999997,0.717321279,0.0,0.0
0.6456749721714442,0.0,0.5221255220000001,0.7843402915,0.0,0.0
0.5964321038622132,0.0,0.5667582526666667,0.766979537,0.0,0.0
0.6124462223554832,0.0157646615,0.5113199035,0.6274715385,0.0,0.0
0.6944489554796934,0.096758641,0.477548904,0.584737644,0.0,0.0
0.7637685930438447,0.163725806,0.442182161,0.565508927,0.0,0.0
0.8042989220500381,0.259458235,0.435097582,0.551062705,0.0,0.0
0.8218651217208102,0.378117551,0.408430652,0.509209118,0.0,0.0
0.8234523231897661,0.420191301,0.362468494,0.463380092,0.0,0.0
0.8238091188403454,0.4944226915,0.222085606,0.28936700849999997,0.0,0.0
0.8199735192392514,0.44574937150000005,0.1974862195,0.33233704799999997,0.0,0.0
0.8150099257338976,0.447030096,0.190889,0.329169237,0.0,0.0
0.8127542124650372,0.418394369,0.195721558,0.32322117,0.0,0.0
0.8112256235039881,0.310155999,0.202476823,0.329179015,0.0,0.0
0.8087285106489605,0.2359423,0.198429432,0.337184414,0.0,0.0
0.8015803435366395,0.1259329725,0.2218463175,0.39563147750000005,0.0,0.0
0.7519380537149439,0.00810063,0.27851570150000005,0.505180199,0.0,0.0
0.6311490949709507,0.0,0.210312383,0.42916183900000004,0.0,0.0
0.5943865710911755,0.0,0.1685825665,0.42008771850000004,0.0,0.0
0.6126246202179331,0.025740789,0.1931214865,0.44709624849999996,0.0,0.0
0.6945729012917707,0.13288353,0.216758508,0.474665627,0.0,0.0
0.766436148502757,0.227907378,0.201020735,0.482789515,0.0,0.0
0.8075965849711219,0.331086204,0.209479516,0.442715141,0.0,0.0
0.82315697455388,0.379455103,0.2288618,0.400748353,0.0,0.0
0.8261548999205492,0.374583892,0.245176198,0.390436507,0.0,0.0
0.8296732055499096,0.4146242055,0.2218612305,0.35047277450000003,0.0,0.0
0.8272395972706121,0.4681438995,0.2973800435,0.4084373135,0.0,0.0
0.8196333654188095,0.5216752259999999,0.3654909415,0.4884229065,0.0,0.0
0.8153275855107756,0.437457643,0.398544315,0.548171641,0.0,0.0
0.8127767978484067,0.352026309,0.448498708,0.603768708,0.0,0.0
0.8045566891496444,0.18653066699999998,0.548739381,0.7031923965,0.0,0.0
0.7535361820704403,0.0066061025,0.5650190225,0.7002888795,0.0,0.0
0.6317877062755366,0.0,0.562214145,0.6814977646666667,0.0,0.0
0.5945287590008361,0.0,0.5437352394999999,0.6832826295000001,0.0,0.0
0.6129468976716155,0.0376923165,0.5198825810000001,0.7015354035,0.0,0.0
0.6979489275230241,0.186009273,0.502289594,0.719050748,0.0,0.0
0.7712010447100021,0.319551023,0.454729323,0.71425915,0.0,0.0
0.8082002664675096,0.483482882,0.41738401,0.691926684,0.0,0.0
0.8265550376837477,0.635343391,0.42888967,0.680404166,0.0,0.0
0.8307023535828076,0.768852787,0.448946783,0.678537567,0.0,0.0
0.8330693484628906,0.862027802,0.432736085,0.646586741,0.0,0.0
0.8355092203191814,0.9219434645,0.4656557355,0.644452252,0.0,0.0
0.8273236755243787,0.8605584745,0.4514066165,0.5931201895,0.0,0.0
0.8220715000351062,0.713125434,0.440865818,0.589463483,0.0,0.0
0.817974201337866,0.573850653,0.425898901,0.591238956,0.0,0.0
0.8150605831318803,0.417392486,0.414049557,0.585506441,0.0,0.0
0.8055464269178224,0.20712233349999998,0.433460397,0.5856394125,0.0,0.0
0.7549416480951858,0.009196477000000002,0.461363845,0.6148981010000001,0.0,0.0
0.6490447119350128,0.0,0.47304658499999996,0.6573098075,0.0,0.0
0.5983321949504985,0.0,0.5266004945,0.705681977,0.0,0.0
0.5971583672669654,0.0,0.503742075,0.704452567,0.0,0.0
0.6268498833784363,0.08202462,0.500233018,0.730360392,0.0,0.0
0.696370824360809,0.186137929,0.497255896,0.742571052,0.0,0.0
0.7694280387534274,0.311610814,0.463094717,0.749591792,0.0,0.0
0.8079708455505736,0.451065553,0.478938048,0.728199073,0.0,0.0
0.82315697455388,0.606872746,0.485141965,0.695203317,0.0,0.0
0.8255487494995581,0.723536051,0.478095748,0.643954355,0.0,0.0
0.8278792905567558,0.8231525716666667,0.411831463,0.48695926866666667,0.0,0.0
0.8204039234763274,0.7747749925,0.387392019,0.433463117,0.0,0.0
0.8155547204800009,0.597537745,0.380295073,0.41632033,0.0,0.0
0.8133180264031143,0.500298151,0.372155676,0.412521728,0.0,0.0
0.8099440118771939,0.36683946,0.353139285,0.430724277,0.0,0.0
0.8053488268121856,0.223143024,0.357047222,0.451640944,0.0,0.0
0.7988751152016421,0.117128298,0.395456977,0.498687,0.0,0.0
0.7521042214821563,0.00821191,0.42270461400000003,0.5780089724999999,0.0,0.0
0.6297710454546471,0.0,0.44888063933333333,0.6654814503333334,0.0,0.0
0.5928984668452675,0.0,0.36929706650000005,0.5132445235,0.0,0.0
0.6109482655991354,0.034768874,0.3106900755,0.3844419385,0.0,0.0
0.6920647243546935,0.136228812,0.263516287,0.315317563,0.0,0.0
0.7628071557512741,0.25025955,0.183292183,0.269848752,0.0,0.0
0.8057154979382166,0.413859334,0.153971145,0.246343888,0.0,0.0
0.8232988882211631,0.57358912,0.148502012,0.227202203,0.0,0.0
0.8286347763076987,0.7435033325,0.16178409,0.1970344045,0.0,0.0
0.8323300625832759,0.895383928,0.16276607399999998,0.167723455,0.0,0.0
0.824900308451357,0.846282191,0.1194705175,0.143355599,0.0,0.0
0.819871564544405,0.701915483,0.08793294,0.151691552,0.0,0.0
0.8169230164806743,0.567372374,0.07348689,0.174022618,0.0,0.0
0.8131757470793278,0.412761026,0.069379557,0.206114676,0.0,0.0
0.8037348337209425,0.20618146799999998,0.09484943500000001,0.2635102885,0.0,0.0
0.7504112935566556,0.0087268775,0.101568006,0.22991143349999998,0.0,0.0
0.6057343496714033,0.0,0.09004949066666668,0.12565701766666668,0.0,0.0
0.5588925982617261,0.0,0.0558075245,0.07566711500000001,0.0,0.0
0.5601193464745813,0.0441487715,0.059796236,0.086787274,0.0,0.0
0.5713593258758604,0.180747123,0.049395934,0.089917724,0.0,0.0
0.613444944051264,0.314975729,0.034034529,0.081241318,0.0,0.0
0.6465606520509964,0.464187548,0.025981618,0.062459475,0.0,0.0
0.6869457757381705,0.61611786,0.023600684,0.046513516,0.0,0.0
0.7012748909197153,0.7890102050000001,0.015096772,0.033058223,0.0,0.0
0.7029430617694065,0.8961106806666668,0.008651697,0.048131589,0.0,0.0
0.697139827932264,0.800332004,0.013333635,0.057973512,0.0,0.0
0.6941039096657488,0.675396836,0.019008058,0.065666883,0.0,0.0
0.6917485276497524,0.536989673,0.026107254,0.068137361,0.0,0.0
0.6906471883952318,0.37911947,0.033796391,0.070889432,0.0,0.0
0.6828696680987585,0.18875830700000001,0.054675736,0.08229299600000001,0.0,0.0
0.6704230342756602,0.0089793145,0.07900465549999999,0.107225457,0.0,0.0
0.6068937224281531,0.0,0.12702998466666668,0.22113648500000002,0.0,0.0
0.5592563662088958,0.0,0.1848375925,0.250824376,0.0,0.0
0.5604581286372123,0.042445755,0.190489272,0.2514184615,0.0,0.0
0.5722952974225711,0.163705353,0.158725116,0.254667176,0.0,0.0
0.610727371390532,0.280175538,0.127282745,0.254469648,0.0,0.0
0.6452906531396481,0.384657922,0.123516641,0.251648939,0.0,0.0
0.6830438826873027,0.515038027,0.131097185,0.256265165,0.0,0.0
0.693684478170917,0.618940762,0.152356523,0.280006219,0.0,0.0
0.6990063303987869,0.7491949885,0.178175288,0.3274430205,0.0,0.0
0.6976607570513127,0.819424503,0.2191823015,0.375330426,0.0,0.0
0.6908479659221076,0.645902362,0.2767804975,0.4485666895,0.0,0.0
0.6866159544638099,0.50282059,0.334616668,0.524092572,0.0,0.0
0.6848902226907146,0.390761659,0.346652806,0.574791258,0.0,0.0
0.6829538149502797,0.24056156,0.345313012,0.601936918,0.0,0.0
0.6791141234894061,0.0688315775,0.3626210515,0.6305971459999999,0.0,0.0
0.664610885133443,0.001303246,0.3911154455,0.664481265,0.0,0.0
0.6038615684293597,0.0,0.41564041725,0.6987043132499999,0.0,0.0
0.6112422653935818,0.026702267,0.422806057,0.6978837995,0.0,0.0
0.6920731368325289,0.116461452,0.430643014,0.688189938,0.0,0.0
0.7628071557512741,0.201401756,0.441171509,0.668769551,0.0,0.0
0.8040231415368039,0.295476787,0.408754232,0.625670579,0.0,0.0
0.8225847481379676,0.430144372,0.384043678,0.590059057,0.0,0.0
0.8249115098032362,0.607248186,0.386288877,0.583301236,0.0,0.0
0.8267251146311287,0.800525061,0.391692991,0.5269940175,0.0,0.0
0.8240093707731576,0.8741281329999999,0.4050903785,0.5003846519999999,0.0,0.0
0.8184816888643878,0.825531773,0.413538881,0.512563291,0.0,0.0
0.8140048262306264,0.713294323,0.396618258,0.517261818,0.0,0.0
0.810924239900744,0.580540635,0.365397866,0.5084943,0.0,0.0
0.8077650160183144,0.426626016,0.338989391,0.498586361,0.0,0.0
0.8003710602526568,0.210840425,0.3045467945,0.491430074,0.0,0.0
0.7496969705708878,0.0115945545,0.28890972800000003,0.470550431,0.0,0.0
0.6444227582127293,0.0,0.196196578,0.3593765125,0.0,0.0
0.595045306633399,0.0,0.142866935,0.30524377733333335,0.0,0.0
0.6109862813896734,0.0460370365,0.18869892700000002,0.45443190499999997,0.0,0.0
0.6919003167181668,0.183805134,0.259487851,0.525261844,0.0,0.0
0.7628071557512741,0.310372366,0.299093569,0.529443807,0.0,0.0
0.8056337514135441,0.472015788,0.330900475,0.491163526,0.0,0.0
0.822733702625275,0.62186958,0.320805326,0.433079962,0.0,0.0
0.8252746147378717,0.738562664,0.284315858,0.365212835,0.0,0.0
0.8259936925959535,0.859315938,0.2252871655,0.287755943,0.0,0.0
0.8218573037320747,0.891615534,0.1354676265,0.217575158,0.0,0.0
0.8135292510038503,0.7582651915,0.0891960695,0.1931652585,0.0,0.0
0.808200632272654,0.578147335,0.078802822,0.204667437,0.0,0.0
0.8060574805614192,0.42467336,0.088878658,0.209449796,0.0,0.0
0.8027815801479311,0.265748476,0.102040932,0.199493595,0.0,0.0
0.7958501239703081,0.16390714,0.121512361,0.187631211,0.0,0.0
0.7477078253523439,0.0132797065,0.158875608,0.2139502295,0.0,0.0
0.6440790610915834,0.0,0.16471368050000001,0.301090739,0.0,0.0
0.595042228182196,0.0,0.15679341766666666,0.3147884703333334,0.0,0.0
0.6108451449654215,0.047955125,0.1559144625,0.3177314495,0.0,0.0
0.691908912024254,0.183292754,0.139595025,0.318998037,0.0,0.0
0.762213486702886,0.312639661,0.116594943,0.299667287,0.0,0.0
0.8041143063919783,0.46493356,0.108623438,0.259593111,0.0,0.0
0.8225835594570493,0.612122263,0.097424094,0.223308829,0.0,0.0
0.8248549088520214,0.730100074,0.085181887,0.188946341,0.0,0.0
0.8258195008981009,0.824023388,0.071861441,0.167159038,0.0,0.0
0.825456350182082,0.8895725210000001,0.065430552,0.1431228215,0.0,0.0
0.8173832756050998,0.7511339955,0.0839241345,0.167561458,0.0,0.0
0.8115946721404966,0.60449811,0.104863333,0.189126393,0.0,0.0
0.8090276083044939,0.54159915,0.118234887,0.196668331,0.0,0.0
0.806423054420658,0.372656646,0.125592851,0.201472465,0.0,0.0
0.8031835467882108,0.251910809,0.139049737,0.215232423,0.0,0.0
0.7965603320569635,0.160520094,0.172010468,0.26138142,0.0,0.0
0.7489333847356399,0.0133551215,0.226595299,0.3523518025,0.0,0.0
0.6442530241054805,0.0,0.24581386500000002,0.388289651,0.0,0.0
0.5950860885311564,0.0,0.19165452666666669,0.297254018,0.0,0.0
0.6110179422634124,0.0452923235,0.1605231995,0.221917857,0.0,0.0
0.6920731368325289,0.169461474,0.150872711,0.223821665,0.0,0.0
0.7666279421763506,0.290246339,0.111262856,0.21687008,0.0,0.0
0.8067094419453124,0.451238729,0.110145719,0.21256345,0.0,0.0
0.8245594689506505,0.584514655,0.114626227,0.214750723,0.0,0.0
0.8270627081871619,0.725895165,0.128213602,0.220990638,0.0,0.0
0.8288190415944894,0.8853691256666667,0.08248286166666667,0.15309246899999998,0.0,0.0
0.821358822949527,0.8670460689999999,0.07859089999999999,0.1802996395,0.0,0.0
0.8155928505753562,0.719152907,0.076892282,0.184583513,0.0,0.0
0.8127161737838077,0.578525355,0.077843726,0.185585109,0.0,0.0
0.8090510167122782,0.421211973,0.080896737,0.187015677,0.0,0.0
0.8011361319762127,0.2128676785,0.0895653935,0.18353494399999998,0.0,0.0
0.7492091425068234,0.014641751,0.108322298,0.2127418115,0.0,0.0
0.6442530241054805,0.0,0.0631701095,0.180151393,0.0,0.0
0.5960696693969283,0.0,0.033010959,0.119025995,0.0,0.0
0.5955502718732505,0.0,0.0179925805,0.0627751575,0.0,0.0
0.623699574677214,0.104840222,0.014218046,0.034160046,0.0,0.0
0.6920731368325289,0.195189701,0.015119369,0.028600672,0.0,0.0
0.769932143065446,0.318516495,0.014529232,0.030061512,0.0,0.0
0.8080574385103269,0.487972753,0.015808099,0.034694208,0.0,0.0
0.8284823928988251,0.636347241,0.01749529,0.034438326,0.0,0.0
0.8340493479511261,0.810164742,0.0127751215,0.02361235,0.0,0.0
0.8370203900584208,0.8965219435,0.0129047175,0.030843054,0.0,0.0
0.8277211159763,0.796588941,0.030674171,0.0884064185,0.0,0.0
0.8202247026637831,0.632290077,0.04744752,0.124652021,0.0,0.0
0.8169700162731355,0.47768847,0.057864656,0.132417681,0.0,0.0
0.8126877361126911,0.333833186,0.060832371,0.128243309,0.0,0.0
0.803832307860173,0.13888492,0.0705349705,0.13304862,0.0,0.0
0.7506017156467586,0.0109308815,0.078231331,0.12174485600000001,0.0,0.0
0.6234418305426198,0.0,0.09050733899999999,0.11541649600000001,0.0,0.0
0.5620745563541816,0.0,0.09005365850000001,0.08450616225,0.0,0.0
0.5685002510600525,0.06744849,0.08655969250000001,0.12016682,0.0,0.0
0.6144098103397211,0.176915595,0.055726521,0.130634998,0.0,0.0
0.6457430029355327,0.329127219,0.050516039,0.120908774,0.0,0.0
0.685804020291943,0.44422188,0.045092306,0.100248095,0.0,0.0
0.6969710768613103,0.512053436,0.041095123,0.08067725,0.0,0.0
0.6991531816923151,0.5423042505,0.0379599055,0.0544673775,0.0,0.0
0.6944103681650677,0.6131368145,0.0530667725,0.077364704,0.0,0.0
0.6909060755036813,0.522915965,0.043815320000000005,0.110677491,0.0,0.0
0.6873261626991062,0.430825736,0.045385893,0.126162026,0.0,0.0
0.6859767032107957,0.313733152,0.051549281,0.131047124,0.0,0.0
0.682040200325944,0.1817331685,0.0624681905,0.131290644,0.0,0.0
0.6719240085900073,0.016135006,0.065530945,0.10511411100000001,0.0,0.0
0.6252918510422449,0.0,0.0545932115,0.10911760449999999,0.0,0.0
0.5637798705345247,0.0,0.047980620333333335,0.11067418233333333,0.0,0.0
0.560795973619252,0.0365448945,0.056887661,0.115174954,0.0,0.0
0.573216455867585,0.151610108,0.050759895,0.094985155,0.0,0.0
0.6278320317675139,0.273511332,0.030461355500000002,0.068562066,0.0,0.0
0.6874679619872512,0.321566201,0.027022238,0.076587247,0.0,0.0
0.6925116561914094,0.308737469,0.0780033645,0.1430075475,0.0,0.0
0.6899203381811571,0.284688162,0.097718268,0.195383206,0.0,0.0
0.684232112034646,0.1906638815,0.108447918,0.2552817375,0.0,0.0
0.6814905137349789,0.149651804,0.146265566,0.26206969049999995,0.0,0.0
0.6813703168682287,0.15973362,0.155258287,0.248272695,0.0,0.0
0.6791458757772711,0.11372119950000001,0.1583980405,0.25599132199999997,0.0,0.0
0.6688679051183303,0.0113847085,0.2252481705,0.38042376349999996,0.0,0.0
0.6445522360658315,0.0,0.386602435,0.6451894055,0.0,0.0
0.5960944950952659,0.0,0.456527725,0.7025309744999999,0.0,0.0
0.5955296295231389,0.0,0.54202679,0.7482610590000001,0.0,0.0
0.6578193308434496,0.0607497905,0.553122627,0.7634906205,0.0,0.0
0.7817615394204915,0.199005444,0.592245036,0.784923421,0.0,0.0
0.8212317224582615,0.381307672,0.616906128,0.791561852,0.0,0.0
0.8234493971945334,0.519385358,0.67002025,0.813766057,0.0,0.0
0.8233595124344029,0.5223922999999999,0.656995048,0.826537608,0.0,0.0
0.8183940444192255,0.5266312545,0.7621033735,0.8877722475000001,0.0,0.0
0.8122565089255209,0.459933768,0.821462327,0.914606615,0.0,0.0
0.8075891327132103,0.3472202845,0.821815105,0.916998932,0.0,0.0
0.8057392721511453,0.198294717,0.796302931,0.910519057,0.0,0.0
0.7990346764774086,0.0985684235,0.7481450494999999,0.895827838,0.0,0.0
0.7473481264485827,0.0103095045,0.6866996535,0.8736069369999999,0.0,0.0
0.6293550733279832,0.0,0.556882753,0.819253738,0.0,0.0
0.5945600997764939,0.0,0.44185936533333336,0.6741220566666667,0.0,0.0
0.6579004831019835,0.1013842195,0.3759086975,0.590961624,0.0,0.0
0.7615094964118404,0.233422814,0.335898683,0.481169311,0.0,0.0
0.8023457810653397,0.182181707,0.266507659,0.376264373,0.0,0.0
0.8213150236176375,0.246805871,0.194561282,0.297136496,0.0,0.0
0.8234995058847994,0.314976279,0.14948390649999999,0.2547292075,0.0,0.0
0.8225783931468484,0.394187869,0.1689334535,0.26972564499999996,0.0,0.0
0.8146509812567967,0.39285336449999997,0.1709050595,0.2608328865,0.0,0.0
0.8079247144895901,0.33984240050000003,0.212206607,0.2803684165,0.0,0.0
0.8047784291247134,0.240997965,0.228092367,0.298246552,0.0,0.0
0.7987897566298701,0.1257643105,0.2232073645,0.32342586149999997,0.0,0.0
0.7478715700506569,0.012800767,0.2562370365,0.3614156785,0.0,0.0
0.6442530241054805,0.0,0.326010924,0.454182596,0.0,0.0
0.5960436549433519,0.0,0.3107155545,0.461973476,0.0,0.0
0.5954755203872191,0.0,0.3309567865,0.4309732755,0.0,0.0
0.657669324870733,0.096742129,0.3392157985,0.439955487,0.0,0.0
0.7620780653708722,0.227790774,0.364710117,0.409671158,0.0,0.0
0.8026250362072028,0.391183543,0.374401108,0.39451218,0.0,0.0
0.8212317224582615,0.521860748,0.399714469,0.402594592,0.0,0.0
0.8235469628222104,0.625948771,0.413730953,0.41312771,0.0,0.0
0.8237856190927555,0.739530696,0.47872488700000004,0.46982766600000003,0.0,0.0
0.821976128941014,0.79048203,0.549548282,0.54425174,0.0,0.0
0.8144928371972631,0.732528635,0.5815281205,0.6089421015,0.0,0.0
0.8090517481739261,0.630250178,0.593318705,0.642009099,0.0,0.0
0.8053343336599292,0.3982186335,0.5676434785,0.65783961,0.0,0.0
0.7989505524422585,0.1397553875,0.532595502,0.6657533535,0.0,0.0
0.7469752601946724,0.011687393,0.3630305315,0.548706227,0.0,0.0
0.6616727611785603,0.0,0.369135213,0.602398261,0.0,0.0
0.6129998637593596,0.0,0.372756175,0.6366402215,0.0,0.0
0.5928190061939851,0.0,0.3151255905,0.6016479105,0.0,0.0
0.6108399101317865,0.0103471515,0.336649646,0.547185053,0.0,0.0
0.6919865438727756,0.057568338,0.415866364,0.571641787,0.0,0.0
0.7614336476590166,0.125367846,0.477196749,0.631735399,0.0,0.0
0.8020297671886505,0.165636758,0.602710075,0.681408781,0.0,0.0
0.8212134347279355,0.243353752,0.659875783,0.731227765,0.0,0.0
0.8243815739402134,0.344206801,0.6588520265,0.7684132785,0.0,0.0
0.8242209153233342,0.4992756305,0.7410972535,0.783142722,0.0,0.0
0.8181870718387906,0.587586117,0.811403515,0.807555896,0.0,0.0
0.8143528438211872,0.315731443,0.815358177,0.816578758,0.0,0.0
0.8081021979878199,0.13893554,0.8203164345,0.8289112445,0.0,0.0
0.8049033351567146,0.062428904,0.814790043,0.834986218,0.0,0.0
0.8017507861405243,0.043731059,0.804737331,0.841516887,0.0,0.0
0.7958640226334646,0.030705546,0.757027431,0.855459386,0.0,0.0
0.7487621877050952,0.0106823815,0.620439031,0.82695568,0.0,0.0
0.6442943318450363,0.0,0.46723982350000004,0.716836093,0.0,0.0
0.596100072917674,0.0,0.4074731275,0.6618028615,0.0,0.0
0.5954552208772398,0.0005480425,0.342924877,0.509949062,0.0,0.0
0.6577388186324378,0.1439723735,0.268275547,0.441701064,0.0,0.0
0.7613900768624418,0.314292775,0.283583956,0.429212817,0.0,0.0
0.8020297671886505,0.419712902,0.315619978,0.41163942,0.0,0.0
0.8212303509490914,0.520515448,0.316590929,0.391999648,0.0,0.0
0.8239551015510368,0.6735172515,0.2961192895,0.34064263,0.0,0.0
0.8232958707374841,0.7477740895,0.27181166700000003,0.266683923,0.0,0.0
0.8149876603742892,0.6112122965,0.256197041,0.2362736725,0.0,0.0
0.8082403626354555,0.3920161805,0.2132436505,0.21149224249999998,0.0,0.0
0.8054812307348409,0.27111285,0.167049789,0.16791411,0.0,0.0
0.8026057426242105,0.194583981,0.128509571,0.145498911,0.0,0.0
0.7956969632440828,0.093778783,0.103074322,0.135831999,0.0,0.0
0.7471625276799074,0.0104705345,0.093114535,0.135405891,0.0,0.0
0.6223548471705258,0.0,0.0947960195,0.140073416,0.0,0.0
0.5652030224675474,0.0,0.0840733375,0.13788371900000002,0.0,0.0
0.5584443633649538,0.0,0.0658880205,0.11479980849999999,0.0,0.0
0.5655154015550864,0.07504182699999999,0.0590764945,0.0819071205,0.0,0.0
0.6008562365490022,0.121790094,0.062852842,0.068715907,0.0,0.0
0.6385436297918328,0.221594081,0.061510342,0.070706742,0.0,0.0
0.6802003067277771,0.330720926,0.07385129,0.080523772,0.0,0.0
0.6903179386449589,0.47769954849999996,0.1047689685,0.1042983005,0.0,0.0
0.6896282814199686,0.455088637,0.182053199,0.1837749185,0.0,0.0
0.6830493232398812,0.292308289,0.2215643555,0.229283237,0.0,0.0
0.6811771515368242,0.154476179,0.218266411,0.253226668,0.0,0.0
0.6810655957575446,0.090879719,0.234429179,0.29933276350000004,0.0,0.0
0.6812056806220668,0.061806456,0.251533226,0.369031958,0.0,0.0
0.6799620162623762,0.037469643,0.267542619,0.447641861,0.0,0.0
0.669251904052045,0.008507967,0.24374796449999997,0.507130409,0.0,0.0
0.6228242503087551,0.0,0.1947107455,0.47651703349999996,0.0,0.0
0.5654851352298499,0.0,0.16054651749999999,0.40535754049999995,0.0,0.0
0.5586692809842233,0.0,0.147180385,0.340564552,0.0,0.0
0.5657918679715465,0.083288736,0.1824539095,0.3096656135,0.0,0.0
0.6005698033916054,0.205032734,0.214609548,0.366256507,0.0,0.0
0.6383048363257782,0.26992211,0.272298816,0.384506295,0.0,0.0
0.6802972323079319,0.369805016,0.324095681,0.411004874,0.0,0.0
0.6894171026749365,0.448983823,0.378289764,0.47736773,0.0,0.0
0.6902209445413697,0.584883596,0.458750117,0.519115167,0.0,0.0
0.6894994436143886,0.6577348765,0.594278823,0.7044692075000001,0.0,0.0
0.6828687765509096,0.6423903445,0.683074508,0.798933427,0.0,0.0
0.6810497767288606,0.556275539,0.640592536,0.773929273,0.0,0.0
0.6810904671629452,0.437123107,0.602007501,0.73317272,0.0,0.0
0.6806309852815511,0.291814447,0.582857046,0.712599784,0.0,0.0
0.6801543813857371,0.12247487600000001,0.5092112715,0.6796722245,0.0,0.0
0.6669208371778225,0.010158365666666667,0.3926463093333334,0.626614717,0.0,0.0
0.6029228308621364,0.0,0.337582195,0.59556502075,0.0,0.0
0.6109501858160221,0.041214127499999996,0.29898888349999997,0.5356011095,0.0,0.0
0.6920333150556016,0.133021871,0.304218887,0.545579046,0.0,0.0
0.761428938568086,0.222669284,0.429593047,0.577849691,0.0,0.0
0.8020297671886505,0.264984278,0.478600604,0.5915573,0.0,0.0
0.8212134347279355,0.313555794,0.52556341,0.617034567,0.0,0.0
0.8237747378389577,0.255991458,0.583651965,0.659944868,0.0,0.0
0.823790099574051,0.196521012,0.6256744110000001,0.664629735,0.0,0.0
0.8184984222572917,0.125961253,0.664426818,0.7167280195,0.0,0.0
0.810521953162383,0.16867151600000002,0.5999961224999999,0.76215511,0.0,0.0
0.8053294416664265,0.2011793785,0.562011967,0.7566941425,0.0,0.0
0.801889499421556,0.144446881,0.511620727,0.731815262,0.0,0.0
0.7956969632440828,0.088467026,0.508075871,0.721155831,0.0,0.0
0.7495056798236275,0.013797497,0.548352325,0.765984208,0.0,0.0
0.644615786274304,0.0,0.630143557,0.8495903985,0.0,0.0
0.596180173690799,0.0,0.6274450285,0.8575120615,0.0,0.0
0.5955577470961742,0.0,0.6118542995,0.8536837285000001,0.0,0.0
0.6578387616962716,0.04972995399999999,0.6481757195,0.876031964,0.0,0.0
0.761593163376361,0.083347085,0.749929301,0.890876885,0.0,0.0
0.8022348652592617,0.156182774,0.735390284,0.900074068,0.0,0.0
0.8214095716873151,0.271347735,0.688332166,0.890404417,0.0,0.0
0.824163537277729,0.550401992,0.694388409,0.867164328,0.0,0.0
0.8242350883775091,0.7200908025,0.657413389,0.7965337155000001,0.0,0.0
0.8194740783854207,0.761335239,0.674346314,0.8331015135,0.0,0.0
0.8110718685116242,0.6645635795,0.671731088,0.8358489835,0.0,0.0
0.8064086069754645,0.548687634,0.640851112,0.826621641,0.0,0.0
0.8047784291247134,0.385834517,0.621700316,0.82511418,0.0,0.0
0.8019027581858312,0.243854996,0.609221841,0.814110877,0.0,0.0
0.7955953743543808,0.145985798,0.554212105,0.79634288,0.0,0.0
0.7465801286554739,0.020771841,0.485469596,0.7633206210000001,0.0,0.0
0.6292014555311285,0.0,0.39872088299999997,0.6949245723333334,0.0,0.0
0.5927442546336332,0.0,0.275800986,0.5441451095000001,0.0,0.0
0.6108823836615689,0.012052559,0.1906588015,0.385406342,0.0,0.0
0.6918171069729165,0.045898409,0.216744112,0.352410445,0.0,0.0
0.7620780653708722,0.077699999,0.297999949,0.391719477,0.0,0.0
0.8027859692151006,0.068163237,0.43034246,0.480782328,0.0,0.0
0.8212976501772115,0.169946193,0.620628986,0.637266807,0.0,0.0
0.8237747378389577,0.265115555,0.759647306,0.783080522,0.0,0.0
0.8246887639011804,0.335438119,0.823602019,0.872575378,0.0,0.0
0.8232355513123176,0.5963711653333333,0.853464007,0.87919612,0.0,0.0
0.8135937155765431,0.35559319450000004,0.8201346345,0.889337377,0.0,0.0
0.8078315836361456,0.183980984,0.807855248,0.893705382,0.0,0.0
0.8055045477284992,0.111932807,0.793591867,0.892821293,0.0,0.0
0.7995369519866666,0.053265028,0.787826565,0.8896114150000001,0.0,0.0
0.7501077840175814,0.008737946,0.781088696,0.8723233415,0.0,0.0
0.6449735421448073,0.0,0.6882961415,0.8410742365,0.0,0.0
0.5963474616154953,0.0,0.640756256,0.836161989,0.0,0.0
0.5955196626335613,0.0,0.5692726260000001,0.8141691415000001,0.0,0.0
0.657949311622885,0.034537395,0.5071440359999999,0.766643339,0.0,0.0
0.7625139560162304,0.117154084,0.494483326,0.712441957,0.0,0.0
0.806766865772301,0.223221334,0.511691604,0.702957705,0.0,0.0
0.8253899196111192,0.349950119,0.531948018,0.733154729,0.0,0.0
0.8264015113010188,0.505444658,0.569224629,0.762504693,0.0,0.0
0.8257372971541579,0.648700504,0.790703488,0.859138972,0.0,0.0
0.8236404593321585,0.719335029,0.803390932,0.829958917,0.0,0.0
0.8152834203737417,0.6053657214999999,0.8431186505,0.8696422225,0.0,0.0
0.8109858699666505,0.531068157,0.880768906,0.907295233,0.0,0.0
0.8092769630005853,0.438444349,0.892678506,0.917280809,0.0,0.0
0.8102482300615448,0.320461556,0.884202824,0.925228495,0.0,0.0
0.8071754160133348,0.198961138,0.865168428,0.927872798,0.0,0.0
0.7971679455498913,0.134773317,0.841802418,0.924025095,0.0,0.0
0.7394525810768932,0.02606182,0.804209413,0.915677296,0.0,0.0
0.6438978743550898,0.0,0.7408202015,0.918856429,0.0,0.0
0.5958560217272928,0.0,0.6567024205,0.8913716955,0.0,0.0
0.5947448984114463,0.0005093805,0.5824435644999999,0.8605473804999999,0.0,0.0
0.6580421224525684,0.131868854,0.525281377,0.8099116024999999,0.0,0.0
0.762466499004499,0.289216975,0.496648558,0.773832071,0.0,0.0
0.8040273476270807,0.403295007,0.486105217,0.729302817,0.0,0.0
0.8214995478615714,0.569799136,0.471869306,0.67500999,0.0,0.0
0.8236108786871864,0.707759126,0.471888047,0.630446279,0.0,0.0
0.8233765658510681,0.8124727350000001,0.612234002,0.625268027,0.0,0.0
0.8183782710976044,0.8089045655,0.7389603245,0.731925677,0.0,0.0
0.8105743478746801,0.6052587629999999,0.8361098285,0.7908741365,0.0,0.0
0.8068413886486973,0.408358492,0.861270009,0.821903883,0.0,0.0
0.807031307961108,0.298063572,0.850738881,0.835349082,0.0,0.0
0.8040752618580824,0.228706933,0.841043232,0.848747168,0.0,0.0
0.7968032859805525,0.137775859,0.845686333,0.860527047,0.0,0.0
0.7403997081197795,0.0243906775,0.8516509505000001,0.8600139175,0.0,0.0
0.6054716448960046,0.0,0.852327707,0.8611974273333333,0.0,0.0
0.5586428017059196,0.00034076500000000003,0.8217738633333335,0.829680681,0.0,0.0
0.5655784489115462,0.117262925,0.754840232,0.7534200085,0.0,0.0
0.6009660550882879,0.260614955,0.719955629,0.686386145,0.0,0.0
0.6398369456968396,0.363790729,0.667809144,0.644656939,0.0,0.0
0.6813675279198643,0.434030343,0.646714209,0.622056259,0.0,0.0
0.6901591316472117,0.542688056,0.642128606,0.613228667,0.0,0.0
0.6905522745204097,0.523583253,0.641778518,0.602804236,0.0,0.0
0.6890425677787866,0.4960054555,0.6399382845,0.593126866,0.0,0.0
0.6824348061967584,0.446776308,0.6295046040000001,0.5971540115,0.0,0.0
0.6808638351943734,0.382685056,0.639310527,0.60520358,0.0,0.0
0.6810326776794529,0.282222047,0.657821802,0.608053906,0.0,0.0
0.6832678629030194,0.213213375,0.637436105,0.617216523,0.0,0.0
0.6831061526520903,0.138618572,0.620093224,0.625831418,0.0,0.0
0.6817042984514827,0.074726835,0.600094037,0.654466474,0.0,0.0
0.6702342123786829,0.0116130025,0.607901703,0.6970315524999999,0.0,0.0
0.6221848388952198,0.0,0.6428780355,0.6951780265,0.0,0.0
0.5627787638219032,0.0,0.5743606293333333,0.5868963186666667,0.0,0.0
0.5601577509609552,0.026797327,0.43456420949999996,0.46061455500000004,0.0,0.0
0.5694981726221104,0.095141359,0.397440025,0.418562584,0.0,0.0
0.6009660550882879,0.167138071,0.366740408,0.370437396,0.0,0.0
0.6399384889537991,0.205573282,0.298332092,0.314113364,0.0,0.0
0.6813333754537916,0.296093968,0.253143548,0.270232802,0.0,0.0
0.6895186001505127,0.400318388,0.221808202,0.24350463,0.0,0.0
0.6904388897897284,0.541725572,0.2143279885,0.231293758,0.0,0.0
0.6865938262253901,0.650446182,0.1575819185,0.211611065,0.0,0.0
0.6830901736858461,0.594717828,0.1764730555,0.24553272,0.0,0.0
0.6822873147070674,0.455200958,0.181296723,0.276438342,0.0,0.0
0.6823646723132113,0.315830018,0.184597376,0.301222658,0.0,0.0
0.6811054632415349,0.19004011,0.20127945,0.329585926,0.0,0.0
0.6789645974780107,0.120071495,0.217374612,0.355566872,0.0,0.0
0.6758373773094525,0.031717842,0.235633768,0.370164242,0.0,0.0
0.6617723383629295,0.0,0.26908092250000004,0.36343301100000003,0.0,0.0
0.6029515084767534,0.0,0.27283494275,0.371720264,0.0,0.0
0.611023771511827,0.0130244725,0.2899062265,0.368811605,0.0,0.0
0.6919370295229688,0.051654504,0.265269396,0.346369393,0.0,0.0
0.761428938568086,0.132361607,0.247295942,0.319113495,0.0,0.0
0.8019832246154597,0.333865089,0.229089176,0.291006469,0.0,0.0
0.8212938097434381,0.458564965,0.219200044,0.279859363,0.0,0.0
0.824167560539754,0.548437828,0.215019728,0.278123359,0.0,0.0
0.8251471028087192,0.678421816,0.1950348955,0.258255803,0.0,0.0
0.822176929432902,0.791399325,0.20935633850000002,0.28870588750000004,0.0,0.0
0.8164339996613712,0.68946608,0.2201075,0.2935695765,0.0,0.0
0.8127552183177037,0.52067132,0.188075076,0.281219824,0.0,0.0
0.8092574864407003,0.396435897,0.186796268,0.293032754,0.0,0.0
0.8052358080352895,0.255996544,0.211321044,0.312334579,0.0,0.0
0.7972568243087145,0.156395357,0.229853994,0.315505375,0.0,0.0
0.74980006831391,0.028766121500000002,0.21054040699999998,0.2911748195,0.0,0.0
0.6442943318450363,0.0,0.1423573015,0.2351147085,0.0,0.0
0.596100072917674,0.0,0.1214133515,0.187145605,0.0,0.0
0.595557152755715,0.0,0.10910105449999999,0.155477832,0.0,0.0
0.6578695309478415,0.143736595,0.07930722600000001,0.107424768,0.0,0.0
0.761593163376361,0.30708654,0.055881528,0.068587437,0.0,0.0
0.8061218537943067,0.446256838,0.050217736,0.055839369,0.0,0.0
0.8242380601541253,0.595167249,0.049657135,0.05094948,0.0,0.0
0.8292541397859019,0.725054355,0.049729854,0.048796715,0.0,0.0
0.832690515913697,0.8573287445,0.0387250965,0.04304956,0.0,0.0
0.829017952291319,0.8555360759999999,0.038958124,0.0670088255,0.0,0.0
0.8214609605469456,0.760614047,0.037719968,0.092905177,0.0,0.0
0.8171349725430582,0.586743514,0.037764576,0.094229361,0.0,0.0
0.8143191026443605,0.519322681,0.038648864,0.084929607,0.0,0.0
0.8114777213670604,0.392761024,0.043181459,0.0710922,0.0,0.0
0.807504231435029,0.255673478,0.052367686,0.060287845,0.0,0.0
0.7996834375493709,0.165836302,0.068241264,0.063649983,0.0,0.0
0.7505483151561154,0.0265540835,0.0818309605,0.0921015355,0.0,0.0
0.6449455616929609,0.0,0.065440025,0.1132642975,0.0,0.0
0.5961525818604683,0.0,0.0491102085,0.092037273,0.0,0.0
0.5955196626335613,0.0,0.0529887815,0.0668823785,0.0,0.0
0.6238690115770732,0.089836706,0.051212283,0.05525329,0.0,0.0
0.6918834919111368,0.159899845,0.042880081,0.050483928,0.0,0.0
0.7636381550451391,0.268372187,0.038260256,0.053084353,0.0,0.0
0.8067094419453124,0.421982432,0.03966251,0.056786799,0.0,0.0
0.8246966277456196,0.576573798,0.044225013,0.058309579,0.0,0.0
0.828899538594587,0.704672955,0.049963297,0.055930968,0.0,0.0
0.8321395947117894,0.785862996,0.055063466,0.059396935,0.0,0.0
0.8319656774792759,0.831198647,0.0611299055,0.064682856,0.0,0.0
0.8225721295698551,0.711563714,0.071327152,0.0726755875,0.0,0.0
0.8164498186157346,0.58901287,0.077835454,0.084304181,0.0,0.0
0.8134823426255151,0.482778876,0.086084885,0.099963998,0.0,0.0
0.8114474549675034,0.352453098,0.095418382,0.109681368,0.0,0.0
0.8068092935206999,0.24610694,0.090318759,0.10487783,0.0,0.0
0.798430537836071,0.148486417,0.081481104,0.098380076,0.0,0.0
0.7668287883753014,0.042066397,0.077442066,0.097377243,0.0,0.0
0.6973380223783598,0.0,0.059414064,0.090687929,0.0,0.0
0.6029804032556597,0.0,0.04572340725,0.07148375125,0.0,0.0
0.6110015746013323,0.0507931535,0.054005647000000004,0.080267621,0.0,0.0
0.6920731368325289,0.191431663,0.049158704,0.076890877,0.0,0.0
0.7700300743496266,0.316460188,0.033930874,0.079268685,0.0,0.0
0.8081565586240664,0.471446729,0.033082129,0.092519764,0.0,0.0
0.8282631217740389,0.621362974,0.038784105,0.104152675,0.0,0.0
0.832641230099205,0.751481886,0.042500636,0.117749974,0.0,0.0
0.8357657072494231,0.8845370225,0.0379952015,0.1192486905,0.0,0.0
0.832908598357565,0.919441365,0.0702493955,0.18188042999999998,0.0,0.0
0.8264476880690652,0.828687927,0.102302704,0.226347623,0.0,0.0
0.8224223522067738,0.716391747,0.146211898,0.272633999,0.0,0.0
0.8199016481157102,0.583693318,0.185882376,0.313945191,0.0,0.0
0.8165342170419032,0.438271119,0.203350522,0.365509199,0.0,0.0
0.8117993129918374,0.281758565,0.227760558,0.419926158,0.0,0.0
0.8034212887688564,0.180760663,0.28915999,0.496870868,0.0,0.0
0.75307297398577,0.0305262945,0.360672627,0.59304638,0.0,0.0
0.6465063829031962,0.0,0.444739915,0.70592185,0.0,0.0
0.5954274920000407,0.0,0.43078993600000004,0.7118660123333335,0.0,0.0
0.6109233255216598,0.0452404745,0.403549575,0.712597863,0.0,0.0
0.6947475045018305,0.173875324,0.37335935,0.681501577,0.0,0.0
0.7702082893838247,0.297788586,0.384118882,0.66952817,0.0,0.0
0.8072619175589623,0.447077298,0.394936388,0.645334806,0.0,0.0
0.8240143083994028,0.572993039,0.385124573,0.618836952,0.0,0.0
0.826525777136857,0.675613431,0.376467859,0.59608747,0.0,0.0
0.8272419289253856,0.8398654045,0.30205609850000004,0.5231421425,0.0,0.0
0.8229441042015964,0.9192707455,0.28071161099999997,0.5398371485,0.0,0.0
0.8141015688338887,0.799915643,0.27471551650000003,0.588938331,0.0,0.0
0.8090276083044939,0.611759547,0.254846984,0.573737226,0.0,0.0
0.8064860559957344,0.460478135,0.247102675,0.556273897,0.0,0.0
0.8032041206148883,0.298747783,0.222707967,0.527426484,0.0,0.0
0.7965516453367505,0.187751538,0.209879322,0.501393104,0.0,0.0
0.7490589764479059,0.0301483435,0.2079697625,0.4575517255,0.0,0.0
0.6415768505241097,0.0,0.195297104,0.365813739,0.0,0.0
0.5873233052570359,0.0,0.1754293255,0.218708066,0.0,0.0
0.5587666408186363,0.0,0.1630582695,0.1324601055,0.0,0.0
0.5599177687396619,0.0502999455,0.1643447215,0.1226580865,0.0,0.0
0.5696246787729169,0.193783764,0.139179576,0.118794794,0.0,0.0
0.6023888487720763,0.315385024,0.092194867,0.103658952,0.0,0.0
0.6431538107867899,0.458299631,0.085587995,0.087550346,0.0,0.0
0.6821587055854429,0.615275386,0.087787063,0.075548697,0.0,0.0
0.6916695699248031,0.7294629,0.096678306,0.073135501,0.0,0.0
0.6918311886129657,0.818906638,0.102663505,0.073104754,0.0,0.0
0.6920158043453457,0.899582141,0.1158526745,0.127826944,0.0,0.0
0.6860657192394486,0.8581136515000001,0.1338122155,0.248366414,0.0,0.0
0.6837211726215462,0.727152727,0.159470917,0.346040072,0.0,0.0
0.682873211325142,0.604369408,0.183451007,0.386308523,0.0,0.0
0.6825682158977597,0.453069341,0.200467084,0.411236663,0.0,0.0
0.6819222438484822,0.300972228,0.196412865,0.42594357,0.0,0.0
0.6793091404399425,0.190730726,0.186884668,0.436521959,0.0,0.0
0.6686898501703331,0.0309485715,0.209595314,0.45738278349999995,0.0,0.0
0.6213027249841019,0.0,0.2448561585,0.4393986095,0.0,0.0
0.5637465790953786,0.0,0.214831314,0.35283359550000004,0.0,0.0
0.5566119678060817,0.0,0.17751156299999998,0.260752139,0.0,0.0
0.5634076596629178,0.1438013255,0.142245568,0.20099324200000002,0.0,0.0
0.6018998321014141,0.311506942,0.106406317,0.155772122,0.0,0.0
0.6412325819531963,0.461070874,0.102304325,0.13628901,0.0,0.0
0.6800823501016745,0.603693671,0.103129839,0.130203918,0.0,0.0
0.6912699348649768,0.732639469,0.105497326,0.130656994,0.0,0.0
0.6923895163657217,0.808093007,0.108677824,0.128020592,0.0,0.0
0.6883942409610826,0.836843098,0.10937754699999999,0.1552552245,0.0,0.0
0.6863133823282884,0.758332796,0.101125847,0.220220859,0.0,0.0
0.6841714649307143,0.671373773,0.108680367,0.275067873,0.0,0.0
0.6841588005812187,0.554517451,0.114098642,0.312622295,0.0,0.0
0.6842707678727059,0.41843696,0.116354473,0.331984523,0.0,0.0
0.682906449501315,0.287991032,0.109249089,0.333490958,0.0,0.0
0.6800035295722345,0.185035312,0.099703862,0.331117307,0.0,0.0
0.676622199835271,0.056850446,0.106004367,0.321020914,0.0,0.0
0.6611277378971423,0.000775526,0.11430857950000001,0.2866733815,0.0,0.0
0.6108045917268463,0.0,0.0925145145,0.1870898365,0.0,0.0
0.5901439755864697,0.0,0.08907106549999999,0.1255480515,0.0,0.0
0.6063828668980427,0.0480560055,0.102002648,0.147840973,0.0,0.0
0.6873216822178109,0.19510117,0.109374044,0.157400689,0.0,0.0
0.7603483559684945,0.319450887,0.097845876,0.14524249,0.0,0.0
0.8026269564984099,0.480205541,0.104732572,0.146599361,0.0,0.0
0.8225583221721838,0.631162277,0.119054962,0.154269354,0.0,0.0
0.8257490012837296,0.760363799,0.132307495,0.175029198,0.0,0.0
0.828779753240044,0.860444525,0.1374278,0.193302827,0.0,0.0
0.8292189356114589,0.9288483885000001,0.14543744549999998,0.251908311,0.0,0.0
0.8211026560430463,0.8754599224999999,0.19285762950000002,0.3819553725,0.0,0.0
0.8148036389823682,0.735851507,0.246348936,0.45167001,0.0,0.0
0.8129984464836703,0.605399346,0.281561289,0.473832611,0.0,0.0
0.810993002200801,0.452290967,0.300648454,0.485331754,0.0,0.0
0.805894170191685,0.293423669,0.29411722,0.485021848,0.0,0.0
0.7974841422548326,0.183660213,0.281131603,0.473162097,0.0,0.0
0.7483010827398837,0.0268481495,0.274354771,0.47738287599999996,0.0,0.0
0.6421809664233965,0.0,0.285008643,0.519921955,0.0,0.0
0.5939653336099544,0.0,0.235905366,0.4351175545,0.0,0.0
0.5922121243113461,0.0,0.218639372,0.3480278395,0.0,0.0
0.6192586476052234,0.089987669,0.226308055,0.321490802,0.0,0.0
0.687238198230183,0.192037966,0.206459705,0.303430997,0.0,0.0
0.7571580882948357,0.313550792,0.162155866,0.270226301,0.0,0.0
0.8016921736326172,0.451433656,0.132045677,0.231430897,0.0,0.0
0.8208890083734108,0.624151576,0.114969008,0.224470844,0.0,0.0
0.8253985149172064,0.750641328,0.104936206,0.223200014,0.0,0.0
0.8292302283774641,0.8763870295,0.087483231,0.1832767545,0.0,0.0
0.8275819913317017,0.922902678,0.12389399000000001,0.2291829745,0.0,0.0
0.8192109621473618,0.794558114,0.1499672765,0.241761271,0.0,0.0
0.8144513237387638,0.606219866,0.154729485,0.228209548,0.0,0.0
0.811469217475099,0.450564527,0.143565951,0.223644681,0.0,0.0
0.8061446221545688,0.291391936,0.135802732,0.221485288,0.0,0.0
0.7967857297118746,0.180170693,0.141684016,0.235709652,0.0,0.0
0.7476005214447243,0.0259134535,0.160305333,0.2637405895,0.0,0.0
0.6421473854070912,0.0,0.1449931175,0.2742569385,0.0,0.0
0.5939089156356322,0.0,0.10453241299999999,0.1927159505,0.0,0.0
0.5921982712809322,0.0,0.094932224,0.14587608600000002,0.0,0.0
0.6529330262721647,0.10883166050000001,0.0665142585,0.0936970965,0.0,0.0
0.7571580882948357,0.246436938,0.060508663,0.087040378,0.0,0.0
0.7993263675820934,0.28496467,0.059952254,0.086619022,0.0,0.0
0.8201402128234887,0.428434403,0.064803388,0.086722233,0.0,0.0
0.8231102491524375,0.53811419,0.065004703,0.082732439,0.0,0.0
0.8249604297382636,0.67049794,0.063483606,0.0636421975,0.0,0.0
0.8225323992813742,0.7194333445000001,0.093968932,0.1074812545,0.0,0.0
0.8165603686166684,0.682275757,0.12141237,0.141438193,0.0,0.0
0.8120173040215795,0.582159462,0.139678672,0.152534096,0.0,0.0
0.80912380227436,0.476344776,0.157074302,0.179250866,0.0,0.0
0.8064896221871299,0.326967245,0.175280328,0.208400284,0.0,0.0
0.8018049181671357,0.198929095,0.191689986,0.23145071,0.0,0.0
0.7943006867915631,0.090832949,0.205467563,0.275953187,0.0,0.0
0.7474252553707712,0.0114173375,0.192640681,0.326693758,0.0,0.0
0.6279136411709979,0.0,0.169911045,0.3193833996666667,0.0,0.0
0.5920972767316892,0.0,0.20717852733333333,0.2860473793333333,0.0,0.0
0.6534448114517301,0.034092883000000004,0.2149165215,0.2739647365,0.0,0.0
0.7568209521067136,0.089427052,0.23442582,0.261496657,0.0,0.0
0.7980892868231572,0.122658694,0.244974184,0.263305835,0.0,0.0
0.8189140133183502,0.184470058,0.2466993,0.274899811,0.0,0.0
0.8217475308998519,0.242357828,0.250229651,0.28458054,0.0,0.0
0.8220304895029403,0.342387536,0.28735506050000004,0.32090919549999997,0.0,0.0
0.8174711486598971,0.44824127599999997,0.34993846,0.38274068699999997,0.0,0.0
0.8110194281665846,0.461640596,0.380402528,0.410144569,0.0,0.0
0.8062386215908501,0.41005654049999996,0.41685766,0.441215016,0.0,0.0
0.8037883257000319,0.279798224,0.433987796,0.470890669,0.0,0.0
0.7999879301247402,0.176143646,0.430264922,0.485384154,0.0,0.0
0.7934664871114468,0.047673293,0.423598022,0.51027313,0.0,0.0
0.7463480788763743,0.0098825115,0.45249551,0.5474644795,0.0,0.0
0.6277151724329771,0.0,0.5969453586666666,0.606389652,0.0,0.0
0.5918662099145646,0.0,0.647356051,0.5679345563333333,0.0,0.0
0.653312156028748,0.083556983,0.637964467,0.5825148535,0.0,0.0
0.75682954726416,0.23668439,0.638184165,0.609378562,0.0,0.0
0.7980892868231572,0.370462848,0.661626674,0.610036271,0.0,0.0
0.8193154314738744,0.535449431,0.676971407,0.610817293,0.0,0.0
0.8222881194070374,0.666992852,0.657325206,0.599637718,0.0,0.0
0.8227089225596799,0.797504043,0.591446264,0.516604117,0.0,0.0
0.82257766161088,0.9007684495,0.633268719,0.5526857430000001,0.0,0.0
0.8148732241581989,0.8373899625000001,0.6858309265,0.6022867199999999,0.0,0.0
0.8088591772573013,0.707275321,0.715134876,0.6696649,0.0,0.0
0.8059153840658845,0.552867899,0.73703388,0.702563894,0.0,0.0
0.8035855135771314,0.400129265,0.750443877,0.737881735,0.0,0.0
0.8001464856221606,0.252545109,0.713773567,0.780303157,0.0,0.0
0.7934664871114468,0.129219605,0.680687795,0.757301994,0.0,0.0
0.7453069522485658,0.020724931999999998,0.6933223205,0.710351028,0.0,0.0
0.6403116978992011,0.0,0.727275699,0.757431945,0.0,0.0
0.5716401242070811,0.0,0.728526797,0.7496878177500002,0.0,0.0
0.558270194557793,0.0340571105,0.726678206,0.7393507610000001,0.0,0.0
0.567362884755315,0.166720054,0.695762142,0.717849902,0.0,0.0
0.5982943848045837,0.292596545,0.684046225,0.685946585,0.0,0.0
0.6368377402351262,0.448875214,0.64917396,0.63881386,0.0,0.0
0.6787072876719951,0.602242615,0.619345814,0.593835826,0.0,0.0
0.6896115023200017,0.728266427,0.585466558,0.560524273,0.0,0.0
0.6922284691273268,0.8476965125,0.505714714,0.5172556070000001,0.0,0.0
0.6914104769487693,0.8812391515,0.5154149459999999,0.5406310409999999,0.0,0.0
0.6897303732360038,0.724842081,0.48324115700000003,0.5768881834999999,0.0,0.0
0.6880187688843413,0.49367803,0.472464077,0.63113565,0.0,0.0
0.6867850713399078,0.370778828,0.461339519,0.661025697,0.0,0.0
0.6842520685558521,0.240907957,0.438560885,0.66113915,0.0,0.0
0.6822785365727283,0.144832395,0.404548523,0.632733643,0.0,0.0
0.6710394715356696,0.018624809,0.41383959150000005,0.6126413315,0.0,0.0
0.622335873536974,0.0,0.3866774215,0.611300724,0.0,0.0
0.5618214259945694,0.0,0.299654442,0.4782835296666666,0.0,0.0
0.5584992497439051,0.0329037565,0.253276051,0.35134907800000004,0.0,0.0
0.5673936082255014,0.165456416,0.197554299,0.26975081,0.0,0.0
0.5989947632714913,0.270846539,0.162629808,0.216522683,0.0,0.0
0.6379855764300952,0.376883551,0.141543889,0.184033274,0.0,0.0
0.679937236196781,0.503174983,0.124151178,0.17045298,0.0,0.0
0.6910229576793627,0.637739173,0.112008455,0.166926633,0.0,0.0
0.6942458233330318,0.764145329,0.106085768,0.169199131,0.0,0.0
0.6960855798100098,0.8339700210000001,0.15153666,0.213868263,0.0,0.0
0.6924838130837132,0.752601791,0.21573625600000002,0.26296380750000004,0.0,0.0
0.6890562835393709,0.63912292,0.279215601,0.287422103,0.0,0.0
0.6880050072680531,0.517791677,0.313575214,0.316417437,0.0,0.0
0.6860803038058307,0.410600983,0.356962628,0.381306637,0.0,0.0
0.6837412893775942,0.277804686,0.418736046,0.485129342,0.0,0.0
0.6811858382570374,0.174373389,0.45462067,0.602317025,0.0,0.0
0.6765135701255444,0.041446952,0.498014093,0.689482571,0.0,0.0
0.6615091535271158,0.0010208915,0.5398602965,0.7249595790000001,0.0,0.0
0.610904031864347,0.0,0.580815014,0.7328985029999999,0.0,0.0
0.5902864378871489,0.0,0.6509691365,0.7725498774999999,0.0,0.0
0.6068141854993386,0.0167595725,0.731342256,0.824320693,0.0,0.0
0.687238198230183,0.087853596,0.760016866,0.857353272,0.0,0.0
0.75682954726416,0.156228583,0.756140771,0.852576439,0.0,0.0
0.7981214733652804,0.253962762,0.758309967,0.834480096,0.0,0.0
0.8187966054742847,0.360879377,0.738192303,0.803851527,0.0,0.0
0.8218565264147228,0.4702487,0.723348683,0.776646553,0.0,0.0
0.822153155145653,0.591296552,0.680804539,0.709991349,0.0,0.0
0.8209303389293379,0.73565059,0.6289192625,0.592608486,0.0,0.0
0.8133955212047677,0.7840099684999999,0.5955830365,0.5224576155,0.0,0.0
0.8077425219004299,0.621987613,0.592156433,0.510961578,0.0,0.0
0.8052444947555026,0.457324048,0.564864475,0.506310132,0.0,0.0
0.8033439311627124,0.294551358,0.514903042,0.508554813,0.0,0.0
0.8003910854459381,0.171103667,0.426711817,0.492062775,0.0,0.0
0.793449570890291,0.071877713,0.319007353,0.477020226,0.0,0.0
0.7451517113678938,0.009088233,0.25917245850000004,0.4809286195,0.0,0.0
0.6271985410660661,0.0,0.23886479566666666,0.48026869733333327,0.0,0.0
0.5902864378871489,0.0,0.264496194,0.4611440015,0.0,0.0
0.6067367593697605,0.0181979265,0.27203460300000004,0.4755013615,0.0,0.0
0.687238198230183,0.108039949,0.264331505,0.46894996,0.0,0.0
0.7575888584113764,0.211550327,0.259167635,0.456245459,0.0,0.0
0.7993263675820934,0.306033917,0.269373331,0.441589305,0.0,0.0
0.8203144960097877,0.450937976,0.324367798,0.443456772,0.0,0.0
0.8230682786233089,0.549778073,0.404454016,0.439263882,0.0,0.0
0.8232763942519195,0.561282544,0.395338932,0.378387899,0.0,0.0
0.8228117002046207,0.6183035889999999,0.35785262500000004,0.312348362,0.0,0.0
0.8169186274135048,0.610864104,0.282078915,0.26924035,0.0,0.0
0.811091116461874,0.54997536,0.199922661,0.238267327,0.0,0.0
0.8068285872523332,0.41054258,0.12601064,0.228967322,0.0,0.0
0.8046134728547906,0.260130926,0.100350932,0.23832981,0.0,0.0
0.8009303938580795,0.164887759,0.092689048,0.236895182,0.0,0.0
0.7941147910384592,0.07427583,0.104062766,0.238274317,0.0,0.0
0.7480078601884688,0.011907272,0.1473799935,0.263396998,0.0,0.0
0.6435457649047494,0.0,0.228261235,0.300967977,0.0,0.0
0.5935637631471006,0.0,0.20361268933333332,0.27109780433333336,0.0,0.0
0.607692801891136,0.013417257,0.171584055,0.303169545,0.0,0.0
0.691469866774028,0.090388826,0.157666951,0.309400806,0.0,0.0
0.7662462293389872,0.202915724,0.131888293,0.298194117,0.0,0.0
0.8028869180572806,0.356045588,0.127085744,0.272843642,0.0,0.0
0.8247079660700468,0.496799432,0.145915648,0.245126556,0.0,0.0
0.8311813120240867,0.566440121,0.170218358,0.225039604,0.0,0.0
0.8337297223246191,0.646114763,0.130888443,0.134423586,0.0,0.0
0.8350487782921837,0.6488473610000001,0.14820663099999998,0.17976443250000002,0.0,0.0
0.8264144956742755,0.626299757,0.1355527125,0.2914637125,0.0,0.0
0.8150646521009683,0.464585563,0.1121770595,0.31580253599999997,0.0,0.0
0.8112280008658247,0.289691059,0.104107619,0.294521564,0.0,0.0
0.8018586844629234,0.158946575,0.082206733,0.248022574,0.0,0.0
0.7660051041438387,0.026804515,0.068679391,0.199377064,0.0,0.0
0.6981627124624892,0.0,0.052050552,0.1527289195,0.0,0.0
0.6013384640114474,0.0,0.0405240225,0.09717668399999999,0.0,0.0
0.6070726841349133,0.023631821,0.0511843115,0.0997272525,0.0,0.0
0.6925812642579318,0.135152371,0.075650198,0.14076093,0.0,0.0
0.7681714814346059,0.259539129,0.055778991,0.131660558,0.0,0.0
0.8087020848318176,0.449800662,0.049855682,0.116692783,0.0,0.0
0.8313733343073154,0.591280443,0.057596728,0.112777019,0.0,0.0
0.8392507747026104,0.7670957700000001,0.0595118605,0.105857882,0.0,0.0
0.8427955520791379,0.7457932495,0.038596559,0.096627194,0.0,0.0
0.835150138646571,0.648994365,0.044384611,0.141476442,0.0,0.0
0.8257684321365517,0.5873086765,0.0860582555,0.2103588025,0.0,0.0
0.8189924681912866,0.470255182,0.124619213,0.249384314,0.0,0.0
0.8165072424427232,0.365311438,0.145217436,0.28042578,0.0,0.0
0.8097806099446928,0.249784166,0.15269692,0.310446399,0.0,0.0
0.8011517681023245,0.147998722,0.146339058,0.315862658,0.0,0.0
0.7522962209490136,0.0140447075,0.132535568,0.3043839745,0.0,0.0
0.6540885433346803,0.0,0.10934390699999999,0.2590617255,0.0,0.0
0.5962891463149783,0.0,0.16170912850000002,0.315515178,0.0,0.0
0.5927316588818922,0.0,0.253075186,0.4165920295,0.0,0.0
0.6198051796656411,0.045943646,0.268184524,0.434594548,0.0,0.0
0.6891110556135044,0.166928922,0.227096154,0.406105769,0.0,0.0
0.7626351586613267,0.274255961,0.205510034,0.357046981,0.0,0.0
0.8033124760822372,0.414536152,0.189899759,0.303172815,0.0,0.0
0.8248755742414657,0.565050539,0.17228104,0.2584448,0.0,0.0
0.8318449776861924,0.714921099,0.165077988,0.25089238,0.0,0.0
0.8341439417278665,0.824559078,0.185554977,0.303998499,0.0,0.0
0.8370784997143149,0.899585592,0.244721841,0.361337519,0.0,0.0
0.827102758499404,0.85204892,0.325559598,0.4626286975,0.0,0.0
0.8181614688974215,0.718192508,0.41181353,0.529438156,0.0,0.0
0.8137549229011389,0.581389547,0.424112549,0.574938138,0.0,0.0
0.8096515892365406,0.42692837,0.425698091,0.61128777,0.0,0.0
0.8037356565967163,0.268427319,0.428050038,0.627374184,0.0,0.0
0.7948608432727595,0.151158143,0.430279822,0.638932039,0.0,0.0
0.7477307993572291,0.0119496435,0.418684616,0.6249912559999999,0.0,0.0
0.6408696598468128,0.0,0.405598505,0.618146414,0.0,0.0
0.5719091725901866,0.0,0.39995573525000006,0.577026339,0.0,0.0
0.5584992497439051,0.0195793045,0.3820880765,0.564677724,0.0,0.0
0.5673026261985787,0.126164246,0.388245938,0.498825498,0.0,0.0
0.5983106609782176,0.192853629,0.381319557,0.453658735,0.0,0.0
0.6367894603476211,0.244583469,0.370377118,0.428997987,0.0,0.0
0.6792069113540775,0.287847439,0.355219922,0.412326677,0.0,0.0
0.6885625119963946,0.330585936,0.347964308,0.420783033,0.0,0.0
0.6897880028562564,0.508135704,0.29819062500000004,0.3841209965,0.0,0.0
0.685943533558057,0.7056365275,0.337187442,0.3819662975,0.0,0.0
0.684379671973451,0.731006162,0.371216235,0.403803241,0.0,0.0
0.683369314745853,0.659989243,0.405305241,0.425951682,0.0,0.0
0.6832575760640011,0.577634317,0.438718542,0.435063617,0.0,0.0
0.6822551739463274,0.424576645,0.443683349,0.453535546,0.0,0.0
0.6814531608083344,0.257140661,0.420161847,0.44813873,0.0,0.0
0.6795498998299466,0.107467804,0.390941674,0.450726901,0.0,0.0
0.676878275327626,0.016845554,0.344113448,0.459581179,0.0,0.0
0.6515313549741294,0.0,0.325876216,0.47304672049999996,0.0,0.0
0.5861019519640167,0.0,0.34193824650000004,0.46158196900000004,0.0,0.0
0.5575980936758012,0.0,0.28704474199999996,0.43604308950000004,0.0,0.0
0.5584992497439051,0.0143929515,0.26579522,0.4181514595,0.0,0.0
0.5673936082255014,0.12126123,0.248663077,0.368680457,0.0,0.0
0.5987390535842808,0.192444611,0.243187912,0.328706554,0.0,0.0
0.6369550568137068,0.313433869,0.233641047,0.293114561,0.0,0.0
0.6795184903822139,0.432625344,0.210217674,0.259744166,0.0,0.0
0.6897566620062784,0.567912467,0.163638067,0.208993874,0.0,0.0
0.6924503234072132,0.645919036,0.104497224,0.129633761,0.0,0.0
0.6934686816747597,0.813250712,0.105743011,0.1248538595,0.0,0.0
0.6905807806406401,0.7833131680000001,0.1086843855,0.11877422900000001,0.0,0.0
0.6889207707932311,0.695517591,0.106695898,0.112804038,0.0,0.0
0.688553550885163,0.577261966,0.098531078,0.107852018,0.0,0.0
0.6878547726857015,0.43334165,0.090891668,0.095453956,0.0,0.0
0.6853784622669864,0.28169471,0.09141759,0.086297841,0.0,0.0
0.6819425890655245,0.169617157,0.089623739,0.081374055,0.0,0.0
0.6777412325539789,0.026593984,0.088215439,0.077743401,0.0,0.0
0.6622428386936307,0.001250564,0.06639461399999999,0.069591929,0.0,0.0
0.6007266901353057,0.0,0.06382800475,0.08721284325,0.0,0.0
0.6066923885137832,0.0185594775,0.0723998285,0.101025498,0.0,0.0
0.6888360979760442,0.172845277,0.065927449,0.091738782,0.0,0.0
0.7660852049169636,0.292983162,0.057660194,0.090914434,0.0,0.0
0.8039892175317254,0.453450894,0.059351138,0.09599758,0.0,0.0
0.8279290029952755,0.609834905,0.06309072,0.101960525,0.0,0.0
0.8334625369688312,0.746803499,0.067153673,0.108401147,0.0,0.0
0.8366749785879727,0.847801104,0.060413,0.099810338,0.0,0.0
0.8391073981120315,0.9097618525,0.0585571785,0.105417592,0.0,0.0
0.8301502437743021,0.850058419,0.06845564400000001,0.1306917465,0.0,0.0
0.8234468368558041,0.708830456,0.078966819,0.171029281,0.0,0.0
0.8197108145133998,0.559405881,0.086676489,0.195524969,0.0,0.0
0.8173032206133583,0.412256422,0.096735058,0.213600137,0.0,0.0
0.8102693525216182,0.255982809,0.109784113,0.233556426,0.0,0.0
0.8014851554194399,0.160047758,0.125783893,0.253266743,0.0,0.0
0.7498582693096096,0.012275313999999999,0.137132767,0.259641498,0.0,0.0
0.6438583268948606,0.0,0.1363717745,0.25503862450000003,0.0,0.0
0.5932340182245924,0.0,0.104910057,0.16908472333333333,0.0,0.0
0.6071229299463683,0.0096587035,0.088953959,0.09816604300000001,0.0,0.0
0.6908527893178557,0.107007445,0.07689798,0.076973356,0.0,0.0
0.7679312706779979,0.206964552,0.056196262,0.057570421,0.0,0.0
0.8094246372442078,0.36426433,0.044419584,0.044572442,0.0,0.0
0.8313733343073154,0.473421453,0.040323387,0.038633052,0.0,0.0
0.8396974552619609,0.597564377,0.031162996,0.028223122000000003,0.0,0.0
0.8412760613505094,0.649100204,0.0321363,0.0484059315,0.0,0.0
0.829411872333228,0.5286346745,0.038402463,0.0559047065,0.0,0.0
0.8180137030910323,0.383431555,0.033111588,0.040764446,0.0,0.0
0.8141471055544129,0.312398433,0.024090711,0.035444534,0.0,0.0
0.8113718348243147,0.232815172,0.022682976,0.040925191,0.0,0.0
0.8071945269167163,0.158313207,0.030593397,0.053084811,0.0,0.0
0.7988118392355472,0.11728225,0.052079808,0.076508558,0.0,0.0
0.7517148277772465,0.009640313499999999,0.0751663045,0.0921325295,0.0,0.0
0.6456534839309996,0.0,0.09243098366666667,0.167377411,0.0,0.0
0.6018424082744255,0.0,0.09653532449999999,0.16729968099999998,0.0,0.0
0.6127308953821943,0.0057893675,0.10962263750000001,0.171786455,0.0,0.0
0.6930968898712704,0.077040208,0.13135808,0.205498541,0.0,0.0
0.764018359177823,0.149760539,0.128163003,0.213470899,0.0,0.0
0.8025147605972878,0.223538269,0.124671474,0.220732025,0.0,0.0
0.8221648594238655,0.366947022,0.13239101,0.260956344,0.0,0.0
0.8260177411255801,0.479816075,0.141994042,0.293718038,0.0,0.0
0.8290379774846003,0.58896608,0.153939029,0.280933173,0.0,0.0
0.831776261167519,0.670924148,0.1920441265,0.2984782245,0.0,0.0
0.8246021252343642,0.6627785395,0.24989523750000003,0.3324288575,0.0,0.0
0.817328274921331,0.612152994,0.322923221,0.397942576,0.0,0.0
0.8144513237387638,0.50717701,0.383830951,0.465740494,0.0,0.0
0.8111056553211933,0.397121146,0.404199528,0.514670854,0.0,0.0
0.8060178873941272,0.262558011,0.404810662,0.567422086,0.0,0.0
0.7973254037805194,0.161135604,0.369109144,0.580161035,0.0,0.0
0.7489863508977044,0.0109094445,0.3567088315,0.574261241,0.0,0.0
0.6435425873348694,0.0,0.397443198,0.599034292,0.0,0.0
0.5930710126181581,0.0,0.3517883193333334,0.5729756036666667,0.0,0.0
0.6067860679263035,0.0125484015,0.3411835835,0.570941406,0.0,0.0
0.6872553430609739,0.147196634,0.335161675,0.583839045,0.0,0.0
0.7580485231210223,0.248308604,0.304532827,0.538891647,0.0,0.0
0.8016921736326172,0.392247755,0.27526437,0.470778454,0.0,0.0
0.8213573599519106,0.552695697,0.257048509,0.410005463,0.0,0.0
0.8246750480662757,0.691579857,0.256939681,0.377579798,0.0,0.0
0.8257490012837296,0.799909399,0.212490668,0.288353821,0.0,0.0
0.8282815010671316,0.8835984564999999,0.2125989835,0.2739463935,0.0,0.0
0.8211249215512956,0.8612688435,0.24813665,0.289979824,0.0,0.0
0.8147602053813028,0.729064473,0.288242694,0.315686128,0.0,0.0
0.8129836333819731,0.593561013,0.318961111,0.334723228,0.0,0.0
0.8086880031917686,0.443168677,0.337554494,0.363661047,0.0,0.0
0.8037356565967163,0.280514262,0.34207204,0.39584142,0.0,0.0
0.7951846294311212,0.166320895,0.325580008,0.426618471,0.0,0.0
0.7469493830109256,0.007572272,0.315231841,0.45779791049999996,0.0,0.0
0.6421473854070912,0.0,0.3102439255,0.48442446000000006,0.0,0.0
0.5926892539994114,0.0,0.27964659399999997,0.3895805273333333,0.0,0.0
0.6066328844580273,0.0109984505,0.29474390650000004,0.392519293,0.0,0.0
0.6869307338781974,0.164587049,0.26327997,0.362962689,0.0,0.0
0.7575888584113764,0.28021995,0.229761901,0.3329316,0.0,0.0
0.8000160934048384,0.43906351,0.225556942,0.302474911,0.0,0.0
0.8208890083734108,0.588624602,0.2312968,0.28957509,0.0,0.0
0.8247269855593025,0.730274103,0.247533327,0.302726995,0.0,0.0
0.8265266915753978,0.816432019,0.259948022,0.326822295,0.0,0.0
0.8297441623092306,0.8868291375,0.2453588705,0.332687249,0.0,0.0
0.8223332903967377,0.839824678,0.2128562695,0.332198444,0.0,0.0
0.8165023047421576,0.692354765,0.224270349,0.347668216,0.0,0.0
0.8138997625636547,0.564253778,0.236825339,0.34686748,0.0,0.0
0.8113283096604825,0.423738075,0.232599047,0.335174736,0.0,0.0
0.8068514470267213,0.275492413,0.212312732,0.321629314,0.0,0.0
0.797723347158774,0.159231987,0.198823493,0.31832404,0.0,0.0
0.7482693533427105,0.006729743,0.19768321049999998,0.3422655905,0.0,0.0
0.6408679225324984,0.0,0.133529029,0.284219305,0.0,0.0
0.586156426905081,0.0,0.15915583300000002,0.3244528725,0.0,0.0
0.5578579410041746,0.0049192435,0.14600987125000003,0.3026936955,0.0,0.0
0.5846467201634578,0.219010894,0.1182287475,0.252652626,0.0,0.0
0.6432922496768032,0.382665011,0.120451062,0.227536049,0.0,0.0
0.6820418462261326,0.557223525,0.127123782,0.217323861,0.0,0.0
0.6960374142273222,0.7574511374999999,0.13257007999999998,0.1974398375,0.0,0.0
0.7010144492508825,0.8379548045,0.15036487250000002,0.1906273365,0.0,0.0
0.6983489969114292,0.7544531825,0.211289181,0.207368385,0.0,0.0
0.6936620526507872,0.5508795345,0.22507548049999998,0.2267416985,0.0,0.0
0.6896937976267112,0.34722228,0.192674067,0.217196459,0.0,0.0
0.6846285694502721,0.1639747815,0.17775256550000001,0.229883054,0.0,0.0
0.6722031495756937,0.0040846595,0.18517459549999998,0.261327607,0.0,0.0
0.6056774592173496,0.0,0.16518375133333332,0.26380038499999997,0.0,0.0
0.5582637024454851,0.00333916925,0.12786936675,0.27110215449999997,0.0,0.0
0.5882724897123182,0.1598967145,0.156948757,0.31149502799999995,0.0,0.0
0.6428883628939573,0.35205224,0.18455986,0.306785727,0.0,0.0
0.6819293303012492,0.483090878,0.19195937,0.295431924,0.0,0.0
0.6940691627848963,0.622929822,0.188459171,0.2721623,0.0,0.0
0.6990793902775667,0.7010040710000001,0.226145522,0.27785957149999996,0.0,0.0
0.6996714132771255,0.682144246,0.2464221315,0.252266665,0.0,0.0
0.6961593255176953,0.557260211,0.22766627,0.235384331,0.0,0.0
0.6931074511013072,0.460341923,0.245358638,0.248309257,0.0,0.0
0.6893326586160256,0.366069578,0.277214981,0.266784272,0.0,0.0
0.6845191167904512,0.1909058115,0.278931755,0.2904464965,0.0,0.0
0.6691715823242891,0.003727314666666667,0.269181496,0.35604061266666664,0.0,0.0
0.6117867172252324,0.0,0.24239875049999998,0.37796483599999997,0.0,0.0
0.5909131849511886,0.0,0.23271659,0.3902008305,0.0,0.0
0.6070726841349133,0.0052370935,0.2458630095,0.42660643249999997,0.0,0.0
0.6904473480489473,0.105594322,0.269385061,0.451417278,0.0,0.0
0.7649464212473521,0.187476744,0.292411165,0.444163405,0.0,0.0
0.803198177061656,0.254519924,0.302201561,0.427114721,0.0,0.0
0.8236898821935189,0.343149311,0.2967745,0.418700318,0.0,0.0
0.8284331073072941,0.441872535,0.289937217,0.404940349,0.0,0.0
0.8311813120240867,0.522996957,0.262629512,0.376167735,0.0,0.0
0.8321982072940168,0.5430789680000001,0.2482409035,0.301342889,0.0,0.0
0.8273027359668774,0.5014976305,0.25817809199999997,0.286337308,0.0,0.0
0.8207607192012271,0.4381215005,0.29249318950000003,0.3381401585,0.0,0.0
0.817474943460928,0.306162587,0.276435342,0.35848919,0.0,0.0
0.8121409298098957,0.210359129,0.25670728,0.359548833,0.0,0.0
0.8025182353745575,0.124409322,0.228408612,0.354796335,0.0,0.0
0.7568145969669537,0.006790844999999999,0.21194145450000001,0.340110693,0.0,0.0
0.6754213746618662,0.0,0.182004976,0.317336911,0.0,0.0
0.6059205046541583,0.0,0.13375678449999998,0.22910822549999998,0.0,0.0
0.610532651573065,0.005884499,0.122210711,0.203564151,0.0,0.0
0.6972506979569587,0.141908525,0.10851871,0.173801433,0.0,0.0
0.7679312706779979,0.244988033,0.089903288,0.138223465,0.0,0.0
0.8043556144153787,0.295268121,0.086066218,0.119705543,0.0,0.0
0.8300352132920732,0.474594615,0.077712405,0.107295939,0.0,0.0
0.8356653984547652,0.653126993,0.066963934,0.09345124,0.0,0.0
0.8408895935665117,0.780502272,0.059356466,0.070600993,0.0,0.0
0.846555257220345,0.8563930785,0.069176091,0.07585030000000001,0.0,0.0
0.8433460159874547,0.862492196,0.076570746,0.078549468,0.0,0.0
0.8363588275900946,0.7520420525,0.07248309550000001,0.0766145295,0.0,0.0
0.8300193029235837,0.556080001,0.064246059,0.077220002,0.0,0.0
0.8264959681052113,0.408353533,0.061919797,0.07496921,0.0,0.0
0.8186506685449766,0.262858556,0.059239023,0.068494568,0.0,0.0
0.8068206319937681,0.144041874,0.057601763,0.056101538,0.0,0.0
0.7583606051498123,0.006137324499999999,0.0571835995,0.049902553,0.0,0.0
0.6423908879145293,0.0,0.04738795033333334,0.05623206633333333,0.0,0.0
0.594318517510716,0.0,0.06271818600000001,0.079058451,0.0,0.0
0.6094071723004713,0.0049733535,0.0753929465,0.08279953649999999,0.0,0.0
0.7014836923772313,0.133649943,0.060395144,0.057057388,0.0,0.0
0.7794834234478725,0.231243824,0.041892937,0.037363703,0.0,0.0
0.8224859938293723,0.352751822,0.03646238,0.032655846,0.0,0.0
0.8426536384118549,0.455352795,0.037158355,0.032897675,0.0,0.0
0.8500664306898755,0.62747821,0.039643478,0.035697299,0.0,0.0
0.8571127345214758,0.720056003,0.026291627,0.031293072,0.0,0.0
0.8554031417265052,0.8020805095,0.028350592,0.0542639325,0.0,0.0
0.8429168918454231,0.7846152065,0.061601689,0.0977789795,0.0,0.0
0.8329636447483968,0.626590122,0.089364583,0.137897506,0.0,0.0
0.8315785239406933,0.52504748,0.118855606,0.181214761,0.0,0.0
0.8278690188295578,0.38162837,0.140758466,0.217826154,0.0,0.0
0.8205463857026861,0.252670691,0.141037625,0.246590325,0.0,0.0
0.8082147139127032,0.144552095,0.159865855,0.274817039,0.0,0.0
0.7603178152522394,0.0055601209999999995,0.184650166,0.29648010599999997,0.0,0.0
0.6538089756506458,0.0,0.17343758,0.24931615366666668,0.0,0.0
0.6037899715110359,0.0,0.17722702599999998,0.22241295466666666,0.0,0.0
0.6289797306926532,0.009722544,0.189562215,0.232109019,0.0,0.0
0.7022642172500063,0.15106437,0.181484983,0.223379137,0.0,0.0
0.7765510601436496,0.260456964,0.142776016,0.200179296,0.0,0.0
0.8165669522174226,0.416826737,0.126252468,0.175050104,0.0,0.0
0.8384548423876793,0.566467704,0.117333152,0.145073964,0.0,0.0
0.84486985007619,0.706658138,0.109350676,0.122063572,0.0,0.0
0.8524186580266835,0.8288699235,0.0847207395,0.078832022,0.0,0.0
0.8500131215390377,0.8900059185,0.078465641,0.07694753500000001,0.0,0.0
0.8373947878333818,0.753567054,0.0858762855,0.10529761,0.0,0.0
0.8311458336815863,0.527396241,0.102766579,0.134373017,0.0,0.0
0.8274555308879582,0.378159773,0.126414914,0.159247567,0.0,0.0
0.8185126867255926,0.240350815,0.162644129,0.186878014,0.0,0.0
0.8067988694861724,0.146073272,0.215206635,0.226714379,0.0,0.0
0.772962529216616,0.009595593,0.259158529,0.273703735,0.0,0.0
0.7159783810598497,0.0011363245,0.28256838650000005,0.34030360550000005,0.0,0.0
0.6370190412764376,0.0,0.25589286499999997,0.337107187,0.0,0.0
0.6078591831313896,0.0,0.24381257633333334,0.29320381366666665,0.0,0.0
0.6366075878565423,0.008462061,0.256978388,0.295365431,0.0,0.0
0.7032019261110317,0.152589152,0.181624163,0.296679202,0.0,0.0
0.7808270309457174,0.275366308,0.146513347,0.286153139,0.0,0.0
0.8212363859164494,0.428893915,0.142355585,0.260786653,0.0,0.0
0.8402134923131865,0.585553681,0.151563134,0.246000935,0.0,0.0
0.8478910008737507,0.720549275,0.162652413,0.241213023,0.0,0.0
0.8548260233170899,0.8534131155,0.23569288049999998,0.2957331345,0.0,0.0
0.850118962449041,0.844894555,0.3175977585,0.31277085,0.0,0.0
0.8399572796253223,0.741273182,0.354735734,0.333965787,0.0,0.0
0.8346979718275791,0.643393351,0.381288536,0.364831765,0.0,0.0
0.8311458336815863,0.53192299,0.415827588,0.411235637,0.0,0.0
0.8270989179913102,0.39069577,0.439899801,0.487102317,0.0,0.0
0.8182156009240331,0.230877712,0.440346077,0.546818122,0.0,0.0
0.8065876450340773,0.141258136,0.480208231,0.592498449,0.0,0.0
0.7623485424527168,0.002630162,0.5090612155,0.6314759475,0.0,0.0
0.6527107605543911,0.0,0.56507777,0.6884765205000001,0.0,0.0
0.6036309587943451,0.0,0.486127297,0.591656563,0.0,0.0
0.5890874186258133,0.0,0.438256712,0.525256194,0.0,0.0
0.5873260026426335,0.003527389,0.4852010945,0.642463235,0.0,0.0
0.5919953220368428,0.145850183,0.545012885,0.710788291,0.0,0.0
0.6289360228492102,0.261083118,0.56848139,0.725958876,0.0,0.0
0.6584148286202779,0.406108318,0.599352626,0.725247028,0.0,0.0
0.6984764860242103,0.554460283,0.609529867,0.689457177,0.0,0.0
0.7083462034265459,0.65372538,0.611893913,0.64815963,0.0,0.0
0.7111404478645165,0.758883708,0.523266787,0.590506567,0.0,0.0
0.7108010484707346,0.818707255,0.5815418560000001,0.5606808755,0.0,0.0
0.7034654309706063,0.7436212824999999,0.642186944,0.654841389,0.0,0.0
0.6985222055729864,0.595231534,0.620101264,0.683612303,0.0,0.0
0.6971809298042354,0.372456318,0.486539532,0.60792074,0.0,0.0
0.6933771510144409,0.231793016,0.341550076,0.505235311,0.0,0.0
0.6857224108141388,0.106060741,0.252363618,0.419977888,0.0,0.0
0.6826452076987594,0.038842485,0.230196449,0.364314543,0.0,0.0
0.6765852584208338,0.003929092,0.1992400965,0.36039753,0.0,0.0
0.6400085084582083,0.0,0.21167428900000002,0.3538620875,0.0,0.0
0.5784537419776283,0.0,0.24846088999999996,0.38763035300000004,0.0,0.0
0.5625574809422372,0.0024987675,0.1944526405,0.34156211999999997,0.0,0.0
0.5715077773625142,0.12830572,0.160191722,0.263220113,0.0,0.0
0.6087585027169553,0.257376329,0.129426678,0.223003223,0.0,0.0
0.6430245614690026,0.374020069,0.147927976,0.213589189,0.0,0.0
0.6818673803602228,0.490225432,0.142635766,0.196074837,0.0,0.0
0.6925528267354559,0.582943859,0.133744341,0.174162208,0.0,0.0
0.696057279408723,0.674208541,0.118225462,0.1427793665,0.0,0.0
0.6936726824785786,0.7527715095,0.108102217,0.13440849500000002,0.0,0.0
0.6914147746018129,0.6971725395,0.102995558,0.1005550965,0.0,0.0
0.6888422701389113,0.503167625,0.159504422,0.115577026,0.0,0.0
0.6878409652880302,0.340157792,0.20500154,0.147679388,0.0,0.0
0.6857973909098053,0.173377883,0.243876128,0.188005538,0.0,0.0
0.68201967228065,0.063611115,0.306650495,0.242336247,0.0,0.0
0.6772251269793192,0.0028141445,0.3579099195,0.32964900799999997,0.0,0.0
0.6653899013015387,0.0,0.399290288,0.40417314400000004,0.0,0.0
0.618415852668567,0.0,0.397565016,0.49474714299999994,0.0,0.0
0.6335008042448318,0.001342939,0.3390422145,0.520268057,0.0,0.0
0.705689712198324,0.057309872,0.271965572,0.485501817,0.0,0.0
0.7794834234478725,0.109168906,0.188998187,0.415092404,0.0,0.0
0.8165105342431004,0.318723274,0.140016341,0.338223666,0.0,0.0
0.8353900750121604,0.426285079,0.110456197,0.297047202,0.0,0.0
0.8406954681638243,0.582335902,0.105655103,0.295211239,0.0,0.0
0.8474789759297676,0.687397271,0.1033402105,0.2485104745,0.0,0.0
0.8470543323433517,0.6640564675,0.14243963450000002,0.265285394,0.0,0.0
0.8378216259533824,0.535441475,0.117372778,0.230345803,0.0,0.0
0.832691704520295,0.455906573,0.089353955,0.182521164,0.0,0.0
0.8301082732451734,0.378394835,0.073414206,0.143209633,0.0,0.0
0.8256816106414837,0.291385445,0.067098569,0.113254789,0.0,0.0
0.8185126867255926,0.178144721,0.071578423,0.118568027,0.0,0.0
0.8074874066279991,0.078273298,0.087675818,0.153469185,0.0,0.0
0.7627194655247285,0.0026487855,0.13403671350000002,0.247065689,0.0,0.0
0.6764208964170497,0.0,0.2173301515,0.3238727305,0.0,0.0
0.6266992220977365,0.0,0.33558794033333333,0.46728786799999994,0.0,0.0
0.6363527011194261,0.002113424,0.3878988075,0.4828935865,0.0,0.0
0.7122905242258127,0.118464402,0.368946607,0.531795092,0.0,0.0
0.784465944879715,0.193164215,0.350171923,0.561769633,0.0,0.0
0.8244566912313893,0.29823425,0.304153321,0.5546162,0.0,0.0
0.8430477413563362,0.333930176,0.317947861,0.554487303,0.0,0.0
0.8485993802319659,0.427972452,0.327939371,0.557066959,0.0,0.0
0.855818047107299,0.435072578,0.238397214,0.453231214,0.0,0.0
0.8557432040585009,0.4503269485,0.308301441,0.49359891,0.0,0.0
0.8444233982751155,0.403607457,0.3484815275,0.5718309115,0.0,0.0
0.8339294254753943,0.338708087,0.395539396,0.640135086,0.0,0.0
0.8310370209949671,0.299517094,0.343376533,0.609922815,0.0,0.0
0.8192369766009382,0.215720292,0.244013322,0.528220258,0.0,0.0
0.8139851668424897,0.131717538,0.184787094,0.39671327,0.0,0.0
0.8037855825330509,0.09830618,0.167214683,0.296145416,0.0,0.0
0.7602835712977203,0.0022945685,0.1619558875,0.2894874685,0.0,0.0
0.6522506690225299,0.0,0.15071941833333333,0.25344664,0.0,0.0
0.6008769247548177,0.0,0.140839189,0.239496369,0.0,0.0
0.6129446573566474,0.0014086115,0.13201135549999998,0.236332192,0.0,0.0
0.695615490991516,0.082806893,0.108704789,0.235565137,0.0,0.0
0.7677391569806434,0.181173965,0.097725097,0.191559539,0.0,0.0
0.8050125134998375,0.333577436,0.090070962,0.16008689,0.0,0.0
0.8238252122600478,0.417226053,0.079601179,0.136154017,0.0,0.0
0.8280920391226322,0.53521534,0.070148543,0.104797671,0.0,0.0
0.8303119082438479,0.600540421,0.079119714,0.115036218,0.0,0.0
0.8314288379174173,0.725963922,0.06536299400000001,0.06868112900000001,0.0,0.0
0.8255693232519151,0.6572685009999999,0.0683554455,0.074860698,0.0,0.0
0.8199011908964399,0.55170035,0.079598075,0.078936933,0.0,0.0
0.8164921549500077,0.418345826,0.089087648,0.083886342,0.0,0.0
0.8126403706637263,0.331418783,0.087647898,0.078854275,0.0,0.0
0.807229731016839,0.160062804,0.086271194,0.072688786,0.0,0.0
0.7997802717153999,0.058395426,0.080097539,0.064771355,0.0,0.0
0.75278953534704,0.002336812,0.0662697215,0.052887819,0.0,0.0
0.633700675087265,0.0,0.03772704533333333,0.036484382333333336,0.0,0.0
0.5938635465819925,0.0,0.03201199266666666,0.038962928333333334,0.0,0.0
0.6557664524395405,0.0468645875,0.0200044945,0.0335338275,0.0,0.0
0.767353283537105,0.168765153,0.016255768,0.037224838,0.0,0.0
0.8058803627940136,0.254352866,0.01868734,0.04285954,0.0,0.0
0.8281750658909897,0.340771933,0.026893154,0.047203163,0.0,0.0
0.8323343603106399,0.481275154,0.035618185,0.053355455,0.0,0.0
0.8352488929551661,0.676578255,0.049157496,0.057740277,0.0,0.0
0.8385866976769383,0.8540141645,0.0634563675,0.06241819,0.0,0.0
0.8313657449282151,0.8432821964999999,0.07347864200000001,0.071445894,0.0,0.0
0.8236765320151178,0.709392524,0.073794708,0.072784663,0.0,0.0
0.820578755221702,0.570997336,0.066818365,0.069618975,0.0,0.0
0.8159565042920288,0.406990045,0.065199521,0.069038162,0.0,0.0
0.8115136569288309,0.233522941,0.061762228,0.064582408,0.0,0.0
0.8018937056604737,0.12474355,0.05863786,0.058288819,0.0,0.0
0.7526655209372081,0.0022822835,0.0512866065,0.060117996,0.0,0.0
0.6492029931900555,0.0,0.0573077385,0.07518816,0.0,0.0
0.5944573678881632,0.0,0.05272428033333334,0.09022125799999998,0.0,0.0
0.6093073207994041,0.0013823605,0.0405485425,0.0686233145,0.0,0.0
0.689735676741714,0.135223716,0.037711485,0.055284226,0.0,0.0
0.769793612612666,0.249013719,0.02335223,0.053117241,0.0,0.0
0.8110086383269126,0.413288145,0.028417916,0.067173033,0.0,0.0
0.8313845813662576,0.54795459,0.037422215,0.076095158,0.0,0.0
0.8369524050013953,0.662628243,0.044313165,0.082638829,0.0,0.0
0.8409461944434061,0.7927101795,0.05253290149999999,0.085737773,0.0,0.0
0.8408795352628082,0.741108824,0.0877218795,0.11835419550000001,0.0,0.0
0.8340696930938478,0.665364503,0.106131545,0.14576649,0.0,0.0
0.8300781896738683,0.575683126,0.140378428,0.170662281,0.0,0.0
0.8245686127414931,0.447716367,0.164073592,0.175313233,0.0,0.0
0.8200132952347954,0.320176141,0.159109059,0.163356342,0.0,0.0
0.8141140959878752,0.188687775,0.139652685,0.155364815,0.0,0.0
0.8041282964692607,0.08783234,0.148314341,0.174425942,0.0,0.0
0.7584398371171392,0.0005946585,0.16863265100000002,0.2227060215,0.0,0.0
0.6413060076371209,0.0,0.2007517505,0.2964224865,0.0,0.0
0.5758432065132748,0.0,0.22465423325,0.371277312,0.0,0.0
0.5742374429229744,0.0303166135,0.1831278565,0.357271629,0.0,0.0
0.612519122296703,0.139268346,0.193775395,0.358942225,0.0,0.0
0.643996148553723,0.229611182,0.230565851,0.381984858,0.0,0.0
0.6817985722787826,0.379980991,0.282114795,0.416469989,0.0,0.0
0.693450302381667,0.504731749,0.301911986,0.453519319,0.0,0.0
0.6977610200645872,0.6269636949999999,0.39850388049999996,0.5145021945,0.0,0.0
0.6965863465402682,0.6592531564999999,0.393155203,0.5088543905,0.0,0.0
0.6920145699573644,0.631899228,0.42361838,0.495659887,0.0,0.0
0.6884577227204414,0.477648436,0.431678586,0.512026453,0.0,0.0
0.685547944799588,0.312516043,0.43395253,0.553112872,0.0,0.0
0.6840707446981695,0.185423357,0.441955068,0.596510876,0.0,0.0
0.6818103679711212,0.07862673,0.465701612,0.63506261,0.0,0.0
0.6796656617738237,0.037994884,0.475765087,0.671390237,0.0,0.0
0.67249714937014,0.002287607,0.526092172,0.7274362544999999,0.0,0.0
0.6322906065223085,0.0,0.6502137800000001,0.821400133,0.0,0.0
0.5680634231597828,0.0,0.6856448534999999,0.8795082935,0.0,0.0
0.5594792264157693,0.0,0.6550380339999999,0.8819930705,0.0,0.0
0.5656901876677185,0.046613462,0.6392941555,0.8806546065,0.0,0.0
0.6028607207605885,0.200096766,0.603912917,0.866103342,0.0,0.0
0.6410767238413736,0.352931282,0.681463511,0.853829627,0.0,0.0
0.6802585534305395,0.38066008,0.675265783,0.853145131,0.0,0.0
0.6905386043182477,0.364198405,0.67503658,0.85778523,0.0,0.0
0.6914754445221157,0.383088664,0.595455504,0.800019867,0.0,0.0
0.6904049659332907,0.4943969115,0.607215098,0.8110588905,0.0,0.0
0.6843495885507866,0.6079751485,0.6640083155000001,0.8412719824999999,0.0,0.0
0.6815511378738984,0.439131219,0.688794354,0.863968662,0.0,0.0
0.6814105500830429,0.301275641,0.702409855,0.873420462,0.0,0.0
0.6815295125618119,0.202106677,0.678858347,0.870957909,0.0,0.0
0.6802910143636812,0.112254966,0.627622638,0.863781726,0.0,0.0
0.6781073551952547,0.073622045,0.555265726,0.830658232,0.0,0.0
0.668420104624457,0.0,0.49797684350000004,0.7687691805,0.0,0.0
0.6442896226797853,0.0,0.410841535,0.6978342005,0.0,0.0
0.5956869964139615,0.0,0.386719653,0.667895784,0.0,0.0
0.5944177747456443,0.0,0.340447004,0.6400056814999999,0.0,0.0
0.655610685816164,0.0240699365,0.255213946,0.5669189375000001,0.0,0.0
0.7605672156553938,0.101545981,0.200914402,0.50855561,0.0,0.0
0.803638913993454,0.176635164,0.220097952,0.48211471,0.0,0.0
0.8216014111422919,0.259579501,0.256670421,0.448950334,0.0,0.0
0.825038244415037,0.330878958,0.249185499,0.429462719,0.0,0.0
0.8274315281397149,0.406590271,0.2592304875,0.37854381849999996,0.0,0.0
0.8253858505677107,0.4576353265,0.355538377,0.351512873,0.0,0.0
0.8173728515705723,0.4647227665,0.36911115299999997,0.327275475,0.0,0.0
0.8123642243453477,0.341610604,0.30883243,0.283166474,0.0,0.0
0.8097724718578759,0.218267753,0.231919345,0.255699982,0.0,0.0
0.8061811063497356,0.135578224,0.174411868,0.232059101,0.0,0.0
0.7983932306164895,0.036168978,0.143858985,0.215443638,0.0,0.0
0.7521890085298405,0.0,0.11632279449999999,0.17757226250000002,0.0,0.0
0.6498949364370767,0.0,0.0768851715,0.103274619,0.0,0.0
0.5955451513444331,0.0,0.0880523475,0.07101634849999999,0.0,0.0
0.6584470836858354,0.0434796375,0.088036166,0.063064103,0.0,0.0
0.7699194329345669,0.183343585,0.074535671,0.064944308,0.0,0.0
0.8107779371662915,0.290815478,0.066694088,0.067845822,0.0,0.0
0.8325019683334178,0.434182082,0.06992503,0.075593677,0.0,0.0
0.8380899085759627,0.595168568,0.079552762,0.087415616,0.0,0.0
0.8430610915347372,0.742004457,0.066777606,0.083754316,0.0,0.0
0.8495753107511135,0.8415322329999999,0.1074381955,0.132213007,0.0,0.0
0.8407809638567851,0.7865155955,0.1700320635,0.185444131,0.0,0.0
0.832201773411092,0.639821249,0.189165937,0.223405493,0.0,0.0
0.8290098142045021,0.498593393,0.208836831,0.279267781,0.0,0.0
0.8262457903847052,0.343814986,0.236549327,0.363237666,0.0,0.0
0.8196975557491246,0.195626748,0.279183165,0.453298646,0.0,0.0
0.8066999323493255,0.101573078,0.332775667,0.557747036,0.0,0.0
0.7620930613751414,0.00122361,0.375683194,0.6427754434999999,0.0,0.0
0.6980000421402769,0.0,0.467385227,0.721071269,0.0,0.0
0.6528551429976366,0.0,0.5045068994999999,0.746720618,0.0,0.0
0.6352903606421915,0.0,0.48405296666666664,0.7214291433333333,0.0,0.0
0.6577404187512429,0.0,0.369279886,0.648823515,0.0,0.0
0.7182420725522876,0.077072648,0.31340745,0.668641063,0.0,0.0
0.7868431809660738,0.168661075,0.26855379,0.624681338,0.0,0.0
0.8238912312444827,0.132443786,0.216529049,0.529570992,0.0,0.0
0.8378199800531939,0.212122698,0.200107247,0.462447585,0.0,0.0
0.8432586001519278,0.293817687,0.169753511,0.43115398,0.0,0.0
0.8512661128151043,0.407707386,0.121146479,0.361127598,0.0,0.0
0.8520304987097549,0.4401646955,0.186052725,0.3088489335,0.0,0.0
0.8391236742856653,0.339007877,0.261446848,0.294520672,0.0,0.0
0.827740272512424,0.252423927,0.405264848,0.333891993,0.0,0.0
0.8216372552899367,0.189696388,0.461345721,0.416647721,0.0,0.0
0.8145412084988942,0.132784539,0.43496464,0.496544815,0.0,0.0
0.807859564087992,0.094965799,0.426973019,0.530153847,0.0,0.0
0.8013326347407368,0.070354538,0.498154361,0.558239042,0.0,0.0
0.7570096368825021,0.0017107615,0.49702367950000004,0.634642332,0.0,0.0
0.6653657156507231,0.0,0.3941239695,0.6510956325,0.0,0.0
0.6116029929663808,0.0,0.249906409,0.529348809,0.0,0.0
0.5959735439504963,0.0,0.1602749855,0.3657155785,0.0,0.0
0.609467065052063,0.0,0.0975878715,0.23363264849999998,0.0,0.0
0.689735676741714,0.104372641,0.061952166,0.133590333,0.0,0.0
0.7653450960872547,0.209960712,0.049046,0.109371189,0.0,0.0
0.8046725425819676,0.393699562,0.050595469,0.090219249,0.0,0.0
0.8228202955850283,0.519162721,0.053794487,0.083989708,0.0,0.0
0.82689519157851,0.646596208,0.053120958,0.079145184,0.0,0.0
0.8302897799311078,0.666426826,0.036342376,0.034186101,0.0,0.0
0.8312906733441022,0.5631644915,0.040103286,0.027722925000000002,0.0,0.0
0.8249678363634325,0.51470603,0.053372853,0.042346937,0.0,0.0
0.820888185497637,0.407819491,0.06345709,0.074412213,0.0,0.0
0.8161651685540355,0.309509402,0.0993929,0.124698845,0.0,0.0
0.8123004911599826,0.253429303,0.187059657,0.236765711,0.0,0.0
0.809685604655745,0.198327066,0.257678557,0.349998756,0.0,0.0
0.8060096578931844,0.093506165,0.374630783,0.473828193,0.0,0.0
0.7986106730128353,0.025688918,0.517111726,0.589592903,0.0,0.0
0.7531459196340529,0.0019244165,0.6957059775,0.7084305865,0.0,0.0
0.6836350370297041,0.0,0.581323262,0.56293463,0.0,0.0
0.6418108434851078,0.0,0.7213596,0.7863292155,0.0,0.0
0.6224866186758895,0.0,0.818937846,0.8897139433333333,0.0,0.0
0.6691455145086457,0.037671274,0.886526445,0.894490938,0.0,0.0
0.7673708399544237,0.143506192,0.892905919,0.890815415,0.0,0.0
0.8039077452494303,0.249863675,0.887332263,0.895089387,0.0,0.0
0.8212883234094762,0.395715459,0.889274953,0.833299743,0.0,0.0
0.8235433966308147,0.395010313,0.890477829,0.866746449,0.0,0.0
0.823501426101686,0.48143925,0.856978347,0.928939004,0.0,0.0
0.8222181227189994,0.540440309,0.8378717185,0.9235742905,0.0,0.0
0.8145222348653425,0.5996847075,0.790943121,0.9052717435,0.0,0.0
0.8088663094914518,0.547088985,0.752403392,0.887500809,0.0,0.0
0.8056725215564214,0.439622199,0.697437061,0.864650471,0.0,0.0
0.8040476472113804,0.319225927,0.595369162,0.825556553,0.0,0.0
0.8008652890149033,0.184130704,0.492002258,0.776211636,0.0,0.0
0.7945439151061705,0.08008402,0.426903468,0.712434237,0.0,0.0
0.7479973446654948,0.0013523925,0.314186626,0.6123527129999999,0.0,0.0
0.6223469148026524,0.0,0.2380824235,0.473733598,0.0,0.0
0.5649081539416234,0.0,0.2222001885,0.41692874550000003,0.0,0.0
0.5582076959090498,0.0,0.278717525,0.382404968,0.0,0.0
0.5646728351785182,0.018072492,0.336429388,0.37348595149999997,0.0,0.0
0.5991378199869501,0.088735663,0.33997571,0.456106516,0.0,0.0
0.6369031649534226,0.130632386,0.347911364,0.506701399,0.0,0.0
0.6787623339885064,0.219614634,0.344748774,0.537994178,0.0,0.0
0.6881898059030056,0.349127778,0.345586149,0.594685872,0.0,0.0
0.6890745257112747,0.452430939,0.2900770925,0.574519351,0.0,0.0
0.6846679568986207,0.4442769,0.4834591505,0.6114803845000001,0.0,0.0
0.6818552417534316,0.337958535,0.646354162,0.6281851595000001,0.0,0.0
0.6821265646760621,0.346313487,0.730607764,0.711705466,0.0,0.0
0.6822058882061558,0.238739419,0.751893361,0.815375225,0.0,0.0
0.6814547609271396,0.147149832,0.730900672,0.865870679,0.0,0.0
0.6804244241390031,0.079047395,0.687344036,0.882191515,0.0,0.0
0.6684387353435561,0.0018642955,0.6613485210000001,0.878908323,0.0,0.0
0.6223390053254707,0.0,0.6307346659999999,0.8685211895,0.0,0.0
0.5649081539416234,0.0,0.550986377,0.838159762,0.0,0.0
0.5581804469931719,0.0,0.463599714,0.804070519,0.0,0.0
0.5647499412843353,0.032560381,0.37879351949999995,0.746864026,0.0,0.0
0.5991932321086058,0.108817508,0.303756549,0.679204356,0.0,0.0
0.6371795856628196,0.11983719,0.276573193,0.627542952,0.0,0.0
0.6788190719865894,0.213449329,0.255699306,0.583321204,0.0,0.0
0.6883557222442116,0.341699031,0.235548023,0.535944036,0.0,0.0
0.6891226684032706,0.2809023175,0.2079686335,0.48522544749999996,0.0,0.0
0.684658195802307,0.1665347405,0.2084902315,0.49898969000000004,0.0,0.0
0.6841853179611284,0.083386229,0.14635767,0.428492023,0.0,0.0
0.6848841877233567,0.05885788,0.118025504,0.344579426,0.0,0.0
0.6851825995499846,0.042896219,0.115753054,0.263133845,0.0,0.0
0.685766347267217,0.025960679,0.122764839,0.212380231,0.0,0.0
0.6824273767552183,0.0090330485,0.159286622,0.153836013,0.0,0.0
0.66843167163284,0.0,0.19623671450000002,0.149317733,0.0,0.0
0.6434841120224717,0.0,0.15781339500000002,0.1388146025,0.0,0.0
0.5944317801577083,0.0,0.169003755,0.19194933633333333,0.0,0.0
0.6092790889215514,0.0,0.20597332200000001,0.281185849,0.0,0.0
0.6894224061806465,0.0059895,0.228241483,0.341719434,0.0,0.0
0.7591320774972299,0.016443273,0.234347111,0.372504555,0.0,0.0
0.8004069044003016,0.071233995,0.226827499,0.377316169,0.0,0.0
0.8199715990966853,0.131022258,0.23046561,0.364992035,0.0,0.0
0.8227187979608113,0.139973945,0.217070584,0.34950559,0.0,0.0
0.8232717307937314,0.142432941,0.164414776,0.274498159,0.0,0.0
0.8222899025027353,0.110332565,0.18214467,0.2851441825,0.0,0.0
0.8144187713914963,0.13741685,0.17751478650000002,0.281244924,0.0,0.0
0.8069940921556522,0.069683811,0.21181428949999997,0.2848809485,0.0,0.0
0.8026639893269729,0.019953454,0.28219549450000003,0.332725701,0.0,0.0
0.7953904591120213,0.004065586,0.322703921,0.350852798,0.0,0.0
0.7490779272650865,0.0,0.334843414,0.359183979,0.0,0.0
0.631132620708604,0.0,0.20412070866666668,0.28285972266666665,0.0,0.0
0.5936692078053575,0.0,0.12383545800000001,0.2352642345,0.0,0.0
0.6109328808990302,0.0,0.1085785395,0.20235202949999997,0.0,0.0
0.7255289986527031,0.031074914500000002,0.105154717,0.20880129949999998,0.0,0.0
0.8007893946293371,0.201074452,0.099772067,0.184292317,0.0,0.0
0.8209982782793004,0.229227105,0.103566846,0.17089087,0.0,0.0
0.82332247960584,0.365194884,0.110400023,0.172300632,0.0,0.0
0.8238261266242679,0.547735712,0.134910949,0.201389421,0.0,0.0
0.8194887087331865,0.608799957,0.1511309815,0.215675215,0.0,0.0
0.8112054154081347,0.4725602455,0.2024100805,0.352669652,0.0,0.0
0.8054538904791574,0.26940769200000003,0.2528361535,0.402175833,0.0,0.0
0.8012384524762036,0.118361109,0.232885218,0.363144251,0.0,0.0
0.7953904591120213,0.020788773,0.237152381,0.369619995,0.0,0.0
0.7491298418674215,0.0,0.2693557795,0.39292912950000003,0.0,0.0
0.6456652795242442,0.0,0.3054212735,0.509487104,0.0,0.0
0.5953768689380956,0.0,0.22934530125,0.43470884875000004,0.0,0.0
0.6556581199372036,0.031591265,0.197722894,0.40709167599999996,0.0,0.0
0.759990417195419,0.144922249,0.137588574,0.317231102,0.0,0.0
0.802091397105916,0.273050729,0.141126088,0.264828849,0.0,0.0
0.8210586281015217,0.368669838,0.188073981,0.253934446,0.0,0.0
0.824138940114706,0.5058640685,0.21668432399999998,0.2515619095,0.0,0.0
0.8242499014792062,0.525315067,0.23460464,0.255158078,0.0,0.0
0.8167703587551026,0.575701735,0.27840767050000004,0.30781563300000003,0.0,0.0
0.8096680026056837,0.396732429,0.3026134495,0.311854751,0.0,0.0
0.806202320223935,0.16880976,0.255961153,0.307312846,0.0,0.0
0.8026349117569751,0.071586281,0.22671742,0.316337125,0.0,0.0
0.7955392306224363,0.019336003,0.221189917,0.335826225,0.0,0.0
0.7499697793818264,0.0,0.24732894649999998,0.3913441505,0.0,0.0
0.6475171517916423,0.0,0.30325015850000003,0.45234458499999997,0.0,0.0
0.6012074240048918,0.0,0.33181636633333333,0.49988124366666664,0.0,0.0
0.6186711508683436,0.0,0.383803223,0.620050175,0.0,0.0
0.6976921663504045,0.031447269,0.434832908,0.68881817,0.0,0.0
0.7674480145836752,0.091271868,0.475384079,0.713042951,0.0,0.0
0.8046516945129127,0.234058684,0.574654866,0.727263791,0.0,0.0
0.8225966352444318,0.328412691,0.628273002,0.743736089,0.0,0.0
0.8258986872326851,0.400483328,0.648436472,0.755775746,0.0,0.0
0.8280833066953561,0.5474513089999999,0.7089243355,0.793657939,0.0,0.0
0.8273927121411336,0.541126233,0.723302215,0.810280129,0.0,0.0
0.8198934642475099,0.47545816949999997,0.7063473185,0.7925908025,0.0,0.0
0.8139750170503398,0.430352665,0.657824118,0.752987601,0.0,0.0
0.8106144439683055,0.299443169,0.595573568,0.715157985,0.0,0.0
0.8076320633136221,0.1952851,0.509953998,0.690459894,0.0,0.0
0.803741143079319,0.095701508,0.513474728,0.659580876,0.0,0.0
0.7963504791140386,0.017749545,0.482353553,0.611979176,0.0,0.0
0.7505377996331416,0.0,0.37677612699999996,0.5816307275,0.0,0.0
0.6680390317602954,0.0,0.31466678,0.548497189,0.0,0.0
0.6077714471730076,0.0,0.26527403099999997,0.47322800900000006,0.0,0.0
0.6036907600327173,0.0,0.23557709766666668,0.3895275516666667,0.0,0.0
0.6896036386242033,0.031558516,0.219594244,0.389455803,0.0,0.0
0.7609927278989668,0.090338425,0.185582936,0.393185155,0.0,0.0
0.8031370957777867,0.140158041,0.176457817,0.376258348,0.0,0.0
0.8212883234094762,0.225317884,0.176611167,0.343799123,0.0,0.0
0.8241569535283338,0.300642207,0.174051371,0.320291045,0.0,0.0
0.8244465415135598,0.4136223655,0.21735776899999998,0.32926446499999995,0.0,0.0
0.8193046872669449,0.504938517,0.32015537299999997,0.370581771,0.0,0.0
0.8105225475771626,0.48439758750000006,0.33091916,0.379074609,0.0,0.0
0.8058758823127183,0.381931103,0.297369647,0.345283774,0.0,0.0
0.8041484132253086,0.253952342,0.262495528,0.322669715,0.0,0.0
0.8012450360769579,0.150338908,0.222878182,0.324301916,0.0,0.0
0.7945076137392555,0.022885528,0.215756384,0.326337517,0.0,0.0
0.747153909557449,0.0,0.247684395,0.36635639799999997,0.0,0.0
0.6051552500528038,0.0,0.27710252566666665,0.41654284933333335,0.0,0.0
0.5580213428623553,0.0,0.287215061,0.443264367,0.0,0.0
0.5592046802161958,0.0,0.345513567,0.4991295175,0.0,0.0
0.568240975255767,0.036408429,0.389648498,0.5855298,0.0,0.0
0.599193780742002,0.103712162,0.425179923,0.632642221,0.0,0.0
0.6372278199175824,0.151180162,0.453072254,0.673925395,0.0,0.0
0.6787423087952251,0.176290715,0.526716962,0.720138523,0.0,0.0
0.688984778220974,0.202342057,0.636624532,0.764298336,0.0,0.0
0.6900209670738964,0.2890046675,0.7506772115,0.7832280815,0.0,0.0
0.6863611820315112,0.31851944499999996,0.7976345045,0.822026208,0.0,0.0
0.6821781363639445,0.248206291,0.8053671695,0.827541051,0.0,0.0
0.6809454446721777,0.145617786,0.798440779,0.828298409,0.0,0.0
0.680266874494249,0.10396051,0.775155315,0.827367193,0.0,0.0
0.6795494426106764,0.051319726,0.701587347,0.825167757,0.0,0.0
0.6780741626518241,0.012970613,0.647937421,0.819660357,0.0,0.0
0.6685976337554291,0.0014232605,0.5912806740000001,0.8104067319999999,0.0,0.0
0.6255096134623519,0.0,0.48785848649999997,0.7347010935,0.0,0.0
0.5642303060542022,0.0,0.4370450335999999,0.70694714,0.0,0.0
0.5869991304028379,0.0331123775,0.3173639365,0.5789824175,0.0,0.0
0.6410767238413736,0.086062265,0.337621996,0.514759224,0.0,0.0
0.6801133481115202,0.136412111,0.369696789,0.495480263,0.0,0.0
0.6901912725565924,0.175239148,0.353319909,0.460608256,0.0,0.0
0.6914519447002057,0.161641339,0.303161574,0.418067772,0.0,0.0
0.6882392134791315,0.157233869,0.31388755100000004,0.38140970600000007,0.0,0.0
0.6815950515106053,0.11499675200000001,0.33965229100000005,0.366540333,0.0,0.0
0.6801660170661951,0.093690297,0.358828711,0.376045828,0.0,0.0
0.680266874494249,0.058570423,0.383399547,0.395457256,0.0,0.0
0.6795494426106764,0.031960947,0.411743785,0.43939212,0.0,0.0
0.6781750200798783,0.003864896,0.440998154,0.456560599,0.0,0.0
0.6691988006944711,0.0,0.45439822350000003,0.502527658,0.0,0.0
0.6715883811065645,0.0,0.406524261,0.595539528,0.0,0.0
0.6265663762162721,0.0,0.3831393255,0.6476494930000001,0.0,0.0
0.6025628118602937,0.0,0.424018344,0.7053578325000001,0.0,0.0
0.6147324993056109,0.0,0.4005097055,0.69365135,0.0,0.0
0.692102031574275,0.021268797,0.403285894,0.678346474,0.0,0.0
0.7609927278989668,0.123086791,0.418339836,0.671525527,0.0,0.0
0.8007893946293371,0.263778242,0.488828113,0.706659764,0.0,0.0
0.8205056038544757,0.435636143,0.503767712,0.719514197,0.0,0.0
0.82321138097151,0.595881416,0.477969872,0.67843782,0.0,0.0
0.8232795488567872,0.7539239935,0.5376909114999999,0.6985588540000001,0.0,0.0
0.8185316604334649,0.798248327,0.614504393,0.768676785,0.0,0.0
0.8100327992962115,0.6669933475000001,0.6405262894999999,0.8108615299999999,0.0,0.0
0.8054476725349067,0.417053184,0.637254029,0.820376971,0.0,0.0
0.8038216095089474,0.242403958,0.585334995,0.808131834,0.0,0.0
0.8005190088872979,0.117114993,0.539918002,0.79353427,0.0,0.0
0.7946882975494158,0.015651282,0.506599726,0.769950117,0.0,0.0
0.747097400169001,0.0007223285,0.4674022605,0.7286491055,0.0,0.0
0.6434093833528116,0.0,0.43482270749999996,0.6884717659999999,0.0,0.0
0.5952770974058084,0.0,0.37805643099999997,0.630119637,0.0,0.0
0.6034445295196654,0.0,0.26707261233333335,0.5010855933333334,0.0,0.0
0.688879485944367,0.038091579,0.222450539,0.449400987,0.0,0.0
0.7595590985941231,0.187957982,0.176860574,0.390897274,0.0,0.0
0.799980797741949,0.362469017,0.161590494,0.338650223,0.0,0.0
0.8199715990966853,0.52028294,0.169418283,0.279034617,0.0,0.0
0.8227187979608113,0.598003906,0.157210809,0.233102385,0.0,0.0
0.8233626213322078,0.6232263945000001,0.12247106999999999,0.169335072,0.0,0.0
0.818557171960708,0.5898949925,0.095971845,0.11190677800000001,0.0,0.0
0.8106961905672985,0.518200762,0.07777550999999999,0.0878406115,0.0,0.0
0.8058758823127183,0.435642493,0.053693634,0.071378312,0.0,0.0
0.8041484132253086,0.276433021,0.03908,0.059358644,0.0,0.0
0.8008652890149033,0.131850005,0.027107586,0.049505024,0.0,0.0
0.7947542252683658,0.005116256,0.022334477,0.047715774,0.0,0.0
0.7463569713155309,0.0,0.042090301499999996,0.0706250325,0.0,0.0
0.643417270013622,0.0,0.1150604815,0.179924902,0.0,0.0
0.5953197308731508,0.0,0.2690612115,0.38258632000000004,0.0,0.0
0.5945620657747639,0.0,0.410185569,0.5784604360000001,0.0,0.0
0.6557198642336072,0.0107670875,0.4795079075,0.6709120345,0.0,0.0
0.7605672156553938,0.141178776,0.487567046,0.70254465,0.0,0.0
0.803638913993454,0.251859287,0.429718784,0.704579015,0.0,0.0
0.8219645162255682,0.369448849,0.436855698,0.719268515,0.0,0.0
0.8259536421350705,0.477570684,0.452872185,0.72603147,0.0,0.0
0.8296663476324573,0.6424917075000001,0.47934337650000003,0.7142883915,0.0,0.0
0.8268310012481949,0.6609083385000001,0.5524973335000001,0.7208615625,0.0,0.0
0.8172010830159395,0.5407438005,0.5192745755,0.7182183685,0.0,0.0
0.8116285045828083,0.405470465,0.458363869,0.713156776,0.0,0.0
0.8089422955884257,0.278973532,0.417140395,0.702978099,0.0,0.0
0.8037782673220079,0.143343748,0.398220507,0.68872751,0.0,0.0
0.7959420202871305,0.010180439,0.382011926,0.674192048,0.0,0.0
0.750126163310674,0.000528942,0.362548682,0.6577160725,0.0,0.0
0.6508193409010844,0.0,0.308980057,0.6105347015,0.0,0.0
0.5975565010789287,0.0,0.25063004299999997,0.475723368,0.0,0.0
0.6101289933255338,0.0,0.15543894749999998,0.2623349825,0.0,0.0
0.6902141323309805,0.012260164,0.124761631,0.186750996,0.0,0.0
0.7621738021214681,0.069555013,0.142564552,0.163550461,0.0,0.0
0.8039077452494303,0.139021026,0.149876715,0.152257688,0.0,0.0
0.8219439423988908,0.24132008,0.149443629,0.148525762,0.0,0.0
0.8253972346735214,0.294946184,0.152025663,0.163543642,0.0,0.0
0.8281034690098261,0.3603348,0.192887593,0.2301153695,0.0,0.0
0.8251213626718409,0.383636781,0.263467544,0.27672886750000003,0.0,0.0
0.8177645313718336,0.362621649,0.329039593,0.342056962,0.0,0.0
0.8138616324682993,0.316048991,0.371508297,0.364693518,0.0,0.0
0.8095027263119998,0.23239826,0.374070411,0.341055921,0.0,0.0
0.8065285753069,0.130076179,0.350589852,0.342198184,0.0,0.0
0.8025048851961564,0.073948452,0.335288699,0.354134933,0.0,0.0
0.7958371395970514,0.007037835,0.307139568,0.386317568,0.0,0.0
0.7501178195049137,0.000601564,0.27719999250000005,0.4312921395,0.0,0.0
0.6478632262003042,0.0,0.254910282,0.4601999055,0.0,0.0
0.5976347882602071,0.0,0.244988255,0.4483440185,0.0,0.0
0.5951175587977724,0.0,0.2378975415,0.412751445,0.0,0.0
0.6557478675018247,0.004969966,0.23488951800000002,0.397528005,0.0,0.0
0.7589424327244786,0.06147515,0.258648597,0.4152944,0.0,0.0
0.8001359701735072,0.121750761,0.277418201,0.469288621,0.0,0.0
0.81994014401621,0.225847397,0.305959599,0.515753602,0.0,0.0
0.822562894216246,0.347099463,0.365143484,0.610464254,0.0,0.0
0.8225266842634569,0.426589127,0.4478319965,0.6684210845,0.0,0.0
0.8174953800920961,0.5255402155,0.5010423575,0.688428042,0.0,0.0
0.8093875586342614,0.47748443949999997,0.596408348,0.7629945499999999,0.0,0.0
0.8047822695584868,0.335198297,0.563450777,0.787229763,0.0,0.0
0.8045042030975418,0.27001374,0.502345259,0.74487709,0.0,0.0
0.8015312407733605,0.132934791,0.445352899,0.720309921,0.0,0.0
0.7936436048788525,0.008185732,0.444367745,0.717943487,0.0,0.0
0.7419027855535856,0.0,0.40328984349999997,0.669914493,0.0,0.0
0.6047016812037195,0.0,0.348144512,0.5931385463333333,0.0,0.0
0.5583885626217825,0.0,0.3685690565,0.5273426625,0.0,0.0
0.5624769078380217,0.0036429563333333337,0.3478137403333334,0.5071485586666667,0.0,0.0
0.599909338115751,0.115951851,0.250912704,0.410643061,0.0,0.0
0.638503213600126,0.224838698,0.246863082,0.364937455,0.0,0.0
0.6821096940876488,0.348545729,0.232848035,0.330856692,0.0,0.0
0.6905559777586738,0.401725372,0.21672882,0.318795845,0.0,0.0
0.6909417368230741,0.4880913025,0.138715053,0.26221348499999997,0.0,0.0
0.687993760209111,0.4873266425,0.12469297800000001,0.2502888395,0.0,0.0
0.6847261808593323,0.45106174200000004,0.11255205400000001,0.2293056185,0.0,0.0
0.6884144719476277,0.289264103,0.15060646,0.28664617,0.0,0.0
0.68842329586335,0.197977236,0.176735023,0.295355362,0.0,0.0
0.687526048826774,0.116771979,0.174652613,0.296967475,0.0,0.0
0.684619471292172,0.00513799,0.205208495,0.339906903,0.0,0.0
0.6695859085259909,0.0,0.283834428,0.4193737715,0.0,0.0
0.6220951141469699,0.0,0.358409258,0.5455568955000001,0.0,0.0
0.5645621937634586,0.0,0.35890531800000003,0.5738969565,0.0,0.0
0.557846442519226,0.0,0.3484401245,0.6175103955000001,0.0,0.0
0.5641648676906754,0.006480159,0.35244692600000005,0.6289273525,0.0,0.0
0.5993773449146527,0.123859231,0.348837502,0.63276907,0.0,0.0
0.6384376060535778,0.302688105,0.357534476,0.639646198,0.0,0.0
0.6819191806577404,0.499313907,0.434812472,0.634824908,0.0,0.0
0.6898485584717418,0.602887379,0.469720125,0.646818015,0.0,0.0
0.6896891114264725,0.641020696,0.39563343,0.6117921405,0.0,0.0
0.6844843470189071,0.7157232975000001,0.389641467,0.57746575,0.0,0.0
0.6808328373331685,0.649804465,0.332943102,0.533875285,0.0,0.0
0.6796535004249816,0.52304944,0.301576586,0.490480895,0.0,0.0
0.6795821321534533,0.368181227,0.273065594,0.442695659,0.0,0.0
0.6811378327605507,0.188942103,0.212874457,0.40542302,0.0,0.0
0.6832273096644441,0.050536224,0.177314006,0.368836735,0.0,0.0
0.673369265920305,0.0015073903333333333,0.18875685900000003,0.324180301,0.0,0.0
0.6433467246921879,0.0,0.3734282525,0.437574978,0.0,0.0
0.5952517915975087,0.0,0.5700190039999999,0.6593149060000001,0.0,0.0
0.5943021270322646,0.0,0.710039334,0.816342248,0.0,0.0
0.6555741558396138,0.001700197,0.7884545915000001,0.8967182444999999,0.0,0.0
0.7588744018860698,0.02401276,0.798971749,0.916646138,0.0,0.0
0.8012190673304446,0.033556135,0.810214712,0.920753477,0.0,0.0
0.8223901655160096,0.066430451,0.796864831,0.914074334,0.0,0.0
0.8242546105701367,0.081632547,0.741017906,0.905765957,0.0,0.0
0.8239955633754861,0.1059135785,0.6522504735,0.883747658,0.0,0.0
0.8201382012667967,0.255890677,0.583082094,0.891986547,0.0,0.0
0.8135034194528462,0.3307202655,0.5505940565,0.86103777,0.0,0.0
0.8062330894755049,0.3093534775,0.5191163704999999,0.8071150435000001,0.0,0.0
0.8043528712483977,0.176384848,0.561387348,0.793738465,0.0,0.0
0.80126780443722,0.096179964,0.558713501,0.802316182,0.0,0.0
0.7945056020339225,0.005080498,0.528457443,0.790454742,0.0,0.0
0.7466201561513446,0.0,0.50142369,0.782871439,0.0,0.0
0.6284975566542088,0.0,0.47944564100000003,0.7528723350000001,0.0,0.0
0.5919018711596371,0.0,0.42887480850000004,0.664970536,0.0,0.0
0.6093016743792412,0.0,0.4044433635,0.616867767,0.0,0.0
0.6895026897820232,0.007259306,0.344876771,0.538203797,0.0,0.0
0.7589146808822674,0.109645035,0.304562248,0.486659071,0.0,0.0
0.8000451709748363,0.233800216,0.29389409,0.444955337,0.0,0.0
0.8200350578910318,0.326589858,0.329925694,0.424190793,0.0,0.0
0.8226875258572287,0.405796215,0.308971167,0.376393255,0.0,0.0
0.8228600715062518,0.4701942215,0.32348913199999996,0.356915784,0.0,0.0
0.8180922950851575,0.4362050945,0.297653948,0.314811983,0.0,0.0
0.809861487960849,0.3522201815,0.219084785,0.218929998,0.0,0.0
0.8055732186144301,0.248331827,0.135192282,0.130576291,0.0,0.0
0.8037178260856607,0.204081484,0.0953964,0.082757939,0.0,0.0
0.8005190088872979,0.102824155,0.079576405,0.055593956,0.0,0.0
0.7947542252683658,0.006009775,0.068708413,0.041136156,0.0,0.0
0.7466969422334007,0.0,0.06771353299999999,0.038751213,0.0,0.0
0.6434133152750312,0.0,0.0715672525,0.0611590515,0.0,0.0
0.5948520766060625,0.0,0.08941827575,0.06344966325000001,0.0,0.0
0.6552213605603678,0.0030910155,0.1195270205,0.08385382,0.0,0.0
0.7589146808822674,0.090633896,0.139398179,0.123338057,0.0,0.0
0.799980797741949,0.159061509,0.131130431,0.137187908,0.0,0.0
0.8200032370054123,0.30546151,0.139778162,0.158925235,0.0,0.0
0.8230671813565164,0.488116215,0.164884641,0.192131926,0.0,0.0
0.8234502200703071,0.566487385,0.133540463,0.161296326,0.0,0.0
0.8223729749781556,0.6442783475,0.14249884000000002,0.16090998550000002,0.0,0.0
0.8147084050094648,0.543096871,0.19593716849999998,0.233635854,0.0,0.0
0.8088663094914518,0.428383319,0.23041309,0.291055384,0.0,0.0
0.8056725215564214,0.292231958,0.229927083,0.284196532,0.0,0.0
0.8040355772766643,0.164413991,0.267621317,0.289651027,0.0,0.0
0.8007615055916165,0.059011038,0.312052594,0.314680694,0.0,0.0
0.7945269988850147,0.004259664,0.347176933,0.375287496,0.0,0.0
0.7489098391323465,0.0,0.304225918,0.4223289235,0.0,0.0
0.6444037616141653,0.0,0.16826171899999998,0.343228992,0.0,0.0
0.594724126496056,0.0,0.091622653,0.169298851,0.0,0.0
0.6095163279015432,0.0,0.133808101,0.171296532,0.0,0.0
0.7241824194525626,0.007675263000000001,0.191901512,0.252086934,0.0,0.0
0.799980797741949,0.063944074,0.228055405,0.283165097,0.0,0.0
0.8199089631781125,0.087993357,0.252899032,0.304197744,0.0,0.0
0.8225350967412922,0.141985733,0.267550251,0.318668093,0.0,0.0
0.8224338735080937,0.219527006,0.267586468,0.302290713,0.0,0.0
0.8211111599350076,0.275626594,0.27220199450000004,0.32852934050000004,0.0,0.0
0.8130896570459077,0.3979239455,0.274745157,0.34423304050000003,0.0,0.0
0.8062415476604032,0.327757727,0.3170615175,0.386576483,0.0,0.0
0.8036595792342572,0.210478864,0.325269957,0.420920961,0.0,0.0
0.8010777022965577,0.095186163,0.338043456,0.457544802,0.0,0.0
0.7624950280401945,0.0015591166666666667,0.34415785633333335,0.5020997116666667,0.0,0.0
0.6284975566542088,0.0,0.3343069636666667,0.5520322263333334,0.0,0.0
0.5919018711596371,0.0,0.3567705135,0.572313201,0.0,0.0
0.609244456271196,0.0,0.37006553649999996,0.582258501,0.0,0.0
0.6885409323170508,0.005005035,0.372039597,0.628273014,0.0,0.0
0.7594577381654153,0.13842059,0.358882726,0.630225595,0.0,0.0
0.8002807184218971,0.215769301,0.358568209,0.601385967,0.0,0.0
0.8198978990960627,0.34145279,0.339645566,0.545983106,0.0,0.0
0.8224998926411696,0.48395217,0.30776996,0.500670274,0.0,0.0
0.8226875258572287,0.488323463,0.267650235,0.498782872,0.0,0.0
0.8216556802900923,0.5645618265,0.263327203,0.4602848745,0.0,0.0
0.8131979668061937,0.45140274849999995,0.2573751085,0.435474894,0.0,0.0
0.807547390645076,0.370900814,0.259629786,0.437577919,0.0,0.0
0.8047654447514566,0.29518895,0.245526275,0.435363264,0.0,0.0
0.8036912172916252,0.163001529,0.229463401,0.429497945,0.0,0.0
0.8010777022965577,0.064586113,0.216437321,0.40191401,0.0,0.0
0.7943165973086933,0.0,0.196530177,0.355211547,0.0,0.0
0.746850262897186,0.0,0.162854326,0.2915658085,0.0,0.0
0.6425655368068788,0.0,0.12862001,0.272251346,0.0,0.0
0.5887143239109085,0.0,0.142399838,0.2462956135,0.0,0.0
0.5605404924673563,0.0,0.1449925895,0.260809048,0.0,0.0
0.5655944507932554,0.001490714,0.13956246366666666,0.2854683393333333,0.0,0.0
0.6036886568637114,0.146497706,0.11096187,0.273247875,0.0,0.0
0.6428527929886902,0.198608615,0.11090906,0.249565785,0.0,0.0
0.6831996492363588,0.335134058,0.107925589,0.215697304,0.0,0.0
0.690950400726916,0.43722089,0.095440883,0.162896203,0.0,0.0
0.690702234711743,0.501503688,0.06676509200000001,0.103685555,0.0,0.0
0.6837393691607074,0.4862822285,0.082449634,0.11571406449999999,0.0,0.0
0.6829420194065822,0.378277849,0.091717521,0.115466132,0.0,0.0
0.683864229337005,0.32038339,0.089619424,0.108008397,0.0,0.0
0.6842227165948358,0.222997132,0.07809929,0.091297449,0.0,0.0
0.6845359415231608,0.111109809,0.066462264,0.070964146,0.0,0.0
0.6783213228143308,0.00039532466666666665,0.058384454,0.04617992766666667,0.0,0.0
0.606298026513065,0.0,0.042712635,0.037910854,0.0,0.0
0.56338646867941,0.0007588051999999999,0.0623693318,0.056134260400000004,0.0,0.0
0.6039014359505102,0.116604762,0.081141906,0.064463118,0.0,0.0
0.6418761310078948,0.199153495,0.074032482,0.055911255,0.0,0.0
0.6817913486305064,0.31125712,0.073214751,0.05586158,0.0,0.0
0.6902168297165779,0.47389147,0.0743973,0.056042899,0.0,0.0
0.691178312790532,0.681882731,0.078475617,0.058119687,0.0,0.0
0.6894125307051948,0.7065826365,0.08647736,0.061914620000000004,0.0,0.0
0.683385819529122,0.49172969200000005,0.093733836,0.072598596,0.0,0.0
0.6819446006222167,0.362006148,0.096854974,0.089984925,0.0,0.0
0.6822756105774956,0.245828028,0.105105162,0.109425324,0.0,0.0
0.6830714971853639,0.167449335,0.122897643,0.137755003,0.0,0.0
0.6838773051243876,0.072429348,0.152532304,0.163843445,0.0,0.0
0.6771642208934711,0.0006831173333333333,0.18951653233333335,0.20337516766666666,0.0,0.0
0.63161875711587,0.0,0.22819760300000003,0.26815861700000004,0.0,0.0
0.5954630160496039,0.0,0.21518115300000001,0.2617014985,0.0,0.0
0.615074847585317,0.0,0.231930895,0.2970210425,0.0,0.0
0.6988124793127976,0.002785529,0.263719434,0.348693997,0.0,0.0
0.768227259361406,0.119711059,0.27589174,0.377596325,0.0,0.0
0.8086172291863789,0.179647448,0.349017,0.393945069,0.0,0.0
0.8251958856225576,0.261015505,0.350232347,0.376748324,0.0,0.0
0.8267704685234013,0.273960964,0.331818098,0.346644981,0.0,0.0
0.8264362581818712,0.377605882,0.328852581,0.329552199,0.0,0.0
0.8249103210479976,0.4265249495,0.30138090100000003,0.27916792749999997,0.0,0.0
0.8166417494848374,0.4235661815,0.253850101,0.241250809,0.0,0.0
0.8124381985883479,0.359035284,0.2205107,0.239967504,0.0,0.0
0.8109049463177517,0.250713879,0.217728972,0.239882711,0.0,0.0
0.810303276378056,0.187149582,0.223994544,0.249065406,0.0,0.0
0.8081788697650584,0.072985167,0.226602782,0.254625854,0.0,0.0
0.771596366707683,0.0005437043333333334,0.19860218200000002,0.23448905966666667,0.0,0.0
0.6641919565649447,0.0,0.183514718,0.2172741,0.0,0.0
0.6153304657840812,0.0,0.162427357,0.161630353,0.0,0.0
0.5950738508800089,0.0,0.119856537,0.11275566000000001,0.0,0.0
0.6148970440633263,0.0,0.100858632,0.087160534,0.0,0.0
0.6985272804690614,0.002443738,0.107492396,0.089723425,0.0,0.0
0.7679586110823221,0.124031398,0.110986834,0.098488316,0.0,0.0
0.8086013188178894,0.189807158,0.105654666,0.093250427,0.0,0.0
0.8254914170866954,0.307441347,0.100522654,0.088976521,0.0,0.0
0.8268993976687868,0.432630206,0.096666005,0.07809799,0.0,0.0
0.8267704685234013,0.535538024,0.107362302,0.069490162,0.0,0.0
0.8251304151971984,0.6829326305000001,0.08913376949999999,0.0562733595,0.0,0.0
0.8167651924449019,0.640953428,0.07668117299999999,0.051898799999999995,0.0,0.0
0.8124381985883479,0.506673161,0.06931178,0.054173662,0.0,0.0
0.8109049463177517,0.384561198,0.067897739,0.059461229,0.0,0.0
0.8099535214731808,0.23687152,0.07219865,0.06697938,0.0,0.0
0.8082957289757278,0.090072246,0.083244036,0.076426808,0.0,0.0
0.7880052816293436,0.0,0.083626278,0.0787213985,0.0,0.0
0.7009484073014354,0.0,0.063739255,0.059027701,0.0,0.0
0.6151842316473832,0.0,0.048202918,0.030452606,0.0,0.0
0.5972126897272858,0.0,0.031313151000000004,0.015844538666666668,0.0,0.0
0.663465997898719,0.0010403995,0.0343431205,0.016777391500000002,0.0,0.0
0.7685154756145006,0.105375594,0.034498049,0.020435214,0.0,0.0
0.8085367627567503,0.178089738,0.028093864,0.020392581,0.0,0.0
0.8252443484869555,0.31906908,0.022704907,0.018780489,0.0,0.0
0.8264362581818712,0.502569022,0.020085109,0.016274641,0.0,0.0
0.8263967565773458,0.685972973,0.017540707,0.016965948,0.0,0.0
0.8237509635764821,0.6695428253333334,0.022380757,0.01833773966666667,0.0,0.0
0.814696929415208,0.421222956,0.0169832065,0.03071322,0.0,0.0
0.8110929451903144,0.307143524,0.018413443,0.044979984,0.0,0.0
0.8093692251225523,0.193191505,0.030160093,0.056350466,0.0,0.0
0.8079937053249616,0.068070388,0.052599793,0.073942663,0.0,0.0
0.771546532334115,0.0,0.09074893866666667,0.08785847433333333,0.0,0.0
0.6465099948016547,0.0,0.1108129105,0.103866693,0.0,0.0
0.6043816562040083,0.0,0.12094086879999999,0.11492474220000001,0.0,0.0
0.7333164399830503,0.054740382,0.1580642565,0.1527648945,0.0,0.0
0.8086074451993733,0.277492645,0.186589976,0.217331753,0.0,0.0
0.8252443484869555,0.37388115,0.210319611,0.253927735,0.0,0.0
0.8268437113047535,0.497989129,0.255264193,0.287690895,0.0,0.0
0.8254137547667985,0.67782763,0.3126603186666666,0.30192550933333334,0.0,0.0
0.8182220929620206,0.614144001,0.356013184,0.327967901,0.0,0.0
0.8140617014242189,0.4224965725,0.370903374,0.356321252,0.0,0.0
0.8106251423938515,0.269677673,0.371104876,0.413403055,0.0,0.0
0.8106577861552451,0.137561618,0.413862673,0.490768606,0.0,0.0
0.8081788697650584,0.031731512,0.474239543,0.564229759,0.0,0.0
0.7716421472983034,0.0006990806666666667,0.5754877823333333,0.6803314166666667,0.0,0.0
0.6473135623513899,0.0,0.555274482,0.7133865815,0.0,0.0
0.599808926424461,0.0,0.6038994557499999,0.744466521,0.0,0.0
0.6641889618976369,0.0,0.531043986,0.7030826475,0.0,0.0
0.768096044119669,0.025416199,0.501810219,0.662539419,0.0,0.0
0.8085585252643461,0.04512796,0.479845653,0.649518451,0.0,0.0
0.8254011666700616,0.073003825,0.443348318,0.62535332,0.0,0.0
0.8269857163861625,0.1140068,0.406471471,0.594322291,0.0,0.0
0.8268810184500146,0.15453119850000002,0.290669352,0.488032865,0.0,0.0
0.8217694306029568,0.235572222,0.26815232450000004,0.435372174,0.0,0.0
0.8152860264195338,0.2542795675,0.2232589605,0.45193199900000003,0.0,0.0
0.8127583271411882,0.186116964,0.308102222,0.533942374,0.0,0.0
0.8124863870617273,0.113748067,0.386088919,0.562419883,0.0,0.0
0.8092556575636191,0.026621943,0.401958735,0.574105312,0.0,0.0
0.7686811634947124,0.0,0.4019277903333333,0.5819727496666667,0.0,0.0
0.6423279320217424,0.0,0.406199496,0.633953803,0.0,0.0
0.5884713013895649,0.0,0.4148092365,0.620308919,0.0,0.0
0.5601371771342778,0.0,0.4010737985,0.617160032,0.0,0.0
0.5651841478783521,0.0003451633333333333,0.5069274633333333,0.731923734,0.0,0.0
0.603728615836148,0.09881296,0.537521454,0.789699729,0.0,0.0
0.6448568657623897,0.151172738,0.538262656,0.793987535,0.0,0.0
0.6880524641311438,0.220052969,0.539959666,0.807015032,0.0,0.0
0.6953686050713871,0.212254086,0.561913538,0.830818641,0.0,0.0
0.6922339477567375,0.33532005700000006,0.6473357946666667,0.8356120413333334,0.0,0.0
0.6843010113815711,0.427752774,0.7108227245000001,0.8634494315000001,0.0,0.0
0.6838395864669191,0.364978922,0.73287306,0.876849242,0.0,0.0
0.6846995720652969,0.301749722,0.688550019,0.865855311,0.0,0.0
0.687072053130701,0.203401839,0.605119334,0.827092234,0.0,0.0
0.6873507597878087,0.030438607,0.54165501,0.773435568,0.0,0.0
0.6786087161916518,0.0,0.4986112833333333,0.726509985,0.0,0.0
0.6236817669825296,0.0,0.5393488425,0.7410633245,0.0,0.0
0.5636145820027438,0.0,0.6032616704,0.7513197958,0.0,0.0
0.5878801013401006,0.0126951045,0.562602701,0.6952865235,0.0,0.0
0.6423478658008978,0.067879769,0.47683451,0.672451002,0.0,0.0
0.6831996492363588,0.12528435,0.448542099,0.676786545,0.0,0.0
0.6908402163824859,0.244129074,0.436245407,0.686793773,0.0,0.0
0.6914644717798715,0.40411470699999996,0.316010523,0.6369653515,0.0,0.0
0.6858839381624957,0.5483394895,0.2847585575,0.515268061,0.0,0.0
0.6829291722288348,0.503035726,0.330877377,0.495818627,0.0,0.0
0.6820684093874256,0.321727342,0.337419143,0.504407165,0.0,0.0
0.6831067012854865,0.17913691,0.314996541,0.507985818,0.0,0.0
0.6841959249725486,0.098129068,0.326941392,0.533672583,0.0,0.0
0.6844314722709685,0.019532988,0.354220264,0.555460412,0.0,0.0
0.6774257369384045,0.0007752403333333334,0.4179996786666667,0.6094930903333333,0.0,0.0
0.6468619899471776,0.0,0.57071406,0.7407211844999999,0.0,0.0
0.5983314634640771,0.0,0.5602288613333334,0.7865629283333333,0.0,0.0
0.6156079380532078,0.0,0.475301025,0.782336871,0.0,0.0
0.7336019816669188,0.021289394,0.4242253145,0.786629896,0.0,0.0
0.8086519760672313,0.157300886,0.386693046,0.743590509,0.0,0.0
0.8254011666700616,0.302189646,0.39247689,0.71020024,0.0,0.0
0.8271129082172334,0.453116913,0.419969349,0.66881625,0.0,0.0
0.8265371156842457,0.599938875,0.404170096,0.5214799560000001,0.0,0.0
0.8210330250858323,0.5430696205000001,0.4994447425,0.5603073695,0.0,0.0
0.8163232668321857,0.363071374,0.513239381,0.579790538,0.0,0.0
0.8141743543959705,0.19786759,0.517947879,0.610220441,0.0,0.0
0.8123920218203015,0.107350362,0.434758068,0.620855883,0.0,0.0
0.811633442283374,0.052970194,0.404384733,0.624614068,0.0,0.0
0.8091596464220048,0.010419729,0.359983071,0.600827559,0.0,0.0
0.7875884560316632,0.000560727,0.3357077275,0.587717865,0.0,0.0
0.7005933489651706,0.0,0.362829571,0.6078583055,0.0,0.0
0.6151842316473832,0.0,0.3615510045,0.6319333155,0.0,0.0
0.5971708258231971,0.0,0.329567679,0.6047076306666667,0.0,0.0
0.6636393209394142,0.0,0.4000231815,0.673629846,0.0,0.0
0.7684866722868804,0.006432713,0.525851052,0.788104347,0.0,0.0
0.8099280099459377,0.01300692,0.646424144,0.83710537,0.0,0.0
0.827643346932269,0.020239734,0.735189994,0.869597881,0.0,0.0
0.8288415661342021,0.031287912,0.804482443,0.894240521,0.0,0.0
0.8272021529298417,0.038302195,0.8490834535,0.9243936155,0.0,0.0
0.8220028292234958,0.0381436575,0.878431084,0.9362138575000001,0.0,0.0
0.8156457482139866,0.154974234,0.8605868210000001,0.93620308,0.0,0.0
0.812582764008486,0.118152999,0.853852387,0.934628984,0.0,0.0
0.8122181958532729,0.097149696,0.832535835,0.932882612,0.0,0.0
0.8093515772911075,0.016878679,0.795854118,0.929736515,0.0,0.0
0.7708692118294023,0.0,0.6997690863333333,0.9037833606666666,0.0,0.0
0.6461134230068906,0.0,0.6488890835000001,0.8701575415,0.0,0.0
0.5983515343148743,0.0,0.6120038969999999,0.8503060570000001,0.0,0.0
0.5982968079478037,0.0,0.6150388529999999,0.8346924505,0.0,0.0
0.6636147237020709,0.0,0.639338398,0.8308712145,0.0,0.0
0.7684258652453888,0.014812339,0.680232635,0.869876339,0.0,0.0
0.8102861773286484,0.026896865,0.703869031,0.875599348,0.0,0.0
0.8280056289911307,0.054527422,0.722584235,0.883085262,0.0,0.0
0.8298955855725006,0.118667844,0.705526997,0.891054152,0.0,0.0
0.8292349831754575,0.25810539600000004,0.713626866,0.886506084,0.0,0.0
0.8229905552863409,0.4244846455,0.7443192435,0.863015651,0.0,0.0
0.8181515933476494,0.423392072,0.721005016,0.857927216,0.0,0.0
0.815870917184942,0.351995709,0.717324616,0.867366799,0.0,0.0
0.814149848721394,0.258135113,0.647037523,0.855894262,0.0,0.0
0.8145322473876627,0.133956937,0.596676438,0.838101964,0.0,0.0
0.8122907071729771,0.014806015,0.548267043,0.808992685,0.0,0.0
0.7660165036092043,0.0,0.5008947153333333,0.7634300833333333,0.0,0.0
0.630833370696194,0.0,0.36836114933333336,0.6813405759999999,0.0,0.0
0.5939142419577135,0.0,0.298851491,0.6244537084999999,0.0,0.0
0.613720861834328,0.0,0.254984001,0.5569377609999999,0.0,0.0
0.6992452609860303,0.0,0.249443605,0.512593345,0.0,0.0
0.7691598476936138,0.097189805,0.245084253,0.509055834,0.0,0.0
0.8152884495627536,0.219309993,0.243556527,0.515733903,0.0,0.0
0.8280025201676462,0.297292503,0.256333172,0.532798342,0.0,0.0
0.827674344793474,0.407747716,0.341466769,0.545594471,0.0,0.0
0.8275870203720728,0.467733167,0.28330029,0.494817455,0.0,0.0
0.8259384633025495,0.55744422,0.34261399000000003,0.5213619334999999,0.0,0.0
0.8183259222410112,0.4760808625,0.370895043,0.5588060145,0.0,0.0
0.8150598515215914,0.328019475,0.357847875,0.564079939,0.0,0.0
0.813687532258893,0.249888322,0.3366083,0.559201993,0.0,0.0
0.8138969279825479,0.137568302,0.342262459,0.576387824,0.0,0.0
0.8122907071729771,0.013232844,0.345275571,0.603238453,0.0,0.0
0.7661634311307178,0.0,0.3746348113333333,0.6550407156666668,0.0,0.0
0.6457672571097823,0.0,0.4295617395,0.700299271,0.0,0.0
0.5968010152536655,0.0,0.42906637166666667,0.7172121543333333,0.0,0.0
0.6143123133097986,0.0,0.4251912725,0.7274955665,0.0,0.0
0.7337294936703916,0.030431423,0.403699601,0.7090468409999999,0.0,0.0
0.8108255770062748,0.143080346,0.366883197,0.691607811,0.0,0.0
0.826753277911227,0.222027884,0.363517876,0.673327154,0.0,0.0
0.8273354712910377,0.356778842,0.410698485,0.671830998,0.0,0.0
0.8270447861133396,0.333403191,0.416426327,0.687620038,0.0,0.0
0.8256859082202068,0.298405776,0.417305704,0.664734675,0.0,0.0
0.8189037264050114,0.19686601199999998,0.5044713525,0.713755308,0.0,0.0
0.8154299974248923,0.113935051,0.55488737,0.764165871,0.0,0.0
0.814096722547449,0.066392354,0.591852281,0.776956372,0.0,0.0
0.8135273307126433,0.036965381,0.585177414,0.767940304,0.0,0.0
0.8102297593543262,0.006332309,0.578212617,0.760731237,0.0,0.0
0.7701953202710291,0.0,0.564554654,0.7716779256666667,0.0,0.0
0.6425655368068788,0.0,0.530230367,0.767347025,0.0,0.0
0.5887143239109085,0.0,0.43897877350000003,0.7188355465,0.0,0.0
0.5605404924673563,0.0,0.38003655999999997,0.6746999895,0.0,0.0
0.5651894056522256,0.0,0.37779535700000005,0.6984346943333333,0.0,0.0
0.6042094031545084,0.056924748,0.351114576,0.686693017,0.0,0.0
0.6440768437416275,0.195046281,0.368371464,0.684385129,0.0,0.0
0.6876810839141821,0.354306546,0.373011956,0.694316232,0.0,0.0
0.6953643989811102,0.46656524,0.418707788,0.713410458,0.0,0.0
0.6963110688047263,0.605301981,0.370476999,0.64729871,0.0,0.0
0.6927043871942352,0.637785325,0.3430019595,0.608779187,0.0,0.0
0.6874865470736078,0.48158975800000003,0.33237655,0.5823217425,0.0,0.0
0.6895261896039333,0.277324595,0.34073341,0.604056321,0.0,0.0
0.6911818789819275,0.135884311,0.324251421,0.620070116,0.0,0.0
0.6951268399773572,0.084720847,0.297219779,0.608480592,0.0,0.0
0.6981172671560907,0.007885714,0.266737627,0.574750188,0.0,0.0
0.6874942965389089,0.0,0.2523274515,0.5374110599999999,0.0,0.0
0.6523989757329909,0.0,0.23554399650000002,0.4799367835,0.0,0.0
0.5891862643485344,0.0,0.219073047,0.43269937,0.0,0.0
0.562162806622309,0.0,0.18425376049999997,0.345551325,0.0,0.0
0.5697258409642709,0.0,0.19292974666666665,0.2839466333333333,0.0,0.0
0.603918763609553,0.069801106,0.257080176,0.336900563,0.0,0.0
0.6461780247750926,0.143726221,0.283035101,0.398588345,0.0,0.0
0.6884842401003509,0.157898278,0.329470763,0.49083534,0.0,0.0
0.6960960953329838,0.206444122,0.367236266,0.57611461,0.0,0.0
0.6949450587517636,0.223630385,0.492229653,0.644513512,0.0,0.0
0.6934521311101075,0.308096814,0.558543402,0.711052691,0.0,0.0
0.6869570684298553,0.30467860550000003,0.6951316755000001,0.7793871065,0.0,0.0
0.6839390722371622,0.240365209,0.753078567,0.810336231,0.0,0.0
0.6836705611535879,0.150692009,0.765049538,0.825475004,0.0,0.0
0.6845081898295903,0.089527156,0.760992787,0.828288295,0.0,0.0
0.684765499635606,0.057773846,0.757562409,0.827825266,0.0,0.0
0.685645190403504,0.007291267,0.760115896,0.828177528,0.0,0.0
0.6741539132357155,0.0,0.777348812,0.86795278875,0.0,0.0
0.6091268502640972,0.0,0.7338676443333334,0.8897226159999999,0.0,0.0
0.5959062218316846,0.0,0.612124718,0.822366176,0.0,0.0
0.6151626521166803,0.0,0.44493808199999996,0.6868791475,0.0,0.0
0.7334087707027719,0.023146827,0.3404705435,0.5794005065000001,0.0,0.0
0.8085367627567503,0.103424593,0.284282091,0.528007702,0.0,0.0
0.8254725805743325,0.169290687,0.25594639,0.49443789,0.0,0.0
0.8267925968361415,0.260136958,0.253346171,0.439997469,0.0,0.0
0.8268716001938331,0.382117877,0.214714501,0.325670039,0.0,0.0
0.8227460164300875,0.491782057,0.22791805666666667,0.26093501966666666,0.0,0.0
0.8142268405223936,0.29782899,0.254807794,0.22402159449999998,0.0,0.0
0.8115707149506753,0.182482011,0.230201558,0.218529847,0.0,0.0
0.8105303199331555,0.091326846,0.221977865,0.281080978,0.0,0.0
0.8081148623373154,0.004012189,0.243960897,0.367235687,0.0,0.0
0.8023455980884472,0.0,0.269245629,0.431514111,0.0,0.0
0.7559641897109584,0.0,0.29945046200000003,0.504530531,0.0,0.0
0.6464450729353712,0.0,0.3663905,0.5721092925,0.0,0.0
0.5986883962606186,0.0,0.40198075600000005,0.6094297875,0.0,0.0
0.5983089922616578,0.0,0.429700682,0.6659782955,0.0,0.0
0.6636419954343201,0.0,0.4453372685,0.6730251085000001,0.0,0.0
0.7682340257904119,0.069898397,0.498997159,0.719942644,0.0,0.0
0.8086920264537937,0.300389506,0.503883297,0.760518156,0.0,0.0
0.82514650846826,0.494391954,0.519740444,0.786184035,0.0,0.0
0.8266514146305064,0.653191831,0.462755043,0.801045382,0.0,0.0
0.8277773967551129,0.764475198,0.466506518,0.799004239,0.0,0.0
0.8294695704769147,0.828799295,0.544936723,0.842626127,0.0,0.0
0.8266717599218691,0.8150352295000001,0.6391730575,0.880164123,0.0,0.0
0.8212768019595155,0.697818634,0.728322831,0.903032773,0.0,0.0
0.817911565567934,0.560229226,0.791979167,0.909345136,0.0,0.0
0.815348799384975,0.371082192,0.803198181,0.9107745,0.0,0.0
0.8102335083739737,0.138242998,0.798843305,0.907352676,0.0,0.0
0.8073050767690091,0.00216877,0.77395714,0.907408862,0.0,0.0
0.7714602747576779,0.0,0.720517036,0.884511371,0.0,0.0
0.6323990991603932,0.0,0.6093534303333333,0.8237423016666666,0.0,0.0
0.5957277096644172,0.0,0.5477998755,0.7817996895,0.0,0.0
0.6151346488484627,0.0,0.560578251,0.769193345,0.0,0.0
0.7335155716840582,0.025250376,0.517767834,0.7611687285,0.0,0.0
0.8085811106477157,0.219689978,0.557114113,0.737284831,0.0,0.0
0.8251958856225576,0.295431601,0.669236527,0.76326513,0.0,0.0
0.8270709376881048,0.458578456,0.722896978,0.79142205,0.0,0.0
0.8264802405649736,0.510450644,0.663258902,0.776828395,0.0,0.0
0.8248650587184918,0.5372836985,0.644011659,0.7800081910000001,0.0,0.0
0.8174778694561606,0.47883643099999995,0.7076337595,0.783301631,0.0,0.0
0.812902983975452,0.381126011,0.748287715,0.796498521,0.0,0.0
0.810579697087453,0.269990515,0.770166489,0.816448834,0.0,0.0
0.8093692251225523,0.100261368,0.769436673,0.829914016,0.0,0.0
0.8074757023497865,0.003393651,0.778262326,0.849010601,0.0,0.0
0.7873826721321464,0.0,0.801211637,0.872775112,0.0,0.0
0.7076665359075046,0.0,0.8328586675,0.89461185,0.0,0.0
0.6128977110005737,0.0,0.806702073,0.9015003250000001,0.0,0.0
0.5995977133062311,0.0,0.6090969575,0.8422894865,0.0,0.0
0.6640078894659607,0.0,0.6067529155,0.8111727154999999,0.0,0.0
0.7682356716906006,0.02764799,0.622568114,0.828548411,0.0,0.0
0.8086172291863789,0.114926188,0.619429462,0.835578727,0.0,0.0
0.8254011666700616,0.132393756,0.618946368,0.855890668,0.0,0.0
0.8270636224770618,0.143533157,0.599697293,0.848240716,0.0,0.0
0.8270636224770618,0.122781006,0.545237952,0.829208216,0.0,0.0
0.8257084936778969,0.14122202,0.4981613835,0.7840673235,0.0,0.0
0.8183680756727121,0.0842401855,0.42649247199999996,0.71837826,0.0,0.0
0.8144345903458599,0.062196025,0.380697305,0.617223599,0.0,0.0
0.8126414679305188,0.060832694,0.367204061,0.520837932,0.0,0.0
0.811633442283374,0.06023173,0.333792605,0.442728153,0.0,0.0
0.8090746079483141,0.00456223,0.284748361,0.359911412,0.0,0.0
0.7880901371261415,0.0,0.327390701,0.353340744,0.0,0.0
0.7393865619438174,0.0,0.507062135,0.504659244,0.0,0.0
0.6647706751674854,0.0,0.673362468,0.720381657,0.0,0.0
0.6163493727593442,0.0,0.755037128,0.8265298885000001,0.0,0.0
0.5963293566391008,0.0,0.788169578,0.9032944430000001,0.0,0.0
0.6162036415489796,0.0,0.845677572,0.9280271455,0.0,0.0
0.6993632632448753,0.0,0.881245645,0.93503069,0.0,0.0
0.7685394328043219,0.01251078,0.90518549,0.93689925,0.0,0.0
0.8092303290132686,0.049108065,0.920115178,0.936622345,0.0,0.0
0.8247900785485047,0.106622065,0.929044695,0.906204074,0.0,0.0
0.8264096950948987,0.1567440725,0.9280030619999999,0.9196582595,0.0,0.0
0.8255196718552399,0.172759025,0.921907507,0.926746701,0.0,0.0
0.820827561284397,0.35794314,0.928621755,0.859224868,0.0,0.0
0.8199232277207336,0.33785413,0.926756234,0.807232061,0.0,0.0
0.8190630592197837,0.245152904,0.917218994,0.726025327,0.0,0.0
0.8205121874552298,0.117474774,0.924901537,0.757842242,0.0,0.0
0.816588806287785,0.003561246,0.923421254,0.837000861,0.0,0.0
0.7823436870189188,0.0,0.9090741245,0.860366172,0.0,0.0
0.684029094192802,0.0,0.8927033805,0.860338882,0.0,0.0
0.5880764441670645,0.0,0.889369965,0.891494276,0.0,0.0
0.5608440820123706,0.0,0.8694368625,0.9121587489999999,0.0,0.0
0.5876894963474254,0.0158764825,0.81865875,0.9288886734999999,0.0,0.0
0.6464759793824503,0.223211658,0.811905026,0.928846335,0.0,0.0
0.6922861900130644,0.379549486,0.84591925,0.934327342,0.0,0.0
0.7000532176772555,0.489857748,0.867807171,0.936199423,0.0,0.0
0.7001644077257111,0.588222333,0.897933151,0.936898316,0.0,0.0
0.6976631648845245,0.5925684263333334,0.9054974396666667,0.9362808896666667,0.0,0.0
0.6951112037769251,0.455814807,0.8973414820000001,0.93610959,0.0,0.0
0.6995495705845071,0.245599846,0.883413342,0.935627421,0.0,0.0
0.7033183282510715,0.121759608,0.874804751,0.934907476,0.0,0.0
0.7004155453688595,0.004352874,0.850948555,0.933955633,0.0,0.0
0.6877707400646774,0.0,0.8011690444999999,0.932001725,0.0,0.0
0.652809674874867,0.0,0.7526132480000001,0.928046036,0.0,0.0
0.5881475152312031,0.0,0.7198591735,0.9208450985000001,0.0,0.0
0.5598601620348745,0.0,0.6956616246666667,0.910085865,0.0,0.0
0.5686962051911804,0.0,0.648847557,0.8906202860000001,0.0,0.0
0.6033669738248085,0.030892531,0.608574476,0.872845451,0.0,0.0
0.6488944545362897,0.207060989,0.576452175,0.861623372,0.0,0.0
0.6941134194103765,0.352036685,0.572866595,0.851494495,0.0,0.0
0.7021354707842318,0.457612197,0.596293708,0.831836697,0.0,0.0
0.7012623179843455,0.574816387,0.506773628,0.768013571,0.0,0.0
0.6987181368877431,0.612295059,0.4354826885,0.7095364945,0.0,0.0
0.6955135591130408,0.42838860749999996,0.5105817885,0.718673098,0.0,0.0
0.7004102876445327,0.296027894,0.561681969,0.737270694,0.0,0.0
0.7044713306076006,0.190177905,0.566075504,0.774577053,0.0,0.0
0.7073208043389749,0.099383321,0.598779031,0.797203304,0.0,0.0
0.7046168560990217,0.004614967,0.664395678,0.825080171,0.0,0.0
0.6787352375533723,0.0,0.778423693,0.8806118856666667,0.0,0.0
0.6305396985309658,0.0,0.8307335543333334,0.9207282226666668,0.0,0.0
0.6051558215892783,0.0,0.8127326925,0.8956555715,0.0,0.0
0.7027692358519246,0.0,0.795589341,0.862320405,0.0,0.0
0.7748325520188307,0.026140764,0.810122134,0.849954902,0.0,0.0
0.8220659222870185,0.23025412,0.805352319,0.837561988,0.0,0.0
0.8371777112421804,0.383829971,0.809497378,0.829272244,0.0,0.0
0.8373967995387148,0.547939574,0.813867371,0.817305172,0.0,0.0
0.8365069133459244,0.636161021,0.781590594,0.815797601,0.0,0.0
0.834548651683768,0.7325428995000001,0.784226549,0.792495757,0.0,0.0
0.8300197143614707,0.6417424565000001,0.8119352615,0.8321650235,0.0,0.0
0.8283787923037901,0.470129616,0.839693085,0.881894185,0.0,0.0
0.8288695464374077,0.321207051,0.819282662,0.891694132,0.0,0.0
0.829980807023084,0.160236279,0.802113701,0.887764739,0.0,0.0
0.8224634998601287,0.0,0.789260353,0.871242474,0.0,0.0
0.7816109848143789,0.0,0.7508267135,0.8295200885,0.0,0.0
0.6933559599566126,0.0,0.670861084,0.7799689745,0.0,0.0
0.6207445802082383,0.0,0.5641280200000001,0.6961240335,0.0,0.0
0.6043362977781896,0.0,0.46734524749999995,0.5988496365,0.0,0.0
0.6317994181344329,0.0,0.4441513525,0.596754729,0.0,0.0
0.7202036716475636,0.0,0.351466095,0.540050171,0.0,0.0
0.7841438960356676,0.022788577,0.295002984,0.482983228,0.0,0.0
0.8272933177850164,0.183531571,0.247854288,0.443147797,0.0,0.0
0.8381084706973072,0.353571303,0.206983469,0.441312593,0.0,0.0
0.8360528262357255,0.582412983,0.240187241,0.4653586,0.0,0.0
0.8353079626823434,0.629341816,0.243403066,0.372832887,0.0,0.0
0.8302034156553102,0.5590673589999999,0.28956937650000003,0.41909988200000003,0.0,0.0
0.8243228242367973,0.473839014,0.36056708,0.504886053,0.0,0.0
0.8224250953737547,0.36478667,0.442672707,0.617221425,0.0,0.0
0.8212826540986217,0.23305224,0.456795372,0.695352674,0.0,0.0
0.8244552281594525,0.159811587,0.477533223,0.735297649,0.0,0.0
0.8247017482744371,0.052708136,0.486860991,0.754502872,0.0,0.0
0.8183450787028148,0.0,0.524233217,0.776538286,0.0,0.0
0.7810140469306257,0.0,0.5991340215000001,0.8231034705,0.0,0.0
0.6920659359263035,0.0,0.7436068155,0.8803441519999999,0.0,0.0
0.6144894538935757,0.0,0.8517687304999999,0.9142758205,0.0,0.0
0.5967659636095132,0.0,0.9094512993333334,0.929348446,0.0,0.0
0.6281358842210409,0.0,0.926982755,0.935159533,0.0,0.0
0.7337062681651797,0.000995561,0.9329174474999999,0.9244873929999999,0.0,0.0
0.8115460264478468,0.041047034,0.935730448,0.909732432,0.0,0.0
0.8288251069836757,0.063481485,0.935059074,0.91128429,0.0,0.0
0.8300948316526464,0.08157972,0.935430897,0.910633153,0.0,0.0
0.8293351548489266,0.099989232,0.935338722,0.924276078,0.0,0.0
0.8251900334834513,0.10359897833333333,0.9332279676666667,0.9355295013333333,0.0,0.0
0.8190484289463384,0.083043269,0.92266742,0.937481686,0.0,0.0
0.8167308113691939,0.076815052,0.909246846,0.937382285,0.0,0.0
0.814612713965932,0.059236589,0.899876609,0.937265583,0.0,0.0
0.8135273307126433,0.027315065,0.874246667,0.93639909,0.0,0.0
0.794825334409337,0.0,0.7949511316666666,0.927718376,0.0,0.0
0.70107852527638,0.0,0.7212195564999999,0.9099399914999999,0.0,0.0
0.6152670984781808,0.0,0.6626854385000001,0.8930663365,0.0,0.0
0.5950738508800089,0.0,0.595976964,0.8751089295,0.0,0.0
0.614879121989504,0.0,0.578027496,0.879322681,0.0,0.0
0.7334895572304818,0.0028199975,0.6304719974999999,0.8762518505,0.0,0.0
0.8094761175179642,0.044106512,0.731900643,0.886992151,0.0,0.0
0.8260901608825176,0.089443751,0.816165173,0.909520998,0.0,0.0
0.8274013988613467,0.146415976,0.881232868,0.920679795,0.0,0.0
0.8270636224770618,0.208198675,0.888262825,0.921184732,0.0,0.0
0.8264890186993126,0.316652825,0.899274459,0.930311196,0.0,0.0
0.8217904616489046,0.466362238,0.9106013235,0.936332502,0.0,0.0
0.8166657065260178,0.40755653,0.905652094,0.937029987,0.0,0.0
0.8141476541878093,0.34298693,0.898996809,0.936818861,0.0,0.0
0.812551217365244,0.181954761,0.902645441,0.936660144,0.0,0.0
0.811633442283374,0.044048095,0.895993082,0.936647888,0.0,0.0
0.8059473877797559,0.001318479,0.8786719975,0.936170027,0.0,0.0
0.7540862574315619,0.0,0.8588331245,0.9352460825,0.0,0.0
0.6308926842934676,0.0,0.8242087563333333,0.929707255,0.0,0.0
0.5944853482904624,0.0,0.83591147,0.930128686,0.0,0.0
0.6138221764073319,0.0,0.828351413,0.9321712155,0.0,0.0
0.735359580107017,0.005676366,0.801504876,0.9266252214999999,0.0,0.0
0.820911045272025,0.222700902,0.752692821,0.901550086,0.0,0.0
0.8354760279243917,0.444669006,0.746405969,0.8747446,0.0,0.0
0.8355043740327416,0.624530782,0.735104201,0.83897882,0.0,0.0
0.8350597966671703,0.703825826,0.676079528,0.766632499,0.0,0.0
0.8303183090163504,0.749272224,0.68716119,0.77253208,0.0,0.0
0.8252705000617208,0.6151293345,0.6960743970000001,0.785771709,0.0,0.0
0.8261366120415824,0.445578332,0.732985385,0.820465157,0.0,0.0
0.8252392278094972,0.296137482,0.725158887,0.853553168,0.0,0.0
0.8281159047496867,0.102737936,0.686942041,0.857500034,0.0,0.0
0.8220823812889041,0.0,0.622898548,0.820735784,0.0,0.0
0.7818991554347309,0.0,0.525486942,0.7213185625,0.0,0.0
0.6831824586985048,0.0,0.4293773875,0.6434469549999999,0.0,0.0
0.5963642864225254,0.0,0.3362040505,0.620684505,0.0,0.0
0.5722985435158854,0.0,0.2728579905,0.51705183,0.0,0.0
0.5770503790723415,0.0,0.26600945766666667,0.5107062986666667,0.0,0.0
0.6179229953659435,0.008286164,0.311300418,0.581619393,0.0,0.0
0.6552519469836859,0.108708132,0.324457118,0.611802224,0.0,0.0
0.6964380778075455,0.154609622,0.339753197,0.638748424,0.0,0.0
0.7046936650717694,0.29860976,0.44517047,0.678000573,0.0,0.0
0.7023976727323911,0.3841332285,0.5974148535,0.713566238,0.0,0.0
0.6965708933167285,0.3165130695,0.7220999035,0.8056511825,0.0,0.0
0.6947386805861082,0.20613604,0.770673105,0.857637993,0.0,0.0
0.6970506290010391,0.122509565,0.767874915,0.872639863,0.0,0.0
0.7012293085664484,0.088471065,0.741537415,0.874826967,0.0,0.0
0.7030576350819121,0.035931035,0.734101205,0.881681826,0.0,0.0
0.6924697847066371,0.0003801433333333333,0.7693237833333333,0.893639883,0.0,0.0
0.6537009555418395,0.0,0.7834771795,0.9061199995,0.0,0.0
0.5884002302511058,0.0,0.772396176,0.9109457585,0.0,0.0
0.5610402876809855,0.0,0.74101177575,0.8972987167500001,0.0,0.0
0.5883933952243452,0.001757446,0.7061782605,0.8794522405,0.0,0.0
0.6465821403162145,0.078411295,0.68215925,0.873186231,0.0,0.0
0.6922861900130644,0.182137745,0.659588197,0.866800621,0.0,0.0
0.6989553072699802,0.263969603,0.725008005,0.866220332,0.0,0.0
0.698952747079892,0.340429019,0.655046104,0.837621498,0.0,0.0
0.6963853403294367,0.348008389,0.6075476015000001,0.7938119425000001,0.0,0.0
0.6921201821834121,0.32534333449999997,0.505669893,0.697992274,0.0,0.0
0.6941661797791772,0.199982127,0.391732533,0.613534554,0.0,0.0
0.6974917315893405,0.117552048,0.328583907,0.560934904,0.0,0.0
0.7027736249190942,0.030695498,0.284003378,0.510732516,0.0,0.0
0.6970019833827099,0.000592225,0.264189254,0.487035013,0.0,0.0
0.6721557764469516,0.0,0.265494517,0.4904127526666667,0.0,0.0
0.6252766949517747,0.0,0.2634013895,0.4810474295,0.0,0.0
0.6091458847908526,0.0,0.2425603285,0.46454535799999996,0.0,0.0
0.6426277611389237,0.0,0.21671167200000002,0.422937312,0.0,0.0
0.7862717546095638,0.0024089115,0.218308315,0.44531820099999997,0.0,0.0
0.8601567450934247,0.168352205,0.244329516,0.470867058,0.0,0.0
0.8657888505473239,0.330874731,0.253502781,0.475400485,0.0,0.0
0.8612483461423233,0.472576514,0.290268797,0.472131505,0.0,0.0
0.859623654625534,0.490406389,0.321830433,0.490046589,0.0,0.0
0.856518196890251,0.5671700655,0.3822228565,0.4975485335,0.0,0.0
0.8510871663192584,0.4883771495,0.47519904,0.540847149,0.0,0.0
0.8512924472181214,0.347678794,0.53180943,0.567267191,0.0,0.0
0.8547108099322887,0.239471837,0.551388159,0.55998002,0.0,0.0
0.8584471980798375,0.043041499,0.571790358,0.571536303,0.0,0.0
0.8525385805024152,0.0,0.544013437,0.567213107,0.0,0.0
0.7995784653708453,0.0,0.5366569235,0.5628199085000001,0.0,0.0
0.7347825531117276,0.0,0.486545374,0.553218546,0.0,0.0
0.6583117308772557,0.0,0.5350218195,0.6184675989999999,0.0,0.0
0.6151860490791187,0.0,0.5045571459999999,0.7856831550000001,0.0,0.0
0.7013349207181756,0.0,0.471462045,0.8052904865,0.0,0.0
0.8166812512380036,0.001401185,0.539273122,0.816632139,0.0,0.0
0.8601326052239925,0.010478313,0.662606888,0.867660004,0.0,0.0
0.8717085322067957,0.024254564,0.79281116,0.917586254,0.0,0.0
0.8698171125534888,0.031430457,0.845968265,0.933836236,0.0,0.0
0.8676960890806737,0.1297293655,0.883177346,0.937144304,0.0,0.0
0.8577093751978391,0.3427302555,0.9132169754999999,0.9368227554999999,0.0,0.0
0.8520354821173834,0.30746517,0.91544844,0.9354478515,0.0,0.0
0.8557100572964537,0.195055647,0.916324566,0.932852478,0.0,0.0
0.8571491273025167,0.028634102,0.912109841,0.921082169,0.0,0.0
0.8467669388917104,0.0,0.908614779,0.922032138,0.0,0.0
0.7776989877527445,0.0,0.9042703683333334,0.9271317226666667,0.0,0.0
0.6406196803636605,0.0,0.8881578593333334,0.9348847843333333,0.0,0.0
0.605965972776928,0.0,0.859172034,0.9335936535,0.0,0.0
0.632609775078186,0.0,0.834989049,0.934582095,0.0,0.0
0.7777710189624867,0.002057707,0.7975873765,0.9294203114999999,0.0,0.0
0.8540420237413656,0.228466918,0.76530746,0.917604841,0.0,0.0
0.8652696587425895,0.404216238,0.736991069,0.902718218,0.0,0.0
0.8633578482394979,0.494629157,0.750817896,0.877495166,0.0,0.0
0.8579150676089093,0.6396634825,0.729131491,0.838463109,0.0,0.0
0.8507989499175228,0.6274505695,0.7631092625,0.819639585,0.0,0.0
0.8477266846513499,0.500675764,0.78005009,0.844584005,0.0,0.0
0.848803929669181,0.345114981,0.797950276,0.891243206,0.0,0.0
0.8513038771053153,0.231400701,0.782741125,0.909020864,0.0,0.0
0.855674761782205,0.022479791,0.742592051,0.908114172,0.0,0.0
0.8473413598412076,0.0,0.701550001,0.898501153,0.0,0.0
0.799512080581266,0.0,0.615415241,0.8728948755,0.0,0.0
0.7037322962283127,0.0,0.481625186,0.7857471765,0.0,0.0
0.6269779211246138,0.0,0.33208751000000003,0.592203163,0.0,0.0
0.6116440034985466,0.0,0.240476775,0.437673204,0.0,0.0
0.6419085919410366,0.0,0.1665428425,0.31877662949999996,0.0,0.0
0.7841162356819028,0.001134283,0.1570164235,0.238444567,0.0,0.0
0.8546422304604837,0.019935472,0.206886444,0.280068606,0.0,0.0
0.865246433163057,0.060481798,0.264503918,0.335374248,0.0,0.0
0.8607234851753753,0.138995409,0.332575013,0.432625152,0.0,0.0
0.8549021007538694,0.313956838,0.331765977,0.439024549,0.0,0.0
0.847860551645942,0.353634539,0.420006004,0.577198321,0.0,0.0
0.8412688833349755,0.353169476,0.530565222,0.688332031,0.0,0.0
0.8350704950927164,0.256212885,0.613674218,0.755249762,0.0,0.0
0.8335195949906754,0.222287294,0.591407197,0.783436093,0.0,0.0
0.8341094692380328,0.168732117,0.581447214,0.798279086,0.0,0.0
0.8352835484218928,0.0176707,0.595311659,0.810667401,0.0,0.0
0.8306332256262473,0.0,0.617642793,0.834243496,0.0,0.0
0.7992518446313768,0.0,0.649399325,0.8576432469999999,0.0,0.0
0.7422612729600572,0.0,0.684304844,0.871759149,0.0,0.0
0.6556049479818753,0.0,0.692393313,0.875990381,0.0,0.0
0.6094947939292623,0.0,0.738417178,0.900271627,0.0,0.0
0.6103618431640359,0.0,0.687217223,0.8874118419999999,0.0,0.0
0.6512303143596585,0.0,0.618177837,0.844840052,0.0,0.0
0.7686002854785561,0.0,0.5476095160000001,0.770717683,0.0,0.0
0.8336549250572043,0.028494639,0.453910847,0.680946071,0.0,0.0
0.8459310933114057,0.074360978,0.460767783,0.634928957,0.0,0.0
0.8461367400154131,0.113960195,0.47619544,0.608404453,0.0,0.0
0.8433049140411628,0.173749765,0.452063798,0.5745725690000001,0.0,0.0
0.8350433833723476,0.250283383,0.4014964165,0.5310358785,0.0,0.0
0.8298717199454462,0.218874944,0.351779893,0.479450617,0.0,0.0
0.8276081428321465,0.200548127,0.341655518,0.464250746,0.0,0.0
0.8290319425172422,0.125672313,0.325331623,0.457918625,0.0,0.0
0.8319013956605145,0.014854332,0.315097934,0.445331621,0.0,0.0
0.8093254867086399,0.0,0.31078663533333334,0.44648056333333336,0.0,0.0
0.7419308116381743,0.0,0.300392221,0.470226063,0.0,0.0
0.6333008953007927,0.0,0.25176448,0.41726544649999997,0.0,0.0
0.5795091635698866,0.0,0.184279927,0.33495505049999996,0.0,0.0
0.5756030947762498,0.0,0.10465573933333333,0.20953948733333336,0.0,0.0
0.6102423322005115,0.000813855,0.07129081300000001,0.1484268085,0.0,0.0
0.676899854858329,0.039130439,0.063017709,0.148359797,0.0,0.0
0.713168020460126,0.079124527,0.053178236,0.145272414,0.0,0.0
0.7182415239188914,0.132036065,0.060592819,0.158457607,0.0,0.0
0.7171125698690278,0.138999782,0.094757599,0.22595667,0.0,0.0
0.713803065622863,0.14895620399999998,0.1117986325,0.2491323975,0.0,0.0
0.7127223001950198,0.138062678,0.118487776,0.224818997,0.0,0.0
0.7147223495580531,0.086589098,0.133544606,0.236958717,0.0,0.0
0.7203841269967298,0.072526515,0.158698261,0.252884662,0.0,0.0
0.7241820994288015,0.036173864,0.190181895,0.258189956,0.0,0.0
0.7277258250969588,0.003863551,0.230165573,0.273503272,0.0,0.0
0.7191119791845391,0.0,0.2858937165,0.3068520035,0.0,0.0
0.6910252436270734,0.0,0.35092769,0.377665645,0.0,0.0
0.6345686310808016,0.0,0.39184678,0.4751170095,0.0,0.0
0.5825929502860201,0.0,0.4024900225,0.5374236405,0.0,0.0
0.589137161548095,0.0,0.43915182350000004,0.58635580325,0.0,0.0
0.6461914207348771,0.001688935,0.380104211,0.500587756,0.0,0.0
0.6960960039188578,0.208008193,0.337902693,0.457102735,0.0,0.0
0.7262719419891986,0.40359626,0.262004557,0.404503946,0.0,0.0
0.7264470480512712,0.572429442,0.20521386,0.342298201,0.0,0.0
0.7238257608488516,0.6494685885,0.1631202255,0.2619883495,0.0,0.0
0.7162981667725576,0.43499620149999996,0.130402868,0.18548169949999999,0.0,0.0
0.7153685502169659,0.417649854,0.092254979,0.110173145,0.0,0.0
0.7212505590003526,0.349879124,0.061050582,0.076510171,0.0,0.0
0.7287394284921913,0.213757937,0.054341442,0.063598822,0.0,0.0
0.7351098138987181,0.011339931,0.099894481,0.114264077,0.0,0.0
0.7428107310157076,0.0,0.16579083,0.21714872,0.0,0.0
0.718482328941638,0.0,0.240555281,0.3938057155,0.0,0.0
0.6786671458713067,0.0,0.331793987,0.529172341,0.0,0.0
0.6562663048055785,0.0,0.442106414,0.591080209,0.0,0.0
0.6096923026207732,0.0,0.5859142335,0.7245225415000001,0.0,0.0
0.610180587904108,0.0,0.7189615325000001,0.8181017345,0.0,0.0
0.6512702275507117,0.0,0.767293043,0.856861811,0.0,0.0
0.7742724413190176,0.0,0.790180981,0.8821967045000001,0.0,0.0
0.8524488787191775,0.023253611,0.808615922,0.898970881,0.0,0.0
0.8630257411660675,0.075357157,0.806262506,0.898942565,0.0,0.0
0.8599642655909258,0.126721579,0.79689333,0.894653552,0.0,0.0
0.8560404272042105,0.142376374,0.799906462,0.888082394,0.0,0.0
0.8495431698417327,0.18077783749999998,0.814623745,0.892647593,0.0,0.0
0.8422637417806118,0.102040434,0.766365446,0.876689056,0.0,0.0
0.8424062040069706,0.041897352,0.714614685,0.861937714,0.0,0.0
0.8425577186843665,0.019301062,0.698732682,0.855525838,0.0,0.0
0.8432950843470944,0.002538954,0.691219575,0.853866909,0.0,0.0
0.8110336316425878,0.0,0.6725042683333333,0.846380067,0.0,0.0
0.7397384656008938,0.0,0.643120684,0.836869637,0.0,0.0
0.65557804198045,0.0,0.6284105965,0.841052141,0.0,0.0
0.6085320383657212,0.0,0.6043086646666667,0.8304867893333334,0.0,0.0
0.6329750975114183,0.0,0.6031065585,0.819389806,0.0,0.0
0.7704394019080122,0.0,0.652425956,0.829355061,0.0,0.0
0.8418833547453557,0.068288402,0.671371134,0.844161224,0.0,0.0
0.850849332924487,0.189016789,0.696907744,0.850996401,0.0,0.0
0.8479276680458102,0.308811098,0.786181851,0.862713951,0.0,0.0
0.8464233105169602,0.263551329,0.78838048,0.854834263,0.0,0.0
0.8427690346992283,0.276859868,0.781617065,0.8627473135,0.0,0.0
0.8345876961433434,0.260831229,0.7555022405,0.855323971,0.0,0.0
0.8328905847952963,0.187589173,0.699322073,0.827228928,0.0,0.0
0.8332807558918783,0.108326279,0.660339601,0.822111317,0.0,0.0
0.8349981667499049,0.007229948,0.664197168,0.830573851,0.0,0.0
0.824128516005858,0.0,0.6669528849999999,0.8264311705,0.0,0.0
0.7589471646317804,0.0,0.6186990345000001,0.7869721169999999,0.0,0.0
0.673324719742439,0.0,0.588179419,0.77291458,0.0,0.0
0.6252712543991963,0.0,0.483155651,0.694451959,0.0,0.0
0.6063200939326014,0.0,0.364350507,0.578589932,0.0,0.0
0.6099325819008155,0.0,0.290165191,0.4525376465,0.0,0.0
0.650885588569475,0.0,0.248636066,0.383188143,0.0,0.0
0.7750131901962487,0.0,0.2126525135,0.3341337585,0.0,0.0
0.851734007174334,0.206085257,0.19909439,0.308443868,0.0,0.0
0.8573739763240315,0.405132048,0.161822791,0.299866395,0.0,0.0
0.8494588171969475,0.577203904,0.100006072,0.269514517,0.0,0.0
0.8450466020384512,0.683647136,0.055080403,0.156393732,0.0,0.0
0.8372677330491792,0.7523225865000001,0.0412956335,0.11289036250000001,0.0,0.0
0.8299677310870606,0.719004996,0.049184965,0.10501826,0.0,0.0
0.8278753281879343,0.614920304,0.077931421,0.13157996,0.0,0.0
0.8278435988650814,0.453194546,0.121409672,0.175985878,0.0,0.0
0.8341094692380328,0.253664562,0.195281262,0.245389457,0.0,0.0
0.8407737402085088,0.004524841,0.312316871,0.340910887,0.0,0.0
0.8376962628507518,0.0,0.412614742,0.460341041,0.0,0.0
0.7987510321940556,0.0,0.5145866530000001,0.6021881554999999,0.0,0.0
0.7388019455694277,0.0,0.598184283,0.708729111,0.0,0.0
0.6555163434654299,0.0,0.6992931904999999,0.824822492,0.0,0.0
0.608536457904266,0.0,0.7159245266666666,0.844119591,0.0,0.0
0.6329333326269126,0.0,0.7401963545,0.8808996105,0.0,0.0
0.769462557098965,0.0,0.780645085,0.9063519145,0.0,0.0
0.8348385138370512,0.201182729,0.79273477,0.916887098,0.0,0.0
0.8449173070879215,0.403526433,0.792338302,0.91522455,0.0,0.0
0.8422216797630369,0.580710276,0.717662199,0.909491573,0.0,0.0
0.8381531843934167,0.704767844,0.68614455,0.890059677,0.0,0.0
0.8354886921995668,0.7771801555,0.6492550015,0.8741757914999999,0.0,0.0
0.8289682093318771,0.734092239,0.573959061,0.85590148,0.0,0.0
0.8262080260944942,0.624095635,0.543059923,0.843339901,0.0,0.0
0.824425967612562,0.45982104,0.558650028,0.842996979,0.0,0.0
0.8252006404948715,0.258715615,0.567527046,0.844741424,0.0,0.0
0.8303921918452246,0.003519435,0.604770536,0.849695663,0.0,0.0
0.8223308672535179,0.0,0.6031365195,0.830832837,0.0,0.0
0.7623452506523396,0.0,0.5565216175000001,0.8080082225,0.0,0.0
0.6412524852609764,0.0,0.5597013513333332,0.7988541530000001,0.0,0.0
0.6065203228260811,0.0,0.45934473600000003,0.7464918115000001,0.0,0.0
0.6329750975114183,0.0,0.4767659045,0.7760610135,0.0,0.0
0.7700771198491505,0.0,0.5386418105,0.809960672,0.0,0.0
0.8365968895201806,0.175756341,0.535380714,0.823071329,0.0,0.0
0.8445781590458256,0.366774041,0.543870709,0.813213907,0.0,0.0
0.8393477459898283,0.541594088,0.48840566,0.794500968,0.0,0.0
0.8370493305815503,0.652725879,0.395884956,0.71146372,0.0,0.0
0.831287046209956,0.6675341263333333,0.3852665823333334,0.6569057460000001,0.0,0.0
0.8228786337019166,0.49031313,0.341654918,0.612379992,0.0,0.0
0.8225657287973528,0.357072825,0.372084079,0.610128712,0.0,0.0
0.823154871583062,0.168466318,0.400415848,0.623126974,0.0,0.0
0.8287365938813562,0.004884288,0.472081922,0.645654923,0.0,0.0
0.8079323801214492,0.0,0.641077711,0.7517617733333334,0.0,0.0
0.7443874168873693,0.0,0.707402516,0.822083434,0.0,0.0
0.6329992602715422,0.0,0.7741030984999999,0.8536516359999999,0.0,0.0
0.5790507103575302,0.0,0.7249264255,0.8452248655,0.0,0.0
0.5749825427409956,0.0,0.659877218,0.8389396246666667,0.0,0.0
0.6066002178059422,0.0,0.6399719915,0.8070765055,0.0,0.0
0.6623452506077474,0.092643192,0.6783572,0.811965429,0.0,0.0
0.6922821667510394,0.203212819,0.673816398,0.834264226,0.0,0.0
0.6982090720587874,0.38204494,0.633686157,0.83474069,0.0,0.0
0.6978576256209812,0.545887285,0.561216004,0.80192535,0.0,0.0
0.6959491982580721,0.6222480395000001,0.544310061,0.8037741949999999,0.0,0.0
0.6888927903413848,0.5678560260000001,0.55940866,0.8248482800000001,0.0,0.0
0.6882380857905108,0.370253323,0.59464306,0.859703515,0.0,0.0
0.689831962274347,0.206535201,0.620461514,0.875884533,0.0,0.0
0.6926740751619358,0.004583591,0.666768535,0.885091604,0.0,0.0
0.6914310812220487,0.0,0.7309376266666666,0.906646881,0.0,0.0
0.6634037734923535,0.0,0.749729985,0.9164051934999999,0.0,0.0
0.599125681380159,0.0,0.7241028734999999,0.9109367675,0.0,0.0
0.5732852485399231,0.0,0.6931163936666667,0.8886626963333334,0.0,0.0
0.5843312092131017,0.0,0.669976393,0.886602356,0.0,0.0
0.6255742153048742,0.0,0.657622618,0.888345294,0.0,0.0
0.665408189106185,0.172896659,0.630572527,0.888244516,0.0,0.0
0.6979660267210726,0.391487897,0.600135567,0.886606893,0.0,0.0
0.7023610512673946,0.566421834,0.520979662,0.873573104,0.0,0.0
0.7010628434432054,0.68896687,0.462862605,0.838041671,0.0,0.0
0.6985663250029572,0.7573629275,0.48872521700000005,0.830051188,0.0,0.0
0.6929499470892958,0.712030612,0.536413522,0.842722269,0.0,0.0
0.6918534083398316,0.603975576,0.576952921,0.860639925,0.0,0.0
0.692885848247427,0.43832037,0.67213095,0.885615883,0.0,0.0
0.6975950579419978,0.236760764,0.710617395,0.902863688,0.0,0.0
0.7014177646582814,0.004357593,0.745219446,0.915620169,0.0,0.0
0.6958324761190445,0.0,0.760550591,0.9160282206666667,0.0,0.0
0.6744884435638465,0.0,0.69013491,0.8634427094999999,0.0,0.0
0.6381353537931767,0.0,0.584837292,0.737612792,0.0,0.0
0.6094571666859196,0.0,0.4173256925,0.5750897735,0.0,0.0
0.610478519620774,0.0,0.263779278,0.4612584955,0.0,0.0
0.6515167932984387,0.0,0.220057795,0.447020733,0.0,0.0
0.7714057540847772,0.0,0.216336992,0.4423848245,0.0,0.0
0.841356299244823,0.117646465,0.177347213,0.424662871,0.0,0.0
0.8460199722188696,0.273591124,0.151919947,0.384323051,0.0,0.0
0.841733760210526,0.415616999,0.124542709,0.317373087,0.0,0.0
0.8379730492166525,0.515062734,0.115793581,0.262004034,0.0,0.0
0.8347147509275461,0.5582154655,0.0961995145,0.2061978935,0.0,0.0
0.8262494479902267,0.4745361865,0.09386161600000001,0.174837935,0.0,0.0
0.8242451009741497,0.298056377,0.123315558,0.215329118,0.0,0.0
0.8262308858688823,0.15322704,0.169708245,0.28590399,0.0,0.0
0.8326524771581472,0.003127505,0.217027465,0.336826131,0.0,0.0
0.8253154881488488,0.0,0.2044954075,0.321685439,0.0,0.0
0.7585959924363518,0.0,0.15771970200000002,0.2225542735,0.0,0.0
0.6412498030367462,0.0,0.129792295,0.16051385466666668,0.0,0.0
0.6060980108944389,0.0,0.103012683,0.10780295349999999,0.0,0.0
0.631529078173777,0.0,0.0822473625,0.066464833,0.0,0.0
0.7738045469597882,0.0,0.077869297,0.041351051,0.0,0.0
0.8493740531142755,0.086010074,0.078087192,0.031425621,0.0,0.0
0.8540705526779674,0.204300818,0.072127243,0.031727096,0.0,0.0
0.84711038458685,0.298760661,0.062381129,0.025869398,0.0,0.0
0.8394637823247239,0.395495904,0.06737271,0.024891328,0.0,0.0
0.8360798008349053,0.440171048,0.0738170945,0.0296436,0.0,0.0
0.82796635592192,0.31126931,0.082786861,0.042846915,0.0,0.0
0.8246436843999263,0.16602057,0.094185679,0.054258652,0.0,0.0
0.826006402652512,0.10279464,0.089584385,0.063984008,0.0,0.0
0.8307749563166377,0.001111802,0.097021804,0.087782624,0.0,0.0
0.8233371555863482,0.0,0.128942982,0.1395058755,0.0,0.0
0.7586610971308869,0.0,0.19561789000000002,0.22112815149999998,0.0,0.0
0.65563048239981,0.0,0.2739903315,0.309974023,0.0,0.0
0.6092907245276888,0.0,0.2791496685,0.332394919,0.0,0.0
0.6102485500704418,0.0,0.24736446750000002,0.318502422,0.0,0.0
0.6513094092801169,0.0,0.265330885,0.321821265,0.0,0.0
0.77171712739397,0.0,0.315438858,0.376527312,0.0,0.0
0.8426772297965318,0.035115771,0.334713191,0.433124335,0.0,0.0
0.8483683134148413,0.173039194,0.315841876,0.450299043,0.0,0.0
0.8461367400154131,0.332237395,0.271883078,0.448356077,0.0,0.0
0.8394637823247239,0.387399811,0.256559717,0.469831732,0.0,0.0
0.8333356193305909,0.45697280100000004,0.19556576,0.37412899600000005,0.0,0.0
0.826363655596682,0.334348114,0.119151604,0.227121017,0.0,0.0
0.8248793231124723,0.235410284,0.101373393,0.170846183,0.0,0.0
0.8288531788496479,0.084445426,0.099099804,0.135424747,0.0,0.0
0.8352835484218928,0.00188916,0.106834111,0.116944191,0.0,0.0
0.8251627389348308,0.0,0.118774325,0.108050184,0.0,0.0
0.7589697500894703,0.0,0.12138571849999999,0.1044280975,0.0,0.0
0.6555163434654299,0.0,0.14049744,0.167160066,0.0,0.0
0.6095924738617569,0.0,0.18107072200000002,0.277867227,0.0,0.0
0.6105783711961615,0.0,0.2477428195,0.4062255025,0.0,0.0
0.6515167932984387,0.0,0.297840044,0.497822235,0.0,0.0
0.7710517244175501,0.0,0.3446479185,0.5829027565,0.0,0.0
0.8463668009798712,0.059493929,0.37559438,0.636262119,0.0,0.0
0.8574437443281139,0.28807359,0.380577152,0.669077981,0.0,0.0
0.8553663375075774,0.467121493,0.440076685,0.687108774,0.0,0.0
0.8489527013282367,0.6351339524999999,0.3880463755,0.6243884005,0.0,0.0
0.8447299481142398,0.6540761740000001,0.3892210645,0.5864935485,0.0,0.0
0.8417424469307392,0.52570687,0.39565042,0.578746397,0.0,0.0
0.8465164869288268,0.352347716,0.372083279,0.573677431,0.0,0.0
0.8527017994580236,0.156605885,0.349450618,0.553555119,0.0,0.0
0.8586337340291043,0.0,0.332847303,0.52585214,0.0,0.0
0.8378037953680064,0.0,0.31435359500000004,0.48448810649999996,0.0,0.0
0.7550086958972995,0.0,0.251206779,0.35967106400000004,0.0,0.0
0.6509475843414317,0.0,0.205830875,0.23152300366666667,0.0,0.0
0.6225206721719263,0.0,0.168186387,0.1956058645,0.0,0.0
0.6613684515057632,0.0,0.1326028655,0.1419324675,0.0,0.0
0.7985142046519507,0.0,0.119091165,0.1086639865,0.0,0.0
0.8684996566304088,0.046985781,0.124273505,0.116779169,0.0,0.0
0.8773145773514146,0.206806212,0.118730558,0.128690202,0.0,0.0
0.8681761448630656,0.324099033,0.117120613,0.133836208,0.0,0.0
0.8604488933430594,0.437751019,0.150690807,0.16646622,0.0,0.0
0.8562616642529461,0.345627619,0.161323826,0.15892170649999998,0.0,0.0
0.8511971676124754,0.165077574,0.1361113955,0.1415677205,0.0,0.0
0.8512924472181214,0.103366349,0.112015794,0.122125244,0.0,0.0
0.8557100572964537,0.0359525,0.124817315,0.172489338,0.0,0.0
0.8580190797161519,0.0,0.137525239,0.214887642,0.0,0.0
0.8363832875576083,0.0,0.1762398965,0.269003532,0.0,0.0
0.7547844641069354,0.0,0.203127512,0.39564629799999995,0.0,0.0
0.6182017325935205,0.0,0.2740269616666667,0.4699946246666667,0.0,0.0
0.5766354356271022,0.0,0.33608899975,0.5416229735,0.0,0.0
0.6356242508113198,0.012403161666666667,0.374664116,0.6244981263333333,0.0,0.0
0.7166399207861253,0.238119984,0.328260739,0.581618681,0.0,0.0
0.7219547779010335,0.405698769,0.341140974,0.539437363,0.0,0.0
0.7159430169478465,0.4791285115,0.32236063049999997,0.453854117,0.0,0.0
0.7088821285498639,0.37230153600000004,0.2979692055,0.433401058,0.0,0.0
0.7090969191190342,0.234355667,0.294980467,0.41143328,0.0,0.0
0.7160188657006704,0.103009384,0.289772628,0.410344338,0.0,0.0
0.723297699569973,0.045428942,0.265622264,0.405921242,0.0,0.0
0.7291006132842603,0.0,0.252242988,0.398246979,0.0,0.0
0.717098412075314,0.0,0.21916022666666668,0.35206971300000006,0.0,0.0
0.6665576254942798,0.0,0.217511757,0.323591832,0.0,0.0
0.6043854463971725,0.0,0.2454855225,0.3904024225,0.0,0.0
0.5770161198325878,0.0,0.27273844733333336,0.37870950900000006,0.0,0.0
0.588920519248312,0.0,0.319001559,0.461030272,0.0,0.0
0.6541091857591123,0.0070391145,0.403439119,0.575200496,0.0,0.0
0.7140062891836505,0.048191784,0.470412281,0.648821587,0.0,0.0
0.7168404468126743,0.104340364,0.485024885,0.691813501,0.0,0.0
0.7114098963516436,0.1390939585,0.5662838895,0.7337171495,0.0,0.0
0.7038952180508518,0.1281133395,0.641465823,0.784136781,0.0,0.0
0.7013677016750783,0.0675731215,0.6869006115,0.8393202040000001,0.0,0.0
0.7054363340915668,0.021254178,0.742171785,0.867653601,0.0,0.0
0.7076846408838993,0.0,0.767645542,0.881389737,0.0,0.0
0.703430592675628,0.0,0.7682827655,0.893590881,0.0,0.0
0.6871860322018414,0.0,0.703521338,0.892077131,0.0,0.0
0.6556049479818753,0.0,0.6292467985,0.8799525155,0.0,0.0
0.6085572755514926,0.0,0.6189071196666668,0.8699564576666666,0.0,0.0
0.6321774734405949,0.0,0.658052023,0.873851766,0.0,0.0
0.7759027105838947,0.0,0.7114863705,0.8953976185,0.0,0.0
0.8546422304604837,0.039898746,0.717425975,0.903373439,0.0,0.0
0.8663797304987068,0.303718453,0.725713185,0.903115556,0.0,0.0
0.8649447753174354,0.449570567,0.780438123,0.908135705,0.0,0.0
0.8633578482394979,0.545287359,0.84542523,0.91292986,0.0,0.0
0.8595012175924563,0.5610944515,0.820529287,0.9125172765,0.0,0.0
0.8549337843696594,0.4351136745,0.823705668,0.917529619,0.0,0.0
0.8571047792629107,0.295363907,0.734518548,0.910584515,0.0,0.0
0.8598334161543332,0.06563241,0.69682511,0.905919273,0.0,0.0
0.8608342180045608,0.0,0.701195748,0.89187775,0.0,0.0
0.838054750182903,0.0,0.7586715265,0.9025542605,0.0,0.0
0.7542083972572496,0.0,0.8670950805,0.9133486625,0.0,0.0
0.6729606089551372,0.0,0.915691298,0.874448989,0.0,0.0
0.6243614573179422,0.0,0.928523535,0.81846829,0.0,0.0
0.6060985824185268,0.0,0.931809976,0.814294984,0.0,0.0
0.6326920703105753,0.0,0.925895582,0.815320501,0.0,0.0
0.7393897165486851,0.0,0.928821302,0.838530279,0.0,0.0
0.8267395620020018,0.0012650625,0.9320149634999999,0.8400416345,0.0,0.0
0.8597836731948912,0.016706287,0.93118516,0.875910264,0.0,0.0
0.8598766669271468,0.06473555,0.92851579,0.905726437,0.0,0.0
0.8578463967972989,0.158988092,0.9226312555,0.930421741,0.0,0.0
0.8514956861384638,0.22886167566666668,0.9119220706666668,0.9369184266666667,0.0,0.0
0.8506975438560725,0.269972444,0.899790377,0.936598501,0.0,0.0
0.8518279151964895,0.050796451,0.893936908,0.936059713,0.0,0.0
0.8526515078651855,0.0,0.892086838,0.936654784,0.0,0.0
0.8334593823639634,0.0,0.8899901675,0.9373447465,0.0,0.0
0.7548171993567754,0.0,0.882327575,0.9369395905,0.0,0.0
0.6551634795884294,0.0,0.8576576225,0.936510672,0.0,0.0
0.6118425408590954,0.0,0.8487546677500001,0.93054276825,0.0,0.0
0.7065901824375225,0.0,0.8405438590000001,0.9177448665000001,0.0,0.0
0.8435330548630549,0.012991088,0.7024726004999999,0.8486980375,0.0,0.0
0.8741908318114854,0.29865594,0.575515593,0.763822955,0.0,0.0
0.8698171125534888,0.473074258,0.533837654,0.733563385,0.0,0.0
0.867720411852678,0.570974976,0.462110061,0.598013033,0.0,0.0
0.8638531437971615,0.576228019,0.5249914516666666,0.6115449123333334,0.0,0.0
0.8605068658034443,0.389603316,0.671795944,0.747166366,0.0,0.0
0.8610298978933109,0.216993306,0.651341786,0.805616191,0.0,0.0
0.8627804097320012,0.028961615,0.613510673,0.805308937,0.0,0.0
0.865398588036616,0.0,0.593763694,0.812387013,0.0,0.0
0.8387133866559966,0.0,0.654547097,0.8591381505,0.0,0.0
0.7548261604680069,0.0,0.7822892175,0.8566769475,0.0,0.0
0.6410068491131572,0.0,0.8991207646666667,0.9206890256666665,0.0,0.0
0.6063580640160762,0.0,0.9066350745,0.9373132,0.0,0.0
0.6327176276192017,0.0,0.894124481,0.9371010535,0.0,0.0
0.7394360762936242,0.0,0.889412369,0.937333797,0.0,0.0
0.8298252689350221,0.0053816985,0.885692036,0.9373587925,0.0,0.0
0.8637155584029382,0.157194604,0.877897133,0.937443698,0.0,0.0
0.8636347260195245,0.308372646,0.87856073,0.937461755,0.0,0.0
0.8614201604040188,0.465607156,0.885577673,0.937437218,0.0,0.0
0.8585628686095885,0.4761660635,0.881118699,0.937417663,0.0,0.0
0.8543237935148948,0.421534626,0.8695704535,0.9369392759999999,0.0,0.0
0.8565684884087688,0.278658346,0.862912651,0.932941321,0.0,0.0
0.8582567301340307,0.046725009,0.851624545,0.91882405,0.0,0.0
0.8578528433511847,0.0,0.838890876,0.90130826,0.0,0.0
0.8363909227180919,0.0,0.776004737,0.8599527714999999,0.0,0.0
0.7539011386985282,0.0,0.6970873275,0.8294080265,0.0,0.0
0.6560830606566888,0.0,0.5554124395,0.763041361,0.0,0.0
0.6124963310457492,0.0,0.4627038805,0.7055101985000001,0.0,0.0
0.616607802722844,0.0,0.2925964605,0.5286698105,0.0,0.0
0.7065724203755805,0.0,0.23278756350000002,0.373841174,0.0,0.0
0.840887307618801,0.0032135035,0.3316060805,0.3343752715,0.0,0.0
0.8735374987697813,0.040590945,0.409816486,0.423964648,0.0,0.0
0.8693734496264581,0.066824879,0.42578724,0.511998713,0.0,0.0
0.86664563568513,0.1031731475,0.448053134,0.604864107,0.0,0.0
0.8613240577739583,0.1588080195,0.458198931,0.6090178895,0.0,0.0
0.858107775795364,0.16125732,0.45530616,0.609016693,0.0,0.0
0.8595333126461332,0.106241591,0.429014263,0.618748879,0.0,0.0
0.8591456106227955,0.021546037,0.448566202,0.64659717,0.0,0.0
0.8446840151667429,0.0,0.508295092,0.7147595080000001,0.0,0.0
0.754745145330662,0.0,0.5887378305,0.7064826449999999,0.0,0.0
0.6371479477540927,0.0,0.6860832725,0.737100988,0.0,0.0
0.5877745805281789,0.0,0.7649270253333333,0.7882494456666667,0.0,0.0
0.589699146794892,0.0,0.8175948155,0.8831585325,0.0,0.0
0.6291901551596663,0.0,0.8213940395,0.9201912514999999,0.0,0.0
0.7033535323511942,0.00968843,0.799201614,0.919226275,0.0,0.0
0.7473880852723784,0.199105813,0.746767466,0.917268844,0.0,0.0
0.7555012102359232,0.322552259,0.760177301,0.910925869,0.0,0.0
0.756612196430581,0.391699983,0.682988332,0.887567241,0.0,0.0
0.7547790921521116,0.4462740075,0.6025713525,0.844064621,0.0,0.0
0.7537869083500222,0.380119881,0.512054128,0.783936909,0.0,0.0
0.7626076810614931,0.287769688,0.455802905,0.759097369,0.0,0.0
0.7673793436977442,0.034363836,0.457508183,0.763355576,0.0,0.0
0.7692875881580811,0.0,0.429411831,0.74552657,0.0,0.0
0.7459018327199229,0.0,0.365381968,0.688682776,0.0,0.0
0.7001110986491939,0.0,0.302023629,0.575060006,0.0,0.0
0.627672607489069,0.0,0.244502686,0.49077893699999997,0.0,0.0
0.6027026452616494,0.0,0.225532898,0.4547841035,0.0,0.0
0.6296847573572878,0.0038915766666666666,0.292220984,0.5742161633333334,0.0,0.0
0.7140649016915575,0.27812121,0.335833599,0.648828042,0.0,0.0
0.7555906377767833,0.43608908,0.323046375,0.661886463,0.0,0.0
0.7602359771648001,0.5423282695,0.318096704,0.6179744835000001,0.0,0.0
0.7579519177132692,0.47355168300000006,0.391483741,0.6502960495,0.0,0.0
0.7570971898392181,0.370793855,0.440342791,0.688428383,0.0,0.0
0.7618268819463405,0.238575908,0.487035995,0.754359009,0.0,0.0
0.7693950291868894,0.01988944,0.532540196,0.821277667,0.0,0.0
0.7717190933922402,0.0,0.5750557654999999,0.8716976185,0.0,0.0
0.7359568150742923,0.0,0.637000471,0.8961852373333333,0.0,0.0
0.6809265853434434,0.0,0.6502791885,0.903562602,0.0,0.0
0.6337177741862197,0.0,0.7278558563333334,0.9149040456666667,0.0,0.0
0.6487913263218922,0.0,0.7734824583333334,0.9250201023333333,0.0,0.0
0.7985478542660106,0.0018236575,0.8033290799999999,0.9325825955,0.0,0.0
0.8664507787464741,0.072373751,0.790308353,0.933499691,0.0,0.0
0.879118763997446,0.087819372,0.801086474,0.932301527,0.0,0.0
0.8799090728572266,0.105996547,0.846735187,0.932257802,0.0,0.0
0.8793760281707192,0.1463632815,0.8882533420000001,0.9336076074999999,0.0,0.0
0.8778959477068106,0.07204876,0.880604018,0.935429664,0.0,0.0
0.8763707421089054,0.045083725,0.883119064,0.936460638,0.0,0.0
0.8761722275647279,0.013311028,0.8769863725,0.9367343345,0.0,0.0
0.8687073455606716,0.0,0.8971488996666667,0.93697917,0.0,0.0
0.7978247074388409,0.0,0.886202727,0.935803611,0.0,0.0
0.7055151775860188,0.0,0.8825645150000001,0.930620936,0.0,0.0
0.6209663316658134,0.0,0.89751434625,0.9351174055,0.0,0.0
0.6379612535837704,0.0,0.908049849,0.935651376,0.0,0.0
0.7790996760888049,0.0,0.9052077030000001,0.932669343,0.0,0.0
0.8599660029795606,0.0243668525,0.87867351,0.9265652639999999,0.0,0.0
0.8601814336705735,0.0411379615,0.796925633,0.913767392,0.0,0.0
0.8547119986132069,0.082268748,0.67527654,0.906651046,0.0,0.0
0.8493490901461082,0.09656100249999999,0.623903987,0.8917796995,0.0,0.0
0.8513786744470506,0.034179101,0.663922259,0.8622000255,0.0,0.0
0.8569028815785508,0.0,0.617660526,0.813863526,0.0,0.0
0.816002772474201,0.0,0.53652397,0.7026172823333333,0.0,0.0
0.7341325118704006,0.0,0.477674477,0.746524038,0.0,0.0
0.6457080883877957,0.0,0.48039128366666667,0.7784704986666666,0.0,0.0
0.6136699759010306,0.0,0.5835539955,0.832534833,0.0,0.0
0.6425005692335322,0.0,0.677166481,0.9018701979999999,0.0,0.0
0.7778602864914661,0.0010867355,0.765838846,0.9088958575,0.0,0.0
0.85374850383392,0.090359856,0.823184812,0.915321141,0.0,0.0
0.8666892521887677,0.2074589305,0.816514248,0.9329715009999999,0.0,0.0
0.8650692698372293,0.44248816300000005,0.740445594,0.9154078290000001,0.0,0.0
0.8613831275011354,0.404667648,0.581860491,0.8256543485,0.0,0.0
0.8612371904975068,0.220119383,0.4094642,0.690033365,0.0,0.0
0.8683111090501296,0.0062674565,0.28208541,0.502773135,0.0,0.0
0.8622962391991378,0.0,0.307215046,0.410877067,0.0,0.0
0.7974415772366038,0.0,0.35154534000000004,0.4960545745,0.0,0.0
0.7059081831893872,0.0,0.36246223450000004,0.45683935,0.0,0.0
0.6429083423058551,0.0,0.3996000195,0.4897264635,0.0,0.0
0.6296471225580351,0.0,0.518651211,0.660761154,0.0,0.0
0.6923437510355621,0.0,0.6136742815,0.7616950055,0.0,0.0
0.8598828847227566,0.0017625365,0.6454213615,0.7985815439999999,0.0,0.0
0.8994011648197802,0.174794331,0.678885767,0.819688438,0.0,0.0
0.8983137700097993,0.329543351,0.677133369,0.80556072,0.0,0.0
0.8910758095514738,0.520644231,0.56640684,0.773604925,0.0,0.0
0.8866586566180914,0.5652283965,0.4551108875,0.709822513,0.0,0.0
0.8869924096660309,0.402419394,0.392391158,0.638204342,0.0,0.0
0.888347995684466,0.215790777,0.398885631,0.619242193,0.0,0.0
0.8994394778177077,0.0430140935,0.42426220950000004,0.610312724,0.0,0.0
0.9058062056930336,0.0,0.39894955,0.626583645,0.0,0.0
0.8947176495550246,0.0,0.377227136,0.6236390185,0.0,0.0
0.8361730688095387,0.0,0.276309046,0.49407817,0.0,0.0
0.7550217488683107,0.0,0.1890587545,0.38553498799999997,0.0,0.0
0.662730346733934,0.0,0.2114002055,0.3879181225,0.0,0.0
0.6312229854796025,0.0,0.225736283,0.40384957499999996,0.0,0.0
0.6414093339897782,0.0,0.3451014295,0.5008485275,0.0,0.0
0.7310410900681038,0.0,0.457908292,0.610926609,0.0,0.0
0.8576900358334633,0.001056086,0.5726492395,0.7366656155,0.0,0.0
0.8969377929929384,0.045628977,0.605820241,0.773253936,0.0,0.0
0.8995172925688015,0.061165085,0.601625232,0.795139121,0.0,0.0
0.8949202330682899,0.0967108455,0.6140962999999999,0.8302436495,0.0,0.0
0.8880900456822874,0.20533577349999999,0.6192332570000001,0.816954465,0.0,0.0
0.8912288787149323,0.200386694,0.6767131820000001,0.824799404,0.0,0.0
0.9031470625633159,0.005499578,0.662667134,0.843681466,0.0,0.0
0.9041384463307761,0.0,0.623989553,0.843146623,0.0,0.0
0.8082195601248225,0.0,0.553711121,0.795076514,0.0,0.0
0.7296454080303636,0.0,0.544291476,0.78514095,0.0,0.0
0.6467122125840961,0.0,0.44468846650000005,0.7227457079999999,0.0,0.0
0.6108761543462928,0.0,0.3396916695,0.60410693575,0.0,0.0
0.6656028327204403,0.0009153406666666666,0.30145665399999994,0.4989511653333334,0.0,0.0
0.7411889654941509,0.209459734,0.298600414,0.495549472,0.0,0.0
0.7658121674220695,0.352921913,0.287540442,0.469404534,0.0,0.0
0.7555298307352917,0.469734333,0.28645741,0.476872901,0.0,0.0
0.7528951933544709,0.552644703,0.2845244305,0.4698062395,0.0,0.0
0.7500740886964585,0.41584503500000003,0.36592864199999997,0.5044305805,0.0,0.0
0.7555191323097455,0.204621559,0.414984288,0.553491883,0.0,0.0
0.7792701872904443,0.005711665,0.4574573,0.597793502,0.0,0.0
0.7923813782491766,0.0,0.482020992,0.627797294,0.0,0.0
0.7786722054771924,0.0,0.5010149206666666,0.6397702406666667,0.0,0.0
0.7089366719400418,0.0,0.5159466475000001,0.6475591115,0.0,0.0
0.637667550947167,0.0,0.501731304,0.6601794236666666,0.0,0.0
0.6167449844085048,0.0,0.50944519075,0.6855578214999999,0.0,0.0
0.6791702214399673,0.001004677,0.5084637255,0.7142149005,0.0,0.0
0.7399985645039147,0.212467293,0.505715933,0.739887144,0.0,0.0
0.7590139838242588,0.342724487,0.512331128,0.74424644,0.0,0.0
0.7604201814592932,0.408119759,0.469854117,0.753799839,0.0,0.0
0.756497485972113,0.3416013645,0.461140165,0.731861844,0.0,0.0
0.7536604250899073,0.1211149935,0.39038448849999996,0.665725496,0.0,0.0
0.756084363687017,0.048398169,0.339796121,0.647301596,0.0,0.0
0.7668106834732273,0.00227944,0.334629701,0.637348329,0.0,0.0
0.7705857045681441,0.0,0.3203879145,0.6064101275,0.0,0.0
0.741874469867064,0.0,0.247722895,0.4796684836666667,0.0,0.0
0.6720312362696417,0.0,0.153285241,0.2779647806666667,0.0,0.0
0.6358300461314088,0.0,0.17824145524999999,0.26486237575,0.0,0.0
0.7306592856679739,0.0,0.214062271,0.288620945,0.0,0.0
0.8575563060343805,0.0,0.22421136800000002,0.31702070849999997,0.0,0.0
0.9004779983997242,0.0159797185,0.210538781,0.35411187,0.0,0.0
0.9018241813481186,0.058046378333333336,0.19328632366666668,0.33264800733333333,0.0,0.0
0.8987891165526198,0.056789586,0.2010441475,0.3223349515,0.0,0.0
0.8987585302036223,0.027112588,0.227828403,0.370384648,0.0,0.0
0.9026599661095402,0.0010357305,0.2536427865,0.42079947900000003,0.0,0.0
0.8914395546079517,0.0,0.284830406,0.4664703195,0.0,0.0
0.8084473809229533,0.0,0.2583109265,0.464035145,0.0,0.0
0.6845398277383175,0.0,0.328040228,0.539592485,0.0,0.0
0.6305943410150473,0.0,0.346525772,0.5661114265,0.0,0.0
0.6409140078864187,0.0,0.33962728600000003,0.5721273925,0.0,0.0
0.7309799630028512,0.0,0.30113186,0.589207516,0.0,0.0
0.8580888478688751,0.0005319985,0.2605632925,0.5414175555,0.0,0.0
0.898664530767341,0.084167612,0.219065643,0.478024505,0.0,0.0
0.9011376864325473,0.156597731,0.188354126,0.430828057,0.0,0.0
0.899910785887589,0.1838132246666667,0.12595207833333336,0.28823858900000005,0.0,0.0
0.8977964984219517,0.16553024900000002,0.083090557,0.193258272,0.0,0.0
0.8998368724882456,0.069160852,0.081158708,0.135779238,0.0,0.0
0.9075615638181637,0.001959197,0.102301683,0.144100941,0.0,0.0
0.9052248962803882,0.0,0.16818102166666668,0.16609504366666664,0.0,0.0
0.8090351062694683,0.0,0.2200344535,0.184565457,0.0,0.0
0.703970632475097,0.0,0.2529992885,0.2493996555,0.0,0.0
0.6425046382769408,0.0,0.3444740835,0.344799536,0.0,0.0
0.6317297186537845,0.0,0.4347039665,0.4624587575,0.0,0.0
0.6937395473781199,0.0,0.44597794999999996,0.5046895929999999,0.0,0.0
0.8628777925314264,0.0,0.447904515,0.5361863105,0.0,0.0
0.9012290341159734,0.102963119,0.403812028,0.548667584,0.0,0.0
0.9039458753150575,0.169800632,0.33100041,0.518265719,0.0,0.0
0.9001744965156542,0.22922207966666666,0.2525625226666666,0.4219884876666667,0.0,0.0
0.8954903107320011,0.229153561,0.19271801900000002,0.37363519,0.0,0.0
0.8971988519672424,0.138438638,0.196415489,0.363440394,0.0,0.0
0.9067470234518638,0.0009783095,0.243672799,0.3613307885,0.0,0.0
0.8975374055202383,0.0,0.26329504849999996,0.32840133299999996,0.0,0.0
0.808575075754678,0.0,0.2640835915,0.28674549650000003,0.0,0.0
0.7039994129863458,0.0,0.24696016999999998,0.26658020699999996,0.0,0.0
0.6424424138705752,0.0,0.21901776550000002,0.23694818150000002,0.0,0.0
0.6408567517263147,0.0,0.22538979666666667,0.27178308233333337,0.0,0.0
0.7336719327222142,0.0,0.246386134,0.31966224,0.0,0.0
0.8653841863728058,0.0,0.229445115,0.3403844115,0.0,0.0
0.9068854624161975,0.063214411,0.213262006,0.325614441,0.0,0.0
0.9079346357166971,0.14385121,0.202073486,0.326670161,0.0,0.0
0.9040109800095928,0.268471645,0.153991129,0.277583293,0.0,0.0
0.8980500593569607,0.2997371845,0.2010571385,0.26410111199999997,0.0,0.0
0.8906153217430928,0.2773698275,0.199274175,0.2437254505,0.0,0.0
0.8944989269893142,0.140984388,0.169754837,0.223829289,0.0,0.0
0.9048864189058305,0.002248995,0.173979626,0.207282008,0.0,0.0
0.9074930758100314,0.0,0.16383867233333335,0.1546911333333333,0.0,0.0
0.8063632532318329,0.0,0.113544672,0.103397318,0.0,0.0
0.7054012672612738,0.0,0.0732855615,0.059672227999999994,0.0,0.0
0.6484863614402058,0.0,0.0534563505,0.028264904,0.0,0.0
0.6449505756462853,0.0,0.06019737666666667,0.026411412000000006,0.0,0.0
0.7503826272759038,0.0,0.085545644,0.052093431,0.0,0.0
0.8726241127550809,0.0,0.099892658,0.0808552605,0.0,0.0
0.9137475163948827,0.013116816,0.122981286,0.127349388,0.0,0.0
0.9166716501981625,0.038206322,0.121635355,0.148624926,0.0,0.0
0.908539963038953,0.093157508,0.17050130800000002,0.1901080225,0.0,0.0
0.905301644236065,0.157865504,0.219524481,0.276456312,0.0,0.0
0.9042726790314187,0.080660125,0.3318845425,0.4108416525,0.0,0.0
0.9086286134111022,0.0,0.43624065050000005,0.56726299,0.0,0.0
0.8967710994087011,0.0,0.5004011955,0.704730121,0.0,0.0
0.8087357801529407,0.0,0.4676793545,0.7204674125,0.0,0.0
0.6925801213583969,0.0,0.45172444300000003,0.684742929,0.0,0.0
0.6157597271216222,0.0,0.475802355,0.7142380305,0.0,0.0
0.5986744670517665,0.0,0.5617332976666666,0.7862784393333334,0.0,0.0
0.6290640376303754,0.0,0.6847733495,0.8329224055,0.0,0.0
0.7019109190444273,0.007522226,0.789844026,0.8713361265,0.0,0.0
0.7472848504824878,0.03560689,0.854773604,0.906271561,0.0,0.0
0.7542630169497334,0.044929949999999996,0.811770523,0.9061238166666666,0.0,0.0
0.7506269985643665,0.037417373000000004,0.737611496,0.896522378,0.0,0.0
0.7569671632783994,0.004005765,0.667213734,0.886505557,0.0,0.0
0.7651543539733905,0.0,0.63497852,0.872113847,0.0,0.0
0.738997625359084,0.0,0.6072496506666666,0.8631779946666667,0.0,0.0
0.6575371037763295,0.0,0.6986978846666666,0.8905033623333334,0.0,0.0
0.5992882030986763,0.0,0.6637588247499999,0.893336452,0.0,0.0
0.644659341835191,0.0,0.58747965,0.874732599,0.0,0.0
0.7298434195738874,0.0343227225,0.589871109,0.8700413659999999,0.0,0.0
0.7480527567871506,0.111925988,0.516443558,0.817348089,0.0,0.0
0.7474493039003979,0.20844678,0.56049539,0.8236108525,0.0,0.0
0.74523638403644,0.10014442650000001,0.6118354935,0.82840099,0.0,0.0
0.7468678877636186,0.034953213,0.600877675,0.845405353,0.0,0.0
0.7564948342192579,0.0,0.600446721,0.857274493,0.0,0.0
0.7584573934849109,0.0,0.616855254,0.8575756336666668,0.0,0.0
0.7308457302774352,0.0,0.658308364,0.865452524,0.0,0.0
0.6844722541934993,0.0,0.5937113805,0.839693927,0.0,0.0
0.6402620921352682,0.0,0.500495149,0.7935671449999999,0.0,0.0
0.6368775468011393,0.0,0.424394193,0.701266146,0.0,0.0
0.7310410900681038,0.0,0.353169078,0.603430603,0.0,0.0
0.8579437338896612,0.0,0.3401923845,0.5255040765000001,0.0,0.0
0.9001990631329813,0.053771711,0.2992239645,0.5099217665,0.0,0.0
0.9011369549708992,0.117043395,0.206840734,0.407259474,0.0,0.0
0.8975970696374215,0.07920973166666667,0.16860628600000002,0.34376150466666666,0.0,0.0
0.8970742203262596,0.018846685,0.125302302,0.322453989,0.0,0.0
0.9031470625633159,0.0,0.108015072,0.309296815,0.0,0.0
0.8958287880817853,0.0,0.10918420399999999,0.2829638566666667,0.0,0.0
0.8087050565341133,0.0,0.20006304149999998,0.3307685695,0.0,0.0
0.7024326939299415,0.0,0.2371190345,0.377352287,0.0,0.0
0.6348369593732847,0.0,0.3155205015,0.44479347999999996,0.0,0.0
0.6920256341137345,0.0,0.41448553050000003,0.5413555655,0.0,0.0
0.8578601584879073,0.0,0.4280898995,0.6238476230000001,0.0,0.0
0.9004031554995668,0.030511511,0.459778166,0.682953608,0.0,0.0
0.9046057005433898,0.103386022,0.492934002,0.689970346,0.0,0.0
0.902306553524823,0.132147281,0.614146882,0.765118731,0.0,0.0
0.9000285595367989,0.16055908533333332,0.6850220866666668,0.8359021536666665,0.0,0.0
0.8985214740518821,0.103553859,0.6462709950000001,0.8209249015,0.0,0.0
0.9064990403392629,0.0,0.570828091,0.815671393,0.0,0.0
0.8997675311825112,0.0,0.5485498919999999,0.772561864,0.0,0.0
0.8086460782953824,0.0,0.5809342925000001,0.790372904,0.0,0.0
0.7024353913898594,0.0,0.5904190735,0.782325174,0.0,0.0
0.6403482735828141,0.0,0.5078466994999999,0.704309343,0.0,0.0
0.6289674778553649,0.0,0.402849725,0.6323928275,0.0,0.0
0.6924990148069259,0.0,0.32357904449999997,0.560677749,0.0,0.0
0.8609357612615203,0.0,0.285728773,0.4864184485,0.0,0.0
0.9025791338004469,0.020298921,0.278002779,0.498125795,0.0,0.0
0.9054225267830798,0.102930098,0.295762948,0.485304379,0.0,0.0
0.9034815471472237,0.141584755,0.3242286875,0.47245943749999997,0.0,0.0
0.9000245971927511,0.0853372195,0.377330662,0.511638525,0.0,0.0
0.8991133142231891,0.0193348175,0.33039826149999996,0.547152675,0.0,0.0
0.9048864189058305,0.0,0.339542543,0.545413879,0.0,0.0
0.8992498634420113,0.0,0.40652840833333337,0.606167193,0.0,0.0
0.8087357801529407,0.0,0.48129887,0.6517632865,0.0,0.0
0.7024402376762993,0.0,0.456544987,0.6525904309999999,0.0,0.0
0.6345576812292492,0.0,0.40110006375,0.60548559675,0.0,0.0
0.6918659812752013,0.0,0.34622138,0.547052063,0.0,0.0
0.857976834870325,0.0,0.344286264,0.5385623239999999,0.0,0.0
0.9004031554995668,0.044189085,0.330412686,0.542579233,0.0,0.0
0.9021172744085753,0.148690785,0.308109501,0.533207228,0.0,0.0
0.898352265910299,0.220008585,0.272737792,0.504087199,0.0,0.0
0.8896786492308827,0.32206375800000003,0.22631640900000002,0.45256845733333334,0.0,0.0
0.8909366390511717,0.239598829,0.251413895,0.41454543,0.0,0.0
0.8997382095937764,0.130544882,0.312302398,0.450256619,0.0,0.0
0.9092854668628184,0.0,0.366608384,0.509335123,0.0,0.0
0.9066903311608435,0.0,0.4237152963333333,0.634535973,0.0,0.0
0.8092727109802842,0.0,0.5008525085,0.727994488,0.0,0.0
0.7039682322225687,0.0,0.49449917200000004,0.7260854905,0.0,0.0
0.6431218984870444,0.0,0.4974060515,0.716148354,0.0,0.0
0.6415047660018475,0.0,0.49173005299999994,0.711742391,0.0,0.0
0.7421017114613294,0.0,0.472190042,0.716812937,0.0,0.0
0.8729544825141968,0.0,0.4823537,0.70031965,0.0,0.0
0.9146021984875504,0.06566063,0.469460756,0.675381648,0.0,0.0
0.9175401395398609,0.34415338,0.427138955,0.65930026,0.0,0.0
0.909087683780289,0.49149299599999996,0.3066402195,0.5563918535000001,0.0,0.0
0.9054678349682894,0.485127215,0.26310598350000003,0.502103174,0.0,0.0
0.9048359444847406,0.338108473,0.300977753,0.522327578,0.0,0.0
0.9157679566077008,0.138934495,0.344853793,0.54076927,0.0,0.0
0.9237593759254956,0.0,0.377909548,0.55671717,0.0,0.0
0.9162553275268154,0.0,0.41557505066666667,0.5612036646666667,0.0,0.0
0.781350794645873,0.0,0.4157557043333333,0.551288882,0.0,0.0
0.6467282372574031,0.0,0.36700424350000005,0.4711362575,0.0,0.0
0.6110902706805443,0.0,0.30560201649999996,0.3723994935,0.0,0.0
0.6164524399071238,0.0,0.23714555766666667,0.26582290599999997,0.0,0.0
0.6785953432711997,0.0,0.262519474,0.314160177,0.0,0.0
0.743268658411039,0.016775815,0.261458463,0.342967447,0.0,0.0
0.7748595266180107,0.100761802,0.263656694,0.33226017,0.0,0.0
0.7799142849785389,0.172056591,0.235255818,0.291321067,0.0,0.0
0.7798804067548437,0.2798074275,0.1649438755,0.1834392115,0.0,0.0
0.7773468554117123,0.2483853815,0.1292026215,0.12327558,0.0,0.0
0.783712943239516,0.103675843,0.168729248,0.142242777,0.0,0.0
0.8040438067776071,0.0,0.165030461,0.135896356,0.0,0.0
0.8038291989623682,0.0,0.12978699433333332,0.09389488233333333,0.0,0.0
0.7488714347202932,0.0,0.1239686785,0.0805403375,0.0,0.0
0.6790425494246138,0.0,0.1384578795,0.08959267600000001,0.0,0.0
0.6216874668248102,0.0,0.10477926325,0.08895459575,0.0,0.0
0.6241674919271354,0.0,0.123857571,0.2144576755,0.0,0.0
0.6805810137867943,0.0,0.1979376435,0.419605408,0.0,0.0
0.7446276276439773,0.01010122,0.27640189,0.578105787,0.0,0.0
0.7728129346817865,0.070153651,0.317511597,0.626100699,0.0,0.0
0.7760130319751932,0.092744495,0.371420267,0.655669288,0.0,0.0
0.7760165066781426,0.14716815,0.39842174399999997,0.6206121,0.0,0.0
0.7747732993890812,0.103919046,0.4343502305,0.6636341335,0.0,0.0
0.7815289181173042,0.032875241,0.489379396,0.75818571,0.0,0.0
0.7943880112129643,0.0,0.542248383,0.805515131,0.0,0.0
0.7921164179974426,0.0,0.529512295,0.8062499283333332,0.0,0.0
0.7416637178451533,0.0,0.5070818545,0.7838601869999999,0.0,0.0
0.6673602558262632,0.0,0.49167578600000006,0.7871187865,0.0,0.0
0.6480910087977353,0.0,0.5755297143333333,0.848530867,0.0,0.0
0.7704294807998179,0.0,0.624404375,0.870206002,0.0,0.0
0.8892962200684651,0.0,0.682968045,0.8961708895,0.0,0.0
0.9267253889924192,0.02111566,0.728307106,0.911659693,0.0,0.0
0.9322172266792239,0.110559196,0.736003908,0.911773246,0.0,0.0
0.9300475575880796,0.2041419275,0.7468488769999999,0.892109909,0.0,0.0
0.9283356331383354,0.18057197149999998,0.7557357395,0.8950808465,0.0,0.0
0.9269097304081011,0.1385652,0.748436861,0.90131431,0.0,0.0
0.933220954673325,0.0206568925,0.738573025,0.907391568,0.0,0.0
0.926633187763656,0.0,0.7457391043333333,0.9131375353333334,0.0,0.0
0.8090437015755554,0.0,0.7561973555,0.91437004,0.0,0.0
0.735017094557481,0.0,0.795456895,0.918650802,0.0,0.0
0.6711610399859103,0.0,0.757115976,0.899833619,0.0,0.0
0.6497990967526889,0.0,0.7227818367500001,0.8796495575000001,0.0,0.0
0.7758265874400524,0.0,0.737326102,0.888051718,0.0,0.0
0.8892974544564465,0.0,0.756460656,0.9051200815,0.0,0.0
0.9260221301630214,0.009955015,0.760274976,0.911452173,0.0,0.0
0.9314862617889983,0.099872209,0.749643299,0.909517334,0.0,0.0
0.9303888086009935,0.130854474,0.712367338,0.889766657,0.0,0.0
0.9280992628155007,0.20857886250000002,0.7890550545,0.895099561,0.0,0.0
0.9277060743095601,0.1663060215,0.822704416,0.9067477740000001,0.0,0.0
0.9296602212212451,0.031813049,0.844382851,0.924089031,0.0,0.0
0.9350657859720577,0.0,0.8559784805,0.9281050120000001,0.0,0.0
0.9179758472826469,0.0,0.862662109,0.9313173175,0.0,0.0
0.8077192506138344,0.0,0.8554409494999999,0.930707129,0.0,0.0
0.7332952489995425,0.0,0.836866396,0.925630516,0.0,0.0
0.6599698434480169,0.0,0.863574812,0.927777522,0.0,0.0
0.6386830516438209,0.0,0.858582582,0.9274137805,0.0,0.0
0.7163476811223646,0.0,0.8534500014999999,0.9280160584999999,0.0,0.0
0.887881792932488,0.0,0.84343832,0.9270377654999999,0.0,0.0
0.9250482113492069,0.005757182,0.832397251,0.922066374,0.0,0.0
0.9305981129105223,0.048957143,0.815888619,0.918018595,0.0,0.0
0.9300870593412458,0.091338147,0.774618481,0.907717503,0.0,0.0
0.9288921776467529,0.12420659549999999,0.735487499,0.8943287565,0.0,0.0
0.9277514738345751,0.111766683,0.7255131965,0.8589936,0.0,0.0
0.9302211091640896,0.023899377,0.716578231,0.844883049,0.0,0.0
0.9356072431364004,0.0,0.707232068,0.851448175,0.0,0.0
0.9247134220515462,0.0,0.678099317,0.8318163313333334,0.0,0.0
0.8078545806803634,0.0,0.58699811,0.7590458659999999,0.0,0.0
0.707904780740163,0.0,0.45511679149999995,0.6088654455,0.0,0.0
0.6485114614849696,0.0,0.3992467082,0.5343488583999999,0.0,0.0
0.7679637316111396,0.0,0.359422912,0.485912528,0.0,0.0
0.8878636423233508,0.0,0.33785611849999997,0.458004746,0.0,0.0
0.9267253889924192,0.006085277,0.31265958,0.419115025,0.0,0.0
0.9332912713108036,0.055954916,0.274351972,0.368610154,0.0,0.0
0.9339894096113839,0.080981415,0.308826242,0.339931949,0.0,0.0
0.9340276311951856,0.102815397,0.2980103115,0.317185053,0.0,0.0
0.9337398720127204,0.043746965,0.2587295415,0.2929173585,0.0,0.0
0.9371582346525672,0.01323586,0.241364859,0.290118226,0.0,0.0
0.9418065458419737,0.0,0.245762895,0.3088109593333333,0.0,0.0
0.8733465280462822,0.0,0.22191792700000001,0.3074756195,0.0,0.0
0.7816476062050549,0.0,0.186486569,0.275661933,0.0,0.0
0.71122294896449,0.0,0.149701476,0.21964598200000002,0.0,0.0
0.655733008544424,0.0,0.14101594150000002,0.20669295199999999,0.0,0.0
0.6572380061703432,0.0,0.126534534,0.17920538733333335,0.0,0.0
0.831816357186824,0.0,0.1440151985,0.210699021,0.0,0.0
0.9278439188591142,0.0015188475,0.13875069,0.21626343250000002,0.0,0.0
0.9455857274439718,0.020583565,0.120040498,0.181027647,0.0,0.0
0.9461801279540079,0.0475673695,0.106999684,0.150382947,0.0,0.0
0.9455667081033572,0.033107735,0.0823423635,0.12084924050000001,0.0,0.0
0.9459907116422508,0.010093368,0.0699566435,0.092198103,0.0,0.0
0.9510811313221721,0.0,0.069796803,0.08715048,0.0,0.0
0.9371337593998189,0.0,0.061972663000000004,0.075418716,0.0,0.0
0.8125793806453421,0.0,0.0514071625,0.058674145500000004,0.0,0.0
0.7404067489398041,0.0,0.042148836,0.03838655,0.0,0.0
0.6494198640623133,0.0,0.0416729195,0.0292303085,0.0,0.0
0.6184059314736654,0.0,0.059985661,0.05452493875,0.0,0.0
0.654968805626666,0.0,0.069010675,0.0952187615,0.0,0.0
0.7307300596733637,0.0013854865,0.0829176445,0.10524578100000001,0.0,0.0
0.7864123194354072,0.027790913,0.112349498,0.145571025,0.0,0.0
0.7902375864904198,0.071100785,0.120119664,0.191359036,0.0,0.0
0.7906091953170165,0.094736946,0.1299306945,0.200959674,0.0,0.0
0.789586173739923,0.058922205,0.161720027,0.237565821,0.0,0.0
0.7941262208513328,0.024214263,0.21175734750000003,0.309499154,0.0,0.0
0.8099213349310576,0.0,0.249691991,0.372570884,0.0,0.0
0.8043360463918208,0.0,0.25956674166666666,0.4145665006666667,0.0,0.0
0.7479825085987858,0.0,0.264782876,0.4325437725,0.0,0.0
0.6653735488999198,0.0,0.283183389,0.473742643,0.0,0.0
0.6201803546836335,0.0,0.248398426,0.402053563,0.0,0.0
0.6187070407230513,0.0,0.2706346625,0.4275373605,0.0,0.0
0.6564954285151248,0.0,0.3276564945,0.5093119695,0.0,0.0
0.7319997842680139,0.001152985,0.3565254565,0.585115037,0.0,0.0
0.7875002628787842,0.024023771,0.368234897,0.633186225,0.0,0.0
0.7923194739408926,0.053225058,0.362772938,0.652273522,0.0,0.0
0.7915291192997288,0.08084542950000001,0.3685449185,0.6029179815,0.0,0.0
0.7897397915367776,0.085075068,0.358810431,0.562850867,0.0,0.0
0.7932296595693419,0.0339329045,0.3666490615,0.5906331745,0.0,0.0
0.8097580245613233,0.0,0.390921552,0.637639247,0.0,0.0
0.8119575942468802,0.0,0.394288982,0.6058858665,0.0,0.0
0.7792230960838573,0.0,0.369598875,0.52349797,0.0,0.0
0.7198219359195087,0.0,0.3190554295,0.420044028,0.0,0.0
0.6829139780119853,0.0,0.21457580066666668,0.293640941,0.0,0.0
0.6840794771006721,0.0,0.15513639833333334,0.21716269566666666,0.0,0.0
0.8491428948087046,0.0,0.1706916295,0.22297586149999998,0.0,0.0
0.9451885156760061,0.0038286265,0.1324245325,0.171058809,0.0,0.0
0.9575001624213487,0.153417182,0.099833325,0.130409593,0.0,0.0
0.9534452000583816,0.25547228,0.079152682,0.108843214,0.0,0.0
0.9476836168257008,0.34625146149999997,0.057784495500000005,0.0966439795,0.0,0.0
0.9469369243952376,0.2353294755,0.08671841899999999,0.13643481899999998,0.0,0.0
0.9565825700934101,0.012927297,0.1128456265,0.160600782,0.0,0.0
0.9473068263293482,0.0,0.10278252966666668,0.14484249400000002,0.0,0.0
0.8244107887800409,0.0,0.0790534255,0.11308367050000001,0.0,0.0
0.7555253502539963,0.0,0.074926649,0.103083038,0.0,0.0
0.6820408404106264,0.0,0.072264811,0.09824701300000001,0.0,0.0
0.6896460434819105,0.0,0.066376469,0.093374072,0.0,0.0
0.8491519472597417,0.0,0.06501014799999999,0.09202793749999999,0.0,0.0
0.9449707532558993,0.003010064,0.075376727,0.0961249985,0.0,0.0
0.9579440081766312,0.160526756,0.079678122,0.088598296,0.0,0.0
0.9535326616752922,0.28620851049999996,0.0585989235,0.0694548125,0.0,0.0
0.9483309148257262,0.3145593875,0.0723474505,0.09440393650000001,0.0,0.0
0.9502578128958539,0.211279722,0.114978591,0.143284716,0.0,0.0
0.958013730547971,0.011831951,0.172337822,0.2007169905,0.0,0.0
0.9613146394880485,0.0,0.226751578,0.252617506,0.0,0.0
0.9420485853765689,0.0,0.23086365450000002,0.2972589315,0.0,0.0
0.823821097435256,0.0,0.244456085,0.3304500445,0.0,0.0
0.7313219683681047,0.0,0.324504781,0.415596466,0.0,0.0
0.6785227405373696,0.0,0.3629293715,0.4888669565,0.0,0.0
0.6750045339275922,0.0,0.46342445366666657,0.5902550306666666,0.0,0.0
0.7997395812813153,0.0,0.56820214,0.672314506,0.0,0.0
0.9082643654282911,0.0,0.6465265115000001,0.748798732,0.0,0.0
0.9468919363081094,0.004877725,0.740819238,0.818850997,0.0,0.0
0.9504781812874323,0.129391946,0.789471935,0.850620407,0.0,0.0
0.9459949178811686,0.206481873,0.814283256,0.856888825,0.0,0.0
0.9428535245097946,0.15392721799999998,0.8590819169999999,0.8858758685,0.0,0.0
0.941878325600936,0.113066782,0.8928996815,0.91498369,0.0,0.0
0.9465311172468642,0.004629331,0.9033718669999999,0.927347343,0.0,0.0
0.9357946325319103,0.0,0.9204622086666667,0.9355485433333333,0.0,0.0
0.8121186643759668,0.0,0.923839489,0.9369673685,0.0,0.0
0.7110523004930209,0.0,0.9154841524999999,0.9374013235,0.0,0.0
0.6545465622184581,0.0,0.902092742,0.9358535585,0.0,0.0
0.6562502953184123,0.0,0.9160464823333333,0.935459693,0.0,0.0
0.8304343453512459,0.0,0.904811121,0.937293626,0.0,0.0
0.9258603742050293,0.0,0.8850798790000001,0.937326194,0.0,0.0
0.9429147887705566,0.006486218,0.868964731,0.937229491,0.0,0.0
0.9410855478165523,0.013723198499999999,0.808178647,0.9356583635,0.0,0.0
0.938753985646227,0.0155833395,0.8319594235,0.9353089375000001,0.0,0.0
0.9371378436541415,0.005107107999999999,0.8663297815,0.9360237135,0.0,0.0
0.9401748135547068,0.0,0.89856215,0.937010374,0.0,0.0
0.926207904129718,0.0,0.9008992276666667,0.9372820746666667,0.0,0.0
0.8079697483581016,0.0,0.89557692,0.9372478575000001,0.0,0.0
0.690605202556095,0.0,0.8406746900000001,0.9348712326666666,0.0,0.0
0.6386234713848533,0.0,0.8174144843333333,0.9313416113333334,0.0,0.0
0.71197505905684,0.0,0.791046784,0.9248441005,0.0,0.0
0.895733935199261,0.0006156046666666667,0.7836843516666666,0.921867911,0.0,0.0
0.9260834858379092,0.063356086,0.79969635,0.921012341,0.0,0.0
0.9247212248045938,0.133352046,0.769777187,0.909202501,0.0,0.0
0.9228512628955828,0.19035177766666667,0.7701613956666667,0.899011066,0.0,0.0
0.9206405681604524,0.061111096,0.720507124,0.8879416535,0.0,0.0
0.9254584074904293,0.0,0.723516594,0.892042526,0.0,0.0
0.9149776172765453,0.0,0.7092860866666667,0.890630421,0.0,0.0
0.8066149852897607,0.0,0.6893155120000001,0.883185157,0.0,0.0
0.7298503689054656,0.0,0.649391803,0.860917879,0.0,0.0
0.6512175585217166,0.0,0.612270903,0.8497217930000001,0.0,0.0
0.6226371999506491,0.0,0.5961499567499999,0.8252367365,0.0,0.0
0.6626315010112129,0.0,0.518634321,0.76681058,0.0,0.0
0.7461709154762262,0.00106232,0.4894389645,0.7230846385,0.0,0.0
0.7918572945252601,0.152046536,0.459961422,0.6971629035,0.0,0.0
0.792812056877271,0.2850810615,0.43973925199999997,0.6765609275,0.0,0.0
0.7909128648679712,0.199592214,0.392821218,0.6195086995,0.0,0.0
0.8074406811522361,0.005713984,0.3768605975,0.5679391764999999,0.0,0.0
0.8175279781464266,0.0,0.4243360565,0.592424399,0.0,0.0
0.7665672418094459,0.0,0.4808404886666666,0.6479417726666666,0.0,0.0
0.6764222222934774,0.0,0.497280429,0.689310136,0.0,0.0
0.6262008594351217,0.0,0.5638463355000001,0.7445924145,0.0,0.0
0.6491853378522476,0.0,0.628432546,0.8531397513333333,0.0,0.0
0.74625903995703,0.0,0.642836194,0.8899036339999999,0.0,0.0
0.7863329502725712,0.003685347,0.630444838,0.894071604,0.0,0.0
0.7913505385347068,0.0097386315,0.5721937615,0.8720984675000001,0.0,0.0
0.7906509373851509,0.0145028355,0.5564984445,0.8379445065,0.0,0.0
0.7922336125171077,0.0046146155000000005,0.4506444415,0.7560543905,0.0,0.0
0.8097305927428732,0.0,0.392243432,0.730418963,0.0,0.0
0.8050953878617716,0.0,0.38142818799999995,0.7127578673333334,0.0,0.0
0.7474001781721067,0.0,0.374126028,0.601313312,0.0,0.0
0.6773969488216984,0.0,0.3388089636666667,0.5117186993333332,0.0,0.0
0.647668437859403,0.0,0.37407675549999997,0.59389984,0.0,0.0
0.6609136787152996,0.0,0.494855485,0.6794372685000001,0.0,0.0
0.8129994980433997,0.0,0.6332612815,0.7958262955,0.0,0.0
0.8899742873943809,0.000519852,0.7063049745000001,0.892472406,0.0,0.0
0.8984020087211002,0.057189244,0.738331569,0.913362531,0.0,0.0
0.8959780930146822,0.0880341625,0.7771516525,0.9052164629999999,0.0,0.0
0.8951866412058199,0.086424806,0.8154970260000001,0.9205190076666666,0.0,0.0
0.8988987979707168,0.009748976,0.805386715,0.925397348,0.0,0.0
0.9066742378154615,0.0,0.804943873,0.925770207,0.0,0.0
0.9034003491568533,0.0,0.7717947660000001,0.9112802326666668,0.0,0.0
0.8076638384921788,0.0,0.723725829,0.8912280695,0.0,0.0
0.731429249459353,0.0,0.770365538,0.886158423,0.0,0.0
0.6704528663466386,0.0,0.806082674,0.8990643684999999,0.0,0.0
0.648360243910915,0.0,0.8576549849999999,0.9241529315,0.0,0.0
0.6632214666726961,0.0,0.8661397605,0.933749229,0.0,0.0
0.8386085973057229,0.0,0.867636988,0.9352515325,0.0,0.0
0.9184579146960514,0.001252547,0.8769310645,0.9359508105000001,0.0,0.0
0.9284460916508228,0.220900365,0.880134426,0.936355179,0.0,0.0
0.9268577015009485,0.381725823,0.868448966,0.93591666,0.0,0.0
0.9228197469219039,0.44513905000000004,0.8891677713333334,0.9370520916666667,0.0,0.0
0.9252950971206951,0.270720552,0.904392369,0.937359155,0.0,0.0
0.9291432239500956,0.018139022,0.900126997,0.937066263,0.0,0.0
0.9364182172369842,0.0,0.891259045,0.936059156,0.0,0.0
0.9278994986476544,0.0,0.8366740476666666,0.9274470586666667,0.0,0.0
0.8092761399761705,0.0,0.711859601,0.8812422965,0.0,0.0
0.7398887003318864,0.0,0.573211847,0.8070197,0.0,0.0
0.6771201776171649,0.0,0.4809549705,0.747375849,0.0,0.0
0.6604224673624116,0.0,0.360370437,0.6742282485,0.0,0.0
0.6778744366846776,0.0,0.2627020355,0.5591597385,0.0,0.0
0.8611709886104997,0.0,0.2287862175,0.45408242099999996,0.0,0.0
0.9312444965463276,0.000827147,0.215145366,0.337665219,0.0,0.0
0.9407207054189615,0.13451606,0.24049224,0.308137879,0.0,0.0
0.9311727167625918,0.260274026,0.23523196600000001,0.291094618,0.0,0.0
0.925746898208863,0.35620363099999997,0.24412431950000002,0.3206911335,0.0,0.0
0.925963243264096,0.229375027,0.258392311,0.351896268,0.0,0.0
0.9371033710899873,0.0068038115,0.30000318400000003,0.4218754865,0.0,0.0
0.9313145999337262,0.0,0.38079008166666667,0.5267973536666667,0.0,0.0
0.7867077899567944,0.0,0.43092127966666666,0.616141186,0.0,0.0
0.6761726847691343,0.0,0.4217750045,0.6144263945,0.0,0.0
0.6560139097351164,0.0,0.406128468,0.5815109995000001,0.0,0.0
0.6709371511843194,0.0,0.372722236,0.5514853,0.0,0.0
0.8534641280145986,0.0,0.3303974965,0.5520650385,0.0,0.0
0.9238552957273043,0.0,0.28182455100000003,0.5256838015,0.0,0.0
0.9338958215386691,0.0052492965,0.299760386,0.543728593,0.0,0.0
0.9311118640140372,0.012356543000000001,0.310963619,0.5199479315,0.0,0.0
0.9271178459623913,0.006208412999999999,0.3480484275,0.5312023189999999,0.0,0.0
0.9263519512887413,0.0005376615,0.4354877465,0.625656062,0.0,0.0
0.9244203898347461,0.0,0.558920349,0.746987715,0.0,0.0
0.8828583220103239,0.0,0.6675901283333333,0.8398691023333335,0.0,0.0
0.7561531030220616,0.0,0.7408624975,0.8701784575,0.0,0.0
0.6630535081300084,0.0,0.7096494136666666,0.8929426086666666,0.0,0.0
0.6557968330943681,0.0,0.5052912233333333,0.7619678919999999,0.0,0.0
0.8152812258401569,0.0,0.27330763150000004,0.5100614915,0.0,0.0
0.9028174242658478,0.0,0.251774226,0.39873920949999997,0.0,0.0
0.9138222220995308,0.025496715,0.284540916,0.357424781,0.0,0.0
0.9109034832160867,0.036790979,0.404386477,0.453259315,0.0,0.0
0.9061779974222024,0.030174404,0.5241275875,0.53996993,0.0,0.0
0.9027427642682626,0.004979107,0.743383077,0.785122812,0.0,0.0
0.9000277975046819,0.0,0.841768481,0.909301351,0.0,0.0
0.9022001183486812,0.0,0.851954218,0.921171667,0.0,0.0
0.8932224359408844,0.0,0.8111143173333333,0.9218508413333334,0.0,0.0
0.8074949045929735,0.0,0.8305468069999999,0.9298868929999999,0.0,0.0
0.7304224582745098,0.0,0.833055675,0.927747722,0.0,0.0
0.6508174892076319,0.0,0.8417481395,0.930459403,0.0,0.0
0.6216228421659167,0.0,0.7589449235,0.9047784702499999,0.0,0.0
0.6642670737818,0.0,0.7510378325,0.8862652,0.0,0.0
0.746115709073514,0.0,0.7815527245,0.9093703925000001,0.0,0.0
0.7890966082872236,0.03138481,0.802463019,0.916369598,0.0,0.0
0.7912297474018177,0.079590018,0.8336172195,0.9196376535,0.0,0.0
0.7878748435563175,0.10556869199999999,0.874743342,0.9306895104999999,0.0,0.0
0.7868858830311709,0.044751171,0.8838912065,0.9325730004999999,0.0,0.0
0.8028065430417781,0.0,0.904814894,0.931742318,0.0,0.0
0.801301575887234,0.0,0.9170564423333333,0.9276607723333333,0.0,0.0
0.7491277844550256,0.0,0.90745305,0.908996553,0.0,0.0
0.6764959222940998,0.0,0.847734531,0.8945170330000001,0.0,0.0
0.6328688679798995,0.0,0.6913512715,0.8689389839999999,0.0,0.0
0.6198833449366448,0.0,0.503851453,0.7618295553333333,0.0,0.0
0.6626552752241415,0.0,0.4564760795,0.6715227404999999,0.0,0.0
0.7469805865910741,0.0,0.434429398,0.628276717,0.0,0.0
0.789609033514311,0.090533303,0.434108357,0.633649932,0.0,0.0
0.7932682469582879,0.262441166,0.5399864059999999,0.689681812,0.0,0.0
0.7904936771936889,0.21864864166666667,0.6367548493333334,0.711742113,0.0,0.0
0.7995046740304175,0.0076611,0.659726746,0.788522207,0.0,0.0
0.8151993878270379,0.0,0.669770782,0.835309043,0.0,0.0
0.814144027152757,0.0,0.738548318,0.8825696456666666,0.0,0.0
0.7541075627198872,0.0,0.798656979,0.8889784114999999,0.0,0.0
0.6817222358353132,0.0,0.8646910936666666,0.9182204306666666,0.0,0.0
0.6607188903743983,0.0,0.87887168775,0.9315739425,0.0,0.0
0.8459860482881114,0.0,0.8682082105,0.9313404860000001,0.0,0.0
0.9199688101185928,0.0,0.8601699425,0.932570848,0.0,0.0
0.9290773877939125,0.138347858,0.850567361,0.931100682,0.0,0.0
0.9292130835169449,0.319720643,0.848722205,0.925909201,0.0,0.0
0.9250109956428451,0.3611096626666667,0.8312283673333333,0.920555278,0.0,0.0
0.9256039787632339,0.200136434,0.794252685,0.918578665,0.0,0.0
0.928472791858984,0.009858272,0.799838719,0.920669808,0.0,0.0
0.9346899251251599,0.0,0.810068962,0.924763978,0.0,0.0
0.9236084708242465,0.0,0.831033995,0.9288277959999999,0.0,0.0
0.8079362357909101,0.0,0.8507929395,0.9317315755,0.0,0.0
0.7375635387854229,0.0,0.860717548,0.9305715,0.0,0.0
0.6755875425777196,0.0,0.8345600055,0.9309445675,0.0,0.0
0.6550076367122942,0.0,0.7910491046666666,0.9194210586666666,0.0,0.0
0.6880197289556245,0.0,0.711401628,0.889136035,0.0,0.0
0.8548012432514949,0.0,0.647205095,0.8637640950000001,0.0,0.0
0.9240011412424866,0.0,0.590069787,0.8373026995,0.0,0.0
0.9346976061413473,0.095767931,0.557400173,0.829207336,0.0,0.0
0.9313178307418056,0.253748731,0.570527056,0.845069213,0.0,0.0
0.9286591754018275,0.3109783363333333,0.5154574516666667,0.81276195,0.0,0.0
0.9282963142877414,0.231900665,0.483865883,0.790515671,0.0,0.0
0.9308953816889746,0.011384519,0.465677444,0.774359503,0.0,0.0
0.9366832994733131,0.0,0.428331548,0.736456578,0.0,0.0
0.9251637295220815,0.0,0.3573277953333333,0.6236771390000001,0.0,0.0
0.8090091375229549,0.0,0.315643346,0.5155850265,0.0,0.0
0.737851709405775,0.0,0.284638916,0.44527754,0.0,0.0
0.6699435119405237,0.0,0.256226034,0.3883975003333333,0.0,0.0
0.6663371503537937,0.0,0.238797169,0.348305574,0.0,0.0
0.856737193698339,0.0,0.2551773465,0.38856184699999996,0.0,0.0
0.9279604580460226,0.0,0.243225252,0.3927836135,0.0,0.0
0.9396113652731332,0.073682233,0.23867187,0.375706658,0.0,0.0
0.9371525654160331,0.2174082195,0.2094148635,0.29894936149999995,0.0,0.0
0.9354210729922781,0.19913029100000001,0.16396157649999998,0.228768168,0.0,0.0
0.9374188820403434,0.0585735275,0.18767573850000002,0.2663568795,0.0,0.0
0.9463880149729833,0.0,0.234748581,0.333906299,0.0,0.0
0.9350291950527568,0.0,0.25672127800000005,0.376027751,0.0,0.0
0.8143352416968055,0.0,0.2595443845,0.37442857900000004,0.0,0.0
0.7477939381278148,0.0,0.213657095,0.287757339,0.0,0.0
0.6830053410054195,0.0,0.20805542100000002,0.2744961795,0.0,0.0
0.6745501877859297,0.0,0.215861981,0.31129642975,0.0,0.0
0.866198452348087,0.0,0.25665163150000003,0.4113998375,0.0,0.0
0.936188156272526,0.0,0.2916106415,0.4927939255,0.0,0.0
0.9472074015514025,0.044993272,0.326600536,0.55404153,0.0,0.0
0.9451112494839881,0.127890045,0.331205524,0.566919368,0.0,0.0
0.942454087687322,0.18042580966666666,0.3364818090000001,0.528201985,0.0,0.0
0.9425486662779217,0.072255916,0.34879472050000004,0.5767069389999999,0.0,0.0
0.9510963559360766,0.0,0.4134059895,0.6712222999999999,0.0,0.0
0.9322144377308597,0.0,0.4487761385,0.718136128,0.0,0.0
0.8148196407649835,0.0,0.4439726075,0.7109272865,0.0,0.0
0.7477939381278148,0.0,0.410749997,0.674479567,0.0,0.0
0.6829845842761699,0.0,0.3587901915,0.628439304,0.0,0.0
0.6732683246959688,0.0,0.37083784025,0.635772218,0.0,0.0
0.8613191200733925,0.0,0.373060624,0.6227136099999999,0.0,0.0
0.9305228127910947,0.0,0.39364044249999997,0.6227343325,0.0,0.0
0.9434266653642478,0.078128231,0.382197067,0.621651464,0.0,0.0
0.9435948220204219,0.220260236,0.353088329,0.577572617,0.0,0.0
0.9425377240318262,0.24553742033333334,0.32482716333333334,0.523128442,0.0,0.0
0.9432628977752432,0.157335704,0.299083688,0.508341015,0.0,0.0
0.9442117622810848,0.007743783,0.2888926,0.506527658,0.0,0.0
0.9497400841630563,0.0,0.285441501,0.505228281,0.0,0.0
0.9367988786384852,0.0,0.3009916093333333,0.5276057806666667,0.0,0.0
0.8137118093238345,0.0,0.309553938,0.562185495,0.0,0.0
0.7452492312141873,0.0,0.268164303,0.490756564,0.0,0.0
0.6577670048032276,0.0,0.23998516949999998,0.4328672695,0.0,0.0
0.6413773394470474,0.0,0.20541489340000002,0.3807342272,0.0,0.0
0.7419587311472702,0.0,0.2139069623333333,0.44932691033333333,0.0,0.0
0.8054808650783373,0.03532883,0.241897393,0.503359457,0.0,0.0
0.8093075035681996,0.1109472385,0.25178533599999997,0.5495163925,0.0,0.0
0.8091707105783748,0.13807598399999998,0.318598816,0.5650355295,0.0,0.0
0.8135153522663735,0.041311718500000004,0.288305351,0.563017512,0.0,0.0
0.8309747508815388,0.0,0.358519111,0.601503758,0.0,0.0
0.8270602087911835,0.0,0.4912437743333333,0.7004399996666667,0.0,0.0
0.7589791911620231,0.0,0.5758654555,0.7684887745,0.0,0.0
0.6998037715670382,0.0,0.628659782,0.822495539,0.0,0.0
0.6564884791835465,0.0,0.713071285,0.854331043,0.0,0.0
0.63736708175769,0.0,0.7684223535,0.8714467539999999,0.0,0.0
0.636608890842278,0.0,0.7706907555,0.866080078,0.0,0.0
0.6831857962059449,0.0,0.773084774,0.8678635865,0.0,0.0
0.7654126239250097,0.0,0.7757392215000001,0.874959833,0.0,0.0
0.8113708746787112,0.0732963975,0.7156745935,0.858939116,0.0,0.0
0.8145546957984842,0.13227287100000001,0.630275082,0.8124787855,0.0,0.0
0.8150798310078098,0.061894013,0.468996028,0.7008996685,0.0,0.0
0.829207048579315,0.001500927,0.315043258,0.538819334,0.0,0.0
0.8293050103844178,0.0,0.20399573199999999,0.37214247333333333,0.0,0.0
0.7623150299598456,0.0,0.113370898,0.22439710899999998,0.0,0.0
0.6946342417557444,0.0,0.056603314999999994,0.10162571066666666,0.0,0.0
0.6853072654155241,0.0,0.06489909549999999,0.066663269,0.0,0.0
0.8721229802939987,0.0,0.07386506949999999,0.07809925749999999,0.0,0.0
0.9405046803874895,0.0,0.085335328,0.095475594,0.0,0.0
0.9514921504878093,0.062257282,0.085411291,0.100991693,0.0,0.0
0.9501192368103313,0.212148222,0.087755219,0.09414769649999999,0.0,0.0
0.9485073924712893,0.216725311,0.092281962,0.07776293249999999,0.0,0.0
0.9494771964603121,0.0527478845,0.1352723045,0.1138105515,0.0,0.0
0.9550340474275261,0.0,0.195561111,0.173334297,0.0,0.0
0.9407571897132222,0.0,0.22782359466666668,0.22355664100000003,0.0,0.0
0.8158823013650731,0.0,0.248565377,0.263607085,0.0,0.0
0.7477939381278148,0.0,0.269728225,0.29665453,0.0,0.0
0.6827812921176278,0.0,0.247704873,0.295151302,0.0,0.0
0.671416646813649,0.0,0.21566708575,0.25041428025,0.0,0.0
0.8614372137463636,0.0,0.252034263,0.288642222,0.0,0.0
0.9298757433263839,0.0,0.2855639475,0.418135519,0.0,0.0
0.9413010699216909,0.00691204,0.308202218,0.498374714,0.0,0.0
0.9386716447067749,0.013419612,0.350820013,0.586677972,0.0,0.0
0.9370440728274954,0.022815821,0.3076455585,0.574888442,0.0,0.0
0.9352063736885927,0.0163062835,0.285423153,0.6012052495,0.0,0.0
0.9382609912719617,0.0008754695,0.3015977995,0.606796922,0.0,0.0
0.938113774173289,0.0,0.364996792,0.6471894895,0.0,0.0
0.867978179026605,0.0,0.47012537050000003,0.708775288,0.0,0.0
0.7823718045176336,0.0,0.536464736,0.745403212,0.0,0.0
0.7106921215536182,0.0,0.6344955834999999,0.794613502,0.0,0.0
0.6610688281075252,0.0,0.714275929,0.8577101469999999,0.0,0.0
0.6652290445216261,0.0,0.8174214810000001,0.9104955966666667,0.0,0.0
0.8547683251734033,0.0,0.826867971,0.9270696615,0.0,0.0
0.9284625506527083,0.0023154673333333335,0.7921231000000001,0.9275572950000001,0.0,0.0
0.9366353853166318,0.017881159,0.6528733035000001,0.902917863,0.0,0.0
0.9369135433403435,0.020084329,0.5725699675,0.8720225404999999,0.0,0.0
0.9377839530475693,0.0059418175,0.4930148345,0.8073020685000001,0.0,0.0
0.9435282542539497,0.0,0.45496429,0.77302324,0.0,0.0
0.9301542975275213,0.0,0.40209719899999996,0.7247894989999999,0.0,0.0
0.8092140070582514,0.0,0.34670127900000003,0.6617385675,0.0,0.0
0.7385553796730597,0.0,0.348896939,0.641364005,0.0,0.0
0.6761838403396301,0.0,0.33252152300000004,0.5829721535,0.0,0.0
0.6625109155972673,0.0,0.30920316174999996,0.526301695,0.0,0.0
0.8477353256645002,0.0,0.358803942,0.5673812275000001,0.0,0.0
0.9204171822108742,0.0,0.3537245155,0.5776867379999999,0.0,0.0
0.9318957264685728,0.0310386805,0.3558688115,0.6180955669999999,0.0,0.0
0.9306064034037628,0.06474141866666666,0.34331638000000003,0.6101243013333333,0.0,0.0
0.9307934727755114,0.0199026265,0.3568268525,0.6337480685000001,0.0,0.0
0.9377886163571164,0.0,0.366679753,0.669151139,0.0,0.0
0.9247991005727587,0.0,0.3849761683333333,0.683807475,0.0,0.0
0.8078395388947107,0.0,0.399457281,0.690294439,0.0,0.0
0.7103157121476447,0.0,0.422985325,0.704165956,0.0,0.0
0.6591549373756664,0.0,0.443016168,0.712628611,0.0,0.0
0.6615280738233741,0.0,0.42655081066666667,0.7131195506666667,0.0,0.0
0.8440661453309455,0.0,0.423691641,0.731722387,0.0,0.0
0.9213962520496551,0.0016258193333333335,0.44960523366666666,0.7694446629999999,0.0,0.0
0.9276171953277759,0.015115433499999999,0.49322298750000004,0.794127763,0.0,0.0
0.9268215829622852,0.008515403000000001,0.5586276457499999,0.840399185,0.0,0.0
0.9337985760090736,0.0,0.627771944,0.877946496,0.0,0.0
0.9215861407915966,0.0,0.6405425100000001,0.86723141,0.0,0.0
0.8072545110081137,0.0,0.5790940605,0.8133437545,0.0,0.0
0.7380921945534016,0.0,0.51164325,0.749086957,0.0,0.0
0.6534808156855756,0.0,0.487086958,0.7361619075,0.0,0.0
0.6303812648694997,0.0,0.3682738085,0.673777098,0.0,0.0
0.6305334882664928,0.0,0.303801579,0.629453335,0.0,0.0
0.6800963632182893,0.0,0.29322018699999997,0.5566652105000001,0.0,0.0
0.7634767191852285,0.0,0.24860042899999998,0.441442578,0.0,0.0
0.8069632771226991,0.010567395,0.174004925,0.32283509,0.0,0.0
0.8108941564780796,0.0692139295,0.119906241,0.207026558,0.0,0.0
0.8099640065495528,0.08136629966666667,0.07833962566666668,0.10939568766666667,0.0,0.0
0.8262702961336024,0.0017068705,0.0807363245,0.0963351115,0.0,0.0
0.8263355532097875,0.0,0.07634228533333333,0.08661488099999999,0.0,0.0
0.7604985904765259,0.0,0.084772627,0.07304369599999999,0.0,0.0
0.6728482911685137,0.0,0.105327761,0.085041619,0.0,0.0
0.6334052617306735,0.0,0.13517672,0.1593738845,0.0,0.0
0.6774556908701106,0.0,0.13232093849999998,0.19675873500000002,0.0,0.0
0.7603524478282742,0.0,0.111003741,0.196900943,0.0,0.0
0.8052513525986346,0.009043114,0.102079038,0.192918099,0.0,0.0
0.8092662187936559,0.04461465,0.0975225155,0.2044412795,0.0,0.0
0.8106085461221363,0.049058559,0.087532316,0.143021319,0.0,0.0
0.818650074130197,0.022119351500000002,0.1014937525,0.1256570275,0.0,0.0
0.8355350976515687,0.0,0.136857011,0.163006999,0.0,0.0
0.830513196401608,0.0,0.16127157166666664,0.218022694,0.0,0.0
0.7652416326877289,0.0,0.1745873865,0.2499218205,0.0,0.0
0.7005303930228367,0.0,0.14843532566666665,0.2535086856666667,0.0,0.0
0.6795735672691944,0.0,0.17452754033333337,0.29599102299999996,0.0,0.0
0.7194144142731922,0.0,0.216808961,0.352984945,0.0,0.0
0.8749435592093067,0.0,0.2231374795,0.3942477055,0.0,0.0
0.9439805124870676,0.0,0.2480039055,0.416556407,0.0,0.0
0.9534025894817308,0.034028427,0.301699038,0.40450418,0.0,0.0
0.9506579508076931,0.171859716,0.3370486,0.356831383,0.0,0.0
0.9471916740111649,0.306858587,0.408065,0.383689312,0.0,0.0
0.9426003293799299,0.32702883250000003,0.520701051,0.473246043,0.0,0.0
0.9419553174019355,0.198558578,0.594408432,0.604379413,0.0,0.0
0.9442117622810848,0.010794818,0.610509921,0.640040367,0.0,0.0
0.9515269887827875,0.0,0.624544549,0.677589361,0.0,0.0
0.9373296221168209,0.0,0.648464566,0.7391916510000001,0.0,0.0
0.8389655301518114,0.0,0.670365793,0.812294726,0.0,0.0
0.7614219662714956,0.0,0.758888884,0.876193879,0.0,0.0
0.6687008229125772,0.0,0.815872819,0.9186546276666667,0.0,0.0
0.6599643265931326,0.0,0.8553258416666667,0.9320523553333334,0.0,0.0
0.8377518121679167,0.0,0.857831454,0.9354127210000001,0.0,0.0
0.9148551192263965,0.0,0.8506662985,0.935279492,0.0,0.0
0.9217955365152513,0.065834772,0.849890347,0.935046224,0.0,0.0
0.920208838046949,0.2213852935,0.8474085650000001,0.93295777,0.0,0.0
0.9180481451788566,0.24158238299999998,0.8292530290000001,0.9274492853333333,0.0,0.0
0.9198968932136682,0.010607236,0.842978971,0.930039242,0.0,0.0
0.9262431387507628,0.0,0.842547188,0.931379844,0.0,0.0
0.9153622714686961,0.0,0.8503559959999999,0.9309214766666667,0.0,0.0
0.7817944271015281,0.0,0.8470230616666666,0.9248424983333333,0.0,0.0
0.6610951054696141,0.0,0.8029253555000001,0.8980220635,0.0,0.0
0.6636960818281892,0.0,0.7267939569999999,0.8470083895,0.0,0.0
0.8335621142275207,0.0,0.6772871285,0.7764630205,0.0,0.0
0.9131204264163901,0.0,0.597117276,0.697920492,0.0,0.0
0.9222598646830852,0.049761905,0.540026806,0.65245515,0.0,0.0
0.9205953057566261,0.21707193149999998,0.41522947600000004,0.538238979,0.0,0.0
0.9176131537858983,0.1602352375,0.48085071300000004,0.6504267045000001,0.0,0.0
0.9155860384095592,0.0324732385,0.567377842,0.7562982899999999,0.0,0.0
0.9201033629420902,0.0,0.617959327,0.820574253,0.0,0.0
0.9101802907066276,0.0,0.6621079433333333,0.844565046,0.0,0.0
0.8080134104944818,0.0,0.679610132,0.864796575,0.0,0.0
0.7329958771016314,0.0,0.641671083,0.857749389,0.0,0.0
0.6706268065441643,0.0,0.6909503845,0.885472285,0.0,0.0
0.6549276236001136,0.0,0.68338527025,0.8860684619999999,0.0,0.0
0.8186556062455421,0.0,0.671713064,0.8843795830000001,0.0,0.0
0.905776625122382,0.0,0.617566802,0.866540853,0.0,0.0
0.9171281145215573,0.008987256,0.590350881,0.85580822,0.0,0.0
0.9164395775283716,0.061060581,0.5885945404999999,0.870244623,0.0,0.0
0.9143537581804527,0.05105313,0.6268561823333334,0.8832750786666668,0.0,0.0
0.9161135967621047,0.0025041805,0.6075982355,0.8706882165000001,0.0,0.0
0.9107659891864422,0.0,0.601252271,0.8496895173333333,0.0,0.0
0.7816220032636858,0.0,0.6803948439999999,0.8672585760000001,0.0,0.0
0.6703299720942907,0.0,0.7131040515,0.8836426015000001,0.0,0.0
0.6478485578748,0.0,0.6386911553333333,0.8393653919999999,0.0,0.0
0.678544434521531,0.0,0.563473918,0.791151129,0.0,0.0
0.8342955479680292,0.0,0.50524118,0.7266834685000001,0.0,0.0
0.9159883708549832,0.0,0.4167706075,0.6136318175,0.0,0.0
0.9239412485652152,0.08549285699999999,0.37823931499999996,0.5831244835,0.0,0.0
0.9201949850165351,0.198979155,0.391159193,0.609025204,0.0,0.0
0.918559732269709,0.1930251465,0.418569506,0.596319464,0.0,0.0
0.9190070070208778,0.0508549635,0.341270388,0.5668672164999999,0.0,0.0
0.9264952822465777,0.0,0.35584422,0.579291845,0.0,0.0
0.9096637507042953,0.0,0.3857198205,0.5551851245,0.0,0.0
0.8307533766372938,0.0,0.439032749,0.633796691,0.0,0.0
0.7566218889291401,0.0,0.5006176875,0.7137047944999999,0.0,0.0
0.6509836571234853,0.0,0.49153741900000003,0.7584080405,0.0,0.0
0.6219027032422255,0.0,0.5048561035,0.7655817030000001,0.0,0.0
0.6196826054370543,0.0,0.47362072450000003,0.729746703,0.0,0.0
0.6607902586459267,0.0,0.44624943149999996,0.7136433725,0.0,0.0
0.7442770041562652,0.0,0.46803272,0.7290323274999999,0.0,0.0
0.7856166156557908,0.005777266,0.464619068,0.740255274,0.0,0.0
0.7911120194596708,0.0190182115,0.4567271745,0.637600419,0.0,0.0
0.7896865282416439,0.0290723785,0.5283418445,0.736005171,0.0,0.0
0.7919977908276693,0.00726383,0.5684657799999999,0.6648235955,0.0,0.0
0.8097305927428732,0.0,0.545020181,0.69679261,0.0,0.0
0.8117008329256198,0.0,0.517152177,0.708899975,0.0,0.0
0.7913288522055493,0.0,0.48896397500000005,0.6284375990000001,0.0,0.0
0.7108016199205021,0.0,0.667305021,0.6298888385,0.0,0.0
0.6510309997560786,0.0,0.732713881,0.767015035,0.0,0.0
0.6238249835612282,0.0,0.7661804435,0.857003764,0.0,0.0
0.6240326190798767,0.0,0.7586024995,0.8875436305,0.0,0.0
0.6674523579735099,0.0,0.7624081835000001,0.8551157065,0.0,0.0
0.748537887391297,0.0,0.7967715019999999,0.807041127,0.0,0.0
0.7922079180872924,0.076239729,0.774193779,0.797660266,0.0,0.0
0.7954510833252612,0.289709086,0.741462079,0.804315776,0.0,0.0
0.795355620817043,0.366055378,0.72019771,0.803758044,0.0,0.0
0.7943912116735359,0.4061518635,0.6337999525,0.7517285954999999,0.0,0.0
0.7941606020013612,0.282975562,0.53693333,0.6658198,0.0,0.0
0.8044744853313811,0.020727988,0.433563897,0.565237765,0.0,0.0
0.8243607715039009,0.0,0.348526606,0.470222487,0.0,0.0
0.8296297718745238,0.0,0.268297582,0.346815357,0.0,0.0
0.8195320051387427,0.0,0.2134724545,0.2332419265,0.0,0.0
0.7579165078198827,0.0,0.1729106635,0.17709792600000002,0.0,0.0
0.6836165662729385,0.0,0.15465024800000002,0.18683776533333332,0.0,0.0
0.6643532780828774,0.0,0.19931450225,0.22273197575,0.0,0.0
0.8521859910164333,0.0,0.28771916799999997,0.37623145700000005,0.0,0.0
0.9182711959185328,0.0,0.32109073850000003,0.539283493,0.0,0.0
0.9251212713023073,0.005383347,0.394709877,0.630316382,0.0,0.0
0.9214601376414437,0.0562040225,0.459086067,0.693976755,0.0,0.0
0.9183575144129471,0.1397584335,0.5537386280000001,0.7455398124999999,0.0,0.0
0.9164590540139361,0.040450998,0.6950928025,0.844117126,0.0,0.0
0.9215788257291944,0.0,0.789051098,0.903177549,0.0,0.0
0.9208790415284255,0.0,0.820038682,0.917301521,0.0,0.0
0.9068462349797293,0.0,0.8525108395000001,0.927045325,0.0,0.0
0.808237299370393,0.0,0.9013880145,0.936051148,0.0,0.0
0.7085169889448834,0.0,0.9244613475000001,0.9346045765,0.0,0.0
